150 385 3
20 37 98 15 21 56 51 17 53 75 63 81 30 32 1 51 80 23 28 81 72 50 29 5 79 39 21 40 2 13 31 7 51 93 66 23 94 3 21 44 69 20 51 23 16 70 73 95 22 53 88 81 3 98 86 45 50 53 97 52 92 12 73 55 22 35 75 26 95 40 75 96 56 52 92 36 24 51 24 75 69 40 1 75 25 94 82 8 10 63 6 62 15 38 82 1 93 84 63 23 98 46 65 31 72 11 92 10 70 38 32 96 90 52 21 32 93 68 30 21 89 72 54 80 46 100 52 35 81 93 11 99 59 51 23 31 100 73 25 4 4 63 75 22 74 60 77 69 9 84
0 27
0 45
1 19
1 43
1 48
1 74
2 28
2 45
3 7
3 17
4 25
4 43
4 68
5 24
5 25
5 28
5 39
5 40
6 12
6 13
6 19
6 28
7 30
7 38
7 40
7 58
8 16
9 26
9 33
10 14
10 30
10 73
11 18
11 32
11 37
11 73
12 17
12 27
12 39
12 45
12 53
12 56
13 34
13 35
13 43
13 46
13 64
14 16
14 25
15 27
15 55
16 22
16 28
16 31
17 18
17 30
17 40
17 55
18 35
18 49
18 54
18 62
18 76
19 21
19 32
19 51
19 52
19 56
20 31
20 44
20 56
21 40
22 34
22 41
22 51
22 53
23 38
23 65
24 29
24 33
25 45
25 49
25 52
26 27
26 31
26 65
26 81
27 44
27 57
27 129
28 29
28 42
29 32
29 38
29 76
30 47
30 57
31 37
31 39
31 47
31 52
31 53
32 47
32 55
32 58
32 65
32 66
33 36
33 49
34 39
34 40
35 41
35 61
35 69
36 38
36 65
36 68
36 69
37 62
37 121
38 41
38 43
38 44
38 48
38 72
39 55
39 66
39 72
40 54
40 76
40 79
41 59
41 79
41 81
42 46
42 48
42 51
42 68
43 62
43 63
43 66
43 129
44 71
44 106
45 61
45 92
46 49
46 52
46 60
46 72
47 49
47 69
47 93
47 95
47 116
48 50
48 61
49 67
49 101
49 107
49 134
50 52
50 55
50 56
50 64
50 87
51 59
51 76
51 78
52 66
52 109
52 113
53 83
53 91
53 116
54 57
54 81
54 92
54 105
54 127
55 59
55 89
56 60
56 116
57 61
57 66
57 91
58 77
58 99
58 107
59 85
59 95
59 105
59 116
59 117
60 81
60 84
60 105
61 63
61 83
62 79
62 93
62 138
63 71
63 89
64 67
64 104
64 109
64 141
65 80
65 82
65 89
65 98
66 70
66 78
67 86
67 110
67 124
67 125
68 79
68 86
68 87
69 99
69 133
69 149
70 75
70 77
70 94
70 97
70 133
71 77
71 78
71 87
72 103
72 105
72 107
73 108
73 112
73 113
74 78
74 88
74 97
75 96
75 107
76 81
76 88
76 107
76 125
78 80
78 82
78 95
78 103
79 91
79 125
79 131
80 104
80 134
81 89
81 93
81 95
82 84
82 94
83 84
83 95
83 98
84 85
84 117
84 122
84 131
84 135
84 141
84 143
84 144
85 124
85 147
86 113
86 122
86 127
86 130
86 138
86 149
87 90
87 121
88 91
88 96
89 99
89 113
89 121
90 93
90 104
90 112
91 98
91 99
91 110
92 117
92 119
93 97
93 117
93 149
94 96
94 101
94 107
94 111
94 116
94 131
94 141
95 96
96 100
96 123
96 126
96 128
97 102
98 115
98 128
98 134
98 145
99 103
99 108
99 124
100 110
102 122
102 126
102 130
103 112
103 114
103 146
104 110
105 106
105 118
105 122
105 123
105 133
106 125
106 139
107 119
107 132
107 145
108 109
108 111
108 141
108 142
110 114
110 120
110 130
110 132
110 147
110 149
112 115
112 118
112 148
113 146
113 147
114 137
115 119
115 135
115 141
116 121
116 123
116 125
118 120
119 123
120 144
121 142
121 144
121 147
121 148
125 135
126 132
127 129
127 137
128 139
128 140
128 147
128 149
130 136
130 137
131 137
132 139
132 143
132 146
135 136
136 142
139 148
140 148
144 145
