100 160 7
1 999 1 37 212 129 621 1 9 48 29 34 14 3 43 43 59 25 33 53 3 4 34 43 1 25 5 27 464 1 14 76 46 54 22 5 68 68 94 39 52 84 377 1 12 66 40 47 20 5 60 60 82 34 46 73 4 5 445 1 27 152 92 107 44 577 1 6 31 19 22 9 2 28 28 39 16 22 35 2 3 22 28 1 16 3 18 29 25 39 35 22 4 27 18 29 38 32 11 340
44 47
43 44
73 40
16 54
91 96
78 40
67 12
85 19
16 92
11 94
17 91
43 81
3 27
50 53
63 24
63 65
72 19
0 31
30 85
18 94
59 9
47 48
72 28
50 42
52 57
43 84
35 85
76 25
69 86
74 77
4 20
2 90
33 22
85 38
79 25
66 77
54 56
37 21
48 78
73 85
29 36
77 42
60 75
19 54
14 95
10 22
90 95
7 64
9 56
11 25
69 88
44 89
17 90
49 58
30 94
32 76
86 22
47 97
87 26
15 87
11 87
7 28
8 49
71 89
69 39
35 57
37 89
62 40
45 22
70 40
84 91
91 99
45 96
7 22
12 36
81 98
12 90
9 32
89 25
11 13
67 26
61 24
0 76
68 91
62 85
79 93
85 64
44 12
88 95
9 41
17 58
80 52
20 24
49 83
70 71
69 57
69 92
29 34
70 13
36 55
0 96
49 93
49 81
51 39
74 57
30 87
46 36
30 22
73 14
23 98
47 42
2 50
12 35
68 94
8 97
14 21
18 95
12 42
72 64
35 92
3 11
5 89
57 96
36 18
19 95
78 81
22 23
49 90
41 99
68 80
59 52
29 40
61 77
63 88
0 28
15 16
59 39
34 92
69 82
43 32
44 14
10 50
70 21
59 40
79 98
32 48
49 27
72 36
37 28
43 89
64 42
74 5
9 14
9 15
81 82
43 23
30 10
63 53
80 17
43 5
