100 200 3
39 40 31 5 20 18 37 24 49 32 49 24 31 25 24 13 36 26 39 36 46 27 3 42 34 37 13 30 17 29 15 10 29 15 25 19 8 26 35 5 9 33 46 2 13 14 35 49 31 50 44 31 1 10 47 37 43 7 42 17 14 37 30 23 25 21 3 15 22 7 36 46 2 4 5 33 49 23 39 25 26 37 47 6 50 8 47 21 3 15 50 43 45 50 26 36 11 32 25 18
0 3
0 4
1 5
1 6
1 11
2 12
3 5
3 9
3 11
4 7
4 8
5 8
6 7
6 9
7 12
8 10
9 10
9 15
10 12
11 13
12 13
12 25
13 14
14 16
15 17
16 17
17 18
18 19
18 20
18 31
19 21
19 30
20 22
20 23
20 26
21 27
22 24
22 27
23 24
23 27
23 35
24 28
25 28
25 32
26 27
26 29
27 28
27 36
28 33
28 34
28 39
28 44
29 32
30 37
30 40
30 44
31 32
32 33
32 39
33 37
34 38
35 39
35 41
36 37
36 39
37 38
37 42
38 41
38 43
39 40
40 42
41 45
41 46
41 49
42 43
42 45
42 46
43 48
43 49
44 45
44 47
44 51
45 58
45 59
45 61
46 47
46 50
46 55
47 58
47 62
48 51
48 53
49 50
49 51
49 57
50 52
50 53
51 56
51 58
51 59
51 67
52 54
52 59
52 62
53 54
53 62
54 58
54 60
55 56
55 57
55 60
55 62
56 63
56 66
57 59
57 65
57 66
58 64
58 65
58 66
59 64
59 68
60 61
61 63
61 67
62 64
62 67
63 64
63 68
64 69
64 70
64 72
64 77
65 68
65 73
66 70
66 74
66 77
67 69
67 70
67 77
68 72
69 73
69 74
70 71
71 73
71 75
71 78
72 74
72 75
72 76
73 76
73 79
73 80
74 78
75 81
75 88
76 92
77 82
77 86
77 87
78 79
78 80
78 83
79 89
80 82
81 82
81 86
81 87
82 85
82 90
82 92
83 84
84 85
84 86
84 87
84 88
84 90
85 94
85 95
85 98
86 91
86 94
86 96
87 89
88 94
88 99
89 92
89 96
90 91
90 97
91 95
91 98
91 99
92 93
92 94
92 97
93 95
93 98
96 97
