100 120 15
1 999 1 62 937 1 17 96 59 68 28 6 87 87 119 432 1 27 152 92 107 44 577 1 24 133 81 94 39 9 619 1 47 265 687 1 999 1 19 106 65 75 31 7 96 96 504 1 19 106 65 75 31 7 96 96 504 1 15 81 50 58 24 6 73 73 101 42 56 420 1 31 177 107 125 559 1 24 133 81 94 39 9 619 1 17 96 59 68 28 6 87 87 119 432 1 999 1 62 937
21 75
7 93
37 68
47 50
17 67
31 83
23 30
89 13
63 22
72 46
2 56
24 93
0 64
90 94
95 11
25 73
71 11
57 29
57 88
42 53
97 54
85 75
16 13
88 54
89 11
5 87
73 56
11 22
61 82
5 62
70 74
35 13
89 92
2 4
45 68
85 22
5 79
0 4
47 13
3 30
5 30
95 91
6 87
7 40
0 59
13 93
84 3
52 67
81 66
76 53
76 85
51 65
87 13
50 45
51 69
77 4
52 34
92 14
95 49
60 55
76 19
78 64
86 30
10 91
39 90
79 74
90 22
51 13
7 89
35 65
53 56
95 89
11 83
89 93
16 92
38 53
50 67
71 42
71 52
98 75
8 44
78 52
47 30
19 55
8 10
3 8
31 99
70 42
25 79
63 12
85 34
48 11
17 46
18 54
0 18
32 64
95 6
52 69
76 74
31 13
93 69
73 14
60 81
25 46
6 60
77 34
2 18
85 82
72 14
35 1
33 46
91 92
18 89
54 15
97 53
9 94
77 20
76 3
24 33
23 78
