100 192 6
81 38 84 55 20 50 42 8 64 54 72 89 55 33 81 98 36 96 71 48 51 69 9 3 66 15 10 87 13 82 10 2 56 71 13 63 92 60 75 67 88 68 57 10 55 3 50 85 100 3 61 10 2 70 23 80 61 24 90 89 23 84 61 30 82 36 92 2 53 89 84 67 38 2 7 72 85 89 88 63 28 54 27 22 55 33 83 79 83 58 91 26 6 43 80 98 90 66 11 78
0 3
0 6
0 7
1 4
1 5
1 7
2 19
2 22
3 4
4 8
4 14
5 6
5 8
6 10
6 12
6 14
7 10
7 11
7 14
8 9
9 10
9 11
9 15
10 13
10 20
10 23
11 12
12 13
12 16
12 17
12 18
13 19
13 21
14 23
14 25
15 16
15 18
15 19
16 20
17 19
18 21
18 23
19 24
20 21
21 22
22 24
23 30
23 31
23 32
24 25
25 26
26 27
26 31
27 28
27 29
27 30
28 32
28 33
28 38
29 32
29 33
30 36
31 37
31 38
31 40
32 35
32 36
32 40
33 34
34 35
34 36
34 39
34 40
35 41
35 45
35 46
36 37
36 43
36 55
37 41
37 47
38 39
39 44
39 46
39 55
40 41
40 44
40 47
41 42
41 48
42 49
42 51
43 46
44 45
44 50
44 51
45 48
46 47
46 51
47 50
47 52
48 49
48 54
48 60
49 52
50 53
50 54
50 60
50 62
51 54
51 57
51 60
52 53
52 61
52 62
53 57
53 58
54 56
54 58
55 57
55 58
55 62
56 61
56 63
57 59
58 64
59 65
59 67
59 71
60 65
60 71
61 65
61 66
62 63
62 64
63 66
63 67
63 68
63 71
64 65
65 68
66 75
66 77
67 73
68 69
68 70
69 74
69 79
70 72
70 74
71 72
72 73
73 75
73 77
74 75
74 77
75 76
75 78
76 81
77 80
78 80
79 84
79 87
80 82
81 82
82 83
82 85
83 84
83 86
83 87
83 88
83 91
84 94
84 97
84 99
85 89
86 92
87 89
88 89
88 99
89 90
89 92
89 93
90 96
91 93
91 96
92 95
92 96
93 94
94 95
96 97
97 98
