100 649 2
2 5 9 16 4 3 18 1 15 1 6 2 3 14 2 9 6 1 2 8 18 9 1 4 15 3 10 1 2 6 10 5 2 5 10 1 5 4 2 11 8 1 1 3 10 2 3 2 3 1 11 4 5 4 9 4 4 1 4 2 1 6 5 1 10 1 6 2 3 9 4 2 24 15 6 4 5 7 2 26 14 8 1 2 1 1 1 2 5 16 5 10 6 1 1 3 15 3 1 5
0 2
1 2
2 4
5 6
2 7
2 8
2 10
6 11
3 12
9 12
4 13
6 13
10 13
9 14
14 15
2 16
10 16
0 17
9 17
5 18
11 18
16 18
12 20
19 20
3 21
11 21
1 22
12 22
15 22
5 23
8 23
6 24
17 24
11 25
13 25
19 25
22 25
23 25
0 26
23 26
24 26
4 27
7 27
10 27
14 27
21 27
24 27
0 30
10 30
14 30
15 30
21 30
22 30
25 30
28 30
11 31
12 31
16 31
23 31
2 32
18 32
20 32
10 33
12 33
29 33
3 34
29 34
3 35
19 35
28 35
1 36
4 36
5 36
8 36
18 36
20 36
27 36
30 36
19 37
29 37
33 37
36 37
0 38
1 38
2 38
11 38
12 38
16 38
32 38
35 38
3 39
6 39
22 39
26 39
27 39
32 39
37 39
11 40
14 40
30 40
0 41
12 41
15 41
17 41
22 41
23 41
29 41
32 41
2 42
5 42
7 42
8 42
23 42
28 42
33 42
1 43
24 43
10 44
11 44
15 44
24 44
25 44
26 44
27 44
31 44
41 44
26 45
37 45
40 45
44 45
2 46
5 46
13 46
14 46
15 46
16 46
20 46
31 46
41 46
24 47
31 47
34 47
18 48
23 48
27 48
34 48
36 48
46 48
47 48
12 49
19 49
22 49
30 49
34 49
36 49
46 49
48 49
19 50
42 50
47 50
0 51
19 51
29 51
47 51
50 51
9 52
12 52
22 52
28 52
29 52
32 52
13 53
26 53
27 53
29 53
40 53
6 54
16 54
24 54
33 54
37 54
40 54
0 55
3 55
8 55
31 55
47 55
54 55
2 56
3 56
18 56
21 56
24 56
28 56
32 56
45 56
4 57
15 57
21 57
29 57
35 57
45 57
51 57
56 57
5 58
7 58
21 58
49 58
32 59
41 59
56 59
5 60
9 60
11 60
16 60
21 60
30 60
32 60
40 60
48 60
59 60
18 61
38 61
40 61
43 61
45 61
52 61
59 61
10 62
11 62
20 62
36 62
45 62
49 62
52 62
54 62
14 63
37 63
46 63
51 63
54 63
58 63
6 64
13 64
19 64
24 64
26 64
30 64
32 64
35 64
37 64
57 64
61 64
62 64
63 64
3 65
10 65
21 65
25 65
29 65
39 65
49 65
59 65
63 65
1 66
6 66
8 66
9 66
19 66
45 66
46 66
49 66
62 66
65 66
7 67
10 67
13 67
23 67
29 67
31 67
59 67
64 67
66 67
1 68
12 68
13 68
30 68
31 68
35 68
43 68
59 68
60 68
63 68
67 68
8 69
9 69
14 69
27 69
28 69
29 69
40 69
59 69
68 69
4 70
6 70
23 70
30 70
33 70
40 70
42 70
44 70
53 70
55 70
61 70
63 70
65 70
0 71
2 71
32 71
33 71
46 71
51 71
53 71
54 71
56 71
57 71
3 72
5 72
10 72
17 72
19 72
23 72
40 72
61 72
6 73
16 73
17 73
24 73
46 73
49 73
69 73
70 73
0 74
1 74
8 74
9 74
31 74
47 74
50 74
58 74
69 74
70 74
2 75
7 75
19 75
43 75
51 75
53 75
60 75
67 75
70 75
72 75
2 76
24 76
30 76
38 76
60 76
64 76
65 76
67 76
17 77
18 77
19 77
20 77
24 77
28 77
36 77
40 77
46 77
48 77
55 77
60 77
67 77
2 78
19 78
20 78
24 78
29 78
41 78
51 78
53 78
1 79
9 79
14 79
16 79
19 79
21 79
29 79
30 79
33 79
48 79
49 79
59 79
64 79
65 79
4 80
6 80
38 80
53 80
60 80
67 80
77 80
6 81
8 81
32 81
58 81
62 81
65 81
66 81
72 81
74 81
14 82
17 82
28 82
32 82
34 82
48 82
62 82
63 82
65 82
66 82
73 82
14 83
23 83
33 83
44 83
66 83
70 83
76 83
3 84
14 84
26 84
35 84
36 84
50 84
59 84
60 84
76 84
77 84
80 84
81 84
2 85
11 85
12 85
18 85
29 85
31 85
39 85
40 85
53 85
56 85
60 85
61 85
65 85
21 86
46 86
47 86
51 86
58 86
68 86
74 86
75 86
76 86
80 86
82 86
17 87
24 87
41 87
42 87
44 87
48 87
58 87
62 87
73 87
83 87
3 88
10 88
15 88
23 88
25 88
35 88
43 88
45 88
46 88
48 88
59 88
75 88
82 88
86 88
8 89
9 89
13 89
14 89
19 89
21 89
22 89
73 89
82 89
7 90
9 90
13 90
23 90
34 90
57 90
77 90
78 90
89 90
2 91
18 91
25 91
27 91
35 91
36 91
37 91
49 91
50 91
74 91
84 91
87 91
21 92
22 92
27 92
32 92
40 92
46 92
48 92
55 92
63 92
65 92
72 92
73 92
80 92
82 92
91 92
8 93
9 93
12 93
14 93
15 93
40 93
48 93
49 93
52 93
56 93
64 93
67 93
70 93
71 93
72 93
73 93
74 93
81 93
83 93
85 93
88 93
4 94
15 94
17 94
25 94
27 94
28 94
34 94
51 94
53 94
55 94
59 94
67 94
74 94
82 94
84 94
90 94
3 95
10 95
15 95
28 95
44 95
48 95
49 95
50 95
51 95
53 95
75 95
1 96
6 96
7 96
9 96
10 96
16 96
24 96
31 96
33 96
42 96
45 96
47 96
53 96
54 96
58 96
59 96
66 96
68 96
75 96
79 96
81 96
86 96
87 96
28 97
36 97
43 97
44 97
46 97
47 97
53 97
78 97
84 97
6 98
12 98
22 98
41 98
51 98
54 98
61 98
69 98
74 98
81 98
91 98
92 98
1 99
12 99
16 99
21 99
26 99
40 99
60 99
62 99
71 99
77 99
78 99
79 99
91 99
