100 1293 16
2 3 2 24 7 1 9 1 15 6 1 1 4 6 2 1 2 6 1 4 14 5 8 1 6 3 4 5 5 1 7 8 10 9 6 3 8 1 1 7 20 2 5 3 11 8 1 4 4 2 3 8 12 2 4 1 2 1 8 2 15 5 4 5 2 6 5 9 6 1 2 15 13 1 3 5 1 10 13 2 2 3 6 5 4 3 4 3 4 2 1 4 12 7 5 2 2 2 3 3
0 9
6 9
7 9
0 10
2 10
3 10
8 10
0 11
3 11
4 11
0 12
1 13
2 13
3 13
4 13
1 14
6 14
8 14
1 16
5 17
0 18
6 18
13 18
16 18
4 19
8 19
10 19
12 19
13 19
17 19
5 20
8 20
9 20
12 20
14 20
16 20
17 20
5 21
7 21
12 21
15 21
0 22
2 22
7 22
15 22
17 22
0 23
2 23
5 23
12 23
16 23
17 23
4 24
10 24
17 24
6 25
9 25
13 25
16 25
0 26
2 26
3 26
5 26
8 26
11 26
16 26
19 26
20 26
23 26
24 26
0 27
1 27
6 27
7 27
10 27
11 27
12 27
15 27
23 27
25 27
2 28
4 28
5 28
11 28
17 28
18 28
22 28
0 29
2 29
3 29
5 29
9 29
13 29
15 29
17 29
19 29
21 29
0 30
1 30
2 30
7 30
11 30
12 30
16 30
17 30
18 30
20 30
21 30
8 31
9 31
14 31
24 31
2 32
7 32
8 32
9 32
14 32
16 32
21 32
0 33
10 33
11 33
23 33
24 33
1 34
5 34
9 34
12 34
15 34
20 34
5 35
6 35
7 35
14 35
15 35
18 35
23 35
24 35
0 36
2 36
5 36
15 36
21 36
22 36
23 36
24 36
1 37
2 37
9 37
13 37
15 37
19 37
20 37
22 37
2 38
3 38
11 38
21 38
22 38
31 38
34 38
37 38
2 39
6 39
10 39
11 39
12 39
15 39
18 39
23 39
24 39
27 39
29 39
35 39
37 39
2 40
4 40
5 40
11 40
12 40
13 40
14 40
15 40
16 40
18 40
19 40
23 40
24 40
25 40
29 40
30 40
35 40
37 40
0 41
2 41
5 41
8 41
14 41
20 41
21 41
0 42
3 42
7 42
20 42
21 42
28 42
29 42
31 42
34 42
0 43
5 43
10 43
11 43
26 43
29 43
32 43
33 43
36 43
37 43
0 44
4 44
6 44
8 44
9 44
10 44
22 44
24 44
34 44
2 45
7 45
9 45
11 45
13 45
15 45
18 45
20 45
24 45
27 45
30 45
35 45
36 45
1 46
3 46
7 46
12 46
19 46
20 46
22 46
24 46
28 46
31 46
37 46
0 47
7 47
9 47
15 47
16 47
20 47
22 47
23 47
28 47
30 47
35 47
36 47
37 47
0 48
3 48
8 48
19 48
22 48
24 48
28 48
29 48
32 48
33 48
34 48
35 48
37 48
45 48
0 49
1 49
2 49
3 49
4 49
6 49
7 49
12 49
19 49
22 49
25 49
26 49
30 49
33 49
35 49
39 49
40 49
41 49
42 49
47 49
3 50
5 50
9 50
11 50
22 50
25 50
26 50
30 50
33 50
37 50
39 50
41 50
43 50
45 50
2 51
14 51
32 51
39 51
42 51
44 51
45 51
0 52
2 52
3 52
4 52
8 52
12 52
21 52
24 52
28 52
29 52
35 52
44 52
0 53
3 53
4 53
6 53
8 53
9 53
16 53
22 53
25 53
27 53
29 53
30 53
36 53
41 53
42 53
3 54
5 54
6 54
7 54
10 54
15 54
16 54
17 54
19 54
24 54
35 54
37 54
43 54
44 54
0 55
6 55
8 55
10 55
14 55
15 55
18 55
24 55
26 55
27 55
30 55
35 55
37 55
42 55
45 55
46 55
47 55
2 56
7 56
14 56
15 56
20 56
26 56
29 56
32 56
33 56
34 56
37 56
1 57
4 57
21 57
27 57
28 57
30 57
33 57
34 57
36 57
38 57
39 57
43 57
3 58
7 58
8 58
10 58
11 58
14 58
15 58
16 58
17 58
23 58
28 58
33 58
34 58
36 58
45 58
46 58
1 59
2 59
6 59
9 59
20 59
21 59
26 59
28 59
31 59
32 59
35 59
36 59
40 59
43 59
45 59
4 60
6 60
19 60
24 60
29 60
30 60
36 60
45 60
46 60
47 60
9 61
11 61
16 61
18 61
20 61
22 61
31 61
33 61
39 61
43 61
0 62
4 62
5 62
8 62
10 62
13 62
14 62
17 62
22 62
26 62
33 62
37 62
39 62
44 62
1 63
2 63
8 63
14 63
15 63
16 63
17 63
19 63
20 63
26 63
28 63
31 63
42 63
49 63
50 63
54 63
56 63
58 63
59 63
61 63
1 64
2 64
5 64
8 64
9 64
10 64
17 64
29 64
33 64
34 64
37 64
39 64
42 64
44 64
51 64
54 64
55 64
57 64
59 64
61 64
3 65
4 65
6 65
7 65
8 65
13 65
14 65
17 65
24 65
28 65
35 65
41 65
42 65
45 65
46 65
48 65
49 65
51 65
53 65
55 65
57 65
61 65
62 65
0 66
2 66
3 66
11 66
18 66
20 66
24 66
30 66
32 66
33 66
37 66
38 66
41 66
45 66
52 66
54 66
57 66
7 67
10 67
14 67
18 67
21 67
23 67
24 67
37 67
38 67
52 67
53 67
54 67
61 67
62 67
0 68
3 68
4 68
6 68
9 68
10 68
19 68
23 68
24 68
25 68
29 68
33 68
34 68
35 68
36 68
37 68
38 68
39 68
43 68
44 68
47 68
48 68
49 68
50 68
53 68
57 68
2 69
4 69
7 69
9 69
10 69
15 69
24 69
28 69
29 69
34 69
38 69
43 69
46 69
49 69
55 69
57 69
58 69
4 70
5 70
12 70
17 70
19 70
20 70
21 70
24 70
26 70
27 70
32 70
36 70
37 70
38 70
39 70
43 70
44 70
45 70
47 70
48 70
49 70
51 70
58 70
65 70
1 71
7 71
9 71
11 71
13 71
14 71
16 71
21 71
30 71
32 71
36 71
42 71
43 71
44 71
46 71
49 71
58 71
61 71
62 71
64 71
69 71
2 72
7 72
8 72
9 72
16 72
17 72
24 72
25 72
26 72
27 72
28 72
34 72
42 72
45 72
51 72
55 72
59 72
65 72
2 73
9 73
10 73
12 73
15 73
16 73
20 73
22 73
23 73
26 73
27 73
28 73
37 73
38 73
40 73
42 73
46 73
49 73
50 73
51 73
52 73
54 73
57 73
58 73
61 73
62 73
66 73
4 74
5 74
6 74
13 74
15 74
18 74
20 74
23 74
28 74
30 74
32 74
34 74
36 74
38 74
39 74
41 74
42 74
44 74
49 74
53 74
54 74
57 74
67 74
1 75
6 75
8 75
9 75
19 75
20 75
21 75
24 75
25 75
34 75
36 75
37 75
38 75
41 75
53 75
62 75
67 75
1 76
10 76
14 76
25 76
26 76
28 76
31 76
32 76
35 76
37 76
41 76
48 76
54 76
59 76
60 76
68 76
1 77
3 77
13 77
17 77
19 77
26 77
28 77
29 77
32 77
33 77
35 77
41 77
45 77
46 77
55 77
60 77
61 77
62 77
68 77
3 78
7 78
9 78
11 78
19 78
24 78
28 78
31 78
35 78
36 78
37 78
38 78
42 78
54 78
56 78
62 78
67 78
5 79
12 79
13 79
15 79
17 79
19 79
21 79
24 79
27 79
38 79
41 79
53 79
55 79
57 79
59 79
68 79
70 79
73 79
77 79
0 80
2 80
6 80
10 80
12 80
16 80
17 80
25 80
31 80
37 80
38 80
41 80
45 80
49 80
52 80
55 80
58 80
59 80
61 80
70 80
77 80
0 81
4 81
7 81
9 81
10 81
15 81
18 81
19 81
21 81
25 81
31 81
32 81
34 81
37 81
49 81
51 81
55 81
57 81
59 81
68 81
74 81
0 82
4 82
8 82
12 82
14 82
15 82
23 82
29 82
31 82
36 82
37 82
39 82
41 82
47 82
48 82
50 82
53 82
54 82
56 82
58 82
59 82
63 82
66 82
67 82
73 82
74 82
2 83
3 83
7 83
10 83
13 83
17 83
21 83
23 83
24 83
25 83
27 83
30 83
32 83
39 83
44 83
48 83
49 83
52 83
53 83
56 83
57 83
58 83
59 83
64 83
67 83
68 83
73 83
75 83
76 83
78 83
0 84
1 84
4 84
8 84
9 84
11 84
14 84
15 84
21 84
22 84
29 84
30 84
40 84
44 84
46 84
52 84
54 84
57 84
58 84
61 84
64 84
75 84
0 85
8 85
16 85
19 85
22 85
28 85
30 85
31 85
33 85
34 85
37 85
44 85
45 85
47 85
49 85
54 85
55 85
56 85
59 85
66 85
72 85
0 86
3 86
11 86
12 86
14 86
16 86
19 86
20 86
24 86
25 86
44 86
45 86
52 86
57 86
65 86
68 86
74 86
76 86
77 86
78 86
0 87
2 87
5 87
6 87
11 87
17 87
19 87
23 87
27 87
33 87
34 87
35 87
38 87
42 87
43 87
44 87
52 87
63 87
65 87
66 87
68 87
69 87
70 87
73 87
76 87
80 87
81 87
85 87
1 88
4 88
6 88
17 88
18 88
19 88
21 88
23 88
24 88
31 88
39 88
43 88
51 88
62 88
63 88
67 88
71 88
77 88
3 89
4 89
5 89
6 89
15 89
21 89
23 89
25 89
27 89
32 89
36 89
37 89
44 89
52 89
53 89
54 89
56 89
58 89
59 89
61 89
64 89
71 89
79 89
81 89
85 89
4 90
14 90
15 90
16 90
17 90
20 90
25 90
26 90
27 90
28 90
32 90
34 90
41 90
49 90
50 90
54 90
59 90
62 90
64 90
71 90
72 90
74 90
77 90
78 90
79 90
83 90
86 90
2 91
16 91
17 91
19 91
20 91
25 91
27 91
33 91
43 91
45 91
48 91
49 91
50 91
60 91
61 91
63 91
64 91
65 91
69 91
70 91
71 91
73 91
2 92
4 92
7 92
9 92
12 92
15 92
17 92
18 92
19 92
22 92
26 92
27 92
28 92
37 92
40 92
42 92
44 92
49 92
56 92
59 92
62 92
66 92
68 92
70 92
73 92
74 92
75 92
77 92
79 92
4 93
5 93
6 93
7 93
9 93
10 93
22 93
23 93
27 93
28 93
31 93
33 93
35 93
37 93
38 93
40 93
41 93
47 93
58 93
61 93
63 93
69 93
71 93
75 93
78 93
85 93
1 94
3 94
6 94
7 94
11 94
13 94
14 94
15 94
19 94
20 94
23 94
27 94
30 94
35 94
41 94
42 94
43 94
44 94
52 94
57 94
58 94
67 94
73 94
75 94
80 94
81 94
83 94
85 94
86 94
3 95
5 95
8 95
10 95
15 95
19 95
20 95
21 95
23 95
24 95
29 95
38 95
39 95
42 95
49 95
55 95
65 95
67 95
73 95
75 95
81 95
84 95
86 95
0 96
4 96
6 96
7 96
10 96
13 96
17 96
25 96
27 96
30 96
36 96
44 96
45 96
52 96
54 96
56 96
58 96
62 96
65 96
69 96
74 96
80 96
83 96
1 97
10 97
13 97
17 97
19 97
22 97
29 97
35 97
37 97
39 97
42 97
44 97
48 97
49 97
54 97
56 97
58 97
61 97
62 97
64 97
66 97
67 97
68 97
72 97
74 97
80 97
81 97
82 97
85 97
2 98
5 98
6 98
9 98
14 98
21 98
22 98
30 98
37 98
38 98
40 98
42 98
45 98
47 98
50 98
51 98
53 98
54 98
56 98
66 98
69 98
72 98
74 98
76 98
84 98
85 98
2 99
5 99
7 99
15 99
16 99
18 99
21 99
25 99
30 99
45 99
46 99
47 99
51 99
55 99
56 99
60 99
62 99
63 99
64 99
66 99
74 99
77 99
82 99
