100 391 2
3 9 2 4 3 18 66 5 11 1 16 13 4 2 2 13 3 4 11 4 10 14 3 3 18 20 10 3 2 23 6 11 4 3 10 8 4 5 6 1 22 8 37 17 13 5 16 23 2 3 9 13 4 1 3 13 14 15 1 6 1 1 2 13 1 4 3 3 5 14 1 34 21 47 3 11 2 1 3 19 20 1 9 20 5 12 9 8 7 4 38 2 11 12 5 12 2 4 24 1
8 11
0 12
4 12
8 12
0 13
2 13
7 13
8 14
0 15
7 15
2 16
3 16
0 17
4 19
0 20
0 22
16 22
6 23
21 23
11 24
16 24
4 25
12 25
13 25
15 25
16 25
8 26
13 26
18 26
7 27
11 27
13 28
14 28
15 28
19 29
25 30
23 31
5 32
9 32
16 32
23 32
1 33
9 33
12 33
10 34
13 34
20 34
7 35
9 35
0 36
8 36
12 36
20 36
22 36
6 37
15 37
23 37
7 38
8 38
18 38
23 38
2 39
8 39
16 39
3 40
7 40
9 40
11 40
16 40
19 41
27 41
29 41
13 43
16 43
25 43
27 43
20 44
27 44
0 45
18 45
33 45
13 46
16 46
17 46
25 46
28 46
29 46
33 46
34 46
17 47
20 47
10 48
20 48
5 49
11 49
13 49
22 49
37 49
40 49
25 50
27 50
32 50
1 51
8 51
15 51
22 51
34 51
37 51
22 52
28 52
41 52
49 52
13 53
15 53
20 53
26 53
36 53
0 54
7 54
17 54
32 54
42 54
46 54
3 55
13 55
43 55
46 55
7 56
23 56
29 56
43 56
44 56
4 57
8 57
19 57
41 57
49 57
7 58
36 58
39 58
1 59
15 59
27 59
30 59
31 59
36 59
10 60
41 60
45 60
2 61
11 61
13 61
19 61
33 61
48 61
21 62
25 62
31 62
49 62
23 63
37 63
38 63
41 63
46 63
33 64
19 65
24 65
33 65
34 65
35 65
50 65
60 65
6 66
7 66
14 66
20 66
21 66
30 66
5 67
22 67
57 67
3 68
10 68
52 68
4 69
8 69
11 69
21 69
53 69
7 70
14 70
37 70
51 70
58 70
60 70
9 71
10 71
16 71
37 71
50 71
50 72
64 72
44 73
47 73
55 73
13 74
27 74
31 74
38 74
44 74
58 74
1 75
14 75
15 75
37 75
40 75
42 75
52 75
6 76
15 76
16 76
36 76
46 76
65 76
1 77
25 77
31 77
54 77
57 77
59 77
65 77
74 77
8 78
58 78
60 78
71 78
75 78
12 79
20 79
27 79
28 79
49 79
51 79
53 79
57 79
70 79
10 80
29 80
10 81
13 81
18 81
45 81
46 81
49 81
52 81
0 82
4 82
17 82
18 82
24 82
25 82
35 82
50 82
52 82
57 82
58 82
61 82
65 82
23 83
28 83
40 83
69 83
0 84
10 84
19 84
27 84
34 84
49 84
67 84
7 85
8 85
29 85
30 85
32 85
61 85
62 85
25 86
33 86
59 86
69 86
71 86
0 87
4 87
27 87
30 87
66 87
70 87
8 88
36 88
42 88
57 88
45 89
50 89
56 89
65 89
8 90
14 90
25 90
32 90
51 90
58 90
66 90
4 91
6 91
17 91
19 91
30 91
36 91
42 91
58 91
84 91
90 91
33 92
49 92
55 92
56 92
65 92
77 92
10 93
23 93
27 93
29 93
50 93
56 93
60 93
61 93
71 93
85 93
22 94
36 94
38 94
43 94
45 94
48 94
56 94
60 94
65 94
70 94
78 94
89 94
10 95
17 95
59 95
65 95
71 95
90 95
1 96
32 96
37 96
60 96
69 96
84 96
0 97
8 97
19 97
38 97
58 97
61 97
72 97
78 97
83 97
87 97
1 98
36 98
55 98
59 98
85 98
88 98
7 99
9 99
13 99
21 99
22 99
31 99
38 99
46 99
59 99
63 99
67 99
76 99
87 99
