100 1420 2
10 15 8 10 7 13 13 8 13 9 18 8 2 10 11 16 5 12 14 8 4 15 8 11 10 14 9 5 11 7 18 7 9 16 7 10 12 12 13 14 19 9 13 19 7 6 11 9 10 7 10 12 14 14 11 8 14 16 8 12 10 7 9 17 11 10 14 12 6 7 13 11 8 11 12 9 10 10 8 7 7 16 11 8 10 7 14 9 2 10 10 10 8 9 8 7 10 13 12 12
2 13
12 13
4 14
6 14
10 14
0 15
1 15
4 15
8 15
9 15
12 15
3 16
7 16
9 16
11 16
2 17
3 17
4 17
6 17
7 17
8 17
11 17
1 18
2 18
3 18
6 18
9 18
10 18
0 19
1 19
2 19
5 19
9 19
10 19
3 20
5 20
6 20
10 20
2 21
7 21
10 21
14 21
0 22
2 22
3 22
7 22
8 22
9 22
12 22
18 22
1 23
3 23
6 23
12 23
18 23
19 23
20 23
2 24
3 24
5 24
6 24
13 24
14 24
15 24
16 24
17 24
18 24
19 24
0 25
2 25
6 25
8 25
9 25
12 25
19 25
0 26
7 26
10 26
12 26
17 26
18 26
1 27
3 27
10 27
11 27
13 27
14 27
18 27
19 27
20 27
5 28
10 28
11 28
14 28
4 29
7 29
12 29
13 29
18 29
20 29
6 30
8 30
11 30
19 30
1 31
2 31
5 31
7 31
17 31
18 31
22 31
26 31
28 31
2 32
6 32
7 32
8 32
9 32
11 32
15 32
19 32
20 32
22 32
1 33
6 33
7 33
9 33
11 33
13 33
15 33
17 33
19 33
21 33
24 33
28 33
29 33
1 34
8 34
9 34
10 34
11 34
13 34
22 34
25 34
26 34
27 34
28 34
0 35
1 35
2 35
3 35
5 35
8 35
9 35
10 35
13 35
15 35
17 35
20 35
27 35
28 35
30 35
0 36
4 36
8 36
12 36
14 36
15 36
17 36
19 36
20 36
25 36
28 36
29 36
30 36
31 36
5 37
9 37
16 37
17 37
18 37
26 37
27 37
32 37
35 37
0 38
2 38
4 38
8 38
10 38
13 38
15 38
18 38
22 38
29 38
34 38
1 39
5 39
7 39
8 39
10 39
11 39
12 39
13 39
21 39
26 39
27 39
28 39
33 39
2 40
3 40
6 40
9 40
11 40
12 40
13 40
15 40
18 40
27 40
35 40
0 41
1 41
5 41
10 41
15 41
26 41
28 41
33 41
34 41
6 42
7 42
10 42
15 42
18 42
19 42
21 42
29 42
31 42
33 42
35 42
1 43
7 43
13 43
17 43
18 43
20 43
21 43
25 43
26 43
27 43
34 43
1 44
4 44
11 44
12 44
17 44
25 44
28 44
29 44
33 44
0 45
2 45
4 45
7 45
8 45
9 45
13 45
21 45
22 45
24 45
26 45
33 45
34 45
2 46
6 46
8 46
15 46
17 46
19 46
22 46
25 46
26 46
30 46
32 46
34 46
3 47
4 47
7 47
8 47
9 47
12 47
14 47
17 47
20 47
25 47
26 47
27 47
30 47
33 47
41 47
42 47
46 47
0 48
1 48
4 48
7 48
12 48
14 48
15 48
16 48
21 48
22 48
24 48
28 48
29 48
31 48
34 48
37 48
7 49
9 49
10 49
12 49
15 49
23 49
29 49
34 49
39 49
40 49
45 49
0 50
2 50
7 50
8 50
11 50
13 50
14 50
15 50
16 50
19 50
23 50
25 50
29 50
35 50
37 50
38 50
45 50
1 51
4 51
5 51
10 51
12 51
14 51
25 51
26 51
29 51
33 51
42 51
43 51
45 51
5 52
16 52
18 52
23 52
30 52
31 52
33 52
34 52
35 52
38 52
44 52
45 52
0 53
4 53
8 53
9 53
10 53
14 53
19 53
20 53
21 53
23 53
26 53
39 53
42 53
0 54
1 54
3 54
4 54
7 54
8 54
12 54
14 54
18 54
23 54
24 54
26 54
28 54
30 54
32 54
35 54
36 54
41 54
44 54
46 54
2 55
5 55
6 55
7 55
8 55
12 55
13 55
22 55
23 55
25 55
26 55
27 55
29 55
32 55
36 55
37 55
44 55
0 56
2 56
3 56
9 56
10 56
15 56
17 56
21 56
25 56
26 56
27 56
34 56
42 56
44 56
45 56
4 57
9 57
13 57
25 57
26 57
27 57
29 57
38 57
42 57
46 57
5 58
7 58
9 58
10 58
11 58
14 58
23 58
28 58
29 58
39 58
45 58
50 58
51 58
54 58
57 58
0 59
1 59
3 59
6 59
7 59
14 59
18 59
19 59
21 59
23 59
24 59
27 59
33 59
34 59
35 59
37 59
43 59
48 59
53 59
0 60
3 60
6 60
10 60
13 60
15 60
19 60
23 60
24 60
28 60
29 60
31 60
32 60
34 60
37 60
38 60
44 60
45 60
46 60
47 60
52 60
56 60
5 61
7 61
8 61
9 61
10 61
12 61
13 61
15 61
18 61
19 61
21 61
22 61
37 61
42 61
44 61
46 61
52 61
53 61
57 61
2 62
6 62
9 62
12 62
16 62
23 62
24 62
29 62
33 62
39 62
40 62
44 62
49 62
53 62
4 63
26 63
27 63
28 63
29 63
31 63
36 63
44 63
46 63
47 63
55 63
56 63
2 64
3 64
5 64
12 64
13 64
15 64
16 64
32 64
37 64
40 64
41 64
42 64
43 64
48 64
49 64
53 64
54 64
55 64
56 64
1 65
2 65
4 65
5 65
9 65
11 65
19 65
20 65
24 65
27 65
46 65
52 65
53 65
1 66
4 66
8 66
11 66
21 66
25 66
28 66
32 66
34 66
36 66
38 66
45 66
48 66
54 66
55 66
57 66
0 67
1 67
2 67
3 67
5 67
6 67
11 67
13 67
16 67
17 67
18 67
19 67
23 67
24 67
28 67
38 67
39 67
46 67
53 67
57 67
3 68
12 68
14 68
15 68
16 68
22 68
25 68
28 68
29 68
30 68
31 68
38 68
40 68
45 68
50 68
51 68
52 68
55 68
57 68
2 69
4 69
5 69
6 69
11 69
13 69
19 69
20 69
21 69
22 69
24 69
26 69
35 69
37 69
49 69
50 69
54 69
58 69
59 69
60 69
61 69
64 69
0 70
1 70
3 70
7 70
9 70
12 70
13 70
19 70
22 70
24 70
26 70
33 70
36 70
38 70
39 70
40 70
41 70
43 70
44 70
53 70
59 70
61 70
67 70
0 71
2 71
11 71
12 71
20 71
24 71
27 71
28 71
29 71
30 71
32 71
34 71
38 71
41 71
52 71
54 71
63 71
1 72
3 72
7 72
12 72
15 72
21 72
26 72
32 72
33 72
34 72
35 72
37 72
38 72
39 72
41 72
43 72
44 72
49 72
63 72
64 72
67 72
1 73
3 73
5 73
6 73
8 73
9 73
10 73
11 73
13 73
15 73
17 73
19 73
29 73
33 73
39 73
42 73
43 73
52 73
55 73
57 73
63 73
65 73
0 74
6 74
8 74
11 74
13 74
14 74
19 74
22 74
23 74
25 74
34 74
37 74
42 74
45 74
52 74
53 74
55 74
56 74
59 74
60 74
61 74
66 74
68 74
0 75
3 75
6 75
10 75
13 75
14 75
16 75
17 75
19 75
24 75
26 75
27 75
41 75
42 75
45 75
47 75
58 75
62 75
63 75
65 75
68 75
0 76
3 76
5 76
9 76
10 76
12 76
15 76
20 76
22 76
30 76
36 76
38 76
42 76
49 76
52 76
57 76
58 76
60 76
63 76
66 76
1 77
2 77
5 77
6 77
9 77
10 77
18 77
20 77
24 77
25 77
29 77
30 77
35 77
36 77
37 77
40 77
43 77
47 77
48 77
51 77
64 77
66 77
1 78
3 78
4 78
6 78
15 78
16 78
18 78
24 78
27 78
29 78
30 78
31 78
32 78
33 78
35 78
37 78
41 78
43 78
49 78
53 78
58 78
60 78
61 78
63 78
65 78
66 78
2 79
3 79
4 79
5 79
12 79
18 79
19 79
28 79
35 79
36 79
37 79
38 79
39 79
43 79
47 79
51 79
53 79
58 79
60 79
64 79
66 79
1 80
3 80
4 80
9 80
12 80
13 80
27 80
28 80
29 80
32 80
33 80
37 80
38 80
40 80
42 80
43 80
44 80
48 80
51 80
54 80
57 80
59 80
60 80
62 80
63 80
66 80
67 80
0 81
1 81
7 81
8 81
15 81
19 81
22 81
29 81
30 81
39 81
41 81
44 81
49 81
56 81
60 81
61 81
63 81
66 81
1 82
2 82
7 82
15 82
27 82
32 82
37 82
41 82
43 82
45 82
47 82
48 82
54 82
59 82
70 82
73 82
74 82
81 82
4 83
5 83
10 83
11 83
13 83
14 83
20 83
21 83
22 83
30 83
33 83
37 83
45 83
47 83
49 83
66 83
72 83
73 83
74 83
75 83
1 84
3 84
4 84
7 84
10 84
11 84
12 84
19 84
25 84
27 84
32 84
39 84
40 84
48 84
50 84
52 84
62 84
64 84
69 84
72 84
73 84
75 84
4 85
5 85
9 85
11 85
15 85
17 85
19 85
28 85
29 85
30 85
31 85
35 85
36 85
37 85
41 85
43 85
45 85
51 85
52 85
60 85
62 85
64 85
70 85
76 85
77 85
80 85
0 86
1 86
3 86
9 86
10 86
13 86
15 86
16 86
25 86
27 86
29 86
30 86
31 86
32 86
35 86
42 86
49 86
50 86
54 86
60 86
61 86
63 86
70 86
76 86
78 86
79 86
2 87
3 87
4 87
5 87
7 87
8 87
9 87
14 87
21 87
22 87
28 87
32 87
36 87
37 87
42 87
43 87
45 87
46 87
47 87
50 87
57 87
59 87
60 87
63 87
64 87
65 87
69 87
71 87
74 87
77 87
80 87
4 88
6 88
10 88
11 88
12 88
13 88
14 88
17 88
21 88
24 88
25 88
26 88
28 88
29 88
30 88
31 88
33 88
34 88
38 88
39 88
43 88
44 88
45 88
47 88
51 88
58 88
61 88
70 88
72 88
75 88
78 88
80 88
3 89
5 89
7 89
14 89
17 89
21 89
28 89
30 89
31 89
34 89
35 89
40 89
41 89
42 89
44 89
45 89
50 89
53 89
54 89
58 89
59 89
67 89
71 89
74 89
75 89
80 89
81 89
0 90
4 90
6 90
7 90
8 90
11 90
13 90
16 90
17 90
23 90
24 90
27 90
31 90
32 90
37 90
39 90
40 90
42 90
48 90
53 90
54 90
58 90
66 90
68 90
76 90
79 90
1 91
2 91
5 91
9 91
12 91
15 91
19 91
21 91
28 91
31 91
32 91
36 91
38 91
41 91
50 91
51 91
59 91
60 91
67 91
71 91
74 91
75 91
76 91
79 91
80 91
81 91
0 92
4 92
6 92
11 92
13 92
15 92
16 92
17 92
23 92
24 92
29 92
31 92
32 92
34 92
37 92
42 92
43 92
44 92
52 92
60 92
61 92
71 92
1 93
6 93
11 93
13 93
14 93
17 93
19 93
20 93
23 93
24 93
25 93
33 93
34 93
38 93
39 93
41 93
48 93
53 93
57 93
58 93
60 93
63 93
64 93
67 93
70 93
71 93
72 93
80 93
1 94
3 94
6 94
7 94
8 94
9 94
10 94
11 94
16 94
17 94
19 94
21 94
22 94
24 94
26 94
27 94
32 94
34 94
37 94
38 94
41 94
48 94
51 94
55 94
61 94
67 94
68 94
72 94
73 94
74 94
78 94
80 94
81 94
86 94
92 94
93 94
0 95
1 95
6 95
7 95
12 95
14 95
19 95
25 95
27 95
31 95
33 95
37 95
39 95
41 95
42 95
49 95
52 95
53 95
54 95
59 95
61 95
62 95
64 95
67 95
69 95
74 95
77 95
79 95
80 95
81 95
87 95
89 95
90 95
3 96
5 96
9 96
12 96
13 96
14 96
16 96
19 96
20 96
24 96
26 96
31 96
33 96
39 96
41 96
46 96
51 96
53 96
55 96
62 96
63 96
67 96
70 96
71 96
72 96
80 96
84 96
86 96
89 96
91 96
93 96
0 97
7 97
12 97
15 97
17 97
18 97
20 97
22 97
23 97
25 97
27 97
35 97
39 97
43 97
48 97
51 97
53 97
54 97
58 97
59 97
60 97
63 97
68 97
75 97
76 97
80 97
84 97
88 97
91 97
0 98
3 98
4 98
5 98
7 98
8 98
10 98
11 98
14 98
16 98
18 98
20 98
24 98
31 98
34 98
40 98
45 98
49 98
50 98
52 98
56 98
58 98
59 98
60 98
61 98
63 98
65 98
67 98
69 98
71 98
73 98
74 98
78 98
82 98
83 98
84 98
85 98
88 98
90 98
92 98
0 99
5 99
20 99
22 99
26 99
31 99
34 99
37 99
38 99
39 99
42 99
44 99
45 99
52 99
53 99
54 99
55 99
58 99
60 99
62 99
64 99
67 99
69 99
76 99
77 99
82 99
84 99
88 99
90 99
91 99
