100 536 2
2 8 16 5 21 8 7 3 1 6 1 2 16 3 9 1 7 10 4 1 3 3 24 13 4 1 1 17 4 5 13 1 2 23 17 1 17 1 9 7 3 3 6 8 3 14 7 3 23 59 26 8 4 1 10 1 4 3 1 5 11 9 3 2 4 3 2 5 1 2 9 4 2 5 11 6 4 1 2 7 7 14 11 8 1 3 1 2 15 1 11 5 1 2 6 5 25 26 3 21
2 14
6 14
9 14
10 14
4 15
8 15
10 15
2 16
5 16
4 17
12 17
3 18
5 18
11 18
2 20
6 20
8 20
10 20
13 20
4 21
8 21
2 22
5 22
15 22
18 22
2 23
11 23
20 23
8 24
15 24
2 25
15 25
19 25
20 25
7 26
0 27
20 27
21 27
0 28
1 28
7 28
0 29
4 29
5 29
7 29
8 29
17 29
21 29
4 30
5 30
15 30
3 31
8 31
9 31
12 31
14 31
18 31
6 32
0 33
7 33
20 33
21 33
27 33
1 34
12 34
16 34
17 34
3 35
23 35
25 35
30 35
4 36
1 37
6 37
9 37
24 37
26 37
32 37
0 38
6 38
7 38
14 38
21 38
23 38
24 38
26 38
7 39
4 40
5 40
6 41
20 41
10 42
13 42
20 42
26 42
27 42
29 42
8 43
10 43
22 43
0 44
3 44
12 44
15 44
19 44
23 44
27 44
21 45
27 45
3 46
4 46
5 46
21 46
1 47
2 47
14 47
19 47
23 47
1 48
11 48
36 48
1 49
29 49
11 50
18 50
36 50
39 50
42 50
43 50
26 51
27 51
34 51
6 52
9 52
11 52
22 52
24 52
30 52
37 52
42 52
5 53
11 53
24 53
27 53
43 53
4 54
18 54
21 54
24 54
29 54
7 55
11 55
16 55
33 55
44 55
48 55
51 55
53 55
1 56
7 56
8 56
12 56
23 56
25 56
33 56
38 56
43 56
47 56
18 57
31 57
34 57
37 57
5 58
12 58
23 58
24 58
34 58
35 58
50 58
22 59
34 59
36 59
38 59
47 59
12 60
23 60
31 60
32 60
53 60
8 61
12 61
21 61
24 61
26 61
32 61
39 62
41 62
11 63
16 63
22 63
3 64
18 64
27 64
31 64
32 64
44 64
45 64
1 65
3 65
11 65
12 65
14 65
15 65
28 65
35 65
37 65
50 65
17 66
22 66
25 66
38 66
47 66
48 66
7 67
8 67
9 67
12 67
29 67
35 67
43 67
53 67
55 67
6 68
12 68
14 68
25 68
29 68
32 68
35 68
36 68
40 68
51 68
52 68
3 69
6 69
20 69
21 69
28 69
35 69
41 69
57 69
61 69
65 69
2 70
5 70
7 70
8 70
20 70
21 70
27 70
54 70
59 70
1 71
11 71
16 71
21 71
28 71
33 71
45 71
58 71
4 72
6 72
13 72
17 72
23 72
28 72
38 72
39 72
53 72
64 72
67 72
4 73
17 73
22 73
29 73
32 73
35 73
46 73
48 73
65 73
3 74
33 74
34 74
47 74
52 74
53 74
57 74
58 74
45 75
55 75
4 76
19 76
23 76
44 76
54 76
62 76
63 76
64 76
65 76
68 76
1 77
34 77
37 77
48 77
49 77
54 77
57 77
63 77
5 78
6 78
14 78
15 78
23 78
40 78
45 78
48 78
50 78
68 78
14 79
21 79
28 79
29 79
46 79
66 79
4 80
5 80
11 80
20 80
27 80
29 80
36 80
44 80
57 80
59 80
63 80
3 81
9 81
12 81
37 81
49 81
50 81
52 81
55 81
56 81
61 81
68 81
2 82
34 82
36 82
37 82
55 82
62 82
68 82
12 83
13 83
18 83
25 83
30 83
37 83
48 83
60 83
4 84
6 84
18 84
19 84
20 84
23 84
26 84
41 84
48 84
52 84
58 84
66 84
72 84
80 84
6 85
17 85
31 85
57 85
58 85
62 85
65 85
83 85
1 86
7 86
33 86
36 86
40 86
51 86
56 86
68 86
79 86
1 87
2 87
15 87
34 87
50 87
53 87
63 87
65 87
70 87
0 88
4 88
14 88
26 88
29 88
33 88
38 88
50 88
54 88
59 88
63 88
65 88
69 88
78 88
83 88
0 89
5 89
15 89
20 89
35 89
37 89
59 89
79 89
3 90
19 90
27 90
28 90
41 90
67 90
77 90
0 91
7 91
8 91
10 91
32 91
41 91
45 91
47 91
63 91
68 91
78 91
6 92
26 92
30 92
33 92
56 92
59 92
60 92
68 92
80 92
85 92
91 92
10 93
16 93
18 93
24 93
27 93
41 93
68 93
75 93
81 93
89 93
90 93
3 94
19 94
20 94
27 94
40 94
48 94
52 94
60 94
61 94
65 94
82 94
84 94
11 95
23 95
24 95
29 95
48 95
55 95
65 95
70 95
71 95
78 95
79 95
0 96
26 96
35 96
65 96
66 96
70 96
74 96
83 96
90 96
4 97
8 97
16 97
21 97
32 97
64 97
78 97
4 98
7 98
25 98
29 98
32 98
39 98
41 98
69 98
72 98
76 98
80 98
89 98
90 98
3 99
21 99
50 99
53 99
56 99
71 99
72 99
75 99
81 99
83 99
