100 215 2
1 4 9 1 9 5 36 10 1 7 7 17 2 2 14 4 10 9 10 17 2 10 33 8 1 3 8 1 5 2 2 10 2 8 5 14 10 1 15 1 8 10 1 6 4 19 1 16 2 5 19 5 2 5 15 6 1 5 10 8 19 3 26 12 6 19 6 2 6 8 2 2 11 7 49 3 11 7 26 10 8 5 3 4 8 6 33 2 1 13 3 54 1 11 10 1 9 6 15 2
4 10
7 14
8 14
5 15
0 19
3 19
1 21
3 22
7 23
13 23
7 24
19 24
1 26
17 26
18 26
19 27
16 28
5 30
3 31
10 32
2 33
5 33
26 33
7 34
9 34
11 34
2 35
5 35
10 35
26 36
15 37
26 37
3 38
5 38
8 39
30 39
4 40
29 40
19 41
34 42
14 43
28 44
34 44
2 45
6 45
24 45
15 46
9 47
23 47
8 48
12 48
5 51
15 51
29 51
33 51
16 52
6 53
28 53
29 53
13 54
22 54
8 55
10 55
31 55
38 55
3 56
27 56
21 57
28 57
40 57
51 57
1 58
42 58
7 59
31 59
45 59
12 60
34 60
42 60
31 61
42 61
7 62
13 62
3 63
7 63
28 63
50 63
24 64
29 64
45 64
38 65
6 66
16 66
26 66
27 66
41 66
9 67
35 67
43 67
45 67
11 68
11 69
19 70
21 70
31 70
46 71
55 71
58 71
19 72
33 72
41 73
62 73
32 74
37 74
54 74
56 74
2 76
16 76
55 76
59 77
21 78
42 78
73 78
26 79
35 79
3 80
32 80
41 80
57 80
72 80
3 81
10 81
44 81
10 82
13 82
26 82
30 82
31 82
66 82
69 82
10 83
72 83
7 84
11 84
32 84
37 84
52 84
68 84
3 85
11 85
50 85
29 86
38 86
80 86
18 87
22 87
37 87
46 87
66 87
1 88
10 88
19 88
38 88
63 88
14 89
21 89
59 89
77 89
64 90
20 91
42 91
65 91
7 92
28 92
67 92
74 92
79 92
4 93
21 93
67 93
79 93
83 93
2 94
4 94
62 94
72 94
85 94
9 95
10 95
19 95
46 95
77 95
4 96
16 96
17 96
21 96
66 96
79 96
85 96
87 96
20 97
71 97
87 97
23 98
56 98
91 98
2 99
7 99
20 99
25 99
30 99
55 99
70 99
83 99
86 99
