100 679 2
1 1 2 7 3 1 3 52 10 1 15 4 10 2 2 7 6 3 3 8 8 6 3 2 17 2 3 15 12 7 1 1 14 3 7 46 8 8 2 16 5 42 16 3 3 8 24 1 5 2 11 4 10 13 1 13 2 20 4 3 2 7 1 4 16 10 10 28 3 3 30 3 33 3 17 9 1 4 5 4 2 6 3 3 2 4 1 4 12 23 26 9 10 1 2 8 7 8 1 2
5 8
3 9
0 10
2 10
6 10
6 13
6 16
11 17
14 17
1 18
3 18
12 18
1 19
7 19
11 19
14 19
15 19
1 20
4 20
16 20
0 21
3 21
9 21
9 22
7 23
9 23
14 23
16 23
2 24
22 24
23 24
0 25
9 25
10 25
5 26
8 26
12 26
14 26
16 26
19 26
3 27
7 27
10 27
14 27
14 28
2 29
4 29
6 29
7 29
8 29
9 29
12 29
15 29
19 29
1 30
9 30
14 30
15 30
21 30
22 30
5 31
8 31
10 31
11 31
18 31
21 31
3 32
21 32
3 33
7 34
9 34
11 34
13 34
28 34
30 34
2 35
9 35
16 35
18 35
23 35
25 35
15 36
16 36
2 37
4 37
7 37
8 37
11 37
24 37
27 37
1 38
7 38
12 38
15 38
23 38
28 38
7 39
14 39
19 39
2 40
4 40
9 40
14 40
19 40
27 40
30 40
6 41
7 41
18 41
33 41
1 42
2 42
9 42
15 42
20 42
21 42
1 43
7 43
13 43
21 43
26 43
38 43
40 43
18 44
20 44
24 44
27 44
38 44
0 45
3 45
5 45
11 45
16 45
17 45
33 45
38 45
1 46
6 46
8 46
10 46
21 46
23 46
33 46
8 47
10 47
13 47
33 47
37 47
38 47
41 47
1 48
14 48
20 48
24 48
5 49
15 49
18 49
19 49
23 49
24 49
29 49
30 49
34 49
38 49
1 50
5 50
13 50
16 50
29 50
33 50
35 50
12 51
23 51
29 51
31 51
33 51
37 51
1 52
19 52
26 52
31 52
35 52
41 52
4 53
5 53
8 53
14 53
26 53
29 53
30 53
36 53
38 53
0 54
5 54
9 54
18 54
23 54
26 54
2 55
9 55
11 55
26 55
3 56
16 56
17 56
20 56
24 56
10 57
15 57
19 57
22 57
28 57
0 58
1 58
6 58
10 58
18 58
24 58
31 58
33 58
34 58
43 58
47 58
57 58
4 59
5 59
12 59
14 59
25 59
27 59
35 59
41 59
50 59
54 59
56 59
0 60
27 60
36 60
41 60
51 60
53 60
55 60
57 60
0 61
3 61
9 61
14 61
16 61
18 61
21 61
25 61
29 61
36 61
40 61
41 61
48 61
52 61
5 62
6 62
7 62
11 62
22 62
31 62
32 62
38 62
45 62
50 62
4 63
5 63
7 63
11 63
48 63
51 63
52 63
56 63
12 64
14 64
31 64
45 64
52 64
54 64
15 65
20 65
30 65
39 65
49 65
53 65
57 65
21 66
40 66
46 66
51 66
3 67
36 67
57 67
1 68
17 68
25 68
31 68
36 68
37 68
46 68
53 68
59 68
60 68
65 68
66 68
13 69
14 69
18 69
19 69
23 69
34 69
52 69
65 69
66 69
12 70
17 70
19 70
22 70
23 70
33 70
37 70
38 70
44 70
50 70
54 70
60 70
65 70
67 70
3 71
25 71
27 71
31 71
36 71
40 71
53 71
2 72
4 72
8 72
11 72
20 72
31 72
33 72
34 72
41 72
45 72
58 72
2 73
18 73
19 73
22 73
23 73
26 73
33 73
39 73
49 73
62 73
3 74
4 74
11 74
14 74
22 74
25 74
26 74
29 74
42 74
51 74
60 74
63 74
67 74
4 75
7 75
9 75
12 75
19 75
28 75
30 75
33 75
36 75
38 75
39 75
44 75
52 75
58 75
59 75
67 75
3 76
4 76
18 76
22 76
24 76
34 76
36 76
41 76
42 76
43 76
58 76
61 76
2 77
5 77
13 77
16 77
41 77
45 77
46 77
53 77
59 77
1 78
18 78
22 78
23 78
26 78
33 78
37 78
45 78
50 78
51 78
73 78
74 78
3 79
8 79
21 79
44 79
45 79
51 79
54 79
59 79
61 79
63 79
2 80
6 80
23 80
29 80
51 80
54 80
58 80
63 80
75 80
0 81
16 81
18 81
19 81
25 81
28 81
43 81
44 81
49 81
60 81
70 81
12 82
18 82
28 82
35 82
37 82
41 82
26 83
37 83
46 83
51 83
55 83
62 83
70 83
74 83
0 84
7 84
8 84
9 84
12 84
14 84
31 84
33 84
42 84
43 84
53 84
62 84
64 84
0 85
9 85
14 85
31 85
44 85
47 85
52 85
56 85
65 85
69 85
77 85
4 86
8 86
11 86
21 86
23 86
25 86
32 86
38 86
45 86
60 86
64 86
66 86
68 86
71 86
0 87
15 87
22 87
23 87
32 87
36 87
41 87
44 87
47 87
48 87
63 87
64 87
71 87
5 88
23 88
26 88
28 88
31 88
34 88
47 88
69 88
70 88
75 88
1 89
3 89
18 89
28 89
35 89
38 89
39 89
55 89
56 89
59 89
71 89
72 89
73 89
76 89
83 89
85 89
87 89
88 89
2 90
6 90
17 90
22 90
28 90
29 90
34 90
43 90
47 90
54 90
55 90
60 90
71 90
79 90
85 90
86 90
6 91
13 91
20 91
27 91
30 91
37 91
49 91
50 91
72 91
5 92
9 92
20 92
23 92
26 92
32 92
38 92
42 92
54 92
56 92
59 92
63 92
65 92
73 92
76 92
78 92
82 92
87 92
0 93
1 93
9 93
24 93
33 93
35 93
36 93
51 93
56 93
84 93
2 94
6 94
8 94
21 94
27 94
32 94
39 94
55 94
64 94
87 94
5 95
23 95
25 95
36 95
42 95
46 95
49 95
55 95
59 95
62 95
75 95
78 95
81 95
85 95
3 96
7 96
29 96
54 96
56 96
61 96
64 96
66 96
67 96
68 96
71 96
74 96
75 96
79 96
83 96
85 96
20 97
21 97
24 97
26 97
27 97
40 97
41 97
47 97
53 97
60 97
68 97
76 97
84 97
9 98
10 98
17 98
19 98
26 98
30 98
37 98
40 98
42 98
49 98
57 98
61 98
77 98
78 98
79 98
84 98
6 99
19 99
20 99
48 99
49 99
54 99
63 99
65 99
68 99
70 99
74 99
75 99
81 99
85 99
