100 814 2
4 1 9 2 12 3 14 3 3 3 18 15 8 17 11 7 9 7 10 1 2 3 16 4 10 3 11 2 6 7 17 8 5 9 11 6 18 13 12 13 8 10 2 4 12 6 9 11 16 2 17 14 7 6 5 18 17 3 16 12 12 7 9 5 20 1 5 13 1 9 3 5 10 20 6 6 6 6 3 6 2 9 17 6 13 6 11 7 6 4 7 8 1 15 12 6 9 2 1 3
0 1
0 2
0 3
2 3
2 4
0 6
4 6
1 7
2 7
3 7
4 7
2 8
7 8
7 9
1 10
0 11
3 11
4 11
8 11
10 11
1 12
11 12
3 13
8 14
5 15
2 16
5 16
0 17
15 17
11 18
15 18
15 19
6 20
0 21
1 21
13 21
16 21
17 21
19 21
3 22
7 22
8 22
10 22
13 22
14 22
1 23
13 23
17 23
18 23
5 24
10 24
18 24
22 24
4 25
8 25
11 25
16 25
24 25
0 26
7 26
2 27
4 27
14 27
4 28
6 28
21 28
0 29
17 29
18 29
0 30
1 30
3 30
6 30
11 30
24 30
25 30
29 30
2 31
3 31
6 31
8 31
10 31
12 31
13 31
16 31
19 31
23 31
28 31
4 32
9 32
12 32
13 32
16 32
20 32
28 32
29 32
5 33
6 33
13 33
18 33
28 33
29 33
8 34
9 34
15 34
16 34
28 34
2 35
3 35
13 35
22 35
26 35
27 35
19 36
23 36
28 36
30 36
11 37
24 37
28 37
33 37
2 38
9 38
12 38
16 38
23 38
25 38
34 38
0 39
3 39
5 39
10 39
15 39
16 39
25 39
28 39
36 39
1 40
5 40
7 40
16 40
22 40
25 40
29 40
36 40
4 41
9 41
28 41
32 41
11 42
14 42
23 42
24 42
26 42
28 42
29 42
3 43
10 43
27 43
39 43
14 44
17 44
19 44
22 44
25 44
33 44
34 44
38 44
39 44
40 44
3 45
7 45
21 45
30 45
33 45
40 45
2 46
9 46
15 46
16 46
20 46
26 46
27 46
32 46
33 46
43 46
20 47
24 47
3 48
4 48
9 48
18 48
25 48
9 49
15 49
26 49
28 49
38 49
39 49
3 50
10 50
23 50
33 50
37 50
47 50
1 51
10 51
30 51
37 51
39 51
5 52
11 52
13 52
25 52
27 52
32 52
42 52
45 52
50 52
0 53
18 53
20 53
22 53
24 53
30 53
31 53
33 53
44 53
45 53
47 53
48 53
50 53
3 54
7 54
18 54
20 54
34 54
41 54
47 54
49 54
52 54
53 54
4 55
16 55
27 55
28 55
49 55
51 55
0 56
3 56
18 56
25 56
32 56
38 56
44 56
45 56
46 56
48 56
49 56
50 56
51 56
9 57
13 57
26 57
28 57
30 57
34 57
2 58
3 58
10 58
22 58
25 58
26 58
34 58
2 59
16 59
18 59
20 59
27 59
35 59
48 59
50 59
52 59
3 60
5 60
13 60
15 60
23 60
27 60
29 60
34 60
35 60
39 60
56 60
59 60
1 61
9 61
10 61
12 61
13 61
14 61
17 61
22 61
37 61
40 61
44 61
45 61
46 61
56 61
4 62
5 62
8 62
9 62
10 62
15 62
16 62
32 62
43 62
44 62
47 62
61 62
1 63
8 63
14 63
21 63
24 63
28 63
34 63
35 63
36 63
50 63
53 63
59 63
12 64
15 64
22 64
26 64
34 64
41 64
45 64
54 64
57 64
62 64
2 65
11 65
13 65
15 65
26 65
31 65
42 65
57 65
64 65
8 66
12 66
13 66
32 66
37 66
41 66
42 66
45 66
47 66
49 66
51 66
65 66
0 67
1 67
5 67
7 67
14 67
28 67
33 67
40 67
49 67
53 67
17 68
21 68
34 68
48 68
59 68
63 68
0 69
6 69
8 69
21 69
22 69
30 69
38 69
1 70
4 70
12 70
13 70
14 70
28 70
32 70
39 70
44 70
60 70
62 70
1 71
5 71
12 71
33 71
36 71
47 71
52 71
55 71
62 71
65 71
66 71
68 71
8 72
10 72
11 72
25 72
28 72
38 72
40 72
60 72
6 73
14 73
24 73
27 73
29 73
34 73
46 73
48 73
58 73
60 73
8 74
14 74
20 74
22 74
36 74
45 74
46 74
49 74
53 74
58 74
66 74
67 74
72 74
4 75
5 75
13 75
21 75
24 75
34 75
35 75
57 75
67 75
68 75
71 75
3 76
12 76
18 76
23 76
36 76
38 76
40 76
46 76
49 76
62 76
65 76
72 76
23 77
26 77
28 77
33 77
44 77
46 77
48 77
55 77
69 77
71 77
76 77
1 78
2 78
5 78
8 78
10 78
13 78
14 78
16 78
21 78
28 78
29 78
31 78
33 78
46 78
47 78
52 78
64 78
67 78
69 78
4 79
13 79
15 79
22 79
53 79
64 79
74 79
12 80
18 80
24 80
29 80
33 80
36 80
49 80
52 80
53 80
56 80
61 80
78 80
3 81
5 81
10 81
12 81
20 81
27 81
31 81
37 81
42 81
50 81
51 81
53 81
54 81
56 81
70 81
73 81
75 81
2 82
12 82
30 82
33 82
35 82
36 82
41 82
44 82
57 82
74 82
75 82
77 82
80 82
19 83
24 83
27 83
29 83
33 83
38 83
42 83
43 83
44 83
56 83
57 83
59 83
63 83
69 83
70 83
79 83
0 84
1 84
6 84
14 84
23 84
26 84
35 84
38 84
39 84
40 84
42 84
49 84
52 84
55 84
61 84
62 84
74 84
75 84
77 84
3 85
7 85
9 85
14 85
17 85
40 85
52 85
55 85
76 85
77 85
79 85
1 86
4 86
13 86
20 86
35 86
42 86
45 86
55 86
59 86
68 86
71 86
73 86
77 86
13 87
15 87
16 87
17 87
18 87
33 87
48 87
54 87
56 87
59 87
60 87
61 87
63 87
77 87
82 87
2 88
8 88
9 88
13 88
17 88
19 88
29 88
45 88
62 88
68 88
71 88
84 88
85 88
86 88
7 89
8 89
27 89
28 89
31 89
33 89
41 89
44 89
45 89
46 89
48 89
55 89
60 89
67 89
70 89
77 89
82 89
0 90
1 90
8 90
9 90
10 90
14 90
25 90
29 90
32 90
36 90
47 90
56 90
60 90
62 90
67 90
77 90
89 90
7 91
14 91
19 91
20 91
28 91
31 91
33 91
35 91
41 91
42 91
52 91
54 91
55 91
71 91
72 91
73 91
74 91
78 91
81 91
86 91
2 92
4 92
6 92
8 92
15 92
24 92
25 92
29 92
33 92
36 92
38 92
55 92
62 92
63 92
67 92
75 92
76 92
77 92
83 92
4 93
8 93
18 93
21 93
23 93
29 93
31 93
36 93
40 93
41 93
63 93
67 93
68 93
74 93
88 93
11 94
25 94
41 94
49 94
58 94
59 94
81 94
82 94
88 94
89 94
4 95
13 95
18 95
31 95
33 95
40 95
41 95
50 95
52 95
60 95
64 95
76 95
79 95
86 95
87 95
88 95
90 95
91 95
94 95
8 96
19 96
41 96
49 96
57 96
58 96
62 96
71 96
73 96
75 96
86 96
89 96
17 97
23 97
28 97
31 97
35 97
40 97
41 97
51 97
59 97
62 97
64 97
69 97
70 97
80 97
87 97
88 97
96 97
4 98
10 98
15 98
28 98
39 98
41 98
43 98
44 98
47 98
52 98
56 98
64 98
68 98
72 98
82 98
87 98
88 98
90 98
2 99
4 99
5 99
16 99
18 99
22 99
26 99
30 99
34 99
35 99
41 99
49 99
50 99
77 99
78 99
80 99
88 99
95 99
98 99
