100 100 16
8 19 5 4 16 3 2 7 12 2 5 9 8 1 7 10 8 7 7 7 15 5 14 12 3 17 1 4 1 3 10 7 7 17 3 8 4 4 10 4 8 3 9 3 3 3 19 10 9 7 6 4 5 14 1 7 7 13 9 10 6 18 8 2 7 4 13 5 5 2 10 8 10 8 3 9 5 10 9 17 2 20 7 7 6 11 13 12 9 5 11 7 10 5 3 8 4 19 10 8
3 13
6 13
1 24
17 24
12 25
8 27
21 27
19 31
0 34
3 36
5 38
16 39
13 45
26 47
29 48
13 49
18 49
4 52
16 52
20 52
18 53
23 53
24 53
28 54
48 54
3 55
14 56
13 57
35 58
49 58
51 58
13 59
45 59
25 60
1 62
18 65
28 65
33 65
63 66
6 67
9 68
22 68
55 68
33 69
28 71
35 71
17 73
37 76
61 76
7 77
33 77
37 77
48 77
8 78
49 78
16 79
73 79
1 80
20 80
32 80
11 81
27 82
33 82
56 82
13 83
25 83
34 83
60 83
19 84
21 84
34 84
35 84
32 85
58 86
18 87
21 87
42 87
58 87
12 88
50 88
27 89
85 89
55 90
11 92
72 92
77 92
80 93
87 93
72 94
1 95
88 95
0 96
10 96
72 96
5 97
70 97
2 98
27 98
90 98
1 99
