100 1116 2
19 16 33 10 7 1 15 2 1 9 20 7 12 10 1 3 2 2 4 1 7 4 6 14 1 4 2 38 7 17 43 7 14 10 5 9 7 1 8 2 8 17 9 6 2 8 2 4 9 10 26 12 2 2 1 1 18 21 2 8 6 7 22 41 3 5 6 25 1 3 8 6 14 1 11 1 22 11 18 4 9 2 4 1 8 16 12 3 18 1 1 6 16 5 2 2 5 16 7 3
0 10
4 10
7 10
0 11
4 12
6 12
3 13
9 13
3 14
6 14
9 14
0 15
2 15
3 15
0 16
8 16
1 17
5 17
7 17
8 17
9 17
7 19
8 19
11 19
12 19
15 19
12 20
1 21
8 21
12 21
13 21
17 21
1 22
9 22
14 22
15 22
17 22
18 22
3 23
7 23
9 23
11 23
12 23
13 23
15 23
16 23
3 24
5 24
10 24
15 24
17 24
9 25
11 25
14 25
15 25
17 25
18 25
4 26
10 26
11 26
14 26
15 26
16 26
17 26
18 26
4 27
7 27
1 28
7 28
15 28
2 29
5 29
6 29
9 29
13 29
16 29
19 29
26 29
0 30
9 30
15 30
6 31
10 31
11 31
12 31
22 31
23 31
27 31
3 32
4 32
5 32
6 32
11 32
19 32
20 32
21 32
23 32
24 32
25 32
2 33
4 33
10 33
14 33
22 33
3 34
4 34
13 34
14 34
16 34
17 34
21 34
24 34
3 35
4 35
6 35
10 35
12 35
17 35
20 35
22 35
25 35
0 36
6 36
14 36
15 36
17 36
23 36
24 36
26 36
4 37
7 37
9 37
10 37
11 37
18 37
19 37
25 37
26 37
0 38
4 38
10 38
13 38
15 38
22 38
25 38
27 38
30 38
31 38
8 39
9 39
10 39
12 39
14 39
26 39
27 39
29 39
31 39
32 39
33 39
36 39
37 39
3 40
6 40
7 40
8 40
10 40
16 40
18 40
24 40
27 40
28 40
34 40
4 41
7 41
12 41
15 41
19 41
32 41
36 41
8 42
10 42
16 42
18 42
20 42
25 42
27 42
32 42
37 42
2 43
4 43
5 43
17 43
19 43
22 43
36 43
4 44
5 44
6 44
7 44
8 44
11 44
17 44
22 44
32 44
34 44
2 45
3 45
7 45
13 45
15 45
16 45
25 45
28 45
29 45
0 46
8 46
10 46
16 46
29 46
30 46
31 46
32 46
34 46
36 46
8 47
21 47
25 47
27 47
32 47
36 47
37 47
11 48
13 48
17 48
22 48
32 48
4 49
6 49
9 49
10 49
14 49
15 49
16 49
22 49
32 49
3 50
9 50
11 50
15 50
19 50
21 50
27 50
29 50
31 50
35 50
37 50
7 51
8 51
10 51
15 51
18 51
19 51
21 51
33 51
40 51
43 51
48 51
2 52
5 52
6 52
8 52
9 52
10 52
12 52
16 52
24 52
25 52
27 52
28 52
29 52
33 52
35 52
36 52
38 52
41 52
43 52
47 52
0 53
5 53
6 53
9 53
10 53
12 53
16 53
17 53
18 53
22 53
23 53
26 53
29 53
36 53
42 53
45 53
49 53
18 54
33 54
39 54
44 54
9 55
10 55
14 55
17 55
22 55
26 55
29 55
34 55
35 55
41 55
44 55
46 55
0 56
1 56
8 56
9 56
10 56
11 56
20 56
28 56
29 56
34 56
44 56
47 56
48 56
0 57
2 57
5 57
6 57
13 57
16 57
17 57
19 57
20 57
23 57
28 57
33 57
35 57
36 57
38 57
41 57
44 57
45 57
46 57
0 58
1 58
4 58
5 58
9 58
13 58
15 58
18 58
25 58
27 58
31 58
32 58
34 58
37 58
43 58
45 58
7 59
8 59
10 59
12 59
13 59
16 59
17 59
22 59
24 59
26 59
30 59
33 59
37 59
39 59
0 60
2 60
9 60
17 60
18 60
20 60
23 60
25 60
31 60
33 60
34 60
36 60
45 60
49 60
50 60
4 61
6 61
17 61
19 61
21 61
29 61
30 61
35 61
40 61
51 61
2 62
4 62
5 62
10 62
14 62
18 62
20 62
22 62
23 62
25 62
39 62
41 62
45 62
46 62
47 62
49 62
50 62
1 63
4 63
5 63
7 63
12 63
14 63
16 63
27 63
30 63
32 63
33 63
34 63
38 63
39 63
40 63
44 63
46 63
49 63
55 63
59 63
60 63
13 64
14 64
17 64
18 64
20 64
25 64
27 64
28 64
32 64
36 64
11 65
12 65
13 65
15 65
19 65
20 65
23 65
29 65
32 65
36 65
42 65
47 65
58 65
3 66
4 66
11 66
16 66
17 66
18 66
21 66
28 66
29 66
30 66
33 66
36 66
46 66
50 66
52 66
54 66
55 66
58 66
1 67
4 67
18 67
20 67
22 67
31 67
35 67
36 67
43 67
49 67
53 67
54 67
57 67
0 68
3 68
5 68
18 68
21 68
30 68
31 68
32 68
37 68
44 68
48 68
3 69
6 69
8 69
17 69
19 69
24 69
41 69
45 69
47 69
48 69
50 69
52 69
54 69
57 69
59 69
60 69
2 70
5 70
6 70
7 70
13 70
18 70
21 70
22 70
25 70
26 70
28 70
30 70
38 70
40 70
55 70
56 70
8 71
10 71
11 71
13 71
14 71
15 71
17 71
18 71
21 71
22 71
24 71
30 71
35 71
40 71
50 71
55 71
56 71
57 71
62 71
65 71
67 71
1 72
5 72
6 72
8 72
14 72
19 72
21 72
32 72
35 72
36 72
37 72
38 72
40 72
43 72
44 72
47 72
49 72
64 72
67 72
68 72
69 72
0 73
1 73
4 73
10 73
12 73
14 73
20 73
32 73
33 73
47 73
48 73
51 73
52 73
54 73
56 73
64 73
66 73
4 74
7 74
9 74
12 74
18 74
23 74
25 74
27 74
29 74
33 74
40 74
43 74
58 74
63 74
68 74
1 75
13 75
16 75
21 75
22 75
28 75
33 75
35 75
40 75
42 75
50 75
65 75
0 76
6 76
8 76
10 76
21 76
27 76
30 76
33 76
38 76
40 76
50 76
51 76
57 76
64 76
12 77
13 77
17 77
21 77
22 77
24 77
26 77
30 77
32 77
33 77
35 77
37 77
39 77
40 77
41 77
46 77
54 77
66 77
70 77
2 78
5 78
6 78
7 78
14 78
15 78
17 78
27 78
29 78
32 78
35 78
38 78
40 78
47 78
49 78
63 78
67 78
10 79
19 79
20 79
23 79
26 79
31 79
35 79
39 79
40 79
42 79
56 79
57 79
62 79
64 79
2 80
3 80
6 80
7 80
9 80
10 80
12 80
14 80
17 80
19 80
20 80
27 80
34 80
35 80
37 80
41 80
43 80
44 80
56 80
60 80
65 80
66 80
70 80
0 81
10 81
18 81
23 81
25 81
26 81
35 81
40 81
44 81
47 81
48 81
59 81
60 81
70 81
2 82
3 82
5 82
6 82
20 82
22 82
23 82
28 82
29 82
32 82
39 82
40 82
41 82
50 82
53 82
58 82
60 82
66 82
68 82
77 82
6 83
7 83
9 83
10 83
30 83
33 83
52 83
55 83
59 83
64 83
66 83
72 83
73 83
4 84
10 84
11 84
12 84
22 84
29 84
33 84
35 84
38 84
47 84
48 84
50 84
56 84
60 84
61 84
62 84
70 84
71 84
74 84
0 85
1 85
4 85
6 85
15 85
17 85
20 85
26 85
27 85
37 85
42 85
44 85
45 85
52 85
53 85
54 85
55 85
56 85
67 85
69 85
71 85
8 86
10 86
14 86
18 86
21 86
22 86
30 86
34 86
36 86
45 86
52 86
68 86
69 86
70 86
72 86
78 86
81 86
7 87
9 87
15 87
17 87
19 87
24 87
25 87
27 87
31 87
38 87
41 87
46 87
47 87
56 87
59 87
61 87
65 87
67 87
70 87
77 87
79 87
0 88
4 88
5 88
6 88
18 88
21 88
25 88
28 88
29 88
30 88
33 88
35 88
40 88
43 88
48 88
55 88
58 88
63 88
64 88
65 88
66 88
67 88
69 88
75 88
81 88
3 89
6 89
8 89
13 89
14 89
21 89
23 89
32 89
34 89
36 89
37 89
40 89
49 89
50 89
51 89
60 89
63 89
65 89
66 89
71 89
79 89
0 90
2 90
5 90
6 90
7 90
8 90
20 90
22 90
32 90
33 90
42 90
44 90
45 90
46 90
49 90
54 90
56 90
60 90
63 90
64 90
65 90
66 90
72 90
76 90
78 90
81 90
85 90
8 91
11 91
15 91
16 91
21 91
24 91
25 91
29 91
33 91
37 91
42 91
47 91
50 91
61 91
62 91
64 91
82 91
5 92
9 92
11 92
15 92
17 92
20 92
21 92
27 92
30 92
35 92
41 92
51 92
56 92
66 92
67 92
73 92
81 92
82 92
85 92
87 92
3 93
4 93
9 93
12 93
14 93
20 93
21 93
23 93
27 93
28 93
29 93
40 93
56 93
58 93
61 93
62 93
66 93
72 93
76 93
78 93
81 93
82 93
87 93
2 94
9 94
12 94
15 94
20 94
23 94
25 94
28 94
33 94
36 94
41 94
45 94
49 94
53 94
55 94
57 94
60 94
61 94
66 94
67 94
69 94
77 94
81 94
87 94
3 95
7 95
14 95
15 95
18 95
21 95
26 95
34 95
38 95
42 95
43 95
46 95
47 95
49 95
52 95
56 95
61 95
62 95
64 95
71 95
81 95
10 96
13 96
15 96
20 96
21 96
26 96
29 96
33 96
36 96
41 96
42 96
47 96
49 96
51 96
52 96
53 96
60 96
63 96
69 96
73 96
84 96
86 96
89 96
2 97
3 97
7 97
12 97
13 97
19 97
20 97
21 97
22 97
28 97
31 97
33 97
34 97
42 97
49 97
51 97
53 97
58 97
60 97
63 97
66 97
71 97
73 97
75 97
76 97
81 97
85 97
88 97
89 97
4 98
5 98
11 98
14 98
15 98
16 98
17 98
21 98
22 98
26 98
32 98
35 98
39 98
50 98
55 98
56 98
58 98
67 98
72 98
79 98
89 98
0 99
4 99
8 99
9 99
11 99
16 99
17 99
20 99
22 99
31 99
32 99
46 99
48 99
50 99
51 99
59 99
61 99
67 99
68 99
72 99
75 99
80 99
81 99
84 99
87 99
