100 886 2
5 3 4 10 3 15 15 22 13 32 10 7 3 4 2 1 1 17 10 2 7 7 2 46 1 5 5 26 20 5 4 12 6 21 1 9 20 28 9 21 4 16 7 8 1 8 5 9 11 26 1 22 4 3 12 3 1 3 11 15 3 12 6 10 2 11 6 21 2 11 10 15 14 6 13 24 8 6 1 4 34 3 5 13 9 33 33 4 5 26 2 7 12 12 19 1 2 4 3 19
1 3
1 6
3 8
0 9
6 9
8 9
2 10
4 10
6 10
7 10
9 11
1 12
3 12
4 12
8 12
0 13
5 13
4 14
10 14
12 14
7 15
1 16
3 16
6 16
7 16
12 16
13 16
7 17
8 17
12 17
16 17
12 18
13 18
5 19
13 19
5 20
7 20
15 20
2 21
3 21
9 21
14 21
9 22
10 22
12 22
15 22
19 22
4 23
6 23
14 23
21 23
7 24
11 24
17 24
18 24
1 25
5 25
0 26
4 26
10 26
14 26
18 26
19 26
25 26
10 27
11 27
19 27
23 27
5 28
7 28
22 28
1 29
7 29
9 29
11 29
14 29
19 29
1 30
9 30
12 30
13 30
19 30
20 30
28 30
29 30
2 31
10 31
16 31
27 31
0 32
10 32
17 32
18 32
13 33
17 33
32 33
0 34
3 34
4 34
20 34
0 35
2 35
10 35
17 35
18 35
20 35
21 35
2 36
4 36
5 36
7 36
15 36
23 36
28 36
34 36
35 36
2 37
5 37
11 37
14 37
27 37
30 37
32 37
34 37
5 38
6 38
11 38
22 38
24 38
31 38
33 38
34 38
3 39
4 39
8 39
18 39
22 39
35 39
37 39
2 40
3 40
6 40
8 40
10 40
14 40
17 40
28 40
30 40
33 40
36 40
2 41
3 41
5 41
9 41
15 41
16 41
29 41
32 41
35 41
6 42
12 42
19 42
24 42
27 42
33 42
35 42
8 43
23 43
24 43
25 43
34 43
40 43
42 43
4 44
9 44
21 44
22 44
25 44
33 44
38 44
39 44
42 44
2 45
4 45
11 45
12 45
14 45
16 45
19 45
22 45
24 45
30 45
38 45
12 46
13 46
14 46
18 46
21 46
39 46
40 46
4 47
6 47
8 47
9 47
18 47
21 47
36 47
42 47
3 48
6 48
12 48
15 48
20 48
30 48
32 48
33 48
40 48
44 48
46 48
1 49
22 49
23 49
32 49
41 49
47 49
12 50
14 50
30 50
48 50
1 51
11 51
12 51
24 51
39 51
40 51
44 51
50 51
2 52
4 52
5 52
12 52
19 52
22 52
29 52
30 52
38 52
40 52
47 52
5 53
11 53
14 53
26 53
30 53
44 53
46 53
49 53
50 53
1 54
6 54
9 54
10 54
16 54
20 54
30 54
53 54
5 55
8 55
9 55
10 55
14 55
24 55
36 55
38 55
40 55
42 55
50 55
2 56
7 56
11 56
22 56
28 56
30 56
31 56
37 56
44 56
53 56
54 56
0 57
5 57
10 57
22 57
23 57
37 57
39 57
55 57
6 58
10 58
11 58
15 58
28 58
29 58
31 58
34 58
36 58
40 58
43 58
52 58
23 59
29 59
32 59
33 59
45 59
46 59
52 59
53 59
55 59
56 59
3 60
15 60
22 60
39 60
46 60
50 60
1 61
4 61
10 61
16 61
20 61
27 61
33 61
44 61
54 61
59 61
4 62
17 62
28 62
36 62
39 62
40 62
45 62
49 62
52 62
58 62
0 63
2 63
5 63
10 63
29 63
31 63
32 63
33 63
49 63
50 63
51 63
13 64
15 64
27 64
32 64
39 64
44 64
60 64
62 64
7 65
15 65
16 65
22 65
27 65
29 65
32 65
40 65
42 65
43 65
46 65
47 65
59 65
8 66
13 66
17 66
51 66
65 66
1 67
8 67
15 67
16 67
17 67
21 67
25 67
29 67
39 67
42 67
45 67
55 67
60 67
64 67
1 68
5 68
6 68
12 68
14 68
15 68
16 68
24 68
33 68
40 68
44 68
51 68
59 68
66 68
3 69
6 69
9 69
14 69
18 69
26 69
30 69
33 69
36 69
45 69
57 69
62 69
66 69
16 70
17 70
20 70
32 70
37 70
40 70
42 70
43 70
50 70
54 70
57 70
61 70
63 70
7 71
8 71
10 71
11 71
17 71
18 71
31 71
34 71
35 71
37 71
39 71
57 71
60 71
65 71
67 71
8 72
9 72
12 72
24 72
27 72
34 72
43 72
49 72
51 72
53 72
54 72
59 72
61 72
65 72
68 72
9 73
15 73
21 73
29 73
31 73
53 73
56 73
59 73
65 73
66 73
69 73
70 73
2 74
4 74
23 74
35 74
37 74
38 74
42 74
51 74
55 74
58 74
64 74
67 74
68 74
0 75
8 75
11 75
15 75
18 75
22 75
23 75
31 75
32 75
33 75
35 75
36 75
45 75
46 75
47 75
53 75
54 75
59 75
67 75
5 76
25 76
36 76
38 76
40 76
42 76
44 76
53 76
55 76
57 76
61 76
69 76
73 76
74 76
75 76
1 77
13 77
14 77
16 77
20 77
25 77
27 77
31 77
36 77
42 77
45 77
48 77
49 77
52 77
54 77
56 77
58 77
60 77
68 77
75 77
5 78
7 78
18 78
20 78
26 78
29 78
37 78
41 78
48 78
49 78
57 78
65 78
69 78
73 78
75 78
8 79
17 79
27 79
40 79
42 79
57 79
60 79
71 79
73 79
77 79
6 80
16 80
18 80
22 80
24 80
25 80
26 80
30 80
31 80
49 80
2 81
3 81
4 81
11 81
18 81
26 81
28 81
29 81
36 81
46 81
50 81
52 81
54 81
55 81
58 81
72 81
14 82
16 82
19 82
25 82
30 82
35 82
36 82
44 82
51 82
58 82
59 82
66 82
69 82
73 82
79 82
81 82
0 83
1 83
16 83
28 83
31 83
48 83
73 83
77 83
78 83
2 84
4 84
5 84
17 84
25 84
27 84
30 84
32 84
37 84
49 84
53 84
59 84
63 84
64 84
67 84
77 84
82 84
4 85
6 85
7 85
10 85
12 85
16 85
20 85
43 85
45 85
51 85
52 85
53 85
60 85
64 85
65 85
67 85
79 85
4 86
8 86
11 86
24 86
35 86
50 86
51 86
64 86
65 86
69 86
75 86
82 86
3 87
4 87
10 87
11 87
16 87
20 87
29 87
34 87
35 87
39 87
46 87
47 87
50 87
60 87
65 87
67 87
80 87
83 87
84 87
86 87
20 88
38 88
48 88
54 88
55 88
62 88
69 88
74 88
77 88
86 88
0 89
1 89
2 89
3 89
4 89
8 89
22 89
25 89
26 89
30 89
39 89
41 89
42 89
44 89
45 89
46 89
50 89
55 89
59 89
68 89
70 89
88 89
11 90
13 90
21 90
28 90
30 90
41 90
43 90
51 90
57 90
67 90
70 90
74 90
79 90
0 91
1 91
3 91
9 91
14 91
22 91
25 91
26 91
41 91
44 91
54 91
58 91
64 91
65 91
67 91
75 91
83 91
4 92
11 92
19 92
26 92
29 92
40 92
47 92
59 92
61 92
62 92
64 92
73 92
77 92
90 92
91 92
8 93
16 93
17 93
19 93
48 93
52 93
54 93
55 93
62 93
69 93
74 93
75 93
87 93
88 93
89 93
91 93
0 94
4 94
8 94
13 94
25 94
33 94
36 94
47 94
49 94
57 94
77 94
85 94
88 94
89 94
1 95
3 95
4 95
7 95
13 95
14 95
28 95
29 95
33 95
35 95
43 95
58 95
60 95
62 95
83 95
84 95
85 95
87 95
89 95
3 96
6 96
8 96
15 96
16 96
18 96
19 96
24 96
38 96
42 96
43 96
44 96
45 96
47 96
52 96
57 96
59 96
64 96
81 96
85 96
88 96
94 96
0 97
1 97
2 97
3 97
9 97
11 97
13 97
20 97
34 97
37 97
40 97
46 97
51 97
55 97
62 97
77 97
82 97
83 97
89 97
5 98
12 98
15 98
19 98
21 98
24 98
27 98
31 98
32 98
36 98
52 98
54 98
58 98
59 98
79 98
80 98
85 98
87 98
12 99
16 99
33 99
38 99
39 99
47 99
49 99
57 99
59 99
64 99
71 99
76 99
79 99
81 99
88 99
92 99
