100 701 2
7 4 5 5 5 5 6 6 3 5 6 6 7 5 5 4 6 6 7 5 5 7 5 6 5 7 7 5 5 6 3 5 5 4 7 7 7 8 5 6 6 6 4 6 5 6 3 5 5 7 5 5 6 6 5 5 6 6 7 6 6 5 7 4 5 7 6 6 5 3 6 6 5 4 5 6 6 5 6 6 5 5 6 5 5 6 4 6 6 6 4 7 8 6 6 7 5 6 6 8
1 2
2 3
0 4
2 4
3 4
1 6
4 6
0 8
2 8
8 9
0 10
3 10
7 10
8 10
1 11
8 11
11 12
7 13
8 13
3 14
1 15
2 15
6 15
13 15
15 17
3 18
0 19
2 19
10 19
18 19
10 20
5 21
6 21
15 21
1 22
12 22
19 22
7 23
2 24
3 24
7 24
15 24
17 24
10 25
17 25
24 25
4 26
5 26
10 26
15 26
17 26
24 26
11 28
12 28
20 28
0 29
17 29
22 29
2 30
10 30
5 31
11 31
18 31
23 31
3 32
23 32
30 32
7 33
11 33
18 33
24 33
3 34
14 34
17 34
23 34
24 34
25 34
3 35
5 35
9 35
23 35
24 35
33 35
6 36
15 36
19 36
21 36
29 36
31 36
15 37
21 37
24 37
27 37
29 37
30 37
6 38
11 38
16 38
18 38
22 38
33 38
5 39
6 39
19 39
21 39
25 39
28 39
36 39
0 40
7 40
28 40
31 40
34 40
9 41
18 41
26 41
31 41
34 41
38 41
1 42
4 42
10 42
11 42
12 42
13 42
16 42
20 42
29 42
32 43
41 43
1 44
14 44
15 44
18 44
25 44
28 44
35 44
36 44
39 44
43 44
3 45
34 45
39 45
15 46
19 46
24 46
29 46
32 46
37 46
9 47
10 47
23 47
24 47
28 47
36 47
42 47
7 48
9 48
17 48
19 48
22 48
35 48
44 48
46 48
8 49
12 49
19 49
39 49
8 50
15 50
22 50
26 50
30 50
38 50
48 50
2 51
7 51
8 51
12 51
23 51
31 51
36 51
44 51
45 51
0 52
4 52
21 52
23 52
24 52
40 52
42 52
43 52
45 52
49 52
51 52
2 53
7 53
11 53
18 53
31 53
47 53
9 54
15 54
17 54
32 54
35 54
40 54
48 54
53 54
24 55
31 55
32 55
35 55
38 55
48 55
2 56
11 56
19 56
25 56
27 56
35 56
40 56
42 56
5 57
10 57
34 57
0 58
6 58
8 58
32 58
33 58
40 58
41 58
43 58
47 58
50 58
51 58
54 58
6 59
8 59
14 59
29 59
48 59
9 60
21 60
24 60
30 60
33 60
38 60
52 60
53 60
59 60
6 61
10 61
13 61
18 61
19 61
22 61
32 61
48 61
50 61
57 61
3 62
7 62
16 62
27 62
49 62
58 62
0 63
10 63
16 63
17 63
28 63
29 63
31 63
37 63
38 63
40 63
44 63
45 63
46 63
53 63
59 63
3 64
12 64
16 64
38 64
39 64
53 64
11 65
21 65
25 65
30 65
45 65
50 65
53 65
58 65
59 65
6 66
7 66
8 66
13 66
18 66
23 66
25 66
34 66
47 66
50 66
58 66
11 67
17 67
25 67
27 67
29 67
38 67
50 67
58 67
59 67
66 67
3 68
6 68
7 68
8 68
13 68
15 68
29 68
30 68
41 68
50 68
56 68
0 69
13 69
16 69
28 69
40 69
44 69
49 69
3 70
6 70
21 70
34 70
39 70
40 70
43 70
45 70
48 70
57 70
62 70
65 70
8 71
12 71
15 71
17 71
20 71
21 71
36 71
39 71
51 71
55 71
56 71
59 71
61 71
7 72
13 72
14 72
16 72
21 72
26 72
31 72
46 72
50 72
58 72
66 72
5 73
6 73
24 73
26 73
29 73
37 73
45 73
46 73
64 73
69 73
4 74
11 74
14 74
26 74
39 74
41 74
49 74
53 74
62 74
9 75
15 75
19 75
21 75
37 75
50 75
51 75
56 75
61 75
69 75
71 75
9 76
10 76
13 76
21 76
23 76
26 76
29 76
40 76
43 76
53 76
59 76
67 76
72 76
74 76
3 77
8 77
11 77
27 77
34 77
38 77
48 77
59 77
62 77
74 77
0 78
5 78
17 78
34 78
47 78
49 78
53 78
59 78
0 79
3 79
8 79
24 79
41 79
45 79
47 79
54 79
58 79
70 79
73 79
75 79
76 79
8 80
17 80
21 80
23 80
41 80
42 80
43 80
45 80
48 80
49 80
52 80
68 80
77 80
5 81
10 81
34 81
39 81
52 81
67 81
77 81
3 82
8 82
19 82
41 82
46 82
47 82
58 82
66 82
76 82
77 82
0 83
1 83
27 83
29 83
37 83
40 83
42 83
51 83
55 83
60 83
63 83
74 83
79 83
0 84
1 84
4 84
10 84
18 84
23 84
25 84
34 84
41 84
55 84
60 84
64 84
68 84
2 85
6 85
10 85
14 85
18 85
25 85
29 85
30 85
42 85
52 85
56 85
58 85
83 85
84 85
0 86
1 86
5 86
14 86
25 86
27 86
31 86
39 86
49 86
58 86
62 86
64 86
71 86
79 86
81 86
1 87
5 87
11 87
12 87
13 87
18 87
21 87
27 87
31 87
33 87
40 87
42 87
49 87
50 87
53 87
58 87
74 87
78 87
1 88
12 88
25 88
42 88
45 88
54 88
58 88
84 88
8 89
26 89
40 89
41 89
45 89
48 89
50 89
53 89
59 89
61 89
72 89
74 89
76 89
88 89
7 90
17 90
22 90
33 90
38 90
42 90
46 90
61 90
62 90
67 90
72 90
73 90
86 90
88 90
4 91
8 91
9 91
10 91
12 91
13 91
26 91
51 91
59 91
77 91
82 91
89 91
3 92
11 92
27 92
28 92
29 92
33 92
41 92
43 92
51 92
53 92
69 92
71 92
76 92
1 93
3 93
25 93
28 93
30 93
33 93
35 93
58 93
59 93
71 93
1 94
10 94
21 94
36 94
40 94
41 94
56 94
61 94
82 94
86 94
92 94
93 94
3 95
7 95
10 95
14 95
17 95
24 95
41 95
42 95
54 95
62 95
63 95
5 96
7 96
18 96
24 96
42 96
51 96
63 96
64 96
74 96
84 96
87 96
2 97
4 97
28 97
30 97
44 97
45 97
51 97
52 97
54 97
60 97
62 97
68 97
77 97
79 97
82 97
3 98
12 98
13 98
30 98
34 98
38 98
46 98
52 98
55 98
68 98
84 98
92 98
93 98
6 99
20 99
26 99
32 99
38 99
41 99
54 99
55 99
59 99
66 99
70 99
73 99
74 99
79 99
83 99
90 99
91 99
