100 303 2
8 3 3 21 13 6 13 5 10 8 8 5 3 6 4 33 13 3 7 1 9 4 3 11 8 4 7 7 3 3 5 3 2 2 47 6 13 10 7 9 19 14 19 3 4 13 3 12 9 8 4 11 9 3 28 43 19 13 7 3 2 6 16 5 15 20 9 28 14 6 6 6 30 6 4 6 6 9 4 2 13 1 4 4 26 4 2 18 8 7 5 2 10 11 9 2 18 3 2 16
2 11
6 11
6 12
5 14
1 21
8 21
2 22
9 22
8 23
13 23
6 24
7 24
18 24
4 25
10 25
13 26
16 27
10 28
3 30
17 30
27 30
4 31
19 31
23 31
3 33
26 33
22 34
28 34
3 35
6 35
13 35
16 35
24 35
3 36
8 36
13 38
29 38
24 39
0 40
2 40
13 40
15 40
24 41
28 41
14 42
21 42
33 42
35 42
37 42
31 43
38 43
1 44
3 45
26 45
35 45
9 46
29 46
36 46
8 47
40 47
3 48
7 48
40 48
4 49
9 49
21 49
0 50
9 50
29 50
36 51
37 51
45 51
7 52
41 52
45 52
19 53
30 53
13 55
25 55
30 55
43 55
47 55
9 56
12 56
45 56
49 56
1 57
2 57
22 57
23 57
27 57
2 58
7 58
22 59
26 59
47 59
11 60
17 60
34 60
41 60
3 61
4 61
6 61
27 61
50 61
0 62
11 62
25 62
5 63
10 63
38 63
48 63
9 65
16 65
27 65
51 65
58 65
2 66
8 66
10 66
12 66
22 66
35 66
46 66
51 66
59 66
19 67
28 67
29 67
37 67
18 68
28 68
35 68
42 68
43 68
46 68
56 68
12 69
34 69
37 69
46 69
28 70
32 70
35 70
64 70
3 71
34 71
35 71
40 71
47 71
26 72
30 72
64 72
69 72
14 73
16 73
21 73
39 73
55 73
4 74
6 74
20 74
39 74
50 74
1 75
15 75
24 75
28 75
35 75
2 76
6 76
9 76
33 76
41 76
63 76
65 76
69 76
7 77
25 77
31 77
44 77
58 77
25 78
47 78
51 78
57 78
66 78
56 79
10 80
17 80
28 80
41 80
45 80
55 80
57 80
23 81
27 81
32 81
40 81
42 81
51 81
74 81
75 81
3 82
14 82
24 82
27 82
31 82
48 82
51 82
57 82
63 82
67 82
72 82
7 83
13 83
16 83
41 83
55 83
72 83
75 83
16 84
21 84
27 84
43 84
74 84
7 85
24 85
26 85
29 85
36 85
45 86
61 86
34 87
37 87
55 87
86 87
12 88
24 88
28 88
31 88
45 88
54 88
86 88
4 89
30 89
45 89
73 89
84 89
3 90
29 90
39 90
46 90
62 90
66 90
71 90
72 90
31 91
12 92
18 92
75 92
77 92
79 92
0 93
2 93
8 93
48 93
74 93
83 93
12 94
14 94
31 94
36 94
67 94
72 94
13 95
34 95
68 95
75 95
6 96
18 96
28 96
50 96
53 96
64 96
71 96
84 96
11 97
13 97
76 97
1 98
4 98
31 98
35 98
50 98
61 98
75 98
81 98
84 98
4 99
10 99
57 99
63 99
