100 366 2
12 11 7 15 14 7 16 12 13 13 4 9 9 11 10 7 15 11 11 7 7 11 9 12 10 9 14 11 12 10 10 10 15 8 6 9 10 9 12 11 4 12 8 8 14 13 11 12 14 12 14 12 10 4 6 7 10 7 12 9 8 12 18 8 10 12 13 12 9 8 10 12 9 10 9 9 16 6 8 11 15 11 8 7 11 8 15 8 6 9 13 11 10 9 7 9 10 6 5 16
0 9
6 9
2 10
1 11
1 12
0 15
3 16
11 20
12 20
15 20
2 22
6 22
5 23
18 23
2 24
8 24
14 24
7 25
8 26
0 27
3 27
15 27
15 29
19 29
22 29
6 30
11 30
22 30
12 31
16 31
18 31
20 31
25 31
9 32
10 32
12 32
6 33
11 33
7 34
27 34
0 35
17 35
2 36
18 36
25 36
1 37
10 37
2 38
11 38
13 38
23 38
22 39
8 40
9 40
10 40
0 41
1 41
0 42
1 42
2 42
6 42
9 42
12 42
17 42
19 42
23 42
29 42
35 42
15 43
17 43
19 43
37 43
3 44
26 44
28 44
38 44
2 45
17 45
23 45
39 45
2 46
6 46
23 46
29 46
0 48
5 48
6 48
10 48
18 48
31 48
3 49
4 49
5 49
18 49
39 49
16 51
30 51
31 51
33 51
42 51
4 52
11 52
19 52
22 52
23 52
46 52
21 53
23 53
32 53
43 53
10 54
7 55
30 55
16 56
27 56
30 56
23 57
25 57
13 58
33 58
36 58
37 59
50 59
57 59
1 60
30 60
35 60
45 60
2 61
15 61
18 61
20 61
32 61
39 61
50 61
8 62
29 62
12 63
13 63
17 63
18 63
22 63
28 63
33 63
38 63
39 63
52 63
55 63
17 64
54 64
11 65
16 65
21 65
31 65
45 65
46 65
57 65
2 66
22 66
24 66
26 66
32 66
34 66
36 66
57 66
2 67
13 67
21 67
26 67
27 67
50 67
56 67
61 67
64 67
13 68
43 68
58 68
59 68
60 68
66 68
4 69
15 69
33 69
12 70
13 70
14 70
19 70
26 70
30 70
52 70
0 71
11 71
27 71
48 71
49 71
57 71
21 72
44 72
62 72
9 73
12 73
22 73
29 73
32 73
35 73
38 73
46 73
49 73
26 74
56 74
60 74
8 75
16 75
32 75
50 75
59 75
61 75
64 75
13 76
20 76
22 76
54 76
4 77
31 77
34 77
53 77
61 77
4 78
21 78
43 78
61 78
63 78
66 78
10 79
43 79
45 79
46 79
67 79
22 80
25 80
56 80
58 80
61 80
66 80
76 80
2 81
3 81
26 81
38 81
77 81
34 82
3 83
34 83
36 83
3 84
7 84
8 84
27 84
29 84
34 84
43 84
54 84
63 84
16 85
45 85
55 85
1 86
11 86
31 86
34 86
51 86
6 87
18 87
34 87
52 87
66 87
70 87
74 87
5 88
6 88
14 88
25 88
31 88
35 88
55 88
76 88
6 89
12 89
21 89
57 89
76 89
83 89
85 89
2 90
3 90
27 90
35 90
40 90
47 90
49 90
58 90
23 91
38 91
68 91
70 91
73 91
74 91
80 91
20 92
33 92
70 92
87 92
22 93
30 93
37 93
52 93
68 93
69 93
75 93
77 93
79 93
85 93
87 93
41 94
45 94
58 94
69 94
3 95
7 95
19 95
22 95
23 95
37 95
46 95
68 95
69 95
1 96
13 96
14 96
19 96
20 96
45 96
75 96
3 97
10 97
11 97
29 97
34 97
41 97
54 97
79 97
80 97
85 97
1 98
13 98
21 98
56 98
70 98
84 98
24 99
25 99
26 99
30 99
32 99
40 99
82 99
