100 1736 16
6 1 7 10 4 3 5 6 9 4 2 6 6 5 6 1 3 2 6 4 3 6 4 5 5 1 4 7 9 1 10 9 3 10 3 3 4 4 10 4 3 4 3 2 5 1 2 6 8 3 4 3 10 9 5 6 2 5 5 1 8 8 5 10 8 6 1 10 2 6 6 10 7 8 8 3 7 10 2 2 5 9 4 5 4 7 1 2 2 9 1 4 1 2 4 6 6 2 8 6
1 2
1 4
2 4
0 5
2 5
4 5
1 6
2 6
4 6
5 7
0 8
1 8
3 8
6 8
4 9
7 9
1 10
2 10
4 10
0 11
2 11
3 11
7 11
9 11
7 12
9 12
10 12
4 13
12 13
0 14
4 14
5 14
7 14
8 14
10 14
11 14
12 14
0 15
11 15
12 15
13 15
14 15
2 16
5 16
7 16
9 16
12 16
13 16
1 17
2 17
3 17
5 17
7 17
8 17
13 17
15 17
1 18
13 18
1 19
6 19
8 19
9 19
14 19
16 19
17 19
18 19
7 20
9 20
11 20
12 20
1 21
10 21
12 21
14 21
16 21
17 21
18 21
19 21
2 22
4 22
7 22
8 22
13 22
17 22
20 22
10 23
13 23
16 23
17 23
20 23
21 23
2 24
5 24
10 24
11 24
16 24
17 24
19 24
20 24
22 24
6 25
7 25
8 25
10 25
11 25
12 25
14 25
17 25
19 25
20 25
4 26
7 26
13 26
17 26
19 26
20 26
0 27
3 27
11 27
12 27
15 27
17 27
22 27
23 27
25 27
26 27
0 28
5 28
7 28
9 28
10 28
16 28
18 28
20 28
27 28
2 29
5 29
6 29
8 29
9 29
10 29
11 29
12 29
15 29
19 29
21 29
22 29
23 29
27 29
28 29
2 30
5 30
6 30
8 30
9 30
11 30
12 30
15 30
24 30
27 30
28 30
1 31
3 31
5 31
10 31
11 31
15 31
17 31
20 31
23 31
24 31
27 31
30 31
3 32
6 32
9 32
14 32
16 32
19 32
20 32
21 32
26 32
27 32
28 32
31 32
5 33
8 33
12 33
13 33
15 33
16 33
25 33
27 33
29 33
30 33
3 34
4 34
6 34
11 34
12 34
14 34
24 34
25 34
33 34
0 35
4 35
11 35
12 35
14 35
16 35
17 35
20 35
21 35
23 35
30 35
33 35
34 35
0 36
1 36
3 36
7 36
8 36
9 36
13 36
16 36
18 36
23 36
25 36
26 36
31 36
34 36
1 37
2 37
3 37
4 37
6 37
10 37
11 37
12 37
13 37
14 37
15 37
16 37
19 37
20 37
24 37
31 37
32 37
34 37
35 37
36 37
1 38
7 38
8 38
9 38
11 38
13 38
19 38
25 38
26 38
34 38
1 39
3 39
4 39
5 39
6 39
7 39
8 39
9 39
14 39
15 39
16 39
18 39
20 39
21 39
26 39
33 39
37 39
38 39
2 40
7 40
8 40
10 40
14 40
21 40
22 40
26 40
27 40
30 40
35 40
37 40
0 41
2 41
3 41
5 41
7 41
11 41
12 41
13 41
18 41
20 41
23 41
27 41
35 41
36 41
1 42
3 42
5 42
8 42
10 42
12 42
18 42
25 42
28 42
32 42
36 42
39 42
40 42
0 43
4 43
5 43
10 43
11 43
13 43
16 43
20 43
26 43
31 43
34 43
36 43
41 43
42 43
0 44
5 44
7 44
11 44
12 44
14 44
16 44
17 44
23 44
24 44
27 44
32 44
33 44
34 44
37 44
39 44
40 44
43 44
4 45
8 45
14 45
18 45
19 45
22 45
24 45
29 45
33 45
35 45
38 45
39 45
44 45
0 46
1 46
2 46
4 46
5 46
9 46
10 46
16 46
17 46
18 46
19 46
21 46
23 46
29 46
35 46
36 46
37 46
38 46
44 46
3 47
4 47
5 47
7 47
10 47
13 47
14 47
15 47
18 47
19 47
24 47
27 47
29 47
32 47
35 47
45 47
1 48
3 48
6 48
8 48
13 48
14 48
16 48
19 48
20 48
21 48
28 48
29 48
30 48
33 48
35 48
36 48
42 48
43 48
44 48
45 48
0 49
1 49
3 49
4 49
8 49
9 49
11 49
12 49
19 49
21 49
26 49
27 49
28 49
29 49
31 49
35 49
36 49
43 49
45 49
46 49
0 50
2 50
7 50
8 50
20 50
21 50
22 50
25 50
33 50
37 50
38 50
40 50
41 50
42 50
44 50
49 50
0 51
1 51
3 51
7 51
8 51
11 51
14 51
18 51
24 51
26 51
28 51
30 51
37 51
38 51
41 51
44 51
46 51
47 51
0 52
4 52
9 52
11 52
12 52
13 52
14 52
16 52
17 52
18 52
21 52
22 52
23 52
24 52
27 52
28 52
29 52
33 52
37 52
39 52
41 52
45 52
47 52
48 52
49 52
0 53
3 53
5 53
6 53
9 53
10 53
13 53
16 53
18 53
19 53
22 53
23 53
24 53
25 53
33 53
39 53
40 53
41 53
43 53
45 53
46 53
51 53
1 54
3 54
5 54
7 54
8 54
9 54
11 54
12 54
16 54
19 54
20 54
21 54
22 54
28 54
29 54
31 54
32 54
34 54
36 54
37 54
40 54
41 54
42 54
47 54
49 54
50 54
0 55
5 55
11 55
12 55
15 55
17 55
27 55
29 55
31 55
33 55
34 55
37 55
50 55
52 55
53 55
2 56
5 56
7 56
9 56
13 56
15 56
16 56
20 56
22 56
28 56
29 56
38 56
40 56
41 56
42 56
49 56
50 56
51 56
53 56
0 57
1 57
7 57
11 57
12 57
21 57
28 57
32 57
33 57
34 57
38 57
39 57
44 57
47 57
48 57
50 57
53 57
54 57
55 57
0 58
2 58
6 58
9 58
14 58
18 58
20 58
23 58
24 58
26 58
28 58
29 58
31 58
32 58
39 58
49 58
50 58
51 58
53 58
54 58
57 58
1 59
7 59
10 59
14 59
18 59
25 59
26 59
30 59
31 59
33 59
35 59
38 59
40 59
41 59
42 59
44 59
45 59
46 59
47 59
50 59
57 59
2 60
7 60
9 60
10 60
18 60
22 60
23 60
26 60
27 60
30 60
31 60
32 60
33 60
36 60
37 60
39 60
43 60
46 60
48 60
50 60
51 60
54 60
59 60
6 61
8 61
10 61
15 61
19 61
21 61
22 61
27 61
32 61
36 61
40 61
42 61
45 61
46 61
52 61
57 61
5 62
6 62
9 62
11 62
12 62
13 62
14 62
16 62
17 62
18 62
20 62
21 62
35 62
38 62
39 62
41 62
45 62
46 62
48 62
52 62
53 62
56 62
57 62
58 62
61 62
3 63
4 63
5 63
8 63
9 63
14 63
15 63
18 63
20 63
22 63
23 63
24 63
26 63
27 63
32 63
37 63
43 63
45 63
46 63
48 63
50 63
53 63
56 63
57 63
59 63
60 63
61 63
1 64
2 64
3 64
6 64
7 64
16 64
18 64
26 64
29 64
31 64
33 64
34 64
35 64
37 64
40 64
41 64
42 64
43 64
51 64
54 64
55 64
56 64
59 64
62 64
3 65
5 65
6 65
10 65
11 65
13 65
15 65
16 65
19 65
20 65
21 65
22 65
23 65
24 65
26 65
32 65
33 65
34 65
35 65
36 65
41 65
46 65
48 65
50 65
51 65
55 65
58 65
59 65
60 65
61 65
0 66
1 66
2 66
3 66
6 66
7 66
8 66
11 66
17 66
19 66
25 66
32 66
33 66
39 66
40 66
43 66
48 66
49 66
50 66
52 66
54 66
59 66
60 66
0 67
1 67
3 67
5 67
7 67
9 67
16 67
17 67
19 67
24 67
32 67
33 67
38 67
41 67
46 67
47 67
50 67
53 67
55 67
56 67
61 67
62 67
64 67
65 67
1 68
2 68
4 68
5 68
9 68
10 68
11 68
12 68
13 68
16 68
17 68
18 68
21 68
30 68
35 68
43 68
48 68
50 68
51 68
54 68
67 68
5 69
8 69
9 69
10 69
11 69
12 69
13 69
17 69
18 69
21 69
23 69
25 69
26 69
27 69
29 69
30 69
36 69
39 69
48 69
49 69
50 69
53 69
54 69
55 69
56 69
64 69
66 69
1 70
11 70
14 70
16 70
18 70
20 70
22 70
24 70
27 70
28 70
29 70
30 70
32 70
34 70
38 70
41 70
42 70
43 70
47 70
49 70
51 70
54 70
0 71
3 71
5 71
7 71
9 71
11 71
17 71
24 71
32 71
34 71
35 71
37 71
38 71
41 71
56 71
59 71
61 71
66 71
0 72
6 72
8 72
13 72
15 72
18 72
25 72
30 72
31 72
32 72
33 72
34 72
39 72
42 72
50 72
55 72
57 72
59 72
0 73
2 73
3 73
4 73
5 73
7 73
9 73
10 73
11 73
12 73
14 73
21 73
22 73
24 73
25 73
31 73
33 73
42 73
44 73
51 73
52 73
55 73
60 73
62 73
65 73
67 73
68 73
71 73
3 74
6 74
7 74
8 74
11 74
14 74
15 74
18 74
24 74
28 74
29 74
30 74
31 74
33 74
35 74
37 74
38 74
41 74
46 74
48 74
49 74
50 74
53 74
62 74
63 74
64 74
68 74
69 74
70 74
71 74
72 74
1 75
2 75
6 75
11 75
13 75
15 75
18 75
20 75
23 75
28 75
32 75
35 75
42 75
44 75
51 75
56 75
57 75
59 75
67 75
69 75
74 75
0 76
1 76
3 76
7 76
8 76
10 76
11 76
12 76
15 76
17 76
20 76
23 76
24 76
25 76
26 76
27 76
29 76
33 76
36 76
42 76
43 76
47 76
48 76
56 76
61 76
63 76
67 76
69 76
2 77
3 77
4 77
9 77
11 77
14 77
21 77
22 77
24 77
25 77
27 77
29 77
30 77
34 77
39 77
42 77
44 77
47 77
51 77
52 77
55 77
61 77
62 77
63 77
65 77
66 77
72 77
1 78
3 78
9 78
15 78
19 78
23 78
24 78
25 78
28 78
31 78
34 78
36 78
37 78
38 78
41 78
46 78
48 78
49 78
51 78
52 78
56 78
58 78
69 78
71 78
74 78
0 79
4 79
5 79
6 79
10 79
11 79
14 79
18 79
20 79
21 79
22 79
23 79
29 79
30 79
32 79
33 79
36 79
40 79
43 79
50 79
51 79
52 79
61 79
68 79
69 79
73 79
75 79
5 80
6 80
8 80
10 80
14 80
15 80
21 80
26 80
27 80
35 80
36 80
47 80
48 80
49 80
58 80
60 80
62 80
63 80
64 80
71 80
74 80
77 80
79 80
3 81
7 81
11 81
14 81
16 81
18 81
22 81
23 81
28 81
32 81
33 81
36 81
43 81
50 81
51 81
54 81
55 81
56 81
57 81
58 81
63 81
64 81
66 81
68 81
72 81
73 81
75 81
76 81
78 81
0 82
3 82
5 82
6 82
7 82
8 82
9 82
10 82
11 82
16 82
28 82
29 82
30 82
31 82
37 82
39 82
41 82
43 82
44 82
46 82
48 82
50 82
52 82
58 82
59 82
60 82
61 82
62 82
64 82
65 82
67 82
70 82
72 82
73 82
75 82
78 82
79 82
81 82
1 83
3 83
5 83
6 83
7 83
9 83
15 83
21 83
25 83
28 83
29 83
31 83
33 83
34 83
35 83
41 83
46 83
48 83
53 83
55 83
58 83
59 83
62 83
67 83
69 83
74 83
75 83
76 83
81 83
1 84
6 84
11 84
12 84
16 84
18 84
19 84
20 84
28 84
30 84
33 84
34 84
40 84
41 84
42 84
43 84
44 84
49 84
53 84
54 84
57 84
59 84
62 84
65 84
66 84
67 84
69 84
74 84
78 84
82 84
4 85
10 85
11 85
14 85
17 85
18 85
22 85
24 85
26 85
27 85
28 85
31 85
36 85
38 85
44 85
50 85
51 85
53 85
54 85
55 85
59 85
60 85
64 85
68 85
70 85
71 85
75 85
76 85
78 85
82 85
84 85
0 86
2 86
4 86
5 86
12 86
15 86
16 86
21 86
25 86
27 86
28 86
30 86
33 86
35 86
36 86
40 86
44 86
45 86
47 86
49 86
52 86
54 86
56 86
57 86
60 86
62 86
63 86
64 86
69 86
70 86
71 86
73 86
79 86
1 87
4 87
8 87
9 87
14 87
20 87
26 87
29 87
31 87
33 87
36 87
39 87
40 87
44 87
47 87
49 87
50 87
51 87
52 87
62 87
66 87
75 87
77 87
80 87
82 87
85 87
0 88
2 88
8 88
9 88
11 88
12 88
19 88
20 88
21 88
23 88
25 88
32 88
33 88
37 88
38 88
49 88
50 88
52 88
56 88
60 88
65 88
68 88
70 88
72 88
78 88
81 88
82 88
83 88
1 89
8 89
15 89
16 89
21 89
25 89
35 89
38 89
43 89
46 89
47 89
60 89
65 89
66 89
68 89
70 89
75 89
81 89
82 89
87 89
88 89
0 90
6 90
9 90
11 90
13 90
19 90
20 90
21 90
24 90
25 90
26 90
35 90
38 90
39 90
41 90
43 90
46 90
47 90
50 90
51 90
53 90
56 90
57 90
58 90
62 90
63 90
66 90
68 90
74 90
75 90
76 90
80 90
82 90
83 90
84 90
85 90
87 90
89 90
0 91
1 91
7 91
12 91
19 91
20 91
21 91
27 91
29 91
41 91
42 91
43 91
45 91
49 91
53 91
55 91
59 91
60 91
61 91
64 91
79 91
81 91
83 91
90 91
0 92
5 92
8 92
10 92
15 92
17 92
21 92
28 92
32 92
39 92
50 92
53 92
54 92
55 92
57 92
62 92
69 92
71 92
75 92
76 92
79 92
82 92
86 92
87 92
89 92
90 92
0 93
1 93
2 93
7 93
9 93
18 93
19 93
22 93
24 93
28 93
34 93
35 93
36 93
38 93
39 93
41 93
45 93
49 93
51 93
54 93
56 93
59 93
61 93
62 93
67 93
68 93
69 93
70 93
71 93
73 93
75 93
76 93
78 93
81 93
83 93
84 93
86 93
87 93
92 93
2 94
6 94
8 94
9 94
18 94
19 94
23 94
25 94
31 94
32 94
37 94
38 94
39 94
48 94
58 94
61 94
65 94
67 94
69 94
86 94
87 94
91 94
92 94
1 95
11 95
13 95
14 95
22 95
25 95
27 95
29 95
32 95
34 95
36 95
42 95
43 95
44 95
46 95
50 95
53 95
54 95
55 95
57 95
58 95
59 95
62 95
65 95
66 95
72 95
76 95
79 95
84 95
85 95
88 95
91 95
92 95
93 95
0 96
2 96
5 96
7 96
10 96
12 96
15 96
16 96
17 96
20 96
21 96
24 96
25 96
26 96
30 96
33 96
34 96
36 96
38 96
42 96
43 96
46 96
52 96
54 96
56 96
57 96
59 96
64 96
68 96
69 96
72 96
73 96
80 96
86 96
90 96
91 96
92 96
94 96
3 97
11 97
12 97
18 97
30 97
31 97
33 97
34 97
36 97
37 97
38 97
42 97
43 97
44 97
45 97
49 97
50 97
52 97
56 97
60 97
62 97
67 97
69 97
71 97
77 97
80 97
82 97
89 97
90 97
91 97
92 97
93 97
95 97
96 97
7 98
8 98
16 98
18 98
21 98
22 98
23 98
25 98
30 98
32 98
33 98
35 98
36 98
39 98
40 98
44 98
49 98
50 98
51 98
53 98
55 98
56 98
58 98
60 98
62 98
68 98
69 98
70 98
73 98
83 98
87 98
91 98
92 98
5 99
7 99
8 99
15 99
16 99
17 99
18 99
22 99
23 99
28 99
30 99
33 99
34 99
35 99
42 99
48 99
49 99
51 99
58 99
59 99
61 99
62 99
64 99
65 99
67 99
76 99
81 99
86 99
91 99
92 99
94 99
95 99
96 99
97 99
