100 1488 2
10 8 4 1 1 3 3 10 5 8 6 8 8 10 2 6 10 1 1 10 9 4 3 6 7 8 10 8 2 9 6 1 1 8 1 7 9 1 6 1 4 8 10 10 2 2 9 8 10 7 1 10 4 4 10 2 3 1 7 6 10 3 6 3 5 6 9 1 5 2 8 8 5 1 10 4 7 4 7 4 9 6 3 9 10 1 3 9 10 3 1 6 5 9 6 4 9 9 9 8
0 3
1 4
0 5
3 5
2 6
3 6
2 7
1 8
2 8
7 8
0 9
1 9
2 9
3 9
2 11
3 11
4 11
7 11
10 11
2 12
7 12
11 12
0 13
8 13
11 13
1 14
3 14
8 14
9 14
11 14
1 15
3 15
4 15
11 15
13 15
8 16
11 16
14 16
15 16
1 17
2 17
4 17
6 17
7 17
10 17
13 17
1 18
2 18
9 18
13 18
0 19
9 19
15 19
16 19
18 19
0 20
1 20
2 20
3 20
7 20
9 20
12 20
13 20
15 20
0 21
2 21
4 21
5 21
8 21
10 21
17 21
19 21
20 21
1 22
2 22
3 22
4 22
14 22
15 22
16 22
20 22
2 23
4 23
9 23
11 23
17 23
18 23
21 23
22 23
1 24
2 24
4 24
5 24
8 24
9 24
16 24
17 24
0 25
1 25
3 25
4 25
11 25
13 25
15 25
17 25
21 25
0 26
2 26
10 26
16 26
18 26
25 26
3 27
7 27
11 27
16 27
19 27
21 27
22 27
23 27
0 28
1 28
3 28
6 28
14 28
18 28
22 28
25 28
26 28
27 28
0 29
1 29
2 29
8 29
13 29
16 29
18 29
19 29
20 29
21 29
22 29
24 29
26 29
27 29
1 30
17 30
18 30
29 30
5 31
7 31
9 31
12 31
13 31
15 31
16 31
18 31
21 31
24 31
26 31
28 31
8 32
18 32
19 32
23 32
25 32
26 32
29 32
30 32
31 32
0 33
1 33
11 33
12 33
15 33
17 33
18 33
24 33
3 34
6 34
7 34
10 34
19 34
20 34
22 34
27 34
31 34
33 34
0 35
3 35
6 35
7 35
8 35
11 35
16 35
17 35
22 35
25 35
27 35
30 35
6 36
11 36
13 36
17 36
22 36
26 36
29 36
31 36
33 36
1 37
3 37
6 37
9 37
11 37
12 37
17 37
18 37
20 37
23 37
25 37
29 37
33 37
34 37
7 38
9 38
11 38
12 38
13 38
15 38
17 38
23 38
28 38
31 38
35 38
5 39
6 39
10 39
11 39
13 39
15 39
17 39
18 39
22 39
27 39
31 39
36 39
3 40
4 40
5 40
8 40
10 40
13 40
14 40
15 40
17 40
18 40
20 40
22 40
24 40
25 40
26 40
28 40
33 40
34 40
0 41
6 41
9 41
15 41
18 41
19 41
20 41
27 41
34 41
36 41
37 41
6 42
12 42
14 42
15 42
24 42
30 42
33 42
35 42
38 42
8 43
9 43
10 43
14 43
15 43
19 43
20 43
32 43
37 43
0 44
2 44
3 44
4 44
5 44
7 44
8 44
13 44
20 44
21 44
27 44
33 44
34 44
37 44
38 44
39 44
43 44
1 45
5 45
10 45
16 45
17 45
24 45
27 45
28 45
29 45
31 45
32 45
36 45
37 45
0 46
1 46
2 46
4 46
7 46
8 46
11 46
14 46
16 46
20 46
23 46
25 46
27 46
29 46
39 46
42 46
2 47
3 47
6 47
8 47
11 47
21 47
22 47
25 47
27 47
30 47
31 47
34 47
36 47
42 47
43 47
45 47
2 48
3 48
9 48
15 48
16 48
17 48
18 48
20 48
26 48
27 48
32 48
38 48
40 48
1 49
4 49
7 49
8 49
11 49
14 49
21 49
27 49
28 49
34 49
37 49
42 49
48 49
3 50
4 50
8 50
12 50
14 50
19 50
24 50
26 50
30 50
31 50
34 50
1 51
3 51
5 51
6 51
8 51
9 51
10 51
13 51
15 51
17 51
19 51
21 51
22 51
26 51
36 51
37 51
40 51
44 51
45 51
49 51
4 52
5 52
7 52
8 52
9 52
13 52
15 52
16 52
17 52
18 52
20 52
24 52
26 52
36 52
38 52
39 52
41 52
48 52
49 52
50 52
2 53
3 53
18 53
19 53
20 53
21 53
33 53
34 53
36 53
42 53
43 53
0 54
3 54
5 54
12 54
13 54
26 54
32 54
35 54
38 54
39 54
40 54
43 54
47 54
53 54
1 55
6 55
10 55
11 55
12 55
15 55
16 55
17 55
19 55
20 55
21 55
25 55
27 55
28 55
31 55
34 55
35 55
37 55
44 55
46 55
47 55
49 55
53 55
0 56
2 56
3 56
6 56
8 56
12 56
26 56
27 56
32 56
38 56
39 56
42 56
45 56
50 56
53 56
55 56
0 57
1 57
2 57
3 57
4 57
5 57
7 57
10 57
16 57
20 57
23 57
24 57
27 57
32 57
41 57
42 57
46 57
47 57
54 57
55 57
56 57
2 58
7 58
10 58
17 58
18 58
19 58
20 58
21 58
27 58
29 58
30 58
35 58
37 58
42 58
45 58
46 58
48 58
51 58
55 58
56 58
1 59
2 59
3 59
8 59
10 59
14 59
18 59
22 59
24 59
26 59
32 59
33 59
35 59
39 59
41 59
43 59
46 59
50 59
54 59
57 59
0 60
2 60
4 60
6 60
9 60
11 60
12 60
15 60
16 60
18 60
22 60
24 60
25 60
26 60
30 60
35 60
38 60
42 60
43 60
55 60
56 60
58 60
0 61
12 61
14 61
16 61
29 61
32 61
34 61
35 61
44 61
48 61
49 61
53 61
54 61
60 61
0 62
1 62
6 62
7 62
8 62
12 62
16 62
23 62
27 62
28 62
29 62
30 62
34 62
35 62
41 62
42 62
43 62
46 62
48 62
49 62
53 62
3 63
5 63
9 63
11 63
21 63
25 63
27 63
30 63
35 63
49 63
56 63
58 63
59 63
62 63
6 64
17 64
19 64
21 64
22 64
24 64
26 64
29 64
31 64
34 64
35 64
37 64
43 64
47 64
48 64
50 64
51 64
52 64
53 64
55 64
56 64
57 64
3 65
6 65
12 65
14 65
19 65
22 65
25 65
26 65
27 65
32 65
34 65
36 65
45 65
49 65
50 65
55 65
60 65
0 66
2 66
14 66
15 66
17 66
23 66
27 66
30 66
31 66
36 66
37 66
39 66
45 66
47 66
49 66
52 66
54 66
55 66
59 66
65 66
9 67
12 67
19 67
20 67
22 67
25 67
28 67
33 67
35 67
43 67
48 67
49 67
52 67
55 67
64 67
65 67
2 68
4 68
8 68
13 68
15 68
16 68
19 68
23 68
24 68
32 68
33 68
34 68
35 68
48 68
50 68
61 68
63 68
65 68
66 68
67 68
1 69
7 69
8 69
18 69
21 69
22 69
28 69
31 69
34 69
40 69
42 69
44 69
45 69
46 69
49 69
55 69
56 69
57 69
62 69
63 69
64 69
65 69
9 70
10 70
16 70
18 70
20 70
21 70
23 70
24 70
26 70
29 70
30 70
40 70
41 70
43 70
45 70
47 70
48 70
52 70
54 70
56 70
58 70
61 70
62 70
65 70
0 71
9 71
10 71
15 71
16 71
26 71
29 71
31 71
37 71
41 71
43 71
50 71
52 71
55 71
58 71
61 71
64 71
65 71
68 71
69 71
70 71
0 72
7 72
8 72
12 72
16 72
20 72
23 72
26 72
56 72
57 72
59 72
64 72
65 72
1 73
13 73
15 73
18 73
23 73
26 73
33 73
34 73
37 73
44 73
45 73
46 73
54 73
56 73
67 73
69 73
70 73
0 74
1 74
4 74
6 74
7 74
9 74
12 74
17 74
19 74
25 74
28 74
29 74
35 74
36 74
37 74
38 74
44 74
54 74
58 74
60 74
62 74
63 74
69 74
70 74
72 74
15 75
18 75
19 75
22 75
25 75
30 75
36 75
39 75
41 75
46 75
47 75
48 75
51 75
52 75
53 75
54 75
55 75
65 75
68 75
71 75
74 75
0 76
1 76
5 76
6 76
14 76
18 76
22 76
23 76
28 76
29 76
32 76
35 76
37 76
42 76
43 76
44 76
46 76
52 76
53 76
54 76
60 76
61 76
62 76
73 76
2 77
8 77
10 77
16 77
17 77
18 77
20 77
21 77
25 77
28 77
29 77
36 77
43 77
51 77
55 77
61 77
64 77
72 77
75 77
0 78
2 78
4 78
5 78
15 78
17 78
23 78
25 78
26 78
28 78
30 78
37 78
42 78
51 78
52 78
56 78
61 78
63 78
65 78
66 78
69 78
72 78
73 78
74 78
77 78
3 79
4 79
9 79
10 79
12 79
13 79
14 79
16 79
26 79
33 79
34 79
41 79
43 79
44 79
45 79
49 79
53 79
55 79
59 79
63 79
68 79
69 79
70 79
71 79
72 79
77 79
13 80
14 80
15 80
16 80
17 80
18 80
24 80
28 80
30 80
33 80
35 80
37 80
52 80
53 80
58 80
59 80
60 80
66 80
69 80
72 80
73 80
74 80
77 80
79 80
0 81
1 81
4 81
12 81
13 81
14 81
15 81
16 81
17 81
19 81
27 81
31 81
35 81
37 81
43 81
45 81
54 81
58 81
61 81
64 81
66 81
68 81
73 81
77 81
78 81
80 81
1 82
7 82
9 82
10 82
22 82
25 82
29 82
30 82
32 82
35 82
36 82
38 82
40 82
41 82
48 82
49 82
55 82
60 82
61 82
65 82
70 82
72 82
74 82
78 82
1 83
7 83
9 83
12 83
16 83
19 83
24 83
25 83
27 83
29 83
31 83
34 83
37 83
40 83
41 83
42 83
44 83
45 83
52 83
58 83
60 83
62 83
63 83
66 83
72 83
75 83
77 83
0 84
3 84
8 84
12 84
19 84
21 84
22 84
25 84
35 84
38 84
39 84
45 84
49 84
51 84
55 84
59 84
60 84
63 84
68 84
69 84
70 84
72 84
74 84
76 84
79 84
81 84
83 84
3 85
5 85
6 85
9 85
10 85
11 85
15 85
16 85
19 85
22 85
23 85
24 85
28 85
30 85
32 85
34 85
38 85
42 85
46 85
58 85
60 85
62 85
65 85
66 85
68 85
70 85
72 85
73 85
74 85
78 85
80 85
4 86
5 86
8 86
10 86
13 86
14 86
18 86
24 86
26 86
27 86
28 86
35 86
44 86
47 86
48 86
50 86
53 86
56 86
57 86
58 86
60 86
70 86
71 86
72 86
73 86
74 86
76 86
78 86
4 87
9 87
12 87
14 87
17 87
19 87
26 87
28 87
29 87
41 87
45 87
49 87
53 87
54 87
58 87
60 87
62 87
64 87
70 87
73 87
74 87
76 87
78 87
79 87
82 87
85 87
86 87
0 88
1 88
8 88
12 88
14 88
17 88
20 88
23 88
24 88
42 88
43 88
46 88
50 88
51 88
52 88
53 88
55 88
56 88
57 88
60 88
62 88
63 88
71 88
74 88
78 88
79 88
1 89
9 89
15 89
18 89
22 89
25 89
28 89
35 89
36 89
37 89
40 89
47 89
50 89
52 89
74 89
79 89
81 89
83 89
7 90
10 90
15 90
16 90
18 90
20 90
21 90
23 90
24 90
25 90
27 90
30 90
31 90
33 90
35 90
36 90
42 90
45 90
47 90
49 90
51 90
53 90
56 90
62 90
71 90
72 90
74 90
76 90
77 90
83 90
88 90
89 90
0 91
6 91
8 91
22 91
24 91
28 91
30 91
33 91
34 91
40 91
50 91
58 91
59 91
61 91
62 91
67 91
68 91
73 91
80 91
82 91
86 91
87 91
0 92
1 92
2 92
8 92
9 92
13 92
14 92
19 92
23 92
25 92
31 92
38 92
40 92
42 92
46 92
47 92
48 92
50 92
51 92
56 92
58 92
60 92
62 92
66 92
67 92
71 92
78 92
81 92
86 92
87 92
88 92
1 93
6 93
25 93
30 93
31 93
34 93
41 93
46 93
60 93
62 93
68 93
70 93
82 93
84 93
89 93
92 93
1 94
3 94
6 94
8 94
10 94
16 94
17 94
21 94
27 94
32 94
34 94
43 94
44 94
48 94
58 94
63 94
64 94
75 94
78 94
83 94
87 94
91 94
92 94
93 94
12 95
13 95
16 95
19 95
20 95
24 95
25 95
27 95
30 95
33 95
36 95
38 95
40 95
43 95
51 95
52 95
56 95
59 95
63 95
72 95
74 95
75 95
80 95
83 95
86 95
89 95
90 95
94 95
0 96
4 96
7 96
10 96
11 96
13 96
16 96
19 96
21 96
24 96
29 96
30 96
31 96
42 96
43 96
46 96
47 96
49 96
50 96
51 96
52 96
54 96
58 96
63 96
71 96
75 96
80 96
87 96
91 96
92 96
95 96
0 97
1 97
4 97
5 97
6 97
9 97
11 97
14 97
16 97
21 97
26 97
27 97
35 97
36 97
38 97
41 97
44 97
45 97
53 97
58 97
59 97
60 97
71 97
73 97
77 97
80 97
82 97
86 97
87 97
89 97
96 97
1 98
2 98
3 98
9 98
11 98
13 98
14 98
18 98
23 98
29 98
31 98
36 98
37 98
45 98
48 98
50 98
57 98
58 98
61 98
69 98
71 98
75 98
77 98
80 98
82 98
89 98
91 98
95 98
96 98
2 99
5 99
6 99
10 99
13 99
14 99
24 99
25 99
26 99
27 99
31 99
32 99
33 99
43 99
44 99
46 99
53 99
59 99
81 99
82 99
83 99
87 99
88 99
90 99
95 99
96 99
97 99
