100 509 2
10 12 14 6 16 2 13 18 14 18 8 2 4 4 2 6 17 8 16 1 11 2 3 14 9 13 14 19 6 19 20 15 1 17 12 4 10 19 12 17 8 16 6 20 18 3 12 18 15 19 18 1 14 8 17 2 15 1 18 13 7 1 8 6 19 9 6 20 3 10 18 19 19 12 15 19 9 10 9 2 15 15 20 19 15 16 7 8 7 14 19 1 6 7 9 11 3 14 7 11
1 11
3 11
10 11
7 12
6 14
7 14
7 15
8 15
14 15
7 16
0 18
7 18
8 18
9 18
11 18
14 19
0 20
1 20
3 20
7 20
12 20
17 20
13 21
18 21
19 21
2 22
12 22
15 22
10 23
13 23
15 23
16 23
1 24
17 24
20 24
22 24
2 25
0 26
22 26
23 26
3 27
4 27
14 27
15 27
18 27
20 28
2 29
6 30
15 30
16 30
18 30
28 30
4 31
10 32
17 32
18 32
20 32
29 32
12 33
24 33
31 33
5 34
10 34
11 34
29 34
31 34
32 34
33 34
6 35
11 35
14 35
31 35
7 36
9 36
29 36
5 37
18 37
1 38
15 38
29 38
31 38
33 38
2 39
3 39
33 39
37 39
20 40
27 40
13 41
18 41
21 41
23 41
26 41
30 41
32 41
39 41
14 42
24 42
32 42
17 43
18 43
23 43
26 43
42 43
1 44
10 44
21 44
27 44
29 44
43 44
2 45
17 45
0 46
12 46
17 46
21 46
35 46
38 46
39 46
20 47
27 47
30 47
33 47
46 47
3 48
4 48
7 48
10 48
26 48
6 49
30 49
31 49
41 49
1 50
11 50
29 50
15 51
20 51
22 51
26 51
34 51
49 51
7 52
8 52
25 52
38 52
44 52
3 53
6 53
14 53
17 53
29 53
41 53
6 54
14 54
27 54
34 54
35 54
36 54
51 54
3 55
22 55
27 55
41 55
42 55
53 55
2 56
41 56
54 56
15 57
16 57
33 57
15 58
26 58
29 58
30 58
51 58
10 59
25 59
38 59
54 59
5 60
13 60
17 60
18 60
28 60
29 60
33 60
38 60
7 61
8 61
15 61
0 62
3 62
12 62
22 62
24 62
29 62
52 62
14 63
19 63
24 63
33 63
48 63
61 63
5 64
13 64
30 64
39 64
40 64
58 64
61 64
2 65
3 65
9 65
26 65
31 65
43 65
45 65
53 65
0 66
16 66
22 66
23 66
52 66
9 67
11 67
35 67
39 67
63 67
2 68
12 68
16 68
17 68
18 68
37 68
42 68
46 68
55 68
63 68
66 68
7 69
10 69
16 69
24 69
34 69
41 69
46 69
1 70
10 70
11 70
21 70
27 70
37 70
49 70
52 70
60 70
61 70
25 71
29 71
31 71
41 71
57 71
62 71
2 72
15 72
18 72
21 72
27 72
38 72
39 72
45 72
47 72
60 72
63 72
4 73
7 73
15 73
18 73
21 73
25 73
31 73
35 73
39 73
45 73
52 73
53 73
65 73
68 73
7 74
15 74
18 74
35 74
37 74
41 74
43 74
47 74
48 74
52 74
5 75
35 75
41 75
46 75
54 75
8 76
10 76
16 76
23 76
28 76
34 76
36 76
41 76
44 76
8 77
12 77
21 77
22 77
36 77
44 77
51 77
54 77
57 77
61 77
67 77
76 77
3 78
8 78
21 78
23 78
25 78
41 78
45 78
60 78
73 78
74 78
29 79
43 79
55 79
66 79
68 79
1 80
3 80
10 80
49 80
62 80
71 80
73 80
76 80
0 81
2 81
5 81
20 81
27 81
30 81
55 81
4 82
9 82
14 82
18 82
37 82
45 82
60 82
62 82
65 82
66 82
69 82
72 82
8 83
11 83
15 83
45 83
61 83
63 83
65 83
73 83
74 83
76 83
66 84
68 84
70 84
74 84
75 84
27 85
34 85
37 85
50 85
52 85
63 85
65 85
67 85
84 85
66 86
69 86
1 87
15 87
28 87
34 87
35 87
38 87
69 87
71 87
14 88
24 88
42 88
48 88
56 88
62 88
66 88
69 88
76 88
78 88
8 89
19 89
40 89
45 89
58 89
65 89
74 89
78 89
80 89
32 90
34 90
57 90
60 90
61 90
72 90
27 91
33 91
40 91
81 91
16 92
19 92
26 92
43 92
52 92
57 92
64 92
67 92
80 92
2 93
3 93
8 93
14 93
15 93
17 93
28 93
46 93
57 93
65 93
68 93
76 93
87 93
90 93
0 94
12 94
14 94
15 94
22 94
27 94
59 94
61 94
82 94
83 94
89 94
92 94
15 95
22 95
26 95
28 95
35 95
38 95
62 95
65 95
76 95
78 95
79 95
83 95
3 96
24 96
41 96
72 96
77 96
80 96
86 96
4 97
27 97
60 97
78 97
94 97
5 98
16 98
17 98
24 98
27 98
40 98
48 98
49 98
55 98
59 98
68 98
82 98
97 98
2 99
4 99
10 99
16 99
77 99
94 99
97 99
