100 1439 2
3 7 4 1 4 1 3 5 6 10 1 4 6 6 5 15 9 5 4 2 22 7 1 4 4 5 11 1 1 9 6 1 4 15 5 1 6 7 5 9 6 5 7 5 12 1 3 2 14 14 16 8 5 1 2 11 10 3 5 7 2 1 3 10 6 1 2 1 11 4 4 6 6 1 2 1 3 4 4 4 3 2 19 9 3 3 9 17 2 14 4 1 2 17 8 8 21 3 3 1
0 3
3 4
2 5
0 6
2 6
4 6
0 7
4 7
0 8
2 8
4 8
6 8
7 8
0 9
8 9
1 10
5 10
7 10
8 10
7 11
3 12
6 12
9 12
10 12
1 13
5 13
9 13
0 14
1 14
7 14
9 14
2 15
11 15
12 15
4 16
5 16
6 16
7 16
12 16
14 16
15 16
4 17
7 17
15 17
0 18
8 18
9 18
10 18
13 18
1 19
2 19
4 19
13 19
15 19
16 19
14 20
17 20
0 21
1 21
6 21
7 21
15 21
16 21
18 21
8 22
16 22
19 22
20 22
2 23
9 23
10 23
16 23
18 23
21 23
22 23
3 24
4 24
5 24
10 24
11 24
13 24
20 24
23 24
2 25
4 25
9 25
13 25
15 25
3 26
5 26
12 26
20 26
25 26
0 27
3 27
5 27
6 27
9 27
16 27
17 27
18 27
19 27
20 27
21 27
23 27
0 28
1 28
4 28
9 28
11 28
13 28
14 28
16 28
17 28
22 28
23 28
3 29
7 29
14 29
15 29
16 29
23 29
25 29
27 29
28 29
9 30
10 30
11 30
16 30
19 30
20 30
28 30
0 31
5 31
7 31
11 31
13 31
15 31
27 31
28 31
30 31
6 32
7 32
13 32
14 32
19 32
21 32
23 32
25 32
26 32
31 32
2 33
3 33
7 33
8 33
9 33
15 33
18 33
22 33
23 33
24 33
32 33
3 34
8 34
10 34
13 34
15 34
16 34
19 34
23 34
27 34
30 34
31 34
33 34
2 35
3 35
6 35
11 35
18 35
20 35
23 35
26 35
27 35
1 36
3 36
4 36
11 36
13 36
14 36
15 36
16 36
24 36
25 36
26 36
3 37
4 37
8 37
10 37
12 37
14 37
15 37
17 37
19 37
22 37
30 37
33 37
3 38
8 38
10 38
11 38
12 38
15 38
16 38
17 38
19 38
22 38
28 38
29 38
30 38
36 38
4 39
5 39
7 39
8 39
13 39
17 39
18 39
20 39
21 39
32 39
36 39
2 40
7 40
20 40
23 40
27 40
29 40
33 40
34 40
37 40
39 40
0 41
3 41
5 41
8 41
13 41
16 41
17 41
23 41
24 41
29 41
30 41
35 41
0 42
4 42
5 42
20 42
27 42
36 42
39 42
0 43
5 43
9 43
14 43
16 43
19 43
21 43
24 43
25 43
27 43
29 43
30 43
32 43
36 43
10 44
11 44
12 44
14 44
16 44
27 44
28 44
36 44
37 44
6 45
15 45
18 45
19 45
20 45
21 45
22 45
23 45
29 45
32 45
35 45
36 45
39 45
41 45
42 45
4 46
7 46
9 46
10 46
12 46
14 46
18 46
19 46
34 46
36 46
42 46
45 46
0 47
4 47
6 47
7 47
8 47
10 47
12 47
14 47
26 47
30 47
35 47
36 47
39 47
43 47
6 48
8 48
9 48
11 48
20 48
29 48
30 48
31 48
32 48
33 48
34 48
35 48
36 48
38 48
1 49
5 49
9 49
13 49
16 49
24 49
25 49
29 49
34 49
39 49
41 49
44 49
1 50
5 50
10 50
11 50
12 50
16 50
21 50
26 50
43 50
44 50
3 51
5 51
6 51
10 51
11 51
12 51
13 51
17 51
18 51
30 51
32 51
38 51
39 51
41 51
43 51
45 51
47 51
49 51
2 52
3 52
4 52
9 52
10 52
17 52
22 52
23 52
24 52
26 52
28 52
30 52
31 52
32 52
34 52
36 52
39 52
41 52
45 52
50 52
1 53
2 53
5 53
8 53
9 53
10 53
15 53
28 53
31 53
32 53
33 53
37 53
39 53
41 53
42 53
48 53
49 53
50 53
4 54
6 54
7 54
23 54
28 54
34 54
37 54
38 54
41 54
45 54
46 54
52 54
53 54
6 55
7 55
14 55
19 55
22 55
26 55
27 55
35 55
40 55
41 55
42 55
45 55
49 55
52 55
0 56
2 56
4 56
5 56
7 56
8 56
14 56
19 56
23 56
24 56
33 56
34 56
42 56
43 56
44 56
48 56
50 56
53 56
54 56
0 57
1 57
2 57
3 57
4 57
5 57
6 57
7 57
9 57
12 57
13 57
15 57
16 57
20 57
26 57
27 57
31 57
34 57
39 57
45 57
48 57
51 57
53 57
0 58
1 58
2 58
3 58
11 58
19 58
30 58
34 58
38 58
40 58
44 58
45 58
55 58
57 58
1 59
17 59
25 59
26 59
27 59
31 59
34 59
38 59
42 59
44 59
14 60
17 60
21 60
23 60
24 60
25 60
26 60
27 60
31 60
32 60
36 60
44 60
52 60
53 60
55 60
2 61
3 61
8 61
12 61
13 61
16 61
17 61
22 61
28 61
37 61
41 61
42 61
45 61
46 61
48 61
50 61
53 61
54 61
55 61
57 61
1 62
2 62
4 62
15 62
19 62
20 62
28 62
29 62
33 62
34 62
38 62
40 62
41 62
45 62
46 62
53 62
57 62
59 62
61 62
0 63
6 63
8 63
10 63
11 63
12 63
17 63
20 63
21 63
22 63
23 63
24 63
32 63
33 63
34 63
42 63
47 63
51 63
52 63
58 63
2 64
4 64
6 64
11 64
14 64
16 64
20 64
26 64
27 64
31 64
32 64
34 64
38 64
40 64
44 64
52 64
53 64
55 64
2 65
15 65
17 65
25 65
32 65
34 65
37 65
40 65
45 65
50 65
54 65
55 65
56 65
57 65
58 65
62 65
64 65
2 66
3 66
9 66
11 66
13 66
16 66
19 66
24 66
29 66
35 66
37 66
41 66
43 66
46 66
47 66
49 66
50 66
53 66
55 66
56 66
57 66
61 66
63 66
6 67
7 67
9 67
10 67
13 67
16 67
20 67
32 67
34 67
36 67
42 67
45 67
46 67
47 67
48 67
49 67
51 67
52 67
56 67
57 67
58 67
59 67
65 67
66 67
2 68
6 68
8 68
10 68
14 68
17 68
19 68
29 68
30 68
33 68
34 68
37 68
38 68
46 68
51 68
53 68
56 68
57 68
60 68
61 68
62 68
64 68
65 68
3 69
4 69
5 69
6 69
15 69
16 69
28 69
29 69
33 69
34 69
35 69
39 69
41 69
45 69
50 69
53 69
55 69
56 69
57 69
59 69
61 69
64 69
68 69
7 70
8 70
9 70
13 70
15 70
18 70
24 70
28 70
31 70
35 70
38 70
39 70
43 70
44 70
47 70
48 70
49 70
52 70
53 70
56 70
63 70
64 70
67 70
8 71
10 71
24 71
28 71
35 71
43 71
47 71
50 71
52 71
54 71
57 71
58 71
64 71
68 71
69 71
1 72
6 72
10 72
11 72
13 72
14 72
17 72
23 72
29 72
30 72
33 72
36 72
38 72
40 72
42 72
44 72
47 72
51 72
63 72
64 72
66 72
68 72
71 72
1 73
4 73
17 73
24 73
27 73
29 73
30 73
34 73
38 73
40 73
42 73
43 73
59 73
61 73
66 73
67 73
72 73
1 74
3 74
5 74
7 74
11 74
13 74
14 74
16 74
22 74
24 74
27 74
28 74
29 74
31 74
32 74
39 74
44 74
45 74
46 74
49 74
50 74
52 74
53 74
54 74
58 74
65 74
72 74
11 75
12 75
14 75
17 75
18 75
20 75
23 75
27 75
36 75
41 75
43 75
46 75
50 75
62 75
69 75
72 75
73 75
5 76
11 76
24 76
26 76
28 76
31 76
33 76
34 76
35 76
38 76
63 76
66 76
68 76
69 76
73 76
74 76
11 77
13 77
16 77
19 77
22 77
28 77
30 77
31 77
33 77
40 77
43 77
45 77
49 77
52 77
57 77
58 77
59 77
60 77
64 77
65 77
66 77
11 78
12 78
19 78
20 78
21 78
22 78
23 78
24 78
26 78
31 78
35 78
42 78
43 78
44 78
48 78
59 78
63 78
66 78
67 78
69 78
1 79
2 79
5 79
8 79
14 79
15 79
19 79
21 79
24 79
26 79
28 79
34 79
40 79
46 79
47 79
50 79
57 79
73 79
77 79
0 80
2 80
5 80
6 80
9 80
10 80
16 80
17 80
26 80
29 80
32 80
33 80
34 80
38 80
39 80
46 80
51 80
52 80
58 80
61 80
63 80
65 80
67 80
68 80
70 80
74 80
75 80
9 81
13 81
15 81
17 81
18 81
19 81
21 81
26 81
27 81
28 81
31 81
32 81
39 81
43 81
47 81
48 81
51 81
52 81
55 81
58 81
60 81
66 81
73 81
74 81
76 81
9 82
14 82
16 82
21 82
23 82
30 82
32 82
37 82
40 82
41 82
46 82
47 82
50 82
54 82
63 82
64 82
65 82
67 82
68 82
69 82
72 82
79 82
1 83
4 83
12 83
14 83
16 83
19 83
24 83
27 83
40 83
44 83
45 83
46 83
47 83
50 83
52 83
53 83
55 83
58 83
61 83
66 83
67 83
69 83
70 83
71 83
73 83
77 83
10 84
11 84
13 84
14 84
16 84
19 84
30 84
32 84
33 84
34 84
39 84
41 84
49 84
52 84
56 84
58 84
59 84
66 84
76 84
80 84
81 84
83 84
4 85
5 85
9 85
10 85
13 85
14 85
19 85
23 85
24 85
28 85
30 85
33 85
34 85
38 85
44 85
47 85
50 85
52 85
53 85
54 85
55 85
73 85
76 85
82 85
0 86
2 86
17 86
18 86
19 86
21 86
24 86
27 86
29 86
30 86
32 86
37 86
44 86
51 86
60 86
63 86
66 86
68 86
74 86
75 86
76 86
77 86
78 86
79 86
81 86
82 86
9 87
11 87
12 87
13 87
22 87
23 87
24 87
26 87
31 87
38 87
39 87
40 87
41 87
47 87
52 87
53 87
54 87
64 87
73 87
76 87
77 87
86 87
0 88
2 88
4 88
5 88
7 88
8 88
12 88
16 88
19 88
26 88
30 88
33 88
35 88
37 88
41 88
45 88
48 88
50 88
52 88
54 88
55 88
62 88
64 88
66 88
69 88
70 88
72 88
78 88
82 88
83 88
86 88
87 88
20 89
24 89
28 89
30 89
31 89
34 89
35 89
42 89
43 89
45 89
50 89
53 89
54 89
55 89
58 89
59 89
60 89
68 89
72 89
73 89
81 89
84 89
86 89
2 90
8 90
9 90
12 90
14 90
16 90
18 90
25 90
27 90
30 90
31 90
32 90
38 90
46 90
47 90
48 90
54 90
56 90
61 90
63 90
65 90
66 90
72 90
73 90
78 90
84 90
85 90
3 91
14 91
15 91
17 91
18 91
21 91
22 91
24 91
31 91
32 91
34 91
38 91
42 91
44 91
54 91
61 91
62 91
66 91
68 91
74 91
75 91
77 91
82 91
83 91
85 91
88 91
1 92
4 92
6 92
9 92
10 92
15 92
18 92
20 92
28 92
30 92
37 92
39 92
44 92
45 92
46 92
48 92
54 92
64 92
66 92
69 92
72 92
74 92
83 92
84 92
86 92
87 92
90 92
91 92
4 93
9 93
14 93
20 93
22 93
25 93
29 93
30 93
31 93
35 93
37 93
42 93
44 93
51 93
52 93
65 93
66 93
71 93
74 93
79 93
80 93
84 93
85 93
86 93
88 93
89 93
91 93
1 94
2 94
3 94
11 94
16 94
17 94
21 94
23 94
24 94
26 94
29 94
31 94
33 94
38 94
44 94
50 94
52 94
54 94
60 94
68 94
81 94
82 94
83 94
86 94
88 94
89 94
91 94
2 95
11 95
13 95
17 95
18 95
22 95
26 95
27 95
28 95
34 95
37 95
42 95
51 95
52 95
53 95
59 95
62 95
67 95
72 95
76 95
78 95
79 95
80 95
84 95
86 95
88 95
92 95
4 96
5 96
8 96
10 96
13 96
17 96
24 96
26 96
27 96
29 96
30 96
31 96
32 96
37 96
38 96
41 96
42 96
43 96
44 96
45 96
51 96
55 96
61 96
67 96
68 96
75 96
76 96
78 96
81 96
83 96
87 96
88 96
89 96
92 96
94 96
95 96
0 97
1 97
8 97
19 97
26 97
27 97
28 97
29 97
33 97
40 97
43 97
46 97
55 97
58 97
66 97
67 97
69 97
71 97
73 97
74 97
76 97
79 97
82 97
91 97
92 97
93 97
0 98
1 98
5 98
8 98
9 98
17 98
18 98
22 98
26 98
28 98
33 98
35 98
42 98
45 98
60 98
61 98
71 98
75 98
82 98
84 98
86 98
88 98
89 98
92 98
95 98
97 98
4 99
5 99
6 99
12 99
14 99
23 99
25 99
30 99
31 99
33 99
46 99
48 99
50 99
53 99
55 99
58 99
60 99
61 99
62 99
64 99
66 99
68 99
70 99
78 99
82 99
85 99
86 99
92 99
94 99
97 99
98 99
