100 1119 2
1 1 18 2 21 2 9 3 1 7 16 5 6 2 1 5 2 10 29 10 5 23 3 6 4 22 3 1 19 24 1 31 10 2 15 14 2 1 1 1 8 2 34 14 3 1 14 1 13 9 3 1 3 11 12 4 15 18 7 3 2 9 4 7 1 1 8 1 10 20 5 25 26 15 1 1 5 2 1 4 25 8 2 5 17 43 9 2 7 7 8 35 20 4 8 34 14 15 3 28
0 5
1 5
0 6
2 6
5 6
5 7
4 8
5 8
6 8
7 8
1 9
7 9
0 10
2 10
6 10
8 10
0 11
6 11
9 11
6 12
1 13
9 13
5 14
12 14
2 15
4 15
6 15
11 15
1 16
4 16
9 16
11 16
14 16
5 17
6 17
7 17
9 17
15 17
0 18
4 18
7 18
13 18
15 18
0 19
17 19
3 20
4 20
8 20
2 21
12 21
15 21
0 22
9 22
10 22
11 22
14 22
17 22
21 22
0 23
8 23
22 23
5 24
7 24
22 24
23 24
0 25
1 25
7 25
9 25
14 25
23 25
1 26
2 26
4 26
5 26
8 26
11 26
12 26
22 26
24 26
4 27
5 27
7 27
9 27
18 27
7 28
20 28
21 28
23 28
25 28
26 28
3 29
6 29
9 29
12 29
13 29
27 29
1 30
6 30
8 30
12 30
15 30
16 30
18 30
19 30
21 30
27 30
3 31
4 31
5 31
9 31
10 31
11 31
14 31
16 31
17 31
18 31
20 31
21 31
5 32
6 32
9 32
11 32
13 32
16 32
24 32
29 32
30 32
2 33
5 33
17 33
22 33
29 33
3 34
4 34
7 34
8 34
12 34
14 34
17 34
18 34
21 34
22 34
23 34
24 34
26 34
2 35
7 35
11 35
26 35
0 36
4 36
9 36
15 36
34 36
3 37
13 37
15 37
27 37
28 37
30 37
11 38
18 38
20 38
21 38
23 38
29 38
36 38
3 39
10 39
14 39
18 39
22 39
27 39
28 39
32 39
37 39
1 40
4 40
9 40
13 40
18 40
19 40
25 40
29 40
6 41
17 41
20 41
25 41
32 41
34 41
37 41
39 41
2 42
3 42
4 42
8 42
15 42
24 42
25 42
26 42
27 42
28 42
30 42
32 42
38 42
1 43
20 43
24 43
26 43
28 43
34 43
1 44
4 44
18 44
21 44
25 44
26 44
32 44
36 44
37 44
38 44
0 45
4 45
5 45
14 45
24 45
27 45
29 45
30 45
31 45
38 45
41 45
5 46
9 46
12 46
13 46
15 46
18 46
25 46
27 46
33 46
37 46
41 46
4 47
15 47
18 47
21 47
24 47
25 47
26 47
28 47
31 47
34 47
0 48
4 48
5 48
6 48
7 48
11 48
12 48
19 48
22 48
26 48
28 48
39 48
40 48
45 48
46 48
47 48
3 49
7 49
13 49
16 49
17 49
18 49
21 49
24 49
35 49
39 49
40 49
41 49
0 50
3 50
13 50
16 50
22 50
23 50
31 50
34 50
35 50
37 50
38 50
40 50
41 50
43 50
46 50
49 50
6 51
8 51
9 51
12 51
25 51
30 51
34 51
38 51
42 51
43 51
48 51
2 52
3 52
5 52
7 52
9 52
18 52
21 52
22 52
29 52
30 52
31 52
32 52
39 52
41 52
42 52
43 52
48 52
51 52
0 53
1 53
8 53
10 53
16 53
21 53
22 53
28 53
30 53
33 53
40 53
48 53
50 53
51 53
52 53
0 54
7 54
8 54
10 54
11 54
14 54
20 54
24 54
26 54
29 54
32 54
43 54
46 54
49 54
51 54
0 55
1 55
9 55
10 55
13 55
16 55
18 55
19 55
20 55
27 55
41 55
42 55
44 55
45 55
47 55
51 55
2 56
4 56
12 56
24 56
28 56
37 56
39 56
40 56
41 56
42 56
45 56
47 56
52 56
53 56
54 56
55 56
6 57
8 57
9 57
12 57
13 57
20 57
22 57
27 57
29 57
31 57
42 57
44 57
46 57
50 57
1 58
2 58
11 58
14 58
18 58
23 58
24 58
26 58
27 58
31 58
34 58
38 58
40 58
43 58
44 58
45 58
46 58
48 58
52 58
54 58
56 58
12 59
13 59
22 59
26 59
28 59
29 59
36 59
39 59
49 59
53 59
55 59
58 59
6 60
7 60
15 60
20 60
28 60
33 60
42 60
44 60
49 60
57 60
58 60
2 61
10 61
13 61
20 61
29 61
30 61
34 61
36 61
38 61
55 61
60 61
2 62
3 62
4 62
5 62
8 62
14 62
15 62
22 62
25 62
26 62
27 62
40 62
45 62
47 62
56 62
59 62
61 62
0 63
6 63
8 63
12 63
15 63
17 63
22 63
29 63
33 63
36 63
43 63
46 63
47 63
53 63
57 63
59 63
62 63
0 64
1 64
6 64
7 64
26 64
36 64
40 64
43 64
44 64
46 64
50 64
57 64
60 64
0 65
5 65
10 65
14 65
17 65
19 65
23 65
28 65
34 65
37 65
38 65
42 65
43 65
48 65
53 65
55 65
57 65
64 65
9 66
19 66
20 66
22 66
25 66
27 66
28 66
29 66
31 66
40 66
41 66
42 66
48 66
49 66
59 66
60 66
61 66
62 66
63 66
64 66
65 66
3 67
8 67
9 67
12 67
16 67
19 67
22 67
30 67
40 67
42 67
46 67
50 67
59 67
66 67
1 68
7 68
18 68
26 68
31 68
51 68
54 68
56 68
59 68
63 68
65 68
67 68
2 69
3 69
4 69
22 69
23 69
30 69
31 69
35 69
40 69
44 69
46 69
48 69
50 69
55 69
66 69
4 70
15 70
18 70
22 70
26 70
27 70
34 70
42 70
47 70
51 70
56 70
68 70
0 71
4 71
11 71
12 71
15 71
18 71
21 71
25 71
31 71
33 71
45 71
54 71
55 71
56 71
60 71
65 71
1 72
2 72
3 72
10 72
14 72
16 72
18 72
21 72
22 72
26 72
34 72
40 72
55 72
58 72
68 72
7 73
10 73
16 73
23 73
24 73
25 73
26 73
29 73
35 73
38 73
39 73
50 73
52 73
54 73
56 73
57 73
68 73
69 73
70 73
0 74
4 74
5 74
7 74
14 74
16 74
17 74
22 74
25 74
26 74
33 74
40 74
52 74
71 74
72 74
3 75
8 75
13 75
30 75
43 75
49 75
53 75
54 75
56 75
57 75
59 75
67 75
69 75
70 75
71 75
73 75
15 76
16 76
17 76
23 76
24 76
26 76
29 76
32 76
36 76
39 76
42 76
50 76
60 76
64 76
69 76
72 76
7 77
15 77
19 77
38 77
39 77
43 77
47 77
48 77
49 77
50 77
57 77
60 77
70 77
73 77
2 78
3 78
4 78
5 78
12 78
17 78
22 78
23 78
29 78
31 78
33 78
39 78
41 78
44 78
58 78
67 78
77 78
0 79
3 79
9 79
14 79
16 79
20 79
22 79
23 79
31 79
37 79
38 79
41 79
42 79
49 79
51 79
55 79
68 79
2 80
3 80
12 80
13 80
22 80
24 80
34 80
38 80
49 80
51 80
55 80
58 80
61 80
73 80
75 80
1 81
9 81
12 81
36 81
37 81
43 81
48 81
50 81
53 81
54 81
55 81
59 81
72 81
80 81
2 82
5 82
6 82
8 82
9 82
18 82
22 82
24 82
30 82
33 82
34 82
35 82
38 82
40 82
42 82
44 82
45 82
46 82
50 82
53 82
55 82
56 82
72 82
75 82
1 83
2 83
13 83
26 83
28 83
30 83
34 83
37 83
54 83
57 83
58 83
63 83
82 83
3 84
5 84
8 84
14 84
21 84
29 84
32 84
35 84
39 84
40 84
45 84
49 84
53 84
59 84
61 84
62 84
3 85
5 85
16 85
17 85
24 85
27 85
33 85
36 85
41 85
42 85
43 85
47 85
48 85
55 85
62 85
64 85
70 85
72 85
83 85
4 86
8 86
17 86
30 86
31 86
37 86
40 86
42 86
45 86
50 86
58 86
59 86
60 86
61 86
64 86
68 86
75 86
1 87
9 87
17 87
21 87
23 87
27 87
32 87
35 87
36 87
38 87
44 87
45 87
48 87
57 87
60 87
69 87
75 87
84 87
0 88
11 88
15 88
18 88
23 88
24 88
27 88
28 88
31 88
39 88
40 88
41 88
46 88
47 88
54 88
78 88
79 88
86 88
0 89
5 89
14 89
17 89
22 89
23 89
25 89
27 89
31 89
41 89
42 89
46 89
58 89
59 89
64 89
65 89
67 89
68 89
70 89
71 89
75 89
84 89
86 89
1 90
6 90
7 90
13 90
21 90
23 90
24 90
26 90
33 90
38 90
55 90
56 90
57 90
65 90
68 90
73 90
75 90
83 90
88 90
18 91
20 91
21 91
22 91
30 91
39 91
44 91
46 91
47 91
53 91
55 91
67 91
74 91
79 91
81 91
87 91
89 91
1 92
2 92
7 92
16 92
25 92
28 92
32 92
38 92
40 92
59 92
64 92
67 92
72 92
79 92
85 92
86 92
91 92
3 93
8 93
10 93
19 93
20 93
21 93
25 93
36 93
46 93
59 93
60 93
61 93
62 93
65 93
68 93
69 93
72 93
78 93
81 93
90 93
91 93
4 94
7 94
9 94
11 94
18 94
29 94
33 94
35 94
37 94
41 94
42 94
54 94
57 94
60 94
64 94
67 94
69 94
75 94
89 94
91 94
7 95
23 95
27 95
39 95
43 95
47 95
53 95
59 95
63 95
65 95
66 95
67 95
72 95
77 95
83 95
85 95
88 95
94 95
10 96
15 96
20 96
22 96
23 96
24 96
30 96
34 96
36 96
43 96
44 96
46 96
52 96
57 96
63 96
64 96
69 96
73 96
77 96
82 96
84 96
86 96
94 96
2 97
3 97
4 97
16 97
17 97
19 97
20 97
28 97
30 97
46 97
54 97
55 97
58 97
59 97
65 97
68 97
71 97
79 97
88 97
94 97
3 98
7 98
14 98
21 98
27 98
29 98
35 98
39 98
45 98
47 98
58 98
65 98
67 98
68 98
72 98
74 98
78 98
81 98
2 99
3 99
8 99
11 99
17 99
19 99
29 99
32 99
34 99
36 99
40 99
43 99
47 99
50 99
52 99
53 99
55 99
59 99
69 99
71 99
72 99
74 99
86 99
88 99
96 99
97 99
98 99
