100 415 16
8 7 4 6 5 5 6 6 5 7 4 7 4 5 6 8 5 4 6 6 6 6 5 6 6 5 6 4 7 5 5 7 6 5 6 6 5 5 5 4 8 5 6 5 5 7 5 7 5 6 6 4 7 5 6 5 7 4 7 6 7 5 6 7 6 6 5 6 6 5 5 3 7 6 6 6 5 5 5 5 5 6 4 6 5 6 6 6 6 6 6 6 6 7 4 6 8 8 7 3
1 6
2 6
3 6
5 7
5 9
5 11
4 13
4 14
6 15
11 16
15 16
0 17
2 18
12 19
17 19
8 20
19 20
2 21
15 21
0 23
1 23
17 23
0 24
3 24
4 24
5 24
6 24
10 24
13 24
15 24
22 24
8 25
19 25
12 27
26 27
8 28
10 28
2 29
6 29
21 29
13 30
25 30
3 31
14 31
21 31
3 32
7 32
8 32
10 33
12 33
20 33
6 34
19 34
10 35
12 35
0 36
16 36
21 36
31 36
30 37
14 38
37 38
14 39
33 39
0 40
11 40
32 40
35 41
10 42
39 42
5 43
15 43
20 43
20 44
42 44
17 45
25 45
41 45
7 46
8 46
26 46
31 46
36 46
2 47
7 47
23 47
2 48
14 48
47 48
10 49
13 49
26 49
47 49
9 50
21 50
22 50
32 50
0 51
13 51
15 51
25 51
32 51
36 51
0 52
6 52
9 52
12 52
25 52
39 52
49 52
51 52
11 53
13 53
0 54
14 54
17 54
27 54
48 54
50 54
23 55
42 55
45 55
47 55
51 55
52 55
9 56
22 56
28 56
19 57
47 57
52 57
0 58
11 58
33 58
50 58
6 59
10 59
24 59
41 59
53 59
56 59
9 60
16 60
22 60
24 60
33 60
41 60
11 61
14 61
32 61
33 61
39 61
48 61
12 62
18 62
27 62
36 62
39 62
54 62
58 62
13 63
23 63
35 63
6 64
17 64
19 64
30 64
36 64
39 64
48 64
51 65
58 65
64 65
3 66
28 66
46 66
48 66
51 66
52 66
3 67
17 67
32 67
33 67
35 67
40 67
58 67
65 67
31 68
35 68
55 68
56 68
62 68
14 69
56 69
27 70
52 70
60 70
69 70
12 71
20 71
27 71
35 71
40 71
43 71
0 72
1 72
7 72
14 72
40 72
43 72
55 72
67 72
68 72
70 72
15 73
16 73
25 73
57 73
62 73
71 73
21 74
22 74
23 74
3 75
6 75
18 75
22 75
38 75
55 75
58 75
62 75
3 76
4 76
6 76
7 76
12 76
20 76
24 76
1 77
2 77
11 77
14 77
22 77
25 77
32 77
42 77
55 77
63 77
71 77
4 78
17 78
20 78
25 78
36 78
42 78
45 78
55 78
61 78
67 78
72 78
0 79
4 79
13 79
40 79
52 79
67 79
76 79
36 80
52 80
62 80
75 80
6 81
25 81
31 81
33 81
38 81
64 81
76 81
0 82
4 82
7 82
10 82
17 82
18 82
24 82
26 82
48 82
51 82
58 82
61 82
0 83
11 83
18 83
46 83
56 83
63 83
2 84
22 84
23 84
57 84
62 84
71 84
74 84
9 85
15 85
18 85
29 85
34 85
40 85
73 85
76 85
6 86
8 86
9 86
18 86
20 86
59 86
2 87
4 87
17 87
18 87
20 87
33 87
58 87
77 87
83 87
86 87
1 88
15 88
19 88
38 88
44 88
45 88
48 88
69 88
85 88
86 88
11 89
42 89
60 89
84 89
15 90
23 90
56 90
68 90
69 90
87 90
88 90
12 91
16 91
17 91
32 91
40 91
53 91
63 91
75 91
83 91
86 91
5 92
9 92
11 92
24 92
33 92
41 92
48 92
66 92
0 93
5 93
27 93
34 93
38 93
52 93
64 93
65 93
90 93
7 94
57 94
76 94
5 95
8 95
26 95
46 95
57 95
68 95
73 95
81 95
89 95
11 96
21 96
24 96
25 96
44 96
49 96
61 96
9 97
31 97
39 97
90 97
40 98
43 98
44 98
47 98
74 98
89 98
19 99
20 99
29 99
43 99
57 99
62 99
72 99
75 99
77 99
88 99
98 99
