100 1184 2
5 8 10 10 15 10 9 6 4 10 6 15 7 6 8 9 11 6 11 9 13 16 11 3 10 10 14 12 10 13 12 7 8 4 7 8 9 9 14 12 11 11 9 10 15 11 11 10 6 12 11 8 10 12 10 14 10 4 15 6 8 15 9 10 16 7 14 16 13 15 16 15 11 15 16 10 13 12 9 14 9 12 12 10 13 12 11 11 21 11 13 8 7 9 6 12 10 15 9 13
0 2
1 5
3 5
0 6
1 6
2 6
3 8
4 8
5 8
7 8
0 9
5 9
3 10
9 10
6 11
0 12
2 12
4 12
6 12
8 12
9 12
6 13
3 14
5 14
6 14
7 14
11 14
1 15
2 15
11 15
14 15
2 16
3 16
14 16
1 17
4 17
5 17
8 17
9 17
10 17
12 17
14 17
16 17
7 18
8 18
11 18
6 19
10 19
12 19
14 19
15 19
6 20
7 20
11 20
15 21
19 21
6 22
7 22
9 22
11 22
14 22
15 22
17 22
18 22
4 23
9 23
10 23
11 23
15 23
16 23
22 23
2 24
6 24
7 24
8 24
10 24
11 24
16 24
2 25
5 25
9 25
10 25
12 25
0 26
1 26
5 26
7 26
9 26
17 26
23 26
25 26
2 27
6 27
9 27
10 27
18 27
19 27
20 27
23 27
5 28
11 28
15 28
16 28
22 28
1 29
2 29
8 29
9 29
10 29
13 29
18 29
28 29
2 30
6 30
12 30
22 30
6 31
7 31
11 31
13 31
17 31
27 31
28 31
9 32
16 32
18 32
22 32
23 32
31 32
5 33
7 33
17 33
21 33
26 33
27 33
28 33
3 34
5 34
9 34
10 34
13 34
16 34
20 34
25 34
26 34
28 34
29 34
5 35
8 35
9 35
14 35
15 35
17 35
19 35
24 35
25 35
33 35
34 35
2 36
5 36
6 36
21 36
22 36
27 36
29 36
30 36
2 37
5 37
6 37
12 37
13 37
17 37
29 37
30 37
1 38
6 38
7 38
11 38
12 38
15 38
17 38
21 38
24 38
27 38
29 38
37 38
5 39
8 39
15 39
16 39
17 39
19 39
22 39
25 39
31 39
1 40
2 40
5 40
7 40
10 40
29 40
32 40
34 40
36 40
0 41
4 41
6 41
9 41
26 41
27 41
28 41
29 41
34 41
37 41
38 41
40 41
0 42
4 42
10 42
11 42
13 42
18 42
20 42
22 42
24 42
27 42
35 42
36 42
40 42
2 43
4 43
13 43
14 43
17 43
23 43
30 43
31 43
32 43
34 43
21 44
23 44
24 44
25 44
29 44
34 44
35 44
36 44
37 44
41 44
1 45
2 45
5 45
15 45
20 45
24 45
26 45
27 45
29 45
33 45
37 45
0 46
1 46
4 46
6 46
13 46
16 46
17 46
24 46
34 46
43 46
45 46
9 47
24 47
42 47
43 47
46 47
3 48
7 48
8 48
11 48
21 48
25 48
27 48
33 48
36 48
38 48
41 48
46 48
4 49
7 49
9 49
21 49
22 49
31 49
32 49
33 49
43 49
47 49
3 50
7 50
8 50
17 50
18 50
20 50
26 50
41 50
2 51
6 51
7 51
8 51
14 51
17 51
25 51
32 51
35 51
36 51
37 51
38 51
45 51
50 51
1 52
7 52
10 52
11 52
22 52
33 52
37 52
38 52
41 52
42 52
47 52
3 53
8 53
9 53
12 53
18 53
21 53
24 53
25 53
32 53
38 53
42 53
44 53
8 54
9 54
11 54
20 54
22 54
29 54
35 54
36 54
48 54
2 55
3 55
5 55
9 55
10 55
11 55
12 55
13 55
15 55
16 55
22 55
23 55
24 55
38 55
42 55
52 55
53 55
1 56
2 56
5 56
6 56
7 56
23 56
30 56
34 56
40 56
41 56
43 56
45 56
47 56
0 57
1 57
2 57
4 57
9 57
32 57
38 57
44 57
48 57
50 57
51 57
55 57
5 58
10 58
12 58
29 58
38 58
46 58
50 58
57 58
7 59
9 59
12 59
18 59
19 59
41 59
44 59
47 59
49 59
52 59
56 59
4 60
11 60
15 60
16 60
18 60
23 60
24 60
25 60
28 60
36 60
37 60
38 60
39 60
41 60
44 60
51 60
53 60
54 60
55 60
57 60
1 61
4 61
6 61
7 61
9 61
12 61
16 61
19 61
20 61
24 61
25 61
29 61
30 61
32 61
42 61
46 61
48 61
49 61
55 61
59 61
60 61
1 62
8 62
9 62
12 62
17 62
26 62
28 62
39 62
42 62
45 62
47 62
56 62
57 62
61 62
2 63
4 63
12 63
14 63
16 63
42 63
46 63
47 63
48 63
54 63
56 63
57 63
3 64
5 64
19 64
28 64
29 64
30 64
31 64
36 64
37 64
46 64
51 64
52 64
53 64
60 64
63 64
0 65
2 65
5 65
8 65
17 65
18 65
20 65
22 65
31 65
42 65
50 65
53 65
61 65
63 65
4 66
9 66
10 66
13 66
18 66
22 66
26 66
31 66
45 66
46 66
51 66
53 66
6 67
11 67
16 67
17 67
20 67
24 67
25 67
26 67
28 67
30 67
32 67
35 67
37 67
38 67
43 67
44 67
48 67
49 67
58 67
61 67
65 67
2 68
4 68
9 68
24 68
25 68
28 68
32 68
33 68
35 68
37 68
42 68
43 68
49 68
4 69
17 69
19 69
20 69
21 69
22 69
27 69
34 69
37 69
40 69
41 69
51 69
52 69
53 69
54 69
55 69
56 69
64 69
1 70
12 70
14 70
17 70
18 70
20 70
30 70
33 70
36 70
39 70
41 70
48 70
52 70
54 70
56 70
57 70
59 70
62 70
66 70
8 71
14 71
25 71
27 71
28 71
30 71
31 71
33 71
47 71
50 71
51 71
53 71
55 71
56 71
64 71
6 72
9 72
11 72
12 72
13 72
14 72
23 72
25 72
38 72
46 72
51 72
54 72
60 72
61 72
5 73
19 73
20 73
24 73
28 73
33 73
34 73
38 73
39 73
56 73
57 73
69 73
71 73
1 74
9 74
11 74
13 74
17 74
18 74
22 74
23 74
24 74
36 74
37 74
39 74
41 74
42 74
43 74
45 74
46 74
50 74
59 74
62 74
65 74
66 74
68 74
72 74
2 75
7 75
13 75
14 75
24 75
25 75
26 75
27 75
29 75
35 75
38 75
39 75
41 75
45 75
47 75
49 75
59 75
62 75
67 75
2 76
3 76
8 76
9 76
14 76
15 76
25 76
40 76
42 76
47 76
61 76
65 76
72 76
3 77
6 77
8 77
12 77
16 77
19 77
25 77
28 77
33 77
36 77
44 77
45 77
47 77
48 77
54 77
55 77
60 77
62 77
69 77
73 77
75 77
1 78
5 78
6 78
10 78
15 78
18 78
22 78
31 78
37 78
54 78
57 78
61 78
4 79
7 79
10 79
11 79
17 79
18 79
19 79
25 79
28 79
31 79
32 79
37 79
39 79
43 79
49 79
54 79
60 79
62 79
63 79
67 79
77 79
15 80
17 80
20 80
23 80
27 80
32 80
33 80
37 80
38 80
44 80
45 80
46 80
54 80
55 80
60 80
62 80
63 80
69 80
1 81
5 81
6 81
7 81
9 81
10 81
11 81
20 81
21 81
31 81
40 81
46 81
48 81
63 81
65 81
66 81
67 81
78 81
79 81
4 82
6 82
12 82
13 82
19 82
23 82
24 82
25 82
26 82
29 82
31 82
34 82
36 82
40 82
41 82
44 82
51 82
52 82
56 82
58 82
62 82
74 82
76 82
79 82
0 83
3 83
4 83
6 83
11 83
18 83
19 83
25 83
29 83
31 83
32 83
34 83
35 83
38 83
46 83
51 83
58 83
59 83
67 83
76 83
78 83
79 83
0 84
1 84
4 84
5 84
6 84
8 84
9 84
10 84
11 84
12 84
34 84
38 84
40 84
61 84
63 84
66 84
67 84
68 84
73 84
82 84
0 85
4 85
15 85
19 85
20 85
23 85
26 85
30 85
44 85
45 85
47 85
51 85
52 85
58 85
62 85
67 85
69 85
70 85
80 85
83 85
84 85
0 86
7 86
10 86
18 86
27 86
37 86
38 86
44 86
46 86
47 86
49 86
53 86
56 86
58 86
61 86
62 86
71 86
73 86
75 86
78 86
82 86
5 87
8 87
19 87
23 87
34 87
38 87
50 87
51 87
52 87
57 87
58 87
62 87
72 87
80 87
81 87
86 87
7 88
9 88
13 88
26 88
29 88
32 88
41 88
43 88
44 88
46 88
53 88
58 88
61 88
62 88
64 88
65 88
66 88
67 88
73 88
83 88
0 89
1 89
2 89
5 89
7 89
10 89
12 89
18 89
21 89
27 89
35 89
39 89
45 89
48 89
51 89
55 89
61 89
63 89
77 89
79 89
81 89
84 89
87 89
88 89
0 90
4 90
7 90
16 90
17 90
18 90
28 90
32 90
37 90
52 90
53 90
56 90
60 90
64 90
65 90
69 90
71 90
77 90
79 90
81 90
89 90
2 91
9 91
10 91
13 91
16 91
20 91
21 91
22 91
23 91
26 91
27 91
32 91
33 91
38 91
41 91
48 91
53 91
55 91
56 91
61 91
65 91
66 91
76 91
77 91
78 91
79 91
90 91
0 92
1 92
6 92
8 92
11 92
15 92
16 92
22 92
26 92
33 92
35 92
39 92
43 92
46 92
47 92
48 92
49 92
58 92
59 92
61 92
64 92
65 92
69 92
81 92
84 92
91 92
13 93
16 93
20 93
21 93
25 93
30 93
32 93
35 93
39 93
44 93
48 93
49 93
50 93
54 93
57 93
63 93
64 93
65 93
80 93
88 93
0 94
3 94
6 94
9 94
10 94
14 94
20 94
34 94
35 94
36 94
39 94
42 94
45 94
48 94
50 94
56 94
59 94
61 94
63 94
66 94
69 94
78 94
83 94
88 94
89 94
91 94
92 94
8 95
9 95
26 95
27 95
32 95
33 95
37 95
39 95
41 95
42 95
44 95
50 95
55 95
56 95
62 95
68 95
69 95
70 95
76 95
82 95
84 95
87 95
92 95
1 96
2 96
6 96
12 96
18 96
20 96
23 96
24 96
28 96
30 96
39 96
44 96
46 96
50 96
52 96
60 96
62 96
70 96
77 96
82 96
89 96
92 96
93 96
7 97
12 97
14 97
16 97
23 97
24 97
27 97
28 97
30 97
32 97
33 97
35 97
38 97
42 97
46 97
47 97
51 97
59 97
60 97
69 97
74 97
78 97
88 97
93 97
1 98
11 98
13 98
14 98
18 98
21 98
30 98
35 98
38 98
49 98
53 98
57 98
58 98
64 98
70 98
77 98
79 98
82 98
87 98
89 98
90 98
95 98
0 99
1 99
3 99
7 99
15 99
17 99
25 99
27 99
33 99
35 99
38 99
43 99
44 99
47 99
49 99
51 99
55 99
65 99
77 99
83 99
95 99
98 99
