100 481 5
4 2 4 4 5 1 8 7 2 3 10 1 1 16 1 2 6 5 3 2 2 30 2 7 7 6 10 5 2 1 4 11 2 2 1 5 1 3 18 6 4 17 15 8 7 10 4 1 1 15 2 1 1 13 7 2 7 2 11 19 1 10 5 2 1 6 17 3 2 12 2 9 2 8 4 5 1 1 1 9 4 8 5 10 2 1 5 2 12 4 1 5 5 1 2 5 12 4 3 1
5 9
0 10
3 10
2 11
3 11
4 13
0 14
1 14
1 18
2 18
3 18
1 19
4 19
0 20
1 20
4 20
5 20
9 20
11 20
19 20
1 21
9 21
10 21
11 21
14 21
0 22
2 22
11 22
3 23
6 23
7 23
8 23
11 23
18 23
3 24
4 24
12 24
1 25
13 25
12 26
15 29
7 31
30 31
13 32
14 32
15 32
26 32
27 32
30 33
6 34
9 34
12 34
9 35
11 35
12 35
21 35
25 35
5 36
10 36
12 36
0 37
2 37
6 37
13 37
27 37
11 38
22 38
11 40
13 40
22 40
23 40
24 40
0 41
1 41
2 41
8 41
10 41
16 41
17 41
14 42
31 42
37 42
39 42
0 43
40 43
12 44
22 44
27 44
30 44
33 44
12 45
14 45
35 45
1 46
5 46
9 46
17 46
25 46
26 46
25 47
31 47
36 47
1 48
23 48
24 48
28 48
34 48
39 48
1 49
11 49
14 49
20 49
26 49
1 50
9 50
17 50
21 50
31 50
43 50
28 51
41 52
0 53
7 53
14 53
16 53
30 53
31 53
46 53
1 54
4 54
5 54
12 54
15 54
24 54
29 54
38 54
3 55
4 55
7 55
9 55
17 55
18 55
19 55
33 55
34 55
40 55
44 55
6 56
9 56
16 56
24 56
26 56
6 57
13 57
14 57
21 57
47 57
50 57
8 58
39 58
24 59
36 59
40 59
44 59
11 60
17 60
18 60
29 60
39 60
1 61
20 61
25 61
40 61
43 61
44 61
45 61
47 61
52 61
54 61
7 62
10 62
18 62
35 62
36 62
37 62
40 62
9 63
11 63
25 63
36 63
2 64
9 64
17 64
29 64
32 64
36 64
37 64
46 64
10 65
22 65
24 65
48 65
60 65
14 66
17 66
26 66
33 66
44 66
49 66
60 66
1 67
12 67
16 67
19 67
20 67
34 67
38 67
46 67
51 67
53 67
60 67
64 67
16 68
22 68
24 68
30 68
31 68
37 68
44 68
51 68
54 68
4 69
18 69
24 69
41 69
57 69
4 70
11 70
23 70
33 70
46 70
52 70
55 70
62 70
11 71
14 71
16 71
26 71
39 71
52 71
58 71
1 72
14 72
18 72
23 72
35 72
39 72
44 72
45 72
62 72
16 73
17 73
23 73
32 73
41 73
44 73
57 73
15 74
18 74
38 74
46 74
50 74
3 75
7 75
11 75
16 75
46 75
47 75
55 75
56 75
58 75
2 76
7 76
21 76
42 76
53 76
64 76
2 77
23 77
28 77
30 77
33 77
36 77
17 78
21 78
44 78
50 78
53 78
55 78
58 78
69 78
8 79
9 79
15 79
23 79
25 79
32 79
45 79
47 79
70 79
1 80
21 80
34 80
43 80
52 80
56 80
60 80
64 80
6 81
17 81
22 81
37 81
46 81
55 81
57 81
72 81
10 82
12 82
24 82
60 82
61 82
70 82
4 83
6 83
14 83
18 83
19 83
30 83
36 83
39 83
63 83
66 83
68 83
7 84
16 84
22 84
24 84
30 84
63 84
80 84
15 85
17 85
28 85
45 85
49 85
67 85
74 85
83 85
16 86
21 86
26 86
29 86
31 86
63 86
74 86
81 86
83 86
17 87
25 87
28 87
31 87
50 87
56 87
76 87
7 88
18 88
30 88
32 88
43 88
46 88
55 88
58 88
60 88
65 88
11 89
28 89
30 89
31 89
34 89
39 89
56 89
59 89
65 89
67 89
76 89
8 90
47 90
51 90
65 90
75 90
6 91
15 91
25 91
31 91
65 91
70 91
72 91
20 92
27 92
31 92
32 92
40 92
56 92
2 93
8 93
17 93
28 93
33 93
36 93
44 93
46 93
67 93
72 93
6 94
16 94
23 94
26 94
29 94
41 94
56 94
83 94
2 95
3 95
9 95
21 95
26 95
40 95
47 95
77 95
79 95
11 96
12 96
15 96
17 96
21 96
24 96
26 96
32 96
39 96
53 96
75 96
6 97
28 97
42 97
47 97
51 97
55 97
61 97
74 97
77 97
80 97
6 98
17 98
29 98
33 98
64 98
72 98
1 99
7 99
16 99
22 99
27 99
41 99
44 99
49 99
52 99
59 99
60 99
66 99
71 99
74 99
