100 1010 5
2 3 1 1 2 8 33 5 11 1 1 7 7 9 9 13 2 6 5 15 28 9 29 12 14 24 17 12 1 1 10 1 11 4 19 1 1 2 13 44 1 7 1 3 7 18 2 3 1 5 24 10 1 3 3 13 1 1 25 6 11 2 9 2 7 6 22 3 10 26 1 4 1 17 9 31 7 9 5 15 4 6 33 12 18 11 7 3 12 22 12 24 2 9 9 1 11 7 5 33
3 9
6 9
0 10
6 10
0 11
4 11
1 12
5 13
3 14
0 15
3 15
7 16
0 18
17 18
2 19
12 19
4 20
3 21
11 21
13 21
1 22
2 22
4 22
8 22
9 22
10 22
14 22
17 22
6 23
8 23
12 23
15 23
16 23
2 24
3 24
5 24
8 24
10 24
14 24
16 24
0 25
2 25
4 25
6 25
9 26
11 26
13 26
1 27
3 27
9 27
10 27
17 27
5 28
16 28
0 29
1 29
3 29
9 29
11 29
12 29
18 29
20 29
24 29
28 29
1 30
9 30
11 30
18 30
19 30
22 30
28 30
9 31
11 31
27 31
2 32
5 32
7 32
15 32
20 32
21 32
23 32
25 32
9 33
10 33
13 33
18 33
30 33
2 34
6 34
7 34
10 34
15 34
19 34
23 34
25 34
29 34
32 34
2 35
8 35
13 35
15 35
16 35
20 35
24 35
26 35
27 35
0 36
10 36
14 36
16 36
17 36
22 36
23 36
29 36
3 37
5 37
6 37
17 37
30 37
32 37
1 38
2 38
3 38
5 38
6 38
7 38
10 38
12 38
15 38
16 38
17 38
20 38
25 38
27 38
7 39
15 39
17 39
22 39
29 39
6 40
9 40
12 40
19 40
9 41
12 41
23 41
28 41
1 42
7 42
14 42
4 43
5 43
6 43
9 43
10 43
16 43
17 43
19 43
21 43
22 43
23 43
24 43
27 43
28 43
30 43
3 44
5 44
12 44
14 44
15 44
19 44
20 44
29 44
30 44
32 44
37 44
39 44
4 45
7 45
13 45
21 45
25 45
26 45
29 45
33 45
38 45
40 45
43 45
0 46
1 46
7 46
10 46
13 46
17 46
18 46
21 46
22 46
24 46
38 46
1 47
10 47
18 47
19 47
26 47
30 47
33 47
36 47
38 47
40 47
41 47
3 48
6 48
7 48
13 48
16 48
17 48
19 48
33 48
7 49
13 49
18 49
25 49
26 49
29 49
31 49
33 49
34 49
42 49
7 50
8 50
10 50
22 50
24 50
32 50
6 51
7 51
9 51
11 51
12 51
17 51
18 51
25 51
32 51
33 51
34 51
37 51
3 52
4 52
8 52
13 52
14 52
16 52
17 52
19 52
20 52
23 52
24 52
27 52
35 52
36 52
3 53
5 53
10 53
15 53
16 53
18 53
24 53
27 53
29 53
30 53
37 53
38 53
42 53
2 54
9 54
13 54
15 54
22 54
29 54
30 54
34 54
43 54
0 55
4 55
30 55
38 55
39 55
40 55
0 56
6 56
8 56
10 56
11 56
15 56
21 56
22 56
23 56
27 56
31 56
33 56
34 56
41 56
5 57
7 57
18 57
25 57
28 57
31 57
34 57
35 57
36 57
37 57
43 57
1 58
11 58
14 58
15 58
18 58
22 58
24 58
25 58
26 58
28 58
30 58
36 58
37 58
39 58
43 58
2 59
5 59
13 59
18 59
25 59
30 59
32 59
37 59
42 59
5 60
15 60
16 60
18 60
22 60
27 60
30 60
34 60
37 60
40 60
41 60
1 61
5 61
6 61
12 61
21 61
42 61
44 61
0 62
3 62
21 62
31 62
34 62
36 62
42 62
43 62
46 62
48 62
54 62
1 63
7 63
11 63
14 63
15 63
26 63
44 63
47 63
55 63
60 63
0 64
9 64
10 64
12 64
14 64
17 64
18 64
22 64
23 64
31 64
34 64
45 64
54 64
57 64
58 64
2 65
3 65
5 65
15 65
24 65
26 65
27 65
28 65
30 65
34 65
36 65
39 65
41 65
50 65
51 65
2 66
3 66
4 66
5 66
9 66
12 66
13 66
14 66
17 66
18 66
19 66
20 66
21 66
31 66
42 66
44 66
46 66
56 66
3 67
4 67
7 67
8 67
12 67
14 67
33 67
37 67
38 67
46 67
55 67
56 67
60 67
0 68
13 68
16 68
17 68
20 68
23 68
24 68
27 68
28 68
40 68
45 68
50 68
53 68
56 68
2 69
5 69
10 69
11 69
12 69
15 69
28 69
33 69
42 69
44 69
52 69
54 69
59 69
60 69
1 70
2 70
5 70
8 70
11 70
13 70
28 70
33 70
35 70
37 70
44 70
45 70
52 70
0 71
2 71
15 71
25 71
26 71
28 71
33 71
38 71
45 71
51 71
56 71
58 71
59 71
2 72
17 72
22 72
23 72
25 72
28 72
33 72
34 72
35 72
41 72
43 72
47 72
54 72
61 72
63 72
64 72
65 72
67 72
0 73
2 73
6 73
14 73
15 73
16 73
18 73
21 73
23 73
37 73
41 73
42 73
44 73
46 73
49 73
52 73
53 73
55 73
56 73
57 73
61 73
62 73
64 73
69 73
6 74
10 74
12 74
15 74
19 74
22 74
31 74
32 74
35 74
41 74
46 74
49 74
50 74
53 74
61 74
63 74
64 74
2 75
3 75
9 75
10 75
14 75
16 75
17 75
19 75
21 75
26 75
27 75
30 75
35 75
36 75
42 75
43 75
46 75
47 75
54 75
64 75
10 76
23 76
29 76
30 76
40 76
46 76
57 76
60 76
65 76
6 77
8 77
11 77
12 77
24 77
40 77
41 77
43 77
45 77
47 77
53 77
56 77
57 77
60 77
66 77
68 77
71 77
7 78
12 78
17 78
20 78
27 78
30 78
35 78
37 78
43 78
45 78
51 78
53 78
55 78
57 78
61 78
62 78
63 78
64 78
65 78
70 78
72 78
6 79
7 79
8 79
9 79
14 79
17 79
19 79
26 79
29 79
30 79
33 79
36 79
45 79
58 79
62 79
67 79
72 79
77 79
5 80
11 80
13 80
15 80
16 80
28 80
30 80
38 80
41 80
46 80
50 80
54 80
62 80
64 80
66 80
67 80
74 80
2 81
5 81
10 81
11 81
21 81
25 81
27 81
32 81
33 81
35 81
40 81
45 81
54 81
59 81
60 81
63 81
67 81
73 81
75 81
77 81
2 82
8 82
15 82
20 82
21 82
31 82
42 82
43 82
44 82
45 82
46 82
48 82
62 82
64 82
65 82
66 82
71 82
3 83
5 83
14 83
16 83
21 83
28 83
37 83
39 83
40 83
47 83
48 83
53 83
54 83
55 83
68 83
70 83
71 83
0 84
12 84
16 84
21 84
30 84
34 84
40 84
42 84
43 84
46 84
49 84
52 84
59 84
60 84
62 84
66 84
68 84
1 85
3 85
5 85
6 85
14 85
16 85
17 85
30 85
32 85
33 85
34 85
37 85
42 85
51 85
65 85
0 86
1 86
8 86
12 86
14 86
24 86
32 86
33 86
36 86
41 86
44 86
45 86
48 86
53 86
57 86
62 86
69 86
73 86
77 86
6 87
11 87
13 87
16 87
20 87
22 87
26 87
28 87
30 87
34 87
38 87
42 87
43 87
46 87
61 87
64 87
66 87
68 87
70 87
71 87
74 87
76 87
1 88
3 88
5 88
9 88
14 88
17 88
22 88
26 88
30 88
33 88
37 88
48 88
53 88
54 88
55 88
61 88
74 88
75 88
0 89
14 89
20 89
22 89
31 89
32 89
47 89
48 89
52 89
54 89
57 89
61 89
62 89
66 89
67 89
71 89
75 89
1 90
7 90
8 90
13 90
24 90
29 90
32 90
50 90
53 90
68 90
73 90
0 91
1 91
9 91
16 91
22 91
27 91
35 91
41 91
47 91
49 91
50 91
65 91
75 91
76 91
77 91
2 92
9 92
14 92
16 92
18 92
23 92
27 92
31 92
32 92
33 92
34 92
39 92
40 92
48 92
60 92
62 92
67 92
69 92
7 93
14 93
17 93
20 93
21 93
23 93
40 93
43 93
49 93
55 93
61 93
62 93
65 93
67 93
68 93
69 93
73 93
0 94
1 94
5 94
6 94
7 94
12 94
13 94
18 94
23 94
25 94
29 94
30 94
34 94
38 94
43 94
51 94
60 94
62 94
63 94
72 94
80 94
82 94
83 94
86 94
87 94
90 94
91 94
93 94
4 95
5 95
10 95
26 95
27 95
38 95
42 95
43 95
60 95
61 95
62 95
68 95
69 95
71 95
75 95
76 95
83 95
85 95
91 95
3 96
5 96
6 96
26 96
28 96
34 96
37 96
38 96
40 96
49 96
50 96
54 96
57 96
68 96
89 96
91 96
5 97
15 97
16 97
21 97
23 97
27 97
35 97
40 97
45 97
47 97
48 97
53 97
57 97
61 97
68 97
69 97
71 97
85 97
86 97
93 97
0 98
3 98
6 98
12 98
15 98
17 98
22 98
27 98
29 98
31 98
32 98
34 98
35 98
38 98
39 98
62 98
63 98
64 98
71 98
73 98
74 98
78 98
82 98
86 98
90 98
93 98
0 99
2 99
4 99
9 99
15 99
17 99
18 99
23 99
27 99
31 99
33 99
34 99
37 99
48 99
51 99
52 99
57 99
58 99
59 99
60 99
66 99
74 99
77 99
78 99
79 99
83 99
