100 408 5
1 6 6 6 5 10 4 7 9 7 2 8 6 2 3 2 4 6 6 3 9 1 14 2 3 6 6 1 3 1 3 1 1 3 6 3 17 3 9 3 4 7 21 2 3 7 7 13 1 6 3 2 22 1 6 3 2 3 19 10 4 4 5 3 3 5 16 23 5 12 16 2 2 1 1 1 5 1 1 6 9 5 1 5 7 9 3 10 13 10 1 9 3 1 2 6 6 6 4 2
0 2
0 9
2 9
7 9
3 11
2 13
7 13
13 14
2 15
6 15
7 15
13 15
2 17
16 18
11 19
13 19
7 20
12 20
13 20
2 21
9 21
3 22
12 22
17 22
7 23
4 24
17 24
9 25
11 25
22 25
12 27
14 27
5 28
21 28
1 30
27 30
13 31
6 32
10 32
12 32
16 32
28 32
0 33
5 33
7 33
26 33
31 33
20 34
10 35
21 35
6 36
19 36
20 36
5 37
8 38
11 38
7 39
14 39
17 39
31 39
38 39
0 40
10 40
12 40
15 40
16 40
28 40
1 41
4 41
17 41
3 42
35 42
37 42
3 44
9 44
16 44
18 44
30 44
37 44
2 45
3 45
7 45
16 45
25 45
38 45
23 46
36 46
39 46
18 47
39 47
8 48
10 48
19 48
32 48
37 48
41 48
42 48
15 49
32 49
0 50
9 50
9 51
11 51
25 51
31 51
32 51
46 51
6 52
9 52
42 52
47 52
49 52
17 53
19 53
35 53
38 54
44 54
6 55
11 55
29 55
46 55
2 56
10 56
11 56
24 56
29 56
54 56
25 57
46 57
53 57
10 58
13 58
17 58
18 58
29 58
50 58
13 59
53 59
56 59
35 60
44 60
5 61
19 61
24 61
8 62
14 62
41 62
48 62
55 62
8 63
9 63
10 63
17 63
26 63
28 63
30 63
32 63
33 63
38 63
53 63
62 63
8 64
13 64
21 64
32 64
35 64
61 64
12 65
18 65
24 65
54 65
0 66
14 66
18 66
31 66
36 66
55 66
0 67
13 67
19 67
29 67
39 67
46 67
53 67
55 67
16 68
21 68
27 68
36 68
45 68
58 68
8 69
23 69
64 69
4 70
28 70
33 70
37 70
59 70
62 70
40 71
43 71
61 71
67 71
29 72
43 72
48 72
52 72
58 72
60 72
70 72
71 72
14 73
26 73
48 73
62 73
65 73
66 73
72 73
2 74
4 74
35 74
37 74
59 74
72 74
1 75
13 75
20 75
29 75
50 75
58 75
64 75
7 76
9 76
11 76
15 76
45 76
54 76
12 77
21 77
38 77
51 77
52 77
56 77
65 77
75 77
10 78
23 78
51 78
52 78
60 78
63 78
6 79
16 79
33 79
37 79
44 79
53 79
7 80
12 80
16 80
40 80
12 81
16 81
22 81
44 81
50 81
51 81
53 81
57 81
6 82
12 82
25 82
31 82
36 82
43 82
44 82
48 82
50 82
60 82
63 82
66 82
4 83
14 83
19 83
52 83
54 83
9 84
10 84
25 84
29 84
47 84
49 84
65 84
67 84
72 84
80 84
9 85
19 85
20 85
61 85
73 85
25 86
28 86
18 87
19 87
21 87
48 87
64 87
67 87
79 87
1 88
6 88
31 88
39 88
40 88
43 88
49 88
8 89
16 89
19 89
53 89
58 89
62 89
70 89
78 89
1 90
5 90
19 90
30 90
34 90
8 91
24 91
30 91
47 91
71 91
78 91
84 91
10 92
41 92
54 92
62 92
64 92
73 92
80 92
6 93
17 93
58 93
65 93
70 93
73 93
5 94
15 94
42 94
43 94
53 94
64 94
67 94
68 94
76 94
89 94
91 94
0 95
6 95
13 95
15 95
29 95
35 95
44 95
45 95
46 95
52 95
64 95
70 95
92 95
0 96
2 96
24 96
33 96
40 96
42 96
48 96
54 96
57 96
71 96
76 96
3 97
18 97
36 97
52 97
64 97
67 97
74 97
91 97
9 98
11 98
14 98
20 98
73 98
78 98
87 98
3 99
18 99
21 99
81 99
86 99
87 99
97 99
