100 458 5
5 2 20 7 2 8 8 18 4 6 17 4 7 5 15 18 8 7 2 1 5 7 6 4 7 11 12 4 8 10 10 20 18 8 1 1 4 7 11 5 2 4 5 3 9 8 10 7 7 20 17 18 3 4 10 1 3 7 9 10 7 8 11 4 8 3 17 10 10 16 5 6 6 13 17 5 19 8 9 18 3 9 7 1 1 19 2 8 7 5 8 11 7 9 8 8 11 19 6 6
3 4
4 6
2 8
7 8
0 9
5 9
2 10
3 10
4 10
2 11
2 14
3 14
9 14
4 15
5 16
1 17
14 18
3 19
6 19
15 19
3 21
2 22
8 22
4 24
9 24
10 24
4 25
0 26
9 26
13 26
14 26
5 27
14 28
11 29
16 29
21 29
25 29
8 30
28 30
4 31
7 31
19 31
9 32
12 32
29 32
30 32
5 33
6 33
24 33
28 33
23 34
25 34
27 34
2 35
12 35
15 35
16 35
22 35
29 36
35 36
3 37
15 37
18 37
30 37
31 37
31 38
4 39
6 39
13 39
36 39
1 40
8 40
12 40
13 40
30 40
36 40
3 41
6 41
8 41
20 41
24 41
31 41
12 42
13 42
15 42
5 43
30 43
33 43
24 44
43 44
33 45
9 46
11 46
12 46
23 46
25 46
32 46
42 46
12 47
21 48
27 48
11 49
12 49
23 49
28 49
29 49
31 49
38 49
48 49
7 50
24 50
39 50
41 50
45 50
4 51
14 51
8 52
14 52
18 52
38 52
41 52
48 52
0 53
12 53
25 53
33 53
41 53
52 53
4 54
15 54
36 54
37 54
2 55
15 55
22 55
26 55
30 55
44 55
45 55
5 56
15 56
21 56
33 56
37 56
45 56
53 56
1 57
8 57
23 57
45 57
3 58
6 58
25 58
34 58
35 58
38 58
40 58
52 58
53 58
54 58
11 59
19 59
26 59
39 59
40 59
54 59
55 59
1 60
12 60
24 60
31 60
39 60
11 61
16 61
25 61
29 61
39 61
41 61
42 61
59 61
2 62
5 62
21 62
40 62
51 62
54 62
58 62
4 63
25 63
26 63
31 63
37 63
48 63
53 63
58 63
62 63
3 64
26 64
30 64
50 64
1 65
13 65
16 65
23 65
30 65
41 65
57 65
62 65
9 66
22 66
28 66
31 66
42 66
44 66
65 66
16 67
19 67
23 67
47 67
51 67
60 67
16 68
29 68
50 68
65 68
31 69
34 69
40 69
42 69
47 69
49 69
65 69
67 69
19 70
28 70
29 70
32 70
45 70
49 70
59 70
8 71
12 71
26 71
32 71
34 71
55 71
69 71
5 72
20 72
32 72
35 72
39 72
46 72
49 72
55 72
57 72
60 72
62 72
5 73
16 73
17 73
20 73
34 73
43 73
54 73
65 73
67 73
69 73
23 74
30 74
34 74
37 74
52 74
58 74
59 74
65 74
31 75
37 75
3 76
5 76
38 76
43 76
49 76
54 76
68 76
69 76
21 77
23 77
48 77
58 77
13 78
23 78
61 78
67 78
68 78
71 78
76 78
4 79
57 79
76 79
0 80
8 80
9 80
10 80
16 80
35 80
52 80
57 80
69 80
71 80
4 81
11 81
13 81
25 81
28 81
40 81
63 81
80 81
40 82
56 82
18 83
21 83
44 83
65 83
79 83
4 84
13 84
16 84
78 84
51 85
56 85
71 85
0 86
7 86
8 86
10 86
14 86
15 86
28 86
41 86
45 86
46 86
47 86
48 86
74 86
78 86
80 86
83 86
4 87
18 87
30 87
31 87
32 87
45 87
47 87
75 87
85 87
86 87
23 88
25 88
34 88
39 88
42 88
47 88
48 88
68 88
81 88
19 89
27 89
34 89
35 89
37 89
85 89
6 90
33 90
34 90
50 90
51 90
77 90
85 90
1 91
27 91
28 91
55 91
61 91
62 91
66 91
84 91
0 92
6 92
11 92
21 92
22 92
38 92
72 92
77 92
5 93
7 93
26 93
35 93
45 93
57 93
60 93
80 93
82 93
2 94
8 94
11 94
24 94
35 94
63 94
72 94
11 95
14 95
21 95
43 95
59 95
62 95
73 95
8 96
10 96
13 96
19 96
29 96
32 96
38 96
46 96
50 96
52 96
53 96
77 96
82 96
92 96
52 97
56 97
60 97
66 97
67 97
24 98
27 98
30 98
48 98
60 98
68 98
73 98
96 98
6 99
12 99
16 99
32 99
33 99
34 99
38 99
53 99
67 99
80 99
84 99
85 99
