100 954 5
5 13 6 8 10 13 6 5 5 6 7 4 18 7 10 11 13 11 6 7 9 5 11 10 14 6 11 10 8 5 6 18 7 12 4 6 6 8 12 16 4 6 8 5 8 10 7 7 11 5 6 4 5 4 5 15 7 7 6 6 11 6 8 7 13 5 6 6 12 8 5 10 10 9 5 12 5 9 8 5 10 4 5 9 13 10 7 9 4 6 5 10 5 11 6 12 12 4 5 16
1 5
2 6
1 7
5 7
0 8
6 8
0 9
6 9
2 11
7 11
1 12
10 12
9 13
1 14
3 15
14 15
2 16
7 16
15 16
1 17
3 17
8 17
10 17
8 19
14 19
4 20
7 20
15 20
16 20
0 21
4 21
5 21
18 21
19 21
4 22
9 22
11 22
14 22
16 22
19 22
20 22
5 23
6 23
12 23
13 23
17 23
1 24
6 24
12 24
13 24
17 24
1 25
2 25
3 25
8 25
11 25
14 25
18 25
4 26
7 26
12 26
18 26
20 26
21 26
24 26
4 27
6 27
11 27
25 27
2 28
19 28
21 28
23 28
2 29
12 29
14 29
24 29
0 30
11 30
15 30
19 30
23 30
26 30
29 30
7 31
11 31
12 31
14 31
16 31
27 31
0 32
17 32
19 32
28 32
0 33
3 33
4 33
6 33
7 33
9 33
22 33
26 33
27 33
28 33
30 33
0 34
5 34
11 34
17 34
21 34
22 34
31 34
8 35
11 35
14 35
22 35
23 35
24 35
33 35
0 36
21 36
28 36
1 37
2 37
3 37
6 37
11 37
15 37
17 37
19 37
25 37
27 37
33 37
6 38
7 38
9 38
12 38
15 38
20 38
25 38
26 38
28 38
31 38
35 38
6 39
11 39
13 39
16 39
17 39
21 39
30 39
0 40
3 40
4 40
9 40
13 40
16 40
21 40
30 40
37 40
1 41
2 41
15 41
18 41
22 41
25 41
28 41
32 41
34 41
39 41
3 42
14 42
16 42
20 42
21 42
22 42
26 42
29 42
12 43
15 43
16 43
20 43
27 43
29 43
6 44
7 44
10 44
17 44
25 44
28 44
29 44
2 45
8 45
9 45
11 45
30 45
40 45
2 46
4 46
9 46
12 46
18 46
20 46
24 46
27 46
31 46
34 46
37 46
3 47
7 47
9 47
15 47
27 47
30 47
41 47
1 48
11 48
14 48
18 48
19 48
36 48
38 48
41 48
42 48
0 49
5 49
8 49
10 49
36 49
0 50
3 50
5 50
21 50
25 50
36 50
47 50
0 51
8 51
11 51
14 51
25 51
26 51
30 51
42 51
2 52
3 52
9 52
10 52
12 52
24 52
28 52
30 52
33 52
35 52
36 52
39 52
42 52
43 52
48 52
8 53
14 53
16 53
18 53
22 53
23 53
24 53
26 53
33 53
36 53
39 53
43 53
5 54
6 54
8 54
12 54
18 54
21 54
27 54
31 54
32 54
37 54
46 54
51 54
52 54
2 55
16 55
17 55
24 55
27 55
33 55
37 55
42 55
47 55
49 55
4 56
16 56
18 56
25 56
31 56
38 56
40 56
48 56
51 56
54 56
55 56
4 57
7 57
10 57
14 57
17 57
19 57
20 57
22 57
24 57
28 57
31 57
33 57
38 57
39 57
41 57
48 57
56 57
4 58
7 58
14 58
24 58
29 58
31 58
34 58
40 58
41 58
42 58
43 58
45 58
49 58
50 58
55 58
56 58
22 59
23 59
24 59
26 59
27 59
41 59
54 59
56 59
57 59
3 60
8 60
11 60
22 60
27 60
33 60
37 60
44 60
47 60
49 60
52 60
53 60
55 60
10 61
14 61
17 61
24 61
31 61
32 61
37 61
42 61
60 61
2 62
7 62
17 62
33 62
37 62
46 62
51 62
52 62
55 62
59 62
6 63
14 63
25 63
50 63
55 63
59 63
2 64
8 64
19 64
29 64
31 64
42 64
44 64
53 64
54 64
0 65
1 65
10 65
19 65
36 65
38 65
39 65
48 65
56 65
58 65
3 66
7 66
8 66
15 66
21 66
23 66
27 66
30 66
48 66
49 66
64 66
1 67
4 67
5 67
10 67
12 67
13 67
20 67
21 67
22 67
30 67
32 67
46 67
6 68
10 68
14 68
15 68
16 68
21 68
25 68
35 68
37 68
42 68
49 68
50 68
51 68
53 68
55 68
58 68
61 68
64 68
2 69
6 69
8 69
15 69
22 69
24 69
31 69
34 69
39 69
42 69
47 69
49 69
52 69
57 69
59 69
63 69
67 69
68 69
6 70
19 70
26 70
27 70
31 70
35 70
40 70
44 70
46 70
53 70
57 70
64 70
69 70
3 71
4 71
6 71
17 71
19 71
25 71
45 71
51 71
52 71
57 71
60 71
70 71
0 72
5 72
6 72
8 72
12 72
13 72
17 72
27 72
34 72
35 72
43 72
45 72
50 72
51 72
55 72
60 72
61 72
62 72
71 72
3 73
6 73
8 73
10 73
14 73
16 73
17 73
19 73
23 73
41 73
54 73
55 73
61 73
65 73
0 74
4 74
5 74
9 74
14 74
15 74
19 74
26 74
27 74
46 74
47 74
55 74
58 74
5 75
7 75
9 75
13 75
20 75
24 75
28 75
36 75
37 75
41 75
43 75
61 75
66 75
9 76
20 76
27 76
32 76
33 76
42 76
43 76
44 76
49 76
52 76
56 76
58 76
60 76
63 76
65 76
0 77
5 77
7 77
20 77
28 77
33 77
37 77
38 77
41 77
48 77
49 77
55 77
59 77
70 77
72 77
1 78
6 78
8 78
20 78
21 78
31 78
34 78
38 78
43 78
52 78
55 78
57 78
58 78
65 78
68 78
71 78
75 78
76 78
4 79
24 79
27 79
29 79
31 79
33 79
40 79
49 79
60 79
61 79
62 79
66 79
69 79
78 79
7 80
10 80
12 80
16 80
19 80
29 80
38 80
48 80
50 80
57 80
59 80
69 80
72 80
75 80
3 81
7 81
10 81
13 81
18 81
27 81
30 81
39 81
40 81
41 81
48 81
53 81
57 81
62 81
70 81
75 81
76 81
4 82
6 82
7 82
9 82
12 82
13 82
16 82
17 82
18 82
29 82
37 82
69 82
74 82
75 82
79 82
1 83
5 83
8 83
9 83
14 83
23 83
24 83
29 83
33 83
34 83
35 83
37 83
41 83
70 83
72 83
74 83
76 83
77 83
82 83
6 84
8 84
10 84
14 84
18 84
42 84
43 84
47 84
49 84
58 84
61 84
65 84
69 84
73 84
78 84
83 84
1 85
14 85
16 85
21 85
22 85
27 85
34 85
35 85
39 85
41 85
49 85
54 85
60 85
62 85
69 85
73 85
80 85
4 86
7 86
11 86
16 86
25 86
30 86
34 86
36 86
49 86
60 86
62 86
63 86
68 86
71 86
75 86
79 86
80 86
9 87
10 87
16 87
24 87
26 87
29 87
30 87
39 87
40 87
41 87
54 87
56 87
59 87
67 87
68 87
71 87
72 87
76 87
0 88
1 88
5 88
28 88
37 88
40 88
41 88
46 88
49 88
57 88
59 88
71 88
87 88
5 89
10 89
11 89
16 89
29 89
37 89
41 89
61 89
64 89
68 89
83 89
88 89
1 90
8 90
11 90
13 90
14 90
15 90
20 90
27 90
33 90
35 90
37 90
39 90
40 90
43 90
46 90
59 90
62 90
68 90
77 90
78 90
79 90
81 90
83 90
5 91
19 91
21 91
22 91
25 91
37 91
38 91
41 91
44 91
53 91
56 91
65 91
76 91
79 91
85 91
86 91
88 91
3 92
4 92
10 92
14 92
16 92
17 92
19 92
20 92
22 92
26 92
27 92
31 92
32 92
35 92
37 92
41 92
44 92
47 92
48 92
52 92
67 92
68 92
75 92
79 92
82 92
84 92
90 92
3 93
6 93
11 93
21 93
23 93
27 93
29 93
31 93
38 93
52 93
56 93
63 93
65 93
66 93
67 93
79 93
86 93
91 93
7 94
13 94
14 94
19 94
31 94
34 94
35 94
38 94
41 94
44 94
64 94
68 94
72 94
85 94
88 94
91 94
2 95
3 95
10 95
13 95
22 95
32 95
39 95
44 95
49 95
50 95
51 95
52 95
57 95
59 95
60 95
74 95
83 95
86 95
87 95
2 96
3 96
6 96
12 96
20 96
22 96
34 96
35 96
40 96
47 96
50 96
56 96
64 96
72 96
83 96
89 96
0 97
2 97
11 97
19 97
22 97
24 97
42 97
43 97
57 97
62 97
68 97
74 97
77 97
86 97
88 97
89 97
93 97
2 98
5 98
9 98
23 98
46 98
50 98
51 98
53 98
74 98
75 98
77 98
0 99
2 99
17 99
18 99
19 99
21 99
22 99
29 99
35 99
36 99
41 99
51 99
53 99
60 99
61 99
65 99
66 99
67 99
71 99
73 99
78 99
79 99
91 99
