100 322 5
15 30 37 11 24 17 10 4 4 5 32 10 6 16 15 11 15 14 2 15 2 4 1 2 3 1 1 39 2 4 20 22 4 11 18 41 6 11 3 11 5 4 3 5 13 11 1 14 20 4 14 9 10 13 2 17 1 16 17 4 6 2 7 36 16 11 2 27 5 4 16 8 8 15 24 35 8 16 9 7 6 23 3 2 2 5 3 1 2 5 2 11 1 5 1 21 5 41 5 1
3 4
1 10
3 11
0 14
1 14
3 14
8 15
1 16
12 17
14 17
16 17
10 18
17 19
4 20
7 20
0 21
13 21
12 22
13 22
16 23
22 24
18 25
16 27
22 27
25 28
10 30
13 30
25 30
7 31
11 31
21 31
28 31
8 32
8 33
18 33
25 33
30 33
26 34
30 34
31 34
21 35
15 36
24 36
27 36
9 37
11 38
23 38
10 39
23 39
2 40
10 40
14 40
10 41
13 41
20 41
30 41
34 41
8 43
9 43
12 43
14 43
17 43
30 43
8 44
9 44
15 44
19 44
22 44
2 45
9 45
21 45
32 45
37 45
12 47
32 47
20 48
33 48
38 48
9 49
18 49
39 49
34 50
3 51
8 51
17 51
9 52
23 52
50 52
20 53
22 53
39 53
7 54
31 54
50 54
53 54
48 55
11 56
30 56
47 56
49 56
54 56
8 57
26 57
32 57
42 57
3 58
34 58
45 58
3 59
11 59
44 59
54 59
17 60
21 60
25 60
36 60
49 60
59 60
1 61
43 61
60 61
6 62
9 62
10 62
38 62
57 62
33 63
55 63
56 63
7 64
38 64
47 64
48 64
10 65
22 65
25 65
28 65
52 65
0 66
16 66
38 66
40 66
51 66
21 67
45 67
51 67
55 67
3 68
8 68
16 68
60 68
0 69
19 69
54 69
60 69
63 69
0 70
1 70
14 70
17 70
33 70
42 70
46 70
15 71
53 71
55 71
56 71
67 71
20 72
32 72
60 72
63 72
0 73
13 73
24 73
46 73
65 73
9 74
32 74
35 74
37 74
29 75
30 75
31 75
33 75
57 75
1 76
2 76
35 76
46 76
47 76
55 76
56 76
61 76
67 76
75 76
21 77
49 77
3 78
8 78
13 78
36 79
49 79
51 79
70 79
74 79
8 80
45 80
46 80
50 80
52 80
3 81
16 81
23 81
33 81
42 81
43 81
5 82
30 82
51 82
60 82
66 82
79 82
3 83
13 83
22 83
24 83
31 83
38 83
45 83
51 83
63 83
64 83
11 84
60 84
61 84
64 84
83 84
10 85
23 85
29 85
36 85
40 85
74 85
83 85
3 86
6 86
12 86
16 86
32 86
36 86
55 86
60 86
73 86
31 87
54 87
63 87
67 87
75 87
5 88
23 88
45 88
65 88
8 89
19 89
37 89
79 89
81 89
16 90
26 90
50 90
58 90
29 91
59 91
27 92
29 92
39 92
58 92
64 92
67 92
71 92
73 92
80 92
91 92
22 93
27 93
36 93
64 93
3 94
7 94
13 94
30 94
34 94
40 94
70 94
77 94
87 94
89 94
15 95
35 95
43 95
7 96
24 96
42 96
43 96
89 96
95 96
26 97
46 97
70 97
86 97
84 98
85 98
89 98
95 98
96 98
97 98
34 99
65 99
79 99
81 99
96 99
