100 200 5
1 22 2 1 11 7 2 16 19 11 4 1 13 1 13 14 10 8 10 3 22 1 35 4 4 5 8 6 8 9 2 5 10 1 2 12 4 2 12 28 18 1 1 1 4 1 2 12 10 7 4 1 25 6 1 5 1 21 49 6 5 4 3 4 1 2 1 16 5 48 9 25 2 5 44 1 18 10 1 1 8 5 11 7 3 5 20 5 9 3 6 13 2 4 7 1 7 1 19 3
3 11
5 12
7 21
17 21
16 22
14 24
1 25
3 26
16 26
6 27
14 27
24 27
15 29
26 29
28 29
7 31
31 32
17 33
5 34
4 36
12 36
20 36
8 37
15 37
13 38
25 38
27 38
30 38
21 39
34 40
7 41
1 42
40 42
3 43
13 43
32 43
36 43
41 43
9 44
10 44
33 44
34 44
43 44
25 45
33 45
37 45
7 46
8 46
11 46
14 46
32 46
39 47
42 47
25 48
28 49
2 52
12 52
7 53
48 53
50 53
22 54
34 55
13 56
24 56
47 56
27 57
33 57
56 57
7 58
18 58
4 59
31 59
37 59
50 59
57 59
58 59
26 60
29 60
2 61
18 61
39 61
48 62
6 63
7 63
62 63
35 64
41 64
42 65
47 65
59 65
61 65
64 65
33 66
41 66
56 66
28 67
47 69
62 70
3 71
5 71
9 71
14 71
26 72
0 73
26 73
40 73
38 74
39 74
24 75
50 75
52 75
58 75
37 76
52 76
57 76
65 76
8 77
50 77
8 78
38 78
45 78
54 78
7 80
32 80
40 80
68 80
4 81
6 81
21 81
63 82
73 82
4 83
6 83
20 83
30 83
32 83
62 83
4 84
13 84
14 84
10 85
61 85
69 85
7 86
18 86
40 86
42 86
44 86
51 86
55 86
16 87
29 87
41 87
44 87
10 88
53 88
17 89
63 89
80 89
39 90
66 90
67 90
75 90
4 91
29 91
30 91
44 91
66 91
69 91
69 92
71 92
72 92
32 93
62 93
73 93
74 93
83 93
43 94
93 94
32 95
46 95
47 95
66 95
14 96
16 96
58 96
75 96
90 96
2 97
9 97
35 97
73 97
81 97
8 99
13 99
52 99
62 99
69 99
92 99
98 99
