100 1400 5
5 8 3 16 5 14 1 10 8 8 4 9 1 17 1 3 14 1 16 12 9 1 3 9 13 1 2 1 7 10 8 9 15 6 13 7 1 1 20 7 13 4 7 19 9 11 3 9 3 17 9 7 4 7 17 2 2 13 8 10 10 15 20 2 10 9 19 4 8 7 2 10 1 10 5 3 10 4 9 8 6 10 1 14 4 5 6 14 2 10 1 11 12 18 9 2 1 5 7 1
0 1
0 2
0 4
1 4
2 5
4 5
1 6
0 7
3 8
4 8
5 8
1 11
2 11
10 11
6 12
8 12
9 12
6 13
8 13
9 13
2 14
3 14
8 14
9 14
3 15
7 15
8 15
9 15
12 15
13 15
4 16
5 16
6 16
7 16
9 16
12 16
13 16
15 16
8 17
13 17
6 18
11 18
14 18
15 18
16 18
0 19
4 19
6 19
16 19
1 20
10 20
13 20
16 20
4 21
7 21
8 21
10 21
13 21
15 21
20 21
0 22
5 22
6 22
8 22
9 22
14 22
16 22
19 22
20 22
21 22
0 23
2 23
14 23
22 23
3 24
4 24
5 24
8 24
10 24
17 24
20 24
22 24
1 25
4 25
8 25
10 25
11 25
14 25
16 25
18 25
19 25
23 25
6 26
21 26
1 27
2 27
12 27
14 27
15 27
21 27
23 27
25 27
26 27
0 28
2 28
8 28
15 28
20 28
0 29
1 29
3 29
6 29
7 29
12 29
20 29
2 30
10 30
11 30
15 30
18 30
21 30
27 30
4 31
6 31
13 31
14 31
15 31
16 31
19 31
20 31
21 31
22 31
24 31
25 31
26 31
1 32
2 32
7 32
13 32
15 32
17 32
21 32
27 32
30 32
31 32
7 33
9 33
12 33
13 33
17 33
22 33
23 33
28 33
29 33
1 34
4 34
9 34
12 34
16 34
20 34
21 34
24 34
27 34
28 34
32 34
8 35
11 35
17 35
21 35
27 35
28 35
33 35
5 36
6 36
10 36
18 36
29 36
31 36
1 37
4 37
10 37
12 37
18 37
34 37
36 37
4 38
6 38
7 38
8 38
9 38
10 38
15 38
20 38
23 38
24 38
25 38
27 38
31 38
1 39
4 39
6 39
7 39
11 39
13 39
15 39
20 39
21 39
24 39
29 39
32 39
0 40
3 40
4 40
8 40
15 40
17 40
18 40
19 40
21 40
22 40
23 40
26 40
27 40
35 40
1 41
3 41
9 41
12 41
14 41
15 41
18 41
27 41
31 41
36 41
3 42
4 42
6 42
8 42
9 42
21 42
24 42
30 42
31 42
35 42
40 42
41 42
1 43
2 43
4 43
8 43
9 43
11 43
15 43
21 43
22 43
23 43
28 43
30 43
31 43
37 43
39 43
42 43
0 44
10 44
11 44
13 44
15 44
17 44
23 44
25 44
28 44
30 44
36 44
39 44
42 44
8 45
12 45
14 45
16 45
18 45
32 45
33 45
36 45
43 45
0 46
5 46
8 46
11 46
14 46
19 46
23 46
26 46
30 46
31 46
34 46
11 47
14 47
18 47
31 47
32 47
37 47
38 47
40 47
45 47
9 48
10 48
11 48
13 48
17 48
18 48
19 48
21 48
23 48
25 48
27 48
30 48
31 48
33 48
40 48
41 48
44 48
5 49
9 49
10 49
14 49
17 49
20 49
30 49
34 49
36 49
38 49
46 49
3 50
4 50
7 50
8 50
12 50
13 50
21 50
25 50
32 50
34 50
35 50
37 50
38 50
41 50
43 50
44 50
45 50
46 50
48 50
49 50
4 51
9 51
10 51
13 51
18 51
22 51
25 51
38 51
46 51
49 51
50 51
6 52
10 52
11 52
12 52
13 52
18 52
19 52
22 52
29 52
34 52
35 52
39 52
42 52
46 52
47 52
48 52
6 53
10 53
12 53
16 53
20 53
21 53
25 53
29 53
37 53
39 53
40 53
47 53
49 53
51 53
52 53
3 54
6 54
9 54
14 54
17 54
20 54
23 54
27 54
28 54
29 54
33 54
40 54
42 54
44 54
46 54
48 54
51 54
53 54
0 55
1 55
10 55
12 55
16 55
17 55
21 55
24 55
34 55
35 55
36 55
39 55
42 55
43 55
44 55
45 55
4 56
5 56
6 56
15 56
20 56
21 56
29 56
32 56
33 56
38 56
48 56
50 56
51 56
53 56
55 56
3 57
5 57
10 57
12 57
13 57
15 57
16 57
18 57
19 57
25 57
31 57
36 57
37 57
43 57
45 57
49 57
50 57
52 57
1 58
3 58
14 58
18 58
20 58
22 58
24 58
27 58
28 58
39 58
42 58
47 58
48 58
50 58
52 58
57 58
3 59
5 59
6 59
7 59
14 59
16 59
19 59
26 59
28 59
31 59
36 59
40 59
43 59
48 59
54 59
1 60
4 60
7 60
9 60
10 60
15 60
20 60
21 60
36 60
40 60
42 60
48 60
54 60
2 61
8 61
9 61
10 61
11 61
12 61
14 61
15 61
16 61
19 61
20 61
37 61
38 61
40 61
46 61
48 61
54 61
56 61
57 61
58 61
59 61
6 62
8 62
9 62
10 62
12 62
20 62
22 62
35 62
39 62
42 62
44 62
45 62
48 62
52 62
54 62
55 62
56 62
59 62
3 63
4 63
5 63
6 63
7 63
11 63
13 63
17 63
22 63
24 63
26 63
32 63
34 63
40 63
43 63
44 63
48 63
49 63
50 63
1 64
15 64
16 64
18 64
19 64
21 64
28 64
29 64
35 64
37 64
39 64
41 64
46 64
47 64
54 64
61 64
2 65
4 65
5 65
6 65
8 65
9 65
13 65
22 65
23 65
31 65
32 65
35 65
38 65
46 65
47 65
48 65
50 65
56 65
60 65
3 66
8 66
13 66
14 66
15 66
16 66
17 66
24 66
25 66
26 66
28 66
42 66
44 66
52 66
57 66
62 66
3 67
7 67
13 67
17 67
19 67
21 67
22 67
25 67
34 67
35 67
37 67
39 67
40 67
41 67
60 67
66 67
6 68
7 68
8 68
19 68
20 68
23 68
27 68
36 68
39 68
41 68
43 68
44 68
48 68
49 68
53 68
54 68
56 68
64 68
0 69
2 69
3 69
8 69
9 69
12 69
21 69
22 69
23 69
25 69
26 69
29 69
30 69
33 69
39 69
42 69
50 69
53 69
57 69
58 69
60 69
65 69
66 69
67 69
1 70
4 70
6 70
7 70
9 70
12 70
15 70
20 70
22 70
26 70
28 70
30 70
35 70
39 70
40 70
46 70
59 70
60 70
64 70
67 70
68 70
0 71
3 71
10 71
12 71
16 71
18 71
20 71
23 71
29 71
32 71
42 71
43 71
45 71
49 71
50 71
51 71
52 71
56 71
57 71
60 71
63 71
64 71
67 71
68 71
0 72
4 72
12 72
28 72
30 72
32 72
33 72
35 72
38 72
39 72
41 72
45 72
50 72
57 72
61 72
65 72
68 72
70 72
71 72
2 73
13 73
15 73
21 73
23 73
26 73
29 73
32 73
33 73
35 73
36 73
37 73
39 73
40 73
41 73
45 73
46 73
56 73
57 73
58 73
60 73
61 73
62 73
63 73
64 73
68 73
69 73
0 74
4 74
5 74
9 74
10 74
12 74
13 74
15 74
16 74
17 74
19 74
22 74
30 74
32 74
38 74
41 74
50 74
52 74
55 74
58 74
60 74
61 74
63 74
66 74
71 74
73 74
0 75
1 75
17 75
33 75
34 75
35 75
40 75
45 75
46 75
47 75
54 75
57 75
62 75
65 75
67 75
70 75
4 76
7 76
9 76
13 76
15 76
16 76
19 76
20 76
21 76
22 76
24 76
26 76
31 76
38 76
40 76
43 76
45 76
48 76
59 76
64 76
66 76
67 76
69 76
70 76
74 76
0 77
4 77
5 77
9 77
11 77
17 77
20 77
22 77
25 77
26 77
33 77
35 77
37 77
38 77
46 77
47 77
48 77
56 77
62 77
63 77
65 77
69 77
72 77
1 78
5 78
6 78
14 78
21 78
23 78
32 78
34 78
35 78
37 78
38 78
42 78
43 78
46 78
50 78
56 78
58 78
62 78
66 78
70 78
75 78
1 79
9 79
10 79
13 79
15 79
20 79
21 79
23 79
24 79
25 79
28 79
32 79
37 79
40 79
43 79
52 79
56 79
58 79
61 79
64 79
1 80
2 80
3 80
17 80
21 80
23 80
28 80
37 80
38 80
43 80
46 80
47 80
48 80
49 80
50 80
53 80
60 80
62 80
63 80
69 80
70 80
73 80
74 80
6 81
13 81
16 81
17 81
22 81
28 81
29 81
37 81
40 81
48 81
52 81
56 81
67 81
70 81
72 81
73 81
76 81
79 81
2 82
5 82
9 82
15 82
16 82
19 82
23 82
25 82
27 82
42 82
49 82
50 82
51 82
57 82
65 82
68 82
70 82
72 82
74 82
75 82
80 82
4 83
9 83
16 83
21 83
28 83
31 83
35 83
37 83
41 83
45 83
48 83
50 83
54 83
57 83
58 83
60 83
62 83
65 83
69 83
79 83
81 83
82 83
2 84
8 84
17 84
18 84
19 84
22 84
26 84
38 84
41 84
44 84
47 84
48 84
50 84
51 84
52 84
55 84
58 84
69 84
73 84
81 84
1 85
11 85
12 85
17 85
18 85
23 85
31 85
32 85
37 85
38 85
43 85
46 85
47 85
48 85
50 85
52 85
53 85
54 85
57 85
60 85
62 85
64 85
67 85
77 85
10 86
13 86
25 86
35 86
36 86
37 86
38 86
41 86
46 86
49 86
51 86
53 86
55 86
56 86
60 86
61 86
63 86
73 86
74 86
81 86
0 87
3 87
4 87
5 87
6 87
9 87
10 87
11 87
14 87
19 87
22 87
24 87
26 87
29 87
30 87
31 87
34 87
42 87
46 87
48 87
55 87
56 87
57 87
62 87
63 87
64 87
69 87
70 87
72 87
77 87
78 87
81 87
83 87
84 87
86 87
0 88
3 88
4 88
5 88
6 88
7 88
8 88
10 88
11 88
17 88
21 88
22 88
25 88
29 88
30 88
34 88
35 88
36 88
38 88
39 88
52 88
53 88
56 88
59 88
61 88
63 88
66 88
71 88
72 88
75 88
77 88
82 88
83 88
84 88
2 89
4 89
8 89
9 89
15 89
23 89
25 89
31 89
32 89
34 89
38 89
41 89
44 89
45 89
49 89
51 89
54 89
57 89
61 89
63 89
64 89
66 89
72 89
80 89
81 89
82 89
2 90
3 90
5 90
6 90
7 90
10 90
13 90
14 90
24 90
27 90
38 90
40 90
42 90
44 90
46 90
50 90
51 90
52 90
55 90
56 90
59 90
60 90
61 90
63 90
65 90
67 90
68 90
72 90
74 90
79 90
81 90
82 90
85 90
88 90
4 91
10 91
17 91
29 91
30 91
33 91
45 91
46 91
51 91
62 91
65 91
67 91
69 91
73 91
75 91
76 91
82 91
83 91
87 91
90 91
0 92
6 92
18 92
22 92
26 92
28 92
29 92
31 92
36 92
37 92
41 92
43 92
45 92
46 92
50 92
54 92
65 92
66 92
69 92
71 92
72 92
76 92
77 92
79 92
84 92
3 93
12 93
14 93
15 93
16 93
17 93
19 93
22 93
24 93
25 93
26 93
30 93
32 93
38 93
40 93
41 93
42 93
43 93
45 93
53 93
54 93
62 93
64 93
66 93
69 93
71 93
72 93
75 93
84 93
87 93
88 93
92 93
0 94
6 94
8 94
13 94
16 94
17 94
18 94
20 94
22 94
25 94
27 94
28 94
31 94
34 94
37 94
38 94
40 94
42 94
43 94
47 94
56 94
58 94
59 94
64 94
73 94
74 94
76 94
77 94
83 94
91 94
1 95
14 95
30 95
34 95
37 95
38 95
39 95
41 95
48 95
53 95
57 95
62 95
63 95
66 95
68 95
84 95
88 95
89 95
92 95
3 96
6 96
17 96
21 96
22 96
23 96
38 96
39 96
40 96
45 96
47 96
48 96
49 96
50 96
51 96
53 96
55 96
58 96
60 96
67 96
75 96
76 96
79 96
80 96
83 96
89 96
93 96
4 97
14 97
17 97
18 97
20 97
24 97
29 97
42 97
45 97
50 97
51 97
55 97
57 97
60 97
62 97
66 97
68 97
69 97
75 97
76 97
80 97
84 97
96 97
2 98
4 98
5 98
15 98
16 98
21 98
24 98
27 98
31 98
32 98
33 98
40 98
41 98
42 98
52 98
64 98
66 98
68 98
69 98
71 98
74 98
77 98
79 98
84 98
87 98
91 98
93 98
2 99
4 99
7 99
12 99
26 99
28 99
32 99
38 99
39 99
45 99
56 99
57 99
59 99
64 99
65 99
66 99
70 99
74 99
75 99
76 99
77 99
86 99
89 99
90 99
92 99
98 99
