100 284 5
2 8 1 5 9 10 10 12 1 4 13 8 16 3 1 6 7 11 4 1 9 2 3 10 4 8 2 15 10 3 8 18 1 13 9 11 9 18 6 1 9 20 10 5 7 8 9 2 9 11 3 6 2 6 8 9 13 2 1 6 8 6 8 3 9 20 6 9 8 6 10 7 6 18 16 2 10 7 10 6 2 17 10 3 10 19 5 12 9 20 4 2 7 20 4 20 8 6 8 3
5 7
4 11
6 16
1 18
3 21
13 22
7 24
17 24
8 25
17 28
5 30
21 31
17 32
5 33
14 33
1 34
3 34
4 34
17 34
18 34
26 34
27 34
4 35
26 35
31 35
11 36
17 36
19 36
0 37
17 37
8 38
9 38
13 38
21 39
2 40
18 40
5 42
19 42
22 42
28 43
27 44
36 45
37 46
16 47
22 47
1 48
2 48
4 48
22 48
27 48
40 48
42 48
9 49
11 49
29 49
36 49
39 49
0 50
12 50
24 51
35 51
47 51
28 53
31 53
38 53
16 54
21 54
46 54
12 55
15 55
44 55
45 55
3 56
15 57
21 57
35 57
46 57
49 57
12 58
13 58
47 58
4 59
7 59
49 59
52 59
56 59
23 60
24 60
19 61
35 61
37 61
54 61
12 62
20 62
22 62
47 62
49 62
11 63
12 63
44 63
45 63
51 63
12 64
42 64
1 65
20 65
50 65
3 66
22 66
49 67
56 67
16 68
37 68
12 69
30 69
28 70
30 70
32 70
37 70
3 71
32 71
48 71
13 72
21 72
24 72
44 72
56 72
36 73
39 73
62 73
13 74
48 74
18 75
24 75
31 75
50 75
56 75
66 75
67 75
12 76
72 76
40 77
41 77
43 77
5 78
20 78
61 78
0 79
8 79
13 79
15 79
30 79
35 79
45 79
29 80
31 80
43 80
52 80
63 80
67 80
18 81
19 81
22 81
25 81
33 81
39 81
46 81
49 81
1 82
17 82
60 82
14 83
21 83
23 83
27 83
35 83
40 83
53 83
57 83
62 83
63 83
69 83
80 83
5 84
7 84
27 84
33 84
59 84
77 84
26 85
32 85
49 85
53 85
55 85
63 85
4 86
32 86
49 86
50 86
70 86
72 86
9 87
13 87
17 87
28 87
53 87
56 87
72 87
7 88
26 88
28 88
41 88
58 88
68 88
79 88
5 89
8 89
23 89
67 89
70 89
8 90
17 90
18 90
24 90
46 90
54 90
65 90
5 91
6 91
8 91
20 91
34 91
55 91
57 91
64 91
34 92
87 92
28 93
43 93
46 93
62 93
67 93
76 93
86 93
0 94
12 94
41 94
71 94
9 95
15 95
25 95
32 95
48 95
53 95
56 95
65 95
83 95
6 96
20 96
49 96
61 96
69 96
72 96
21 97
37 97
40 97
68 97
71 97
72 97
18 98
34 98
65 98
68 98
79 98
89 98
2 99
22 99
59 99
60 99
67 99
73 99
77 99
83 99
87 99
