100 301 5
2 8 3 6 1 33 1 9 5 15 11 1 10 10 5 3 18 6 16 12 7 2 9 5 3 16 5 5 16 4 1 1 5 4 3 6 1 10 2 6 9 2 1 6 2 3 13 8 6 17 2 10 6 8 9 20 7 2 2 12 12 1 14 2 6 2 3 8 3 8 2 1 9 2 1 1 4 7 1 2 4 2 1 5 6 8 1 17 3 2 9 3 15 9 2 1 30 11 13 12
4 5
3 7
0 13
1 18
3 18
2 20
12 20
16 20
5 21
1 22
3 22
14 22
13 23
8 24
14 24
7 25
14 25
10 26
1 27
6 27
16 27
22 27
20 28
18 30
4 31
12 32
13 32
14 32
4 33
5 33
17 33
19 33
6 34
17 35
20 35
11 36
17 36
23 36
20 37
0 38
12 38
14 38
25 38
33 38
16 39
18 39
20 39
3 40
5 40
6 40
11 40
15 40
31 40
2 41
31 41
5 42
4 43
15 43
25 44
27 44
4 45
8 45
5 46
15 46
30 46
33 46
5 47
39 47
17 48
27 48
40 48
45 48
0 49
5 49
25 49
11 50
16 50
24 50
44 50
4 51
6 51
38 51
45 51
36 52
42 52
9 53
13 53
12 54
22 54
46 54
14 55
45 55
3 56
15 56
16 56
35 56
2 57
8 57
52 57
40 58
47 58
53 58
3 59
5 59
26 59
29 59
44 59
49 59
47 60
6 61
13 61
26 61
44 61
1 62
4 62
12 62
28 62
32 62
36 62
49 62
50 62
20 63
28 63
45 63
47 63
50 63
28 64
44 64
15 65
33 65
35 65
43 65
55 65
2 66
25 67
38 67
55 67
34 68
46 68
62 68
21 69
22 69
41 69
46 69
48 69
4 70
8 70
13 70
26 70
28 70
44 70
48 70
50 70
12 72
25 72
47 72
15 73
45 73
55 73
10 74
20 74
38 74
57 74
1 75
7 75
19 75
25 75
39 75
41 75
57 75
48 76
24 77
27 77
29 77
42 77
52 77
58 77
65 77
8 78
25 78
44 78
10 79
51 79
52 79
63 79
11 80
33 80
47 80
53 80
69 80
12 81
22 81
29 81
46 81
69 81
1 82
41 82
2 83
3 83
15 83
30 83
44 83
60 83
67 83
3 84
11 84
37 84
44 84
46 84
58 84
2 85
9 85
14 85
21 85
40 85
70 85
7 86
15 86
39 86
52 86
66 86
52 87
62 88
71 88
85 88
2 89
23 89
29 89
41 89
50 89
55 89
76 89
4 90
5 90
9 90
11 90
15 90
18 90
43 90
63 90
81 90
20 91
22 91
63 91
4 92
12 92
15 92
53 92
81 92
84 92
35 93
45 93
56 93
62 93
86 93
0 94
15 94
16 94
54 94
65 94
78 94
28 95
40 95
49 95
52 95
68 95
69 95
84 95
86 95
1 96
2 96
8 96
11 96
24 96
35 96
36 96
48 96
50 96
51 96
57 96
67 96
76 96
77 96
10 97
15 97
31 97
32 97
38 97
41 97
54 97
64 97
71 97
8 98
14 98
76 98
8 99
15 99
40 99
46 99
65 99
74 99
