100 659 5
5 6 5 6 6 5 6 4 5 6 7 4 5 5 5 6 7 7 6 5 4 5 8 7 6 5 6 4 7 6 7 4 6 6 4 5 6 5 5 5 6 6 5 4 4 5 7 4 4 6 6 6 4 6 6 4 6 7 5 6 6 5 6 6 5 5 4 5 5 5 5 6 6 6 7 5 5 6 8 6 6 7 8 5 6 5 6 6 6 6 4 6 8 5 6 5 5 6 7 5
1 11
4 11
7 11
10 11
7 12
10 12
2 13
6 14
7 14
0 16
2 16
6 16
10 16
5 17
6 18
10 19
5 20
9 20
1 21
8 21
16 21
9 22
16 22
1 23
5 23
9 23
20 23
0 24
14 24
0 25
9 25
12 25
13 25
15 25
0 26
5 26
6 26
8 26
14 26
22 26
3 27
6 27
7 27
8 27
20 27
24 27
25 27
4 28
7 28
10 28
13 28
4 29
15 29
16 29
7 30
8 30
9 31
10 31
11 31
20 31
8 32
13 32
19 32
4 33
21 33
4 34
6 36
9 36
1 37
5 37
9 37
14 37
0 38
5 38
6 38
7 38
7 39
8 39
12 39
22 39
24 39
6 40
33 40
36 40
2 41
19 41
26 41
31 41
32 41
39 41
11 42
18 42
25 42
34 42
37 42
24 43
25 43
29 43
37 43
38 43
4 44
5 44
6 44
16 44
18 44
32 44
34 44
36 44
21 45
33 45
35 45
5 46
14 46
19 46
36 46
38 46
5 47
7 47
16 47
18 47
19 47
26 47
28 47
30 47
34 47
35 47
37 47
3 48
6 48
14 48
38 48
45 48
15 49
19 49
27 49
33 49
39 49
43 49
46 49
5 50
7 50
13 50
31 50
32 50
39 50
0 51
1 51
9 51
17 51
18 51
30 51
42 51
44 51
8 52
15 52
20 52
35 52
47 52
9 53
10 53
11 53
14 53
16 53
29 53
6 54
16 54
21 54
25 54
28 54
41 54
45 54
0 55
6 55
13 55
16 55
26 55
41 55
45 55
8 56
15 56
20 56
40 56
10 57
16 57
17 57
26 57
6 58
7 58
14 58
19 58
34 58
39 58
40 58
43 58
0 59
17 59
21 59
28 59
29 59
30 59
53 59
3 60
9 60
10 60
17 60
45 60
49 60
0 61
2 61
3 61
7 61
9 61
13 61
14 61
26 61
34 61
0 62
7 62
26 62
38 62
53 62
6 63
7 63
11 63
13 63
35 63
47 63
12 64
24 64
27 64
50 64
56 64
1 65
7 65
22 65
28 65
34 65
56 65
0 66
9 66
12 66
15 66
21 66
29 66
41 66
48 66
51 66
2 67
20 67
21 67
23 67
28 67
30 67
32 67
33 67
39 67
40 67
47 67
52 67
57 67
60 67
64 67
4 68
10 68
14 68
15 68
22 68
24 68
27 68
33 68
38 68
42 68
48 68
0 69
4 69
8 69
10 69
14 69
21 69
49 69
60 69
62 69
3 70
4 70
13 70
14 70
35 70
45 70
58 70
63 70
2 71
5 71
7 71
11 71
19 71
31 71
32 71
40 71
56 71
58 71
1 72
2 72
30 72
32 72
34 72
57 72
60 72
3 73
7 73
12 73
19 73
20 73
31 73
32 73
52 73
0 74
6 74
13 74
17 74
22 74
24 74
25 74
27 74
30 74
32 74
40 74
46 74
48 74
49 74
68 74
72 74
73 74
1 75
21 75
25 75
31 75
35 75
51 75
60 75
68 75
1 76
9 76
13 76
14 76
18 76
21 76
28 76
32 76
44 76
47 76
49 76
51 76
58 76
67 76
73 76
3 77
9 77
11 77
23 77
30 77
38 77
39 77
45 77
54 77
55 77
66 77
2 78
11 78
31 78
35 78
37 78
42 78
48 78
64 78
65 78
66 78
69 78
71 78
9 79
25 79
36 79
41 79
46 79
59 79
65 79
2 80
3 80
4 80
10 80
14 80
16 80
18 80
22 80
28 80
33 80
36 80
38 80
47 80
52 80
55 80
64 80
65 80
70 80
0 81
4 81
5 81
13 81
30 81
32 81
33 81
41 81
49 81
52 81
53 81
57 81
65 81
0 82
1 82
2 82
4 82
11 82
22 82
31 82
36 82
37 82
38 82
48 82
51 82
55 82
59 82
69 82
3 83
9 83
16 83
18 83
23 83
24 83
40 83
56 83
58 83
67 83
69 83
4 84
7 84
14 84
25 84
30 84
31 84
52 84
57 84
60 84
67 84
68 84
20 85
31 85
32 85
33 85
38 85
42 85
54 85
60 85
68 85
4 86
6 86
17 86
18 86
20 86
34 86
48 86
56 86
58 86
60 86
66 86
67 86
72 86
1 87
3 87
16 87
18 87
34 87
41 87
42 87
47 87
48 87
60 87
0 88
1 88
6 88
10 88
16 88
17 88
22 88
26 88
32 88
42 88
48 88
53 88
55 88
62 88
63 88
64 88
69 88
74 88
87 88
5 89
13 89
17 89
18 89
32 89
36 89
38 89
40 89
45 89
47 89
51 89
76 89
0 90
4 90
7 90
27 90
40 90
41 90
51 90
52 90
54 90
59 90
67 90
73 90
74 90
78 90
79 90
81 90
82 90
84 90
87 90
1 91
4 91
5 91
10 91
14 91
16 91
21 91
39 91
44 91
58 91
62 91
69 91
75 91
86 91
11 92
16 92
20 92
25 92
27 92
35 92
57 92
63 92
66 92
69 92
75 92
6 93
7 93
8 93
14 93
20 93
27 93
42 93
44 93
58 93
72 93
74 93
15 94
23 94
27 94
31 94
33 94
37 94
42 94
47 94
53 94
56 94
57 94
70 94
84 94
9 95
27 95
31 95
42 95
45 95
51 95
54 95
57 95
60 95
61 95
62 95
64 95
67 95
69 95
78 95
15 96
18 96
21 96
27 96
36 96
46 96
60 96
63 96
70 96
76 96
0 97
6 97
8 97
11 97
12 97
25 97
36 97
41 97
45 97
48 97
49 97
50 97
55 97
58 97
61 97
63 97
67 97
74 97
82 97
83 97
87 97
4 98
16 98
32 98
41 98
43 98
46 98
57 98
58 98
62 98
71 98
78 98
81 98
83 98
84 98
87 98
1 99
7 99
14 99
15 99
26 99
41 99
43 99
44 99
46 99
63 99
64 99
77 99
85 99
86 99
