100 1901 5
4 6 6 3 4 6 12 16 8 2 4 1 3 2 4 5 1 1 1 6 1 3 3 8 1 2 1 1 15 2 1 6 6 1 8 7 2 12 1 2 16 24 12 8 3 6 1 4 2 2 3 18 1 4 2 1 1 1 1 1 10 1 3 6 1 4 1 3 6 3 1 5 3 14 7 5 3 1 6 9 4 3 15 3 8 8 3 3 14 1 1 2 4 1 5 4 2 1 14 3
0 1
0 2
1 2
0 3
1 3
2 3
0 4
2 4
1 5
3 5
2 6
3 6
2 7
4 7
1 8
0 9
1 9
6 9
8 9
2 10
3 10
6 10
7 10
9 10
2 11
3 11
5 11
8 11
0 12
1 12
6 12
7 12
10 12
11 12
1 13
4 13
6 13
7 13
8 13
9 13
10 13
11 13
12 13
2 14
5 14
6 14
7 14
8 14
10 14
11 14
0 15
7 15
9 15
11 15
12 15
1 16
3 16
4 16
5 16
8 16
10 16
13 16
14 16
15 16
2 17
4 17
5 17
6 17
8 17
10 17
12 17
13 17
14 17
16 17
1 18
2 18
3 18
4 18
6 18
8 18
10 18
1 19
5 19
7 19
17 19
5 20
8 20
9 20
15 20
16 20
17 20
19 20
0 21
3 21
8 21
11 21
14 21
16 21
18 21
19 21
2 22
3 22
5 22
6 22
8 22
9 22
10 22
15 22
17 22
21 22
0 23
1 23
4 23
5 23
6 23
7 23
8 23
13 23
17 23
20 23
21 23
4 24
5 24
6 24
8 24
10 24
13 24
14 24
17 24
18 24
21 24
23 24
0 25
1 25
2 25
3 25
4 25
6 25
10 25
13 25
16 25
19 25
20 25
24 25
0 26
2 26
3 26
9 26
13 26
15 26
17 26
18 26
20 26
21 26
25 26
6 27
7 27
9 27
11 27
12 27
15 27
16 27
20 27
23 27
25 27
26 27
0 28
1 28
5 28
7 28
14 28
15 28
16 28
17 28
19 28
22 28
23 28
26 28
0 29
5 29
6 29
9 29
17 29
22 29
24 29
25 29
27 29
28 29
0 30
1 30
5 30
6 30
11 30
12 30
14 30
18 30
20 30
22 30
23 30
24 30
26 30
27 30
29 30
1 31
2 31
4 31
8 31
9 31
10 31
11 31
12 31
13 31
14 31
23 31
26 31
30 31
0 32
2 32
5 32
9 32
10 32
14 32
15 32
16 32
18 32
19 32
21 32
22 32
23 32
24 32
25 32
27 32
30 32
2 33
4 33
5 33
6 33
8 33
10 33
11 33
12 33
15 33
22 33
24 33
26 33
31 33
3 34
10 34
11 34
13 34
16 34
21 34
25 34
28 34
32 34
0 35
1 35
5 35
6 35
7 35
8 35
10 35
12 35
14 35
16 35
22 35
26 35
27 35
28 35
30 35
0 36
6 36
8 36
11 36
12 36
13 36
14 36
15 36
23 36
26 36
27 36
30 36
1 37
3 37
5 37
7 37
9 37
12 37
17 37
18 37
26 37
27 37
28 37
30 37
34 37
2 38
3 38
4 38
11 38
13 38
18 38
21 38
22 38
24 38
25 38
29 38
31 38
32 38
36 38
2 39
6 39
9 39
13 39
14 39
17 39
25 39
27 39
30 39
31 39
32 39
35 39
38 39
0 40
3 40
5 40
8 40
11 40
15 40
19 40
22 40
25 40
26 40
30 40
32 40
37 40
38 40
10 41
12 41
17 41
22 41
25 41
28 41
31 41
35 41
7 42
11 42
12 42
14 42
15 42
18 42
19 42
23 42
25 42
26 42
28 42
34 42
36 42
38 42
39 42
5 43
8 43
12 43
14 43
19 43
22 43
23 43
25 43
30 43
32 43
34 43
36 43
37 43
40 43
42 43
0 44
5 44
6 44
11 44
13 44
18 44
20 44
22 44
23 44
27 44
30 44
31 44
33 44
35 44
38 44
40 44
42 44
0 45
1 45
3 45
6 45
8 45
19 45
22 45
24 45
26 45
28 45
29 45
31 45
32 45
35 45
36 45
37 45
43 45
0 46
2 46
8 46
10 46
11 46
20 46
21 46
22 46
23 46
24 46
25 46
28 46
29 46
32 46
35 46
39 46
42 46
44 46
45 46
1 47
3 47
7 47
8 47
12 47
14 47
24 47
27 47
29 47
31 47
33 47
36 47
40 47
42 47
43 47
45 47
2 48
5 48
6 48
10 48
15 48
17 48
18 48
22 48
24 48
26 48
28 48
32 48
37 48
39 48
41 48
42 48
43 48
47 48
0 49
2 49
7 49
9 49
10 49
12 49
16 49
19 49
21 49
23 49
27 49
28 49
29 49
32 49
34 49
36 49
37 49
39 49
42 49
44 49
45 49
47 49
48 49
1 50
2 50
4 50
17 50
19 50
24 50
25 50
26 50
27 50
32 50
33 50
34 50
42 50
45 50
47 50
48 50
1 51
2 51
4 51
5 51
6 51
8 51
9 51
10 51
12 51
14 51
16 51
17 51
18 51
19 51
22 51
23 51
25 51
26 51
28 51
29 51
35 51
37 51
38 51
41 51
42 51
46 51
50 51
3 52
4 52
5 52
9 52
11 52
12 52
17 52
19 52
22 52
23 52
35 52
37 52
41 52
51 52
0 53
2 53
6 53
7 53
9 53
12 53
14 53
17 53
18 53
19 53
21 53
23 53
24 53
25 53
29 53
31 53
38 53
41 53
46 53
47 53
48 53
52 53
0 54
2 54
5 54
6 54
8 54
15 54
16 54
17 54
18 54
20 54
22 54
24 54
25 54
29 54
30 54
32 54
33 54
40 54
41 54
42 54
43 54
44 54
45 54
51 54
53 54
1 55
2 55
12 55
14 55
18 55
24 55
26 55
28 55
29 55
31 55
33 55
34 55
36 55
38 55
47 55
51 55
53 55
54 55
1 56
2 56
6 56
8 56
9 56
12 56
16 56
18 56
23 56
24 56
26 56
27 56
29 56
30 56
31 56
32 56
34 56
36 56
40 56
45 56
46 56
48 56
49 56
50 56
52 56
54 56
55 56
5 57
7 57
8 57
18 57
19 57
21 57
22 57
27 57
29 57
31 57
33 57
36 57
41 57
42 57
44 57
46 57
50 57
53 57
54 57
56 57
3 58
4 58
5 58
11 58
13 58
15 58
17 58
18 58
19 58
25 58
26 58
27 58
36 58
37 58
40 58
46 58
52 58
55 58
0 59
1 59
5 59
8 59
9 59
10 59
12 59
17 59
21 59
23 59
24 59
25 59
28 59
34 59
39 59
41 59
42 59
43 59
45 59
46 59
47 59
50 59
51 59
52 59
53 59
1 60
2 60
4 60
7 60
16 60
17 60
20 60
25 60
26 60
29 60
30 60
32 60
40 60
43 60
50 60
53 60
56 60
58 60
59 60
0 61
1 61
2 61
4 61
5 61
6 61
8 61
12 61
14 61
15 61
16 61
17 61
19 61
25 61
26 61
32 61
33 61
37 61
41 61
46 61
53 61
2 62
3 62
11 62
14 62
15 62
18 62
20 62
21 62
23 62
25 62
27 62
28 62
29 62
31 62
33 62
35 62
36 62
38 62
40 62
43 62
45 62
46 62
48 62
51 62
53 62
55 62
56 62
57 62
59 62
60 62
61 62
0 63
1 63
5 63
6 63
9 63
10 63
11 63
13 63
17 63
18 63
20 63
24 63
28 63
34 63
36 63
38 63
40 63
44 63
46 63
49 63
50 63
51 63
53 63
56 63
57 63
58 63
62 63
3 64
5 64
15 64
16 64
19 64
21 64
22 64
23 64
32 64
33 64
34 64
36 64
39 64
41 64
44 64
47 64
52 64
55 64
59 64
2 65
4 65
5 65
6 65
10 65
14 65
16 65
20 65
21 65
22 65
24 65
26 65
29 65
30 65
31 65
33 65
34 65
37 65
38 65
39 65
41 65
42 65
43 65
47 65
49 65
57 65
59 65
0 66
2 66
4 66
5 66
12 66
13 66
18 66
20 66
22 66
26 66
27 66
28 66
32 66
35 66
39 66
41 66
43 66
45 66
46 66
47 66
48 66
51 66
52 66
53 66
54 66
55 66
57 66
58 66
61 66
8 67
10 67
11 67
13 67
16 67
18 67
20 67
21 67
22 67
24 67
31 67
34 67
35 67
36 67
39 67
44 67
47 67
61 67
62 67
0 68
1 68
3 68
5 68
9 68
10 68
13 68
17 68
23 68
24 68
25 68
28 68
30 68
32 68
35 68
36 68
37 68
38 68
39 68
42 68
45 68
48 68
49 68
53 68
54 68
56 68
57 68
58 68
59 68
67 68
1 69
2 69
3 69
4 69
7 69
10 69
11 69
13 69
14 69
23 69
24 69
35 69
37 69
38 69
44 69
46 69
55 69
62 69
63 69
67 69
2 70
4 70
8 70
10 70
18 70
23 70
24 70
27 70
28 70
30 70
32 70
33 70
34 70
37 70
38 70
39 70
42 70
43 70
53 70
54 70
55 70
59 70
61 70
63 70
66 70
68 70
3 71
6 71
8 71
9 71
14 71
15 71
22 71
23 71
24 71
33 71
35 71
37 71
38 71
41 71
42 71
45 71
46 71
52 71
53 71
56 71
62 71
65 71
66 71
68 71
6 72
7 72
8 72
10 72
16 72
23 72
26 72
38 72
40 72
41 72
42 72
43 72
44 72
49 72
51 72
54 72
55 72
56 72
58 72
59 72
63 72
66 72
68 72
0 73
1 73
8 73
10 73
11 73
12 73
15 73
17 73
20 73
22 73
23 73
24 73
28 73
29 73
30 73
32 73
33 73
36 73
37 73
40 73
42 73
48 73
49 73
51 73
55 73
58 73
60 73
62 73
63 73
65 73
67 73
0 74
1 74
2 74
5 74
6 74
8 74
9 74
11 74
22 74
23 74
25 74
30 74
33 74
36 74
39 74
40 74
42 74
43 74
50 74
51 74
56 74
57 74
58 74
61 74
66 74
67 74
73 74
0 75
1 75
4 75
5 75
6 75
12 75
15 75
17 75
24 75
25 75
26 75
28 75
32 75
33 75
36 75
41 75
43 75
44 75
45 75
51 75
54 75
55 75
59 75
61 75
70 75
71 75
73 75
74 75
0 76
2 76
5 76
8 76
9 76
10 76
12 76
14 76
15 76
16 76
17 76
18 76
21 76
25 76
32 76
34 76
35 76
36 76
38 76
39 76
42 76
43 76
46 76
48 76
49 76
51 76
57 76
58 76
63 76
64 76
65 76
67 76
68 76
70 76
71 76
74 76
4 77
7 77
12 77
14 77
17 77
20 77
22 77
24 77
25 77
26 77
30 77
35 77
36 77
38 77
40 77
42 77
43 77
50 77
52 77
53 77
55 77
57 77
58 77
61 77
63 77
72 77
1 78
2 78
8 78
10 78
13 78
17 78
21 78
26 78
27 78
28 78
29 78
30 78
31 78
32 78
33 78
36 78
38 78
40 78
42 78
45 78
50 78
52 78
60 78
62 78
69 78
71 78
73 78
74 78
75 78
2 79
4 79
5 79
7 79
9 79
10 79
12 79
17 79
18 79
20 79
21 79
22 79
27 79
28 79
33 79
34 79
36 79
39 79
42 79
44 79
48 79
49 79
50 79
52 79
54 79
55 79
56 79
59 79
63 79
64 79
65 79
73 79
74 79
77 79
1 80
5 80
6 80
7 80
8 80
11 80
12 80
15 80
17 80
20 80
21 80
22 80
25 80
26 80
35 80
36 80
37 80
39 80
44 80
46 80
47 80
48 80
56 80
57 80
58 80
60 80
61 80
65 80
66 80
68 80
69 80
71 80
74 80
77 80
79 80
10 81
14 81
15 81
21 81
22 81
24 81
28 81
34 81
38 81
40 81
42 81
43 81
44 81
46 81
54 81
59 81
63 81
65 81
67 81
73 81
74 81
80 81
3 82
6 82
11 82
12 82
15 82
16 82
17 82
21 82
23 82
24 82
25 82
27 82
28 82
32 82
35 82
39 82
43 82
49 82
50 82
51 82
55 82
56 82
60 82
63 82
64 82
65 82
67 82
71 82
72 82
73 82
77 82
78 82
81 82
1 83
8 83
11 83
12 83
13 83
14 83
15 83
20 83
21 83
22 83
23 83
25 83
29 83
32 83
33 83
34 83
37 83
40 83
41 83
42 83
45 83
48 83
53 83
56 83
58 83
59 83
60 83
61 83
69 83
75 83
81 83
1 84
2 84
3 84
11 84
12 84
14 84
15 84
17 84
20 84
22 84
23 84
27 84
29 84
32 84
33 84
35 84
40 84
42 84
44 84
48 84
50 84
52 84
54 84
56 84
58 84
62 84
63 84
71 84
72 84
73 84
74 84
75 84
77 84
78 84
80 84
0 85
1 85
3 85
7 85
9 85
10 85
12 85
15 85
18 85
20 85
23 85
27 85
30 85
31 85
33 85
38 85
42 85
45 85
46 85
48 85
55 85
57 85
61 85
65 85
68 85
71 85
72 85
73 85
74 85
78 85
82 85
2 86
5 86
7 86
9 86
10 86
14 86
16 86
17 86
20 86
21 86
22 86
38 86
44 86
46 86
49 86
52 86
53 86
54 86
59 86
78 86
79 86
84 86
2 87
8 87
11 87
12 87
15 87
16 87
18 87
19 87
25 87
26 87
27 87
28 87
29 87
33 87
35 87
37 87
38 87
39 87
41 87
44 87
46 87
47 87
49 87
51 87
54 87
55 87
59 87
60 87
62 87
63 87
65 87
70 87
71 87
73 87
74 87
76 87
77 87
78 87
83 87
84 87
85 87
1 88
5 88
7 88
8 88
10 88
11 88
13 88
16 88
20 88
22 88
23 88
25 88
28 88
31 88
33 88
36 88
38 88
42 88
48 88
52 88
54 88
55 88
56 88
66 88
67 88
68 88
69 88
72 88
73 88
78 88
80 88
85 88
86 88
87 88
3 89
6 89
9 89
10 89
13 89
15 89
17 89
23 89
31 89
36 89
37 89
39 89
41 89
42 89
44 89
45 89
47 89
50 89
51 89
52 89
59 89
64 89
67 89
68 89
73 89
79 89
81 89
86 89
3 90
11 90
12 90
14 90
15 90
17 90
18 90
20 90
24 90
25 90
28 90
29 90
31 90
32 90
35 90
36 90
42 90
43 90
48 90
49 90
55 90
56 90
62 90
64 90
68 90
69 90
70 90
71 90
72 90
73 90
74 90
78 90
79 90
80 90
83 90
88 90
0 91
1 91
4 91
7 91
15 91
18 91
20 91
21 91
23 91
28 91
32 91
36 91
39 91
41 91
42 91
43 91
45 91
52 91
53 91
55 91
56 91
59 91
65 91
66 91
67 91
71 91
72 91
73 91
78 91
79 91
80 91
85 91
88 91
3 92
8 92
9 92
22 92
30 92
33 92
35 92
40 92
41 92
42 92
43 92
44 92
45 92
46 92
47 92
49 92
50 92
56 92
62 92
63 92
65 92
67 92
71 92
72 92
75 92
78 92
81 92
82 92
85 92
86 92
87 92
89 92
91 92
2 93
3 93
5 93
7 93
9 93
10 93
15 93
17 93
22 93
24 93
26 93
28 93
34 93
45 93
46 93
51 93
55 93
58 93
63 93
66 93
69 93
70 93
71 93
74 93
75 93
80 93
86 93
87 93
89 93
3 94
4 94
9 94
10 94
12 94
19 94
21 94
22 94
25 94
27 94
28 94
29 94
40 94
41 94
50 94
51 94
52 94
54 94
55 94
56 94
57 94
58 94
60 94
63 94
64 94
65 94
70 94
74 94
78 94
81 94
84 94
86 94
87 94
90 94
93 94
1 95
2 95
4 95
8 95
12 95
16 95
21 95
22 95
23 95
24 95
25 95
26 95
27 95
29 95
34 95
35 95
37 95
38 95
43 95
45 95
47 95
48 95
51 95
52 95
55 95
58 95
61 95
62 95
64 95
67 95
73 95
74 95
77 95
78 95
79 95
80 95
82 95
88 95
92 95
93 95
0 96
2 96
7 96
9 96
13 96
14 96
17 96
20 96
24 96
25 96
26 96
30 96
31 96
32 96
34 96
37 96
38 96
40 96
42 96
46 96
50 96
52 96
53 96
54 96
56 96
59 96
60 96
62 96
65 96
71 96
72 96
73 96
74 96
78 96
79 96
80 96
89 96
91 96
92 96
94 96
95 96
1 97
3 97
5 97
7 97
8 97
9 97
11 97
17 97
18 97
19 97
20 97
22 97
24 97
27 97
30 97
36 97
37 97
38 97
44 97
45 97
46 97
47 97
48 97
49 97
50 97
51 97
52 97
53 97
56 97
58 97
61 97
67 97
68 97
69 97
73 97
74 97
75 97
76 97
78 97
79 97
80 97
82 97
86 97
87 97
90 97
95 97
96 97
1 98
8 98
13 98
16 98
18 98
21 98
23 98
24 98
27 98
30 98
31 98
35 98
36 98
37 98
43 98
46 98
48 98
54 98
56 98
58 98
59 98
64 98
65 98
67 98
73 98
74 98
77 98
78 98
80 98
83 98
90 98
91 98
93 98
95 98
96 98
97 98
0 99
1 99
4 99
5 99
8 99
12 99
15 99
17 99
22 99
23 99
25 99
27 99
28 99
29 99
30 99
31 99
32 99
35 99
37 99
39 99
40 99
48 99
50 99
53 99
54 99
62 99
63 99
67 99
72 99
78 99
80 99
82 99
87 99
90 99
92 99
95 99
98 99
