100 1927 5
19 2 7 10 1 1 10 7 18 15 2 4 18 22 3 2 15 11 12 18 1 7 16 19 3 8 23 1 3 33 4 20 3 16 5 8 19 12 3 2 44 6 9 4 5 30 6 6 2 20 6 14 1 24 6 1 3 8 5 6 1 5 3 16 3 1 2 8 1 1 4 1 8 1 25 37 5 34 14 12 13 2 2 2 1 4 7 4 1 3 8 22 3 32 23 9 2 6 3 5
0 1
1 2
0 3
1 3
2 4
1 5
2 5
0 6
2 6
3 6
4 6
3 7
5 7
0 8
1 8
3 8
4 8
6 8
0 9
2 9
3 9
4 9
5 10
7 10
9 10
4 11
7 11
1 12
3 12
8 12
9 12
10 12
7 13
12 13
1 14
2 14
3 14
4 14
5 14
8 14
12 14
0 15
3 15
4 15
6 15
7 15
9 15
11 15
0 16
7 16
11 16
13 16
14 16
15 16
1 17
4 17
6 17
8 17
11 17
12 17
16 17
4 18
11 18
3 19
7 19
9 19
10 19
13 19
15 19
17 19
0 20
1 20
3 20
4 20
6 20
7 20
10 20
14 20
15 20
0 21
1 21
2 21
4 21
6 21
7 21
14 21
15 21
19 21
20 21
1 22
3 22
5 22
8 22
9 22
10 22
13 22
18 22
21 22
7 23
8 23
10 23
12 23
15 23
16 23
21 23
0 24
1 24
2 24
4 24
5 24
7 24
9 24
12 24
14 24
17 24
18 24
20 24
0 25
1 25
5 25
8 25
12 25
13 25
14 25
17 25
18 25
20 25
22 25
2 26
4 26
6 26
11 26
12 26
13 26
14 26
15 26
16 26
17 26
18 26
20 26
22 26
23 26
25 26
0 27
2 27
3 27
5 27
8 27
12 27
15 27
16 27
19 27
23 27
0 28
1 28
3 28
5 28
6 28
8 28
10 28
14 28
18 28
19 28
20 28
22 28
26 28
1 29
2 29
8 29
9 29
11 29
12 29
15 29
18 29
21 29
23 29
28 29
3 30
6 30
7 30
8 30
9 30
10 30
12 30
20 30
27 30
28 30
29 30
2 31
3 31
4 31
6 31
9 31
12 31
13 31
14 31
18 31
21 31
26 31
2 32
6 32
7 32
9 32
10 32
13 32
16 32
17 32
21 32
23 32
24 32
27 32
29 32
3 33
5 33
6 33
7 33
9 33
11 33
13 33
14 33
17 33
20 33
23 33
24 33
25 33
26 33
28 33
29 33
32 33
0 34
1 34
3 34
7 34
8 34
9 34
10 34
19 34
20 34
21 34
22 34
23 34
26 34
29 34
30 34
32 34
2 35
3 35
6 35
9 35
10 35
13 35
15 35
17 35
18 35
19 35
21 35
24 35
31 35
32 35
3 36
8 36
9 36
11 36
13 36
15 36
16 36
17 36
18 36
20 36
23 36
25 36
29 36
33 36
34 36
0 37
3 37
6 37
8 37
13 37
14 37
17 37
18 37
19 37
22 37
26 37
27 37
30 37
35 37
4 38
8 38
9 38
10 38
11 38
13 38
16 38
19 38
23 38
24 38
25 38
30 38
2 39
4 39
7 39
8 39
11 39
17 39
19 39
25 39
26 39
27 39
29 39
35 39
38 39
0 40
3 40
4 40
5 40
6 40
9 40
11 40
14 40
17 40
18 40
19 40
21 40
24 40
29 40
30 40
38 40
39 40
3 41
5 41
6 41
8 41
11 41
12 41
15 41
16 41
17 41
18 41
20 41
22 41
23 41
24 41
27 41
28 41
30 41
33 41
36 41
38 41
0 42
3 42
4 42
5 42
9 42
11 42
14 42
18 42
21 42
24 42
29 42
30 42
32 42
33 42
35 42
37 42
0 43
2 43
6 43
8 43
9 43
14 43
17 43
21 43
26 43
27 43
28 43
29 43
32 43
35 43
38 43
40 43
42 43
7 44
8 44
10 44
12 44
16 44
18 44
20 44
22 44
27 44
34 44
36 44
38 44
41 44
42 44
43 44
2 45
3 45
6 45
7 45
12 45
13 45
17 45
23 45
26 45
29 45
31 45
32 45
33 45
42 45
6 46
8 46
10 46
13 46
20 46
21 46
23 46
25 46
26 46
27 46
30 46
33 46
34 46
36 46
38 46
44 46
0 47
1 47
2 47
8 47
9 47
10 47
12 47
13 47
15 47
19 47
22 47
27 47
29 47
32 47
33 47
35 47
43 47
44 47
45 47
1 48
2 48
8 48
11 48
15 48
16 48
17 48
22 48
23 48
24 48
25 48
26 48
27 48
34 48
36 48
37 48
39 48
40 48
41 48
42 48
46 48
2 49
4 49
5 49
11 49
12 49
14 49
19 49
23 49
24 49
25 49
27 49
32 49
33 49
34 49
35 49
36 49
38 49
40 49
45 49
46 49
5 50
8 50
10 50
12 50
14 50
17 50
18 50
21 50
22 50
23 50
25 50
26 50
30 50
32 50
35 50
37 50
39 50
40 50
42 50
43 50
6 51
9 51
12 51
14 51
15 51
17 51
21 51
23 51
24 51
25 51
29 51
33 51
34 51
39 51
42 51
43 51
46 51
47 51
2 52
3 52
9 52
11 52
15 52
17 52
18 52
20 52
24 52
26 52
28 52
30 52
36 52
41 52
44 52
46 52
47 52
49 52
50 52
51 52
0 53
1 53
3 53
5 53
10 53
11 53
15 53
17 53
20 53
23 53
25 53
26 53
27 53
32 53
34 53
37 53
40 53
42 53
43 53
44 53
49 53
52 53
1 54
2 54
3 54
4 54
5 54
6 54
10 54
11 54
12 54
16 54
17 54
18 54
19 54
24 54
25 54
26 54
35 54
38 54
39 54
41 54
42 54
50 54
51 54
52 54
53 54
2 55
3 55
6 55
7 55
8 55
14 55
18 55
20 55
22 55
25 55
29 55
31 55
37 55
38 55
40 55
42 55
44 55
46 55
48 55
51 55
54 55
2 56
5 56
8 56
21 56
24 56
25 56
28 56
29 56
30 56
33 56
40 56
43 56
44 56
46 56
49 56
53 56
5 57
6 57
7 57
8 57
12 57
13 57
15 57
16 57
21 57
22 57
26 57
27 57
30 57
33 57
37 57
38 57
39 57
41 57
42 57
43 57
45 57
48 57
49 57
53 57
56 57
0 58
5 58
6 58
7 58
10 58
13 58
15 58
17 58
18 58
19 58
20 58
22 58
24 58
27 58
32 58
34 58
40 58
42 58
43 58
48 58
49 58
51 58
52 58
56 58
57 58
3 59
4 59
6 59
8 59
10 59
11 59
16 59
18 59
22 59
23 59
25 59
29 59
30 59
31 59
33 59
35 59
37 59
40 59
43 59
46 59
49 59
0 60
2 60
3 60
5 60
6 60
7 60
10 60
11 60
13 60
14 60
17 60
20 60
21 60
22 60
25 60
26 60
27 60
31 60
36 60
38 60
40 60
47 60
49 60
50 60
52 60
53 60
55 60
56 60
57 60
5 61
6 61
10 61
11 61
12 61
16 61
26 61
28 61
29 61
30 61
39 61
40 61
41 61
42 61
43 61
44 61
45 61
49 61
50 61
51 61
52 61
55 61
5 62
6 62
8 62
9 62
10 62
12 62
13 62
14 62
24 62
25 62
27 62
28 62
31 62
34 62
36 62
37 62
42 62
44 62
46 62
50 62
53 62
55 62
58 62
60 62
0 63
5 63
7 63
8 63
11 63
12 63
13 63
15 63
21 63
22 63
23 63
24 63
27 63
28 63
29 63
30 63
36 63
39 63
41 63
42 63
44 63
47 63
48 63
50 63
52 63
58 63
59 63
60 63
61 63
62 63
1 64
2 64
5 64
7 64
9 64
11 64
15 64
16 64
21 64
23 64
25 64
27 64
29 64
33 64
34 64
36 64
37 64
40 64
41 64
42 64
50 64
51 64
52 64
54 64
55 64
58 64
59 64
60 64
63 64
1 65
6 65
12 65
14 65
16 65
19 65
20 65
21 65
24 65
25 65
27 65
29 65
30 65
34 65
42 65
45 65
56 65
58 65
59 65
60 65
62 65
1 66
2 66
3 66
4 66
12 66
14 66
15 66
16 66
18 66
22 66
23 66
28 66
29 66
31 66
36 66
39 66
42 66
43 66
47 66
48 66
55 66
56 66
57 66
58 66
65 66
2 67
4 67
15 67
19 67
20 67
21 67
26 67
27 67
28 67
29 67
36 67
37 67
38 67
43 67
45 67
46 67
50 67
51 67
53 67
54 67
56 67
59 67
60 67
61 67
62 67
63 67
66 67
0 68
4 68
9 68
15 68
16 68
20 68
22 68
23 68
25 68
28 68
33 68
34 68
43 68
49 68
52 68
55 68
59 68
60 68
61 68
66 68
5 69
10 69
13 69
14 69
23 69
28 69
32 69
38 69
39 69
41 69
48 69
50 69
51 69
53 69
55 69
57 69
0 70
1 70
3 70
7 70
12 70
13 70
18 70
20 70
21 70
22 70
23 70
24 70
26 70
31 70
32 70
33 70
35 70
36 70
41 70
43 70
44 70
59 70
62 70
66 70
67 70
0 71
1 71
9 71
10 71
11 71
14 71
16 71
27 71
28 71
32 71
34 71
36 71
44 71
47 71
48 71
51 71
52 71
53 71
54 71
57 71
61 71
65 71
67 71
7 72
8 72
11 72
12 72
13 72
14 72
17 72
18 72
19 72
20 72
22 72
23 72
24 72
26 72
27 72
30 72
34 72
36 72
39 72
41 72
42 72
43 72
45 72
47 72
49 72
53 72
58 72
60 72
61 72
62 72
63 72
65 72
66 72
2 73
3 73
7 73
9 73
14 73
18 73
19 73
20 73
22 73
23 73
28 73
29 73
32 73
34 73
35 73
38 73
39 73
43 73
45 73
51 73
52 73
54 73
57 73
61 73
62 73
64 73
67 73
70 73
1 74
2 74
8 74
9 74
10 74
12 74
13 74
14 74
15 74
16 74
20 74
22 74
24 74
26 74
27 74
28 74
36 74
37 74
38 74
43 74
46 74
49 74
50 74
53 74
55 74
62 74
64 74
66 74
67 74
70 74
2 75
4 75
5 75
7 75
9 75
12 75
19 75
20 75
23 75
24 75
26 75
28 75
29 75
30 75
36 75
39 75
41 75
42 75
47 75
49 75
50 75
55 75
56 75
57 75
58 75
64 75
65 75
67 75
69 75
70 75
73 75
74 75
1 76
2 76
14 76
16 76
20 76
22 76
23 76
26 76
29 76
30 76
31 76
33 76
34 76
35 76
36 76
37 76
39 76
41 76
46 76
48 76
51 76
54 76
58 76
60 76
61 76
64 76
65 76
67 76
69 76
74 76
2 77
8 77
11 77
12 77
13 77
17 77
21 77
27 77
29 77
31 77
32 77
34 77
36 77
37 77
38 77
41 77
45 77
46 77
49 77
52 77
53 77
58 77
61 77
62 77
64 77
65 77
68 77
74 77
75 77
76 77
1 78
4 78
10 78
13 78
14 78
15 78
18 78
20 78
24 78
25 78
27 78
29 78
30 78
34 78
35 78
37 78
38 78
42 78
48 78
52 78
55 78
59 78
63 78
65 78
67 78
69 78
71 78
72 78
75 78
0 79
2 79
3 79
6 79
7 79
10 79
12 79
16 79
17 79
18 79
19 79
24 79
29 79
30 79
32 79
34 79
35 79
38 79
39 79
40 79
41 79
42 79
46 79
51 79
52 79
54 79
56 79
61 79
62 79
66 79
72 79
75 79
77 79
78 79
1 80
4 80
5 80
6 80
8 80
11 80
13 80
17 80
20 80
28 80
29 80
30 80
31 80
38 80
39 80
43 80
44 80
47 80
48 80
54 80
55 80
60 80
66 80
67 80
69 80
72 80
73 80
5 81
10 81
12 81
15 81
18 81
20 81
22 81
28 81
30 81
35 81
37 81
39 81
40 81
42 81
43 81
44 81
45 81
46 81
48 81
49 81
51 81
54 81
57 81
59 81
60 81
65 81
70 81
73 81
75 81
76 81
79 81
1 82
3 82
4 82
5 82
6 82
7 82
10 82
11 82
14 82
16 82
17 82
19 82
20 82
24 82
25 82
28 82
30 82
32 82
36 82
37 82
38 82
39 82
43 82
44 82
45 82
46 82
50 82
52 82
53 82
54 82
55 82
56 82
57 82
59 82
62 82
65 82
68 82
75 82
76 82
0 83
1 83
4 83
7 83
8 83
9 83
12 83
17 83
21 83
23 83
26 83
30 83
31 83
33 83
40 83
43 83
50 83
56 83
58 83
60 83
63 83
65 83
70 83
72 83
78 83
79 83
0 84
2 84
4 84
7 84
10 84
12 84
13 84
15 84
16 84
17 84
22 84
28 84
34 84
35 84
40 84
42 84
53 84
60 84
62 84
67 84
68 84
69 84
70 84
71 84
72 84
75 84
78 84
0 85
4 85
6 85
8 85
9 85
14 85
20 85
21 85
23 85
26 85
27 85
29 85
30 85
31 85
32 85
33 85
38 85
46 85
48 85
49 85
52 85
53 85
54 85
64 85
71 85
73 85
76 85
78 85
80 85
0 86
1 86
4 86
7 86
10 86
11 86
14 86
15 86
16 86
19 86
20 86
22 86
26 86
30 86
32 86
35 86
39 86
45 86
46 86
47 86
51 86
52 86
56 86
57 86
63 86
65 86
69 86
70 86
71 86
72 86
78 86
79 86
81 86
83 86
84 86
4 87
5 87
8 87
12 87
14 87
15 87
18 87
20 87
21 87
22 87
23 87
24 87
26 87
27 87
31 87
32 87
36 87
40 87
41 87
42 87
45 87
46 87
47 87
48 87
51 87
53 87
54 87
55 87
57 87
63 87
67 87
70 87
73 87
74 87
76 87
78 87
79 87
82 87
84 87
1 88
3 88
7 88
8 88
10 88
11 88
19 88
20 88
21 88
24 88
30 88
31 88
37 88
38 88
40 88
41 88
42 88
48 88
52 88
53 88
54 88
57 88
58 88
59 88
64 88
67 88
68 88
69 88
72 88
73 88
78 88
79 88
80 88
82 88
83 88
84 88
85 88
4 89
5 89
9 89
11 89
14 89
16 89
17 89
20 89
23 89
24 89
25 89
36 89
40 89
41 89
46 89
50 89
52 89
53 89
56 89
58 89
59 89
60 89
63 89
65 89
74 89
78 89
80 89
81 89
82 89
83 89
84 89
85 89
86 89
0 90
6 90
11 90
15 90
18 90
20 90
25 90
26 90
28 90
29 90
31 90
33 90
34 90
35 90
37 90
38 90
43 90
44 90
45 90
53 90
55 90
56 90
58 90
61 90
65 90
66 90
70 90
72 90
74 90
76 90
77 90
80 90
81 90
82 90
84 90
85 90
86 90
89 90
1 91
10 91
11 91
12 91
13 91
23 91
25 91
28 91
29 91
31 91
35 91
40 91
45 91
46 91
48 91
49 91
50 91
51 91
52 91
56 91
58 91
63 91
64 91
68 91
69 91
71 91
74 91
75 91
83 91
84 91
86 91
88 91
90 91
2 92
5 92
7 92
9 92
13 92
14 92
19 92
20 92
22 92
27 92
28 92
32 92
38 92
39 92
40 92
43 92
45 92
46 92
47 92
52 92
53 92
56 92
61 92
63 92
64 92
68 92
69 92
72 92
75 92
76 92
78 92
79 92
81 92
82 92
86 92
87 92
90 92
2 93
5 93
7 93
10 93
13 93
17 93
24 93
26 93
32 93
35 93
37 93
40 93
42 93
43 93
44 93
47 93
49 93
52 93
56 93
58 93
59 93
65 93
66 93
68 93
69 93
72 93
76 93
78 93
82 93
83 93
85 93
87 93
89 93
2 94
3 94
4 94
5 94
6 94
8 94
12 94
19 94
22 94
25 94
27 94
29 94
30 94
31 94
32 94
33 94
34 94
35 94
40 94
41 94
42 94
43 94
45 94
54 94
59 94
67 94
72 94
75 94
77 94
79 94
80 94
82 94
86 94
87 94
88 94
89 94
92 94
3 95
6 95
7 95
9 95
10 95
12 95
19 95
20 95
27 95
28 95
30 95
36 95
39 95
42 95
43 95
47 95
52 95
53 95
54 95
55 95
60 95
63 95
65 95
67 95
69 95
71 95
80 95
82 95
83 95
84 95
85 95
86 95
87 95
90 95
91 95
93 95
94 95
0 96
6 96
9 96
11 96
13 96
16 96
18 96
24 96
25 96
26 96
27 96
30 96
33 96
36 96
38 96
41 96
42 96
44 96
47 96
50 96
53 96
56 96
60 96
61 96
70 96
71 96
77 96
79 96
80 96
81 96
85 96
86 96
88 96
89 96
93 96
0 97
1 97
2 97
4 97
5 97
6 97
16 97
18 97
19 97
20 97
22 97
23 97
27 97
28 97
30 97
34 97
35 97
37 97
42 97
45 97
49 97
50 97
51 97
52 97
54 97
55 97
57 97
60 97
61 97
62 97
64 97
66 97
70 97
73 97
76 97
77 97
80 97
90 97
93 97
94 97
95 97
96 97
0 98
1 98
4 98
5 98
15 98
18 98
19 98
21 98
23 98
24 98
31 98
34 98
38 98
40 98
42 98
44 98
49 98
52 98
54 98
56 98
60 98
61 98
64 98
67 98
71 98
72 98
73 98
74 98
78 98
79 98
80 98
83 98
87 98
92 98
93 98
95 98
96 98
97 98
10 99
13 99
15 99
17 99
24 99
25 99
28 99
30 99
32 99
33 99
38 99
39 99
40 99
43 99
44 99
45 99
47 99
53 99
54 99
57 99
58 99
59 99
61 99
62 99
63 99
67 99
68 99
69 99
72 99
77 99
84 99
87 99
89 99
90 99
96 99
98 99
