100 682 5
8 14 10 15 7 12 7 15 11 10 16 11 10 16 10 8 11 12 13 13 14 4 11 14 13 15 7 13 10 10 9 18 11 9 8 11 11 11 12 10 10 13 10 9 16 9 12 9 14 13 8 12 8 12 12 5 12 11 11 14 10 12 15 12 14 11 9 11 13 12 14 17 13 10 11 14 5 14 17 8 13 7 13 6 5 7 13 8 11 18 16 11 9 9 8 13 12 7 15 7
3 5
1 6
5 6
0 7
1 7
1 8
2 8
1 9
6 9
7 9
9 10
2 13
7 13
7 14
13 14
7 15
13 15
10 16
13 16
2 18
8 18
11 18
2 19
4 19
9 19
14 19
5 20
11 20
15 20
7 21
11 21
13 22
2 23
7 23
15 23
0 25
2 25
24 25
23 26
24 26
15 27
19 27
22 27
24 27
26 27
3 28
12 28
16 28
19 28
20 28
23 28
4 29
13 29
14 29
20 29
10 30
0 31
5 31
6 31
9 31
18 31
26 31
7 32
28 32
3 33
12 33
16 33
17 33
21 33
28 33
1 34
3 34
16 34
22 34
27 34
32 34
4 35
11 35
25 35
30 35
35 36
28 37
2 38
4 38
6 38
11 38
14 38
25 38
28 38
1 39
9 39
13 39
15 39
17 39
20 39
36 39
4 40
25 40
30 40
39 40
3 41
5 41
6 41
12 41
20 41
21 41
34 41
15 42
23 42
24 42
29 42
36 42
38 42
14 43
21 43
29 43
30 43
7 44
9 44
21 44
28 44
33 44
43 44
13 45
15 46
23 46
27 46
32 46
36 46
40 46
44 46
6 47
21 47
37 47
42 47
4 48
6 48
9 48
10 48
13 48
16 48
23 48
24 48
26 48
34 48
47 48
2 49
5 49
11 49
12 49
25 49
35 49
44 49
0 50
1 50
2 50
6 50
20 50
25 50
26 50
34 50
45 50
5 51
9 51
14 51
28 51
30 51
5 52
37 52
41 52
43 52
4 53
17 53
26 53
40 53
47 53
1 54
6 54
16 54
20 54
28 54
32 54
33 54
40 54
41 54
8 55
10 55
11 55
14 55
16 55
20 55
23 55
27 55
30 55
35 55
40 55
44 55
54 55
0 56
9 56
13 56
14 56
15 56
20 56
26 56
33 56
34 56
41 56
42 56
46 56
51 56
20 57
26 57
28 57
36 57
46 57
49 57
52 57
53 57
15 58
32 58
33 58
48 58
51 58
23 59
24 59
26 59
31 59
33 59
34 59
35 59
51 59
56 59
2 60
6 60
21 60
25 60
27 60
30 60
34 60
35 60
41 60
50 60
55 60
57 60
58 60
59 60
41 61
54 61
60 61
17 62
22 62
23 62
28 62
31 62
37 62
8 63
9 63
16 63
19 63
28 63
34 63
40 63
45 63
11 64
14 64
25 64
28 64
30 64
33 64
40 64
52 64
57 64
62 64
1 65
2 65
12 65
18 65
21 65
29 65
38 65
39 65
58 65
62 65
0 66
19 66
31 66
34 66
52 66
53 66
54 66
65 66
0 67
17 67
18 67
22 67
31 67
37 67
39 67
41 67
54 67
57 67
61 67
14 68
17 68
21 68
25 68
27 68
36 68
37 68
40 68
42 68
52 68
64 68
67 68
2 69
5 69
15 69
20 69
22 69
25 69
37 69
40 69
65 69
67 69
5 70
6 70
11 70
26 70
33 70
37 70
50 70
63 70
64 70
66 70
0 71
6 71
27 71
55 71
60 71
4 72
29 72
32 72
36 72
51 72
52 72
58 72
64 72
71 72
4 73
10 73
27 73
32 73
47 73
50 73
54 73
56 73
61 73
63 73
70 73
7 74
17 74
38 74
40 74
44 74
57 74
61 74
65 74
70 74
2 75
4 75
6 75
12 75
16 75
20 75
26 75
31 75
33 75
35 75
41 75
55 75
7 76
18 76
21 76
32 76
44 76
56 76
58 76
59 76
68 76
5 77
10 77
11 77
15 77
18 77
24 77
34 77
37 77
58 77
59 77
66 77
69 77
72 77
2 78
5 78
11 78
16 78
17 78
19 78
20 78
21 78
40 78
43 78
46 78
49 78
54 78
62 78
66 78
71 78
74 78
76 78
43 79
56 79
72 79
7 80
8 80
11 80
16 80
25 80
54 80
55 80
56 80
64 80
73 80
21 81
24 81
26 81
29 81
33 81
34 81
37 81
49 81
60 81
71 81
74 81
75 81
3 82
9 82
30 82
47 82
50 82
69 82
3 83
7 83
9 83
15 83
18 83
34 83
45 83
52 83
70 83
78 83
4 84
8 84
21 84
22 84
27 84
37 84
49 84
51 84
54 84
57 84
70 84
82 84
3 85
7 85
8 85
23 85
24 85
25 85
26 85
30 85
41 85
60 85
70 85
79 85
84 85
3 86
8 86
14 86
15 86
19 86
22 86
33 86
38 86
58 86
60 86
61 86
63 86
78 86
84 86
2 87
8 87
14 87
16 87
17 87
21 87
49 87
50 87
65 87
71 87
80 87
82 87
3 88
6 88
10 88
16 88
19 88
23 88
24 88
26 88
29 88
32 88
40 88
43 88
44 88
46 88
48 88
49 88
66 88
75 88
79 88
80 88
84 88
13 89
29 89
30 89
33 89
36 89
45 89
53 89
54 89
63 89
73 89
76 89
80 89
2 90
5 90
7 90
12 90
23 90
24 90
30 90
33 90
49 90
52 90
56 90
62 90
79 90
86 90
0 91
2 91
3 91
16 91
24 91
29 91
31 91
33 91
64 91
67 91
69 91
83 91
89 91
6 92
17 92
38 92
53 92
58 92
59 92
90 92
0 93
3 93
4 93
12 93
13 93
17 93
31 93
32 93
33 93
62 93
80 93
3 94
5 94
7 94
14 94
17 94
22 94
26 94
31 94
36 94
50 94
51 94
59 94
62 94
68 94
75 94
79 94
81 94
2 95
18 95
37 95
41 95
44 95
62 95
63 95
71 95
72 95
92 95
4 96
8 96
10 96
11 96
24 96
28 96
35 96
41 96
43 96
61 96
66 96
70 96
74 96
76 96
77 96
87 96
94 96
95 96
9 97
29 97
31 97
32 97
37 97
51 97
56 97
71 97
76 97
92 97
0 98
1 98
3 98
6 98
14 98
16 98
24 98
25 98
40 98
45 98
46 98
63 98
66 98
72 98
80 98
87 98
88 98
95 98
6 99
15 99
18 99
24 99
30 99
38 99
41 99
45 99
51 99
61 99
74 99
77 99
78 99
80 99
82 99
88 99
96 99
98 99
