100 271 5
5 1 20 15 14 9 17 5 8 12 3 6 11 4 5 16 16 19 15 11 6 18 2 10 13 7 14 7 7 10 6 10 3 5 6 12 1 3 17 1 13 19 10 12 20 12 10 1 1 1 9 7 3 20 18 5 9 16 11 18 8 17 8 5 14 18 20 18 6 8 1 7 13 15 18 17 19 4 9 6 4 14 10 7 12 18 15 8 1 4 10 6 9 9 7 7 4 9 19 2
6 13
2 16
9 20
5 21
11 22
11 23
5 25
4 28
1 29
8 30
29 30
13 33
7 34
8 35
13 35
23 35
2 37
6 37
16 37
25 37
27 37
28 38
12 39
3 40
5 40
18 40
8 41
10 41
23 41
32 41
38 41
2 42
6 42
10 42
0 43
26 43
14 44
15 44
2 45
35 45
9 46
25 46
33 46
28 47
5 48
14 48
24 48
31 48
14 50
21 50
35 50
39 50
1 51
16 51
35 51
39 51
5 52
8 52
32 52
37 52
6 53
8 53
16 53
38 53
14 54
39 54
13 56
23 56
31 56
41 56
16 57
45 57
47 57
13 58
15 58
22 58
25 58
28 58
30 58
54 59
12 60
42 60
8 61
14 61
37 61
40 61
42 61
51 61
22 62
28 62
37 62
52 62
32 63
4 64
27 64
42 64
47 64
54 64
31 65
33 65
43 65
44 65
2 66
13 66
16 66
21 66
39 66
49 66
54 66
55 66
13 67
18 67
29 67
41 67
19 68
26 68
32 68
48 68
50 68
55 68
8 69
12 69
20 69
51 69
2 70
33 70
42 70
6 71
22 71
34 71
27 72
65 72
1 73
4 73
17 73
34 73
20 74
25 74
32 74
43 74
46 74
51 74
56 74
57 74
61 74
17 75
18 75
29 75
35 75
42 75
44 75
61 75
69 75
9 76
46 76
5 77
11 77
19 77
54 77
58 78
5 79
23 79
31 79
6 80
20 80
26 80
40 80
42 80
58 80
0 81
29 81
47 81
56 81
64 81
3 82
35 82
36 82
58 82
68 82
24 83
25 83
32 83
33 83
40 83
66 83
70 83
4 84
37 84
42 84
45 84
59 84
62 84
64 84
6 85
44 85
58 85
61 85
62 85
79 85
84 85
23 86
30 86
35 86
41 86
50 86
59 86
0 87
55 87
61 87
63 87
7 88
30 88
38 88
57 88
60 88
27 89
48 89
52 89
62 89
0 90
67 90
0 91
4 91
6 91
7 91
8 91
23 91
26 91
40 91
42 91
45 91
21 92
24 92
28 92
45 92
65 92
2 93
23 93
43 93
55 93
18 94
21 94
69 94
74 94
6 95
16 95
40 95
91 95
26 96
34 96
72 96
78 96
6 97
7 97
22 97
31 97
84 97
2 98
10 98
12 98
23 98
26 98
92 98
25 99
27 99
35 99
36 99
48 99
68 99
73 99
77 99
