50 98 4
2 2 1 10 4 6 1 7 8 3 5 6 1 4 19 9 11 1 1 2 2 1 4 5 2 1 5 4 2 13 4 6 3 1 1 2 5 1 2 1 1 10 2 2 2 2 7 10 1 5
1 6
7 9
8 9
1 10
3 10
2 11
11 14
6 15
7 15
3 19
4 19
8 21
3 22
11 22
21 24
22 24
5 25
7 25
16 25
17 25
23 25
6 26
15 27
17 27
26 27
10 28
11 28
3 29
6 29
8 29
8 30
9 32
14 32
20 32
26 32
30 32
2 33
7 33
8 33
15 33
20 33
5 34
16 34
27 34
6 35
7 35
22 35
14 36
21 36
28 36
30 36
31 36
10 37
20 37
22 37
30 37
5 38
9 38
14 38
16 38
17 38
18 38
30 38
31 38
17 39
21 39
28 39
30 39
28 40
19 41
36 41
3 42
7 42
20 42
21 42
26 42
38 42
40 42
24 43
27 43
41 43
30 44
14 45
41 45
34 46
3 47
4 47
5 47
7 47
12 47
33 47
3 48
12 48
23 48
35 48
6 49
11 49
15 49
