50 625 4
7 6 6 12 10 12 8 14 12 9 12 11 5 5 14 10 14 8 8 12 13 13 8 12 10 8 14 9 12 17 4 5 12 11 7 7 19 16 12 14 13 14 11 12 11 10 12 16 11 14
0 10
2 10
4 10
6 10
7 10
8 10
9 10
0 11
1 11
3 11
5 11
6 11
9 11
0 12
2 12
4 12
6 12
7 12
8 12
0 13
1 13
2 13
3 13
5 13
6 13
0 14
1 14
2 14
3 14
5 14
6 14
0 15
2 15
5 15
6 15
7 15
8 15
9 15
0 16
1 16
3 16
4 16
5 16
6 16
7 16
10 16
11 16
13 16
14 16
15 16
0 17
2 17
4 17
5 17
7 17
9 17
10 17
11 17
12 17
13 17
15 17
1 18
2 18
4 18
5 18
8 18
9 18
10 18
11 18
12 18
13 18
14 18
15 18
0 19
2 19
3 19
4 19
5 19
6 19
9 19
10 19
11 19
12 19
13 19
14 19
15 19
0 20
1 20
2 20
5 20
6 20
7 20
8 20
9 20
10 20
12 20
13 20
15 20
0 21
2 21
3 21
4 21
6 21
7 21
8 21
9 21
10 21
11 21
13 21
15 21
0 22
1 22
3 22
5 22
6 22
7 22
9 22
11 22
14 22
15 22
3 23
4 23
8 23
11 23
12 23
13 23
15 23
0 24
6 24
7 24
8 24
9 24
10 24
12 24
15 24
0 25
2 25
3 25
6 25
7 25
8 25
9 25
11 25
13 25
14 25
15 25
5 26
6 26
7 26
8 26
11 26
13 26
2 27
3 27
4 27
5 27
7 27
8 27
9 27
10 27
11 27
12 27
13 27
15 27
0 28
1 28
3 28
4 28
7 28
9 28
11 28
15 28
0 29
2 29
5 29
7 29
9 29
12 29
13 29
14 29
15 29
0 30
1 30
4 30
5 30
6 30
9 30
10 30
11 30
13 30
14 30
15 30
18 30
20 30
21 30
22 30
23 30
25 30
0 31
1 31
2 31
3 31
4 31
5 31
6 31
7 31
8 31
10 31
12 31
13 31
14 31
15 31
18 31
19 31
23 31
24 31
26 31
27 31
28 31
29 31
0 32
1 32
3 32
4 32
7 32
9 32
16 32
18 32
20 32
21 32
22 32
23 32
24 32
27 32
28 32
29 32
0 33
4 33
6 33
7 33
8 33
9 33
10 33
11 33
12 33
14 33
17 33
19 33
20 33
21 33
22 33
23 33
24 33
26 33
27 33
0 34
1 34
2 34
3 34
5 34
6 34
9 34
10 34
11 34
12 34
13 34
16 34
17 34
18 34
21 34
22 34
24 34
25 34
28 34
29 34
0 35
2 35
4 35
8 35
9 35
11 35
13 35
17 35
20 35
21 35
22 35
24 35
26 35
29 35
0 36
1 36
3 36
5 36
7 36
8 36
10 36
11 36
12 36
13 36
14 36
15 36
16 36
17 36
21 36
22 36
25 36
27 36
28 36
0 37
1 37
2 37
3 37
4 37
5 37
6 37
8 37
10 37
11 37
12 37
13 37
14 37
15 37
16 37
18 37
21 37
22 37
23 37
24 37
27 37
29 37
0 38
1 38
4 38
6 38
8 38
9 38
10 38
12 38
14 38
16 38
18 38
19 38
20 38
21 38
25 38
26 38
27 38
28 38
29 38
0 39
3 39
5 39
6 39
7 39
8 39
10 39
11 39
14 39
15 39
16 39
18 39
19 39
20 39
21 39
23 39
25 39
26 39
28 39
29 39
1 40
2 40
5 40
12 40
13 40
15 40
16 40
17 40
18 40
20 40
23 40
24 40
25 40
26 40
29 40
0 41
2 41
3 41
4 41
6 41
7 41
9 41
10 41
11 41
12 41
14 41
16 41
18 41
21 41
22 41
23 41
25 41
28 41
31 41
32 41
33 41
35 41
36 41
38 41
40 41
0 42
2 42
3 42
5 42
6 42
7 42
8 42
9 42
10 42
12 42
16 42
17 42
18 42
20 42
21 42
22 42
23 42
25 42
26 42
29 42
30 42
31 42
33 42
39 42
40 42
0 43
1 43
5 43
6 43
9 43
10 43
11 43
12 43
13 43
14 43
15 43
16 43
17 43
18 43
19 43
20 43
21 43
23 43
26 43
27 43
29 43
31 43
32 43
33 43
34 43
35 43
36 43
37 43
39 43
0 44
1 44
3 44
4 44
7 44
8 44
9 44
10 44
12 44
13 44
14 44
15 44
16 44
17 44
18 44
19 44
20 44
21 44
22 44
23 44
24 44
25 44
26 44
28 44
29 44
30 44
32 44
33 44
34 44
35 44
36 44
37 44
38 44
39 44
40 44
1 45
2 45
3 45
7 45
8 45
9 45
11 45
12 45
14 45
15 45
16 45
17 45
18 45
19 45
21 45
24 45
27 45
28 45
29 45
30 45
33 45
34 45
36 45
37 45
39 45
40 45
2 46
3 46
5 46
7 46
11 46
12 46
15 46
16 46
17 46
19 46
20 46
22 46
23 46
24 46
25 46
26 46
28 46
29 46
32 46
35 46
36 46
37 46
38 46
39 46
40 46
1 47
2 47
3 47
4 47
6 47
7 47
11 47
12 47
13 47
14 47
15 47
19 47
20 47
23 47
24 47
27 47
28 47
30 47
34 47
35 47
36 47
37 47
39 47
40 47
1 48
5 48
6 48
7 48
8 48
10 48
13 48
15 48
16 48
18 48
19 48
20 48
22 48
24 48
26 48
27 48
29 48
30 48
33 48
34 48
36 48
37 48
39 48
0 49
1 49
2 49
4 49
6 49
7 49
9 49
10 49
12 49
13 49
14 49
15 49
20 49
21 49
22 49
23 49
24 49
25 49
26 49
27 49
30 49
31 49
32 49
33 49
34 49
35 49
36 49
37 49
39 49
