50 174 4
14 4 1 26 2 8 4 15 1 23 21 6 39 2 8 9 13 12 2 3 2 1 3 19 1 6 3 2 25 8 3 2 8 3 14 6 1 23 1 2 6 4 6 1 12 1 9 10 10 12
3 5
5 8
7 9
3 10
10 11
1 12
3 12
5 12
10 12
3 13
6 14
7 14
9 14
3 15
6 16
1 17
6 18
12 18
15 18
16 18
5 19
11 19
15 19
8 20
10 20
17 20
12 21
17 21
3 22
5 22
9 22
10 22
13 22
19 22
1 23
14 23
16 23
1 24
5 24
9 24
18 24
21 24
1 25
9 25
5 26
25 26
5 27
8 27
14 27
19 27
25 27
12 28
15 28
20 28
25 28
8 29
11 29
14 29
7 30
28 30
2 31
21 32
27 32
1 33
7 33
8 33
22 33
32 33
10 34
15 34
19 34
20 34
28 34
30 34
31 34
4 35
7 35
18 35
28 35
0 36
8 36
9 36
10 36
12 36
14 36
21 36
27 36
29 36
2 37
8 37
10 37
22 37
35 37
36 37
4 38
6 38
22 38
31 38
1 39
7 39
9 39
20 39
21 39
27 39
31 39
1 40
2 40
6 40
8 40
13 40
15 40
27 40
29 40
31 40
0 41
2 41
17 41
30 41
12 42
24 42
31 42
39 42
4 43
13 43
20 43
21 43
23 43
27 43
29 43
41 43
0 44
6 44
18 44
26 44
33 44
42 44
2 45
10 45
27 45
37 45
40 45
3 46
6 46
16 46
30 46
41 46
42 46
8 47
10 47
12 47
15 47
24 47
27 47
33 47
38 47
41 47
19 48
21 48
24 48
31 48
32 48
35 48
37 48
46 48
2 49
5 49
6 49
16 49
19 49
24 49
28 49
31 49
37 49
45 49
