50 183 4
6 9 19 14 5 2 5 11 20 5 7 10 4 9 4 3 11 7 1 1 3 1 14 10 5 9 3 5 5 19 3 10 3 6 13 9 13 1 11 11 10 1 2 2 7 16 8 4 15 1
1 3
1 5
0 6
4 7
5 7
1 8
3 9
0 10
1 10
3 10
9 10
1 11
6 11
9 11
10 12
7 13
0 14
4 14
10 14
11 14
13 14
11 15
13 15
1 16
4 16
7 16
12 16
15 16
3 17
4 17
9 17
3 18
6 18
17 18
11 19
12 19
17 19
7 20
14 20
0 21
2 22
3 22
12 22
20 22
12 23
10 24
17 24
18 24
21 24
2 25
12 25
13 25
15 25
5 26
10 26
15 26
5 27
19 27
5 28
12 28
13 28
21 28
4 29
7 29
14 29
27 29
3 30
4 30
5 30
7 30
16 30
17 30
25 30
27 30
0 31
15 31
25 31
28 31
0 32
1 32
12 32
15 32
20 32
22 32
28 32
31 32
4 33
11 33
1 34
5 34
17 34
23 34
10 35
22 35
31 35
34 35
6 36
19 36
28 36
0 37
4 37
5 37
11 37
20 37
23 37
31 37
5 38
8 38
9 38
12 38
28 38
30 38
31 38
3 39
9 39
16 39
18 39
19 39
27 39
33 39
16 40
21 40
27 40
30 40
15 41
18 41
35 41
1 42
3 42
8 42
12 42
14 42
24 42
28 42
39 42
41 42
0 43
1 43
16 43
19 43
22 43
28 43
39 43
40 43
13 44
23 44
25 44
27 44
34 44
13 45
20 45
24 45
43 45
13 46
14 46
18 46
19 46
25 46
30 46
39 46
3 47
11 47
12 47
33 47
39 47
0 48
1 48
4 48
5 48
13 48
43 48
7 49
13 49
17 49
19 49
22 49
29 49
30 49
34 49
36 49
38 49
40 49
48 49
