50 140 4
12 1 2 6 4 12 1 5 8 2 2 4 15 1 20 18 4 2 10 5 8 1 1 2 4 4 3 4 6 4 15 3 2 6 7 1 6 3 18 8 7 12 4 4 3 8 2 2 1 7
0 11
5 11
8 11
5 12
9 13
0 14
4 14
0 15
4 15
0 16
1 16
1 17
6 17
0 18
3 18
2 19
0 20
7 20
9 20
6 21
19 21
7 22
9 22
12 22
15 22
10 23
3 25
10 25
7 26
14 28
18 28
1 29
4 29
7 30
11 30
8 31
9 31
23 31
24 31
29 31
0 32
2 32
18 32
19 32
1 33
3 33
11 33
13 33
19 33
22 33
23 33
25 33
30 33
1 34
4 34
5 34
10 34
16 34
20 34
23 34
30 34
29 35
7 36
17 36
23 36
24 36
0 37
18 37
21 37
23 37
24 37
1 38
3 38
8 38
9 38
20 38
30 38
0 39
2 39
7 39
12 39
28 39
30 39
0 40
5 40
7 40
12 40
13 40
18 40
23 40
34 40
38 40
9 41
14 41
20 41
22 41
24 41
34 41
36 41
38 41
6 42
11 42
13 42
21 42
30 42
7 43
16 43
19 43
36 43
37 43
7 44
11 44
12 44
16 44
19 44
1 45
4 45
15 45
16 45
17 45
19 45
27 45
33 45
11 46
26 46
6 47
11 47
13 47
19 47
33 47
4 48
6 48
12 48
34 48
5 49
7 49
9 49
10 49
16 49
27 49
