50 143 16
12 1 5 29 2 6 9 1 9 1 10 12 10 21 7 4 4 10 2 6 1 4 4 9 2 3 1 18 11 35 4 11 3 21 4 5 11 1 42 1 7 2 3 4 28 2 7 19 2 9
6 7
4 8
0 10
3 10
0 12
6 12
4 14
0 17
5 17
1 18
6 18
1 20
2 20
5 21
8 21
13 21
16 21
2 22
10 22
1 23
3 23
6 23
10 23
11 23
16 23
18 23
20 23
1 24
4 24
13 24
0 26
18 26
19 26
3 27
8 27
11 27
14 27
19 27
1 28
2 28
8 28
12 28
13 28
16 28
17 28
7 29
11 29
13 29
16 29
17 29
0 30
11 30
17 30
19 30
2 31
9 31
2 32
7 32
0 33
6 33
26 33
29 33
3 34
6 34
8 34
27 34
0 35
5 35
10 35
26 35
7 36
20 36
4 37
7 37
11 37
24 37
25 37
5 38
12 38
14 38
15 38
16 38
22 38
27 38
30 38
34 38
1 39
12 39
14 39
30 39
37 39
5 40
14 40
7 41
11 41
21 41
34 41
9 42
13 42
18 42
36 42
1 43
4 43
13 43
37 43
0 44
7 44
10 44
15 44
16 44
17 44
34 44
0 45
3 45
8 45
12 45
16 45
24 45
31 45
3 46
4 46
6 46
14 46
35 46
1 47
9 47
23 47
24 47
26 47
36 47
37 47
2 48
7 48
11 48
14 48
15 48
17 48
33 48
36 48
9 49
10 49
16 49
36 49
