50 91 4
4 6 16 9 12 6 6 11 6 9 5 5 15 8 10 7 8 14 7 6 7 12 13 7 7 4 6 5 9 17 10 6 7 7 4 7 6 7 6 5 5 6 6 6 10 8 11 5 7 7
3 11
2 14
5 14
4 16
1 18
1 19
12 19
13 19
0 20
17 20
0 21
17 21
2 22
15 23
16 23
5 24
10 24
3 25
16 26
20 27
26 27
5 28
1 29
6 29
9 29
22 30
3 31
19 31
26 31
0 32
3 32
8 32
20 32
1 33
5 33
8 34
10 34
8 35
21 35
5 36
7 36
23 36
9 37
1 38
2 38
8 38
19 38
20 38
2 39
12 39
21 39
24 39
28 39
36 39
38 39
8 40
11 40
16 40
20 40
26 40
28 40
36 40
0 41
26 41
38 41
4 42
12 42
33 42
0 43
11 43
12 43
20 43
20 44
29 44
30 44
34 44
35 44
8 45
19 46
25 46
4 47
22 47
24 47
26 47
26 48
27 48
37 48
8 49
12 49
32 49
33 49
