50 450 4
7 6 4 9 1 7 6 3 4 4 20 2 5 5 5 6 11 2 9 14 15 10 17 4 20 3 11 2 16 2 16 17 19 7 15 5 13 15 10 3 4 16 4 19 10 13 8 7 18 16
1 13
2 13
3 13
4 13
11 13
1 14
2 14
7 14
9 14
0 15
2 15
3 15
7 15
11 15
12 15
0 16
2 16
3 16
6 16
7 16
8 16
10 16
12 16
1 17
2 17
4 17
7 17
12 17
0 18
1 18
2 18
4 18
11 18
12 18
1 19
4 19
10 19
3 20
4 20
5 20
8 20
10 20
0 21
2 21
6 21
7 21
8 21
10 21
11 21
14 21
16 21
17 21
19 21
0 22
1 22
2 22
6 22
15 22
16 22
19 22
0 23
2 23
4 23
7 23
8 23
9 23
12 23
13 23
17 23
2 24
4 24
5 24
6 24
7 24
10 24
13 24
16 24
17 24
18 24
20 24
21 24
22 24
23 24
0 25
2 25
3 25
5 25
6 25
8 25
10 25
11 25
12 25
14 25
15 25
16 25
18 25
21 25
22 25
1 26
5 26
7 26
9 26
11 26
15 26
16 26
20 26
21 26
23 26
2 27
5 27
7 27
11 27
14 27
16 27
20 27
22 27
23 27
1 28
2 28
4 28
5 28
6 28
11 28
12 28
17 28
18 28
20 28
21 28
23 28
2 29
3 29
4 29
5 29
7 29
8 29
9 29
12 29
16 29
20 29
21 29
0 30
1 30
2 30
3 30
5 30
8 30
9 30
13 30
14 30
17 30
19 30
20 30
21 30
22 30
0 31
2 31
3 31
5 31
8 31
11 31
13 31
14 31
17 31
18 31
19 31
1 32
4 32
6 32
8 32
9 32
10 32
17 32
18 32
19 32
22 32
23 32
1 33
4 33
6 33
8 33
9 33
11 33
12 33
14 33
18 33
19 33
20 33
21 33
22 33
0 34
2 34
3 34
4 34
7 34
12 34
13 34
14 34
15 34
16 34
17 34
18 34
21 34
22 34
23 34
29 34
33 34
0 35
1 35
2 35
3 35
4 35
7 35
8 35
9 35
10 35
11 35
13 35
18 35
20 35
21 35
22 35
27 35
28 35
30 35
31 35
33 35
0 36
4 36
6 36
11 36
12 36
13 36
14 36
15 36
18 36
19 36
21 36
24 36
25 36
26 36
27 36
31 36
4 37
7 37
9 37
10 37
11 37
16 37
17 37
20 37
22 37
24 37
25 37
27 37
28 37
30 37
31 37
32 37
1 38
3 38
4 38
6 38
7 38
9 38
10 38
11 38
14 38
19 38
23 38
24 38
27 38
29 38
30 38
33 38
1 39
4 39
5 39
7 39
8 39
14 39
15 39
17 39
18 39
19 39
21 39
22 39
23 39
26 39
29 39
0 40
1 40
2 40
5 40
6 40
7 40
8 40
9 40
10 40
14 40
17 40
20 40
21 40
24 40
25 40
32 40
7 41
10 41
11 41
13 41
20 41
21 41
22 41
23 41
24 41
25 41
26 41
27 41
28 41
29 41
30 41
0 42
1 42
4 42
5 42
6 42
7 42
9 42
10 42
11 42
12 42
17 42
18 42
20 42
21 42
29 42
32 42
33 42
1 43
4 43
6 43
8 43
9 43
16 43
17 43
19 43
23 43
24 43
25 43
27 43
28 43
29 43
31 43
32 43
4 44
6 44
12 44
14 44
16 44
17 44
23 44
24 44
26 44
28 44
31 44
0 45
1 45
2 45
4 45
7 45
9 45
11 45
12 45
14 45
15 45
16 45
18 45
19 45
20 45
22 45
24 45
32 45
0 46
3 46
5 46
6 46
7 46
9 46
10 46
11 46
12 46
14 46
15 46
16 46
18 46
21 46
24 46
25 46
27 46
32 46
33 46
1 47
2 47
3 47
6 47
7 47
11 47
14 47
16 47
17 47
18 47
19 47
20 47
21 47
26 47
29 47
30 47
32 47
33 47
0 48
1 48
2 48
6 48
9 48
12 48
13 48
14 48
15 48
16 48
19 48
23 48
26 48
28 48
29 48
30 48
0 49
5 49
7 49
8 49
12 49
14 49
15 49
17 49
18 49
19 49
23 49
24 49
30 49
31 49
32 49
33 49
