50 124 4
10 11 8 7 1 1 5 5 14 3 3 5 3 3 1 3 14 1 2 8 3 6 20 3 2 3 4 7 1 17 3 7 1 3 1 21 7 2 15 3 7 4 46 4 5 1 22 13 8 9
7 10
8 10
8 11
7 12
3 13
4 14
5 14
5 15
6 15
7 15
4 16
7 16
5 17
11 17
0 18
7 18
11 18
9 19
13 19
0 20
3 20
1 21
2 21
11 21
8 22
10 22
14 23
0 24
5 24
10 25
8 26
9 26
13 26
0 27
4 27
5 27
9 27
12 27
18 27
21 27
0 28
1 28
12 28
14 28
3 29
9 29
25 29
1 30
3 30
6 30
9 30
12 30
16 30
22 30
24 30
11 31
12 31
15 32
26 32
14 33
21 33
25 33
26 33
2 34
5 34
7 34
9 34
12 34
15 34
17 34
21 34
15 35
23 35
7 36
9 36
14 36
22 36
1 37
3 37
19 37
21 37
26 37
2 38
5 38
12 38
19 38
12 39
14 39
33 39
5 41
11 41
17 41
27 41
29 41
38 41
0 42
3 42
36 42
37 42
5 43
14 43
18 43
20 43
33 43
36 43
0 44
4 44
14 44
17 44
19 44
20 44
23 44
7 45
8 45
17 45
32 45
1 46
25 46
31 46
14 48
16 49
19 49
27 49
32 49
