50 91 4
8 15 22 1 2 1 17 4 18 27 3 22 7 1 13 5 11 10 11 7 2 1 28 12 5 7 6 6 9 10 13 17 20 13 12 1 1 25 6 36 2 4 26 19 3 9 1 16 52 2
1 5
0 9
4 11
4 13
1 14
7 14
10 14
6 15
0 16
1 16
4 16
8 16
11 17
0 18
11 18
1 19
3 19
6 20
0 21
0 22
6 22
11 22
13 22
2 23
11 23
15 23
15 24
21 24
1 25
20 25
7 26
1 27
26 27
6 28
22 28
8 29
14 29
0 30
21 30
0 31
11 32
13 32
16 32
24 32
31 32
3 33
25 33
32 33
12 34
15 34
27 35
35 36
0 37
6 37
7 39
11 39
5 40
21 40
35 40
39 40
8 41
17 41
28 41
30 41
23 42
27 42
1 43
8 43
10 43
16 44
19 44
36 44
16 45
21 45
31 45
44 45
12 46
15 46
37 46
17 47
23 47
15 48
24 48
31 48
47 48
23 49
31 49
32 49
39 49
40 49
41 49
