50 180 16
7 6 6 4 7 4 6 6 3 6 6 4 6 7 5 5 6 6 4 6 6 5 5 4 7 5 3 5 6 5 5 5 6 6 4 7 5 5 6 5 5 6 5 8 8 7 5 4 7 5
2 5
5 6
0 7
1 7
0 8
1 9
2 9
4 9
5 9
9 10
1 11
0 12
9 12
2 13
4 13
9 14
7 15
8 15
11 15
2 16
8 17
10 17
4 18
6 18
7 18
11 19
13 19
15 20
16 20
18 20
5 21
8 21
15 21
18 21
3 22
6 22
15 22
18 22
2 23
6 23
12 23
14 24
21 24
7 25
11 25
18 25
21 25
22 25
1 26
4 26
16 26
4 27
13 27
20 27
26 27
0 28
25 28
27 28
5 29
6 29
7 29
17 29
23 29
26 29
2 30
5 30
13 30
14 30
25 30
28 30
0 31
11 31
15 31
20 31
28 31
29 31
21 32
22 32
30 32
5 33
7 33
10 33
12 33
13 33
17 33
18 33
32 33
0 34
1 34
5 34
15 34
23 34
27 34
9 35
11 35
13 35
20 35
25 35
7 36
11 36
15 36
22 36
27 36
28 36
35 36
3 37
13 37
32 37
33 37
36 37
2 38
4 38
18 38
23 38
24 38
26 38
28 38
30 38
31 38
4 39
6 39
12 39
23 39
32 39
38 39
14 40
32 40
33 40
16 41
29 41
30 41
7 42
10 42
15 42
16 42
24 42
30 42
37 42
3 43
5 43
12 43
18 43
29 43
9 44
11 44
17 44
6 45
13 45
15 45
16 45
18 45
26 45
27 45
31 45
34 45
41 45
2 46
3 46
30 46
32 46
0 47
28 47
34 47
40 47
3 48
8 48
9 48
10 48
13 48
23 48
26 48
27 48
47 48
0 49
16 49
21 49
36 49
38 49
43 49
47 49
