50 95 4
1 1 10 4 5 7 2 7 5 10 5 3 2 7 6 5 4 7 2 4 7 10 10 1 10 10 4 9 4 5 1 6 8 6 8 3 8 1 5 6 7 1 3 8 10 4 5 3 2 8
1 8
3 8
0 9
2 9
2 11
2 13
6 13
0 15
7 16
5 17
6 17
2 18
3 21
1 22
5 22
18 22
13 23
2 24
3 25
7 25
13 25
6 26
15 26
16 26
2 27
7 27
10 27
13 27
3 29
4 29
9 29
15 29
21 29
12 30
19 30
7 31
11 31
16 31
4 32
12 32
13 32
17 32
21 32
27 32
23 33
24 33
10 35
17 35
24 35
2 36
25 36
30 36
6 38
16 38
24 38
28 38
11 39
15 39
27 39
29 39
10 40
11 40
23 40
33 40
35 40
24 41
26 41
34 41
0 42
31 42
38 42
5 44
24 44
1 45
5 45
10 45
12 45
32 45
37 45
1 46
30 46
34 46
35 46
39 46
2 47
4 47
25 47
1 48
15 48
25 48
31 48
34 48
38 48
9 49
19 49
