50 209 4
4 1 4 13 9 3 13 2 13 7 17 16 19 5 9 3 12 3 17 16 17 13 4 7 10 12 11 17 5 18 9 2 19 15 19 17 8 6 17 1 19 8 10 19 8 19 2 11 9 2
3 8
7 9
2 10
6 10
0 11
3 11
7 11
4 12
0 13
3 13
3 14
4 14
7 15
10 16
12 16
6 17
6 18
4 19
11 19
12 19
13 19
4 20
7 20
9 20
11 20
14 20
0 21
2 21
4 21
1 22
11 22
2 23
3 24
5 24
10 24
12 24
15 24
24 25
3 26
11 26
19 26
20 26
21 26
19 27
23 27
0 28
1 28
4 28
6 28
15 28
16 28
21 28
22 28
5 29
17 29
18 29
19 29
20 29
22 29
3 30
4 30
8 30
14 30
18 30
19 30
23 30
3 31
12 31
17 31
19 31
1 32
7 32
8 32
9 32
11 32
13 32
14 32
15 32
17 32
23 32
5 33
6 33
12 33
17 33
18 33
19 33
20 33
6 34
7 34
9 34
14 34
18 34
22 34
2 35
8 35
24 35
9 36
11 36
12 36
14 36
15 36
17 36
19 36
20 36
21 36
28 36
29 36
31 36
3 37
12 37
13 37
16 37
18 37
19 37
20 37
21 37
22 37
26 37
30 37
31 37
0 38
6 38
22 38
26 38
30 38
31 38
33 38
3 39
6 39
11 39
12 39
17 39
21 39
22 39
23 39
25 39
27 39
28 39
31 39
0 40
1 40
4 40
23 40
27 40
33 40
34 40
35 40
12 41
24 41
25 41
31 41
32 41
3 42
4 42
10 42
13 42
14 42
21 42
26 42
35 42
2 43
4 43
22 43
24 43
31 43
35 43
5 44
8 44
9 44
22 44
27 44
33 44
35 44
4 45
5 45
8 45
27 45
34 45
9 46
14 46
19 46
23 46
25 46
30 46
32 46
5 47
6 47
7 47
9 47
13 47
17 47
18 47
21 47
31 47
32 47
33 47
35 47
0 48
2 48
10 48
28 48
29 48
33 48
8 49
10 49
18 49
19 49
21 49
23 49
