50 191 4
20 11 2 17 6 14 13 6 1 2 18 19 1 7 10 8 12 1 17 3 8 4 8 22 1 14 19 1 9 5 10 6 32 5 1 2 3 32 2 8 3 29 11 32 5 17 3 8 8 7
0 8
5 8
6 9
7 9
2 10
4 10
0 11
3 11
4 11
4 12
1 13
6 15
2 16
5 16
1 17
2 17
1 18
2 19
5 19
6 19
2 20
1 21
4 21
5 21
7 21
0 22
11 22
17 22
0 23
4 23
6 23
9 23
15 23
0 24
7 24
8 24
12 24
14 24
12 25
14 25
2 26
3 26
4 26
16 26
20 26
11 27
12 27
0 28
3 28
5 28
14 28
19 28
22 28
26 28
8 29
21 29
24 29
0 30
2 30
6 30
7 30
8 30
23 30
24 30
1 31
4 31
9 31
13 31
16 31
19 31
1 32
7 32
12 32
23 32
0 33
3 33
5 33
12 33
13 33
21 33
23 33
7 34
8 34
9 34
11 34
12 34
1 35
10 35
18 35
20 35
25 35
3 36
9 36
11 36
16 36
2 37
3 37
9 37
14 37
18 37
2 38
5 38
6 38
15 38
20 38
26 38
32 38
36 38
37 38
4 39
22 39
30 39
31 39
37 39
1 40
4 40
5 40
11 40
15 40
16 40
17 40
19 40
21 40
31 40
35 40
0 41
5 41
21 41
33 41
36 41
1 42
2 42
3 42
17 42
18 42
20 42
23 42
24 42
26 42
12 43
14 43
17 43
20 43
22 43
25 43
34 43
0 44
12 44
16 44
21 44
27 44
35 44
4 45
8 45
9 45
13 45
15 45
19 45
21 45
24 45
28 45
34 45
37 45
14 46
23 46
25 46
27 46
5 47
7 47
17 47
21 47
22 47
23 47
24 47
26 47
27 47
36 47
37 47
1 48
5 48
9 48
11 48
15 48
17 48
26 48
34 48
35 48
37 48
2 49
13 49
14 49
