50 187 4
7 2 2 18 18 16 12 10 11 18 15 14 19 9 11 20 5 12 15 15 19 9 7 20 1 11 13 8 12 15 11 13 13 20 18 14 6 20 15 15 11 7 17 13 13 3 19 14 8 14
0 6
2 6
0 7
2 7
3 7
0 8
1 8
5 8
7 9
2 10
10 11
4 13
5 13
6 13
10 14
0 15
5 15
8 15
9 15
11 15
12 15
3 16
8 16
10 16
15 16
2 17
9 17
16 17
4 18
5 18
14 18
4 19
14 19
16 19
0 21
5 21
16 21
20 21
1 22
8 22
21 22
13 23
2 24
14 24
21 24
8 25
21 25
22 25
24 25
16 26
19 26
24 26
6 27
16 27
19 27
26 27
2 28
4 28
17 28
20 28
4 29
9 29
10 29
17 29
25 29
4 30
7 30
9 30
10 30
14 30
16 30
22 30
27 30
1 31
3 31
6 31
14 31
16 32
18 32
25 32
2 33
22 33
29 33
1 34
30 34
32 34
5 35
11 35
14 35
17 35
33 35
4 36
8 36
12 36
18 36
19 36
20 36
25 36
29 36
34 36
1 37
6 37
15 37
20 37
21 37
2 38
8 38
11 38
16 38
20 38
24 38
29 38
31 38
33 38
37 38
10 39
13 39
16 39
28 39
33 39
1 40
8 40
19 40
23 40
24 40
25 40
29 40
31 40
2 41
15 41
24 41
29 41
31 41
33 41
2 42
13 42
17 42
26 42
1 43
15 43
18 43
25 43
31 43
14 44
20 44
28 44
32 44
33 44
3 45
10 45
12 45
13 45
14 45
20 45
22 45
28 45
0 46
4 46
11 46
13 46
23 46
24 46
26 46
37 46
6 47
13 47
14 47
16 47
42 47
46 47
15 48
32 48
36 48
38 48
41 48
42 48
4 49
11 49
21 49
25 49
29 49
32 49
42 49
43 49
44 49
45 49
48 49
