50 177 4
5 6 5 6 7 6 5 5 6 7 5 5 7 6 5 5 4 4 6 7 6 5 4 5 7 6 5 6 6 5 6 6 8 4 6 6 5 6 6 4 6 4 6 5 5 6 6 4 6 5
1 9
5 9
0 10
1 10
6 10
8 10
2 11
8 12
3 13
4 13
5 13
6 14
6 15
7 15
2 16
8 16
2 17
3 17
4 17
1 18
8 18
5 19
0 20
6 20
8 20
10 20
12 20
4 21
9 21
14 21
19 21
1 22
2 22
1 23
2 23
7 23
8 23
9 23
10 23
15 23
6 24
17 24
7 25
1 26
4 26
7 26
8 26
18 26
18 27
4 28
8 28
9 28
17 28
5 29
9 29
13 29
19 29
21 29
3 30
5 30
17 30
18 30
19 30
1 31
3 31
4 31
0 32
10 32
11 32
14 32
19 32
23 32
2 33
7 33
11 33
3 34
5 34
11 34
18 34
19 34
22 34
7 35
22 35
25 35
28 35
4 36
9 36
18 36
21 36
0 37
5 37
11 37
16 37
8 38
9 38
24 38
28 38
24 39
7 40
12 40
20 40
25 40
26 40
0 41
2 41
4 41
16 41
17 41
27 41
40 41
1 42
5 42
8 42
12 42
15 42
17 42
26 42
39 42
3 43
7 43
21 43
24 43
25 43
27 43
28 43
36 43
40 43
14 44
16 44
18 44
22 44
23 44
33 44
1 45
3 45
4 45
5 45
17 45
26 45
30 45
33 45
36 45
39 45
0 46
2 46
5 46
10 46
15 46
18 46
19 46
29 46
2 47
9 47
19 47
23 47
25 47
35 47
3 48
13 48
14 48
17 48
25 48
30 48
35 48
36 48
38 48
0 49
1 49
3 49
9 49
13 49
15 49
16 49
20 49
23 49
25 49
37 49
