50 107 4
7 5 7 6 4 5 4 5 6 4 7 5 5 7 5 6 5 5 7 4 6 7 6 8 5 6 6 8 6 4 6 6 6 5 7 6 5 7 7 6 6 6 5 5 5 6 6 7 6 5
2 14
11 14
8 15
13 15
12 16
12 17
9 18
0 19
11 19
0 20
1 20
9 20
1 21
3 21
4 23
9 23
13 23
0 24
7 24
10 24
19 24
9 25
17 25
2 26
19 26
2 27
7 27
4 28
16 28
22 28
15 29
0 30
10 30
24 30
26 30
6 31
11 31
14 31
15 31
25 31
26 31
27 31
7 32
10 32
22 32
1 33
2 33
6 33
9 33
10 33
12 33
17 33
19 33
25 33
26 33
17 34
5 35
15 35
20 35
1 36
2 36
6 37
24 37
10 38
18 38
18 39
32 39
1 40
5 40
15 40
21 40
1 41
10 41
14 41
24 41
28 41
36 41
8 42
15 42
19 42
26 42
30 42
1 43
3 43
20 43
23 43
9 44
12 44
17 44
2 45
19 45
4 46
5 47
21 47
29 47
36 47
5 48
16 48
26 48
34 48
35 48
36 48
2 49
4 49
6 49
7 49
10 49
