50 82 4
11 19 9 8 15 17 11 5 17 12 8 15 11 14 7 6 12 11 20 11 5 18 16 11 3 18 19 9 5 14 7 15 1 8 6 19 11 7 11 12 2 2 5 2 10 4 6 6 20 8
0 6
2 6
0 7
2 7
5 10
1 11
9 15
12 16
6 17
6 18
9 18
6 19
2 23
5 23
15 23
18 23
15 24
22 24
7 25
15 25
22 25
23 25
2 26
4 26
14 27
26 27
15 29
9 30
29 30
10 31
18 31
30 31
2 32
30 32
21 33
15 34
19 34
27 34
12 35
4 36
9 36
13 36
22 36
26 36
2 37
22 37
29 37
8 38
14 38
2 39
9 39
7 40
10 40
24 40
36 40
26 41
12 42
17 42
28 42
11 43
7 44
28 44
32 44
37 44
39 44
2 45
3 45
4 45
13 45
23 45
24 45
1 46
8 46
24 46
39 46
41 46
25 47
37 47
41 47
10 48
30 48
40 49
