50 280 4
51 12 1 1 23 5 12 22 28 14 14 13 1 11 14 5 5 6 13 2 11 1 10 8 9 11 29 9 25 3 13 38 10 11 1 1 1 11 1 3 18 22 1 11 10 52 1 11 7 2
0 2
1 3
0 5
2 5
1 8
4 8
5 8
5 9
0 11
2 11
4 11
5 11
9 11
7 12
1 13
3 13
0 14
3 14
6 14
7 14
9 14
1 15
7 15
11 15
4 16
6 17
0 18
14 18
3 19
4 19
17 19
12 20
16 20
5 21
8 21
15 21
16 21
0 22
3 22
5 22
10 22
11 22
19 23
5 24
13 24
14 24
20 24
22 24
3 25
4 25
5 25
10 25
17 25
2 26
4 26
11 26
13 26
14 26
17 26
20 26
25 26
0 27
2 27
5 27
11 27
15 27
20 27
22 27
23 27
3 28
4 28
6 28
8 28
15 28
17 28
22 28
0 29
7 29
11 29
18 29
27 29
7 30
11 30
12 30
13 30
18 30
26 30
27 30
28 30
0 31
12 31
14 31
19 31
26 31
9 32
13 32
14 32
15 32
18 32
19 32
20 32
21 32
22 32
25 32
27 32
28 32
5 33
6 33
7 33
11 33
19 33
25 33
26 33
28 33
29 33
3 34
8 34
9 34
11 34
17 34
21 34
23 34
24 34
28 34
32 34
0 35
3 35
5 35
6 35
10 35
17 35
23 35
24 35
25 35
28 35
29 35
32 35
6 36
8 36
10 36
25 36
26 36
31 36
34 36
35 36
0 37
17 37
20 37
23 37
28 37
30 37
32 37
2 38
4 38
9 38
10 38
11 38
19 38
20 38
22 38
24 38
27 38
31 38
35 38
36 38
37 38
1 39
3 39
6 39
10 39
12 39
18 39
35 39
5 40
7 40
21 40
22 40
23 40
26 40
27 40
28 40
31 40
35 40
0 41
5 41
13 41
14 41
16 41
18 41
30 41
32 41
37 41
40 41
8 42
12 42
14 42
20 42
28 42
41 42
2 43
4 43
11 43
13 43
20 43
22 43
25 43
33 43
34 43
3 44
7 44
9 44
13 44
19 44
26 44
36 44
41 44
10 45
12 45
13 45
17 45
26 45
30 45
32 45
33 45
36 45
41 45
42 45
44 45
2 46
7 46
10 46
11 46
13 46
15 46
19 46
25 46
27 46
45 46
1 47
3 47
5 47
10 47
15 47
19 47
23 47
27 47
32 47
33 47
42 47
43 47
3 48
5 48
10 48
12 48
14 48
15 48
17 48
19 48
22 48
27 48
28 48
29 48
30 48
32 48
33 48
40 48
0 49
4 49
9 49
10 49
13 49
18 49
21 49
26 49
29 49
32 49
36 49
39 49
42 49
47 49
