50 219 4
5 7 5 6 4 5 6 6 5 7 5 5 7 4 6 4 4 5 6 7 4 7 5 6 3 6 5 5 6 6 7 6 8 6 6 7 5 7 5 5 6 4 5 6 6 5 6 5 5 5
1 2
2 5
0 7
1 8
2 8
2 10
4 12
5 12
3 13
6 13
1 14
2 14
3 14
5 14
8 14
0 15
1 15
10 15
11 15
12 15
7 16
8 16
15 16
5 17
11 17
10 18
11 18
12 18
13 18
16 18
3 19
7 19
8 19
8 20
11 20
17 20
19 20
5 21
7 21
10 21
13 21
2 22
5 22
7 22
8 22
11 22
1 23
7 23
6 24
10 24
11 24
1 25
2 25
9 25
12 25
17 25
19 25
23 25
1 26
6 26
19 26
23 26
14 27
16 27
6 28
12 28
15 28
26 28
17 29
22 29
25 29
3 30
10 30
16 30
23 30
12 31
20 31
21 31
17 32
21 32
27 32
0 33
2 33
3 33
4 33
5 33
7 33
8 33
15 33
23 33
28 33
3 34
4 34
6 34
10 34
15 34
33 34
1 35
3 35
12 35
15 35
17 35
25 35
30 35
33 35
34 35
14 36
17 36
19 36
31 36
33 36
1 37
2 37
11 37
24 37
34 37
6 38
9 38
11 38
15 38
19 38
25 38
28 38
34 38
35 38
37 38
6 39
7 39
26 39
27 39
28 39
34 39
3 40
6 40
7 40
8 40
10 40
12 40
14 40
19 40
25 40
32 40
38 40
0 41
8 41
13 41
16 41
19 41
23 41
28 41
37 41
40 41
5 42
7 42
16 42
20 42
21 42
31 42
1 43
4 43
5 43
10 43
29 43
38 43
3 44
13 44
16 44
23 44
28 44
30 44
31 44
39 44
41 44
42 44
43 44
7 45
10 45
17 45
18 45
19 45
22 45
26 45
38 45
2 46
8 46
14 46
15 46
16 46
23 46
32 46
41 46
42 46
4 47
23 47
34 47
37 47
42 47
43 47
44 47
1 48
2 48
3 48
4 48
21 48
32 48
34 48
37 48
4 49
8 49
11 49
14 49
19 49
22 49
23 49
24 49
27 49
36 49
39 49
42 49
