50 569 16
4 6 5 5 6 7 6 6 5 7 4 5 5 5 5 5 7 7 6 4 4 8 5 6 4 5 6 7 7 4 6 5 5 6 5 6 7 4 4 6 6 4 7 6 5 5 5 5 3 6
0 2
0 3
2 3
1 4
3 4
0 5
3 5
4 5
0 6
1 6
4 6
0 7
2 7
3 7
4 7
5 7
1 8
2 8
3 8
5 8
6 8
0 9
2 9
5 9
8 9
0 10
1 10
2 10
7 10
9 10
0 11
3 11
5 11
7 11
10 11
0 12
1 12
5 12
8 12
9 12
11 12
3 13
4 13
6 13
8 13
10 13
11 13
12 13
1 14
2 14
6 14
8 14
10 14
1 15
6 15
7 15
8 15
9 15
10 15
13 15
1 16
2 16
9 16
11 16
12 16
14 16
2 17
3 17
4 17
5 17
6 17
8 17
11 17
13 17
14 17
16 17
1 18
5 18
8 18
9 18
15 18
16 18
0 19
2 19
3 19
4 19
5 19
8 19
10 19
13 19
16 19
17 19
1 20
2 20
3 20
5 20
8 20
12 20
14 20
15 20
16 20
0 21
1 21
2 21
4 21
5 21
6 21
15 21
16 21
18 21
0 22
4 22
5 22
7 22
17 22
18 22
1 23
2 23
4 23
6 23
7 23
8 23
10 23
11 23
15 23
17 23
22 23
0 24
1 24
2 24
4 24
5 24
7 24
8 24
9 24
10 24
14 24
17 24
19 24
22 24
2 25
3 25
6 25
10 25
11 25
12 25
13 25
16 25
2 26
4 26
6 26
7 26
8 26
12 26
14 26
16 26
17 26
18 26
19 26
21 26
22 26
23 26
24 26
2 27
3 27
5 27
11 27
13 27
15 27
16 27
17 27
18 27
20 27
21 27
23 27
26 27
1 28
3 28
4 28
5 28
6 28
9 28
13 28
20 28
21 28
23 28
24 28
26 28
1 29
2 29
7 29
9 29
10 29
11 29
14 29
20 29
22 29
24 29
25 29
27 29
28 29
1 30
4 30
5 30
8 30
10 30
12 30
13 30
14 30
15 30
17 30
18 30
20 30
21 30
22 30
29 30
2 31
4 31
13 31
15 31
17 31
18 31
20 31
24 31
25 31
26 31
27 31
28 31
30 31
1 32
2 32
6 32
7 32
11 32
14 32
16 32
18 32
21 32
22 32
24 32
25 32
27 32
28 32
29 32
31 32
0 33
1 33
4 33
13 33
15 33
16 33
17 33
18 33
21 33
23 33
25 33
28 33
29 33
30 33
32 33
2 34
3 34
6 34
9 34
10 34
11 34
12 34
14 34
15 34
16 34
17 34
24 34
30 34
31 34
32 34
1 35
3 35
6 35
13 35
14 35
15 35
16 35
17 35
18 35
19 35
20 35
27 35
28 35
29 35
33 35
34 35
0 36
2 36
3 36
4 36
5 36
6 36
9 36
10 36
16 36
18 36
19 36
25 36
28 36
29 36
30 36
32 36
33 36
35 36
3 37
6 37
8 37
11 37
13 37
16 37
17 37
18 37
19 37
20 37
25 37
26 37
28 37
29 37
31 37
32 37
33 37
34 37
36 37
2 38
4 38
5 38
6 38
8 38
10 38
13 38
16 38
19 38
20 38
22 38
23 38
24 38
27 38
28 38
30 38
31 38
33 38
35 38
0 39
1 39
3 39
6 39
12 39
13 39
14 39
20 39
22 39
23 39
25 39
29 39
31 39
35 39
36 39
37 39
0 40
1 40
2 40
3 40
5 40
8 40
9 40
10 40
12 40
18 40
19 40
20 40
21 40
24 40
28 40
29 40
30 40
34 40
35 40
36 40
38 40
2 41
3 41
4 41
6 41
7 41
10 41
12 41
15 41
16 41
17 41
22 41
25 41
27 41
29 41
30 41
33 41
35 41
36 41
0 42
1 42
2 42
4 42
5 42
6 42
7 42
9 42
10 42
17 42
23 42
24 42
28 42
31 42
34 42
35 42
36 42
38 42
40 42
41 42
1 43
3 43
7 43
11 43
12 43
13 43
14 43
15 43
16 43
19 43
21 43
25 43
26 43
29 43
31 43
35 43
40 43
42 43
0 44
2 44
4 44
7 44
8 44
9 44
12 44
13 44
14 44
17 44
19 44
21 44
24 44
25 44
28 44
34 44
35 44
41 44
42 44
1 45
3 45
8 45
9 45
10 45
13 45
14 45
15 45
16 45
17 45
18 45
19 45
24 45
28 45
29 45
35 45
36 45
39 45
40 45
41 45
43 45
44 45
3 46
6 46
10 46
11 46
12 46
14 46
15 46
17 46
20 46
23 46
24 46
25 46
29 46
30 46
31 46
32 46
37 46
39 46
40 46
41 46
42 46
44 46
1 47
5 47
7 47
8 47
9 47
11 47
13 47
14 47
16 47
17 47
23 47
25 47
29 47
30 47
32 47
37 47
38 47
40 47
41 47
42 47
44 47
45 47
0 48
5 48
7 48
8 48
12 48
15 48
19 48
21 48
22 48
23 48
25 48
26 48
28 48
29 48
30 48
32 48
33 48
36 48
38 48
39 48
40 48
46 48
47 48
1 49
2 49
7 49
9 49
10 49
11 49
14 49
15 49
16 49
21 49
25 49
28 49
29 49
31 49
34 49
37 49
38 49
39 49
40 49
41 49
44 49
