50 477 4
8 11 11 12 9 11 7 10 8 7 12 10 10 14 12 12 7 11 11 13 11 9 15 11 10 8 8 13 7 12 7 12 14 11 6 12 14 9 10 7 9 10 11 14 7 4 9 9 8 11
0 1
0 2
1 2
3 4
0 5
4 5
2 6
3 6
5 6
1 7
2 7
3 7
0 8
7 8
2 9
3 9
6 9
2 10
3 10
4 10
6 10
7 10
8 10
2 11
3 11
4 11
5 11
8 11
9 11
3 12
6 12
9 12
1 13
2 13
6 13
10 13
0 14
6 14
7 14
8 14
9 14
13 14
1 15
2 15
5 15
9 15
13 15
0 16
5 16
7 16
10 16
11 16
13 16
2 17
5 17
8 17
9 17
11 17
12 17
14 17
15 17
1 18
2 18
4 18
6 18
7 18
9 18
16 18
1 19
2 19
4 19
6 19
9 19
10 19
12 19
15 19
16 19
17 19
0 20
2 20
5 20
6 20
8 20
12 20
15 20
16 20
18 20
19 20
1 21
2 21
4 21
5 21
6 21
8 21
9 21
11 21
12 21
13 21
14 21
15 21
17 21
18 21
20 21
0 22
1 22
6 22
9 22
20 22
1 23
6 23
7 23
8 23
13 23
17 23
19 23
0 24
4 24
7 24
8 24
13 24
14 24
16 24
17 24
18 24
23 24
1 25
3 25
4 25
5 25
6 25
9 25
11 25
12 25
13 25
14 25
15 25
18 25
23 25
1 26
6 26
8 26
10 26
11 26
17 26
19 26
21 26
22 26
23 26
25 26
0 27
5 27
6 27
8 27
12 27
13 27
14 27
15 27
16 27
24 27
26 27
0 28
2 28
4 28
5 28
8 28
10 28
11 28
13 28
17 28
19 28
27 28
4 29
8 29
12 29
15 29
24 29
25 29
7 30
8 30
10 30
14 30
19 30
25 30
29 30
0 31
3 31
4 31
7 31
9 31
23 31
30 31
4 32
5 32
8 32
10 32
11 32
19 32
20 32
22 32
24 32
25 32
29 32
0 33
2 33
6 33
15 33
19 33
21 33
22 33
28 33
29 33
32 33
2 34
3 34
9 34
12 34
14 34
15 34
16 34
18 34
22 34
23 34
26 34
28 34
3 35
7 35
8 35
11 35
15 35
17 35
20 35
21 35
22 35
25 35
26 35
28 35
29 35
33 35
1 36
2 36
4 36
5 36
8 36
9 36
12 36
13 36
16 36
17 36
18 36
19 36
24 36
25 36
26 36
27 36
29 36
30 36
31 36
32 36
33 36
34 36
0 37
5 37
12 37
14 37
16 37
19 37
21 37
25 37
29 37
31 37
0 38
2 38
3 38
4 38
8 38
10 38
12 38
17 38
22 38
23 38
25 38
27 38
31 38
32 38
34 38
35 38
0 39
1 39
2 39
3 39
4 39
6 39
11 39
13 39
14 39
18 39
21 39
28 39
30 39
31 39
37 39
38 39
0 40
1 40
2 40
4 40
8 40
10 40
11 40
12 40
15 40
16 40
18 40
22 40
23 40
28 40
32 40
34 40
38 40
5 41
6 41
7 41
10 41
11 41
12 41
14 41
16 41
18 41
19 41
25 41
26 41
33 41
36 41
40 41
7 42
8 42
9 42
13 42
14 42
18 42
20 42
23 42
24 42
29 42
30 42
33 42
35 42
41 42
0 43
1 43
4 43
6 43
8 43
9 43
11 43
14 43
17 43
21 43
23 43
28 43
29 43
30 43
33 43
35 43
40 43
42 43
0 44
1 44
2 44
3 44
4 44
5 44
7 44
9 44
10 44
12 44
13 44
14 44
18 44
20 44
22 44
26 44
27 44
33 44
36 44
39 44
40 44
42 44
0 45
2 45
3 45
6 45
13 45
16 45
18 45
21 45
24 45
26 45
27 45
29 45
31 45
32 45
33 45
35 45
36 45
37 45
38 45
39 45
44 45
3 46
5 46
6 46
10 46
13 46
14 46
15 46
18 46
19 46
20 46
22 46
24 46
28 46
30 46
32 46
35 46
41 46
42 46
44 46
0 47
3 47
7 47
9 47
10 47
13 47
14 47
15 47
18 47
20 47
22 47
27 47
28 47
30 47
31 47
37 47
40 47
42 47
44 47
0 48
1 48
2 48
8 48
10 48
11 48
20 48
21 48
26 48
27 48
28 48
29 48
33 48
34 48
37 48
45 48
47 48
0 49
6 49
9 49
11 49
12 49
22 49
24 49
25 49
31 49
32 49
35 49
42 49
48 49
