100 318 4
3 6 5 7 7 4 7 7 6 5 6 7 5 5 5 7 5 6 5 3 5 5 7 6 4 5 6 6 5 5 6 5 6 6 5 7 6 5 6 5 5 9 6 7 6 6 6 6 4 6 5 4 5 5 5 6 7 5 6 5 5 6 5 5 5 3 7 6 7 7 5 7 6 6 4 7 4 6 5 4 5 4 3 6 6 5 5 6 6 6 4 4 3 5 6 5 5 5 7 4
1 10
0 12
9 13
1 14
6 14
3 16
4 16
15 18
13 19
14 22
17 22
14 23
15 23
11 25
1 26
24 26
7 27
11 28
18 28
4 29
23 30
7 31
21 31
12 32
16 32
25 32
25 33
3 34
15 34
0 35
2 35
10 35
13 35
6 36
30 36
23 37
26 38
4 39
15 39
17 39
18 39
30 39
14 40
0 41
31 41
32 41
1 42
4 42
32 42
6 43
17 43
19 43
31 44
32 44
2 45
3 45
6 45
24 45
33 45
1 46
17 46
29 46
11 47
16 47
31 47
33 47
5 48
13 48
31 49
41 49
10 50
40 50
44 50
45 50
8 51
14 51
19 51
33 51
37 51
16 52
28 52
34 52
7 53
23 53
24 53
31 53
29 54
36 54
47 54
13 55
20 55
23 55
7 56
19 56
22 56
11 57
21 57
8 58
17 58
23 58
29 58
33 58
38 58
14 59
19 59
31 59
1 60
23 60
32 60
38 60
45 60
18 61
20 61
25 61
26 61
33 61
41 61
43 61
3 62
12 62
28 62
29 62
35 62
44 62
50 62
61 62
37 63
44 63
13 64
30 64
38 64
45 64
47 64
6 65
37 65
11 66
20 66
33 66
36 66
47 66
50 66
54 66
14 67
29 67
47 67
54 67
8 68
11 68
0 69
38 69
50 69
53 69
58 69
4 70
13 70
44 70
48 70
50 70
21 71
37 71
23 72
37 72
38 72
71 72
12 73
19 73
30 73
39 73
42 73
47 73
57 73
61 73
30 74
48 74
50 74
53 74
69 74
21 75
44 75
47 75
57 75
71 75
1 76
12 76
15 76
44 76
56 76
61 76
13 77
23 77
37 77
60 77
64 77
71 77
5 78
36 78
41 78
2 79
3 79
27 79
38 79
65 79
66 79
8 80
23 80
52 80
28 81
50 81
70 81
9 82
10 82
27 82
37 82
40 82
64 82
72 82
76 82
22 83
25 83
40 83
51 83
11 84
41 84
50 84
60 84
74 84
76 84
35 85
38 85
44 85
75 85
7 86
52 86
76 86
78 86
80 86
16 87
23 87
70 87
3 88
9 88
20 88
28 88
32 88
39 88
56 88
61 88
62 88
65 88
73 88
6 89
20 89
39 89
64 89
72 89
74 89
5 90
7 90
8 90
10 90
18 90
49 90
58 90
65 90
76 90
1 91
27 91
30 91
31 91
35 91
41 91
72 91
75 91
77 91
15 92
35 92
36 92
64 92
78 92
13 93
23 93
43 93
62 93
63 93
69 93
17 94
34 94
6 95
12 95
22 95
26 95
53 95
62 95
77 95
23 96
48 96
65 96
77 96
81 96
1 97
3 97
17 97
20 97
40 97
49 97
68 97
78 97
85 97
93 97
1 98
22 98
23 98
70 98
12 99
24 99
30 99
33 99
37 99
