100 1677 16
6 6 13 11 9 18 13 10 9 10 11 10 11 4 10 14 6 13 8 11 15 16 16 10 10 7 12 10 9 6 8 14 14 12 13 14 11 11 15 8 10 14 8 5 10 10 8 6 14 16 12 11 6 12 7 7 12 16 7 10 9 6 14 7 15 6 9 16 13 15 15 12 10 6 12 4 6 4 13 9 12 9 7 16 17 9 11 13 7 9 17 12 8 7 8 9 12 10 10 12
4 9
8 9
1 10
3 10
6 10
1 11
6 11
7 11
8 11
0 12
1 12
7 12
3 13
5 13
1 14
2 14
3 14
4 14
6 14
7 14
0 15
5 15
7 15
8 15
10 15
11 15
13 15
1 16
5 16
7 16
8 16
10 16
1 17
5 17
6 17
10 17
12 17
13 17
5 18
8 18
10 18
11 18
14 18
8 19
10 19
13 19
0 20
1 20
2 20
6 20
8 20
9 20
3 21
11 21
14 21
1 22
2 22
9 22
11 22
9 23
10 23
12 23
13 23
1 24
6 24
7 24
9 24
11 24
14 24
1 25
2 25
5 25
7 25
9 25
14 25
0 26
2 26
6 26
11 26
12 26
13 26
14 26
3 27
4 27
13 27
14 27
15 27
17 27
18 27
20 27
21 27
23 27
3 28
5 28
12 28
17 28
18 28
21 28
22 28
23 28
24 28
0 29
2 29
3 29
5 29
6 29
7 29
8 29
9 29
11 29
12 29
16 29
19 29
22 29
0 30
1 30
3 30
4 30
5 30
6 30
9 30
15 30
17 30
21 30
0 31
5 31
6 31
7 31
10 31
12 31
13 31
14 31
16 31
17 31
19 31
21 31
2 32
13 32
15 32
18 32
21 32
26 32
0 33
1 33
3 33
5 33
8 33
9 33
10 33
11 33
17 33
18 33
19 33
23 33
24 33
26 33
0 34
1 34
2 34
5 34
11 34
13 34
14 34
15 34
20 34
21 34
22 34
23 34
25 34
3 35
6 35
13 35
14 35
16 35
22 35
25 35
26 35
27 35
28 35
29 35
31 35
32 35
34 35
0 36
2 36
3 36
4 36
19 36
20 36
21 36
26 36
28 36
29 36
34 36
2 37
3 37
5 37
11 37
15 37
20 37
21 37
22 37
29 37
30 37
31 37
32 37
0 38
2 38
4 38
7 38
8 38
13 38
14 38
19 38
20 38
21 38
23 38
25 38
29 38
32 38
33 38
1 39
4 39
6 39
8 39
12 39
16 39
17 39
19 39
22 39
26 39
27 39
29 39
1 40
5 40
21 40
23 40
25 40
28 40
30 40
3 41
5 41
6 41
8 41
10 41
13 41
14 41
15 41
19 41
21 41
24 41
32 41
2 42
3 42
4 42
7 42
10 42
11 42
15 42
18 42
20 42
22 42
24 42
26 42
28 42
30 42
31 42
3 43
5 43
7 43
8 43
10 43
12 43
16 43
19 43
21 43
22 43
27 43
33 43
34 43
7 44
8 44
9 44
10 44
11 44
12 44
19 44
27 44
33 44
34 44
1 45
2 45
3 45
9 45
10 45
16 45
21 45
28 45
32 45
33 45
1 46
3 46
4 46
10 46
11 46
15 46
17 46
18 46
20 46
29 46
34 46
0 47
2 47
8 47
12 47
15 47
19 47
20 47
21 47
25 47
26 47
28 47
29 47
30 47
33 47
2 48
4 48
8 48
10 48
11 48
12 48
13 48
14 48
16 48
17 48
22 48
29 48
33 48
34 48
37 48
38 48
41 48
42 48
43 48
0 49
1 49
2 49
3 49
4 49
5 49
7 49
9 49
10 49
12 49
17 49
20 49
21 49
23 49
24 49
27 49
28 49
29 49
30 49
34 49
35 49
36 49
39 49
42 49
47 49
0 50
2 50
4 50
6 50
8 50
9 50
13 50
16 50
17 50
25 50
26 50
27 50
28 50
31 50
38 50
40 50
41 50
45 50
46 50
1 51
2 51
6 51
8 51
10 51
11 51
12 51
15 51
18 51
20 51
21 51
22 51
23 51
24 51
25 51
27 51
33 51
34 51
35 51
36 51
37 51
41 51
43 51
45 51
46 51
0 52
5 52
6 52
14 52
16 52
17 52
19 52
22 52
26 52
30 52
32 52
40 52
46 52
2 53
3 53
4 53
5 53
6 53
7 53
8 53
9 53
11 53
15 53
16 53
18 53
19 53
23 53
26 53
31 53
32 53
35 53
37 53
39 53
40 53
43 53
47 53
50 53
51 53
0 54
2 54
3 54
7 54
10 54
11 54
12 54
15 54
17 54
18 54
20 54
26 54
28 54
29 54
37 54
38 54
40 54
41 54
42 54
43 54
49 54
50 54
2 55
4 55
7 55
10 55
11 55
15 55
17 55
20 55
21 55
22 55
23 55
24 55
28 55
31 55
32 55
33 55
35 55
36 55
38 55
40 55
45 55
46 55
47 55
0 56
1 56
3 56
4 56
6 56
7 56
13 56
18 56
19 56
23 56
30 56
31 56
36 56
37 56
41 56
44 56
45 56
46 56
52 56
1 57
3 57
6 57
7 57
10 57
13 57
14 57
15 57
16 57
23 57
24 57
27 57
28 57
32 57
36 57
40 57
41 57
42 57
43 57
48 57
50 57
52 57
0 58
4 58
5 58
7 58
11 58
22 58
23 58
26 58
30 58
33 58
37 58
39 58
43 58
48 58
51 58
52 58
2 59
3 59
4 59
9 59
10 59
15 59
17 59
20 59
22 59
24 59
32 59
34 59
36 59
37 59
42 59
43 59
46 59
48 59
49 59
51 59
0 60
4 60
5 60
12 60
13 60
14 60
15 60
16 60
20 60
24 60
25 60
30 60
32 60
35 60
38 60
39 60
40 60
41 60
42 60
47 60
48 60
49 60
51 60
0 61
1 61
5 61
7 61
9 61
11 61
14 61
19 61
23 61
27 61
29 61
30 61
32 61
36 61
38 61
41 61
42 61
43 61
44 61
46 61
47 61
49 61
52 61
1 62
2 62
11 62
13 62
17 62
22 62
23 62
24 62
25 62
27 62
28 62
31 62
35 62
36 62
39 62
41 62
43 62
44 62
48 62
53 62
54 62
57 62
59 62
61 62
0 63
1 63
3 63
4 63
9 63
10 63
11 63
12 63
15 63
18 63
19 63
20 63
23 63
30 63
31 63
32 63
33 63
37 63
38 63
42 63
43 63
44 63
47 63
51 63
54 63
56 63
57 63
58 63
59 63
60 63
61 63
8 64
9 64
10 64
13 64
14 64
17 64
18 64
20 64
23 64
27 64
28 64
31 64
34 64
35 64
36 64
46 64
48 64
49 64
53 64
54 64
3 65
4 65
8 65
12 65
13 65
14 65
15 65
16 65
17 65
18 65
21 65
23 65
29 65
30 65
31 65
38 65
39 65
41 65
42 65
44 65
48 65
57 65
1 66
2 66
5 66
7 66
10 66
12 66
17 66
18 66
23 66
24 66
25 66
28 66
29 66
30 66
32 66
35 66
37 66
38 66
41 66
48 66
50 66
53 66
57 66
58 66
59 66
5 67
8 67
9 67
10 67
13 67
14 67
18 67
19 67
22 67
23 67
27 67
32 67
33 67
34 67
37 67
46 67
47 67
48 67
49 67
50 67
60 67
61 67
3 68
5 68
10 68
14 68
15 68
17 68
19 68
21 68
23 68
25 68
26 68
29 68
31 68
35 68
36 68
37 68
39 68
43 68
48 68
49 68
54 68
56 68
60 68
2 69
3 69
4 69
10 69
11 69
12 69
15 69
17 69
23 69
25 69
26 69
28 69
29 69
30 69
31 69
36 69
38 69
41 69
44 69
49 69
51 69
53 69
54 69
55 69
58 69
59 69
1 70
2 70
8 70
9 70
10 70
14 70
17 70
19 70
23 70
29 70
36 70
37 70
39 70
42 70
44 70
45 70
48 70
50 70
52 70
53 70
54 70
55 70
56 70
58 70
60 70
61 70
2 71
3 71
5 71
7 71
10 71
12 71
14 71
15 71
19 71
21 71
27 71
33 71
37 71
38 71
39 71
41 71
43 71
45 71
52 71
55 71
56 71
57 71
58 71
60 71
3 72
4 72
9 72
13 72
14 72
18 72
22 72
29 72
31 72
35 72
40 72
41 72
42 72
43 72
44 72
45 72
50 72
51 72
52 72
56 72
57 72
3 73
5 73
6 73
7 73
10 73
13 73
17 73
18 73
19 73
20 73
21 73
23 73
24 73
26 73
28 73
33 73
37 73
38 73
42 73
43 73
49 73
50 73
54 73
56 73
57 73
58 73
59 73
60 73
1 74
2 74
5 74
7 74
10 74
18 74
27 74
29 74
30 74
33 74
36 74
37 74
38 74
42 74
43 74
45 74
46 74
51 74
56 74
57 74
62 74
67 74
68 74
71 74
73 74
1 75
2 75
3 75
4 75
5 75
6 75
15 75
16 75
22 75
26 75
29 75
30 75
31 75
32 75
33 75
36 75
37 75
43 75
44 75
45 75
47 75
51 75
62 75
71 75
1 76
3 76
7 76
9 76
13 76
15 76
16 76
17 76
25 76
26 76
27 76
28 76
29 76
31 76
32 76
35 76
36 76
37 76
39 76
40 76
43 76
44 76
49 76
50 76
52 76
53 76
56 76
59 76
64 76
65 76
67 76
69 76
70 76
73 76
0 77
2 77
10 77
14 77
15 77
19 77
21 77
27 77
29 77
31 77
36 77
37 77
40 77
45 77
47 77
49 77
52 77
53 77
55 77
56 77
61 77
67 77
68 77
70 77
71 77
1 78
2 78
4 78
11 78
13 78
15 78
20 78
25 78
26 78
27 78
28 78
29 78
33 78
36 78
38 78
39 78
40 78
41 78
44 78
48 78
52 78
56 78
58 78
64 78
65 78
68 78
69 78
71 78
72 78
0 79
4 79
5 79
6 79
7 79
8 79
10 79
15 79
18 79
22 79
23 79
25 79
32 79
38 79
39 79
42 79
44 79
45 79
46 79
51 79
53 79
54 79
58 79
59 79
60 79
63 79
66 79
68 79
73 79
0 80
3 80
5 80
8 80
9 80
11 80
12 80
16 80
20 80
22 80
33 80
38 80
39 80
41 80
44 80
45 80
49 80
51 80
53 80
54 80
57 80
58 80
61 80
62 80
64 80
65 80
67 80
68 80
70 80
72 80
1 81
6 81
7 81
8 81
11 81
12 81
13 81
14 81
17 81
23 81
24 81
32 81
34 81
40 81
41 81
42 81
52 81
54 81
57 81
58 81
61 81
62 81
67 81
69 81
70 81
0 82
1 82
2 82
3 82
4 82
12 82
16 82
18 82
23 82
25 82
29 82
32 82
38 82
40 82
42 82
43 82
45 82
50 82
51 82
52 82
54 82
55 82
56 82
59 82
60 82
62 82
71 82
6 83
8 83
11 83
12 83
19 83
21 83
22 83
27 83
28 83
29 83
30 83
32 83
33 83
37 83
38 83
42 83
48 83
49 83
52 83
55 83
61 83
63 83
64 83
65 83
67 83
70 83
71 83
73 83
2 84
4 84
12 84
13 84
14 84
17 84
18 84
24 84
25 84
31 84
34 84
36 84
37 84
38 84
39 84
40 84
43 84
44 84
46 84
48 84
52 84
53 84
55 84
58 84
59 84
60 84
62 84
64 84
68 84
2 85
5 85
14 85
16 85
17 85
18 85
19 85
22 85
24 85
31 85
35 85
37 85
40 85
44 85
46 85
49 85
51 85
52 85
53 85
58 85
61 85
62 85
63 85
67 85
72 85
6 86
7 86
9 86
18 86
35 86
36 86
37 86
41 86
44 86
46 86
47 86
49 86
50 86
51 86
53 86
54 86
58 86
60 86
62 86
66 86
67 86
68 86
69 86
1 87
4 87
5 87
7 87
10 87
12 87
16 87
19 87
21 87
25 87
27 87
35 87
36 87
37 87
38 87
42 87
44 87
45 87
47 87
54 87
56 87
67 87
70 87
72 87
82 87
0 88
8 88
9 88
11 88
13 88
15 88
16 88
17 88
18 88
20 88
21 88
29 88
30 88
31 88
35 88
36 88
39 88
41 88
51 88
52 88
57 88
60 88
65 88
69 88
71 88
72 88
73 88
75 88
76 88
79 88
84 88
5 89
13 89
15 89
17 89
19 89
21 89
23 89
27 89
29 89
33 89
38 89
40 89
47 89
49 89
50 89
54 89
57 89
58 89
59 89
60 89
62 89
65 89
67 89
68 89
69 89
70 89
71 89
73 89
75 89
77 89
78 89
82 89
83 89
0 90
4 90
5 90
10 90
15 90
17 90
18 90
20 90
24 90
27 90
32 90
33 90
35 90
36 90
37 90
40 90
41 90
44 90
45 90
46 90
48 90
52 90
55 90
56 90
59 90
63 90
65 90
68 90
73 90
78 90
79 90
86 90
0 91
1 91
6 91
10 91
11 91
13 91
14 91
16 91
18 91
28 91
33 91
34 91
37 91
39 91
40 91
44 91
47 91
49 91
51 91
52 91
55 91
56 91
58 91
59 91
60 91
65 91
66 91
67 91
69 91
77 91
78 91
83 91
84 91
85 91
86 91
0 92
1 92
2 92
3 92
9 92
12 92
14 92
15 92
22 92
23 92
29 92
32 92
36 92
40 92
50 92
54 92
57 92
58 92
59 92
60 92
64 92
65 92
66 92
69 92
70 92
73 92
74 92
78 92
83 92
0 93
4 93
5 93
10 93
17 93
20 93
23 93
24 93
26 93
28 93
29 93
32 93
34 93
35 93
36 93
40 93
42 93
43 93
44 93
45 93
47 93
51 93
52 93
57 93
63 93
65 93
66 93
69 93
70 93
73 93
74 93
84 93
0 94
3 94
4 94
5 94
6 94
7 94
8 94
9 94
10 94
11 94
17 94
19 94
20 94
22 94
24 94
25 94
30 94
31 94
34 94
39 94
42 94
43 94
44 94
46 94
47 94
49 94
50 94
59 94
65 94
71 94
73 94
77 94
78 94
80 94
81 94
82 94
1 95
2 95
3 95
5 95
6 95
7 95
14 95
15 95
16 95
18 95
21 95
24 95
26 95
27 95
30 95
31 95
34 95
40 95
44 95
46 95
47 95
49 95
50 95
55 95
61 95
62 95
66 95
68 95
69 95
72 95
73 95
76 95
80 95
85 95
1 96
3 96
5 96
8 96
9 96
11 96
12 96
15 96
23 96
24 96
30 96
31 96
32 96
34 96
35 96
44 96
48 96
51 96
52 96
61 96
63 96
66 96
67 96
68 96
73 96
77 96
80 96
81 96
82 96
83 96
0 97
2 97
4 97
5 97
8 97
9 97
11 97
12 97
13 97
17 97
24 97
29 97
33 97
49 97
53 97
55 97
58 97
59 97
60 97
63 97
65 97
69 97
71 97
73 97
74 97
76 97
78 97
79 97
2 98
4 98
7 98
8 98
9 98
11 98
12 98
14 98
20 98
23 98
25 98
29 98
31 98
32 98
38 98
42 98
43 98
44 98
48 98
53 98
57 98
60 98
62 98
68 98
70 98
71 98
75 98
77 98
81 98
82 98
84 98
0 99
4 99
7 99
9 99
10 99
18 99
20 99
23 99
24 99
28 99
31 99
32 99
33 99
36 99
37 99
40 99
47 99
48 99
50 99
51 99
53 99
57 99
59 99
60 99
64 99
66 99
67 99
69 99
71 99
72 99
73 99
74 99
75 99
81 99
82 99
84 99
85 99
