100 960 4
1 7 4 3 6 3 1 3 6 3 17 2 10 6 3 4 2 2 1 18 6 3 7 14 10 1 4 1 5 6 1 4 12 2 3 8 2 1 3 20 2 3 8 21 23 2 1 5 8 3 1 1 3 9 4 2 13 7 3 4 1 3 4 4 1 1 2 7 9 23 3 3 5 2 4 4 4 5 14 3 7 3 1 1 2 4 11 3 2 7 5 8 1 10 4 17 2 26 22 15
1 3
0 4
1 4
2 5
4 6
2 7
1 8
5 8
2 9
5 9
6 9
1 10
6 10
8 10
4 11
10 11
0 12
1 12
6 12
7 12
1 13
9 13
11 13
0 14
3 14
7 14
9 14
11 14
0 15
6 15
4 16
10 16
15 16
1 17
10 17
15 17
4 18
11 18
12 18
13 18
16 18
0 19
2 19
3 19
10 19
0 20
1 20
4 20
13 20
1 21
8 21
15 21
18 21
2 22
7 22
10 22
12 22
13 22
5 23
13 23
16 23
21 23
1 24
4 24
6 24
8 24
9 24
14 24
17 24
18 24
20 24
23 24
4 25
18 25
24 25
3 26
9 26
16 26
18 26
25 26
6 27
14 27
19 27
20 27
23 27
24 27
3 28
9 28
15 28
19 28
22 28
24 28
25 28
6 29
7 29
12 29
13 29
28 29
4 30
6 30
7 30
8 30
11 30
22 30
23 30
2 31
15 31
19 31
25 31
26 31
4 32
7 32
11 32
6 33
9 33
29 33
3 34
4 34
11 34
13 34
16 34
22 34
30 34
4 35
6 35
9 35
10 35
23 35
24 35
28 35
30 35
31 35
0 36
1 36
11 36
16 36
23 36
29 36
30 36
31 36
2 37
4 37
9 37
20 37
35 37
11 38
18 38
25 38
26 38
6 39
9 39
10 39
19 39
27 39
21 40
25 40
33 40
34 40
37 40
2 41
6 41
8 41
10 41
13 41
17 41
25 41
36 41
38 41
3 42
4 42
25 42
38 42
39 42
0 43
2 43
5 43
9 43
10 43
17 43
19 43
23 43
32 43
35 43
36 43
38 43
40 43
42 43
3 44
6 44
14 44
23 44
27 44
32 44
40 44
42 44
43 44
16 45
17 45
27 45
39 45
40 45
43 45
6 46
8 46
19 46
21 46
32 46
34 46
45 46
2 47
7 47
8 47
9 47
13 47
19 47
22 47
25 47
40 47
44 47
2 48
12 48
14 48
20 48
43 48
1 49
20 49
22 49
23 49
32 49
4 50
6 50
11 50
12 50
13 50
18 50
21 50
22 50
32 50
35 50
37 50
38 50
41 50
47 50
15 51
16 51
23 51
28 51
48 51
7 52
8 52
9 52
14 52
15 52
18 52
26 52
35 52
36 52
37 52
39 52
40 52
45 52
46 52
48 52
50 52
51 52
2 53
6 53
8 53
22 53
24 53
30 53
43 53
47 53
1 54
3 54
4 54
10 54
15 54
18 54
23 54
27 54
39 54
40 54
41 54
50 54
1 55
9 55
11 55
12 55
22 55
33 55
35 55
38 55
41 55
45 55
50 55
2 56
7 56
8 56
11 56
14 56
24 56
32 56
33 56
34 56
36 56
37 56
46 56
47 56
51 56
0 57
6 57
8 57
22 57
26 57
30 57
36 57
40 57
41 57
52 57
54 57
12 58
13 58
27 58
28 58
30 58
31 58
49 58
54 58
57 58
2 59
17 59
20 59
21 59
25 59
26 59
27 59
28 59
36 59
37 59
40 59
41 59
42 59
44 59
46 59
55 59
56 59
57 59
0 60
13 60
16 60
19 60
20 60
27 60
30 60
31 60
38 60
39 60
46 60
51 60
55 60
58 60
0 61
7 61
9 61
13 61
16 61
20 61
25 61
27 61
31 61
34 61
35 61
46 61
50 61
2 62
5 62
6 62
7 62
8 62
9 62
16 62
27 62
32 62
39 62
42 62
61 62
21 63
23 63
24 63
39 63
40 63
56 63
57 63
61 63
0 64
2 64
4 64
7 64
13 64
15 64
20 64
30 64
35 64
43 64
47 64
55 64
61 64
62 64
0 65
1 65
4 65
19 65
28 65
32 65
39 65
46 65
61 65
3 66
8 66
12 66
22 66
24 66
25 66
26 66
27 66
31 66
35 66
40 66
41 66
43 66
57 66
64 66
1 67
6 67
19 67
22 67
23 67
34 67
36 67
38 67
59 67
66 67
0 68
10 68
13 68
17 68
23 68
26 68
33 68
35 68
46 68
50 68
56 68
59 68
1 69
5 69
17 69
20 69
21 69
26 69
29 69
30 69
36 69
38 69
39 69
45 69
49 69
55 69
57 69
63 69
65 69
3 70
7 70
13 70
16 70
27 70
30 70
32 70
33 70
36 70
49 70
53 70
64 70
69 70
0 71
7 71
9 71
16 71
18 71
30 71
39 71
45 71
48 71
51 71
60 71
70 71
0 72
5 72
6 72
16 72
28 72
31 72
36 72
41 72
47 72
49 72
55 72
66 72
67 72
4 73
8 73
14 73
19 73
21 73
28 73
30 73
31 73
34 73
42 73
48 73
49 73
57 73
64 73
5 74
10 74
20 74
25 74
46 74
65 74
67 74
68 74
73 74
8 75
16 75
18 75
25 75
27 75
28 75
31 75
35 75
38 75
51 75
55 75
56 75
61 75
72 75
74 75
4 76
5 76
12 76
14 76
20 76
21 76
31 76
41 76
50 76
53 76
62 76
63 76
70 76
73 76
1 77
6 77
7 77
10 77
16 77
23 77
33 77
47 77
55 77
67 77
73 77
76 77
4 78
11 78
15 78
17 78
29 78
38 78
45 78
53 78
66 78
69 78
72 78
75 78
0 79
1 79
2 79
5 79
11 79
15 79
19 79
28 79
32 79
33 79
42 79
45 79
46 79
47 79
56 79
59 79
65 79
77 79
9 80
12 80
14 80
15 80
16 80
21 80
28 80
36 80
38 80
60 80
65 80
69 80
71 80
72 80
77 80
2 81
5 81
6 81
7 81
10 81
17 81
20 81
29 81
33 81
34 81
35 81
43 81
45 81
46 81
47 81
50 81
53 81
62 81
76 81
80 81
15 82
22 82
29 82
37 82
48 82
53 82
54 82
63 82
64 82
65 82
66 82
67 82
68 82
73 82
76 82
80 82
1 83
6 83
7 83
11 83
12 83
15 83
21 83
25 83
50 83
53 83
55 83
59 83
63 83
67 83
69 83
70 83
73 83
77 83
79 83
5 84
9 84
17 84
20 84
22 84
34 84
36 84
37 84
38 84
39 84
41 84
48 84
50 84
55 84
68 84
69 84
70 84
73 84
74 84
77 84
80 84
1 85
2 85
3 85
13 85
19 85
34 85
42 85
46 85
49 85
56 85
71 85
76 85
81 85
82 85
0 86
9 86
16 86
24 86
30 86
48 86
52 86
53 86
54 86
56 86
57 86
63 86
64 86
66 86
68 86
72 86
73 86
74 86
5 87
6 87
22 87
24 87
26 87
33 87
38 87
40 87
52 87
56 87
62 87
68 87
77 87
79 87
81 87
84 87
85 87
86 87
4 88
9 88
12 88
16 88
17 88
19 88
26 88
28 88
38 88
40 88
47 88
56 88
58 88
62 88
64 88
75 88
76 88
83 88
84 88
7 89
8 89
12 89
19 89
36 89
37 89
50 89
60 89
63 89
64 89
70 89
73 89
74 89
79 89
80 89
86 89
4 90
8 90
9 90
11 90
12 90
21 90
25 90
28 90
30 90
33 90
34 90
40 90
41 90
53 90
60 90
68 90
70 90
73 90
78 90
82 90
84 90
86 90
87 90
88 90
2 91
8 91
13 91
21 91
22 91
29 91
31 91
34 91
39 91
40 91
56 91
74 91
79 91
86 91
5 92
6 92
12 92
15 92
18 92
35 92
40 92
49 92
56 92
58 92
65 92
73 92
75 92
80 92
81 92
84 92
88 92
89 92
0 93
1 93
3 93
12 93
13 93
16 93
20 93
23 93
35 93
38 93
42 93
43 93
66 93
70 93
73 93
78 93
86 93
87 93
2 94
4 94
13 94
14 94
18 94
20 94
21 94
31 94
38 94
44 94
45 94
46 94
49 94
53 94
63 94
69 94
81 94
84 94
92 94
15 95
19 95
21 95
30 95
36 95
37 95
38 95
44 95
45 95
49 95
53 95
57 95
63 95
74 95
75 95
86 95
15 96
24 96
40 96
41 96
42 96
49 96
50 96
54 96
57 96
62 96
64 96
66 96
70 96
74 96
85 96
1 97
12 97
20 97
21 97
24 97
25 97
28 97
33 97
36 97
38 97
43 97
44 97
53 97
56 97
59 97
60 97
64 97
69 97
70 97
86 97
93 97
95 97
2 98
12 98
15 98
16 98
17 98
24 98
32 98
34 98
48 98
60 98
62 98
63 98
65 98
93 98
1 99
7 99
27 99
33 99
34 99
35 99
36 99
39 99
45 99
49 99
52 99
60 99
67 99
68 99
69 99
77 99
79 99
80 99
85 99
89 99
