100 831 4
7 6 20 10 10 7 10 13 2 5 4 7 4 5 8 16 7 2 17 2 5 4 5 6 10 4 18 2 10 4 7 7 19 2 3 2 15 7 8 9 16 2 8 8 3 6 12 3 8 8 19 8 14 2 16 7 6 14 1 3 3 10 17 6 15 17 8 3 4 5 19 7 17 6 10 4 8 19 2 15 20 6 2 3 7 14 5 17 1 7 2 2 16 3 19 6 9 3 1 3
0 2
0 4
1 5
3 5
4 5
2 6
3 6
5 6
2 7
1 9
5 9
6 9
7 9
0 10
5 10
8 10
2 11
8 11
11 12
1 13
2 13
10 13
1 14
4 14
6 14
4 15
4 16
8 16
12 16
7 17
8 17
9 17
14 17
3 18
5 18
7 18
10 18
5 19
18 19
5 20
2 21
4 21
6 22
14 22
16 22
5 23
7 23
12 23
13 23
22 23
1 24
7 24
17 24
18 24
21 24
4 25
5 25
7 25
10 25
16 25
22 25
24 25
6 26
12 26
19 26
0 27
7 27
11 27
16 27
19 27
21 27
22 27
18 28
20 28
21 28
26 28
14 29
15 29
18 29
19 29
21 29
25 29
28 29
5 30
11 30
14 30
17 30
11 31
18 31
25 31
2 32
17 32
21 32
22 32
24 32
25 32
0 33
2 33
3 33
4 33
18 33
20 33
25 33
1 34
4 34
13 34
23 34
29 34
33 34
2 35
16 35
19 35
0 36
11 36
15 36
16 36
18 36
31 36
35 36
0 37
1 37
3 37
8 37
28 37
30 37
31 37
36 37
8 38
17 38
25 38
28 38
31 38
1 39
6 39
11 39
15 39
19 39
28 39
32 39
6 40
14 40
19 40
31 40
32 40
37 40
0 41
4 41
20 41
26 41
29 41
37 41
39 41
0 42
2 42
7 42
18 42
19 42
21 42
22 42
23 42
29 42
13 43
18 43
24 43
29 43
36 43
41 43
3 44
12 44
16 44
19 44
22 44
27 44
31 44
34 44
35 44
38 44
41 44
1 45
6 45
11 45
14 45
32 45
37 45
38 45
16 46
24 46
29 46
36 46
42 46
43 46
44 46
0 47
3 47
5 47
7 47
8 47
9 47
11 47
27 47
38 47
16 48
25 48
30 48
37 48
40 48
0 49
1 49
18 49
20 49
28 49
35 49
46 49
2 50
8 50
22 50
25 50
34 50
42 50
44 50
3 51
8 51
20 51
22 51
24 51
25 51
33 51
36 51
37 51
44 51
46 51
6 52
22 52
31 52
41 52
44 52
46 52
49 52
50 52
51 52
3 53
4 53
6 53
8 53
27 53
28 53
36 53
40 53
48 53
1 54
2 54
5 54
8 54
14 54
22 54
24 54
30 54
34 54
35 54
42 54
45 54
47 54
11 55
14 55
15 55
16 55
18 55
25 55
26 55
29 55
32 55
33 55
41 55
42 55
44 55
46 55
52 55
3 56
16 56
20 56
22 56
24 56
29 56
32 56
40 56
43 56
46 56
53 56
1 57
18 57
29 57
32 57
33 57
42 57
43 57
47 57
0 58
6 58
10 58
20 58
27 58
33 58
36 58
37 58
51 58
53 58
4 59
9 59
12 59
13 59
21 59
33 59
36 59
47 59
50 59
3 60
16 60
23 60
29 60
35 60
38 60
43 60
44 60
47 60
11 61
19 61
31 61
36 61
40 61
44 61
52 61
60 61
7 62
10 62
15 62
26 62
28 62
40 62
45 62
46 62
58 62
61 62
0 63
7 63
17 63
19 63
21 63
44 63
50 63
56 63
5 64
6 64
8 64
11 64
15 64
16 64
21 64
22 64
28 64
57 64
0 65
8 65
10 65
13 65
35 65
37 65
41 65
49 65
50 65
52 65
54 65
62 65
17 66
35 66
40 66
42 66
44 66
55 66
57 66
65 66
4 67
9 67
23 67
24 67
27 67
45 67
56 67
61 67
62 67
5 68
7 68
14 68
18 68
23 68
26 68
33 68
45 68
61 68
64 68
3 69
5 69
12 69
17 69
22 69
25 69
29 69
35 69
47 69
48 69
51 69
53 69
6 70
11 70
19 70
23 70
37 70
40 70
44 70
56 70
61 70
64 70
69 70
25 71
46 71
48 71
61 71
62 71
65 71
70 71
5 72
8 72
18 72
23 72
29 72
30 72
42 72
45 72
56 72
57 72
70 72
71 72
12 73
25 73
30 73
32 73
36 73
37 73
40 73
48 73
55 73
57 73
62 73
65 73
4 74
8 74
28 74
47 74
49 74
50 74
52 74
63 74
64 74
67 74
70 74
2 75
5 75
13 75
22 75
25 75
28 75
29 75
45 75
56 75
69 75
8 76
13 76
16 76
24 76
36 76
40 76
42 76
43 76
50 76
51 76
57 76
63 76
64 76
69 76
72 76
74 76
75 76
0 77
4 77
9 77
18 77
21 77
27 77
31 77
44 77
51 77
52 77
72 77
75 77
9 78
11 78
17 78
24 78
25 78
31 78
32 78
35 78
38 78
39 78
40 78
41 78
42 78
65 78
67 78
68 78
76 78
3 79
6 79
25 79
43 79
52 79
58 79
68 79
77 79
78 79
3 80
4 80
5 80
7 80
8 80
20 80
26 80
36 80
39 80
42 80
49 80
51 80
53 80
58 80
74 80
19 81
22 81
29 81
33 81
35 81
38 81
41 81
48 81
56 81
67 81
70 81
71 81
75 81
77 81
79 81
1 82
8 82
14 82
27 82
31 82
32 82
34 82
36 82
37 82
42 82
44 82
48 82
69 82
6 83
20 83
25 83
26 83
28 83
38 83
42 83
46 83
48 83
50 83
59 83
67 83
73 83
4 84
8 84
17 84
33 84
37 84
76 84
77 84
6 85
23 85
25 85
26 85
29 85
32 85
34 85
35 85
43 85
45 85
48 85
49 85
56 85
59 85
61 85
62 85
65 85
70 85
83 85
10 86
41 86
55 86
58 86
59 86
67 86
75 86
76 86
77 86
2 87
4 87
6 87
7 87
13 87
18 87
19 87
20 87
25 87
33 87
35 87
51 87
69 87
70 87
71 87
78 87
83 87
84 87
4 88
27 88
33 88
34 88
36 88
55 88
56 88
58 88
64 88
67 88
70 88
73 88
84 88
0 89
1 89
3 89
5 89
6 89
13 89
19 89
25 89
32 89
52 89
57 89
63 89
65 89
66 89
67 89
68 89
79 89
80 89
81 89
10 90
20 90
25 90
27 90
31 90
32 90
34 90
35 90
41 90
42 90
43 90
68 90
69 90
76 90
80 90
82 90
83 90
1 91
14 91
29 91
34 91
45 91
53 91
59 91
66 91
67 91
71 91
73 91
78 91
79 91
81 91
87 91
4 92
5 92
12 92
15 92
37 92
38 92
45 92
46 92
50 92
52 92
54 92
65 92
69 92
70 92
72 92
74 92
76 92
82 92
5 93
13 93
14 93
19 93
21 93
24 93
31 93
36 93
51 93
54 93
61 93
73 93
75 93
81 93
89 93
92 93
4 94
8 94
20 94
34 94
43 94
44 94
45 94
52 94
57 94
60 94
76 94
82 94
3 95
8 95
10 95
15 95
23 95
26 95
42 95
55 95
57 95
60 95
61 95
62 95
67 95
69 95
75 95
83 95
88 95
91 95
93 95
25 96
28 96
34 96
37 96
43 96
54 96
56 96
68 96
69 96
72 96
79 96
95 96
4 97
5 97
11 97
18 97
39 97
40 97
48 97
78 97
79 97
81 97
88 97
90 97
92 97
5 98
7 98
11 98
13 98
15 98
16 98
21 98
22 98
23 98
24 98
25 98
29 98
32 98
34 98
39 98
40 98
45 98
59 98
78 98
80 98
84 98
85 98
92 98
2 99
17 99
20 99
23 99
31 99
63 99
64 99
66 99
68 99
76 99
82 99
85 99
86 99
91 99
96 99
97 99
