100 522 4
7 5 13 2 14 8 18 2 10 10 20 17 4 7 9 20 2 2 10 9 1 7 9 1 3 8 8 5 4 10 4 10 4 2 9 4 3 4 6 4 8 7 1 2 19 10 2 15 5 18 7 3 3 11 4 2 1 2 3 5 4 5 8 3 3 2 18 3 9 15 2 1 17 6 3 7 9 4 7 6 9 14 18 4 5 14 7 8 3 10 5 1 7 9 7 16 6 2 9 9
10 11
1 12
7 12
4 13
10 13
3 14
0 15
3 15
5 15
10 15
4 16
2 17
3 17
4 17
9 17
8 18
7 20
0 21
3 21
5 22
9 22
0 23
13 23
15 23
18 23
21 23
8 24
9 24
10 24
19 24
4 25
11 25
15 25
19 26
2 28
10 28
17 28
9 29
19 29
0 30
3 30
11 30
27 30
16 31
1 32
4 32
14 32
17 32
0 33
6 33
15 33
21 33
22 33
11 34
17 34
20 34
21 34
24 34
4 35
7 35
12 35
14 35
16 35
17 35
23 35
24 35
11 36
19 36
0 37
25 37
10 38
20 38
24 38
0 39
9 39
1 40
3 40
5 40
14 40
16 40
19 40
25 40
11 41
26 41
0 42
8 42
13 42
26 42
22 43
25 43
29 43
32 43
41 43
1 44
10 44
11 44
17 44
18 44
24 44
1 45
5 45
9 45
35 45
37 45
39 45
2 46
18 46
22 46
25 46
2 47
6 47
10 47
19 47
25 47
30 47
32 47
2 48
5 48
22 48
41 48
45 48
7 49
9 49
21 49
23 49
32 49
45 49
46 49
12 50
26 50
43 50
5 51
10 51
21 51
26 51
30 51
1 52
6 52
12 52
14 52
22 53
23 53
28 53
29 53
31 53
32 53
36 53
37 53
46 53
17 54
25 54
26 54
28 54
30 54
37 54
42 54
45 54
18 55
38 55
4 56
20 56
46 56
26 57
39 57
8 58
14 58
33 58
47 58
5 59
8 59
27 59
34 59
46 59
3 60
14 60
29 60
43 60
3 61
7 61
30 61
35 61
39 61
45 61
2 62
4 62
5 62
11 62
21 62
46 62
0 63
3 63
22 63
29 63
36 63
42 63
47 63
6 64
23 64
26 64
27 64
28 64
29 64
44 64
45 64
47 64
53 64
63 64
12 65
18 65
25 65
43 65
1 66
5 66
9 66
15 66
18 66
19 66
27 66
40 66
44 66
53 66
57 66
7 67
8 67
28 67
40 67
52 67
55 67
60 67
0 68
3 68
12 68
18 68
21 68
25 68
41 68
56 68
59 68
12 69
13 69
52 69
7 70
16 70
18 70
38 70
47 70
56 70
60 70
15 71
25 71
28 71
40 71
41 71
59 71
60 71
4 72
14 72
21 72
39 72
40 72
48 72
49 72
54 72
56 72
58 72
60 72
11 73
29 73
35 73
38 73
47 73
69 73
12 74
24 74
28 74
32 74
36 74
38 74
45 74
61 74
67 74
19 75
24 75
29 75
33 75
62 75
64 75
0 76
8 76
9 76
22 76
28 76
52 76
54 76
59 76
61 76
64 76
0 77
12 77
16 77
18 77
36 77
47 77
64 77
4 78
9 78
19 78
30 78
33 78
52 78
56 78
58 78
63 78
2 79
21 79
23 79
68 79
1 80
10 80
54 80
61 80
65 80
66 80
4 81
12 81
20 81
23 81
36 81
40 81
53 81
57 81
58 81
63 81
2 82
19 82
24 82
31 82
37 82
40 82
43 82
46 82
47 82
57 82
62 82
69 82
78 82
4 83
6 83
23 83
37 83
44 83
46 83
72 83
74 83
80 83
10 84
11 84
28 84
38 84
43 84
60 84
68 84
71 84
6 85
22 85
37 85
47 85
52 85
54 85
70 85
6 86
28 86
43 86
47 86
51 86
74 86
80 86
3 87
10 87
15 87
19 87
36 87
37 87
42 87
43 87
75 87
2 88
15 88
16 88
23 88
26 88
48 88
51 88
54 88
61 88
71 88
73 88
74 88
80 88
27 89
29 89
30 89
44 89
49 89
61 89
76 89
1 90
3 90
12 90
15 90
20 90
26 90
29 90
34 90
44 90
47 90
48 90
59 90
63 90
70 90
73 90
0 91
1 91
2 91
4 91
8 91
27 91
31 91
44 91
52 91
60 91
62 91
71 91
72 91
77 91
89 91
90 91
10 92
20 92
31 92
36 92
40 92
51 92
58 92
62 92
69 92
83 92
9 93
13 93
17 93
18 93
20 93
22 93
33 93
36 93
39 93
43 93
48 93
61 93
62 93
69 93
76 93
1 94
10 94
42 94
66 94
81 94
83 94
87 94
19 95
27 95
28 95
40 95
47 95
48 95
51 95
54 95
59 95
62 95
73 95
77 95
79 95
84 95
87 95
14 96
55 96
84 96
85 96
87 96
1 97
21 97
31 97
42 97
54 97
61 97
63 97
68 97
70 97
74 97
81 97
89 97
13 98
14 98
19 98
46 98
68 98
72 98
78 98
81 98
88 98
2 99
11 99
21 99
25 99
28 99
32 99
33 99
39 99
54 99
69 99
83 99
87 99
