100 391 4
6 5 7 4 12 5 6 11 7 14 5 5 6 15 7 19 6 15 11 6 11 6 6 12 5 6 5 7 4 5 5 16 6 15 11 7 4 6 4 4 5 9 10 3 5 4 11 13 6 12 6 5 9 13 6 11 10 8 11 10 7 6 7 9 5 9 6 6 13 14 9 8 19 14 4 7 8 7 6 14 14 11 6 5 5 6 5 14 9 8 5 15 5 11 7 11 4 4 5 12
0 5
2 6
5 7
1 8
0 9
9 12
1 13
5 13
9 14
7 15
6 16
15 17
16 17
7 18
0 19
4 19
13 19
6 20
12 21
14 21
1 22
13 22
6 23
7 23
10 23
16 23
12 24
2 26
11 26
13 26
6 27
20 27
26 27
15 28
18 28
4 29
0 31
7 31
4 32
10 32
19 32
25 32
2 33
27 33
1 35
3 35
10 35
13 35
31 35
25 36
10 37
14 37
0 38
5 38
20 38
33 38
8 39
37 39
9 40
12 40
14 40
15 40
5 41
27 41
26 42
4 43
10 43
12 43
4 44
11 44
38 44
1 45
26 45
28 45
0 47
5 47
9 47
24 47
3 48
5 48
17 48
32 48
33 48
1 49
3 49
7 49
23 49
42 49
20 50
25 50
23 51
42 51
3 52
47 52
2 53
29 53
38 53
45 53
52 53
42 54
48 54
3 55
14 55
24 55
19 56
42 56
46 56
28 57
8 58
20 58
30 58
44 58
49 58
52 58
55 58
57 58
6 59
20 59
22 59
25 59
33 59
51 59
55 59
56 59
57 59
20 60
24 60
39 60
50 60
3 61
10 61
19 61
28 61
37 61
38 61
47 61
55 61
22 62
33 62
61 62
3 63
5 63
9 63
17 63
60 63
61 63
4 64
11 64
19 64
20 64
24 64
38 64
54 64
27 65
32 65
43 65
3 66
9 66
19 66
20 66
36 66
40 66
48 66
52 66
28 67
32 67
33 67
48 67
55 67
6 68
23 68
25 68
28 68
34 68
43 68
46 68
54 68
65 68
67 68
20 69
26 69
27 69
28 69
65 69
3 70
16 70
19 70
38 70
40 70
51 70
57 70
61 70
67 70
15 71
19 71
29 71
32 71
47 71
61 71
65 71
66 71
10 72
14 72
34 72
35 72
42 72
44 72
48 72
54 72
4 73
6 73
24 73
27 73
30 73
63 73
66 73
11 74
20 74
28 74
31 74
47 74
68 74
5 75
23 75
31 75
44 75
72 75
0 76
2 76
4 76
11 76
18 76
23 76
70 76
15 77
47 77
52 77
66 77
71 77
3 78
13 78
30 78
38 78
55 78
62 78
16 79
20 80
59 80
7 81
12 81
16 81
21 81
70 81
8 82
14 82
22 82
29 82
33 82
40 82
62 82
71 82
74 82
78 82
12 83
17 83
25 83
28 83
51 83
54 83
81 83
27 84
38 84
60 84
68 84
77 84
13 85
26 85
27 85
30 85
33 85
52 85
58 85
67 85
71 85
72 85
79 85
21 86
34 86
78 86
5 87
11 87
17 87
19 87
30 87
39 87
45 87
49 87
56 87
65 87
70 87
18 88
40 88
56 88
69 88
22 89
33 89
36 89
63 89
74 89
75 89
77 89
5 90
17 90
37 90
38 90
59 90
72 90
73 90
74 90
78 90
84 90
4 91
5 91
10 91
12 91
23 91
33 91
49 91
61 91
77 91
85 91
6 92
8 92
18 92
39 92
55 92
7 93
9 93
13 93
14 93
19 93
27 94
43 94
60 94
66 94
89 94
18 95
32 95
84 95
3 96
31 96
33 96
39 96
51 96
63 96
69 96
72 96
82 96
2 97
5 97
13 97
19 97
38 97
39 97
62 97
68 97
71 97
75 97
77 97
79 97
3 98
13 98
24 98
30 98
37 98
47 98
68 98
73 98
79 98
3 99
4 99
7 99
25 99
33 99
38 99
44 99
51 99
62 99
72 99
84 99
93 99
