100 717 4
10 5 11 7 7 5 8 10 3 10 10 5 13 5 11 13 6 13 6 6 7 5 5 9 5 15 16 6 5 10 7 12 10 14 15 6 6 6 7 13 13 6 4 5 7 11 6 9 10 7 16 5 6 4 6 6 5 6 6 5 10 9 7 6 8 9 10 10 6 11 7 5 10 10 5 3 7 12 13 17 12 5 13 7 8 7 9 11 7 5 6 6 6 3 7 5 5 5 7 10
0 3
2 6
3 6
0 7
5 8
4 10
0 11
1 11
4 11
3 13
4 14
6 14
12 14
8 15
0 16
11 16
12 16
3 17
12 17
6 18
15 18
2 19
14 19
17 19
1 20
4 20
8 20
11 20
2 21
6 21
16 21
4 22
6 22
8 23
9 23
18 23
8 24
12 24
13 24
16 24
18 24
8 25
11 25
18 25
23 25
0 26
4 26
6 26
25 26
9 27
12 27
15 27
23 27
0 28
13 28
17 28
12 29
16 29
22 29
28 29
9 30
14 30
21 30
28 30
18 31
15 32
19 32
21 32
16 33
19 33
28 33
10 34
18 34
26 34
28 34
31 34
33 34
19 35
21 35
4 36
16 36
18 36
19 36
24 36
0 37
12 37
16 37
27 37
28 37
32 37
1 38
6 38
7 38
8 38
9 38
21 38
27 38
30 38
34 38
35 38
13 39
17 39
25 39
31 39
33 39
5 40
6 40
7 40
9 40
11 40
15 40
29 40
33 40
37 40
38 40
2 41
8 41
12 41
13 41
20 41
36 41
37 41
38 41
1 42
3 42
7 42
23 42
27 42
28 42
31 42
34 42
5 43
8 43
15 43
17 43
23 43
40 43
1 44
13 44
16 44
18 44
22 44
25 44
29 44
31 44
41 44
43 44
3 45
13 45
24 45
33 45
39 45
41 45
43 45
44 45
6 46
39 46
41 46
7 47
9 47
26 47
29 47
34 47
37 47
38 47
40 47
45 47
1 48
10 48
15 48
18 48
20 48
24 48
29 48
30 48
31 48
47 48
8 49
15 49
21 49
39 49
41 49
46 49
3 50
6 50
9 50
10 50
14 50
34 50
48 50
4 51
5 51
13 51
33 51
42 51
45 51
49 51
2 52
3 52
6 52
9 52
15 52
23 52
27 52
42 52
13 53
25 53
30 53
35 53
40 53
42 53
2 54
3 54
10 54
13 54
22 54
44 54
0 55
1 55
9 55
20 55
22 55
32 55
52 55
1 56
10 56
13 56
14 56
30 56
33 56
36 56
48 56
3 57
7 57
10 57
15 57
18 57
25 57
36 57
8 58
11 58
21 58
26 58
27 58
35 58
36 58
46 58
55 58
2 59
21 59
31 59
35 59
45 59
51 59
53 59
56 59
58 59
0 60
1 60
8 60
10 60
19 60
23 60
36 60
40 60
42 60
45 60
56 60
4 61
5 61
30 61
35 61
40 61
49 61
55 61
5 62
21 62
23 62
33 62
41 62
24 63
28 63
33 63
40 63
45 63
48 63
53 63
0 64
16 64
47 64
6 65
8 65
12 65
15 65
17 65
23 65
29 65
40 65
49 65
53 65
55 65
57 65
60 65
4 66
12 66
21 66
47 66
65 66
10 67
13 67
16 67
24 67
31 67
34 67
43 67
54 67
5 68
8 68
10 68
25 68
27 68
36 68
37 68
39 68
41 68
42 68
55 68
8 69
29 69
56 69
63 69
3 70
4 70
13 70
14 70
15 70
19 70
20 70
50 70
56 70
62 70
9 71
16 71
17 71
19 71
30 71
33 71
43 71
46 71
53 71
54 71
65 71
66 71
70 71
7 72
15 72
19 72
24 72
30 72
31 72
35 72
52 72
59 72
67 72
21 73
44 73
59 73
63 73
69 73
6 74
19 74
28 74
35 74
36 74
42 74
43 74
44 74
45 74
47 74
56 74
58 74
65 74
67 74
6 75
18 75
22 75
35 75
41 75
42 75
46 75
54 75
60 75
62 75
63 75
72 75
0 76
3 76
7 76
8 76
18 76
26 76
38 76
39 76
46 76
48 76
56 76
61 76
63 76
73 76
10 77
13 77
16 77
29 77
44 77
48 77
50 77
54 77
58 77
70 77
4 78
15 78
18 78
22 78
32 78
33 78
34 78
37 78
48 78
50 78
56 78
59 78
63 78
74 78
77 78
1 79
3 79
17 79
25 79
26 79
28 79
34 79
35 79
57 79
68 79
69 79
71 79
73 79
5 80
30 80
35 80
37 80
41 80
44 80
61 80
64 80
72 80
8 81
9 81
22 81
32 81
49 81
51 81
59 81
67 81
69 81
70 81
74 81
4 82
7 82
29 82
47 82
51 82
60 82
75 82
78 82
1 83
3 83
4 83
5 83
14 83
15 83
24 83
38 83
39 83
40 83
52 83
59 83
61 83
63 83
66 83
72 83
0 84
1 84
11 84
13 84
15 84
23 84
29 84
33 84
35 84
39 84
43 84
46 84
66 84
81 84
83 84
6 85
9 85
19 85
22 85
29 85
32 85
35 85
37 85
47 85
70 85
75 85
6 86
12 86
19 86
24 86
26 86
27 86
32 86
33 86
34 86
43 86
45 86
52 86
56 86
66 86
67 86
6 87
14 87
18 87
20 87
30 87
32 87
36 87
38 87
50 87
53 87
56 87
58 87
76 87
12 88
15 88
20 88
32 88
33 88
35 88
36 88
38 88
44 88
48 88
50 88
57 88
58 88
60 88
63 88
66 88
73 88
80 88
87 88
4 89
6 89
11 89
20 89
41 89
60 89
72 89
73 89
76 89
87 89
88 89
14 90
21 90
25 90
30 90
37 90
38 90
39 90
42 90
75 90
79 90
82 90
86 90
5 91
7 91
11 91
39 91
43 91
52 91
54 91
58 91
60 91
65 91
67 91
68 91
71 91
75 91
88 91
2 92
15 92
25 92
31 92
38 92
44 92
52 92
53 92
57 92
65 92
66 92
68 92
70 92
76 92
81 92
85 92
25 93
39 93
50 93
64 93
69 93
72 93
74 93
88 93
6 94
11 94
16 94
17 94
25 94
28 94
40 94
78 94
81 94
87 94
89 94
3 95
10 95
11 95
19 95
29 95
32 95
41 95
44 95
47 95
58 95
73 95
83 95
90 95
7 96
9 96
13 96
19 96
32 96
40 96
43 96
49 96
60 96
64 96
74 96
77 96
80 96
91 96
2 97
5 97
8 97
12 97
15 97
17 97
19 97
29 97
30 97
33 97
38 97
45 97
50 97
52 97
55 97
65 97
75 97
81 97
86 97
87 97
11 98
20 98
26 98
34 98
35 98
40 98
45 98
65 98
70 98
72 98
76 98
79 98
86 98
88 98
89 98
92 98
93 98
12 99
16 99
19 99
20 99
21 99
34 99
40 99
42 99
59 99
67 99
70 99
74 99
79 99
81 99
87 99
96 99
