100 332 4
3 7 2 11 1 5 6 9 10 9 15 2 1 14 4 6 4 16 7 6 8 11 10 4 5 20 8 7 9 7 9 8 16 5 8 3 1 18 18 7 11 19 9 12 2 20 3 5 2 2 4 3 6 2 20 16 9 13 11 17 8 2 13 12 6 6 9 5 2 18 7 20 14 4 7 2 1 12 14 9 6 7 7 5 5 9 6 8 4 9 7 3 1 8 4 2 2 19 4 20
1 12
1 14
6 14
3 17
6 18
11 18
10 20
13 20
12 23
17 23
11 24
7 25
9 25
2 26
9 27
15 29
23 30
22 32
23 32
25 32
1 33
8 33
17 33
23 33
0 34
1 34
10 34
16 34
13 35
19 35
25 35
8 36
22 36
4 37
23 38
12 39
24 39
16 40
22 41
33 41
25 42
33 42
26 43
1 44
11 44
14 44
22 44
33 44
15 45
27 45
6 46
18 46
32 46
38 46
0 47
4 47
19 47
27 47
37 47
7 49
11 49
28 49
36 49
37 49
1 50
3 50
13 50
31 51
15 52
19 52
36 52
44 52
6 53
26 53
29 53
3 54
18 54
22 54
42 54
22 55
32 55
39 55
41 55
49 55
51 55
9 56
38 56
41 56
1 57
21 57
22 57
45 57
50 57
10 58
31 58
8 59
9 59
18 59
43 59
12 60
17 60
27 60
44 60
53 60
58 60
25 61
51 61
37 62
40 62
43 62
51 62
7 63
12 63
44 63
52 63
54 63
13 64
21 64
27 64
1 65
3 65
4 65
7 65
9 65
26 65
37 65
41 65
24 66
41 66
45 66
47 66
52 66
7 67
17 67
26 67
32 67
37 67
42 67
8 68
16 68
18 68
21 68
23 68
37 68
45 68
52 68
0 69
4 69
13 69
42 69
23 70
26 70
53 70
55 70
13 71
26 71
27 71
35 71
16 72
19 72
36 72
44 72
52 72
68 73
69 73
19 74
42 74
46 74
55 74
62 74
4 75
7 75
20 75
22 75
70 75
12 76
17 76
30 76
31 76
32 76
44 76
61 76
39 77
46 77
55 77
70 77
0 78
1 78
13 78
22 78
29 78
64 78
69 78
23 79
31 79
41 79
44 79
54 79
63 79
64 79
65 79
69 79
2 80
5 80
36 80
38 80
47 80
69 80
9 81
15 81
48 81
61 81
65 81
0 82
28 82
29 82
32 82
39 82
46 82
49 82
59 82
69 82
5 83
21 83
28 83
60 83
19 84
24 84
31 84
56 84
6 85
7 85
14 85
21 85
31 85
35 85
49 85
50 85
54 85
25 86
53 86
77 86
81 86
82 86
2 87
17 87
29 87
30 87
58 87
59 87
60 87
20 88
49 88
56 88
85 88
1 89
6 89
11 89
29 89
33 89
49 89
56 89
57 89
60 89
70 89
74 89
76 89
2 90
20 90
22 90
49 90
67 90
71 90
13 91
15 91
34 91
46 91
66 91
79 91
0 92
32 92
42 92
89 92
9 93
39 93
41 93
43 93
54 93
73 93
88 93
14 94
24 94
28 94
71 94
74 94
75 94
6 95
12 95
30 95
34 95
49 95
74 95
75 95
27 96
46 96
56 96
58 96
72 96
10 97
26 97
29 97
31 97
53 97
58 97
0 98
8 98
11 98
12 98
38 98
46 98
51 98
56 98
61 98
68 98
78 98
80 98
5 99
9 99
17 99
37 99
54 99
80 99
