100 818 4
13 9 11 8 9 13 6 6 6 13 4 13 6 8 9 9 5 12 3 6 7 17 9 3 5 4 9 6 6 5 7 6 4 7 5 5 6 4 15 5 5 7 13 12 5 7 8 7 7 5 10 5 7 5 6 5 8 12 5 6 4 6 9 5 6 6 5 6 5 4 8 6 5 4 5 17 7 10 12 6 5 8 17 7 6 5 11 10 5 6 5 9 5 8 9 9 14 4 15 12
3 13
0 14
4 14
5 14
6 14
8 14
0 15
3 15
4 15
5 15
7 15
3 16
4 16
4 17
6 17
9 17
6 18
10 18
1 19
2 20
11 20
2 21
3 21
10 22
0 23
2 23
7 23
11 23
16 23
1 24
5 24
22 24
4 25
0 26
12 26
15 26
17 26
7 27
6 28
22 28
7 29
14 29
18 29
21 29
3 30
19 30
21 30
12 31
20 31
1 32
3 32
8 32
11 32
12 32
13 32
14 32
4 33
1 34
5 34
13 34
3 35
12 35
21 35
4 36
11 36
16 36
3 37
7 37
13 37
14 37
17 37
30 37
33 37
1 38
4 38
6 38
14 38
17 38
18 38
20 38
29 38
1 39
3 39
6 39
8 39
18 39
22 39
28 39
31 39
5 40
12 40
22 40
26 40
30 40
32 40
34 40
1 41
12 41
14 41
29 41
32 41
1 42
3 42
7 42
11 42
23 42
25 42
5 43
6 43
11 43
12 43
14 43
18 43
22 43
29 43
35 43
3 44
7 44
15 44
16 44
22 44
23 44
27 44
28 44
31 44
2 45
4 45
10 45
12 45
16 45
17 45
19 45
22 45
31 45
0 46
2 46
5 46
15 46
17 46
19 46
21 46
26 46
31 46
33 46
35 46
2 47
7 47
15 47
20 47
28 47
29 47
30 47
1 48
2 48
6 48
7 48
8 48
38 48
47 48
3 49
5 49
9 49
10 49
17 49
24 49
28 49
29 49
34 49
43 49
44 49
45 49
46 49
5 50
9 50
10 50
12 50
15 50
16 50
22 50
23 50
25 50
29 50
31 50
32 50
37 50
1 51
2 51
22 51
28 51
41 51
0 52
22 52
26 52
27 52
28 52
33 52
45 52
4 53
6 53
14 53
22 53
29 53
30 54
32 54
33 54
34 54
37 54
38 54
40 54
42 54
44 54
13 55
29 55
31 55
33 55
37 55
40 55
4 56
6 56
7 56
8 56
9 56
16 56
19 56
27 56
28 56
31 56
2 57
7 57
9 57
13 57
17 57
21 57
30 57
33 57
34 57
52 57
56 57
2 58
3 58
6 58
12 58
17 58
22 58
26 58
36 58
5 59
6 59
25 59
27 59
33 59
35 59
36 59
37 59
38 59
46 59
56 59
2 60
4 60
5 60
9 60
14 60
15 60
17 60
32 60
35 60
48 60
49 60
56 60
0 61
18 61
31 61
38 61
41 61
46 61
50 61
53 61
54 61
56 61
0 62
4 62
5 62
14 62
20 62
27 62
42 62
44 62
45 62
48 62
54 62
55 62
3 63
5 63
11 63
28 63
38 63
51 63
53 63
55 63
58 63
5 64
12 64
14 64
23 64
24 64
26 64
30 64
31 64
38 64
48 64
53 64
57 64
58 64
0 65
3 65
5 65
19 65
29 65
51 65
58 65
30 66
33 66
35 66
36 66
44 66
45 66
46 66
47 66
49 66
50 66
51 66
52 66
18 67
20 67
23 67
27 67
36 67
40 67
41 67
42 67
43 67
50 67
58 67
2 68
16 68
18 68
23 68
25 68
34 68
35 68
38 68
39 68
43 68
45 68
47 68
50 68
58 68
59 68
2 69
11 69
13 69
31 69
33 69
37 69
38 69
39 69
40 69
44 69
45 69
57 69
5 70
16 70
28 70
32 70
33 70
35 70
45 70
58 70
59 70
65 70
66 70
0 71
1 71
6 71
10 71
13 71
22 71
24 71
25 71
32 71
33 71
37 71
42 71
50 71
54 71
55 71
62 71
64 71
0 72
6 72
16 72
22 72
25 72
35 72
37 72
38 72
45 72
52 72
55 72
61 72
62 72
63 72
68 72
3 73
4 73
19 73
20 73
29 73
39 73
47 73
48 73
62 73
68 73
69 73
0 74
4 74
8 74
14 74
20 74
22 74
38 74
45 74
51 74
58 74
63 74
64 74
21 75
23 75
29 75
31 75
40 75
42 75
47 75
50 75
56 75
61 75
37 76
47 76
49 76
67 76
69 76
15 77
19 77
23 77
26 77
27 77
42 77
44 77
54 77
57 77
61 77
63 77
0 78
4 78
8 78
12 78
15 78
17 78
28 78
38 78
42 78
45 78
55 78
58 78
64 78
1 79
3 79
15 79
30 79
31 79
36 79
37 79
52 79
1 80
10 80
12 80
21 80
34 80
37 80
49 80
53 80
64 80
67 80
68 80
69 80
5 81
11 81
12 81
17 81
23 81
28 81
36 81
37 81
51 81
59 81
62 81
64 81
66 81
71 81
72 81
79 81
4 82
5 82
11 82
15 82
19 82
24 82
25 82
30 82
32 82
35 82
37 82
53 82
58 82
60 82
67 82
68 82
70 82
72 82
74 82
77 82
80 82
1 83
3 83
7 83
8 83
9 83
12 83
13 83
16 83
22 83
25 83
26 83
51 83
52 83
54 83
61 83
67 83
70 83
77 83
79 83
80 83
13 84
24 84
25 84
31 84
33 84
40 84
42 84
44 84
50 84
54 84
56 84
57 84
60 84
66 84
68 84
7 85
8 85
9 85
18 85
21 85
26 85
35 85
40 85
42 85
43 85
48 85
64 85
72 85
77 85
14 86
37 86
43 86
53 86
58 86
60 86
70 86
76 86
78 86
80 86
4 87
5 87
8 87
11 87
17 87
21 87
23 87
27 87
29 87
40 87
43 87
48 87
56 87
57 87
63 87
64 87
68 87
76 87
80 87
2 88
3 88
5 88
10 88
13 88
16 88
30 88
39 88
41 88
47 88
56 88
59 88
60 88
64 88
67 88
69 88
76 88
77 88
0 89
3 89
8 89
10 89
20 89
24 89
26 89
30 89
33 89
43 89
46 89
47 89
50 89
52 89
70 89
72 89
76 89
1 90
5 90
6 90
9 90
12 90
17 90
19 90
22 90
27 90
31 90
33 90
35 90
46 90
59 90
65 90
70 90
72 90
74 90
0 91
1 91
5 91
7 91
10 91
11 91
13 91
14 91
17 91
20 91
24 91
26 91
28 91
35 91
37 91
38 91
40 91
44 91
51 91
58 91
62 91
67 91
68 91
69 91
70 91
74 91
6 92
14 92
16 92
18 92
22 92
26 92
28 92
32 92
34 92
35 92
43 92
47 92
48 92
50 92
56 92
62 92
65 92
83 92
85 92
87 92
88 92
2 93
3 93
9 93
10 93
27 93
29 93
39 93
43 93
44 93
46 93
48 93
60 93
70 93
87 93
88 93
90 93
0 94
4 94
9 94
12 94
27 94
31 94
36 94
38 94
39 94
52 94
59 94
72 94
74 94
76 94
82 94
5 95
9 95
10 95
13 95
20 95
40 95
48 95
51 95
54 95
62 95
68 95
0 96
11 96
17 96
22 96
27 96
46 96
52 96
57 96
58 96
61 96
73 96
74 96
79 96
86 96
88 96
89 96
90 96
0 97
3 97
12 97
24 97
30 97
33 97
43 97
48 97
50 97
53 97
77 97
78 97
82 97
87 97
0 98
3 98
6 98
7 98
12 98
15 98
20 98
22 98
25 98
28 98
41 98
45 98
58 98
63 98
64 98
65 98
86 98
3 99
5 99
16 99
20 99
24 99
25 99
47 99
48 99
50 99
52 99
58 99
59 99
63 99
64 99
65 99
69 99
80 99
87 99
