100 492 4
11 11 1 13 9 2 1 6 3 7 2 1 2 3 6 2 14 2 8 1 2 26 2 3 7 6 2 26 17 7 2 3 4 9 1 5 1 9 5 1 6 6 3 5 1 1 7 1 1 6 1 8 2 1 2 15 3 3 3 6 14 2 4 9 2 1 11 2 1 1 2 4 2 5 3 4 4 3 6 8 4 1 2 8 4 7 8 4 9 4 5 6 3 4 12 5 7 6 13 3
0 1
1 4
7 8
3 9
5 9
7 9
7 11
0 12
8 13
10 13
10 14
3 15
12 15
10 16
3 17
8 17
3 18
4 18
5 18
10 18
16 18
1 19
9 19
4 20
19 20
14 21
6 22
11 22
12 22
12 24
17 24
21 24
4 25
18 25
21 26
20 27
7 28
23 28
11 29
4 31
10 31
25 31
30 31
3 32
8 32
9 32
30 32
2 33
4 33
23 33
28 33
0 34
10 34
21 34
28 34
15 35
6 36
13 36
15 36
0 37
8 37
34 37
2 38
11 38
20 38
30 38
6 39
13 39
32 39
13 40
32 40
3 41
11 41
39 41
6 42
13 42
27 42
31 42
36 42
40 42
22 43
30 43
34 43
26 45
31 45
33 45
34 45
35 45
43 45
36 46
26 47
30 47
38 47
40 47
0 48
8 48
14 48
19 48
29 49
37 49
5 50
32 50
35 50
40 50
46 50
1 51
10 51
20 51
9 52
32 52
35 52
43 52
0 53
43 53
45 53
46 53
2 54
11 54
14 54
22 54
33 54
40 54
42 54
50 54
52 54
7 55
12 55
13 55
17 55
25 55
28 55
44 55
54 55
2 56
3 56
9 56
11 56
16 56
22 56
34 56
38 56
8 57
12 57
18 57
32 57
4 58
5 58
25 58
44 58
56 58
0 59
8 59
31 59
56 59
57 59
3 60
6 60
27 60
28 60
30 60
50 60
19 61
24 61
51 61
54 61
9 62
43 62
53 62
57 62
9 63
11 63
16 63
22 63
26 63
34 63
6 64
8 64
16 64
17 64
21 64
26 64
27 64
37 64
42 64
51 64
4 65
6 65
16 65
19 65
20 65
39 65
40 65
8 66
18 66
26 66
35 66
37 66
47 66
48 66
57 66
0 67
15 67
16 67
23 67
24 67
34 67
36 67
59 67
60 67
66 67
2 68
13 68
18 68
19 68
52 68
64 68
31 69
34 69
42 69
53 69
61 69
63 69
0 70
8 70
11 70
22 70
33 70
34 70
26 71
51 71
52 71
58 71
5 72
24 72
26 72
41 72
46 72
59 72
61 72
65 72
21 73
22 73
31 73
36 73
50 73
55 73
56 73
67 73
7 74
13 74
27 74
45 74
49 74
53 74
54 74
64 74
6 75
7 75
14 75
41 75
50 75
51 75
59 75
65 75
72 75
16 76
24 76
28 76
42 76
43 76
57 76
65 76
14 77
26 77
42 77
54 77
7 78
14 78
15 78
16 78
48 78
53 78
65 78
7 79
12 79
13 79
14 79
19 79
37 79
44 79
50 79
71 79
78 79
1 80
4 80
13 80
15 80
18 80
22 80
23 80
30 80
31 80
38 80
46 80
55 80
72 80
27 81
37 81
38 81
39 81
43 81
65 81
74 81
9 82
18 82
66 82
4 83
8 83
16 83
37 83
42 83
46 83
48 83
67 83
74 83
81 83
9 84
14 84
33 84
39 84
58 84
73 84
75 84
79 84
2 85
7 85
25 85
37 85
56 85
84 85
18 86
30 86
39 86
43 86
46 86
49 86
62 86
68 86
73 86
81 86
84 86
1 87
7 87
12 87
14 87
15 87
16 87
19 87
29 87
37 87
49 87
52 87
71 87
78 87
21 88
52 88
53 88
62 88
63 88
75 88
79 88
5 89
8 89
19 89
27 89
28 89
35 89
53 89
61 89
65 89
85 89
86 89
87 89
2 90
4 90
10 90
29 90
31 90
49 90
55 90
59 90
72 90
1 91
6 91
12 91
14 91
15 91
38 91
54 91
62 91
63 91
69 91
81 91
90 91
0 92
2 92
16 92
29 92
31 92
35 92
45 92
58 92
63 92
73 92
76 92
80 92
81 92
2 93
10 93
12 93
26 93
29 93
33 93
38 93
45 93
50 93
60 93
70 93
73 93
10 94
12 94
28 94
30 94
32 94
46 94
51 94
52 94
60 94
73 94
84 94
85 94
88 94
15 95
20 95
36 95
41 95
54 95
58 95
64 95
77 95
89 95
6 96
8 96
24 96
25 96
32 96
38 96
42 96
52 96
65 96
70 96
83 96
88 96
6 97
8 97
14 97
24 97
27 97
28 97
31 97
38 97
48 97
65 97
81 97
83 97
85 97
86 97
12 98
13 98
21 98
24 98
25 98
69 98
75 98
82 98
0 99
11 99
48 99
78 99
79 99
85 99
87 99
