100 1559 4
3 12 9 17 3 7 10 8 6 19 4 3 1 9 10 8 3 17 7 19 19 14 9 8 13 6 6 10 6 3 2 4 4 8 4 5 6 7 16 3 2 2 8 3 8 7 8 19 2 8 15 8 5 6 12 3 8 2 6 8 16 4 6 3 10 11 12 6 13 3 6 7 14 2 20 4 15 1 10 9 5 15 9 7 2 9 4 13 12 3 18 2 10 9 20 8 6 16 13 12
1 3
0 4
1 4
0 5
0 6
2 7
4 7
2 8
5 8
6 8
0 9
1 9
6 9
3 10
4 10
6 10
7 10
3 11
5 11
8 11
9 11
1 12
9 12
10 12
1 13
2 13
3 13
7 13
8 13
8 14
10 14
12 14
0 15
2 15
3 15
6 15
1 16
4 16
9 16
13 16
5 17
9 17
12 17
11 18
0 19
2 19
11 19
12 19
14 19
15 19
1 20
2 20
3 20
4 20
7 20
8 20
12 20
9 21
10 21
14 21
16 21
18 21
19 21
20 21
1 22
2 22
10 22
3 23
4 23
5 23
12 23
22 23
2 24
3 24
5 24
10 24
14 24
15 24
16 24
17 24
5 25
8 25
10 25
11 25
13 25
18 25
20 25
21 25
3 26
7 26
9 26
14 26
17 26
19 26
20 26
0 27
2 27
3 27
9 27
11 27
14 27
15 27
16 27
22 27
23 27
24 27
25 27
26 27
0 28
2 28
3 28
7 28
11 28
15 28
19 28
24 28
1 29
2 29
5 29
6 29
7 29
11 29
15 29
17 29
22 29
26 29
0 30
4 30
5 30
6 30
15 30
18 30
19 30
22 30
23 30
24 30
28 30
1 31
2 31
3 31
6 31
7 31
8 31
11 31
14 31
19 31
23 31
26 31
28 31
2 32
3 32
7 32
9 32
11 32
13 32
16 32
28 32
29 32
30 32
3 33
5 33
8 33
9 33
12 33
23 33
25 33
29 33
30 33
0 34
9 34
13 34
15 34
17 34
19 34
20 34
26 34
27 34
28 34
33 34
2 35
4 35
7 35
8 35
9 35
10 35
11 35
12 35
18 35
30 35
31 35
3 36
6 36
8 36
10 36
12 36
19 36
25 36
30 36
33 36
2 37
5 37
6 37
9 37
17 37
20 37
21 37
23 37
33 37
35 37
5 38
7 38
10 38
12 38
19 38
21 38
23 38
29 38
33 38
36 38
2 39
4 39
8 39
12 39
15 39
19 39
22 39
23 39
34 39
36 39
3 40
14 40
20 40
22 40
23 40
29 40
34 40
37 40
38 40
1 41
2 41
4 41
5 41
9 41
10 41
14 41
20 41
21 41
22 41
29 41
33 41
34 41
37 41
38 41
39 41
40 41
1 42
2 42
5 42
15 42
18 42
19 42
24 42
25 42
27 42
33 42
35 42
36 42
40 42
1 43
2 43
3 43
5 43
6 43
9 43
13 43
16 43
19 43
24 43
28 43
29 43
30 43
31 43
32 43
34 43
39 43
42 43
4 44
7 44
8 44
10 44
12 44
13 44
15 44
18 44
21 44
23 44
32 44
33 44
35 44
38 44
39 44
2 45
4 45
5 45
6 45
8 45
14 45
17 45
18 45
24 45
26 45
32 45
34 45
38 45
40 45
4 46
8 46
10 46
11 46
17 46
19 46
22 46
33 46
34 46
36 46
38 46
39 46
40 46
41 46
42 46
44 46
1 47
6 47
8 47
10 47
11 47
16 47
19 47
22 47
26 47
30 47
33 47
35 47
43 47
44 47
46 47
6 48
12 48
14 48
17 48
19 48
28 48
32 48
38 48
40 48
45 48
2 49
5 49
6 49
8 49
11 49
13 49
14 49
17 49
18 49
20 49
21 49
23 49
24 49
25 49
28 49
30 49
32 49
33 49
34 49
36 49
41 49
43 49
44 49
45 49
46 49
6 50
10 50
13 50
14 50
18 50
20 50
23 50
27 50
29 50
30 50
35 50
36 50
37 50
41 50
44 50
48 50
49 50
0 51
8 51
13 51
15 51
16 51
22 51
31 51
37 51
42 51
48 51
49 51
0 52
1 52
20 52
23 52
29 52
30 52
31 52
36 52
37 52
44 52
47 52
49 52
51 52
0 53
2 53
6 53
9 53
16 53
18 53
20 53
26 53
28 53
29 53
31 53
35 53
36 53
38 53
40 53
41 53
42 53
44 53
46 53
51 53
52 53
0 54
1 54
6 54
7 54
8 54
12 54
23 54
25 54
34 54
35 54
37 54
39 54
43 54
47 54
52 54
53 54
2 55
6 55
7 55
25 55
29 55
30 55
36 55
37 55
39 55
48 55
51 55
53 55
54 55
5 56
6 56
7 56
8 56
10 56
14 56
22 56
24 56
28 56
29 56
30 56
32 56
33 56
34 56
36 56
42 56
46 56
47 56
50 56
0 57
4 57
5 57
6 57
13 57
15 57
17 57
18 57
20 57
22 57
29 57
35 57
38 57
42 57
43 57
44 57
45 57
46 57
47 57
52 57
53 57
54 57
55 57
0 58
3 58
4 58
11 58
14 58
15 58
17 58
25 58
29 58
30 58
34 58
35 58
38 58
44 58
45 58
46 58
47 58
57 58
0 59
4 59
8 59
9 59
11 59
13 59
14 59
19 59
25 59
30 59
31 59
32 59
33 59
34 59
37 59
40 59
50 59
52 59
57 59
1 60
2 60
4 60
10 60
11 60
14 60
17 60
18 60
19 60
27 60
28 60
35 60
36 60
38 60
46 60
48 60
49 60
50 60
53 60
59 60
1 61
4 61
6 61
10 61
15 61
17 61
19 61
21 61
25 61
26 61
28 61
30 61
32 61
33 61
39 61
41 61
43 61
44 61
53 61
55 61
56 61
57 61
0 62
2 62
13 62
18 62
33 62
37 62
44 62
46 62
49 62
51 62
52 62
54 62
60 62
1 63
2 63
3 63
5 63
8 63
9 63
10 63
11 63
12 63
15 63
16 63
23 63
26 63
27 63
30 63
31 63
33 63
36 63
38 63
39 63
42 63
43 63
49 63
51 63
52 63
57 63
59 63
1 64
2 64
3 64
5 64
14 64
17 64
19 64
20 64
21 64
22 64
23 64
28 64
31 64
35 64
39 64
40 64
41 64
43 64
44 64
47 64
48 64
49 64
51 64
53 64
54 64
55 64
59 64
61 64
62 64
2 65
3 65
6 65
7 65
9 65
10 65
13 65
16 65
17 65
20 65
31 65
32 65
37 65
38 65
39 65
44 65
48 65
49 65
51 65
55 65
56 65
61 65
62 65
4 66
5 66
8 66
11 66
13 66
14 66
16 66
19 66
32 66
33 66
36 66
51 66
52 66
53 66
55 66
57 66
65 66
1 67
5 67
7 67
13 67
14 67
17 67
18 67
20 67
23 67
30 67
37 67
41 67
42 67
45 67
48 67
52 67
54 67
56 67
57 67
62 67
63 67
0 68
1 68
9 68
10 68
15 68
16 68
18 68
21 68
23 68
27 68
28 68
29 68
33 68
35 68
39 68
40 68
48 68
52 68
53 68
56 68
59 68
62 68
64 68
66 68
67 68
3 69
4 69
6 69
11 69
14 69
17 69
19 69
20 69
21 69
24 69
26 69
34 69
53 69
64 69
66 69
6 70
8 70
9 70
12 70
14 70
16 70
17 70
34 70
36 70
37 70
38 70
39 70
42 70
45 70
46 70
51 70
59 70
64 70
68 70
5 71
7 71
11 71
14 71
15 71
17 71
22 71
26 71
28 71
32 71
34 71
57 71
58 71
60 71
61 71
62 71
65 71
66 71
68 71
70 71
2 72
3 72
6 72
12 72
17 72
23 72
24 72
26 72
28 72
29 72
35 72
36 72
38 72
49 72
50 72
52 72
54 72
57 72
58 72
59 72
63 72
65 72
66 72
67 72
69 72
70 72
5 73
6 73
7 73
8 73
12 73
14 73
25 73
27 73
35 73
36 73
44 73
48 73
50 73
52 73
53 73
58 73
59 73
60 73
61 73
62 73
67 73
70 73
1 74
7 74
8 74
9 74
12 74
14 74
16 74
19 74
20 74
21 74
22 74
26 74
28 74
30 74
35 74
37 74
42 74
44 74
51 74
59 74
63 74
69 74
71 74
3 75
5 75
6 75
8 75
9 75
10 75
21 75
29 75
30 75
31 75
34 75
37 75
38 75
40 75
41 75
43 75
47 75
48 75
50 75
56 75
57 75
58 75
60 75
61 75
64 75
65 75
66 75
68 75
73 75
3 76
5 76
7 76
12 76
18 76
19 76
22 76
23 76
27 76
29 76
36 76
39 76
40 76
42 76
48 76
50 76
55 76
58 76
61 76
62 76
63 76
66 76
67 76
68 76
70 76
71 76
0 77
2 77
6 77
7 77
13 77
14 77
15 77
17 77
20 77
21 77
24 77
28 77
31 77
41 77
42 77
43 77
44 77
47 77
50 77
51 77
55 77
60 77
73 77
74 77
1 78
3 78
11 78
21 78
22 78
24 78
28 78
29 78
32 78
35 78
36 78
44 78
48 78
49 78
52 78
55 78
56 78
57 78
58 78
60 78
62 78
63 78
70 78
72 78
0 79
3 79
4 79
9 79
16 79
17 79
18 79
19 79
22 79
23 79
24 79
26 79
28 79
35 79
36 79
37 79
39 79
42 79
43 79
47 79
50 79
51 79
52 79
60 79
61 79
65 79
67 79
68 79
71 79
72 79
73 79
74 79
78 79
3 80
4 80
6 80
7 80
8 80
19 80
22 80
25 80
30 80
34 80
39 80
42 80
44 80
46 80
57 80
69 80
70 80
74 80
78 80
9 81
11 81
12 81
16 81
18 81
22 81
23 81
24 81
27 81
29 81
31 81
35 81
37 81
40 81
42 81
44 81
45 81
47 81
49 81
50 81
67 81
69 81
72 81
73 81
78 81
80 81
0 82
7 82
9 82
10 82
12 82
14 82
15 82
19 82
20 82
21 82
22 82
25 82
26 82
30 82
31 82
34 82
44 82
46 82
48 82
52 82
61 82
63 82
65 82
71 82
72 82
73 82
78 82
80 82
4 83
6 83
7 83
10 83
13 83
15 83
17 83
21 83
24 83
27 83
28 83
29 83
34 83
35 83
36 83
37 83
40 83
44 83
47 83
50 83
52 83
58 83
60 83
62 83
64 83
65 83
70 83
75 83
77 83
4 84
7 84
15 84
16 84
22 84
27 84
29 84
37 84
40 84
41 84
42 84
46 84
47 84
54 84
60 84
65 84
70 84
72 84
76 84
77 84
80 84
81 84
83 84
8 85
11 85
13 85
14 85
19 85
21 85
25 85
29 85
36 85
41 85
43 85
44 85
45 85
46 85
47 85
49 85
53 85
54 85
56 85
58 85
72 85
73 85
74 85
77 85
80 85
83 85
5 86
14 86
15 86
17 86
19 86
21 86
28 86
30 86
38 86
40 86
42 86
43 86
46 86
47 86
49 86
50 86
52 86
57 86
58 86
60 86
63 86
66 86
68 86
71 86
73 86
76 86
83 86
84 86
1 87
3 87
5 87
8 87
10 87
11 87
12 87
13 87
16 87
19 87
21 87
27 87
30 87
35 87
37 87
38 87
39 87
47 87
49 87
50 87
51 87
52 87
55 87
56 87
61 87
65 87
66 87
70 87
71 87
74 87
75 87
78 87
79 87
80 87
81 87
85 87
2 88
4 88
8 88
11 88
12 88
13 88
15 88
16 88
22 88
24 88
26 88
28 88
29 88
36 88
37 88
39 88
43 88
46 88
47 88
49 88
50 88
52 88
60 88
66 88
67 88
69 88
77 88
79 88
5 89
8 89
18 89
21 89
32 89
34 89
35 89
43 89
44 89
50 89
53 89
56 89
59 89
65 89
68 89
70 89
73 89
77 89
81 89
85 89
87 89
88 89
0 90
6 90
8 90
9 90
13 90
16 90
26 90
31 90
40 90
47 90
52 90
56 90
57 90
58 90
61 90
66 90
67 90
76 90
81 90
85 90
86 90
88 90
0 91
1 91
3 91
4 91
7 91
8 91
11 91
14 91
22 91
29 91
37 91
38 91
39 91
42 91
43 91
44 91
46 91
49 91
58 91
59 91
63 91
68 91
69 91
73 91
74 91
75 91
77 91
81 91
87 91
2 92
5 92
9 92
13 92
17 92
18 92
19 92
23 92
29 92
30 92
33 92
36 92
38 92
44 92
45 92
48 92
50 92
52 92
53 92
59 92
62 92
68 92
69 92
72 92
78 92
90 92
91 92
1 93
3 93
5 93
6 93
7 93
10 93
11 93
14 93
16 93
19 93
25 93
29 93
31 93
32 93
33 93
34 93
36 93
42 93
43 93
53 93
54 93
57 93
59 93
65 93
68 93
74 93
75 93
80 93
81 93
85 93
87 93
91 93
6 94
9 94
10 94
12 94
13 94
15 94
16 94
18 94
19 94
20 94
21 94
23 94
27 94
31 94
34 94
37 94
42 94
45 94
50 94
58 94
59 94
60 94
61 94
69 94
74 94
75 94
76 94
79 94
81 94
83 94
84 94
85 94
86 94
89 94
90 94
91 94
1 95
5 95
9 95
11 95
17 95
18 95
20 95
22 95
26 95
36 95
40 95
42 95
49 95
54 95
55 95
57 95
58 95
61 95
63 95
65 95
66 95
70 95
78 95
79 95
80 95
82 95
84 95
93 95
94 95
5 96
7 96
10 96
19 96
25 96
31 96
32 96
34 96
35 96
50 96
57 96
59 96
67 96
68 96
72 96
77 96
78 96
79 96
80 96
87 96
90 96
92 96
93 96
94 96
95 96
8 97
9 97
11 97
22 97
27 97
28 97
29 97
30 97
33 97
45 97
50 97
51 97
52 97
59 97
62 97
64 97
65 97
66 97
67 97
72 97
78 97
80 97
82 97
86 97
90 97
92 97
95 97
96 97
3 98
9 98
10 98
11 98
19 98
28 98
30 98
31 98
33 98
35 98
40 98
46 98
48 98
50 98
51 98
54 98
55 98
67 98
74 98
76 98
77 98
78 98
81 98
82 98
84 98
86 98
90 98
92 98
97 98
0 99
6 99
8 99
13 99
18 99
27 99
40 99
41 99
43 99
46 99
47 99
51 99
60 99
61 99
62 99
64 99
67 99
69 99
71 99
74 99
77 99
81 99
82 99
90 99
94 99
96 99
97 99
98 99
