100 1320 4
1 3 2 16 5 4 9 1 9 7 21 5 2 1 11 1 21 7 17 4 5 4 1 1 19 13 2 17 9 5 8 2 10 4 1 8 1 2 20 8 2 3 9 27 14 1 9 4 3 1 6 2 4 30 2 30 5 11 9 20 9 1 36 3 1 10 3 6 2 2 21 9 11 7 5 15 20 1 6 2 20 7 4 2 25 11 20 5 10 1 57 1 3 3 1 36 2 16 5 8
0 3
1 3
0 4
1 4
3 4
1 5
4 5
0 6
3 6
5 6
1 7
2 7
3 7
5 7
1 8
6 8
3 9
4 9
5 9
7 9
7 10
0 11
3 11
11 12
3 13
4 13
5 13
0 14
8 14
9 14
10 14
14 15
1 16
2 16
8 16
12 16
0 17
3 17
14 17
7 18
8 18
11 18
14 18
15 18
2 19
3 19
10 19
11 19
13 19
14 19
17 19
5 20
8 20
10 20
12 20
0 21
1 21
2 21
3 21
9 21
11 21
13 21
0 22
2 22
7 22
20 22
2 23
4 23
5 23
6 23
15 23
22 23
1 24
2 24
4 24
5 24
13 24
14 24
21 24
5 25
7 25
15 25
17 25
22 25
23 25
0 26
3 26
16 26
4 27
7 27
9 27
10 27
11 27
12 27
14 27
18 27
20 27
21 27
23 27
24 27
26 27
2 28
11 28
17 28
18 28
19 28
22 28
25 28
0 29
2 29
7 29
9 29
20 29
2 30
12 30
17 30
19 30
22 30
25 30
27 30
1 31
4 31
6 31
11 31
13 31
15 31
22 31
27 31
30 31
2 32
14 32
18 32
20 32
22 32
27 32
31 32
2 33
3 33
16 33
21 33
27 33
4 34
11 34
12 34
14 34
21 34
22 34
24 34
30 34
31 34
32 34
33 34
2 35
5 35
6 35
9 35
11 35
12 35
15 35
18 35
19 35
20 35
30 35
32 35
0 36
10 36
17 36
20 36
22 36
27 36
34 36
5 37
6 37
7 37
16 37
20 37
27 37
28 37
36 37
15 38
16 38
18 38
20 38
29 38
34 38
35 38
36 38
37 38
1 39
3 39
9 39
10 39
12 39
13 39
16 39
25 39
27 39
28 39
30 39
0 40
9 40
13 40
18 40
24 40
25 40
29 40
30 40
32 40
35 40
38 40
39 40
1 41
5 41
6 41
11 41
12 41
13 41
14 41
17 41
19 41
22 41
26 41
29 41
31 41
32 41
35 41
38 41
0 42
8 42
14 42
19 42
20 42
23 42
26 42
27 42
31 42
33 42
34 42
1 43
3 43
4 43
6 43
11 43
12 43
17 43
24 43
29 43
36 43
39 43
3 44
9 44
17 44
19 44
33 44
41 44
42 44
2 45
16 45
17 45
22 45
26 45
30 45
36 45
39 45
42 45
5 46
7 46
13 46
17 46
20 46
21 46
23 46
25 46
28 46
33 46
35 46
40 46
42 46
43 46
1 47
21 47
23 47
26 47
37 47
41 47
44 47
45 47
13 48
18 48
30 48
31 48
33 48
36 48
46 48
6 49
7 49
12 49
13 49
21 49
28 49
30 49
36 49
37 49
40 49
41 49
1 50
2 50
7 50
10 50
11 50
12 50
17 50
18 50
19 50
25 50
26 50
30 50
32 50
33 50
36 50
38 50
40 50
46 50
5 51
8 51
12 51
19 51
33 51
37 51
39 51
42 51
0 52
5 52
25 52
27 52
30 52
31 52
38 52
44 52
12 53
14 53
18 53
19 53
22 53
27 53
28 53
30 53
34 53
36 53
39 53
45 53
46 53
8 54
12 54
13 54
14 54
16 54
19 54
26 54
29 54
36 54
39 54
41 54
47 54
49 54
51 54
53 54
0 55
3 55
4 55
7 55
26 55
33 55
35 55
39 55
40 55
52 55
53 55
54 55
11 56
15 56
18 56
19 56
20 56
23 56
24 56
27 56
29 56
36 56
40 56
42 56
44 56
45 56
51 56
0 57
3 57
6 57
16 57
17 57
26 57
28 57
38 57
40 57
41 57
43 57
47 57
48 57
53 57
55 57
7 58
11 58
13 58
15 58
16 58
21 58
28 58
29 58
34 58
38 58
39 58
41 58
42 58
43 58
47 58
50 58
51 58
56 58
0 59
3 59
10 59
14 59
24 59
27 59
29 59
30 59
36 59
39 59
41 59
43 59
47 59
50 59
53 59
54 59
57 59
3 60
5 60
7 60
13 60
16 60
20 60
26 60
37 60
40 60
54 60
56 60
58 60
0 61
1 61
14 61
20 61
21 61
29 61
32 61
33 61
34 61
38 61
42 61
45 61
47 61
48 61
49 61
55 61
56 61
59 61
2 62
3 62
5 62
6 62
7 62
13 62
14 62
17 62
19 62
23 62
26 62
27 62
30 62
32 62
33 62
37 62
38 62
44 62
54 62
55 62
8 63
12 63
14 63
24 63
25 63
27 63
29 63
33 63
38 63
41 63
55 63
61 63
3 64
5 64
7 64
9 64
11 64
15 64
21 64
22 64
23 64
35 64
40 64
41 64
45 64
46 64
50 64
51 64
58 64
60 64
61 64
3 65
9 65
18 65
23 65
24 65
25 65
28 65
32 65
35 65
36 65
37 65
39 65
44 65
46 65
50 65
51 65
59 65
1 66
4 66
6 66
8 66
10 66
14 66
25 66
26 66
31 66
32 66
44 66
45 66
46 66
51 66
60 66
0 67
2 67
3 67
10 67
15 67
16 67
21 67
23 67
27 67
32 67
37 67
40 67
42 67
43 67
47 67
53 67
54 67
61 67
64 67
0 68
1 68
5 68
12 68
16 68
19 68
22 68
26 68
27 68
28 68
30 68
34 68
35 68
36 68
38 68
45 68
48 68
52 68
55 68
56 68
63 68
6 69
9 69
12 69
14 69
15 69
23 69
24 69
25 69
28 69
29 69
30 69
31 69
33 69
37 69
42 69
46 69
57 69
58 69
60 69
61 69
63 69
65 69
68 69
0 70
6 70
9 70
13 70
16 70
21 70
22 70
24 70
26 70
27 70
29 70
36 70
37 70
44 70
46 70
49 70
50 70
53 70
55 70
59 70
5 71
8 71
12 71
17 71
18 71
22 71
23 71
24 71
28 71
31 71
32 71
35 71
36 71
42 71
43 71
45 71
47 71
48 71
50 71
52 71
54 71
55 71
60 71
61 71
64 71
66 71
68 71
5 72
8 72
18 72
19 72
20 72
25 72
28 72
31 72
33 72
35 72
36 72
37 72
41 72
42 72
48 72
53 72
56 72
57 72
2 73
5 73
8 73
9 73
10 73
11 73
17 73
18 73
21 73
22 73
23 73
26 73
32 73
34 73
40 73
42 73
44 73
45 73
54 73
57 73
59 73
62 73
66 73
68 73
70 73
2 74
21 74
28 74
30 74
35 74
37 74
39 74
40 74
41 74
42 74
48 74
49 74
51 74
53 74
55 74
56 74
62 74
64 74
69 74
0 75
2 75
10 75
11 75
12 75
18 75
19 75
21 75
27 75
28 75
29 75
34 75
35 75
37 75
39 75
46 75
49 75
55 75
59 75
61 75
62 75
64 75
66 75
70 75
71 75
73 75
2 76
11 76
13 76
14 76
15 76
16 76
18 76
19 76
20 76
30 76
32 76
40 76
41 76
46 76
47 76
53 76
54 76
58 76
60 76
61 76
68 76
71 76
0 77
2 77
8 77
9 77
13 77
14 77
17 77
21 77
34 77
36 77
38 77
40 77
43 77
49 77
51 77
55 77
56 77
57 77
58 77
66 77
69 77
74 77
76 77
0 78
1 78
2 78
6 78
7 78
22 78
25 78
28 78
31 78
42 78
43 78
44 78
46 78
54 78
55 78
60 78
62 78
65 78
70 78
75 78
3 79
4 79
5 79
12 79
19 79
20 79
29 79
30 79
32 79
36 79
37 79
39 79
41 79
45 79
46 79
47 79
51 79
52 79
55 79
56 79
58 79
72 79
75 79
76 79
0 80
4 80
9 80
12 80
17 80
23 80
29 80
34 80
35 80
36 80
44 80
48 80
55 80
59 80
62 80
71 80
72 80
74 80
78 80
0 81
1 81
7 81
8 81
13 81
14 81
16 81
17 81
21 81
22 81
26 81
29 81
32 81
41 81
49 81
51 81
53 81
54 81
60 81
73 81
78 81
6 82
8 82
9 82
10 82
19 82
20 82
23 82
24 82
29 82
33 82
35 82
42 82
44 82
45 82
46 82
48 82
53 82
56 82
63 82
64 82
67 82
72 82
73 82
80 82
7 83
10 83
11 83
16 83
17 83
21 83
22 83
29 83
34 83
38 83
42 83
43 83
45 83
47 83
51 83
53 83
54 83
58 83
62 83
65 83
70 83
72 83
76 83
2 84
4 84
6 84
12 84
17 84
27 84
30 84
33 84
34 84
35 84
36 84
45 84
47 84
56 84
61 84
64 84
67 84
68 84
70 84
80 84
82 84
0 85
3 85
4 85
6 85
8 85
9 85
15 85
16 85
23 85
26 85
31 85
37 85
38 85
40 85
42 85
44 85
48 85
50 85
52 85
55 85
56 85
61 85
68 85
70 85
77 85
79 85
1 86
2 86
5 86
11 86
17 86
30 86
36 86
45 86
46 86
47 86
48 86
54 86
60 86
70 86
71 86
72 86
74 86
80 86
82 86
3 87
10 87
30 87
32 87
34 87
38 87
40 87
44 87
54 87
55 87
56 87
63 87
64 87
68 87
84 87
86 87
6 88
7 88
8 88
9 88
10 88
14 88
19 88
23 88
25 88
26 88
27 88
29 88
33 88
35 88
38 88
40 88
43 88
48 88
50 88
51 88
52 88
55 88
57 88
58 88
60 88
64 88
67 88
76 88
77 88
81 88
8 89
11 89
13 89
18 89
20 89
22 89
23 89
30 89
33 89
36 89
37 89
38 89
39 89
40 89
46 89
56 89
59 89
60 89
63 89
66 89
73 89
81 89
82 89
83 89
1 90
2 90
5 90
8 90
18 90
25 90
32 90
33 90
36 90
40 90
45 90
48 90
54 90
55 90
56 90
59 90
61 90
62 90
63 90
67 90
70 90
72 90
74 90
78 90
87 90
0 91
7 91
9 91
13 91
16 91
17 91
18 91
21 91
24 91
25 91
28 91
30 91
31 91
32 91
35 91
36 91
40 91
41 91
44 91
45 91
50 91
53 91
59 91
64 91
66 91
73 91
74 91
78 91
82 91
84 91
90 91
3 92
6 92
8 92
11 92
14 92
26 92
29 92
31 92
36 92
37 92
44 92
46 92
50 92
51 92
60 92
62 92
66 92
72 92
76 92
81 92
82 92
85 92
90 92
5 93
8 93
9 93
13 93
16 93
24 93
25 93
28 93
30 93
32 93
34 93
38 93
42 93
43 93
44 93
45 93
47 93
51 93
59 93
60 93
62 93
64 93
67 93
69 93
70 93
75 93
78 93
79 93
0 94
1 94
5 94
13 94
15 94
17 94
20 94
22 94
23 94
30 94
32 94
36 94
40 94
44 94
45 94
47 94
55 94
57 94
58 94
59 94
60 94
65 94
70 94
78 94
79 94
80 94
82 94
89 94
90 94
91 94
0 95
2 95
8 95
9 95
10 95
12 95
14 95
16 95
20 95
21 95
33 95
41 95
44 95
45 95
46 95
50 95
75 95
78 95
83 95
87 95
91 95
5 96
20 96
23 96
28 96
29 96
35 96
36 96
37 96
39 96
53 96
60 96
62 96
63 96
64 96
65 96
73 96
74 96
79 96
84 96
86 96
89 96
90 96
5 97
6 97
16 97
18 97
20 97
25 97
26 97
28 97
31 97
45 97
46 97
70 97
76 97
80 97
82 97
83 97
86 97
87 97
91 97
94 97
96 97
8 98
10 98
14 98
15 98
17 98
24 98
29 98
32 98
37 98
39 98
41 98
46 98
50 98
57 98
58 98
64 98
65 98
67 98
68 98
71 98
80 98
1 99
10 99
17 99
19 99
22 99
23 99
28 99
30 99
31 99
34 99
35 99
36 99
38 99
39 99
48 99
51 99
65 99
69 99
70 99
71 99
72 99
73 99
74 99
76 99
77 99
81 99
83 99
88 99
93 99
95 99
98 99
