100 682 16
1 2 10 3 1 1 14 6 4 1 1 3 9 1 3 7 16 2 16 20 2 3 8 16 5 5 24 9 1 18 6 3 5 4 1 18 4 16 4 3 1 8 3 4 11 1 6 10 8 8 6 1 2 2 5 2 9 5 3 2 3 2 1 11 5 6 13 1 11 1 7 21 1 11 2 8 6 19 3 13 3 5 12 3 6 8 13 3 13 2 13 26 7 3 7 5 2 26 5 9
7 8
5 9
1 12
3 12
7 12
1 13
11 13
4 14
11 14
1 15
2 15
5 15
8 15
13 15
4 16
8 16
5 17
16 17
2 18
3 18
8 18
10 18
3 19
14 19
15 19
11 20
16 20
17 20
10 21
13 21
1 22
10 22
11 22
12 23
18 23
5 24
6 24
13 24
16 24
3 25
7 25
9 25
20 25
22 25
23 25
3 26
7 26
14 26
18 26
20 26
1 27
3 27
14 27
16 27
3 28
7 28
24 28
1 29
5 29
6 29
7 30
13 30
20 30
29 30
2 31
9 31
13 31
17 31
22 31
28 31
1 32
12 32
26 32
28 32
20 33
21 33
22 33
0 34
20 34
23 34
25 34
3 35
6 35
17 35
21 35
31 35
1 36
19 36
20 36
21 36
22 36
23 36
33 36
0 37
10 37
12 37
16 37
24 37
33 37
1 38
5 39
38 39
7 40
14 40
23 40
24 40
27 40
32 40
4 41
7 41
8 41
11 41
17 41
23 41
27 41
35 41
40 41
4 42
21 42
30 42
35 42
11 43
12 43
36 43
39 43
7 44
12 44
17 44
18 44
38 44
8 45
9 45
22 45
24 45
36 45
15 46
18 46
42 46
2 47
4 47
6 47
10 47
13 47
15 47
18 47
20 47
21 47
46 47
2 48
9 48
10 48
41 48
1 49
10 49
11 49
15 49
21 49
22 49
25 49
26 49
29 49
46 49
0 50
1 50
6 50
14 50
39 50
40 50
43 50
44 50
45 50
46 50
7 51
8 51
10 51
12 51
15 51
24 51
25 51
33 51
40 51
41 51
20 52
34 52
39 52
43 52
1 53
8 53
25 53
30 53
1 54
13 54
30 54
31 54
33 54
38 54
39 54
37 55
41 55
42 55
43 55
48 55
0 56
4 56
11 56
12 56
22 56
24 56
25 56
46 56
49 56
18 57
19 57
22 57
25 57
27 57
29 57
31 57
40 57
42 57
44 57
46 57
4 58
5 58
8 58
17 58
36 58
43 58
29 59
30 59
40 59
44 59
57 59
6 60
16 60
23 60
26 60
31 60
34 60
36 60
39 60
52 60
12 61
15 61
24 61
56 61
7 62
17 62
31 62
35 62
38 62
44 62
2 63
3 63
13 63
18 63
28 63
29 63
34 63
48 63
54 63
61 63
8 64
12 64
14 64
15 64
20 64
27 64
29 64
35 64
41 64
44 64
55 64
57 64
58 64
61 64
62 64
7 65
11 65
12 65
16 65
19 65
36 65
58 65
59 65
8 66
9 66
16 66
18 66
40 66
50 66
2 67
5 67
11 67
27 67
37 67
39 67
40 67
47 67
49 67
56 67
57 67
62 67
63 67
66 67
1 68
21 68
29 68
30 68
38 68
45 68
46 68
51 68
56 68
58 68
59 68
61 68
3 69
10 69
16 69
30 69
46 69
62 69
5 70
15 70
17 70
20 70
24 70
29 70
32 70
40 70
42 70
50 70
53 70
54 70
61 70
65 70
12 71
35 71
41 71
44 71
46 71
51 71
61 71
28 72
37 72
42 72
53 72
59 72
61 72
67 72
2 73
10 73
13 73
18 73
20 73
22 73
39 73
40 73
49 73
51 73
55 73
63 73
67 73
72 73
8 74
12 74
23 74
32 74
39 74
44 74
50 74
59 74
61 74
63 74
64 74
67 74
69 74
72 74
4 75
20 75
32 75
36 75
38 75
42 75
43 75
65 75
67 75
74 75
0 76
3 76
10 76
19 76
24 76
42 76
64 76
6 77
19 77
28 77
40 77
42 77
45 77
71 77
1 78
11 78
13 78
16 78
23 78
28 78
29 78
37 78
54 78
55 78
69 78
70 78
72 78
26 79
32 79
38 79
44 79
60 79
71 79
15 80
20 80
21 80
22 80
30 80
33 80
38 80
47 80
52 80
66 80
69 80
72 80
74 80
1 81
18 81
21 81
27 81
48 81
62 81
69 81
78 81
79 81
80 81
10 82
19 82
25 82
31 82
34 82
41 82
45 82
48 82
54 82
61 82
63 82
70 82
72 82
73 82
79 82
80 82
2 83
8 83
19 83
23 83
34 83
37 83
39 83
40 83
45 83
51 83
52 83
59 83
61 83
62 83
72 83
81 83
1 84
3 84
4 84
16 84
20 84
26 84
42 84
45 84
46 84
50 84
62 84
64 84
66 84
69 84
75 84
10 85
13 85
23 85
24 85
25 85
26 85
49 85
58 85
61 85
70 85
73 85
77 85
83 85
17 86
19 86
26 86
28 86
29 86
32 86
39 86
48 86
52 86
57 86
5 87
15 87
18 87
47 87
63 87
85 87
1 88
22 88
26 88
27 88
29 88
32 88
43 88
62 88
63 88
71 88
74 88
83 88
85 88
87 88
0 89
8 89
12 89
22 89
24 89
27 89
63 89
68 89
70 89
79 89
82 89
1 90
15 90
17 90
48 90
56 90
67 90
78 90
86 90
88 90
6 91
9 91
10 91
16 91
18 91
39 91
48 91
52 91
58 91
66 91
84 91
90 91
2 92
5 92
6 92
10 92
11 92
28 92
29 92
31 92
36 92
44 92
50 92
53 92
60 92
63 92
72 92
78 92
89 92
91 92
0 93
6 93
13 93
15 93
17 93
32 93
36 93
55 93
70 93
71 93
6 94
9 94
30 94
34 94
42 94
49 94
52 94
79 94
90 94
0 95
13 95
21 95
28 95
39 95
44 95
52 95
54 95
70 95
74 95
78 95
86 95
0 96
2 96
11 96
22 96
34 96
50 96
55 96
59 96
61 96
66 96
67 96
83 96
84 96
87 96
90 96
2 97
13 97
34 97
38 97
41 97
55 97
76 97
80 97
84 97
86 97
0 98
2 98
15 98
16 98
29 98
35 98
41 98
47 98
54 98
59 98
61 98
64 98
67 98
68 98
69 98
72 98
74 98
79 98
82 98
84 98
85 98
91 98
3 99
5 99
6 99
10 99
12 99
18 99
19 99
31 99
37 99
45 99
49 99
51 99
61 99
69 99
80 99
86 99
91 99
94 99
98 99
