100 816 4
12 1 17 6 43 4 2 29 2 1 10 1 11 2 20 57 9 4 8 5 44 9 16 18 11 5 21 34 4 17 7 5 1 6 10 5 15 7 17 3 2 23 1 2 4 2 5 6 9 32 4 6 1 5 1 11 18 2 4 25 20 1 7 2 5 2 7 11 9 5 3 9 18 29 5 7 8 3 6 2 4 13 4 9 15 1 11 10 6 4 10 9 12 2 4 2 1 4 19 14
2 3
0 4
0 5
3 6
5 6
1 7
2 7
3 7
4 7
5 9
4 10
8 10
7 11
9 11
0 12
3 12
7 12
2 14
2 15
8 15
13 15
2 16
4 16
10 16
13 16
0 17
1 17
2 17
3 17
14 17
15 17
7 18
9 18
10 18
14 18
2 19
12 19
15 19
16 19
2 20
5 20
10 20
15 20
4 21
15 21
6 22
12 22
15 22
16 22
17 22
11 23
18 23
21 23
22 23
10 24
12 24
17 24
7 25
13 25
20 25
24 25
0 26
1 26
13 26
0 27
3 27
17 27
25 27
6 28
14 28
19 28
1 29
16 29
18 29
28 29
9 30
17 30
20 30
24 30
27 30
28 30
1 31
5 31
9 31
12 31
27 31
5 32
16 32
18 32
20 32
22 32
24 32
0 33
5 33
7 33
14 33
19 33
1 34
3 34
7 34
26 34
27 34
28 34
32 34
9 35
24 35
25 35
3 36
12 36
14 36
15 36
18 36
22 36
31 36
7 37
8 37
15 37
19 37
25 37
27 37
32 37
0 38
3 38
9 38
11 38
13 38
14 38
15 38
23 38
29 38
34 38
37 38
0 39
1 39
2 39
3 39
6 39
7 39
14 39
19 39
20 39
31 39
34 39
37 39
20 40
24 40
32 40
11 41
26 41
32 41
36 41
38 41
4 42
9 42
22 42
23 42
37 42
10 43
12 43
25 43
0 44
10 44
16 44
20 44
24 44
43 44
0 45
6 45
7 45
10 45
13 45
20 45
28 45
31 45
42 45
43 45
1 46
2 46
27 46
29 46
30 46
31 46
32 46
35 46
38 46
41 46
9 47
36 47
37 47
45 47
13 48
18 48
21 48
29 48
38 48
39 48
40 48
42 48
45 48
0 49
26 49
34 49
7 50
9 50
19 50
20 50
25 50
31 50
35 50
5 51
19 51
23 51
25 51
33 51
47 51
2 52
4 52
27 52
29 52
40 52
48 52
18 53
20 53
23 53
35 53
47 53
6 54
13 54
18 54
21 54
29 54
34 54
36 54
40 54
44 54
51 54
52 54
53 54
5 55
7 55
12 55
14 55
22 55
26 55
29 55
30 55
36 55
40 55
41 55
44 55
1 56
2 56
10 56
11 56
14 56
15 56
20 56
23 56
25 56
39 56
42 56
45 56
55 56
1 57
2 57
3 57
6 57
11 57
12 57
24 57
32 57
46 57
48 57
53 57
54 57
56 57
3 58
8 58
10 58
12 58
16 58
26 58
32 58
35 58
39 58
51 58
0 59
5 59
12 59
13 59
14 59
16 59
22 59
26 59
43 59
47 59
54 59
56 59
6 60
7 60
23 60
27 60
30 60
34 60
5 61
13 61
38 61
42 61
45 61
49 61
58 61
0 62
14 62
16 62
19 62
47 62
48 62
52 62
60 62
1 63
5 63
13 63
17 63
22 63
25 63
30 63
38 63
40 63
48 63
55 63
58 63
13 64
34 64
45 64
49 64
50 64
1 65
4 65
8 65
18 65
35 65
49 65
51 65
60 65
63 65
8 66
12 66
33 66
39 66
41 66
53 66
56 66
57 66
58 66
61 66
62 66
3 67
5 67
14 67
20 67
23 67
28 67
30 67
38 67
41 67
43 67
44 67
47 67
52 67
53 67
59 67
63 67
65 67
66 67
0 68
5 68
12 68
13 68
20 68
22 68
24 68
28 68
43 68
50 68
56 68
23 69
25 69
27 69
38 69
49 69
51 69
56 69
3 70
26 70
28 70
33 70
38 70
61 70
1 71
6 71
23 71
29 71
39 71
42 71
43 71
51 71
57 71
69 71
3 72
5 72
8 72
9 72
14 72
20 72
42 72
45 72
48 72
64 72
71 72
2 73
3 73
8 73
9 73
13 73
28 73
32 73
47 73
51 73
64 73
0 74
11 74
18 74
21 74
24 74
28 74
34 74
1 75
12 75
32 75
37 75
39 75
48 75
51 75
52 75
57 75
61 75
64 75
70 75
4 76
11 76
15 76
17 76
22 76
27 76
29 76
33 76
39 76
43 76
52 76
54 76
56 76
66 76
15 77
17 77
20 77
36 77
41 77
44 77
50 77
55 77
58 77
59 77
70 77
74 77
75 77
13 78
15 78
20 78
24 78
26 78
31 78
39 78
41 78
45 78
53 78
69 78
19 79
20 79
22 79
25 79
35 79
47 79
48 79
51 79
54 79
57 79
67 79
74 79
14 80
15 80
24 80
25 80
32 80
33 80
38 80
47 80
48 80
62 80
64 80
66 80
73 80
77 80
0 81
5 81
10 81
15 81
41 81
43 81
72 81
1 82
5 82
6 82
14 82
19 82
23 82
24 82
27 82
33 82
42 82
46 82
56 82
66 82
73 82
76 82
0 83
1 83
7 83
20 83
21 83
22 83
24 83
28 83
29 83
39 83
52 83
57 83
59 83
68 83
72 83
79 83
9 84
10 84
11 84
32 84
35 84
63 84
64 84
79 84
2 85
8 85
10 85
16 85
17 85
36 85
38 85
41 85
43 85
50 85
51 85
53 85
56 85
65 85
69 85
70 85
72 85
79 85
8 86
9 86
13 86
17 86
19 86
21 86
33 86
40 86
56 86
70 86
71 86
81 86
82 86
84 86
7 87
8 87
24 87
36 87
51 87
60 87
61 87
72 87
73 87
85 87
2 88
5 88
7 88
12 88
15 88
24 88
33 88
48 88
54 88
57 88
61 88
70 88
75 88
80 88
82 88
84 88
87 88
0 89
8 89
10 89
16 89
19 89
33 89
38 89
39 89
46 89
54 89
59 89
66 89
72 89
77 89
80 89
83 89
86 89
13 90
14 90
15 90
17 90
22 90
26 90
38 90
40 90
41 90
43 90
44 90
47 90
49 90
55 90
57 90
64 90
73 90
76 90
80 90
83 90
86 90
17 91
28 91
39 91
42 91
49 91
52 91
66 91
68 91
74 91
87 91
0 92
1 92
4 92
11 92
13 92
14 92
15 92
17 92
21 92
28 92
29 92
45 92
46 92
53 92
66 92
68 92
73 92
78 92
80 92
1 93
6 93
8 93
12 93
15 93
19 93
22 93
23 93
28 93
29 93
31 93
36 93
39 93
43 93
49 93
52 93
54 93
55 93
56 93
68 93
70 93
73 93
75 93
84 93
90 93
5 94
9 94
22 94
24 94
42 94
43 94
45 94
46 94
49 94
50 94
52 94
57 94
77 94
80 94
84 94
92 94
93 94
0 95
23 95
28 95
31 95
34 95
36 95
46 95
47 95
50 95
81 95
84 95
85 95
88 95
1 96
4 96
11 96
17 96
18 96
24 96
42 96
60 96
70 96
76 96
81 96
82 96
85 96
95 96
0 97
5 97
6 97
8 97
9 97
16 97
22 97
26 97
28 97
34 97
38 97
39 97
40 97
44 97
60 97
66 97
67 97
73 97
79 97
86 97
90 97
91 97
92 97
1 98
4 98
7 98
11 98
12 98
29 98
31 98
33 98
34 98
35 98
38 98
44 98
49 98
53 98
57 98
64 98
67 98
70 98
78 98
80 98
81 98
90 98
93 98
0 99
2 99
14 99
16 99
19 99
23 99
40 99
41 99
44 99
62 99
71 99
74 99
75 99
79 99
82 99
88 99
93 99
