100 222 4
13 5 6 7 12 9 4 15 5 13 5 3 5 13 15 7 6 6 12 6 5 10 7 13 12 5 5 13 5 16 9 12 4 7 8 6 10 7 7 13 8 6 4 6 9 6 5 5 5 12 5 10 5 12 6 8 4 6 15 8 9 5 8 12 5 6 6 14 12 6 6 4 6 6 10 9 6 4 5 19 10 9 11 6 4 7 5 6 12 6 6 4 7 10 10 6 6 5 6 6
4 7
2 8
9 17
10 17
2 18
6 18
7 18
4 22
7 22
2 24
7 24
5 26
4 27
24 29
1 31
3 31
12 31
14 31
2 32
19 32
11 33
19 33
24 33
11 35
16 35
12 36
14 36
21 36
6 37
1 38
28 40
33 42
3 43
4 43
15 43
21 43
1 45
33 45
2 46
5 46
5 47
27 47
16 49
2 50
10 50
11 50
34 50
38 51
16 52
29 52
8 53
9 53
40 53
35 54
6 55
18 55
29 55
37 55
4 56
7 56
41 56
44 56
10 57
13 58
50 58
5 59
37 59
28 60
35 60
41 60
18 61
1 62
16 62
28 62
48 62
52 62
43 63
28 64
51 64
53 64
18 65
36 65
2 66
6 66
20 66
26 66
36 66
49 66
1 67
30 67
44 67
47 67
51 67
58 67
62 67
5 68
25 68
33 68
38 68
48 68
57 68
5 69
10 69
28 69
54 69
3 70
18 70
23 70
45 70
51 70
0 71
6 71
10 71
29 71
40 71
8 72
18 72
43 72
58 72
62 72
36 73
64 73
30 74
35 74
1 75
2 75
8 75
32 75
0 76
2 76
45 76
58 76
75 76
6 77
9 77
33 78
35 79
17 80
19 80
32 80
37 80
54 80
33 81
35 81
43 81
45 81
11 82
35 82
55 82
4 83
23 84
40 84
74 84
0 85
37 85
47 85
50 85
54 85
14 86
27 86
35 86
39 86
60 86
63 86
4 87
6 87
47 87
68 87
71 87
8 88
41 88
57 88
61 88
26 89
74 89
45 90
12 91
20 91
30 91
47 91
61 91
78 91
79 91
13 92
15 92
34 92
63 92
14 93
26 93
54 93
60 93
20 94
42 94
3 95
30 95
38 95
1 96
14 96
25 96
27 96
34 96
49 96
53 96
57 96
1 97
49 97
87 97
0 98
3 98
33 98
35 98
38 98
42 98
50 98
59 98
83 98
85 98
92 98
10 99
17 99
27 99
33 99
