100 1028 4
12 13 5 5 11 8 5 14 6 9 7 5 4 5 6 7 12 12 5 5 4 14 9 6 14 5 12 12 6 6 10 2 5 9 12 6 12 7 5 5 6 6 11 10 9 11 6 6 12 5 12 5 9 2 4 7 6 14 5 10 6 8 6 5 5 4 9 6 5 6 12 10 6 6 9 5 3 8 12 10 17 4 4 10 7 4 15 5 5 3 5 5 6 6 11 6 4 5 14 5
1 7
3 7
5 8
0 10
3 10
0 11
2 12
3 12
2 13
2 14
1 15
4 15
2 16
3 18
0 19
9 19
16 19
17 19
1 20
5 20
7 20
8 20
13 20
15 20
8 21
15 21
16 21
4 22
14 22
16 22
0 23
1 23
3 23
11 23
16 23
0 24
1 24
3 24
6 24
16 24
3 25
7 25
16 25
17 25
3 26
5 26
9 26
15 26
2 27
3 27
6 27
10 27
0 28
3 28
5 28
6 28
8 28
13 28
15 28
0 29
1 29
5 29
12 29
14 29
15 29
1 30
17 30
20 30
21 30
22 30
26 30
28 30
29 30
3 31
4 31
6 31
7 31
9 31
27 31
3 32
5 32
14 32
16 32
18 32
22 32
25 32
28 32
1 33
9 33
11 33
12 33
14 33
16 33
23 33
26 33
6 34
9 34
13 34
20 34
24 34
27 34
0 35
2 35
4 35
9 35
12 35
13 35
18 35
26 35
28 35
0 36
1 36
6 36
9 36
14 36
21 36
27 36
28 36
1 37
3 37
4 37
12 37
15 37
17 37
29 37
6 38
9 38
13 38
14 38
15 38
16 38
20 38
29 38
5 39
6 39
10 39
16 39
17 39
20 39
21 39
25 39
26 39
27 39
28 39
1 40
5 40
6 40
11 40
15 40
18 40
20 40
26 40
1 41
6 41
14 41
30 41
34 41
38 41
1 42
2 42
3 42
14 42
22 42
27 42
30 42
31 42
2 43
4 43
6 43
9 43
10 43
16 43
17 43
25 43
36 43
37 43
3 44
6 44
8 44
20 44
25 44
27 44
36 44
40 44
8 45
13 45
15 45
27 45
29 45
30 45
31 45
37 45
38 45
7 46
10 46
17 46
22 46
25 46
31 46
32 46
34 46
36 46
3 47
4 47
9 47
10 47
13 47
19 47
23 47
24 47
28 47
32 47
33 47
34 47
35 47
1 48
3 48
7 48
11 48
12 48
14 48
19 48
21 48
22 48
27 48
28 48
32 48
33 48
7 49
8 49
12 49
13 49
22 49
34 49
40 49
1 50
3 50
4 50
6 50
11 50
13 50
23 50
35 50
37 50
38 50
41 50
45 50
48 50
1 51
5 51
10 51
16 51
28 51
30 51
38 51
49 51
0 52
4 52
6 52
11 52
25 52
28 52
35 52
42 52
43 52
48 52
0 53
2 53
3 53
14 53
20 53
21 53
24 53
45 53
47 53
3 54
8 54
10 54
16 54
21 54
30 54
34 54
35 54
39 54
41 54
44 54
48 54
11 55
12 55
16 55
25 55
26 55
37 55
48 55
0 56
1 56
18 56
22 56
24 56
27 56
42 56
44 56
5 57
7 57
8 57
11 57
15 57
22 57
24 57
28 57
29 57
30 57
31 57
35 57
37 57
43 57
44 57
47 57
6 58
12 58
13 58
14 58
15 58
17 58
22 58
27 58
48 58
5 59
7 59
8 59
24 59
26 59
28 59
31 59
38 59
40 59
42 59
45 59
47 59
50 59
57 59
4 60
14 60
18 60
20 60
26 60
28 60
30 60
39 60
41 60
42 60
43 60
52 60
0 61
6 61
7 61
9 61
13 61
30 61
35 61
38 61
41 61
42 61
43 61
50 61
58 61
25 62
32 62
36 62
39 62
47 62
48 62
51 62
53 62
0 63
2 63
11 63
13 63
14 63
16 63
24 63
25 63
27 63
29 63
38 63
41 63
47 63
49 63
51 63
6 64
8 64
14 64
22 64
23 64
24 64
28 64
38 64
48 64
52 64
53 64
1 65
4 65
5 65
10 65
25 65
27 65
42 65
45 65
50 65
54 65
1 66
10 66
31 66
50 66
53 66
57 66
1 67
4 67
7 67
8 67
10 67
13 67
14 67
16 67
24 67
32 67
33 67
37 67
41 67
42 67
45 67
49 67
12 68
16 68
32 68
35 68
0 69
5 69
7 69
9 69
14 69
16 69
18 69
20 69
23 69
29 69
30 69
33 69
39 69
42 69
47 69
48 69
49 69
50 69
53 69
8 70
9 70
11 70
23 70
24 70
25 70
26 70
29 70
33 70
37 70
40 70
41 70
42 70
43 70
47 70
63 70
5 71
7 71
10 71
14 71
15 71
17 71
21 71
22 71
23 71
27 71
31 71
33 71
35 71
36 71
37 71
40 71
41 71
42 71
44 71
47 71
53 71
56 71
65 71
67 71
4 72
5 72
12 72
14 72
21 72
33 72
34 72
44 72
48 72
52 72
54 72
55 72
56 72
58 72
61 72
62 72
4 73
11 73
16 73
18 73
22 73
28 73
29 73
30 73
55 73
57 73
61 73
65 73
1 74
7 74
10 74
19 74
24 74
26 74
40 74
42 74
43 74
59 74
62 74
63 74
67 74
4 75
5 75
6 75
9 75
11 75
15 75
27 75
28 75
30 75
37 75
38 75
39 75
42 75
46 75
57 75
60 75
61 75
62 75
67 75
0 76
1 76
2 76
5 76
6 76
7 76
9 76
17 76
22 76
28 76
31 76
33 76
38 76
41 76
47 76
49 76
53 76
59 76
64 76
67 76
69 76
4 77
8 77
9 77
10 77
12 77
13 77
18 77
20 77
22 77
29 77
31 77
34 77
43 77
46 77
49 77
55 77
59 77
63 77
66 77
67 77
68 77
1 78
11 78
14 78
20 78
21 78
22 78
23 78
24 78
29 78
36 78
37 78
38 78
40 78
44 78
45 78
48 78
52 78
57 78
59 78
60 78
62 78
63 78
64 78
75 78
0 79
1 79
7 79
12 79
13 79
16 79
17 79
20 79
23 79
30 79
44 79
46 79
47 79
49 79
58 79
64 79
65 79
67 79
69 79
71 79
72 79
75 79
76 79
2 80
5 80
17 80
24 80
28 80
30 80
33 80
37 80
42 80
46 80
47 80
56 80
60 80
64 80
67 80
70 80
74 80
4 81
8 81
15 81
18 81
25 81
30 81
33 81
34 81
42 81
43 81
44 81
48 81
56 81
60 81
65 81
68 81
0 82
2 82
8 82
14 82
23 82
30 82
37 82
40 82
44 82
45 82
51 82
57 82
58 82
59 82
63 82
64 82
71 82
76 82
1 83
15 83
19 83
23 83
31 83
32 83
35 83
41 83
48 83
52 83
64 83
65 83
67 83
68 83
72 83
77 83
4 84
5 84
6 84
12 84
17 84
30 84
31 84
36 84
37 84
39 84
43 84
48 84
59 84
61 84
69 84
70 84
72 84
1 85
4 85
7 85
8 85
12 85
22 85
24 85
26 85
30 85
34 85
37 85
45 85
50 85
52 85
55 85
58 85
59 85
63 85
66 85
67 85
11 86
12 86
13 86
14 86
17 86
21 86
22 86
25 86
26 86
33 86
38 86
39 86
40 86
43 86
50 86
62 86
64 86
65 86
72 86
75 86
76 86
2 87
5 87
6 87
14 87
20 87
22 87
26 87
31 87
37 87
40 87
46 87
51 87
55 87
60 87
63 87
64 87
71 87
75 87
0 88
1 88
4 88
7 88
18 88
22 88
31 88
32 88
51 88
55 88
56 88
58 88
60 88
62 88
63 88
68 88
78 88
80 88
0 89
4 89
5 89
6 89
16 89
18 89
25 89
29 89
36 89
38 89
43 89
44 89
58 89
62 89
68 89
69 89
77 89
86 89
1 90
7 90
10 90
11 90
18 90
19 90
22 90
28 90
32 90
53 90
57 90
62 90
64 90
78 90
83 90
7 91
8 91
26 91
40 91
41 91
42 91
43 91
44 91
52 91
56 91
63 91
67 91
71 91
74 91
75 91
76 91
79 91
81 91
82 91
84 91
86 91
5 92
12 92
16 92
18 92
23 92
24 92
25 92
43 92
50 92
55 92
56 92
57 92
58 92
61 92
81 92
82 92
85 92
1 93
14 93
16 93
25 93
26 93
28 93
34 93
36 93
38 93
39 93
40 93
41 93
42 93
43 93
45 93
52 93
57 93
61 93
62 93
63 93
64 93
68 93
74 93
77 93
78 93
79 93
85 93
87 93
1 94
2 94
14 94
15 94
16 94
18 94
31 94
34 94
45 94
46 94
49 94
50 94
55 94
62 94
77 94
82 94
1 95
2 95
5 95
11 95
14 95
15 95
20 95
23 95
25 95
26 95
28 95
42 95
44 95
46 95
47 95
61 95
65 95
67 95
73 95
74 95
80 95
87 95
10 96
13 96
18 96
20 96
24 96
35 96
37 96
39 96
42 96
49 96
52 96
65 96
67 96
72 96
77 96
78 96
83 96
85 96
1 97
9 97
11 97
22 97
26 97
32 97
35 97
37 97
38 97
39 97
42 97
48 97
50 97
52 97
60 97
63 97
75 97
79 97
82 97
83 97
87 97
3 98
4 98
8 98
9 98
10 98
12 98
14 98
18 98
19 98
21 98
24 98
25 98
30 98
31 98
33 98
36 98
43 98
47 98
49 98
56 98
60 98
63 98
72 98
77 98
78 98
82 98
84 98
85 98
86 98
2 99
10 99
11 99
16 99
18 99
20 99
34 99
37 99
40 99
53 99
54 99
56 99
59 99
63 99
67 99
72 99
79 99
80 99
