100 592 4
9 1 11 2 1 16 12 9 45 11 4 8 19 8 34 5 6 16 21 32 18 21 9 8 2 12 13 30 7 4 1 16 20 3 6 15 2 4 6 15 18 8 20 27 20 9 13 2 3 10 24 3 6 34 27 8 8 7 14 8 4 23 6 4 34 11 16 6 14 7 13 11 2 2 17 28 8 10 4 21 2 8 4 29 5 12 1 2 14 2 2 8 5 1 7 7 15 11 4 6
0 3
5 7
0 8
3 8
7 10
4 11
5 11
10 11
11 12
2 13
8 13
9 13
7 14
9 14
12 14
9 15
0 16
3 16
6 16
11 16
12 16
6 17
9 17
3 18
12 19
0 20
1 20
6 20
11 20
16 20
6 21
8 21
20 21
8 22
11 22
12 22
20 22
8 23
12 23
13 23
15 23
1 24
9 24
10 24
17 24
1 25
16 26
15 27
18 27
15 28
18 28
24 28
26 28
6 29
17 29
6 30
8 31
18 31
0 32
2 32
4 32
17 32
21 32
22 32
30 32
10 33
22 33
23 33
7 34
11 34
12 34
13 34
14 34
2 35
13 35
18 35
6 36
15 36
16 36
34 36
6 37
10 37
27 37
36 37
3 38
11 38
12 38
19 38
27 38
30 38
9 39
18 39
25 39
4 40
11 40
24 40
0 41
25 41
28 41
0 42
2 42
8 42
12 42
20 42
25 42
26 42
34 42
0 43
1 43
8 43
13 43
25 43
7 44
9 44
12 44
33 44
38 44
9 45
10 45
18 45
36 45
44 45
1 46
15 46
22 46
35 46
37 46
39 46
40 46
1 47
9 47
22 47
27 47
34 47
36 47
1 48
7 48
19 48
25 48
20 49
25 49
33 49
37 49
5 50
20 50
44 50
0 51
13 51
21 51
24 51
29 51
30 51
33 51
35 51
40 51
49 51
2 52
4 52
8 52
10 52
11 52
15 52
21 52
40 52
43 52
6 53
13 53
25 53
33 53
41 53
13 54
24 54
25 54
27 54
39 54
41 54
46 54
53 54
2 55
20 55
26 55
37 55
42 55
2 56
11 56
16 56
19 56
23 56
27 56
4 57
16 57
18 57
19 57
21 57
31 57
33 57
47 57
51 57
56 57
17 58
30 58
34 58
36 58
41 58
48 58
9 59
10 59
16 59
18 59
22 59
23 59
31 59
47 59
56 59
0 60
40 60
52 60
1 61
2 61
8 61
9 61
12 61
19 61
30 61
41 61
47 61
57 61
31 62
32 62
37 62
42 62
43 62
51 62
54 62
59 62
6 63
7 63
9 63
11 63
20 63
57 63
62 63
2 64
4 64
9 64
20 64
21 64
29 64
50 64
55 64
57 64
58 64
0 65
7 65
22 65
23 65
47 65
53 65
57 65
8 66
9 66
18 66
22 66
30 66
44 66
51 66
53 66
55 66
59 66
61 66
22 67
45 67
47 67
54 67
56 67
61 67
62 67
4 68
17 68
44 68
49 68
59 68
10 69
35 69
48 69
53 69
65 69
15 70
23 70
27 70
33 70
34 70
38 70
41 70
47 70
49 70
64 70
2 71
16 71
25 71
29 71
39 71
65 71
1 72
9 72
21 72
23 72
42 72
47 72
50 72
55 72
9 73
20 73
36 73
39 73
44 73
54 73
55 73
59 73
65 73
1 74
8 74
23 74
27 74
29 74
40 74
50 74
56 74
57 74
59 74
63 74
65 74
5 75
12 75
24 75
27 75
48 75
49 75
50 75
60 75
10 76
12 76
14 76
31 76
40 76
41 76
64 76
72 76
75 76
2 77
10 77
11 77
24 77
28 77
33 77
34 77
49 77
61 77
76 77
4 78
11 78
17 78
26 78
29 78
33 78
59 78
64 78
66 78
39 79
72 79
3 80
5 80
9 80
11 80
14 80
28 80
37 80
51 80
56 80
69 80
71 80
75 80
9 81
14 81
17 81
21 81
35 81
39 81
43 81
51 81
58 81
66 81
2 82
8 82
13 82
17 82
20 82
26 82
30 82
31 82
32 82
44 82
51 82
58 82
66 82
68 82
0 83
1 83
11 83
17 83
20 83
33 83
37 83
42 83
43 83
53 83
66 83
72 83
80 83
2 84
7 84
19 84
29 84
32 84
64 84
72 84
74 84
5 85
9 85
10 85
17 85
49 85
81 85
4 86
22 86
39 86
44 86
49 86
53 86
57 86
59 86
67 86
70 86
74 86
6 87
9 87
19 87
38 87
41 87
49 87
55 87
76 87
78 87
0 88
4 88
10 88
26 88
28 88
37 88
50 88
54 88
57 88
60 88
64 88
71 88
73 88
74 88
76 88
1 89
2 89
8 89
9 89
19 89
21 89
25 89
43 89
52 89
53 89
67 89
82 89
83 89
1 90
14 90
25 90
41 90
42 90
50 90
68 90
82 90
87 90
88 90
0 91
3 91
19 91
34 91
37 91
44 91
47 91
65 91
66 91
78 91
79 91
86 91
3 92
11 92
14 92
29 92
32 92
38 92
52 92
61 92
62 92
64 92
68 92
70 92
73 92
85 92
89 92
7 93
18 93
21 93
34 93
45 93
62 93
63 93
4 94
11 94
16 94
17 94
19 94
46 94
50 94
64 94
75 94
77 94
83 94
89 94
22 95
23 95
42 95
43 95
57 95
72 95
73 95
79 95
85 95
9 96
10 96
24 96
26 96
37 96
41 96
42 96
50 96
70 96
72 96
77 96
78 96
79 96
80 96
2 97
7 97
16 97
23 97
39 97
41 97
42 97
57 97
65 97
71 97
76 97
88 97
5 98
12 98
13 98
17 98
28 98
29 98
41 98
51 98
64 98
65 98
67 98
71 98
85 98
2 99
11 99
19 99
43 99
58 99
63 99
79 99
