100 347 4
6 7 5 14 9 17 12 10 14 10 9 8 12 8 8 16 9 6 10 13 9 9 12 9 11 11 15 10 14 13 11 9 10 14 14 9 11 14 6 9 14 12 6 5 5 9 12 12 12 6 9 11 5 12 7 12 8 17 11 12 10 12 10 8 13 9 11 17 11 7 11 9 8 11 9 14 7 12 12 10 8 14 10 11 8 11 14 7 11 3 9 8 13 14 11 11 12 6 11 9
0 1
5 8
6 8
7 11
2 12
11 16
2 18
5 18
6 18
9 18
6 20
1 22
18 23
0 26
1 26
19 26
7 29
20 29
21 29
22 29
10 30
22 30
26 30
29 30
11 31
13 32
24 32
28 32
0 33
26 34
0 36
11 36
17 36
0 37
22 37
25 37
30 37
11 38
16 38
18 38
19 38
35 38
9 39
38 39
20 40
0 42
34 42
39 42
33 43
36 43
11 44
15 44
28 44
33 44
12 45
29 45
36 45
40 45
5 46
7 46
8 46
38 46
40 46
7 47
9 47
29 47
43 47
4 48
5 48
12 48
25 48
20 49
26 49
29 49
42 49
45 49
10 50
12 50
13 50
25 50
32 50
36 50
42 50
45 50
8 51
28 51
37 51
18 52
23 52
29 52
40 52
25 53
30 53
2 54
13 54
23 54
26 54
47 54
48 54
18 55
29 55
33 55
41 55
46 55
52 55
5 56
29 56
43 56
47 56
1 57
26 58
35 58
37 58
49 58
6 59
10 60
21 60
38 60
0 61
28 61
41 61
46 61
51 61
60 61
2 62
37 62
46 62
51 62
52 62
19 63
21 63
49 63
4 64
16 64
43 64
23 65
35 65
45 65
48 65
60 65
26 66
49 66
19 67
48 67
52 67
54 67
58 67
12 68
21 68
39 68
53 68
6 69
37 69
48 69
60 69
62 69
66 69
2 70
21 70
41 70
43 70
30 71
39 71
56 71
68 71
6 72
37 72
43 72
52 72
4 73
24 73
29 73
44 73
46 73
48 73
52 73
56 73
60 73
65 73
67 73
7 74
18 74
40 74
56 74
57 74
63 74
68 74
15 75
35 75
48 75
65 75
7 77
9 77
23 77
29 77
30 77
36 77
40 77
53 77
69 77
7 78
19 78
20 78
45 78
62 78
68 78
76 78
40 79
57 79
78 79
75 80
22 81
28 81
35 81
45 81
72 81
0 82
9 82
10 82
14 82
19 82
38 82
47 82
66 82
70 82
7 83
8 83
15 83
19 83
26 83
28 83
57 83
62 83
70 83
43 84
52 84
57 84
65 84
68 84
69 84
1 85
45 85
58 85
67 85
1 86
5 86
10 86
17 86
61 86
8 87
13 87
35 87
45 87
76 87
79 87
4 88
24 88
31 88
45 88
60 88
69 88
17 89
23 89
26 89
43 89
46 89
59 89
70 89
82 89
4 90
8 90
13 90
14 90
19 90
29 90
48 90
74 90
0 91
12 91
41 91
50 91
51 91
82 91
26 92
44 92
56 92
64 92
65 92
71 92
19 93
26 93
28 93
39 93
52 93
60 93
80 93
84 93
10 94
22 94
33 94
35 94
43 94
62 94
72 94
78 94
89 94
49 95
56 95
3 96
21 96
24 96
35 96
40 96
42 96
44 96
51 96
9 97
10 97
12 97
18 97
23 97
24 97
30 97
32 97
39 97
51 97
55 97
69 97
76 97
83 97
16 98
36 98
39 98
53 98
77 98
79 98
1 99
6 99
16 99
18 99
20 99
31 99
36 99
63 99
66 99
70 99
80 99
