100 844 4
9 10 11 12 13 13 11 16 9 10 13 13 9 15 16 12 10 12 10 5 11 10 6 8 11 7 8 11 11 14 12 8 12 9 3 15 7 7 9 10 7 14 12 13 9 12 13 11 14 13 7 12 11 6 5 12 12 4 7 5 5 8 7 7 5 7 9 9 12 10 12 11 11 12 15 8 11 6 14 10 12 9 14 5 13 12 7 10 10 6 7 8 9 8 15 10 8 17 8 10
0 1
0 2
0 5
0 6
0 7
3 7
0 9
0 10
9 10
8 11
1 12
6 12
7 12
10 12
11 12
8 13
9 13
4 15
13 16
2 17
6 17
3 18
9 18
12 18
1 19
8 20
16 20
19 20
1 21
4 21
5 21
14 21
15 21
19 21
2 22
10 22
17 22
20 22
15 23
20 23
21 23
0 24
7 24
11 24
16 24
17 24
23 24
1 25
7 25
10 25
20 25
23 25
25 26
3 28
6 28
9 28
17 28
18 28
22 28
0 29
2 29
2 30
5 30
8 30
18 30
24 30
25 30
2 31
12 31
19 31
24 31
3 32
6 32
9 32
13 32
15 32
19 32
27 32
30 32
3 33
4 33
12 33
14 33
20 33
22 33
24 33
27 33
29 33
3 34
4 34
13 34
14 34
16 34
19 34
25 34
26 34
7 35
10 35
19 35
23 35
30 35
6 36
7 36
17 36
22 36
25 36
26 36
33 36
6 37
9 37
18 37
21 37
26 37
30 37
7 38
10 38
11 38
14 38
32 38
35 38
0 39
6 39
7 39
11 39
17 39
18 39
24 39
25 39
28 39
29 39
30 39
32 39
35 39
2 40
4 40
5 40
9 40
16 40
20 40
23 40
33 40
36 40
38 40
2 41
10 41
30 41
34 41
3 42
4 42
9 42
13 42
14 42
22 42
32 42
36 42
38 42
41 42
16 43
26 43
40 43
0 44
6 44
22 44
26 44
36 44
38 44
41 44
42 44
8 45
16 45
17 45
29 45
34 45
37 45
0 46
11 46
14 46
20 46
22 46
25 46
30 46
45 46
0 47
8 47
10 47
15 47
26 47
35 47
45 47
5 48
6 48
15 48
16 48
17 48
19 48
32 48
33 48
34 48
37 48
42 48
0 49
4 49
5 49
9 49
11 49
13 49
23 49
29 49
31 49
32 49
34 49
1 50
17 50
18 50
23 50
25 50
34 50
3 51
7 51
11 51
12 51
15 51
16 51
22 51
25 51
42 51
43 51
0 52
10 52
13 52
15 52
20 52
21 52
32 52
37 52
40 52
44 52
46 52
0 53
1 53
3 53
12 53
23 53
25 53
35 53
38 53
0 54
7 54
10 54
12 54
26 54
32 54
37 54
39 54
40 54
44 54
45 54
46 54
47 54
0 55
4 55
9 55
15 55
27 55
37 55
51 55
52 55
53 55
54 55
2 56
3 56
21 56
28 56
45 56
52 56
13 57
17 57
19 57
22 57
31 57
43 57
45 57
50 57
52 57
54 57
0 58
5 58
18 58
21 58
25 58
28 58
31 58
33 58
35 58
40 58
42 58
49 58
52 58
56 58
57 58
3 59
5 59
7 59
8 59
11 59
16 59
21 59
37 59
39 59
40 59
44 59
55 59
8 60
11 60
18 60
30 60
34 60
39 60
46 60
50 60
58 60
17 61
27 61
58 61
0 62
12 62
15 62
21 62
22 62
25 62
28 62
46 62
47 62
48 62
50 62
55 62
56 62
57 62
59 62
61 62
0 63
2 63
3 63
6 63
8 63
12 63
16 63
20 63
15 64
28 64
40 64
42 64
59 64
62 64
63 64
5 65
14 65
16 65
23 65
26 65
29 65
43 65
46 65
57 65
58 65
64 65
1 66
4 66
8 66
11 66
16 66
18 66
20 66
27 66
28 66
39 66
42 66
45 66
46 66
52 66
60 66
6 67
7 67
9 67
21 67
35 67
46 67
61 67
13 68
19 68
20 68
22 68
25 68
31 68
33 68
53 68
57 68
59 68
60 68
62 68
67 68
9 69
12 69
15 69
19 69
23 69
24 69
30 69
36 69
37 69
44 69
45 69
48 69
3 70
4 70
12 70
29 70
31 70
34 70
36 70
43 70
44 70
52 70
59 70
66 70
3 71
4 71
7 71
10 71
15 71
18 71
20 71
23 71
29 71
39 71
49 71
51 71
55 71
60 71
63 71
65 71
68 71
69 71
4 72
13 72
14 72
17 72
18 72
25 72
26 72
30 72
37 72
40 72
42 72
43 72
46 72
50 72
56 72
69 72
15 73
16 73
21 73
27 73
29 73
31 73
48 73
51 73
52 73
60 73
63 73
64 73
3 74
15 74
22 74
31 74
33 74
36 74
49 74
53 74
54 74
55 74
60 74
61 74
65 74
1 75
2 75
7 75
8 75
17 75
26 75
27 75
30 75
31 75
32 75
36 75
46 75
50 75
51 75
66 75
5 76
8 76
17 76
19 76
30 76
43 76
44 76
47 76
55 76
59 76
66 76
70 76
73 76
3 77
16 77
24 77
32 77
33 77
35 77
39 77
40 77
41 77
46 77
51 77
54 77
56 77
66 77
2 78
8 78
10 78
19 78
23 78
25 78
27 78
29 78
31 78
33 78
34 78
53 78
64 78
68 78
69 78
72 78
75 78
76 78
22 79
24 79
26 79
35 79
42 79
49 79
62 79
68 79
69 79
72 79
4 80
16 80
23 80
27 80
33 80
42 80
44 80
47 80
61 80
67 80
70 80
72 80
77 80
78 80
0 81
2 81
8 81
16 81
20 81
27 81
29 81
32 81
37 81
40 81
41 81
44 81
58 81
65 81
71 81
10 82
15 82
19 82
20 82
38 82
56 82
66 82
71 82
74 82
79 82
14 83
26 83
30 83
37 83
40 83
42 83
52 83
60 83
62 83
77 83
82 83
3 84
16 84
17 84
19 84
26 84
33 84
41 84
43 84
49 84
59 84
64 84
70 84
71 84
74 84
76 84
2 85
15 85
20 85
25 85
28 85
38 85
39 85
40 85
52 85
69 85
79 85
0 86
7 86
15 86
19 86
26 86
38 86
39 86
49 86
61 86
62 86
69 86
72 86
76 86
77 86
79 86
80 86
81 86
9 87
10 87
12 87
23 87
35 87
40 87
50 87
57 87
82 87
83 87
84 87
85 87
86 87
0 88
13 88
22 88
23 88
26 88
28 88
34 88
42 88
46 88
56 88
62 88
65 88
77 88
79 88
83 88
0 89
8 89
11 89
18 89
21 89
26 89
33 89
34 89
37 89
51 89
53 89
54 89
61 89
70 89
76 89
80 89
10 90
14 90
24 90
30 90
37 90
43 90
44 90
45 90
48 90
61 90
62 90
67 90
70 90
72 90
77 90
80 90
83 90
1 91
17 91
18 91
22 91
23 91
29 91
33 91
35 91
40 91
42 91
43 91
62 91
68 91
71 91
72 91
86 91
10 92
29 92
37 92
38 92
54 92
67 92
74 92
76 92
84 92
5 93
22 93
33 93
35 93
41 93
51 93
62 93
81 93
85 93
89 93
4 94
9 94
11 94
13 94
23 94
24 94
27 94
30 94
35 94
37 94
48 94
67 94
68 94
69 94
80 94
82 94
86 94
13 95
14 95
31 95
32 95
34 95
37 95
41 95
45 95
51 95
54 95
61 95
73 95
82 95
2 96
4 96
11 96
15 96
17 96
24 96
26 96
31 96
33 96
34 96
37 96
40 96
42 96
58 96
63 96
75 96
76 96
78 96
84 96
90 96
93 96
1 97
7 97
10 97
14 97
20 97
25 97
28 97
29 97
32 97
35 97
44 97
51 97
66 97
67 97
68 97
75 97
90 97
93 97
4 98
13 98
15 98
22 98
27 98
28 98
32 98
35 98
42 98
43 98
46 98
50 98
56 98
57 98
61 98
75 98
2 99
22 99
23 99
31 99
32 99
33 99
38 99
39 99
45 99
65 99
72 99
76 99
86 99
90 99
97 99
98 99
