100 684 4
1 9 10 3 1 1 8 5 2 5 1 10 10 7 5 8 2 5 3 5 9 3 3 6 3 10 1 9 10 1 4 6 2 1 8 8 10 3 10 1 3 4 6 2 2 1 9 8 6 6 2 4 3 9 4 5 7 5 8 1 2 6 3 10 3 5 5 9 9 9 8 2 2 3 6 9 5 1 10 9 4 1 2 5 2 4 1 6 6 3 10 9 10 7 3 8 9 10 2 4
0 5
3 6
1 7
4 7
0 8
3 9
8 9
0 10
3 10
3 11
6 11
7 11
2 12
1 13
9 13
2 14
6 14
11 14
0 15
4 15
6 15
7 15
0 16
8 16
10 17
0 18
5 18
14 18
1 19
7 20
15 20
0 21
2 21
7 21
12 22
19 22
14 23
2 24
10 24
14 24
17 24
19 24
7 25
8 25
5 26
8 26
9 26
11 26
21 26
24 26
0 27
14 27
16 27
21 27
3 28
5 28
10 28
12 28
16 28
17 28
27 28
0 29
1 29
10 29
17 29
26 29
1 30
3 30
16 30
6 31
26 31
28 31
2 32
3 32
7 32
13 32
17 32
9 33
18 33
31 33
32 33
3 34
9 34
13 34
20 34
23 34
30 34
3 35
5 35
14 35
15 35
8 36
27 36
0 37
5 37
28 37
32 37
33 37
36 37
6 38
12 38
14 38
23 38
25 38
31 38
11 39
15 39
17 39
24 39
28 39
29 39
36 39
9 40
11 40
13 40
31 40
5 41
8 41
12 41
22 41
26 41
33 41
36 41
8 42
20 42
22 42
25 42
35 42
36 42
2 43
22 43
31 43
20 44
43 44
2 45
14 45
31 45
38 45
42 45
44 45
5 46
11 46
12 46
15 46
24 46
34 46
41 46
42 46
43 46
10 47
15 47
18 47
19 47
22 47
25 47
34 47
3 48
10 48
21 48
28 48
29 48
32 48
0 49
1 49
7 49
9 49
18 49
29 49
30 49
36 49
37 49
41 49
47 49
7 50
18 50
23 50
39 50
42 50
43 50
0 51
2 51
25 51
26 51
29 51
39 51
40 51
42 51
43 51
0 52
15 52
20 52
27 52
34 52
35 52
44 52
13 53
17 53
21 53
31 53
2 54
19 54
22 54
24 54
39 54
43 54
45 54
4 55
20 55
21 55
24 55
27 55
31 55
34 55
42 55
44 55
53 55
2 56
15 56
23 56
33 56
35 56
44 56
46 56
54 56
4 57
7 57
13 57
18 57
21 57
42 57
43 57
49 57
51 57
56 57
0 58
6 58
9 58
10 58
12 58
15 58
16 58
23 58
29 58
33 58
41 58
42 58
46 58
52 58
53 58
0 59
1 59
30 59
42 59
43 59
53 59
6 60
10 60
12 60
29 60
34 60
37 60
40 60
51 60
13 61
17 61
25 61
28 61
29 61
38 61
39 61
44 61
51 61
3 62
7 62
25 62
35 62
39 62
47 62
57 62
1 63
3 63
5 63
10 63
15 63
32 63
33 63
55 63
60 63
5 64
13 64
16 64
18 64
50 64
54 64
61 64
62 64
3 65
9 65
13 65
29 65
46 65
51 65
58 65
60 65
0 66
4 66
8 66
13 66
24 66
26 66
27 66
40 66
42 66
53 66
60 66
62 66
9 67
15 67
24 67
39 67
41 67
50 67
8 68
10 68
11 68
16 68
28 68
29 68
43 68
57 68
59 68
1 69
5 69
18 69
19 69
44 69
53 69
57 69
67 69
0 70
5 70
6 70
36 70
37 70
57 70
4 71
8 71
11 71
24 71
32 71
41 71
63 71
70 71
3 72
8 72
12 72
13 72
22 72
28 72
34 72
56 72
57 72
60 72
66 72
68 72
1 73
10 73
23 73
50 73
53 73
54 73
56 73
57 73
65 73
67 73
5 74
14 74
34 74
35 74
37 74
43 74
44 74
47 74
49 74
53 74
61 74
65 74
17 75
21 75
25 75
30 75
34 75
42 75
65 75
68 75
69 75
70 75
71 75
11 76
17 76
25 76
26 76
39 76
46 76
64 76
21 77
28 77
33 77
35 77
39 77
50 77
51 77
56 77
63 77
67 77
70 77
73 77
75 77
0 78
7 78
14 78
29 78
34 78
46 78
55 78
61 78
73 78
74 78
22 79
25 79
30 79
45 79
46 79
47 79
56 79
66 79
68 79
72 79
74 79
75 79
78 79
44 80
45 80
52 80
66 80
5 81
9 81
11 81
18 81
21 81
36 81
37 81
50 81
55 81
56 81
66 81
67 81
73 81
78 81
1 82
25 82
27 82
28 82
33 82
54 82
56 82
60 82
66 82
67 82
72 82
73 82
78 82
7 83
8 83
20 83
22 83
25 83
30 83
34 83
39 83
50 83
65 83
66 83
28 84
33 84
38 84
40 84
46 84
73 84
7 85
14 85
15 85
31 85
62 85
68 85
69 85
82 85
83 85
2 86
7 86
35 86
54 86
56 86
63 86
76 86
79 86
13 87
20 87
40 87
54 87
56 87
61 87
68 87
83 87
10 88
11 88
15 88
25 88
26 88
27 88
29 88
30 88
32 88
44 88
51 88
59 88
65 88
74 88
78 88
79 88
87 88
0 89
10 89
19 89
33 89
47 89
58 89
64 89
68 89
79 89
83 89
85 89
4 90
15 90
20 90
29 90
34 90
35 90
42 90
45 90
48 90
74 90
4 91
20 91
21 91
28 91
31 91
37 91
41 91
46 91
63 91
69 91
76 91
77 91
80 91
86 91
3 92
4 92
13 92
25 92
32 92
37 92
46 92
48 92
63 92
64 92
69 92
78 92
80 92
84 92
4 93
13 93
17 93
25 93
26 93
32 93
34 93
59 93
60 93
75 93
78 93
1 94
4 94
9 94
21 94
26 94
30 94
31 94
37 94
47 94
50 94
54 94
75 94
85 94
86 94
89 94
92 94
2 95
15 95
18 95
29 95
31 95
33 95
35 95
36 95
42 95
54 95
56 95
61 95
68 95
80 95
24 96
31 96
38 96
46 96
49 96
51 96
53 96
57 96
62 96
63 96
67 96
79 96
0 97
5 97
14 97
24 97
35 97
40 97
45 97
50 97
54 97
60 97
66 97
70 97
75 97
79 97
81 97
83 97
87 97
91 97
92 97
3 98
5 98
7 98
8 98
31 98
37 98
38 98
41 98
51 98
62 98
66 98
81 98
87 98
89 98
90 98
96 98
0 99
6 99
13 99
17 99
34 99
36 99
40 99
41 99
45 99
51 99
55 99
70 99
72 99
77 99
89 99
93 99
