100 333 4
3 14 9 11 9 9 15 15 10 13 16 3 12 16 4 3 16 20 12 6 3 17 12 10 16 8 5 7 6 4 2 2 19 4 4 3 8 18 18 5 5 3 11 18 16 19 8 4 4 13 15 19 4 14 7 1 8 5 20 8 7 2 19 18 10 5 15 8 18 18 1 7 7 18 2 8 11 2 20 12 16 12 3 3 13 15 1 19 16 19 15 6 14 1 3 2 17 9 7 20
3 15
5 15
7 15
8 15
10 15
0 17
1 17
10 17
4 21
8 21
21 23
0 25
11 25
7 26
11 26
14 26
0 27
20 27
18 28
13 29
19 29
8 30
15 30
7 31
20 31
1 33
6 33
25 33
9 34
15 34
28 34
29 34
8 35
9 36
5 37
18 37
5 39
14 39
18 39
21 39
22 39
27 39
29 39
0 40
5 40
21 40
21 41
30 41
2 42
7 42
13 42
1 43
22 43
28 43
30 43
18 44
27 44
18 45
23 45
26 45
29 45
11 46
1 47
6 48
20 48
24 48
0 49
1 49
14 49
22 49
27 49
2 50
3 50
9 50
18 50
2 51
18 51
25 51
28 51
2 52
4 52
25 52
2 53
5 54
6 54
16 54
2 55
41 55
4 56
25 56
2 57
8 57
14 57
34 57
35 57
37 57
48 57
54 57
12 58
16 58
35 58
52 58
3 59
14 59
48 59
51 59
55 59
18 60
42 60
2 61
20 61
29 61
33 61
41 61
52 61
2 62
14 62
28 62
32 62
35 62
41 62
6 63
45 63
47 63
32 64
40 64
58 64
5 65
17 65
31 65
33 65
35 65
55 65
56 65
58 65
59 65
3 66
47 66
7 67
8 67
61 67
10 68
12 68
22 68
32 68
38 68
54 68
40 69
45 69
59 69
60 69
19 70
25 70
40 70
45 70
56 70
2 71
16 71
20 71
28 71
38 71
1 72
4 72
22 72
41 72
46 72
50 72
51 72
0 73
8 73
41 73
52 73
55 73
61 73
25 74
26 74
29 74
33 75
46 75
49 75
18 76
20 76
25 76
27 76
29 76
44 76
55 76
63 76
14 77
25 77
30 77
38 77
67 77
49 78
56 78
68 78
68 79
6 80
21 80
30 80
55 80
56 80
12 81
14 81
34 81
58 81
52 82
7 83
26 83
29 83
43 83
49 83
54 83
62 83
66 83
67 83
70 83
74 83
10 84
20 84
29 84
31 84
39 84
46 84
27 85
31 85
50 85
62 85
12 86
23 86
49 86
51 86
71 86
0 87
10 87
27 87
30 87
38 87
41 87
68 87
3 88
6 88
14 88
27 88
53 88
79 88
80 88
3 89
30 89
44 89
52 89
65 89
71 89
2 90
3 90
11 90
14 90
15 90
24 90
26 90
34 90
46 90
60 90
65 90
79 90
10 91
14 91
20 91
24 91
26 91
43 91
61 91
66 91
79 91
6 92
26 92
30 92
70 92
4 93
9 93
13 93
23 93
40 93
63 93
64 93
78 93
1 94
10 94
11 94
12 94
17 94
37 94
41 94
42 94
44 94
58 94
86 94
10 95
48 95
52 95
62 95
73 95
77 95
80 95
31 96
54 96
74 96
86 96
88 96
91 96
92 96
5 97
14 97
15 97
25 97
48 97
51 97
60 97
61 97
70 97
12 98
13 98
54 98
72 98
80 98
89 98
2 99
10 99
11 99
28 99
48 99
49 99
64 99
