100 219 4
17 1 14 11 7 31 2 6 1 9 8 30 11 5 41 21 3 12 6 4 1 5 24 7 3 4 35 8 12 10 9 21 14 13 10 3 10 2 13 23 12 19 6 19 8 4 3 9 7 9 9 2 4 4 4 6 11 11 1 5 14 14 20 22 1 5 11 14 3 2 1 4 1 28 24 36 6 5 11 1 1 8 3 2 1 5 18 2 10 17 19 3 10 2 46 3 15 3 16 12
3 13
9 14
7 15
7 16
2 19
3 19
1 21
11 21
20 21
2 22
3 22
4 23
12 24
16 26
9 27
12 27
16 27
19 28
15 29
15 30
17 30
19 31
15 32
5 33
2 34
13 34
6 35
2 36
3 37
10 38
22 38
3 39
32 39
10 40
27 40
30 40
2 41
2 42
4 42
32 43
13 44
15 44
20 44
22 45
2 46
15 47
21 47
37 47
8 48
38 48
16 49
10 50
21 51
22 51
28 51
14 52
38 52
4 53
7 53
34 53
30 54
40 54
7 55
26 55
42 55
8 56
43 56
1 57
3 57
6 57
20 57
31 57
9 59
22 59
27 60
29 60
35 60
32 61
58 61
6 62
9 62
4 63
22 63
23 63
44 63
45 64
57 64
3 65
36 65
59 65
4 66
8 66
9 66
21 66
48 66
16 68
22 68
33 68
9 69
20 69
0 70
6 70
16 70
22 70
17 71
9 72
29 72
44 72
58 72
67 72
70 72
7 73
8 73
15 73
37 73
34 74
49 74
55 74
57 74
10 76
13 76
15 76
19 76
25 76
36 76
66 76
9 77
46 77
64 77
14 78
15 78
43 78
53 78
59 78
28 79
31 79
40 79
54 79
60 79
19 80
46 80
7 82
62 82
73 82
2 83
34 83
45 83
48 83
70 83
36 84
31 85
59 85
61 85
64 85
17 86
51 86
71 86
17 87
35 87
76 87
5 88
9 88
20 88
28 88
48 88
37 89
45 89
47 89
70 89
0 90
19 90
49 90
55 90
64 90
76 90
79 90
80 90
1 91
4 91
13 91
19 91
32 91
66 91
1 92
11 92
17 92
34 92
39 92
54 92
70 92
5 93
91 93
25 94
64 94
69 94
71 94
83 94
17 95
35 95
43 95
61 95
21 96
38 96
47 96
74 96
92 96
0 97
6 97
30 97
68 97
85 97
91 97
12 98
25 98
57 98
87 98
11 99
64 99
92 99
