100 724 16
13 2 9 5 8 6 11 1 24 3 3 6 19 13 1 3 1 3 15 22 25 12 12 3 11 10 17 8 19 2 2 4 8 8 5 11 42 39 4 6 6 7 3 10 2 15 9 4 3 3 2 47 14 28 3 4 5 1 9 40 3 10 18 1 9 19 35 7 5 3 7 5 5 2 5 7 6 16 8 16 29 5 3 8 13 37 4 13 24 12 5 3 4 40 2 8 6 8 3 5
4 9
1 10
6 10
3 12
7 12
8 12
0 14
4 14
7 14
5 15
8 15
5 16
7 16
8 16
1 17
4 17
5 18
3 19
5 20
6 20
0 21
8 21
9 21
10 21
19 21
2 22
4 22
9 22
17 22
10 23
12 23
11 24
2 25
15 25
0 26
1 26
2 26
3 26
4 26
5 26
10 26
13 26
20 26
1 27
10 27
2 28
11 28
12 28
2 29
8 29
13 29
17 29
23 29
1 30
4 30
5 30
13 30
14 30
16 30
23 30
1 32
13 32
15 32
3 33
9 33
19 33
1 34
3 34
4 34
7 34
10 34
11 34
16 34
17 34
21 34
26 34
0 35
9 35
11 35
13 35
25 35
6 36
10 36
12 36
14 36
25 36
26 36
13 37
15 37
16 37
17 37
21 37
24 37
32 37
0 38
1 38
4 38
5 38
7 38
11 38
12 38
23 38
24 38
25 38
34 38
0 39
8 39
10 39
24 39
33 39
0 40
20 40
22 40
23 40
25 40
32 40
1 41
7 41
9 41
13 41
20 41
22 41
26 41
32 41
6 42
9 42
10 42
14 42
23 42
32 42
0 43
4 43
22 43
30 43
4 44
6 44
22 44
32 44
1 45
2 45
3 45
12 45
20 45
10 46
12 46
26 46
34 46
8 47
10 47
24 47
26 47
31 47
0 48
4 48
6 48
7 48
10 48
19 48
27 48
32 48
3 49
17 49
23 49
26 49
29 49
1 50
3 50
9 50
10 50
26 50
31 50
33 50
35 50
37 50
49 50
1 51
4 51
5 51
7 51
12 51
15 51
20 51
34 51
0 52
2 52
4 52
29 52
31 52
34 52
46 52
47 52
1 53
9 53
12 53
14 53
19 53
23 53
43 53
45 53
14 54
19 54
25 54
31 54
49 54
5 55
10 55
15 55
19 55
21 55
33 55
40 55
31 56
41 56
48 56
0 57
3 57
4 57
10 57
11 57
12 57
14 57
15 57
18 57
25 57
29 57
30 57
31 57
45 57
48 57
0 58
6 58
8 58
10 58
12 58
15 58
19 58
26 58
35 58
43 58
44 58
45 58
12 59
37 59
38 59
39 59
51 59
57 59
0 60
8 60
22 60
24 60
26 60
30 60
32 60
33 60
47 60
50 60
51 60
52 60
53 60
2 61
3 61
10 61
21 61
22 61
25 61
32 61
41 61
54 61
57 61
2 62
3 62
8 62
9 62
18 62
22 62
25 62
27 62
31 62
39 62
40 62
46 62
0 63
1 63
6 63
11 63
12 63
14 63
16 63
19 63
28 63
29 63
41 63
42 63
52 63
0 64
4 64
23 64
25 64
33 64
46 64
54 64
1 65
3 65
6 65
9 65
10 65
20 65
21 65
31 65
46 65
48 65
52 65
54 65
0 66
1 66
16 66
21 66
22 66
36 66
46 66
47 66
51 66
6 67
29 67
36 67
37 67
40 67
42 67
54 67
57 67
3 68
9 68
10 68
13 68
26 68
27 68
33 68
35 68
36 68
39 68
45 68
49 68
52 68
7 69
8 69
17 69
18 69
20 69
34 69
45 69
48 69
50 69
51 69
55 69
58 69
2 70
8 70
10 70
17 70
18 70
24 70
27 70
37 70
50 70
53 70
58 70
1 71
2 71
8 71
18 71
23 71
33 71
36 71
42 71
0 72
16 72
32 72
33 72
37 72
44 72
52 72
2 73
5 73
12 73
16 73
23 73
27 73
33 73
38 73
44 73
53 73
1 74
3 74
8 74
13 74
18 74
20 74
21 74
42 74
56 74
59 74
61 74
65 74
68 74
69 74
72 74
73 74
18 75
19 75
22 75
27 75
40 75
49 75
51 75
52 75
53 75
55 75
62 75
66 75
73 75
0 76
1 76
3 76
19 76
25 76
33 76
47 76
49 76
52 76
53 76
57 76
58 76
59 76
60 76
67 76
2 77
9 77
12 77
16 77
28 77
31 77
40 77
41 77
45 77
47 77
57 77
65 77
68 77
69 77
70 77
1 78
3 78
18 78
19 78
24 78
54 78
55 78
58 78
67 78
68 78
4 79
28 79
35 79
41 79
46 79
57 79
68 79
2 80
4 80
7 80
10 80
22 80
26 80
27 80
28 80
34 80
43 80
50 80
52 80
59 80
1 81
2 81
5 81
6 81
9 81
12 81
25 81
50 81
58 81
59 81
60 81
62 81
66 81
67 81
69 81
70 81
72 81
1 82
5 82
6 82
7 82
13 82
18 82
22 82
28 82
43 82
46 82
48 82
57 82
2 83
4 83
9 83
16 83
19 83
24 83
25 83
41 83
47 83
49 83
65 83
67 83
73 83
0 84
2 84
6 84
20 84
21 84
24 84
45 84
52 84
57 84
63 84
4 85
18 85
20 85
23 85
27 85
36 85
37 85
58 85
63 85
68 85
75 85
82 85
4 86
8 86
20 86
25 86
28 86
33 86
39 86
48 86
55 86
62 86
66 86
67 86
69 86
73 86
83 86
0 87
3 87
6 87
11 87
15 87
30 87
41 87
53 87
68 87
71 87
73 87
75 87
9 88
11 88
29 88
31 88
34 88
35 88
36 88
38 88
44 88
52 88
53 88
55 88
73 88
75 88
80 88
1 89
8 89
19 89
22 89
28 89
29 89
30 89
33 89
40 89
46 89
47 89
50 89
54 89
57 89
59 89
61 89
64 89
65 89
67 89
0 90
14 90
23 90
28 90
29 90
35 90
37 90
84 90
8 91
16 91
17 91
22 91
27 91
47 91
52 91
53 91
55 91
68 91
71 91
0 92
8 92
17 92
22 92
47 92
63 92
75 92
2 93
8 93
10 93
25 93
26 93
30 93
41 93
42 93
44 93
47 93
52 93
55 93
57 93
60 93
67 93
72 93
81 93
84 93
3 94
22 94
26 94
30 94
31 94
42 94
43 94
50 94
55 94
56 94
58 94
76 94
79 94
2 95
6 95
7 95
8 95
12 95
15 95
36 95
66 95
67 95
70 95
93 95
2 96
9 96
14 96
20 96
21 96
28 96
57 96
72 96
80 96
85 96
88 96
0 97
17 97
20 97
21 97
34 97
36 97
38 97
39 97
43 97
45 97
50 97
55 97
79 97
82 97
91 97
6 98
13 98
15 98
18 98
26 98
34 98
40 98
43 98
60 98
65 98
68 98
74 98
75 98
84 98
85 98
1 99
6 99
17 99
23 99
32 99
61 99
71 99
78 99
86 99
