100 363 4
6 5 5 6 6 5 4 6 5 6 7 3 4 4 6 6 5 5 5 6 5 5 4 6 5 4 4 4 6 5 7 5 6 7 7 7 5 6 5 6 5 4 6 6 5 5 5 6 7 6 5 5 5 7 5 4 6 6 7 7 5 7 6 6 6 5 4 6 6 6 6 4 5 5 5 5 7 6 7 4 6 5 6 5 7 4 5 4 5 6 4 6 6 6 4 7 5 5 5 6
7 10
6 13
8 14
7 18
10 18
7 19
11 19
5 20
8 21
11 21
4 22
10 22
0 23
2 23
17 23
1 24
14 24
3 25
9 25
0 26
8 26
16 26
14 27
0 28
1 28
22 28
0 29
2 29
15 29
27 29
9 30
12 30
26 30
27 30
11 31
16 31
7 32
26 32
6 33
23 33
7 34
25 36
3 37
5 37
8 37
12 37
14 37
22 37
19 38
12 39
6 40
18 40
22 40
3 41
14 41
17 41
10 42
25 42
8 43
15 43
33 43
38 43
40 43
4 44
13 44
16 44
22 44
24 44
36 44
6 46
17 46
41 46
1 47
9 47
12 47
7 48
40 48
14 49
22 49
25 49
39 49
3 50
16 50
17 50
23 50
48 50
5 51
7 51
26 51
28 51
49 51
8 52
25 52
45 53
1 54
3 54
10 54
13 54
16 54
34 54
33 55
39 55
10 56
21 56
36 56
45 56
48 56
49 56
8 57
12 57
19 57
1 58
7 58
45 58
11 59
14 59
27 59
40 59
44 59
12 60
24 60
37 60
48 60
7 61
10 61
12 61
18 61
0 62
10 62
44 62
5 63
24 63
39 63
60 63
7 64
8 64
14 64
21 64
22 64
39 64
40 64
10 65
13 65
14 65
55 65
58 65
28 66
41 66
43 66
45 66
57 66
6 67
14 67
24 67
59 67
19 68
51 68
1 69
6 69
14 69
21 69
34 69
51 69
56 69
2 70
14 70
22 70
31 70
34 70
53 70
10 71
27 71
53 71
61 71
13 72
14 72
42 72
50 72
60 72
61 72
12 73
39 73
53 73
56 73
57 73
14 74
15 74
44 74
48 74
53 74
56 74
61 74
4 75
7 75
22 75
31 75
35 75
44 75
60 75
62 75
14 76
41 76
51 76
56 76
2 77
27 77
35 77
45 77
50 77
7 78
18 78
25 78
29 78
30 78
55 78
63 78
66 78
72 78
14 79
36 79
38 79
48 79
56 79
59 79
5 80
12 80
28 80
48 80
65 80
12 81
22 81
38 81
43 81
60 81
79 81
7 82
23 82
43 82
67 82
22 83
27 83
53 83
56 83
66 83
75 83
3 84
9 84
32 84
44 84
68 84
78 84
15 85
26 85
31 85
38 85
42 85
75 85
13 86
26 86
27 86
35 86
41 86
53 86
63 86
15 87
28 87
50 87
70 87
74 87
77 87
10 88
17 88
18 88
22 88
28 88
32 88
40 88
55 88
56 88
4 89
25 89
30 89
38 89
46 89
52 89
58 89
62 89
67 89
8 90
47 90
64 90
70 90
77 90
82 90
4 91
22 91
26 91
27 91
35 91
53 91
54 91
66 91
88 91
3 92
17 92
27 92
39 92
40 92
44 92
54 92
73 92
75 92
85 92
11 93
15 93
41 93
48 93
71 93
74 93
19 94
25 94
27 94
34 94
43 94
44 94
51 94
63 94
75 94
8 95
28 95
32 95
38 95
39 95
82 95
14 96
30 96
33 96
38 96
49 96
51 96
63 96
65 96
80 96
38 97
41 97
46 97
47 97
52 97
58 97
76 97
13 98
16 98
30 98
69 98
70 98
73 98
81 98
8 99
10 99
16 99
45 99
85 99
86 99
