100 255 4
12 14 9 12 11 11 12 8 10 8 13 14 12 7 11 16 10 6 7 14 9 13 11 10 7 9 14 13 8 12 12 13 10 12 10 10 9 11 7 8 8 9 12 11 13 12 12 12 11 7 8 12 14 11 13 10 11 6 16 3 12 10 14 13 10 6 12 15 11 13 7 12 10 11 13 8 9 11 13 10 16 8 7 11 16 5 10 12 14 12 12 7 9 10 15 7 12 14 9 10
1 12
3 12
8 12
4 14
3 16
7 16
0 17
3 17
5 20
7 21
8 21
5 22
12 22
16 22
10 23
4 24
20 24
19 25
3 26
10 26
9 27
15 28
15 30
12 31
4 33
2 34
15 34
24 34
1 35
13 36
23 37
24 37
4 38
6 38
17 38
2 39
8 39
27 39
5 40
4 41
28 41
31 41
2 42
34 43
21 44
18 45
23 45
38 47
2 48
13 48
24 48
16 50
29 51
34 51
35 51
42 51
25 52
30 52
45 52
0 53
10 53
15 53
17 53
23 53
25 53
27 53
31 53
38 53
41 53
42 53
37 55
38 55
17 56
30 56
5 57
27 57
43 57
48 57
11 58
47 58
17 59
42 59
52 59
16 60
19 60
34 60
41 60
29 61
40 61
20 62
28 62
30 62
44 62
7 63
15 63
31 63
37 63
41 63
48 64
43 65
52 65
1 66
48 66
16 67
28 67
3 68
4 68
23 68
46 68
0 69
1 69
29 69
50 69
55 69
12 70
19 70
39 70
59 70
62 70
53 71
67 71
13 72
25 72
13 73
17 73
29 73
22 74
38 74
40 74
48 74
51 74
58 74
10 75
11 75
21 75
35 76
2 77
4 77
21 77
23 77
46 77
49 77
12 78
18 78
62 78
14 79
18 79
24 79
44 79
66 79
15 80
37 80
46 80
53 80
17 81
33 81
34 81
36 81
50 81
15 82
25 82
27 82
52 82
75 82
49 83
51 83
53 83
62 83
2 84
16 84
10 85
30 85
37 85
45 85
58 85
59 85
71 85
81 85
5 86
12 86
24 86
37 86
39 86
66 86
5 87
34 87
51 87
57 87
64 87
4 88
6 88
25 88
43 88
68 88
80 88
81 88
39 89
45 89
49 89
16 90
18 90
56 90
61 90
38 91
39 91
43 91
75 91
81 91
4 92
6 92
10 92
22 92
26 92
43 92
56 92
78 92
28 93
32 93
43 93
51 93
64 93
67 93
10 94
12 94
32 94
64 94
23 95
42 95
58 95
73 95
82 95
86 95
93 95
18 96
19 96
35 96
65 96
83 96
13 97
26 97
39 97
67 97
76 97
24 98
27 98
69 98
90 98
3 99
22 99
39 99
42 99
45 99
46 99
53 99
76 99
