100 784 4
6 11 11 11 9 10 7 9 11 14 11 4 15 8 13 12 8 9 12 18 14 7 5 12 4 11 7 8 5 9 9 9 10 11 9 11 12 13 11 9 10 14 10 13 8 12 10 5 13 5 9 13 12 7 12 10 16 13 9 11 17 10 11 12 11 16 18 8 11 13 11 11 10 13 11 8 13 11 12 13 8 9 14 11 12 7 11 7 10 15 6 16 11 14 13 9 11 6 14 10
2 8
7 8
1 11
4 11
5 11
7 11
5 12
7 12
0 13
3 13
5 13
7 14
4 15
0 16
7 16
10 16
14 16
15 16
6 17
10 17
11 17
4 18
5 19
11 19
13 19
0 20
2 20
1 21
3 21
10 21
11 21
5 22
0 23
2 23
1 24
9 24
14 24
3 25
10 25
14 25
3 26
8 26
14 26
6 27
26 27
0 28
5 28
11 28
19 28
14 29
15 29
16 29
19 29
23 29
25 29
2 30
4 30
16 30
18 30
24 30
10 31
17 31
14 32
21 32
4 33
8 33
9 33
14 33
16 33
20 33
21 33
22 33
23 33
25 33
3 34
24 34
25 34
29 34
32 34
33 34
1 35
4 35
11 35
20 35
21 35
27 35
28 35
31 35
32 35
0 36
3 36
17 36
24 36
33 36
0 37
11 37
12 37
13 37
17 37
23 38
25 38
0 39
4 39
10 39
14 39
15 39
27 39
28 39
32 39
33 39
0 40
1 40
3 40
4 40
5 40
9 40
10 40
22 40
24 40
26 40
30 40
2 41
4 41
20 41
21 41
29 41
0 42
10 42
12 42
13 42
17 42
18 42
24 42
28 42
32 42
0 43
2 43
15 43
25 43
7 44
11 44
12 44
13 44
20 44
28 44
5 45
9 45
10 45
13 45
21 45
23 45
24 45
28 45
32 45
2 46
3 46
7 46
14 46
16 46
21 46
25 46
27 46
0 47
3 47
5 47
13 47
16 47
26 47
28 47
32 47
5 48
8 48
19 48
20 48
22 48
26 48
32 48
3 49
8 49
9 49
10 49
14 49
17 49
19 49
28 49
5 50
15 50
20 50
3 51
6 51
8 51
11 51
25 51
26 51
35 51
47 51
48 51
50 51
4 52
5 52
10 52
15 52
24 52
28 52
2 53
4 53
7 53
9 53
16 53
47 53
11 54
21 54
22 54
26 54
29 54
34 54
37 54
47 54
19 55
25 55
30 55
45 55
3 56
8 56
12 56
15 56
27 56
28 56
36 56
45 56
48 56
50 56
5 57
8 57
16 57
19 57
36 57
40 57
41 57
48 57
2 58
8 58
12 58
17 58
18 58
25 58
31 58
33 58
39 58
44 58
45 58
46 58
49 58
2 59
10 59
26 59
36 59
37 59
47 59
49 59
6 60
23 60
27 60
28 60
29 60
37 60
42 60
45 60
6 61
10 61
11 61
17 61
19 61
25 61
27 61
40 61
42 61
13 62
36 62
39 62
40 62
51 62
52 62
53 62
59 62
2 63
4 63
9 63
18 63
21 63
28 63
43 63
57 63
9 64
23 64
31 64
39 64
46 64
47 64
52 64
58 64
9 65
10 65
13 65
18 65
25 65
35 65
44 65
53 65
61 65
1 66
16 66
22 66
29 66
31 66
37 66
2 67
3 67
15 67
21 67
22 67
34 67
36 67
37 67
38 67
46 67
52 67
58 67
4 68
11 68
14 68
18 68
25 68
32 68
37 68
42 68
43 68
45 68
52 68
57 68
61 68
9 69
13 69
14 69
21 69
24 69
25 69
28 69
38 69
47 69
49 69
53 69
59 69
5 70
10 70
25 70
41 70
42 70
44 70
46 70
49 70
50 70
51 70
56 70
63 70
65 70
8 71
17 71
24 71
26 71
32 71
34 71
42 71
43 71
46 71
52 71
59 71
63 71
64 71
0 72
9 72
10 72
13 72
19 72
20 72
21 72
25 72
34 72
38 72
44 72
48 72
49 72
53 72
54 72
56 72
61 72
62 72
64 72
65 72
1 73
2 73
3 73
9 73
11 73
12 73
14 73
34 73
35 73
38 73
42 73
43 73
44 73
46 73
49 73
50 73
52 73
53 73
63 73
67 73
8 74
9 74
20 74
23 74
27 74
28 74
29 74
35 74
50 74
52 74
57 74
61 74
1 75
6 75
20 75
29 75
30 75
33 75
46 75
47 75
50 75
56 75
64 75
66 75
1 76
4 76
27 76
29 76
42 76
62 76
70 76
0 77
1 77
4 77
10 77
11 77
12 77
20 77
23 77
25 77
27 77
44 77
55 77
60 77
63 77
66 77
69 77
70 77
3 78
15 78
19 78
24 78
27 78
35 78
38 78
43 78
52 78
63 78
72 78
0 79
12 79
16 79
32 79
35 79
36 79
40 79
43 79
49 79
51 79
58 79
62 79
0 80
1 80
10 80
19 80
20 80
33 80
34 80
42 80
52 80
60 80
74 80
10 81
14 81
18 81
19 81
20 81
25 81
29 81
40 81
41 81
43 81
51 81
58 81
60 81
70 81
10 82
12 82
17 82
22 82
30 82
31 82
33 82
44 82
50 82
53 82
56 82
60 82
67 82
70 82
71 82
75 82
2 83
3 83
4 83
8 83
11 83
13 83
15 83
18 83
19 83
22 83
51 83
56 83
57 83
61 83
69 83
73 83
11 84
12 84
18 84
21 84
22 84
25 84
32 84
36 84
37 84
42 84
44 84
56 84
60 84
62 84
3 85
10 85
17 85
20 85
21 85
23 85
30 85
36 85
44 85
62 85
66 85
69 85
0 86
1 86
10 86
12 86
18 86
35 86
37 86
38 86
43 86
50 86
63 86
1 87
4 87
12 87
21 87
22 87
40 87
47 87
55 87
58 87
62 87
63 87
64 87
67 87
9 88
23 88
26 88
34 88
39 88
41 88
53 88
54 88
56 88
64 88
66 88
71 88
1 89
6 89
9 89
11 89
14 89
17 89
24 89
35 89
41 89
45 89
47 89
48 89
51 89
56 89
64 89
24 90
29 90
31 90
32 90
35 90
38 90
48 90
53 90
61 90
68 90
71 90
83 90
84 90
88 90
1 91
4 91
17 91
23 91
27 91
34 91
41 91
50 91
54 91
55 91
63 91
66 91
68 91
86 91
10 92
11 92
14 92
20 92
33 92
34 92
47 92
51 92
71 92
72 92
74 92
75 92
13 93
14 93
25 93
26 93
30 93
37 93
38 93
54 93
56 93
57 93
66 93
67 93
68 93
73 93
74 93
78 93
86 93
1 94
15 94
24 94
34 94
36 94
62 94
63 94
65 94
86 94
88 94
2 95
4 95
5 95
7 95
12 95
16 95
20 95
29 95
37 95
38 95
39 95
40 95
43 95
52 95
61 95
63 95
68 95
73 95
81 95
84 95
88 95
8 96
9 96
12 96
28 96
29 96
30 96
31 96
48 96
53 96
57 96
59 96
60 96
70 96
73 96
76 96
77 96
81 96
84 96
88 96
2 97
3 97
5 97
6 97
23 97
34 97
39 97
42 97
45 97
51 97
55 97
56 97
61 97
63 97
67 97
72 97
81 97
86 97
16 98
18 98
26 98
28 98
31 98
37 98
50 98
53 98
55 98
60 98
62 98
70 98
71 98
73 98
78 98
80 98
85 98
2 99
3 99
8 99
9 99
28 99
29 99
33 99
39 99
40 99
43 99
52 99
54 99
57 99
62 99
67 99
68 99
72 99
77 99
