100 559 4
9 14 14 13 7 11 9 12 15 7 15 7 9 12 12 8 9 6 8 12 12 10 13 10 10 10 9 9 12 10 12 8 6 10 14 9 17 6 11 7 12 10 13 9 7 10 10 10 6 14 10 11 6 7 13 7 11 15 10 10 13 15 11 18 12 11 10 13 9 8 12 16 15 17 11 12 10 13 11 9 7 10 6 8 10 15 13 7 13 9 10 11 7 11 8 11 11 8 11 10
11 14
7 15
11 15
2 16
10 17
2 18
3 18
8 19
8 20
13 20
5 21
6 22
9 24
11 24
12 24
18 24
21 24
5 25
13 25
4 26
5 26
11 26
19 26
8 27
9 27
16 27
18 28
18 29
3 30
26 30
27 30
9 31
1 32
4 32
13 32
21 32
25 32
1 33
14 33
17 33
14 34
24 34
0 35
4 35
13 35
20 35
22 35
3 36
4 36
11 36
23 36
0 37
6 37
10 37
18 37
22 37
25 37
28 37
30 37
4 38
8 38
11 38
13 38
16 38
5 39
17 39
19 39
22 39
30 39
35 39
4 40
7 40
15 40
18 40
30 40
32 40
25 41
27 41
16 42
35 42
1 43
7 43
12 43
25 43
4 44
5 44
8 44
16 44
31 44
7 45
20 45
25 45
26 45
35 45
5 46
13 46
23 46
33 46
3 47
8 47
19 47
26 47
34 47
37 47
20 48
13 49
20 49
27 49
30 49
40 49
41 49
43 49
45 49
2 50
6 50
8 50
17 50
26 50
29 50
3 51
18 51
26 51
29 51
30 51
34 51
38 51
44 51
24 52
31 52
36 52
38 52
45 52
15 53
22 53
31 53
43 53
11 54
28 54
42 54
0 55
3 55
4 55
18 55
30 55
34 55
42 55
6 56
13 56
28 56
35 56
0 57
4 57
8 57
12 57
13 57
14 57
26 57
29 57
31 57
51 57
53 57
56 57
6 58
22 58
36 58
42 58
46 58
50 58
2 59
7 59
15 59
24 59
26 59
42 59
44 59
0 60
1 60
9 60
41 60
45 60
50 60
52 60
2 61
11 61
16 61
23 61
35 61
43 61
47 61
49 61
0 62
6 62
13 62
15 62
19 62
20 62
23 62
29 62
30 62
49 62
35 63
53 63
5 64
9 64
23 64
33 64
45 64
3 65
8 65
10 65
51 65
54 65
58 65
60 65
63 65
0 66
4 66
12 66
17 66
27 66
53 66
59 66
5 67
19 67
26 67
31 67
46 67
49 67
51 67
56 67
60 67
0 68
9 68
12 68
16 68
21 68
28 68
29 68
30 68
37 68
61 68
1 69
10 69
14 69
16 69
17 69
25 69
26 69
27 69
43 69
46 69
51 69
58 69
61 69
11 70
24 70
29 70
57 70
63 70
64 70
9 71
23 71
26 71
33 71
36 71
38 71
49 71
4 72
11 72
35 72
38 72
50 72
55 72
60 72
61 72
63 72
3 73
6 73
8 73
16 73
23 73
30 73
63 73
8 74
18 74
23 74
24 74
28 74
30 74
35 74
44 74
64 74
13 75
17 75
25 75
35 75
48 75
56 75
59 75
66 75
70 75
0 76
1 76
2 76
6 76
8 76
11 76
17 76
20 76
21 76
41 76
57 76
59 76
68 76
72 76
8 77
18 77
23 77
24 77
33 77
60 77
64 77
11 78
16 78
22 78
29 78
30 78
33 78
39 78
54 78
58 78
59 78
71 78
72 78
2 79
8 79
15 79
18 79
27 79
31 79
34 79
46 79
49 79
50 79
60 79
72 79
4 80
6 80
16 80
35 80
57 80
3 81
9 81
17 81
36 81
37 81
40 81
43 81
48 81
53 81
57 81
71 81
2 82
19 82
38 82
43 82
50 82
53 82
69 82
70 82
72 82
73 82
74 82
4 83
6 83
21 83
27 83
31 83
34 83
38 83
40 83
46 83
48 83
51 83
57 83
66 83
68 83
73 83
2 84
29 84
38 84
58 84
17 85
20 85
25 85
33 85
34 85
38 85
39 85
42 85
47 85
56 85
61 85
66 85
1 86
36 86
40 86
43 86
47 86
48 86
51 86
62 86
3 87
7 87
9 87
21 87
40 87
43 87
47 87
49 87
59 87
64 87
77 87
78 87
1 88
3 88
12 88
17 88
18 88
25 88
26 88
38 88
44 88
50 88
55 88
85 88
2 89
7 89
10 89
29 89
31 89
40 89
46 89
47 89
49 89
53 89
54 89
58 89
59 89
63 89
74 89
77 89
7 90
9 90
21 90
39 90
41 90
47 90
49 90
71 90
14 91
20 91
27 91
31 91
32 91
35 91
43 91
48 91
50 91
52 91
59 91
60 91
68 91
70 91
4 92
10 92
26 92
34 92
45 92
64 92
69 92
74 92
76 92
7 93
21 93
40 93
43 93
53 93
63 93
77 93
80 93
15 94
17 94
20 94
23 94
28 94
38 94
65 94
71 94
1 95
13 95
15 95
20 95
26 95
28 95
39 95
42 95
43 95
50 95
62 95
69 95
74 95
84 95
85 95
4 96
7 96
18 96
20 96
23 96
30 96
35 96
41 96
47 96
50 96
66 96
67 96
71 96
85 96
15 97
23 97
60 97
63 97
66 97
77 97
79 97
81 97
1 98
7 98
8 98
10 98
18 98
29 98
37 98
42 98
46 98
47 98
50 98
57 98
70 98
72 98
82 98
1 99
27 99
32 99
42 99
43 99
50 99
59 99
62 99
