100 1198 16
7 10 9 3 3 8 9 9 1 7 6 2 4 1 5 7 5 6 2 8 4 3 6 7 1 8 5 8 7 5 4 4 5 2 5 9 10 5 4 8 6 7 5 4 9 7 9 9 1 7 8 5 6 3 6 8 5 1 10 5 4 9 5 8 2 1 8 3 10 5 1 9 4 6 4 8 7 6 3 5 6 1 4 1 8 1 6 6 9 10 6 5 5 4 2 3 10 9 3 9
1 3
3 4
2 6
1 7
4 8
7 8
1 9
2 9
2 10
3 10
5 10
1 11
4 11
6 11
1 12
4 12
5 12
6 12
11 12
1 13
2 13
7 13
8 13
9 13
10 13
1 14
7 14
8 14
11 14
0 15
1 15
3 15
11 15
12 15
0 16
6 16
0 17
3 17
5 17
9 17
10 17
0 18
2 18
14 18
0 19
4 19
8 19
10 19
12 19
13 19
14 19
17 19
18 19
6 20
10 20
11 20
12 20
13 20
15 20
16 20
3 21
5 21
9 21
16 21
17 21
4 22
6 22
8 22
10 22
15 22
18 22
7 23
8 23
21 23
22 23
5 24
14 24
15 24
19 24
20 24
3 25
8 25
9 25
14 25
0 26
4 26
5 26
6 26
12 26
16 26
18 26
19 26
20 26
21 26
9 27
18 27
0 28
5 28
10 28
13 28
16 28
19 28
20 28
24 28
25 28
1 29
11 29
12 29
14 29
18 29
19 29
21 29
27 29
0 30
7 30
10 30
11 30
13 30
16 30
26 30
0 31
4 31
11 31
18 31
20 31
24 31
25 31
30 31
0 32
3 32
5 32
10 32
14 32
15 32
18 32
29 32
30 32
3 33
8 33
12 33
13 33
15 33
24 33
29 33
0 34
3 34
4 34
12 34
15 34
17 34
20 34
22 34
32 34
4 35
5 35
8 35
11 35
19 35
21 35
24 35
31 35
32 35
2 36
3 36
13 36
16 36
18 36
21 36
24 36
27 36
28 36
35 36
0 37
3 37
16 37
22 37
23 37
0 38
2 38
4 38
8 38
11 38
16 38
24 38
37 38
2 39
7 39
10 39
15 39
23 39
29 39
3 40
13 40
19 40
22 40
23 40
29 40
30 40
31 40
37 40
1 41
3 41
4 41
5 41
9 41
35 41
38 41
1 42
3 42
8 42
11 42
12 42
13 42
14 42
18 42
27 42
32 42
36 42
41 42
1 43
3 43
6 43
9 43
11 43
13 43
26 43
29 43
36 43
41 43
1 44
2 44
13 44
16 44
17 44
18 44
19 44
27 44
28 44
32 44
39 44
40 44
41 44
0 45
1 45
2 45
3 45
4 45
11 45
19 45
22 45
29 45
35 45
40 45
43 45
1 46
5 46
8 46
10 46
11 46
17 46
22 46
24 46
31 46
38 46
43 46
2 47
14 47
28 47
31 47
33 47
35 47
37 47
39 47
40 47
44 47
1 48
4 48
10 48
11 48
17 48
22 48
24 48
25 48
28 48
31 48
34 48
39 48
40 48
44 48
45 48
2 49
6 49
8 49
9 49
14 49
15 49
20 49
22 49
24 49
27 49
29 49
33 49
34 49
35 49
38 49
39 49
42 49
44 49
45 49
6 50
7 50
10 50
15 50
20 50
25 50
32 50
37 50
39 50
42 50
43 50
47 50
2 51
4 51
7 51
13 51
14 51
23 51
32 51
35 51
38 51
39 51
44 51
49 51
50 51
0 52
4 52
6 52
11 52
12 52
13 52
14 52
16 52
17 52
19 52
20 52
22 52
23 52
26 52
28 52
34 52
35 52
37 52
44 52
50 52
1 53
12 53
19 53
32 53
37 53
38 53
45 53
10 54
14 54
18 54
19 54
23 54
24 54
33 54
47 54
48 54
51 54
2 55
4 55
6 55
9 55
11 55
18 55
19 55
20 55
32 55
41 55
42 55
43 55
52 55
1 56
2 56
4 56
6 56
12 56
15 56
25 56
35 56
41 56
44 56
46 56
50 56
51 56
7 57
9 57
17 57
19 57
20 57
22 57
25 57
27 57
28 57
31 57
32 57
35 57
41 57
43 57
45 57
4 58
5 58
10 58
16 58
23 58
26 58
28 58
31 58
32 58
37 58
38 58
47 58
52 58
13 59
14 59
17 59
22 59
23 59
24 59
30 59
42 59
47 59
52 59
55 59
0 60
4 60
7 60
11 60
13 60
21 60
26 60
33 60
43 60
44 60
45 60
49 60
56 60
3 61
6 61
8 61
27 61
33 61
34 61
35 61
36 61
38 61
40 61
46 61
49 61
52 61
9 62
13 62
17 62
19 62
31 62
34 62
36 62
37 62
38 62
45 62
46 62
53 62
54 62
57 62
58 62
59 62
61 62
4 63
5 63
7 63
9 63
11 63
13 63
16 63
17 63
19 63
20 63
21 63
28 63
36 63
38 63
47 63
49 63
53 63
54 63
56 63
57 63
60 63
61 63
2 64
4 64
5 64
20 64
21 64
35 64
38 64
43 64
45 64
47 64
50 64
54 64
56 64
57 64
59 64
63 64
0 65
1 65
3 65
12 65
13 65
17 65
25 65
27 65
28 65
29 65
34 65
36 65
40 65
44 65
45 65
47 65
61 65
1 66
2 66
7 66
8 66
9 66
11 66
24 66
27 66
48 66
56 66
58 66
64 66
3 67
11 67
15 67
16 67
23 67
26 67
30 67
38 67
43 67
44 67
47 67
48 67
53 67
54 67
57 67
58 67
59 67
60 67
61 67
66 67
1 68
3 68
7 68
10 68
14 68
17 68
23 68
24 68
29 68
30 68
32 68
34 68
40 68
44 68
46 68
48 68
49 68
58 68
59 68
60 68
61 68
62 68
63 68
4 69
6 69
12 69
14 69
15 69
17 69
19 69
21 69
28 69
30 69
31 69
33 69
44 69
51 69
55 69
59 69
61 69
62 69
68 69
1 70
7 70
18 70
21 70
24 70
29 70
31 70
35 70
38 70
41 70
42 70
43 70
44 70
47 70
50 70
51 70
56 70
61 70
63 70
67 70
2 71
3 71
4 71
12 71
14 71
17 71
18 71
21 71
24 71
25 71
35 71
40 71
44 71
58 71
60 71
63 71
67 71
69 71
4 72
6 72
12 72
16 72
29 72
30 72
36 72
42 72
43 72
56 72
57 72
58 72
62 72
2 73
6 73
9 73
19 73
22 73
27 73
38 73
41 73
42 73
44 73
49 73
50 73
54 73
68 73
72 73
2 74
5 74
15 74
21 74
26 74
34 74
44 74
61 74
64 74
66 74
68 74
69 74
70 74
71 74
0 75
2 75
7 75
8 75
10 75
15 75
19 75
21 75
22 75
25 75
31 75
35 75
39 75
57 75
61 75
62 75
63 75
65 75
72 75
4 76
16 76
30 76
31 76
32 76
51 76
57 76
58 76
59 76
64 76
68 76
3 77
4 77
16 77
17 77
19 77
20 77
22 77
26 77
36 77
38 77
45 77
51 77
52 77
54 77
60 77
62 77
64 77
70 77
74 77
17 78
22 78
25 78
29 78
30 78
31 78
33 78
34 78
43 78
45 78
46 78
47 78
48 78
49 78
50 78
59 78
63 78
71 78
1 79
7 79
8 79
11 79
25 79
26 79
30 79
32 79
33 79
42 79
43 79
44 79
50 79
55 79
56 79
59 79
67 79
69 79
70 79
73 79
75 79
0 80
4 80
6 80
9 80
14 80
23 80
24 80
28 80
32 80
33 80
43 80
44 80
45 80
49 80
50 80
58 80
63 80
3 81
7 81
9 81
16 81
18 81
25 81
28 81
29 81
30 81
35 81
38 81
42 81
48 81
52 81
56 81
59 81
65 81
73 81
78 81
79 81
0 82
7 82
10 82
12 82
17 82
18 82
26 82
29 82
33 82
34 82
36 82
40 82
42 82
59 82
64 82
65 82
67 82
68 82
69 82
71 82
72 82
76 82
6 83
10 83
11 83
12 83
13 83
16 83
25 83
36 83
37 83
42 83
43 83
52 83
60 83
62 83
64 83
73 83
2 84
7 84
22 84
23 84
27 84
28 84
33 84
36 84
43 84
62 84
63 84
71 84
77 84
78 84
82 84
1 85
10 85
12 85
13 85
16 85
17 85
22 85
27 85
32 85
34 85
36 85
41 85
46 85
48 85
56 85
63 85
64 85
65 85
67 85
78 85
82 85
83 85
2 86
7 86
8 86
14 86
17 86
19 86
29 86
31 86
40 86
41 86
60 86
61 86
62 86
66 86
67 86
73 86
75 86
81 86
84 86
1 87
3 87
7 87
8 87
13 87
17 87
20 87
21 87
24 87
27 87
31 87
34 87
36 87
38 87
39 87
46 87
51 87
53 87
65 87
67 87
69 87
70 87
77 87
78 87
80 87
84 87
2 88
4 88
8 88
9 88
10 88
13 88
20 88
21 88
28 88
30 88
31 88
33 88
34 88
35 88
37 88
40 88
42 88
52 88
58 88
60 88
62 88
65 88
71 88
82 88
84 88
1 89
4 89
10 89
17 89
30 89
47 89
51 89
54 89
62 89
64 89
65 89
70 89
74 89
76 89
82 89
88 89
5 90
14 90
16 90
23 90
26 90
27 90
33 90
36 90
39 90
41 90
51 90
55 90
56 90
65 90
71 90
76 90
77 90
82 90
86 90
87 90
88 90
12 91
14 91
17 91
21 91
22 91
23 91
34 91
40 91
49 91
54 91
68 91
69 91
72 91
74 91
77 91
79 91
80 91
87 91
89 91
90 91
0 92
1 92
21 92
24 92
25 92
26 92
32 92
35 92
37 92
47 92
53 92
64 92
65 92
67 92
70 92
76 92
77 92
83 92
86 92
87 92
91 92
4 93
5 93
12 93
23 93
25 93
28 93
37 93
41 93
43 93
44 93
46 93
56 93
58 93
60 93
64 93
70 93
71 93
72 93
85 93
0 94
1 94
4 94
22 94
24 94
25 94
26 94
27 94
28 94
32 94
51 94
56 94
63 94
66 94
67 94
69 94
72 94
75 94
78 94
83 94
87 94
89 94
2 95
5 95
18 95
19 95
27 95
34 95
41 95
44 95
47 95
49 95
50 95
55 95
63 95
65 95
73 95
74 95
79 95
92 95
3 96
4 96
8 96
9 96
11 96
12 96
14 96
15 96
17 96
24 96
25 96
26 96
29 96
30 96
32 96
33 96
35 96
37 96
38 96
39 96
41 96
42 96
48 96
51 96
54 96
67 96
71 96
76 96
82 96
90 96
0 97
4 97
6 97
7 97
9 97
14 97
15 97
20 97
23 97
29 97
36 97
40 97
46 97
48 97
62 97
66 97
67 97
69 97
82 97
84 97
94 97
96 97
5 98
6 98
7 98
8 98
10 98
17 98
20 98
23 98
26 98
31 98
32 98
35 98
42 98
43 98
54 98
55 98
61 98
63 98
66 98
68 98
69 98
72 98
77 98
80 98
84 98
85 98
86 98
87 98
92 98
93 98
0 99
8 99
12 99
15 99
23 99
31 99
44 99
48 99
55 99
56 99
59 99
63 99
66 99
67 99
70 99
74 99
76 99
87 99
88 99
90 99
92 99
