100 197 4
5 7 6 6 6 6 7 4 5 5 6 4 6 4 6 6 5 5 6 5 4 6 8 7 3 5 6 7 5 7 6 7 6 5 4 4 6 7 5 6 6 5 4 5 6 7 6 6 5 6 4 5 7 5 4 6 6 5 9 6 6 5 5 4 7 6 6 4 5 4 6 2 5 7 6 5 7 5 6 4 6 6 4 6 6 6 7 7 6 6 4 6 7 6 5 5 5 4 5 5
7 11
9 12
1 13
9 13
0 15
4 18
9 18
14 18
16 19
7 20
11 20
16 22
5 24
5 25
7 28
11 28
10 29
19 29
1 30
27 30
11 31
16 32
31 32
12 33
29 36
27 37
5 38
20 40
36 40
25 42
16 43
34 43
36 45
43 45
40 47
27 48
32 48
39 48
8 49
45 49
47 50
16 51
24 52
2 53
2 54
18 54
25 54
22 55
32 55
43 57
28 58
14 59
17 59
50 59
37 60
41 60
7 61
22 62
55 62
50 63
60 64
44 65
50 65
1 66
14 66
42 66
21 67
22 67
0 68
4 68
19 69
24 69
36 69
38 69
52 69
8 70
42 70
44 70
68 70
23 71
27 71
28 71
44 71
48 71
11 72
12 72
16 72
32 72
42 72
63 72
66 72
22 73
29 73
6 74
27 74
63 74
35 75
52 75
5 76
7 76
17 76
28 76
59 76
5 77
27 77
31 77
52 77
47 78
59 78
64 78
9 79
73 79
74 79
27 80
36 80
59 80
8 81
33 81
53 81
59 81
62 81
64 82
3 83
8 83
24 83
67 83
7 84
9 84
10 84
18 84
30 84
37 84
57 84
67 84
79 84
83 84
3 85
55 85
35 86
47 86
80 86
2 87
35 87
45 87
60 87
12 88
19 88
25 88
34 88
74 88
75 88
78 88
44 89
76 89
24 90
35 90
47 90
83 90
89 90
6 91
10 91
36 91
37 91
52 91
68 91
13 92
72 92
85 92
0 93
29 93
44 93
52 93
60 93
54 94
62 94
80 94
88 94
25 95
41 95
45 95
67 95
84 95
1 96
6 96
23 96
66 96
80 96
0 97
35 97
2 98
11 98
57 98
61 98
65 98
8 99
77 99
92 99
