100 1476 4
6 6 6 4 5 6 5 5 5 4 6 6 4 5 5 5 6 4 4 5 5 6 4 6 3 5 5 4 6 7 4 6 7 4 6 7 6 5 6 4 3 5 5 6 6 5 6 5 4 6 4 6 5 5 5 6 7 6 6 6 4 6 6 6 7 5 5 5 5 4 5 5 4 4 7 6 5 7 5 7 6 7 5 7 5 6 4 6 7 5 5 7 6 7 6 4 6 6 5 5
0 2
3 4
4 5
0 6
2 6
3 6
1 7
2 8
3 8
4 8
6 8
7 8
1 9
2 9
5 9
7 9
0 10
4 10
5 10
6 10
9 10
0 11
5 11
0 12
4 12
6 12
8 12
2 13
4 13
5 13
8 13
1 14
2 14
6 14
7 14
11 15
12 15
9 16
14 16
1 17
3 17
11 17
12 17
16 17
9 18
11 18
14 18
15 18
1 19
4 19
5 19
7 19
8 19
9 19
14 19
2 20
5 20
6 20
7 20
13 20
14 20
3 21
5 21
7 21
12 21
13 21
15 21
18 21
19 21
3 22
16 22
18 22
1 23
2 23
4 23
6 23
7 23
21 23
2 24
3 24
5 24
7 24
12 24
13 24
14 24
16 24
18 24
21 24
22 24
3 25
5 25
8 25
9 25
11 25
15 25
19 25
21 25
22 25
2 26
8 26
17 26
20 26
21 26
23 26
2 27
4 27
5 27
10 27
23 27
25 27
10 28
11 28
16 28
21 28
25 28
0 29
2 29
7 29
8 29
10 29
14 29
17 29
20 29
21 29
28 29
5 30
10 30
11 30
14 30
15 30
17 30
18 30
21 30
22 30
24 30
0 31
6 31
8 31
11 31
15 31
19 31
20 31
22 31
30 31
0 32
8 32
11 32
20 32
25 32
28 32
30 32
3 33
6 33
7 33
11 33
16 33
18 33
23 33
25 33
26 33
30 33
32 33
1 34
2 34
3 34
4 34
8 34
9 34
14 34
15 34
18 34
27 34
31 34
32 34
3 35
7 35
9 35
14 35
17 35
22 35
24 35
27 35
7 36
12 36
13 36
15 36
19 36
3 37
6 37
7 37
9 37
12 37
24 37
25 37
26 37
28 37
30 37
33 37
36 37
7 38
9 38
11 38
13 38
16 38
24 38
28 38
30 38
33 38
34 38
35 38
2 39
3 39
7 39
9 39
10 39
19 39
20 39
27 39
28 39
33 39
34 39
36 39
37 39
38 39
0 40
7 40
13 40
20 40
23 40
24 40
25 40
27 40
29 40
35 40
37 40
38 40
0 41
2 41
3 41
5 41
9 41
11 41
15 41
16 41
19 41
24 41
26 41
27 41
28 41
31 41
32 41
35 41
38 41
1 42
2 42
4 42
7 42
8 42
11 42
15 42
16 42
21 42
23 42
26 42
27 42
34 42
38 42
39 42
0 43
5 43
8 43
12 43
15 43
18 43
19 43
21 43
22 43
27 43
28 43
29 43
41 43
1 44
3 44
6 44
7 44
13 44
17 44
20 44
22 44
28 44
29 44
31 44
34 44
36 44
2 45
3 45
8 45
10 45
13 45
16 45
19 45
26 45
29 45
30 45
31 45
35 45
39 45
44 45
0 46
4 46
7 46
11 46
16 46
17 46
28 46
33 46
35 46
37 46
41 46
44 46
1 47
5 47
6 47
7 47
9 47
11 47
13 47
14 47
23 47
28 47
45 47
2 48
3 48
11 48
12 48
13 48
14 48
16 48
18 48
19 48
20 48
24 48
25 48
29 48
34 48
41 48
45 48
47 48
3 49
4 49
8 49
11 49
17 49
18 49
22 49
24 49
25 49
26 49
36 49
37 49
48 49
0 50
2 50
6 50
8 50
11 50
13 50
18 50
24 50
27 50
29 50
30 50
32 50
34 50
35 50
44 50
46 50
48 50
49 50
0 51
6 51
12 51
13 51
16 51
18 51
19 51
20 51
31 51
40 51
41 51
44 51
49 51
50 51
5 52
9 52
21 52
23 52
26 52
29 52
35 52
41 52
43 52
44 52
46 52
50 52
1 53
3 53
7 53
8 53
10 53
11 53
12 53
13 53
14 53
16 53
17 53
18 53
20 53
26 53
29 53
30 53
32 53
34 53
41 53
43 53
45 53
49 53
51 53
1 54
2 54
3 54
8 54
13 54
15 54
18 54
19 54
20 54
21 54
23 54
25 54
27 54
32 54
37 54
41 54
43 54
49 54
50 54
1 55
2 55
6 55
8 55
15 55
22 55
23 55
25 55
28 55
29 55
31 55
36 55
42 55
50 55
54 55
2 56
7 56
12 56
13 56
18 56
19 56
20 56
22 56
27 56
29 56
30 56
37 56
46 56
55 56
3 57
10 57
16 57
18 57
24 57
27 57
28 57
32 57
38 57
42 57
43 57
46 57
49 57
53 57
55 57
3 58
5 58
9 58
14 58
15 58
17 58
18 58
21 58
27 58
28 58
29 58
30 58
31 58
32 58
34 58
36 58
39 58
51 58
0 59
2 59
4 59
5 59
9 59
17 59
18 59
21 59
23 59
27 59
28 59
36 59
39 59
42 59
45 59
48 59
49 59
53 59
54 59
56 59
58 59
14 60
18 60
20 60
21 60
22 60
32 60
33 60
35 60
37 60
41 60
42 60
44 60
52 60
58 60
0 61
4 61
7 61
11 61
15 61
26 61
28 61
34 61
36 61
38 61
47 61
53 61
54 61
55 61
0 62
5 62
6 62
7 62
9 62
11 62
12 62
22 62
34 62
36 62
37 62
38 62
41 62
43 62
51 62
52 62
53 62
55 62
58 62
0 63
1 63
7 63
12 63
20 63
25 63
26 63
31 63
39 63
42 63
43 63
44 63
45 63
47 63
55 63
59 63
62 63
0 64
3 64
5 64
14 64
17 64
25 64
27 64
28 64
29 64
31 64
34 64
36 64
37 64
38 64
39 64
47 64
48 64
51 64
54 64
62 64
1 65
11 65
15 65
17 65
28 65
34 65
35 65
43 65
46 65
47 65
48 65
49 65
52 65
53 65
4 66
5 66
7 66
10 66
12 66
15 66
24 66
26 66
27 66
30 66
33 66
38 66
39 66
40 66
60 66
62 66
64 66
1 67
5 67
10 67
12 67
14 67
18 67
21 67
22 67
26 67
37 67
38 67
40 67
41 67
51 67
54 67
57 67
63 67
66 67
0 68
2 68
4 68
5 68
7 68
8 68
10 68
11 68
12 68
14 68
16 68
17 68
19 68
21 68
25 68
26 68
28 68
29 68
30 68
31 68
34 68
45 68
46 68
49 68
52 68
55 68
60 68
61 68
62 68
63 68
64 68
67 68
2 69
8 69
9 69
12 69
13 69
14 69
15 69
16 69
26 69
30 69
33 69
42 69
44 69
45 69
46 69
52 69
55 69
58 69
61 69
64 69
65 69
66 69
11 70
12 70
17 70
18 70
20 70
28 70
30 70
33 70
35 70
36 70
38 70
41 70
49 70
55 70
57 70
60 70
62 70
64 70
66 70
4 71
6 71
15 71
17 71
22 71
27 71
28 71
32 71
35 71
43 71
44 71
45 71
46 71
51 71
58 71
59 71
69 71
0 72
3 72
11 72
14 72
15 72
19 72
20 72
21 72
26 72
27 72
31 72
36 72
39 72
41 72
45 72
47 72
50 72
51 72
55 72
60 72
61 72
62 72
69 72
71 72
4 73
9 73
10 73
13 73
14 73
19 73
20 73
21 73
23 73
24 73
27 73
28 73
29 73
31 73
35 73
37 73
38 73
40 73
42 73
43 73
64 73
67 73
72 73
0 74
13 74
15 74
16 74
22 74
25 74
31 74
37 74
42 74
43 74
44 74
45 74
50 74
56 74
58 74
60 74
62 74
65 74
70 74
73 74
0 75
7 75
14 75
16 75
18 75
24 75
26 75
27 75
29 75
42 75
46 75
48 75
52 75
54 75
60 75
64 75
71 75
1 76
8 76
9 76
22 76
27 76
29 76
32 76
38 76
40 76
44 76
49 76
50 76
52 76
53 76
61 76
63 76
65 76
66 76
68 76
70 76
2 77
10 77
12 77
13 77
18 77
22 77
24 77
25 77
29 77
30 77
32 77
37 77
39 77
45 77
50 77
55 77
56 77
61 77
62 77
64 77
66 77
68 77
70 77
1 78
2 78
3 78
8 78
9 78
10 78
11 78
15 78
18 78
22 78
25 78
27 78
31 78
37 78
39 78
41 78
43 78
48 78
51 78
52 78
55 78
58 78
63 78
66 78
67 78
69 78
1 79
4 79
5 79
10 79
13 79
17 79
18 79
19 79
23 79
26 79
39 79
44 79
45 79
54 79
55 79
56 79
57 79
60 79
62 79
64 79
65 79
66 79
73 79
74 79
75 79
76 79
0 80
4 80
5 80
9 80
12 80
15 80
21 80
25 80
26 80
27 80
29 80
33 80
38 80
44 80
48 80
52 80
53 80
54 80
59 80
60 80
64 80
66 80
70 80
76 80
0 81
2 81
5 81
8 81
9 81
10 81
13 81
14 81
17 81
20 81
22 81
23 81
24 81
26 81
28 81
44 81
46 81
48 81
49 81
52 81
53 81
54 81
61 81
65 81
66 81
72 81
77 81
78 81
79 81
80 81
4 82
7 82
8 82
10 82
15 82
19 82
20 82
21 82
22 82
27 82
29 82
33 82
35 82
37 82
44 82
45 82
46 82
47 82
48 82
50 82
57 82
58 82
64 82
69 82
76 82
0 83
2 83
7 83
8 83
15 83
16 83
18 83
20 83
21 83
22 83
23 83
24 83
26 83
28 83
29 83
31 83
32 83
37 83
39 83
42 83
44 83
52 83
53 83
54 83
56 83
58 83
59 83
66 83
69 83
74 83
79 83
81 83
82 83
1 84
2 84
4 84
7 84
9 84
10 84
12 84
25 84
26 84
28 84
29 84
35 84
37 84
44 84
51 84
61 84
65 84
71 84
77 84
79 84
81 84
3 85
12 85
13 85
16 85
25 85
33 85
34 85
38 85
39 85
42 85
43 85
47 85
55 85
61 85
66 85
72 85
2 86
3 86
4 86
6 86
7 86
10 86
12 86
19 86
20 86
21 86
29 86
30 86
31 86
36 86
37 86
39 86
44 86
45 86
46 86
47 86
48 86
51 86
55 86
56 86
71 86
74 86
75 86
77 86
80 86
0 87
1 87
4 87
14 87
16 87
18 87
22 87
23 87
25 87
32 87
33 87
35 87
37 87
38 87
39 87
46 87
57 87
59 87
61 87
64 87
66 87
67 87
68 87
69 87
74 87
75 87
77 87
82 87
83 87
1 88
14 88
17 88
18 88
22 88
23 88
26 88
27 88
33 88
39 88
41 88
45 88
47 88
52 88
53 88
55 88
63 88
67 88
73 88
74 88
78 88
81 88
0 89
1 89
6 89
11 89
13 89
20 89
21 89
28 89
30 89
34 89
37 89
38 89
44 89
46 89
49 89
54 89
56 89
59 89
66 89
68 89
70 89
75 89
81 89
84 89
88 89
1 90
2 90
5 90
13 90
15 90
19 90
23 90
24 90
28 90
29 90
37 90
42 90
53 90
56 90
57 90
61 90
65 90
75 90
86 90
89 90
6 91
8 91
9 91
17 91
19 91
23 91
24 91
25 91
34 91
36 91
42 91
45 91
46 91
47 91
50 91
56 91
60 91
61 91
62 91
67 91
71 91
74 91
82 91
0 92
3 92
4 92
11 92
17 92
18 92
20 92
21 92
22 92
23 92
28 92
31 92
37 92
41 92
43 92
53 92
57 92
61 92
64 92
66 92
68 92
78 92
81 92
83 92
84 92
86 92
88 92
90 92
2 93
4 93
5 93
7 93
8 93
9 93
14 93
18 93
19 93
20 93
22 93
24 93
25 93
26 93
31 93
32 93
36 93
38 93
39 93
40 93
42 93
44 93
46 93
51 93
55 93
59 93
61 93
63 93
65 93
71 93
74 93
76 93
78 93
79 93
86 93
90 93
1 94
5 94
6 94
8 94
16 94
18 94
21 94
24 94
26 94
33 94
35 94
36 94
37 94
39 94
44 94
45 94
47 94
48 94
55 94
59 94
64 94
74 94
77 94
79 94
82 94
83 94
88 94
89 94
92 94
2 95
9 95
12 95
17 95
18 95
20 95
21 95
22 95
24 95
27 95
29 95
32 95
34 95
36 95
43 95
44 95
45 95
46 95
53 95
57 95
66 95
67 95
68 95
70 95
71 95
74 95
75 95
79 95
82 95
2 96
4 96
6 96
8 96
14 96
15 96
16 96
18 96
19 96
24 96
27 96
30 96
32 96
38 96
40 96
41 96
42 96
44 96
49 96
51 96
58 96
63 96
65 96
67 96
69 96
70 96
72 96
73 96
74 96
75 96
76 96
78 96
84 96
86 96
87 96
88 96
5 97
6 97
18 97
19 97
21 97
23 97
25 97
26 97
28 97
29 97
38 97
39 97
40 97
41 97
45 97
47 97
51 97
57 97
60 97
62 97
65 97
66 97
67 97
68 97
91 97
92 97
2 98
3 98
5 98
7 98
16 98
18 98
19 98
27 98
30 98
32 98
34 98
35 98
38 98
39 98
48 98
51 98
52 98
54 98
55 98
59 98
62 98
63 98
68 98
70 98
71 98
75 98
79 98
81 98
83 98
86 98
88 98
90 98
92 98
93 98
1 99
6 99
10 99
11 99
16 99
18 99
23 99
24 99
30 99
32 99
33 99
34 99
36 99
37 99
42 99
45 99
48 99
51 99
52 99
53 99
61 99
64 99
66 99
71 99
76 99
77 99
92 99
93 99
98 99
