100 105 4
12 10 14 11 12 11 9 6 12 12 10 15 5 8 6 11 9 12 7 13 12 8 5 9 14 11 12 12 9 12 9 16 14 14 13 12 7 14 12 9 12 11 10 10 11 10 10 13 10 11 10 8 8 16 12 12 12 13 11 6 13 10 7 14 5 13 6 12 8 5 12 7 10 14 9 10 6 11 10 6 9 8 7 9 6 7 11 14 12 9 13 12 12 12 12 10 11 9 8 8
7 8
1 10
3 10
0 27
14 27
28 29
16 32
28 32
23 35
5 37
21 37
28 39
13 40
19 41
30 41
13 42
23 42
10 48
32 48
8 49
7 50
9 51
20 51
49 51
33 52
0 53
11 53
16 53
35 53
36 53
3 54
52 54
3 55
27 55
46 55
50 55
10 56
52 56
6 57
18 57
49 59
2 60
34 64
38 65
55 66
61 66
3 67
5 67
30 67
59 67
14 68
38 68
2 69
10 71
10 72
45 72
69 72
9 73
36 73
58 73
55 74
67 74
18 75
4 78
11 79
59 79
76 79
59 80
13 82
20 82
47 82
6 83
8 83
78 83
18 84
19 84
52 84
61 84
28 85
57 85
55 86
80 86
48 87
54 87
65 87
31 90
46 90
83 90
55 91
56 91
84 91
5 92
20 92
69 92
75 92
69 93
71 93
90 93
7 96
33 96
35 96
87 96
35 98
43 98
87 98
