100 890 4
9 13 10 15 8 15 12 7 5 11 15 11 12 14 9 15 10 5 9 11 5 9 10 10 20 8 2 11 7 10 10 8 10 14 13 13 12 7 13 11 10 12 14 11 5 11 14 15 5 13 15 7 9 19 10 15 12 13 11 7 13 6 10 13 11 15 10 13 6 8 14 11 12 11 10 8 13 15 9 11 12 16 9 5 11 13 8 9 8 9 17 12 10 10 9 7 10 6 8 14
1 2
0 4
0 6
5 6
2 7
6 7
1 9
0 10
2 10
3 10
1 11
7 11
6 12
9 12
4 13
8 13
1 14
7 14
9 14
10 14
6 15
1 16
11 16
1 17
5 17
15 17
5 18
10 18
2 19
9 19
13 19
14 19
16 19
2 20
7 20
10 20
11 20
16 20
17 20
18 20
1 21
12 21
15 21
17 21
18 21
0 22
5 22
9 23
10 23
11 23
18 23
21 23
0 24
2 24
13 24
6 25
8 25
9 25
12 25
14 25
16 25
22 25
2 26
12 26
14 26
2 27
4 27
13 27
14 27
16 27
18 27
22 27
1 28
2 28
7 28
9 28
10 28
11 28
14 28
21 28
2 29
15 29
21 29
22 29
25 29
0 30
4 30
8 30
9 30
13 30
17 30
22 30
3 31
16 31
19 31
21 31
24 31
25 31
2 32
8 32
13 32
18 32
26 32
28 32
31 32
3 33
19 33
21 33
25 33
28 33
4 34
10 34
17 34
19 34
27 34
32 34
7 35
8 35
10 35
21 35
22 35
5 36
13 36
20 36
29 36
8 37
11 37
13 37
21 37
26 37
35 37
0 38
8 38
9 38
20 38
21 38
24 38
29 38
31 38
36 38
5 39
10 39
24 39
25 39
29 39
30 39
35 39
36 39
4 40
17 40
27 40
34 40
35 40
1 41
8 41
16 41
17 41
22 41
24 41
26 41
34 41
35 41
2 42
8 42
19 42
21 42
28 42
29 42
30 42
36 42
38 42
41 42
0 43
32 43
34 43
39 43
9 44
13 44
15 44
18 44
28 44
39 44
5 45
15 45
21 45
24 45
27 45
39 45
44 45
1 46
2 46
4 46
8 46
11 46
12 46
14 46
15 46
21 46
22 46
31 46
42 46
44 46
2 47
15 47
24 47
27 47
28 47
4 48
21 48
24 48
28 48
39 48
45 48
47 48
8 49
13 49
23 49
24 49
25 49
33 49
38 49
40 49
48 49
1 50
2 50
15 50
22 50
26 50
28 50
31 50
37 50
0 51
6 51
9 51
15 51
24 51
25 51
31 51
44 51
48 51
50 51
2 52
9 52
12 52
17 52
24 52
28 52
37 52
1 53
8 53
9 53
21 53
23 53
28 53
29 53
34 53
39 53
41 53
51 53
2 54
7 54
22 54
29 54
37 54
38 54
45 54
47 54
52 54
53 54
0 55
10 55
13 55
17 55
18 55
24 55
26 55
35 55
37 55
47 55
48 55
49 55
51 55
54 55
12 56
17 56
21 56
23 56
44 56
51 56
53 56
54 56
5 57
10 57
11 57
16 57
20 57
21 57
27 57
28 57
41 57
45 57
56 57
4 58
17 58
18 58
38 58
45 58
46 58
49 58
54 58
8 59
10 59
16 59
33 59
35 59
37 59
49 59
50 59
54 59
0 60
1 60
4 60
10 60
16 60
18 60
46 60
49 60
58 60
6 61
7 61
9 61
14 61
22 61
25 61
29 61
31 61
35 61
42 61
52 61
60 61
8 62
14 62
17 62
26 62
34 62
56 62
59 62
5 63
11 63
14 63
23 63
25 63
30 63
37 63
38 63
44 63
46 63
49 63
52 63
53 63
55 63
58 63
2 64
4 64
5 64
7 64
9 64
11 64
15 64
26 64
27 64
35 64
45 64
46 64
58 64
60 64
62 64
8 65
15 65
33 65
34 65
39 65
41 65
42 65
47 65
58 65
60 65
61 65
6 66
7 66
9 66
10 66
13 66
14 66
21 66
23 66
30 66
31 66
33 66
39 66
40 66
42 66
45 66
46 66
52 66
59 66
5 67
19 67
22 67
33 67
35 67
46 67
50 67
53 67
54 67
64 67
2 68
7 68
8 68
12 68
18 68
22 68
36 68
39 68
42 68
43 68
51 68
58 68
60 68
65 68
67 68
1 69
5 69
18 69
19 69
27 69
31 69
33 69
35 69
38 69
42 69
45 69
46 69
5 70
8 70
28 70
42 70
48 70
50 70
51 70
54 70
55 70
63 70
64 70
69 70
8 71
9 71
15 71
22 71
28 71
35 71
36 71
40 71
43 71
45 71
48 71
51 71
52 71
56 71
58 71
65 71
66 71
69 71
4 72
18 72
29 72
35 72
38 72
39 72
44 72
49 72
51 72
53 72
59 72
66 72
68 72
69 72
1 73
4 73
9 73
15 73
16 73
20 73
21 73
28 73
30 73
52 73
58 73
66 73
68 73
69 73
71 73
0 74
6 74
8 74
13 74
31 74
34 74
39 74
40 74
43 74
44 74
46 74
57 74
61 74
62 74
70 74
11 75
19 75
21 75
25 75
26 75
27 75
33 75
39 75
40 75
41 75
44 75
48 75
56 75
57 75
67 75
69 75
72 75
2 76
4 76
12 76
19 76
22 76
25 76
34 76
47 76
52 76
55 76
58 76
59 76
62 76
64 76
69 76
74 76
6 77
10 77
12 77
14 77
22 77
27 77
30 77
35 77
37 77
44 77
49 77
51 77
66 77
68 77
69 77
70 77
2 78
5 78
18 78
21 78
28 78
29 78
38 78
42 78
62 78
64 78
66 78
67 78
71 78
75 78
77 78
8 79
13 79
17 79
29 79
30 79
31 79
38 79
40 79
59 79
61 79
70 79
71 79
73 79
13 80
45 80
52 80
54 80
60 80
78 80
2 81
4 81
9 81
10 81
12 81
13 81
21 81
39 81
47 81
74 81
75 81
0 82
1 82
4 82
5 82
6 82
10 82
12 82
18 82
23 82
24 82
27 82
34 82
38 82
41 82
51 82
56 82
64 82
68 82
69 82
77 82
78 82
4 83
9 83
30 83
34 83
37 83
40 83
50 83
51 83
52 83
59 83
62 83
75 83
0 84
9 84
25 84
38 84
53 84
67 84
68 84
69 84
72 84
80 84
1 85
8 85
16 85
24 85
27 85
28 85
37 85
40 85
49 85
53 85
54 85
56 85
58 85
60 85
62 85
65 85
67 85
69 85
79 85
81 85
2 86
5 86
11 86
13 86
21 86
25 86
29 86
31 86
41 86
45 86
68 86
71 86
75 86
76 86
9 87
19 87
25 87
28 87
34 87
47 87
49 87
53 87
62 87
75 87
77 87
79 87
80 87
4 88
7 88
9 88
10 88
14 88
15 88
19 88
20 88
28 88
32 88
48 88
50 88
64 88
68 88
75 88
4 89
27 89
31 89
40 89
58 89
72 89
79 89
3 90
6 90
9 90
26 90
28 90
30 90
36 90
37 90
41 90
46 90
53 90
54 90
57 90
59 90
64 90
65 90
77 90
84 90
7 91
17 91
24 91
25 91
28 91
30 91
31 91
42 91
45 91
57 91
71 91
73 91
81 91
82 91
85 91
0 92
1 92
8 92
9 92
13 92
23 92
24 92
28 92
29 92
31 92
32 92
35 92
36 92
39 92
42 92
44 92
50 92
55 92
56 92
67 92
72 92
73 92
79 92
81 92
90 92
91 92
8 93
24 93
27 93
38 93
45 93
46 93
55 93
60 93
65 93
69 93
73 93
78 93
80 93
81 93
1 94
3 94
12 94
19 94
29 94
46 94
54 94
59 94
69 94
75 94
81 94
84 94
6 95
9 95
12 95
18 95
19 95
23 95
46 95
49 95
51 95
52 95
54 95
80 95
85 95
86 95
88 95
89 95
0 96
19 96
21 96
39 96
40 96
41 96
53 96
61 96
65 96
66 96
67 96
74 96
93 96
13 97
16 97
18 97
31 97
43 97
44 97
57 97
62 97
65 97
80 97
83 97
86 97
87 97
90 97
92 97
6 98
12 98
29 98
40 98
46 98
49 98
50 98
67 98
68 98
72 98
81 98
83 98
84 98
92 98
95 98
97 98
2 99
7 99
8 99
18 99
20 99
23 99
25 99
29 99
31 99
38 99
39 99
50 99
58 99
60 99
63 99
69 99
75 99
77 99
83 99
89 99
94 99
98 99
