100 1742 4
10 1 5 3 2 10 1 9 9 3 4 7 10 8 8 3 3 8 8 10 10 5 8 5 6 6 7 4 2 4 4 6 5 4 1 1 1 9 6 4 2 5 7 10 8 6 2 2 10 5 1 9 2 3 4 7 8 6 6 4 10 2 4 1 1 7 9 8 7 4 8 9 4 8 1 2 4 8 7 3 10 4 9 2 2 6 7 3 8 7 1 6 1 10 7 8 10 4 9 1
0 12
1 12
2 12
4 12
6 12
7 12
8 12
0 13
5 13
10 13
0 14
2 14
3 14
5 14
6 14
8 14
5 15
8 15
10 15
11 15
0 16
3 16
4 16
7 16
11 16
2 17
4 17
5 17
6 17
7 17
8 17
9 17
0 18
1 18
5 18
6 18
7 18
9 18
10 18
2 19
3 19
4 19
6 19
9 19
2 20
3 20
5 20
11 20
1 21
2 21
5 21
7 21
8 21
3 22
5 22
8 22
11 22
2 23
4 23
7 23
9 23
10 23
2 24
4 24
7 24
3 25
4 25
6 25
7 25
8 25
9 25
10 25
1 26
2 26
3 26
5 26
7 26
9 26
10 26
14 26
15 26
17 26
18 26
19 26
21 26
23 26
25 26
0 27
3 27
4 27
5 27
6 27
9 27
14 27
16 27
18 27
19 27
20 27
22 27
1 28
3 28
4 28
5 28
11 28
13 28
15 28
16 28
18 28
20 28
23 28
1 29
4 29
5 29
6 29
8 29
12 29
13 29
14 29
22 29
24 29
4 30
7 30
8 30
10 30
13 30
15 30
16 30
18 30
19 30
20 30
0 31
1 31
3 31
5 31
6 31
7 31
14 31
22 31
1 32
4 32
7 32
12 32
13 32
16 32
23 32
25 32
1 33
7 33
10 33
13 33
15 33
20 33
22 33
23 33
2 34
7 34
8 34
12 34
13 34
15 34
16 34
17 34
18 34
23 34
1 35
3 35
5 35
6 35
8 35
13 35
17 35
19 35
20 35
21 35
1 36
4 36
6 36
8 36
11 36
12 36
13 36
14 36
18 36
22 36
24 36
25 36
2 37
4 37
6 37
8 37
9 37
10 37
12 37
14 37
15 37
17 37
18 37
22 37
0 38
2 38
3 38
6 38
7 38
9 38
10 38
11 38
13 38
18 38
19 38
22 38
27 38
28 38
29 38
34 38
8 39
10 39
16 39
17 39
21 39
22 39
24 39
26 39
27 39
28 39
1 40
2 40
3 40
4 40
6 40
8 40
15 40
16 40
23 40
31 40
32 40
34 40
36 40
0 41
5 41
11 41
16 41
18 41
20 41
21 41
22 41
23 41
25 41
26 41
28 41
29 41
34 41
35 41
37 41
2 42
5 42
9 42
14 42
15 42
16 42
19 42
21 42
24 42
25 42
31 42
36 42
37 42
2 43
3 43
4 43
5 43
6 43
11 43
12 43
15 43
16 43
17 43
20 43
21 43
23 43
25 43
27 43
28 43
33 43
34 43
35 43
37 43
1 44
3 44
8 44
10 44
15 44
16 44
19 44
20 44
21 44
24 44
25 44
28 44
29 44
32 44
34 44
35 44
2 45
3 45
4 45
6 45
7 45
11 45
14 45
17 45
19 45
22 45
25 45
27 45
28 45
30 45
33 45
34 45
35 45
38 45
39 45
43 45
0 46
2 46
3 46
4 46
5 46
6 46
14 46
18 46
20 46
23 46
24 46
25 46
29 46
32 46
33 46
36 46
39 46
41 46
42 46
4 47
8 47
9 47
11 47
12 47
15 47
16 47
18 47
24 47
27 47
28 47
31 47
32 47
39 47
44 47
2 48
4 48
5 48
6 48
7 48
9 48
10 48
11 48
12 48
14 48
15 48
16 48
22 48
24 48
25 48
27 48
32 48
33 48
37 48
40 48
41 48
42 48
0 49
1 49
6 49
7 49
8 49
15 49
18 49
19 49
21 49
22 49
23 49
24 49
29 49
30 49
33 49
40 49
41 49
1 50
2 50
3 50
4 50
6 50
9 50
11 50
16 50
18 50
20 50
26 50
27 50
33 50
37 50
39 50
40 50
44 50
1 51
14 51
26 51
30 51
33 51
36 51
42 51
43 51
44 51
1 52
2 52
3 52
4 52
8 52
13 52
17 52
20 52
24 52
25 52
31 52
35 52
36 52
38 52
40 52
43 52
2 53
4 53
6 53
10 53
12 53
14 53
18 53
19 53
20 53
22 53
26 53
28 53
31 53
32 53
34 53
35 53
37 53
39 53
41 53
43 53
44 53
45 53
46 53
50 53
0 54
4 54
12 54
17 54
20 54
22 54
23 54
28 54
29 54
31 54
34 54
37 54
40 54
42 54
44 54
45 54
47 54
49 54
50 54
52 54
1 55
3 55
10 55
15 55
16 55
20 55
21 55
27 55
28 55
31 55
32 55
34 55
35 55
36 55
38 55
42 55
46 55
47 55
48 55
50 55
51 55
52 55
0 56
4 56
5 56
8 56
10 56
12 56
17 56
24 56
25 56
26 56
29 56
33 56
35 56
37 56
41 56
43 56
45 56
46 56
48 56
51 56
1 57
3 57
4 57
6 57
15 57
16 57
20 57
24 57
25 57
26 57
28 57
31 57
33 57
34 57
36 57
37 57
43 57
45 57
50 57
51 57
52 57
4 58
5 58
7 58
10 58
14 58
15 58
18 58
19 58
20 58
22 58
26 58
30 58
34 58
37 58
38 58
40 58
42 58
43 58
45 58
50 58
51 58
2 59
5 59
9 59
10 59
13 59
15 59
16 59
17 59
18 59
21 59
22 59
23 59
27 59
28 59
30 59
31 59
32 59
37 59
38 59
41 59
43 59
46 59
48 59
49 59
50 59
2 60
4 60
5 60
7 60
10 60
11 60
13 60
15 60
16 60
20 60
23 60
24 60
28 60
30 60
33 60
37 60
39 60
48 60
51 60
52 60
0 61
5 61
7 61
9 61
18 61
19 61
20 61
21 61
22 61
23 61
26 61
27 61
29 61
34 61
35 61
36 61
37 61
38 61
43 61
45 61
46 61
48 61
49 61
50 61
51 61
1 62
2 62
3 62
4 62
6 62
13 62
14 62
15 62
17 62
19 62
22 62
24 62
25 62
26 62
27 62
29 62
32 62
33 62
34 62
36 62
39 62
40 62
41 62
42 62
44 62
47 62
51 62
2 63
3 63
7 63
12 63
13 63
14 63
20 63
22 63
23 63
26 63
27 63
29 63
32 63
33 63
34 63
36 63
37 63
39 63
42 63
46 63
48 63
55 63
59 63
61 63
62 63
2 64
5 64
6 64
7 64
8 64
11 64
12 64
14 64
16 64
19 64
20 64
24 64
25 64
30 64
32 64
34 64
39 64
41 64
47 64
48 64
50 64
53 64
59 64
62 64
0 65
2 65
5 65
6 65
9 65
11 65
12 65
15 65
16 65
18 65
19 65
21 65
22 65
23 65
24 65
25 65
26 65
28 65
29 65
30 65
31 65
33 65
39 65
41 65
42 65
44 65
45 65
50 65
53 65
54 65
61 65
0 66
3 66
9 66
10 66
11 66
14 66
16 66
21 66
22 66
28 66
30 66
33 66
36 66
37 66
40 66
41 66
42 66
43 66
46 66
47 66
50 66
51 66
53 66
54 66
55 66
1 67
3 67
5 67
6 67
7 67
10 67
11 67
12 67
19 67
20 67
21 67
24 67
29 67
33 67
36 67
39 67
40 67
44 67
45 67
49 67
52 67
53 67
54 67
55 67
0 68
1 68
2 68
3 68
5 68
7 68
9 68
11 68
12 68
14 68
17 68
18 68
22 68
24 68
28 68
31 68
38 68
40 68
44 68
45 68
46 68
50 68
51 68
52 68
55 68
58 68
59 68
61 68
0 69
1 69
4 69
5 69
6 69
8 69
11 69
12 69
14 69
16 69
17 69
18 69
19 69
22 69
25 69
26 69
28 69
30 69
32 69
35 69
39 69
40 69
46 69
48 69
49 69
50 69
54 69
56 69
61 69
3 70
6 70
8 70
13 70
16 70
20 70
22 70
24 70
29 70
31 70
32 70
34 70
39 70
41 70
43 70
44 70
51 70
53 70
60 70
62 70
6 71
9 71
11 71
12 71
18 71
19 71
20 71
25 71
27 71
29 71
32 71
35 71
36 71
38 71
41 71
51 71
52 71
54 71
57 71
58 71
60 71
61 71
0 72
3 72
5 72
10 72
11 72
14 72
19 72
23 72
25 72
29 72
35 72
39 72
40 72
42 72
43 72
47 72
48 72
49 72
54 72
61 72
62 72
0 73
2 73
3 73
5 73
6 73
7 73
9 73
10 73
11 73
12 73
16 73
19 73
25 73
26 73
27 73
31 73
32 73
34 73
45 73
49 73
51 73
54 73
55 73
56 73
57 73
62 73
0 74
2 74
5 74
8 74
13 74
14 74
15 74
17 74
18 74
20 74
21 74
22 74
23 74
24 74
26 74
27 74
31 74
35 74
39 74
41 74
42 74
44 74
46 74
48 74
49 74
57 74
58 74
60 74
65 74
66 74
67 74
70 74
71 74
2 75
5 75
8 75
11 75
12 75
15 75
16 75
24 75
25 75
29 75
30 75
31 75
35 75
37 75
40 75
41 75
42 75
43 75
45 75
47 75
51 75
53 75
60 75
62 75
64 75
67 75
70 75
71 75
72 75
2 76
6 76
9 76
10 76
12 76
14 76
15 76
17 76
18 76
20 76
24 76
26 76
29 76
33 76
34 76
44 76
54 76
57 76
59 76
60 76
63 76
64 76
65 76
68 76
71 76
1 77
4 77
6 77
8 77
10 77
13 77
20 77
21 77
26 77
27 77
30 77
35 77
38 77
41 77
42 77
45 77
46 77
47 77
49 77
50 77
51 77
52 77
56 77
60 77
62 77
65 77
67 77
69 77
73 77
0 78
4 78
5 78
10 78
13 78
15 78
16 78
19 78
20 78
25 78
30 78
32 78
33 78
34 78
41 78
42 78
44 78
47 78
48 78
52 78
53 78
54 78
62 78
65 78
69 78
3 79
4 79
6 79
8 79
14 79
15 79
17 79
21 79
22 79
25 79
26 79
33 79
34 79
42 79
43 79
44 79
47 79
48 79
49 79
53 79
55 79
56 79
57 79
59 79
69 79
71 79
1 80
5 80
7 80
8 80
11 80
16 80
17 80
18 80
19 80
20 80
21 80
22 80
24 80
30 80
33 80
36 80
37 80
38 80
39 80
44 80
45 80
48 80
49 80
51 80
54 80
56 80
58 80
59 80
67 80
69 80
71 80
73 80
2 81
3 81
7 81
11 81
12 81
13 81
14 81
17 81
28 81
29 81
31 81
32 81
38 81
39 81
41 81
43 81
45 81
46 81
54 81
55 81
60 81
61 81
62 81
63 81
74 81
75 81
77 81
78 81
9 82
10 82
11 82
13 82
14 82
15 82
17 82
23 82
24 82
27 82
31 82
36 82
41 82
43 82
46 82
47 82
50 82
52 82
53 82
57 82
58 82
59 82
60 82
63 82
67 82
69 82
70 82
71 82
72 82
74 82
76 82
1 83
2 83
7 83
9 83
11 83
13 83
17 83
23 83
25 83
28 83
36 83
38 83
41 83
42 83
43 83
49 83
50 83
52 83
53 83
59 83
63 83
64 83
68 83
70 83
73 83
75 83
3 84
5 84
7 84
16 84
18 84
21 84
24 84
25 84
29 84
35 84
40 84
44 84
45 84
47 84
51 84
52 84
53 84
58 84
59 84
60 84
65 84
67 84
69 84
72 84
73 84
2 85
4 85
13 85
14 85
17 85
21 85
22 85
23 85
26 85
29 85
36 85
37 85
39 85
40 85
43 85
48 85
50 85
53 85
54 85
56 85
60 85
61 85
63 85
65 85
66 85
67 85
70 85
77 85
2 86
4 86
7 86
12 86
13 86
16 86
20 86
21 86
22 86
23 86
24 86
27 86
28 86
34 86
42 86
46 86
47 86
52 86
57 86
58 86
62 86
67 86
70 86
75 86
76 86
78 86
0 87
6 87
8 87
12 87
15 87
16 87
17 87
19 87
23 87
27 87
28 87
31 87
33 87
36 87
37 87
39 87
42 87
43 87
44 87
45 87
50 87
51 87
56 87
59 87
69 87
70 87
72 87
74 87
76 87
79 87
1 88
3 88
5 88
13 88
19 88
20 88
22 88
24 88
25 88
27 88
31 88
38 88
40 88
43 88
44 88
45 88
54 88
56 88
57 88
59 88
61 88
62 88
66 88
69 88
70 88
71 88
72 88
75 88
2 89
9 89
11 89
12 89
15 89
17 89
18 89
23 89
24 89
27 89
28 89
31 89
32 89
35 89
39 89
40 89
47 89
48 89
50 89
52 89
54 89
58 89
62 89
63 89
64 89
67 89
70 89
73 89
78 89
2 90
3 90
5 90
6 90
9 90
11 90
14 90
15 90
17 90
18 90
20 90
21 90
26 90
27 90
29 90
33 90
35 90
37 90
38 90
44 90
47 90
48 90
50 90
53 90
58 90
61 90
63 90
64 90
68 90
70 90
71 90
73 90
74 90
75 90
76 90
79 90
83 90
0 91
1 91
6 91
7 91
10 91
13 91
14 91
15 91
16 91
17 91
23 91
25 91
36 91
37 91
42 91
44 91
47 91
48 91
49 91
55 91
56 91
58 91
59 91
60 91
63 91
67 91
68 91
69 91
70 91
73 91
80 91
82 91
83 91
86 91
87 91
89 91
0 92
3 92
4 92
5 92
6 92
9 92
16 92
20 92
22 92
24 92
25 92
26 92
28 92
29 92
31 92
32 92
35 92
36 92
39 92
41 92
44 92
47 92
48 92
49 92
54 92
56 92
57 92
58 92
59 92
62 92
63 92
65 92
70 92
71 92
73 92
75 92
77 92
79 92
85 92
86 92
88 92
5 93
13 93
14 93
17 93
18 93
24 93
25 93
26 93
27 93
29 93
31 93
32 93
33 93
37 93
39 93
41 93
42 93
44 93
45 93
49 93
50 93
53 93
55 93
57 93
62 93
63 93
66 93
69 93
71 93
79 93
81 93
82 93
87 93
88 93
89 93
2 94
5 94
9 94
10 94
21 94
22 94
23 94
31 94
32 94
36 94
38 94
42 94
47 94
48 94
49 94
51 94
56 94
59 94
60 94
62 94
64 94
65 94
66 94
68 94
70 94
71 94
72 94
73 94
75 94
78 94
81 94
82 94
83 94
2 95
4 95
5 95
6 95
9 95
11 95
14 95
16 95
17 95
20 95
21 95
22 95
23 95
26 95
30 95
31 95
33 95
34 95
38 95
39 95
52 95
53 95
54 95
55 95
63 95
64 95
66 95
68 95
69 95
70 95
72 95
75 95
77 95
78 95
80 95
84 95
88 95
0 96
2 96
6 96
7 96
9 96
11 96
12 96
13 96
15 96
16 96
23 96
24 96
27 96
29 96
30 96
32 96
39 96
40 96
42 96
44 96
50 96
51 96
52 96
53 96
61 96
62 96
65 96
66 96
67 96
69 96
70 96
71 96
72 96
75 96
77 96
85 96
3 97
8 97
10 97
13 97
14 97
19 97
20 97
21 97
22 97
23 97
25 97
27 97
31 97
33 97
42 97
45 97
46 97
47 97
50 97
51 97
52 97
55 97
57 97
58 97
59 97
61 97
62 97
63 97
64 97
67 97
68 97
73 97
74 97
82 97
89 97
5 98
7 98
8 98
11 98
14 98
19 98
21 98
22 98
23 98
24 98
25 98
26 98
36 98
37 98
39 98
47 98
53 98
59 98
67 98
70 98
72 98
75 98
76 98
79 98
81 98
82 98
84 98
86 98
87 98
88 98
89 98
0 99
4 99
6 99
8 99
9 99
14 99
15 99
16 99
19 99
22 99
25 99
26 99
27 99
37 99
40 99
41 99
42 99
44 99
45 99
50 99
51 99
52 99
53 99
54 99
63 99
64 99
67 99
69 99
71 99
74 99
75 99
78 99
84 99
86 99
