100 1106 4
1 10 7 5 2 5 6 3 10 6 7 2 8 5 7 9 5 3 4 4 2 2 10 7 2 3 9 4 10 9 8 2 8 6 3 7 7 1 10 9 5 9 8 2 2 1 9 5 3 8 5 10 8 7 6 8 10 2 1 7 6 3 4 10 6 2 6 1 5 3 4 8 1 7 6 7 4 4 8 6 1 5 8 8 6 9 3 8 5 8 6 6 4 2 5 5 3 1 4 4
3 9
4 9
3 10
6 10
1 11
4 12
5 12
0 13
1 13
2 13
3 13
4 13
7 13
1 14
3 14
5 14
1 15
1 16
6 16
9 16
10 16
14 16
2 17
3 17
4 17
5 17
7 17
13 17
4 18
14 18
2 19
5 19
7 19
9 19
11 19
1 20
9 20
11 20
3 21
4 21
6 21
8 21
12 21
7 22
8 22
10 22
14 22
2 23
0 24
2 24
7 24
8 24
0 25
9 25
12 25
22 25
2 26
12 26
14 26
16 26
3 27
9 27
12 27
19 27
21 27
22 27
6 28
7 28
10 28
17 28
18 28
21 28
0 29
6 29
9 29
18 29
20 29
21 29
3 30
16 30
1 31
2 31
3 31
4 31
6 31
11 31
14 31
16 31
22 31
1 32
2 32
4 32
14 32
18 32
20 32
21 32
24 32
1 33
2 33
4 33
9 33
12 33
14 33
0 34
1 34
3 34
4 34
7 34
14 34
15 34
16 34
19 34
21 34
22 34
2 35
8 35
12 35
15 35
17 35
19 35
20 35
24 35
0 36
15 36
17 36
18 36
23 36
24 36
1 37
5 37
8 37
22 37
0 38
5 38
8 38
15 38
19 38
20 38
23 38
29 38
30 38
4 39
10 39
17 39
18 39
30 39
37 39
0 40
3 40
4 40
5 40
11 40
15 40
20 40
33 40
7 41
13 41
21 41
22 41
31 41
37 41
7 42
15 42
18 42
26 42
31 42
33 42
9 43
30 43
0 44
22 44
31 44
36 44
37 44
10 45
11 45
12 45
15 45
17 45
19 45
21 45
24 45
27 45
28 45
35 45
0 46
3 46
5 46
14 46
22 46
25 46
26 46
30 46
31 46
32 46
37 46
0 47
1 47
2 47
3 47
5 47
8 47
10 47
15 47
34 47
1 48
6 48
10 48
11 48
12 48
13 48
14 48
17 48
25 48
26 48
34 48
36 48
37 48
0 49
5 49
8 49
11 49
27 49
33 49
34 49
2 50
7 50
10 50
11 50
27 50
30 50
32 50
35 50
47 50
0 51
1 51
3 51
10 51
12 51
14 51
15 51
28 51
29 51
34 51
39 51
45 51
47 51
48 51
3 52
4 52
15 52
20 52
21 52
22 52
23 52
25 52
29 52
33 52
34 52
43 52
45 52
47 52
6 53
13 53
15 53
20 53
29 53
35 53
36 53
45 53
1 54
3 54
4 54
17 54
18 54
31 54
33 54
35 54
4 55
7 55
11 55
19 55
21 55
24 55
25 55
26 55
36 55
37 55
42 55
46 55
48 55
0 56
3 56
5 56
8 56
12 56
27 56
28 56
30 56
39 56
43 56
4 57
5 57
6 57
10 57
20 57
23 57
27 57
30 57
40 57
43 57
1 58
4 58
15 58
16 58
24 58
28 58
31 58
34 58
36 58
40 58
42 58
47 58
0 59
8 59
21 59
33 59
40 59
42 59
43 59
48 59
49 59
10 60
18 60
26 60
29 60
31 60
33 60
34 60
38 60
44 60
46 60
0 61
6 61
8 61
9 61
11 61
12 61
16 61
17 61
18 61
30 61
35 61
41 61
42 61
4 62
5 62
8 62
9 62
11 62
12 62
14 62
15 62
18 62
22 62
28 62
29 62
34 62
38 62
46 62
47 62
48 62
4 63
5 63
8 63
11 63
13 63
15 63
17 63
27 63
30 63
34 63
37 63
39 63
40 63
41 63
44 63
45 63
50 63
54 63
4 64
6 64
7 64
8 64
11 64
15 64
16 64
18 64
20 64
29 64
33 64
36 64
39 64
50 64
51 64
54 64
61 64
1 65
2 65
7 65
10 65
12 65
13 65
15 65
30 65
35 65
37 65
39 65
40 65
43 65
45 65
48 65
52 65
0 66
1 66
2 66
9 66
24 66
27 66
30 66
32 66
38 66
43 66
45 66
57 66
61 66
1 67
14 67
15 67
26 67
27 67
29 67
43 67
49 67
59 67
61 67
1 68
5 68
6 68
8 68
17 68
32 68
33 68
34 68
39 68
47 68
48 68
50 68
59 68
60 68
7 69
13 69
23 69
24 69
30 69
33 69
35 69
40 69
45 69
48 69
52 69
53 69
58 69
60 69
1 70
3 70
7 70
8 70
10 70
12 70
19 70
26 70
31 70
34 70
37 70
38 70
44 70
48 70
55 70
61 70
0 71
5 71
10 71
11 71
12 71
14 71
17 71
21 71
24 71
29 71
30 71
31 71
41 71
43 71
47 71
48 71
56 71
60 71
0 72
1 72
2 72
3 72
4 72
10 72
16 72
17 72
20 72
22 72
30 72
36 72
38 72
39 72
40 72
47 72
49 72
50 72
52 72
58 72
59 72
4 73
5 73
8 73
11 73
12 73
14 73
17 73
20 73
23 73
26 73
32 73
37 73
38 73
41 73
42 73
48 73
49 73
52 73
54 73
0 74
2 74
5 74
7 74
11 74
14 74
18 74
19 74
23 74
26 74
28 74
29 74
42 74
44 74
45 74
52 74
53 74
55 74
60 74
63 74
67 74
69 74
71 74
0 75
2 75
7 75
8 75
14 75
17 75
19 75
23 75
24 75
32 75
34 75
35 75
45 75
49 75
51 75
54 75
56 75
58 75
59 75
63 75
67 75
3 76
11 76
12 76
14 76
17 76
25 76
32 76
33 76
35 76
36 76
42 76
47 76
58 76
61 76
66 76
67 76
70 76
0 77
5 77
12 77
13 77
14 77
25 77
29 77
30 77
36 77
38 77
42 77
43 77
44 77
47 77
57 77
68 77
69 77
0 78
1 78
3 78
4 78
16 78
18 78
19 78
21 78
37 78
42 78
48 78
50 78
52 78
63 78
66 78
67 78
68 78
70 78
8 79
11 79
17 79
18 79
19 79
21 79
23 79
24 79
32 79
35 79
43 79
47 79
48 79
49 79
52 79
53 79
55 79
59 79
64 79
71 79
73 79
76 79
0 80
2 80
5 80
12 80
13 80
21 80
29 80
37 80
38 80
42 80
45 80
58 80
64 80
66 80
67 80
77 80
78 80
1 81
3 81
4 81
5 81
6 81
9 81
13 81
15 81
19 81
20 81
21 81
25 81
26 81
29 81
37 81
43 81
46 81
50 81
55 81
58 81
59 81
61 81
73 81
5 82
7 82
9 82
17 82
19 82
24 82
25 82
29 82
31 82
34 82
35 82
42 82
45 82
46 82
51 82
52 82
55 82
56 82
62 82
66 82
71 82
75 82
76 82
77 82
3 83
6 83
10 83
22 83
25 83
28 83
29 83
31 83
32 83
37 83
42 83
47 83
50 83
53 83
58 83
59 83
65 83
71 83
74 83
75 83
77 83
0 84
7 84
11 84
12 84
20 84
22 84
27 84
30 84
31 84
32 84
39 84
40 84
41 84
43 84
44 84
54 84
57 84
58 84
60 84
63 84
64 84
65 84
75 84
78 84
2 85
5 85
7 85
12 85
13 85
14 85
19 85
21 85
22 85
23 85
27 85
31 85
32 85
37 85
38 85
39 85
42 85
46 85
53 85
58 85
68 85
69 85
73 85
77 85
4 86
7 86
8 86
9 86
11 86
14 86
17 86
19 86
20 86
26 86
29 86
30 86
36 86
38 86
41 86
43 86
48 86
51 86
52 86
60 86
66 86
69 86
71 86
3 87
4 87
7 87
11 87
12 87
14 87
25 87
31 87
33 87
34 87
36 87
40 87
42 87
44 87
46 87
47 87
50 87
54 87
61 87
63 87
68 87
69 87
74 87
75 87
76 87
77 87
0 88
2 88
6 88
12 88
19 88
20 88
31 88
42 88
46 88
49 88
57 88
58 88
59 88
64 88
14 89
17 89
19 89
26 89
29 89
30 89
33 89
36 89
40 89
43 89
46 89
47 89
56 89
73 89
74 89
75 89
5 90
7 90
9 90
12 90
14 90
16 90
24 90
26 90
29 90
35 90
37 90
39 90
41 90
43 90
45 90
48 90
53 90
54 90
63 90
65 90
75 90
76 90
1 91
4 91
6 91
9 91
10 91
11 91
17 91
22 91
23 91
25 91
29 91
30 91
36 91
40 91
43 91
45 91
47 91
51 91
54 91
68 91
69 91
72 91
73 91
75 91
76 91
77 91
0 92
3 92
4 92
5 92
6 92
15 92
19 92
24 92
25 92
28 92
30 92
34 92
41 92
43 92
54 92
56 92
64 92
66 92
68 92
74 92
77 92
3 93
5 93
8 93
10 93
13 93
17 93
19 93
20 93
23 93
24 93
35 93
37 93
43 93
48 93
52 93
54 93
59 93
64 93
69 93
0 94
1 94
15 94
22 94
27 94
29 94
30 94
31 94
36 94
42 94
43 94
44 94
49 94
63 94
67 94
68 94
70 94
71 94
83 94
87 94
92 94
4 95
9 95
13 95
15 95
23 95
27 95
41 95
46 95
47 95
49 95
51 95
59 95
63 95
66 95
67 95
68 95
69 95
71 95
72 95
73 95
76 95
78 95
79 95
82 95
83 95
91 95
0 96
11 96
15 96
16 96
17 96
20 96
22 96
31 96
32 96
35 96
38 96
40 96
46 96
47 96
56 96
63 96
67 96
75 96
77 96
87 96
2 97
9 97
12 97
17 97
25 97
28 97
31 97
34 97
35 97
38 97
39 97
45 97
50 97
52 97
59 97
60 97
63 97
70 97
73 97
86 97
87 97
89 97
91 97
4 98
11 98
17 98
19 98
22 98
24 98
27 98
31 98
38 98
39 98
40 98
42 98
47 98
50 98
54 98
58 98
64 98
65 98
67 98
73 98
79 98
80 98
81 98
83 98
86 98
0 99
8 99
9 99
11 99
14 99
15 99
16 99
20 99
22 99
25 99
27 99
36 99
44 99
50 99
54 99
57 99
60 99
62 99
66 99
67 99
68 99
71 99
72 99
76 99
81 99
