100 1370 4
1 3 13 4 17 8 19 11 2 18 10 4 19 19 10 11 9 19 9 15 19 10 13 18 11 20 7 6 14 11 10 8 14 17 18 8 16 15 1 3 2 4 3 4 3 11 4 9 9 7 12 20 20 5 13 20 18 10 9 2 6 13 7 11 18 18 12 7 14 12 20 9 5 2 16 16 19 20 4 14 19 7 11 2 16 4 13 10 13 20 10 4 15 2 15 19 11 3 18 10
1 13
8 13
11 13
3 14
4 14
9 15
3 16
4 16
6 16
9 16
11 16
0 17
3 17
5 17
6 17
1 18
3 18
6 18
7 18
9 18
10 18
12 18
1 19
6 19
8 19
12 19
7 20
8 20
9 20
11 20
12 20
8 21
12 21
17 21
18 21
20 21
0 22
2 22
4 22
7 22
8 22
10 22
17 22
0 23
7 23
8 23
0 24
1 24
2 24
6 24
15 24
16 24
18 24
19 24
4 25
8 25
9 25
11 25
15 25
16 25
19 25
20 25
6 26
9 26
10 26
15 26
6 27
7 27
13 27
16 27
20 27
1 28
4 28
7 28
8 28
12 28
16 28
17 28
20 28
23 28
26 28
6 29
22 29
26 29
4 30
5 30
10 30
12 30
21 30
2 31
5 31
6 31
7 31
9 31
10 31
12 31
14 31
22 31
23 31
25 31
26 31
4 32
10 32
12 32
16 32
18 32
20 32
26 32
1 33
6 33
8 33
9 33
12 33
14 33
18 33
19 33
20 33
21 33
24 33
26 33
6 34
7 34
8 34
12 34
15 34
20 34
2 35
6 35
8 35
13 35
14 35
19 35
23 35
25 35
0 36
3 36
12 36
13 36
14 36
15 36
18 36
24 36
25 36
3 37
4 37
11 37
12 37
13 37
15 37
19 37
25 37
5 38
9 38
11 38
13 38
14 38
15 38
19 38
23 38
0 39
1 39
14 39
18 39
23 39
25 39
26 39
28 39
29 39
30 39
31 39
36 39
0 40
1 40
2 40
5 40
6 40
7 40
8 40
10 40
11 40
14 40
15 40
19 40
24 40
25 40
0 41
1 41
2 41
3 41
6 41
9 41
14 41
17 41
18 41
20 41
21 41
24 41
26 41
27 41
38 41
0 42
5 42
14 42
16 42
17 42
18 42
22 42
23 42
25 42
27 42
28 42
29 42
30 42
31 42
32 42
37 42
38 42
0 43
3 43
4 43
9 43
10 43
17 43
23 43
24 43
26 43
27 43
31 43
35 43
36 43
0 44
4 44
9 44
10 44
11 44
12 44
19 44
30 44
31 44
34 44
11 45
12 45
14 45
15 45
17 45
24 45
26 45
28 45
33 45
37 45
5 46
8 46
13 46
14 46
17 46
23 46
29 46
31 46
35 46
36 46
2 47
9 47
14 47
17 47
20 47
22 47
29 47
32 47
35 47
40 47
41 47
44 47
46 47
0 48
5 48
9 48
13 48
14 48
15 48
18 48
19 48
23 48
25 48
37 48
42 48
43 48
44 48
0 49
2 49
8 49
10 49
18 49
24 49
26 49
33 49
38 49
39 49
0 50
5 50
13 50
14 50
17 50
18 50
19 50
21 50
32 50
34 50
36 50
41 50
44 50
46 50
1 51
4 51
7 51
9 51
12 51
15 51
17 51
18 51
19 51
22 51
24 51
32 51
34 51
36 51
38 51
40 51
42 51
44 51
5 52
13 52
15 52
19 52
21 52
22 52
24 52
25 52
30 52
42 52
44 52
45 52
46 52
1 53
9 53
15 53
20 53
23 53
24 53
33 53
36 53
40 53
44 53
4 54
15 54
18 54
21 54
33 54
36 54
37 54
43 54
45 54
1 55
4 55
7 55
10 55
12 55
16 55
17 55
20 55
23 55
32 55
36 55
38 55
41 55
46 55
1 56
3 56
4 56
5 56
6 56
7 56
10 56
11 56
14 56
16 56
17 56
22 56
24 56
31 56
37 56
38 56
40 56
45 56
46 56
1 57
3 57
8 57
11 57
13 57
14 57
22 57
23 57
27 57
31 57
35 57
37 57
39 57
41 57
43 57
44 57
45 57
46 57
4 58
6 58
8 58
9 58
10 58
24 58
25 58
26 58
33 58
35 58
37 58
38 58
39 58
40 58
41 58
43 58
46 58
49 58
50 58
52 58
0 59
1 59
2 59
4 59
8 59
11 59
13 59
16 59
20 59
21 59
22 59
25 59
27 59
28 59
36 59
37 59
46 59
47 59
52 59
7 60
9 60
12 60
14 60
17 60
21 60
22 60
25 60
30 60
35 60
37 60
38 60
46 60
47 60
50 60
55 60
2 61
3 61
10 61
13 61
20 61
21 61
22 61
28 61
31 61
32 61
35 61
37 61
41 61
46 61
47 61
48 61
53 61
55 61
8 62
9 62
10 62
12 62
15 62
28 62
31 62
32 62
34 62
39 62
42 62
43 62
45 62
48 62
51 62
57 62
2 63
9 63
13 63
14 63
17 63
18 63
19 63
20 63
23 63
24 63
28 63
35 63
36 63
40 63
41 63
43 63
44 63
45 63
50 63
55 63
56 63
57 63
5 64
9 64
13 64
14 64
15 64
16 64
24 64
28 64
29 64
31 64
35 64
36 64
38 64
42 64
44 64
46 64
51 64
55 64
57 64
59 64
63 64
10 65
11 65
12 65
15 65
20 65
21 65
23 65
29 65
37 65
39 65
40 65
42 65
43 65
53 65
55 65
57 65
59 65
63 65
2 66
8 66
12 66
13 66
15 66
17 66
21 66
22 66
25 66
28 66
29 66
31 66
33 66
36 66
39 66
42 66
46 66
47 66
56 66
58 66
1 67
2 67
3 67
5 67
10 67
12 67
13 67
15 67
18 67
26 67
34 67
42 67
43 67
47 67
48 67
49 67
50 67
52 67
53 67
54 67
61 67
1 68
5 68
6 68
7 68
13 68
17 68
18 68
21 68
28 68
31 68
34 68
36 68
39 68
41 68
42 68
45 68
46 68
50 68
54 68
55 68
61 68
62 68
0 69
3 69
4 69
7 69
9 69
12 69
13 69
20 69
25 69
28 69
29 69
32 69
36 69
45 69
48 69
56 69
60 69
63 69
6 70
12 70
13 70
15 70
20 70
23 70
24 70
26 70
28 70
29 70
34 70
37 70
41 70
44 70
46 70
53 70
54 70
57 70
63 70
0 71
1 71
3 71
4 71
6 71
10 71
14 71
26 71
35 71
37 71
39 71
48 71
49 71
52 71
54 71
57 71
59 71
60 71
1 72
4 72
9 72
11 72
17 72
18 72
19 72
20 72
21 72
22 72
27 72
33 72
34 72
35 72
40 72
42 72
44 72
45 72
48 72
56 72
58 72
60 72
61 72
1 73
3 73
10 73
16 73
18 73
19 73
27 73
36 73
37 73
40 73
45 73
47 73
51 73
54 73
55 73
56 73
58 73
0 74
3 74
4 74
5 74
6 74
8 74
15 74
18 74
23 74
24 74
25 74
32 74
36 74
42 74
43 74
46 74
49 74
52 74
53 74
55 74
56 74
61 74
63 74
0 75
3 75
5 75
6 75
7 75
8 75
11 75
13 75
14 75
15 75
16 75
17 75
19 75
25 75
27 75
37 75
44 75
53 75
1 76
4 76
5 76
9 76
10 76
14 76
15 76
16 76
30 76
31 76
35 76
36 76
38 76
39 76
46 76
47 76
48 76
53 76
54 76
55 76
56 76
59 76
62 76
67 76
72 76
0 77
1 77
2 77
15 77
20 77
21 77
23 77
24 77
26 77
28 77
38 77
43 77
44 77
49 77
57 77
60 77
63 77
64 77
68 77
74 77
75 77
0 78
3 78
10 78
16 78
19 78
25 78
29 78
32 78
42 78
45 78
50 78
51 78
65 78
70 78
71 78
74 78
4 79
9 79
17 79
20 79
25 79
29 79
30 79
35 79
39 79
42 79
44 79
47 79
48 79
54 79
57 79
59 79
68 79
72 79
1 80
4 80
5 80
9 80
10 80
19 80
26 80
27 80
28 80
29 80
35 80
37 80
38 80
41 80
42 80
43 80
45 80
46 80
49 80
50 80
53 80
54 80
57 80
58 80
62 80
63 80
65 80
71 80
73 80
1 81
3 81
4 81
6 81
7 81
9 81
12 81
14 81
15 81
17 81
21 81
22 81
28 81
32 81
34 81
36 81
40 81
46 81
54 81
59 81
63 81
65 81
75 81
1 82
3 82
6 82
7 82
10 82
14 82
33 82
35 82
36 82
41 82
42 82
43 82
49 82
53 82
62 82
74 82
0 83
2 83
3 83
5 83
6 83
8 83
17 83
23 83
24 83
26 83
30 83
31 83
35 83
42 83
44 83
48 83
55 83
56 83
57 83
65 83
69 83
74 83
1 84
2 84
3 84
4 84
6 84
15 84
18 84
19 84
22 84
28 84
29 84
32 84
39 84
52 84
55 84
59 84
63 84
64 84
65 84
66 84
67 84
69 84
72 84
4 85
5 85
9 85
11 85
12 85
15 85
16 85
19 85
22 85
25 85
31 85
32 85
34 85
40 85
42 85
45 85
48 85
49 85
50 85
52 85
53 85
55 85
56 85
64 85
69 85
73 85
74 85
75 85
3 86
10 86
11 86
12 86
13 86
15 86
16 86
21 86
22 86
23 86
34 86
35 86
37 86
42 86
46 86
47 86
50 86
55 86
58 86
63 86
75 86
2 87
5 87
9 87
12 87
14 87
17 87
21 87
24 87
29 87
36 87
37 87
40 87
43 87
46 87
51 87
52 87
54 87
55 87
56 87
64 87
65 87
69 87
74 87
75 87
3 88
5 88
21 88
22 88
30 88
38 88
41 88
43 88
44 88
46 88
52 88
54 88
59 88
62 88
63 88
72 88
4 89
6 89
8 89
10 89
15 89
20 89
29 89
30 89
33 89
38 89
43 89
47 89
49 89
51 89
54 89
61 89
63 89
65 89
67 89
68 89
69 89
86 89
88 89
0 90
1 90
10 90
13 90
14 90
22 90
24 90
26 90
28 90
29 90
32 90
33 90
41 90
49 90
54 90
55 90
56 90
64 90
69 90
70 90
72 90
77 90
81 90
82 90
83 90
85 90
87 90
1 91
4 91
9 91
14 91
15 91
17 91
21 91
24 91
29 91
30 91
33 91
41 91
42 91
43 91
44 91
48 91
50 91
51 91
54 91
55 91
57 91
59 91
61 91
64 91
68 91
69 91
71 91
84 91
88 91
10 92
11 92
13 92
16 92
17 92
18 92
21 92
23 92
24 92
28 92
31 92
34 92
36 92
38 92
40 92
44 92
46 92
47 92
49 92
51 92
52 92
57 92
58 92
61 92
62 92
65 92
71 92
72 92
77 92
78 92
80 92
83 92
85 92
87 92
0 93
2 93
3 93
9 93
10 93
17 93
18 93
20 93
22 93
23 93
30 93
31 93
35 93
37 93
40 93
52 93
54 93
55 93
61 93
64 93
67 93
71 93
74 93
75 93
77 93
81 93
82 93
84 93
85 93
86 93
87 93
0 94
1 94
3 94
4 94
8 94
14 94
15 94
17 94
20 94
22 94
23 94
24 94
25 94
27 94
28 94
29 94
31 94
32 94
33 94
36 94
38 94
39 94
43 94
48 94
50 94
52 94
55 94
61 94
67 94
69 94
70 94
72 94
83 94
85 94
4 95
5 95
7 95
10 95
12 95
13 95
14 95
15 95
17 95
18 95
19 95
20 95
28 95
30 95
32 95
35 95
38 95
39 95
41 95
44 95
51 95
52 95
54 95
56 95
66 95
68 95
70 95
72 95
77 95
78 95
82 95
83 95
84 95
87 95
0 96
6 96
13 96
19 96
20 96
23 96
25 96
26 96
30 96
35 96
36 96
37 96
41 96
46 96
51 96
52 96
53 96
58 96
60 96
61 96
64 96
65 96
71 96
74 96
79 96
80 96
84 96
88 96
1 97
4 97
5 97
9 97
13 97
25 97
26 97
30 97
31 97
32 97
33 97
37 97
47 97
49 97
52 97
62 97
64 97
66 97
68 97
71 97
76 97
77 97
79 97
80 97
81 97
84 97
86 97
4 98
6 98
10 98
11 98
15 98
19 98
20 98
26 98
28 98
32 98
33 98
34 98
35 98
36 98
38 98
41 98
46 98
51 98
54 98
56 98
60 98
61 98
68 98
72 98
77 98
80 98
82 98
83 98
88 98
3 99
10 99
11 99
17 99
19 99
21 99
29 99
32 99
33 99
39 99
43 99
45 99
47 99
50 99
53 99
56 99
62 99
65 99
67 99
69 99
70 99
72 99
73 99
75 99
77 99
80 99
81 99
82 99
84 99
86 99
87 99
