100 227 5
26 39 24 29 27 25 26 34 10 7 33 41 6 29 15 38 10 30 44 21 29 26 24 49 50 35 46 10 18 49 30 28 23 49 5 2 46 13 5 20 46 1 39 49 25 10 26 35 7 18 39 32 50 15 3 38 8 15 45 15 31 39 43 11 11 40 44 11 3 26 9 24 18 18 34 20 37 8 7 40 44 50 19 48 44 17 10 26 4 29 6 47 49 37 21 49 44 4 50 19
0 2
1 5
1 17
1 19
2 3
2 6
3 5
3 9
3 14
4 5
4 8
4 10
5 20
5 21
6 7
6 8
6 10
6 11
7 14
8 14
9 10
10 12
10 21
10 23
11 16
11 18
12 13
12 20
13 16
14 17
14 18
14 29
15 21
15 29
15 32
16 19
16 32
17 22
17 25
17 26
18 20
18 21
18 23
19 24
19 26
19 29
19 33
20 24
20 25
20 26
21 27
21 33
22 27
22 30
22 31
22 32
23 24
23 30
23 31
23 33
24 36
24 38
24 39
25 28
25 32
25 34
26 27
26 31
27 28
27 35
28 36
28 38
29 30
29 35
29 36
30 45
30 47
31 34
32 33
32 38
32 39
33 36
34 35
35 37
35 38
35 39
36 37
36 41
37 40
37 42
37 49
38 40
38 41
39 41
39 45
40 45
40 53
41 44
41 47
41 64
42 43
42 45
42 51
43 48
43 53
44 50
44 51
45 46
45 48
45 50
46 52
46 54
46 64
47 51
47 54
47 57
48 52
48 61
49 51
50 57
50 63
51 55
51 61
52 55
53 61
53 62
53 64
53 66
53 67
54 61
55 56
55 59
55 63
56 58
56 60
56 67
57 58
57 61
57 62
57 66
57 67
58 75
58 77
58 79
58 86
59 66
59 69
60 62
60 66
60 69
61 68
61 69
62 72
62 78
63 65
63 68
64 75
64 81
64 86
65 66
66 70
66 72
66 73
67 71
68 71
69 71
70 80
70 82
70 84
70 85
70 88
70 89
71 73
71 74
71 77
71 78
72 77
72 80
73 75
73 76
73 83
74 80
74 86
74 91
75 82
75 85
75 88
76 79
76 82
77 83
77 88
78 83
78 86
79 81
79 92
80 87
80 98
81 84
81 87
81 89
81 91
81 97
82 92
82 94
82 96
82 97
83 85
83 89
83 97
84 94
84 98
85 91
85 92
85 93
86 96
86 99
87 99
88 91
89 90
89 94
89 98
90 95
91 94
91 96
93 99
96 98
97 99
