100 240 10
1 999 1 47 265 687 1 12 66 40 47 20 5 60 60 82 34 46 73 4 5 445 1 19 106 65 75 31 7 96 96 504 1 16 88 54 62 26 6 79 79 109 45 435 1 31 177 107 125 559 1 999 1 14 76 46 54 22 5 68 68 94 39 52 84 377 1 14 76 46 54 22 5 68 68 94 39 52 84 377 1 10 53 33 38 16 4 48 48 66 27 37 59 3 4 38 47 1 27 440
32 58
82 99
35 39
28 15
80 12
25 90
45 90
50 53
66 67
76 63
73 95
23 58
23 92
84 60
94 43
52 94
50 18
2 42
2 82
2 55
60 49
52 12
12 29
0 23
32 39
6 72
22 48
66 43
41 64
23 75
57 48
44 82
80 64
44 37
23 91
35 5
32 53
3 84
82 41
60 16
3 35
56 71
50 71
70 18
83 59
52 45
11 60
44 31
82 18
36 29
24 85
67 15
81 83
46 20
0 36
12 62
23 70
25 15
70 99
11 27
0 19
58 96
69 47
73 5
45 83
38 16
29 78
50 56
35 77
66 62
53 20
87 60
68 5
81 46
71 17
4 76
14 93
62 43
82 69
74 18
22 95
12 38
22 90
26 61
20 43
80 10
47 93
6 62
44 54
44 74
58 39
50 31
27 40
66 53
82 72
83 35
45 74
0 81
66 83
34 93
88 89
83 86
95 42
13 48
45 92
87 92
67 11
26 28
83 88
92 99
67 64
80 67
45 85
55 97
0 88
72 61
59 19
9 30
92 76
17 18
66 1
53 60
32 70
70 76
46 62
82 38
84 36
57 94
52 19
24 93
88 43
89 63
82 55
12 47
73 98
24 76
3 98
87 14
36 60
2 15
25 27
66 58
26 90
52 54
12 91
81 95
0 72
90 41
53 16
97 65
80 75
54 39
22 47
40 64
88 5
22 12
32 73
70 37
45 36
36 28
39 62
50 23
23 49
25 97
86 47
53 86
0 60
2 1
11 49
56 38
12 57
50 63
81 82
16 62
70 65
72 5
81 41
50 48
53 96
67 16
83 75
30 19
50 90
52 37
68 41
55 11
85 62
22 62
70 49
25 89
26 29
67 24
52 97
24 47
24 91
88 20
50 29
6 64
84 14
84 21
75 97
38 62
56 14
96 65
67 17
30 21
45 28
8 19
9 86
60 30
3 9
87 40
67 31
47 94
52 4
11 99
58 74
45 43
86 73
7 16
76 65
80 94
33 25
24 78
9 17
89 18
59 62
13 28
74 78
15 18
72 73
20 21
93 99
68 17
0 24
80 57
2 93
8 93
67 98
13 19
