100 182 9
23 3 33 45 20 4 17 1 12 9 30 40 13 4 37 12 17 6 7 29 5 35 33 16 23 11 42 48 33 11 10 29 24 32 25 17 28 28 37 2 37 37 35 29 40 15 37 13 47 20 17 45 20 7 27 42 28 26 40 49 20 30 3 32 17 1 1 42 32 15 12 26 36 8 33 45 21 35 38 36 3 15 16 38 8 6 4 38 4 25 15 50 41 12 28 44 10 8 29 26
0 1
0 4
0 9
1 5
1 6
1 13
2 4
2 5
2 8
2 9
3 6
3 12
4 7
4 12
4 13
5 14
6 8
6 15
7 16
8 11
9 10
10 11
10 16
11 17
11 18
12 14
13 15
13 16
14 15
14 16
15 18
15 22
16 18
16 20
17 20
18 19
19 21
20 22
20 26
21 24
21 25
21 27
22 23
22 25
22 27
23 28
23 30
23 31
24 26
24 28
24 29
25 28
25 30
26 30
26 32
27 32
27 34
28 40
28 41
28 43
28 49
29 31
29 34
29 37
30 33
30 36
31 32
31 35
32 36
33 34
33 37
34 35
35 38
36 38
37 39
37 43
38 39
38 49
39 40
39 41
40 44
40 46
41 42
41 44
42 45
42 48
42 50
43 45
43 46
43 50
44 47
44 52
45 47
45 51
45 52
46 47
46 48
47 53
47 57
48 51
48 52
49 54
50 53
50 57
51 56
52 54
52 56
53 54
54 55
55 58
56 57
57 58
58 59
59 60
59 61
60 65
60 66
60 67
61 62
62 63
62 64
62 67
63 65
63 69
64 66
64 68
65 68
65 70
65 80
66 69
66 70
66 71
67 69
67 70
68 71
68 72
69 74
69 75
69 80
70 74
71 73
72 74
72 77
73 74
74 76
74 78
75 77
76 79
76 83
77 79
77 83
78 81
79 81
79 84
79 85
80 85
81 82
81 88
82 87
82 89
82 90
83 85
83 88
84 86
84 89
84 90
85 86
86 87
87 91
88 89
89 91
90 91
91 92
91 95
92 93
93 94
94 96
94 97
95 97
96 98
97 98
98 99
