300 7251 5
4 8 7 2 6 7 6 3 6 6 4 2 4 5 8 5 8 4 9 7 7 8 8 8 1 8 9 6 1 6 8 8 8 8 4 6 2 8 8 2 5 4 10 2 4 7 7 5 9 2 9 2 4 7 8 6 4 4 8 8 10 6 8 4 2 5 3 10 5 6 6 8 1 6 2 4 6 10 7 1 5 4 6 2 4 1 5 10 5 10 3 9 2 1 4 2 4 3 2 9 9 7 4 4 1 8 7 4 10 2 6 8 9 6 9 8 9 9 4 7 6 3 6 8 6 8 6 9 3 8 9 5 1 9 3 5 8 8 10 10 1 9 4 7 2 6 2 10 5 10 3 1 4 4 4 1 6 1 1 1 1 2 6 9 10 5 8 3 7 9 9 10 8 9 9 1 7 2 10 7 10 9 6 6 9 2 10 7 7 10 1 3 3 2 4 8 5 8 10 6 1 5 2 6 1 4 3 7 3 2 1 4 10 4 2 9 4 5 10 10 9 2 6 1 6 2 4 6 8 10 7 3 8 4 2 10 1 1 6 9 5 4 6 8 3 2 3 9 4 5 1 10 7 1 6 9 8 9 10 7 9 4 4 2 1 3 9 1 3 6 5 2 10 2 7 8 6 3 3 4 9 10 9 4 7 2 9 7 5 10 2 4 4 5 6 8 9 8 2 9
1 4
3 5
2 6
0 7
3 9
0 10
1 10
7 10
9 10
6 11
1 12
10 12
7 13
7 14
8 14
7 15
9 15
12 15
7 16
10 16
2 17
8 17
15 17
2 18
8 18
1 19
6 19
14 19
16 19
3 20
11 20
12 20
13 20
14 21
15 21
19 22
11 23
13 23
16 23
2 24
14 24
17 24
7 25
22 25
24 25
2 26
6 26
10 26
17 26
20 26
21 26
24 26
5 27
7 27
25 27
10 28
15 28
12 29
14 29
21 29
23 29
25 29
27 30
8 31
9 31
16 31
20 31
1 32
6 32
16 32
20 32
10 33
11 33
26 33
28 33
31 33
32 33
14 34
15 34
29 34
1 35
5 35
7 35
15 35
20 35
21 35
22 35
28 35
29 35
30 35
33 35
3 36
8 36
9 36
12 36
16 36
30 36
34 36
1 37
31 37
35 37
2 38
18 38
19 38
21 38
23 38
24 38
30 38
8 39
10 39
13 39
19 39
25 39
2 40
16 40
29 40
30 40
38 40
39 40
1 41
18 41
24 41
0 42
5 42
7 42
9 42
14 42
22 42
23 42
28 42
36 42
9 43
10 43
12 43
16 43
23 43
24 43
31 43
32 43
8 44
9 44
10 44
18 44
22 44
34 44
43 44
3 45
6 45
9 45
20 45
25 45
28 45
34 45
35 45
39 45
40 45
1 46
14 46
16 46
17 46
24 46
28 46
36 46
38 46
39 46
42 46
1 47
3 47
11 47
41 47
9 48
12 48
22 48
25 48
33 48
36 48
38 48
42 48
46 48
47 48
4 49
5 49
6 49
19 49
21 49
30 49
36 49
46 49
6 50
25 50
30 50
36 50
37 50
2 51
3 51
4 51
5 51
11 51
20 51
25 51
28 51
30 51
32 51
41 51
2 52
8 52
9 52
10 52
15 52
20 52
21 52
31 52
37 52
45 52
50 52
10 53
11 53
13 53
18 53
20 53
23 53
30 53
34 53
35 53
44 53
7 54
11 54
17 54
20 54
23 54
25 54
29 54
31 54
34 54
38 54
51 54
1 55
16 55
28 55
34 55
44 55
2 56
11 56
23 56
24 56
33 56
34 56
53 56
6 57
9 57
10 57
17 57
20 57
23 57
27 57
39 57
44 57
48 57
49 57
2 58
3 58
6 58
9 58
26 58
32 58
42 58
51 58
54 58
0 59
1 59
2 59
4 59
6 59
9 59
17 59
22 59
26 59
30 59
33 59
43 59
46 59
48 59
49 59
50 59
57 59
2 60
7 60
16 60
21 60
24 60
43 60
45 60
55 60
0 61
2 61
5 61
7 61
12 61
19 61
24 61
31 61
36 61
40 61
41 61
45 61
46 61
48 61
55 61
57 61
2 62
13 62
23 62
38 62
49 62
50 62
58 62
60 62
22 63
29 63
37 63
42 63
45 63
52 63
1 64
5 64
8 64
15 64
17 64
18 64
20 64
24 64
29 64
36 64
37 64
50 64
52 64
61 64
1 65
4 65
17 65
27 65
33 65
39 65
49 65
50 65
60 65
61 65
0 66
1 66
2 66
5 66
12 66
21 66
22 66
24 66
26 66
27 66
30 66
34 66
40 66
41 66
42 66
44 66
48 66
49 66
55 66
61 66
64 66
8 67
21 67
36 67
42 67
43 67
52 67
57 67
64 67
5 68
18 68
31 68
39 68
41 68
42 68
60 68
61 68
63 68
3 69
6 69
8 69
13 69
24 69
30 69
38 69
43 69
51 69
52 69
61 69
67 69
2 70
5 70
26 70
30 70
34 70
50 70
52 70
63 70
66 70
0 71
6 71
21 71
24 71
26 71
28 71
46 71
60 71
62 71
64 71
69 71
10 72
35 72
37 72
40 72
42 72
49 72
50 72
56 72
58 72
59 72
63 72
65 72
70 72
9 73
13 73
18 73
22 73
29 73
34 73
41 73
50 73
58 73
60 73
62 73
1 74
11 74
13 74
16 74
23 74
24 74
37 74
41 74
44 74
45 74
51 74
52 74
59 74
60 74
62 74
7 75
14 75
16 75
20 75
25 75
28 75
36 75
42 75
52 75
57 75
61 75
63 75
0 76
8 76
22 76
34 76
37 76
38 76
40 76
41 76
45 76
47 76
53 76
54 76
59 76
69 76
74 76
4 77
5 77
8 77
14 77
26 77
28 77
35 77
48 77
52 77
58 77
59 77
72 77
74 77
11 78
12 78
13 78
14 78
15 78
27 78
29 78
32 78
33 78
38 78
43 78
45 78
46 78
49 78
51 78
65 78
76 78
77 78
6 79
20 79
23 79
30 79
34 79
36 79
39 79
44 79
56 79
60 79
71 79
8 80
12 80
15 80
20 80
22 80
32 80
36 80
38 80
76 80
78 80
15 81
19 81
26 81
33 81
34 81
38 81
45 81
49 81
60 81
62 81
65 81
70 81
72 81
2 82
6 82
10 82
13 82
18 82
26 82
28 82
31 82
33 82
39 82
50 82
58 82
62 82
68 82
78 82
81 82
31 83
50 83
62 83
65 83
70 83
71 83
80 83
17 84
26 84
27 84
31 84
46 84
54 84
61 84
62 84
64 84
70 84
76 84
78 84
80 84
81 84
3 85
4 85
8 85
17 85
33 85
37 85
39 85
46 85
50 85
52 85
55 85
59 85
7 86
10 86
12 86
19 86
26 86
29 86
30 86
33 86
40 86
41 86
44 86
53 86
55 86
56 86
70 86
75 86
1 87
2 87
14 87
33 87
34 87
44 87
53 87
61 87
71 87
83 87
84 87
85 87
4 88
5 88
6 88
7 88
8 88
22 88
28 88
35 88
57 88
66 88
72 88
76 88
80 88
5 89
9 89
10 89
32 89
34 89
35 89
36 89
43 89
67 89
70 89
71 89
75 89
77 89
80 89
85 89
87 89
7 90
18 90
26 90
31 90
34 90
38 90
55 90
77 90
86 90
1 91
10 91
14 91
17 91
26 91
27 91
28 91
34 91
42 91
44 91
77 91
79 91
82 91
26 92
33 92
42 92
64 92
80 92
83 92
85 92
89 92
4 93
10 93
14 93
15 93
18 93
32 93
34 93
36 93
41 93
42 93
50 93
56 93
60 93
75 93
78 93
85 93
90 93
91 93
2 94
7 94
13 94
27 94
32 94
40 94
54 94
59 94
60 94
73 94
79 94
80 94
81 94
82 94
86 94
90 94
91 94
1 95
6 95
7 95
19 95
29 95
31 95
38 95
58 95
60 95
62 95
63 95
67 95
69 95
80 95
83 95
88 95
3 96
6 96
9 96
16 96
17 96
30 96
35 96
36 96
43 96
54 96
71 96
86 96
90 96
91 96
92 96
93 96
19 97
38 97
39 97
47 97
49 97
58 97
71 97
72 97
73 97
76 97
78 97
79 97
80 97
93 97
2 98
4 98
14 98
18 98
22 98
40 98
49 98
58 98
69 98
86 98
89 98
92 98
93 98
0 99
7 99
13 99
20 99
22 99
27 99
32 99
35 99
49 99
50 99
61 99
75 99
81 99
82 99
84 99
93 99
8 100
10 100
13 100
18 100
23 100
25 100
34 100
40 100
43 100
44 100
53 100
56 100
58 100
59 100
64 100
76 100
77 100
83 100
88 100
95 100
7 101
8 101
11 101
16 101
19 101
20 101
30 101
39 101
54 101
62 101
75 101
76 101
91 101
93 101
97 101
0 102
4 102
13 102
15 102
25 102
31 102
35 102
42 102
45 102
51 102
57 102
58 102
59 102
61 102
73 102
75 102
77 102
80 102
98 102
0 103
1 103
2 103
5 103
8 103
12 103
18 103
35 103
45 103
47 103
51 103
53 103
56 103
65 103
66 103
67 103
68 103
69 103
70 103
78 103
79 103
94 103
100 103
12 104
14 104
18 104
21 104
26 104
28 104
29 104
35 104
52 104
56 104
66 104
70 104
72 104
73 104
82 104
85 104
87 104
89 104
94 104
96 104
97 104
12 105
19 105
21 105
23 105
46 105
48 105
58 105
61 105
63 105
67 105
68 105
73 105
89 105
90 105
92 105
96 105
5 106
8 106
9 106
23 106
28 106
29 106
47 106
50 106
61 106
67 106
69 106
73 106
76 106
80 106
83 106
86 106
99 106
100 106
102 106
105 106
3 107
7 107
9 107
15 107
26 107
50 107
51 107
53 107
54 107
61 107
62 107
70 107
76 107
78 107
79 107
86 107
105 107
0 108
1 108
5 108
9 108
24 108
28 108
46 108
48 108
49 108
50 108
64 108
65 108
78 108
79 108
80 108
88 108
89 108
91 108
92 108
104 108
15 109
33 109
57 109
69 109
71 109
73 109
74 109
83 109
85 109
93 109
96 109
99 109
100 109
104 109
106 109
107 109
6 110
7 110
10 110
13 110
33 110
45 110
47 110
52 110
57 110
62 110
70 110
84 110
86 110
99 110
109 110
6 111
33 111
37 111
39 111
42 111
44 111
45 111
47 111
50 111
56 111
59 111
60 111
68 111
71 111
75 111
76 111
78 111
79 111
80 111
85 111
87 111
95 111
1 112
23 112
24 112
29 112
31 112
39 112
42 112
50 112
56 112
57 112
60 112
61 112
83 112
85 112
87 112
93 112
94 112
98 112
109 112
24 113
29 113
41 113
53 113
64 113
73 113
87 113
97 113
98 113
99 113
1 114
10 114
21 114
25 114
26 114
28 114
44 114
48 114
51 114
62 114
70 114
75 114
79 114
86 114
88 114
89 114
96 114
97 114
103 114
6 115
10 115
11 115
12 115
15 115
16 115
17 115
27 115
30 115
32 115
39 115
40 115
54 115
65 115
67 115
72 115
74 115
80 115
83 115
88 115
98 115
102 115
103 115
104 115
105 115
109 115
5 116
6 116
10 116
11 116
15 116
18 116
20 116
21 116
26 116
33 116
47 116
48 116
53 116
91 116
95 116
109 116
114 116
20 117
34 117
38 117
39 117
41 117
42 117
43 117
51 117
53 117
55 117
57 117
58 117
75 117
84 117
88 117
90 117
99 117
100 117
112 117
2 118
14 118
20 118
27 118
28 118
42 118
48 118
49 118
51 118
59 118
60 118
63 118
64 118
70 118
72 118
82 118
86 118
95 118
97 118
98 118
103 118
114 118
1 119
2 119
21 119
24 119
29 119
33 119
46 119
52 119
56 119
62 119
83 119
98 119
101 119
106 119
116 119
118 119
0 120
2 120
5 120
9 120
20 120
23 120
29 120
31 120
33 120
35 120
39 120
45 120
48 120
50 120
54 120
67 120
69 120
71 120
77 120
80 120
86 120
107 120
112 120
117 120
5 121
6 121
13 121
14 121
17 121
30 121
36 121
37 121
45 121
46 121
56 121
59 121
65 121
78 121
80 121
81 121
92 121
105 121
107 121
108 121
109 121
117 121
7 122
12 122
14 122
16 122
19 122
20 122
28 122
51 122
55 122
63 122
65 122
89 122
102 122
105 122
107 122
111 122
115 122
5 123
7 123
10 123
15 123
23 123
25 123
32 123
34 123
42 123
58 123
60 123
63 123
89 123
92 123
95 123
102 123
109 123
111 123
112 123
1 124
2 124
5 124
6 124
10 124
12 124
15 124
18 124
40 124
49 124
54 124
55 124
60 124
61 124
68 124
69 124
72 124
73 124
75 124
77 124
89 124
95 124
98 124
99 124
103 124
106 124
109 124
116 124
117 124
118 124
0 125
1 125
22 125
33 125
40 125
43 125
44 125
49 125
51 125
62 125
91 125
96 125
97 125
98 125
99 125
108 125
0 126
1 126
6 126
17 126
24 126
33 126
37 126
49 126
65 126
67 126
68 126
95 126
97 126
100 126
111 126
113 126
123 126
125 126
11 127
20 127
27 127
41 127
42 127
68 127
79 127
82 127
101 127
104 127
2 128
5 128
9 128
13 128
23 128
25 128
38 128
49 128
62 128
64 128
66 128
70 128
71 128
81 128
83 128
88 128
91 128
105 128
107 128
111 128
119 128
122 128
127 128
10 129
33 129
40 129
42 129
45 129
57 129
59 129
63 129
81 129
85 129
88 129
93 129
96 129
108 129
110 129
117 129
119 129
122 129
123 129
4 130
18 130
22 130
24 130
26 130
27 130
32 130
65 130
70 130
71 130
72 130
79 130
82 130
83 130
91 130
100 130
105 130
111 130
24 131
25 131
28 131
31 131
36 131
38 131
41 131
42 131
49 131
52 131
53 131
60 131
73 131
78 131
81 131
86 131
89 131
90 131
97 131
100 131
104 131
108 131
125 131
3 132
8 132
16 132
19 132
25 132
27 132
28 132
38 132
41 132
45 132
49 132
52 132
56 132
63 132
78 132
84 132
86 132
90 132
91 132
101 132
121 132
1 133
6 133
11 133
19 133
20 133
30 133
42 133
44 133
46 133
52 133
53 133
63 133
71 133
74 133
87 133
92 133
93 133
96 133
97 133
99 133
104 133
112 133
119 133
123 133
129 133
4 134
10 134
18 134
20 134
23 134
34 134
39 134
40 134
50 134
82 134
85 134
88 134
110 134
112 134
125 134
127 134
3 135
4 135
5 135
15 135
16 135
20 135
22 135
32 135
44 135
49 135
54 135
55 135
58 135
59 135
61 135
65 135
72 135
80 135
83 135
84 135
87 135
89 135
90 135
100 135
102 135
109 135
114 135
122 135
129 135
130 135
7 136
10 136
32 136
38 136
39 136
44 136
62 136
68 136
74 136
77 136
82 136
98 136
99 136
108 136
110 136
111 136
115 136
116 136
118 136
126 136
129 136
11 137
34 137
36 137
40 137
53 137
55 137
62 137
66 137
69 137
78 137
82 137
87 137
109 137
115 137
117 137
118 137
120 137
136 137
3 138
4 138
8 138
13 138
16 138
20 138
27 138
31 138
41 138
43 138
47 138
48 138
58 138
73 138
74 138
80 138
86 138
94 138
95 138
111 138
114 138
115 138
121 138
125 138
133 138
1 139
4 139
6 139
26 139
30 139
37 139
38 139
41 139
45 139
52 139
56 139
60 139
73 139
75 139
82 139
83 139
91 139
96 139
100 139
103 139
105 139
106 139
110 139
112 139
120 139
124 139
130 139
131 139
134 139
12 140
17 140
19 140
23 140
26 140
32 140
39 140
47 140
49 140
52 140
55 140
56 140
57 140
60 140
63 140
66 140
67 140
73 140
77 140
95 140
96 140
100 140
121 140
0 141
1 141
11 141
20 141
21 141
29 141
30 141
40 141
56 141
65 141
85 141
90 141
96 141
118 141
122 141
123 141
132 141
134 141
2 142
8 142
23 142
31 142
32 142
39 142
40 142
42 142
52 142
61 142
66 142
72 142
74 142
83 142
88 142
95 142
97 142
101 142
110 142
111 142
115 142
116 142
122 142
132 142
133 142
139 142
1 143
13 143
21 143
29 143
33 143
44 143
52 143
60 143
61 143
80 143
84 143
89 143
94 143
96 143
99 143
108 143
114 143
119 143
122 143
126 143
140 143
1 144
2 144
5 144
9 144
20 144
34 144
37 144
45 144
48 144
50 144
63 144
64 144
85 144
88 144
99 144
105 144
106 144
108 144
114 144
115 144
131 144
136 144
137 144
140 144
7 145
17 145
28 145
32 145
34 145
39 145
42 145
54 145
55 145
57 145
59 145
64 145
65 145
68 145
71 145
75 145
87 145
89 145
90 145
97 145
112 145
120 145
125 145
137 145
2 146
8 146
20 146
37 146
38 146
40 146
43 146
44 146
48 146
52 146
61 146
67 146
72 146
73 146
78 146
99 146
104 146
109 146
110 146
115 146
118 146
119 146
122 146
124 146
126 146
137 146
140 146
142 146
145 146
4 147
16 147
18 147
20 147
27 147
28 147
31 147
32 147
39 147
45 147
47 147
64 147
65 147
68 147
90 147
91 147
104 147
118 147
125 147
126 147
127 147
129 147
140 147
4 148
5 148
13 148
17 148
32 148
38 148
44 148
45 148
53 148
63 148
82 148
97 148
100 148
104 148
118 148
119 148
124 148
137 148
147 148
0 149
3 149
12 149
29 149
30 149
34 149
68 149
71 149
102 149
105 149
106 149
107 149
109 149
111 149
127 149
136 149
139 149
142 149
4 150
10 150
19 150
27 150
41 150
58 150
69 150
75 150
77 150
90 150
91 150
101 150
103 150
104 150
107 150
110 150
112 150
114 150
124 150
126 150
129 150
143 150
144 150
147 150
2 151
6 151
8 151
10 151
18 151
20 151
30 151
33 151
38 151
59 151
63 151
67 151
70 151
90 151
103 151
117 151
118 151
122 151
124 151
127 151
131 151
140 151
144 151
149 151
3 152
5 152
10 152
19 152
21 152
22 152
23 152
24 152
27 152
29 152
44 152
45 152
48 152
49 152
68 152
99 152
112 152
115 152
121 152
122 152
124 152
127 152
136 152
145 152
150 152
0 153
12 153
26 153
36 153
42 153
55 153
59 153
99 153
100 153
103 153
106 153
107 153
109 153
120 153
124 153
138 153
141 153
146 153
149 153
152 153
37 154
53 154
54 154
56 154
63 154
65 154
71 154
77 154
79 154
80 154
107 154
109 154
112 154
115 154
128 154
131 154
137 154
141 154
150 154
151 154
153 154
1 155
6 155
8 155
10 155
17 155
19 155
28 155
29 155
31 155
34 155
37 155
52 155
61 155
63 155
76 155
78 155
84 155
99 155
104 155
115 155
118 155
120 155
124 155
129 155
137 155
139 155
146 155
148 155
9 156
11 156
12 156
13 156
20 156
26 156
27 156
33 156
38 156
40 156
44 156
50 156
55 156
56 156
69 156
70 156
83 156
84 156
86 156
93 156
94 156
115 156
117 156
121 156
123 156
125 156
141 156
143 156
145 156
151 156
152 156
25 157
27 157
30 157
36 157
43 157
51 157
64 157
67 157
68 157
74 157
75 157
79 157
81 157
82 157
97 157
102 157
130 157
133 157
135 157
153 157
3 158
20 158
21 158
23 158
26 158
28 158
36 158
38 158
50 158
52 158
54 158
58 158
60 158
62 158
72 158
74 158
78 158
79 158
92 158
95 158
96 158
97 158
109 158
125 158
132 158
134 158
135 158
148 158
150 158
151 158
153 158
155 158
0 159
7 159
13 159
18 159
23 159
24 159
25 159
28 159
47 159
53 159
62 159
82 159
84 159
88 159
89 159
99 159
102 159
105 159
107 159
119 159
124 159
130 159
133 159
141 159
142 159
145 159
150 159
5 160
9 160
20 160
26 160
29 160
31 160
43 160
49 160
61 160
62 160
80 160
87 160
89 160
92 160
97 160
99 160
105 160
106 160
114 160
121 160
123 160
126 160
137 160
138 160
151 160
155 160
12 161
13 161
16 161
17 161
22 161
24 161
34 161
39 161
41 161
42 161
48 161
50 161
57 161
71 161
76 161
80 161
85 161
89 161
90 161
94 161
95 161
105 161
106 161
118 161
121 161
127 161
128 161
143 161
144 161
146 161
153 161
159 161
8 162
10 162
11 162
18 162
41 162
42 162
45 162
53 162
65 162
66 162
67 162
69 162
71 162
74 162
75 162
81 162
90 162
93 162
95 162
96 162
97 162
98 162
101 162
104 162
109 162
118 162
131 162
137 162
142 162
144 162
149 162
153 162
12 163
13 163
20 163
24 163
25 163
46 163
48 163
50 163
52 163
71 163
72 163
73 163
79 163
81 163
84 163
89 163
92 163
94 163
96 163
98 163
100 163
103 163
109 163
110 163
116 163
117 163
122 163
130 163
139 163
142 163
157 163
7 164
11 164
25 164
26 164
35 164
36 164
47 164
49 164
55 164
62 164
66 164
69 164
86 164
92 164
93 164
95 164
106 164
110 164
122 164
124 164
125 164
128 164
132 164
134 164
138 164
140 164
151 164
157 164
161 164
162 164
2 165
5 165
8 165
30 165
31 165
44 165
63 165
70 165
71 165
74 165
75 165
87 165
97 165
104 165
116 165
130 165
145 165
146 165
155 165
163 165
0 166
3 166
11 166
15 166
24 166
26 166
31 166
37 166
53 166
63 166
64 166
68 166
73 166
79 166
85 166
89 166
103 166
113 166
114 166
121 166
126 166
128 166
138 166
142 166
151 166
157 166
158 166
161 166
1 167
11 167
12 167
14 167
17 167
20 167
23 167
26 167
33 167
35 167
36 167
58 167
71 167
72 167
75 167
85 167
87 167
90 167
95 167
98 167
103 167
110 167
118 167
122 167
126 167
133 167
140 167
142 167
148 167
150 167
155 167
157 167
162 167
4 168
9 168
11 168
12 168
30 168
45 168
51 168
67 168
73 168
75 168
93 168
96 168
108 168
123 168
128 168
131 168
137 168
139 168
140 168
141 168
154 168
164 168
167 168
6 169
8 169
11 169
13 169
25 169
31 169
32 169
39 169
40 169
45 169
50 169
66 169
67 169
72 169
97 169
99 169
102 169
104 169
105 169
106 169
109 169
112 169
113 169
116 169
121 169
125 169
128 169
131 169
132 169
134 169
139 169
143 169
151 169
152 169
154 169
155 169
164 169
165 169
0 170
2 170
6 170
8 170
23 170
24 170
25 170
39 170
49 170
53 170
58 170
61 170
75 170
76 170
77 170
90 170
96 170
105 170
107 170
108 170
110 170
135 170
146 170
151 170
153 170
161 170
165 170
167 170
16 171
20 171
25 171
37 171
60 171
63 171
64 171
76 171
77 171
84 171
86 171
114 171
123 171
124 171
127 171
132 171
146 171
163 171
168 171
169 171
3 172
6 172
12 172
13 172
19 172
22 172
23 172
24 172
30 172
37 172
48 172
50 172
52 172
53 172
60 172
70 172
84 172
100 172
108 172
109 172
115 172
116 172
117 172
119 172
121 172
138 172
140 172
149 172
161 172
163 172
164 172
169 172
7 173
9 173
11 173
18 173
21 173
27 173
39 173
45 173
59 173
62 173
67 173
69 173
74 173
83 173
96 173
107 173
114 173
115 173
124 173
135 173
144 173
152 173
162 173
171 173
0 174
3 174
19 174
26 174
27 174
33 174
51 174
70 174
74 174
75 174
80 174
85 174
89 174
106 174
112 174
113 174
130 174
136 174
143 174
146 174
150 174
155 174
156 174
169 174
0 175
9 175
17 175
21 175
23 175
30 175
39 175
42 175
60 175
61 175
62 175
63 175
66 175
72 175
73 175
83 175
104 175
105 175
132 175
134 175
135 175
141 175
142 175
154 175
159 175
161 175
164 175
168 175
174 175
7 176
10 176
14 176
17 176
27 176
31 176
36 176
37 176
38 176
40 176
43 176
46 176
52 176
65 176
66 176
77 176
80 176
83 176
93 176
96 176
99 176
104 176
106 176
112 176
115 176
120 176
124 176
127 176
148 176
151 176
157 176
160 176
161 176
6 177
16 177
20 177
27 177
43 177
44 177
51 177
56 177
81 177
84 177
87 177
93 177
100 177
122 177
123 177
129 177
139 177
151 177
152 177
156 177
168 177
176 177
10 178
13 178
16 178
18 178
21 178
26 178
27 178
33 178
36 178
38 178
40 178
49 178
72 178
82 178
84 178
86 178
87 178
88 178
97 178
104 178
113 178
118 178
122 178
123 178
133 178
137 178
141 178
143 178
150 178
151 178
153 178
157 178
158 178
160 178
161 178
170 178
173 178
177 178
1 179
17 179
22 179
23 179
25 179
27 179
31 179
41 179
42 179
65 179
68 179
71 179
72 179
73 179
77 179
82 179
84 179
91 179
101 179
108 179
123 179
138 179
145 179
151 179
157 179
160 179
165 179
169 179
170 179
172 179
176 179
0 180
9 180
10 180
13 180
18 180
25 180
26 180
44 180
46 180
47 180
48 180
58 180
62 180
74 180
82 180
84 180
99 180
110 180
115 180
119 180
120 180
137 180
148 180
165 180
170 180
177 180
179 180
3 181
7 181
22 181
23 181
32 181
33 181
54 181
58 181
67 181
70 181
75 181
76 181
83 181
91 181
92 181
93 181
102 181
112 181
123 181
124 181
127 181
135 181
142 181
152 181
153 181
161 181
171 181
173 181
177 181
180 181
1 182
17 182
18 182
37 182
43 182
48 182
52 182
66 182
71 182
72 182
73 182
78 182
81 182
83 182
88 182
107 182
118 182
120 182
126 182
133 182
134 182
139 182
166 182
4 183
5 183
8 183
10 183
11 183
16 183
18 183
22 183
34 183
36 183
81 183
90 183
91 183
95 183
104 183
106 183
113 183
125 183
132 183
134 183
137 183
139 183
144 183
155 183
162 183
163 183
165 183
171 183
181 183
4 184
19 184
20 184
26 184
27 184
31 184
35 184
40 184
46 184
51 184
62 184
71 184
76 184
86 184
89 184
92 184
97 184
98 184
111 184
115 184
120 184
126 184
127 184
133 184
135 184
141 184
155 184
157 184
160 184
172 184
0 185
7 185
19 185
22 185
24 185
29 185
37 185
38 185
39 185
60 185
67 185
69 185
78 185
79 185
86 185
89 185
91 185
92 185
102 185
107 185
111 185
115 185
117 185
127 185
135 185
136 185
148 185
151 185
160 185
170 185
176 185
183 185
1 186
6 186
7 186
20 186
32 186
37 186
49 186
50 186
57 186
59 186
62 186
68 186
71 186
74 186
77 186
79 186
86 186
94 186
101 186
111 186
114 186
128 186
139 186
143 186
150 186
155 186
167 186
179 186
183 186
4 187
5 187
28 187
30 187
34 187
37 187
44 187
47 187
50 187
52 187
63 187
65 187
69 187
71 187
74 187
78 187
80 187
81 187
100 187
101 187
118 187
120 187
121 187
124 187
132 187
134 187
137 187
147 187
158 187
163 187
168 187
169 187
183 187
184 187
0 188
5 188
17 188
21 188
25 188
26 188
30 188
33 188
34 188
37 188
42 188
48 188
50 188
57 188
65 188
69 188
72 188
73 188
77 188
79 188
82 188
83 188
92 188
96 188
106 188
108 188
110 188
111 188
118 188
120 188
127 188
129 188
143 188
148 188
152 188
158 188
173 188
184 188
0 189
6 189
10 189
15 189
25 189
43 189
49 189
52 189
66 189
69 189
70 189
71 189
84 189
85 189
90 189
97 189
100 189
101 189
104 189
107 189
113 189
115 189
117 189
120 189
131 189
137 189
141 189
142 189
144 189
154 189
156 189
158 189
187 189
3 190
17 190
18 190
19 190
24 190
31 190
49 190
52 190
56 190
57 190
58 190
65 190
73 190
74 190
75 190
77 190
84 190
89 190
92 190
93 190
94 190
95 190
107 190
116 190
120 190
127 190
130 190
133 190
135 190
136 190
138 190
150 190
153 190
155 190
157 190
162 190
163 190
164 190
165 190
169 190
179 190
184 190
185 190
189 190
2 191
7 191
8 191
18 191
22 191
30 191
31 191
33 191
39 191
47 191
49 191
61 191
62 191
63 191
72 191
79 191
84 191
86 191
97 191
99 191
100 191
103 191
104 191
107 191
109 191
113 191
115 191
124 191
126 191
130 191
132 191
133 191
142 191
150 191
158 191
172 191
173 191
177 191
181 191
182 191
184 191
188 191
1 192
4 192
5 192
9 192
27 192
41 192
45 192
49 192
56 192
59 192
74 192
81 192
91 192
94 192
104 192
123 192
124 192
135 192
141 192
142 192
149 192
150 192
157 192
162 192
175 192
178 192
180 192
183 192
188 192
0 193
1 193
4 193
16 193
20 193
21 193
24 193
25 193
38 193
39 193
41 193
46 193
47 193
49 193
52 193
73 193
79 193
80 193
91 193
98 193
103 193
106 193
119 193
121 193
122 193
131 193
144 193
152 193
157 193
160 193
164 193
171 193
176 193
179 193
182 193
192 193
3 194
7 194
8 194
15 194
23 194
26 194
28 194
31 194
35 194
38 194
46 194
47 194
51 194
54 194
57 194
59 194
63 194
84 194
91 194
99 194
102 194
103 194
104 194
105 194
112 194
113 194
115 194
126 194
132 194
139 194
140 194
142 194
143 194
144 194
145 194
159 194
169 194
190 194
1 195
6 195
12 195
14 195
22 195
27 195
37 195
44 195
53 195
57 195
59 195
71 195
77 195
78 195
80 195
85 195
111 195
112 195
121 195
135 195
136 195
143 195
150 195
185 195
190 195
193 195
10 196
19 196
20 196
43 196
48 196
52 196
55 196
60 196
61 196
64 196
74 196
80 196
81 196
88 196
92 196
95 196
96 196
101 196
134 196
141 196
142 196
145 196
158 196
162 196
167 196
189 196
6 197
15 197
20 197
26 197
29 197
44 197
55 197
67 197
75 197
79 197
85 197
88 197
91 197
96 197
98 197
118 197
125 197
133 197
137 197
153 197
156 197
168 197
172 197
182 197
189 197
190 197
194 197
17 198
19 198
21 198
26 198
38 198
40 198
46 198
47 198
50 198
69 198
70 198
75 198
81 198
95 198
100 198
104 198
110 198
113 198
124 198
126 198
130 198
145 198
148 198
150 198
158 198
180 198
181 198
196 198
14 199
16 199
20 199
22 199
26 199
41 199
43 199
49 199
55 199
58 199
59 199
60 199
66 199
70 199
71 199
74 199
75 199
80 199
81 199
82 199
84 199
87 199
100 199
106 199
108 199
109 199
112 199
113 199
117 199
121 199
126 199
130 199
141 199
149 199
159 199
163 199
165 199
169 199
179 199
183 199
195 199
197 199
198 199
6 200
20 200
21 200
26 200
36 200
43 200
50 200
61 200
62 200
67 200
70 200
72 200
79 200
99 200
102 200
104 200
117 200
135 200
136 200
140 200
145 200
156 200
159 200
161 200
170 200
174 200
177 200
182 200
185 200
191 200
195 200
196 200
2 201
3 201
8 201
10 201
17 201
23 201
26 201
27 201
32 201
47 201
50 201
54 201
66 201
71 201
86 201
98 201
99 201
119 201
121 201
126 201
127 201
133 201
160 201
161 201
173 201
181 201
182 201
195 201
197 201
11 202
17 202
30 202
34 202
35 202
44 202
45 202
46 202
51 202
55 202
56 202
67 202
75 202
84 202
88 202
98 202
100 202
102 202
103 202
104 202
106 202
112 202
113 202
116 202
118 202
124 202
127 202
129 202
130 202
133 202
143 202
144 202
155 202
164 202
170 202
174 202
179 202
200 202
2 203
11 203
12 203
25 203
28 203
30 203
36 203
39 203
42 203
80 203
90 203
93 203
100 203
105 203
106 203
110 203
118 203
122 203
123 203
125 203
138 203
139 203
151 203
156 203
161 203
168 203
177 203
178 203
184 203
197 203
0 204
5 204
8 204
21 204
29 204
39 204
42 204
43 204
52 204
57 204
80 204
82 204
86 204
107 204
113 204
130 204
134 204
138 204
140 204
141 204
149 204
154 204
155 204
165 204
166 204
167 204
173 204
176 204
184 204
203 204
4 205
8 205
22 205
25 205
28 205
29 205
35 205
38 205
43 205
45 205
52 205
58 205
61 205
72 205
78 205
82 205
100 205
105 205
109 205
113 205
115 205
117 205
122 205
124 205
126 205
127 205
129 205
131 205
134 205
138 205
145 205
148 205
158 205
160 205
163 205
164 205
172 205
177 205
181 205
184 205
186 205
189 205
194 205
11 206
14 206
20 206
43 206
58 206
63 206
64 206
65 206
74 206
75 206
76 206
101 206
105 206
113 206
122 206
133 206
141 206
148 206
153 206
157 206
160 206
161 206
181 206
196 206
199 206
0 207
9 207
11 207
15 207
18 207
20 207
22 207
33 207
42 207
44 207
55 207
70 207
71 207
77 207
78 207
80 207
83 207
87 207
91 207
101 207
109 207
121 207
122 207
131 207
133 207
134 207
144 207
157 207
159 207
163 207
166 207
168 207
173 207
183 207
185 207
196 207
198 207
203 207
2 208
10 208
25 208
27 208
32 208
33 208
39 208
47 208
50 208
55 208
60 208
61 208
65 208
66 208
75 208
77 208
80 208
83 208
95 208
98 208
103 208
118 208
133 208
135 208
136 208
138 208
150 208
162 208
163 208
164 208
177 208
187 208
199 208
206 208
3 209
7 209
9 209
10 209
11 209
15 209
16 209
17 209
35 209
37 209
44 209
55 209
68 209
70 209
75 209
85 209
87 209
89 209
92 209
101 209
103 209
110 209
127 209
139 209
141 209
147 209
151 209
169 209
177 209
191 209
192 209
195 209
199 209
200 209
8 210
10 210
21 210
23 210
25 210
36 210
43 210
54 210
57 210
60 210
61 210
66 210
79 210
83 210
88 210
93 210
94 210
107 210
110 210
113 210
118 210
133 210
139 210
144 210
148 210
156 210
171 210
173 210
175 210
178 210
180 210
192 210
194 210
202 210
4 211
11 211
13 211
14 211
16 211
23 211
24 211
28 211
34 211
37 211
41 211
44 211
49 211
51 211
53 211
58 211
63 211
72 211
73 211
81 211
84 211
85 211
92 211
103 211
109 211
111 211
119 211
120 211
126 211
143 211
147 211
159 211
160 211
165 211
170 211
185 211
196 211
2 212
22 212
23 212
25 212
32 212
44 212
45 212
47 212
52 212
53 212
54 212
65 212
72 212
74 212
81 212
86 212
89 212
103 212
105 212
108 212
114 212
116 212
119 212
123 212
125 212
129 212
137 212
141 212
159 212
166 212
172 212
196 212
199 212
209 212
211 212
1 213
19 213
30 213
33 213
35 213
38 213
42 213
55 213
57 213
58 213
59 213
66 213
70 213
75 213
76 213
77 213
81 213
84 213
90 213
99 213
104 213
106 213
108 213
110 213
117 213
120 213
126 213
133 213
139 213
143 213
152 213
159 213
163 213
165 213
173 213
183 213
186 213
187 213
196 213
209 213
1 214
10 214
12 214
19 214
41 214
46 214
53 214
59 214
69 214
73 214
75 214
76 214
83 214
104 214
105 214
115 214
120 214
141 214
143 214
145 214
156 214
157 214
166 214
169 214
170 214
173 214
175 214
183 214
189 214
206 214
207 214
209 214
213 214
10 215
29 215
30 215
35 215
36 215
38 215
39 215
51 215
58 215
64 215
74 215
75 215
80 215
87 215
96 215
121 215
122 215
128 215
136 215
149 215
159 215
162 215
176 215
178 215
188 215
189 215
193 215
194 215
205 215
1 216
5 216
20 216
23 216
28 216
29 216
31 216
35 216
41 216
42 216
46 216
55 216
56 216
60 216
81 216
85 216
97 216
101 216
109 216
110 216
113 216
114 216
115 216
118 216
123 216
127 216
134 216
138 216
140 216
146 216
163 216
177 216
180 216
186 216
197 216
207 216
2 217
8 217
25 217
33 217
38 217
46 217
56 217
57 217
59 217
62 217
74 217
79 217
90 217
100 217
106 217
107 217
128 217
139 217
160 217
162 217
167 217
170 217
171 217
185 217
186 217
193 217
1 218
11 218
15 218
18 218
35 218
37 218
39 218
44 218
49 218
54 218
57 218
61 218
72 218
73 218
79 218
92 218
94 218
96 218
104 218
113 218
122 218
125 218
146 218
150 218
153 218
158 218
171 218
172 218
179 218
180 218
183 218
187 218
191 218
200 218
205 218
206 218
1 219
8 219
9 219
17 219
18 219
30 219
37 219
39 219
48 219
51 219
53 219
60 219
63 219
70 219
76 219
82 219
94 219
100 219
102 219
109 219
122 219
125 219
137 219
138 219
143 219
150 219
159 219
164 219
175 219
189 219
193 219
195 219
196 219
197 219
204 219
210 219
6 220
19 220
20 220
21 220
23 220
50 220
53 220
62 220
71 220
94 220
97 220
110 220
128 220
148 220
151 220
156 220
163 220
167 220
175 220
197 220
206 220
207 220
209 220
215 220
10 221
18 221
19 221
30 221
38 221
41 221
57 221
70 221
92 221
104 221
109 221
115 221
116 221
123 221
124 221
132 221
135 221
138 221
143 221
155 221
156 221
161 221
165 221
170 221
171 221
176 221
177 221
179 221
182 221
186 221
191 221
208 221
1 222
4 222
8 222
12 222
18 222
24 222
33 222
34 222
42 222
43 222
53 222
56 222
57 222
61 222
63 222
72 222
73 222
78 222
90 222
92 222
99 222
103 222
104 222
109 222
134 222
136 222
141 222
148 222
152 222
155 222
161 222
170 222
173 222
180 222
187 222
192 222
196 222
197 222
200 222
207 222
208 222
210 222
213 222
0 223
2 223
11 223
24 223
31 223
57 223
62 223
63 223
65 223
70 223
74 223
79 223
90 223
123 223
132 223
137 223
139 223
155 223
160 223
162 223
164 223
172 223
174 223
179 223
180 223
186 223
191 223
205 223
209 223
0 224
2 224
3 224
19 224
23 224
27 224
40 224
43 224
64 224
82 224
85 224
86 224
87 224
95 224
103 224
106 224
113 224
124 224
125 224
128 224
151 224
166 224
168 224
176 224
178 224
182 224
183 224
189 224
192 224
197 224
217 224
223 224
5 225
6 225
18 225
33 225
37 225
38 225
40 225
52 225
72 225
74 225
80 225
82 225
83 225
88 225
98 225
119 225
129 225
138 225
144 225
147 225
154 225
155 225
157 225
166 225
171 225
173 225
175 225
185 225
189 225
192 225
201 225
206 225
213 225
0 226
4 226
27 226
32 226
37 226
38 226
42 226
53 226
56 226
67 226
68 226
69 226
72 226
74 226
76 226
77 226
79 226
90 226
100 226
111 226
114 226
116 226
121 226
140 226
149 226
152 226
159 226
166 226
169 226
170 226
172 226
180 226
182 226
184 226
198 226
209 226
215 226
216 226
219 226
221 226
222 226
223 226
19 227
25 227
30 227
32 227
52 227
54 227
63 227
71 227
83 227
92 227
97 227
101 227
106 227
108 227
112 227
116 227
135 227
141 227
148 227
154 227
166 227
168 227
175 227
176 227
185 227
187 227
190 227
219 227
220 227
225 227
226 227
2 228
8 228
9 228
11 228
22 228
37 228
43 228
50 228
51 228
53 228
64 228
74 228
75 228
83 228
86 228
87 228
93 228
103 228
105 228
115 228
136 228
160 228
162 228
163 228
164 228
167 228
170 228
174 228
183 228
201 228
7 229
13 229
20 229
33 229
35 229
37 229
50 229
56 229
61 229
63 229
64 229
67 229
72 229
74 229
79 229
86 229
102 229
109 229
114 229
124 229
131 229
144 229
165 229
173 229
175 229
177 229
180 229
183 229
189 229
196 229
206 229
210 229
220 229
226 229
0 230
8 230
9 230
11 230
14 230
19 230
21 230
22 230
23 230
45 230
47 230
58 230
62 230
65 230
69 230
70 230
78 230
80 230
81 230
84 230
86 230
88 230
92 230
102 230
110 230
117 230
118 230
132 230
135 230
144 230
151 230
154 230
160 230
164 230
169 230
175 230
178 230
194 230
196 230
204 230
215 230
216 230
220 230
221 230
8 231
9 231
16 231
24 231
32 231
40 231
51 231
52 231
56 231
61 231
62 231
68 231
73 231
75 231
78 231
81 231
82 231
84 231
109 231
120 231
121 231
147 231
150 231
170 231
173 231
179 231
183 231
184 231
186 231
189 231
192 231
196 231
214 231
215 231
223 231
224 231
230 231
3 232
7 232
19 232
22 232
29 232
30 232
51 232
62 232
65 232
68 232
72 232
78 232
83 232
87 232
91 232
93 232
98 232
99 232
104 232
114 232
133 232
134 232
136 232
137 232
144 232
147 232
148 232
155 232
159 232
160 232
175 232
176 232
180 232
181 232
182 232
188 232
193 232
197 232
199 232
206 232
213 232
228 232
8 233
12 233
17 233
21 233
23 233
28 233
32 233
38 233
43 233
44 233
63 233
65 233
72 233
82 233
86 233
120 233
123 233
128 233
142 233
161 233
163 233
170 233
171 233
177 233
190 233
193 233
194 233
199 233
201 233
218 233
224 233
19 234
22 234
60 234
67 234
73 234
78 234
89 234
90 234
113 234
122 234
124 234
131 234
132 234
133 234
141 234
144 234
148 234
149 234
153 234
156 234
175 234
177 234
178 234
180 234
185 234
197 234
199 234
202 234
205 234
210 234
216 234
226 234
233 234
0 235
12 235
19 235
30 235
64 235
67 235
84 235
85 235
117 235
118 235
126 235
129 235
130 235
145 235
161 235
165 235
168 235
170 235
192 235
196 235
197 235
198 235
205 235
207 235
209 235
210 235
211 235
214 235
220 235
225 235
227 235
230 235
233 235
234 235
25 236
28 236
29 236
30 236
33 236
38 236
43 236
51 236
71 236
72 236
76 236
89 236
97 236
102 236
104 236
108 236
110 236
119 236
127 236
129 236
134 236
144 236
151 236
152 236
172 236
176 236
182 236
192 236
197 236
204 236
205 236
208 236
210 236
218 236
220 236
0 237
20 237
24 237
26 237
27 237
29 237
32 237
38 237
40 237
46 237
47 237
51 237
53 237
58 237
59 237
60 237
68 237
71 237
76 237
88 237
90 237
100 237
111 237
114 237
123 237
125 237
129 237
136 237
144 237
146 237
150 237
158 237
159 237
160 237
168 237
169 237
175 237
189 237
195 237
198 237
200 237
209 237
213 237
214 237
221 237
224 237
232 237
1 238
11 238
12 238
13 238
16 238
27 238
29 238
33 238
34 238
45 238
48 238
53 238
65 238
66 238
72 238
78 238
87 238
93 238
99 238
104 238
118 238
124 238
134 238
141 238
155 238
156 238
160 238
164 238
170 238
174 238
176 238
185 238
186 238
217 238
218 238
219 238
220 238
234 238
237 238
4 239
10 239
14 239
23 239
25 239
42 239
46 239
58 239
60 239
64 239
65 239
81 239
82 239
95 239
98 239
103 239
109 239
139 239
141 239
146 239
151 239
158 239
175 239
178 239
179 239
207 239
210 239
215 239
217 239
220 239
222 239
230 239
3 240
7 240
12 240
15 240
27 240
36 240
40 240
45 240
48 240
58 240
63 240
66 240
69 240
70 240
74 240
77 240
85 240
98 240
105 240
107 240
110 240
119 240
120 240
129 240
132 240
139 240
143 240
151 240
160 240
165 240
170 240
173 240
184 240
189 240
190 240
201 240
205 240
210 240
212 240
217 240
233 240
235 240
0 241
3 241
17 241
18 241
23 241
30 241
35 241
38 241
58 241
59 241
64 241
65 241
70 241
75 241
78 241
80 241
85 241
88 241
92 241
99 241
112 241
113 241
114 241
119 241
121 241
122 241
124 241
127 241
130 241
131 241
142 241
144 241
170 241
180 241
184 241
185 241
188 241
189 241
190 241
193 241
201 241
202 241
212 241
236 241
6 242
11 242
14 242
15 242
31 242
39 242
45 242
50 242
52 242
55 242
58 242
62 242
69 242
76 242
87 242
98 242
100 242
106 242
107 242
109 242
113 242
122 242
127 242
133 242
134 242
143 242
151 242
161 242
162 242
163 242
164 242
171 242
174 242
181 242
185 242
210 242
212 242
219 242
222 242
229 242
233 242
238 242
240 242
0 243
9 243
11 243
13 243
42 243
43 243
51 243
54 243
56 243
69 243
77 243
87 243
91 243
101 243
106 243
110 243
112 243
115 243
116 243
122 243
123 243
127 243
147 243
150 243
163 243
172 243
174 243
175 243
179 243
180 243
181 243
184 243
198 243
209 243
210 243
212 243
216 243
2 244
4 244
8 244
28 244
29 244
32 244
34 244
36 244
44 244
52 244
53 244
58 244
61 244
66 244
72 244
81 244
85 244
88 244
90 244
92 244
94 244
96 244
111 244
113 244
117 244
119 244
122 244
123 244
125 244
126 244
130 244
136 244
138 244
151 244
165 244
172 244
175 244
182 244
187 244
195 244
200 244
201 244
204 244
207 244
213 244
217 244
229 244
234 244
238 244
0 245
3 245
4 245
14 245
23 245
24 245
42 245
50 245
59 245
67 245
76 245
87 245
96 245
97 245
99 245
116 245
117 245
127 245
133 245
135 245
141 245
144 245
147 245
156 245
160 245
163 245
168 245
175 245
191 245
194 245
196 245
199 245
200 245
202 245
216 245
217 245
219 245
230 245
232 245
237 245
3 246
7 246
8 246
10 246
18 246
23 246
24 246
26 246
33 246
36 246
46 246
53 246
69 246
76 246
79 246
82 246
88 246
107 246
116 246
134 246
135 246
141 246
143 246
152 246
155 246
162 246
172 246
174 246
175 246
176 246
177 246
179 246
182 246
188 246
192 246
200 246
206 246
209 246
212 246
223 246
225 246
233 246
2 247
25 247
31 247
34 247
38 247
39 247
49 247
50 247
53 247
54 247
64 247
65 247
76 247
82 247
83 247
86 247
89 247
104 247
119 247
121 247
125 247
126 247
127 247
136 247
140 247
144 247
146 247
147 247
152 247
160 247
161 247
176 247
179 247
184 247
193 247
205 247
206 247
208 247
219 247
221 247
224 247
235 247
245 247
246 247
4 248
7 248
17 248
28 248
30 248
32 248
38 248
43 248
44 248
51 248
54 248
60 248
66 248
70 248
71 248
78 248
89 248
94 248
98 248
102 248
103 248
115 248
118 248
120 248
130 248
136 248
137 248
146 248
150 248
151 248
152 248
158 248
165 248
171 248
178 248
185 248
186 248
191 248
194 248
195 248
201 248
202 248
215 248
219 248
222 248
224 248
226 248
227 248
228 248
235 248
236 248
238 248
242 248
247 248
0 249
3 249
4 249
12 249
17 249
21 249
26 249
27 249
31 249
35 249
53 249
55 249
59 249
65 249
73 249
98 249
101 249
108 249
112 249
133 249
137 249
144 249
146 249
148 249
154 249
159 249
167 249
173 249
179 249
186 249
187 249
212 249
213 249
214 249
219 249
220 249
227 249
228 249
245 249
8 250
9 250
15 250
16 250
25 250
34 250
35 250
36 250
47 250
49 250
54 250
70 250
77 250
89 250
94 250
97 250
105 250
110 250
122 250
123 250
125 250
141 250
143 250
147 250
148 250
156 250
164 250
183 250
195 250
196 250
203 250
204 250
209 250
214 250
228 250
241 250
1 251
2 251
4 251
6 251
7 251
14 251
21 251
28 251
33 251
35 251
37 251
46 251
52 251
56 251
58 251
59 251
64 251
65 251
73 251
78 251
79 251
82 251
83 251
91 251
93 251
100 251
109 251
112 251
116 251
117 251
119 251
122 251
125 251
136 251
140 251
142 251
150 251
155 251
166 251
179 251
186 251
188 251
191 251
201 251
208 251
217 251
226 251
242 251
1 252
6 252
10 252
27 252
34 252
36 252
42 252
44 252
51 252
59 252
63 252
65 252
68 252
69 252
80 252
82 252
88 252
103 252
109 252
121 252
125 252
127 252
138 252
172 252
180 252
181 252
189 252
193 252
194 252
195 252
199 252
209 252
210 252
223 252
232 252
234 252
235 252
243 252
246 252
250 252
1 253
10 253
20 253
25 253
33 253
36 253
37 253
58 253
72 253
75 253
79 253
84 253
91 253
93 253
96 253
100 253
105 253
109 253
120 253
121 253
132 253
138 253
144 253
145 253
155 253
157 253
159 253
176 253
187 253
189 253
190 253
193 253
212 253
216 253
224 253
228 253
230 253
234 253
240 253
247 253
249 253
251 253
1 254
14 254
29 254
37 254
55 254
60 254
64 254
71 254
79 254
84 254
89 254
105 254
111 254
114 254
133 254
134 254
136 254
139 254
140 254
148 254
150 254
151 254
152 254
158 254
160 254
167 254
195 254
200 254
206 254
211 254
218 254
226 254
232 254
236 254
240 254
245 254
6 255
7 255
24 255
27 255
28 255
29 255
32 255
33 255
35 255
37 255
42 255
45 255
59 255
62 255
69 255
72 255
85 255
92 255
93 255
95 255
97 255
105 255
107 255
125 255
126 255
127 255
138 255
143 255
144 255
146 255
150 255
158 255
162 255
164 255
165 255
169 255
173 255
174 255
177 255
181 255
182 255
191 255
193 255
203 255
207 255
209 255
212 255
216 255
228 255
230 255
231 255
233 255
235 255
237 255
239 255
250 255
252 255
0 256
1 256
9 256
12 256
16 256
19 256
21 256
30 256
42 256
44 256
45 256
59 256
64 256
72 256
78 256
81 256
86 256
89 256
96 256
105 256
118 256
138 256
140 256
146 256
149 256
150 256
152 256
157 256
167 256
184 256
189 256
192 256
198 256
199 256
200 256
202 256
212 256
215 256
230 256
235 256
237 256
242 256
246 256
247 256
254 256
8 257
27 257
47 257
48 257
55 257
68 257
77 257
81 257
82 257
85 257
86 257
89 257
96 257
98 257
103 257
118 257
122 257
131 257
139 257
145 257
146 257
153 257
154 257
156 257
178 257
182 257
185 257
195 257
202 257
206 257
212 257
222 257
230 257
241 257
245 257
246 257
248 257
254 257
1 258
10 258
15 258
21 258
28 258
37 258
47 258
51 258
57 258
71 258
80 258
85 258
87 258
94 258
96 258
101 258
110 258
114 258
123 258
125 258
133 258
135 258
143 258
146 258
150 258
151 258
166 258
167 258
174 258
178 258
208 258
215 258
226 258
237 258
244 258
1 259
17 259
18 259
56 259
67 259
69 259
70 259
79 259
87 259
104 259
107 259
116 259
119 259
125 259
126 259
135 259
141 259
154 259
161 259
164 259
186 259
188 259
194 259
199 259
202 259
207 259
209 259
215 259
224 259
225 259
237 259
248 259
0 260
2 260
6 260
14 260
22 260
30 260
36 260
46 260
49 260
56 260
70 260
73 260
79 260
106 260
115 260
119 260
120 260
125 260
128 260
129 260
137 260
139 260
144 260
150 260
168 260
169 260
193 260
194 260
202 260
224 260
226 260
227 260
230 260
232 260
233 260
238 260
239 260
243 260
253 260
259 260
7 261
11 261
18 261
25 261
29 261
31 261
33 261
44 261
54 261
61 261
62 261
63 261
72 261
78 261
81 261
82 261
91 261
125 261
126 261
127 261
144 261
151 261
157 261
175 261
176 261
181 261
204 261
210 261
211 261
213 261
227 261
231 261
236 261
242 261
255 261
259 261
12 262
22 262
30 262
39 262
42 262
67 262
81 262
85 262
88 262
95 262
104 262
109 262
110 262
114 262
116 262
117 262
124 262
127 262
130 262
140 262
141 262
144 262
161 262
164 262
170 262
180 262
183 262
195 262
200 262
201 262
217 262
222 262
230 262
243 262
257 262
260 262
2 263
5 263
7 263
8 263
12 263
13 263
15 263
36 263
44 263
48 263
51 263
53 263
57 263
58 263
67 263
83 263
86 263
100 263
121 263
128 263
135 263
142 263
146 263
152 263
159 263
166 263
170 263
177 263
180 263
182 263
185 263
187 263
194 263
203 263
207 263
221 263
228 263
230 263
245 263
249 263
251 263
253 263
254 263
257 263
14 264
16 264
20 264
26 264
28 264
30 264
45 264
48 264
50 264
52 264
58 264
59 264
64 264
65 264
71 264
72 264
78 264
84 264
85 264
100 264
103 264
106 264
113 264
135 264
140 264
144 264
147 264
151 264
155 264
157 264
164 264
166 264
189 264
190 264
196 264
202 264
205 264
206 264
210 264
243 264
245 264
246 264
247 264
254 264
258 264
259 264
30 265
31 265
35 265
37 265
42 265
53 265
55 265
69 265
71 265
88 265
91 265
103 265
104 265
109 265
110 265
111 265
122 265
128 265
130 265
133 265
137 265
138 265
149 265
152 265
158 265
165 265
167 265
175 265
178 265
188 265
189 265
192 265
200 265
209 265
213 265
214 265
215 265
216 265
219 265
239 265
241 265
246 265
253 265
256 265
260 265
262 265
264 265
5 266
25 266
34 266
38 266
59 266
69 266
84 266
89 266
91 266
93 266
105 266
107 266
130 266
144 266
153 266
161 266
162 266
169 266
173 266
178 266
180 266
185 266
189 266
190 266
198 266
202 266
206 266
213 266
238 266
240 266
243 266
244 266
246 266
253 266
258 266
263 266
264 266
0 267
5 267
14 267
29 267
32 267
36 267
42 267
50 267
63 267
65 267
98 267
101 267
103 267
108 267
112 267
113 267
127 267
140 267
143 267
159 267
168 267
175 267
180 267
207 267
210 267
229 267
230 267
233 267
235 267
251 267
252 267
254 267
261 267
265 267
0 268
4 268
7 268
19 268
23 268
27 268
38 268
64 268
69 268
79 268
92 268
94 268
96 268
97 268
101 268
103 268
120 268
128 268
129 268
130 268
131 268
133 268
139 268
144 268
145 268
147 268
156 268
171 268
174 268
183 268
203 268
211 268
214 268
218 268
220 268
224 268
227 268
228 268
256 268
1 269
2 269
10 269
17 269
34 269
38 269
41 269
52 269
53 269
57 269
58 269
60 269
61 269
81 269
83 269
103 269
104 269
117 269
122 269
127 269
135 269
150 269
169 269
194 269
197 269
222 269
229 269
230 269
232 269
233 269
240 269
256 269
259 269
262 269
7 270
10 270
15 270
24 270
35 270
39 270
40 270
41 270
50 270
54 270
64 270
68 270
73 270
77 270
78 270
80 270
87 270
95 270
96 270
109 270
122 270
123 270
125 270
142 270
161 270
172 270
176 270
181 270
191 270
200 270
212 270
213 270
217 270
226 270
229 270
236 270
237 270
239 270
249 270
257 270
268 270
8 271
14 271
21 271
27 271
29 271
32 271
33 271
36 271
40 271
41 271
42 271
59 271
62 271
63 271
68 271
72 271
74 271
75 271
83 271
84 271
93 271
97 271
102 271
113 271
114 271
118 271
119 271
122 271
149 271
152 271
153 271
158 271
170 271
174 271
178 271
179 271
182 271
184 271
186 271
192 271
202 271
222 271
225 271
236 271
237 271
241 271
245 271
254 271
268 271
269 271
6 272
9 272
15 272
17 272
18 272
30 272
54 272
59 272
67 272
87 272
96 272
112 272
113 272
115 272
119 272
128 272
133 272
150 272
152 272
161 272
163 272
168 272
170 272
174 272
185 272
201 272
203 272
213 272
218 272
229 272
231 272
235 272
238 272
241 272
246 272
266 272
267 272
3 273
7 273
15 273
20 273
21 273
22 273
29 273
32 273
38 273
49 273
51 273
58 273
66 273
68 273
69 273
74 273
92 273
97 273
102 273
113 273
115 273
125 273
132 273
138 273
140 273
152 273
158 273
171 273
173 273
178 273
191 273
195 273
197 273
199 273
206 273
213 273
234 273
246 273
250 273
252 273
261 273
1 274
2 274
9 274
20 274
21 274
24 274
27 274
32 274
33 274
48 274
52 274
53 274
55 274
68 274
77 274
84 274
102 274
110 274
114 274
126 274
129 274
134 274
136 274
151 274
161 274
162 274
163 274
168 274
171 274
179 274
180 274
194 274
195 274
202 274
204 274
212 274
217 274
223 274
225 274
226 274
238 274
242 274
243 274
256 274
261 274
266 274
273 274
0 275
5 275
15 275
19 275
27 275
35 275
40 275
54 275
59 275
64 275
65 275
68 275
71 275
73 275
79 275
83 275
90 275
100 275
113 275
119 275
122 275
142 275
146 275
153 275
161 275
162 275
166 275
176 275
179 275
180 275
197 275
199 275
205 275
207 275
209 275
214 275
215 275
216 275
218 275
226 275
231 275
235 275
245 275
246 275
251 275
254 275
255 275
260 275
265 275
269 275
2 276
5 276
9 276
16 276
26 276
29 276
32 276
38 276
45 276
47 276
62 276
66 276
76 276
77 276
78 276
82 276
87 276
90 276
91 276
99 276
102 276
111 276
115 276
123 276
129 276
141 276
160 276
180 276
184 276
210 276
222 276
224 276
230 276
232 276
233 276
236 276
240 276
246 276
248 276
255 276
258 276
261 276
269 276
274 276
16 277
24 277
26 277
32 277
40 277
45 277
48 277
55 277
58 277
60 277
65 277
67 277
68 277
86 277
99 277
105 277
114 277
116 277
119 277
125 277
130 277
138 277
149 277
150 277
157 277
162 277
164 277
173 277
183 277
186 277
193 277
201 277
211 277
220 277
234 277
235 277
247 277
249 277
250 277
256 277
257 277
260 277
262 277
265 277
274 277
1 278
2 278
9 278
19 278
20 278
33 278
34 278
37 278
38 278
52 278
62 278
63 278
74 278
80 278
82 278
88 278
93 278
99 278
101 278
103 278
114 278
121 278
123 278
137 278
143 278
145 278
147 278
152 278
154 278
162 278
165 278
170 278
171 278
180 278
185 278
191 278
201 278
203 278
204 278
206 278
207 278
215 278
219 278
223 278
265 278
266 278
270 278
272 278
276 278
15 279
17 279
23 279
28 279
31 279
33 279
51 279
59 279
63 279
72 279
77 279
79 279
86 279
91 279
94 279
112 279
114 279
123 279
125 279
126 279
127 279
132 279
135 279
137 279
140 279
155 279
156 279
180 279
186 279
188 279
201 279
213 279
217 279
228 279
236 279
238 279
240 279
245 279
248 279
255 279
4 280
7 280
10 280
18 280
26 280
28 280
34 280
39 280
50 280
58 280
62 280
65 280
73 280
86 280
91 280
101 280
103 280
105 280
114 280
119 280
120 280
127 280
129 280
131 280
152 280
154 280
167 280
168 280
180 280
181 280
189 280
202 280
204 280
208 280
229 280
242 280
243 280
245 280
246 280
258 280
259 280
1 281
22 281
37 281
39 281
42 281
43 281
45 281
48 281
54 281
60 281
61 281
75 281
77 281
80 281
89 281
105 281
114 281
117 281
119 281
124 281
134 281
136 281
144 281
153 281
156 281
159 281
167 281
175 281
178 281
180 281
184 281
216 281
221 281
227 281
228 281
234 281
235 281
237 281
240 281
252 281
258 281
268 281
277 281
279 281
10 282
11 282
12 282
15 282
16 282
25 282
29 282
30 282
33 282
44 282
51 282
52 282
56 282
71 282
72 282
79 282
81 282
85 282
87 282
92 282
110 282
114 282
117 282
118 282
119 282
123 282
124 282
125 282
127 282
130 282
132 282
136 282
143 282
148 282
151 282
155 282
157 282
159 282
166 282
169 282
171 282
185 282
187 282
196 282
201 282
210 282
223 282
224 282
225 282
233 282
242 282
248 282
250 282
253 282
260 282
2 283
4 283
10 283
17 283
19 283
32 283
56 283
69 283
81 283
82 283
83 283
107 283
115 283
127 283
132 283
143 283
159 283
165 283
170 283
175 283
206 283
211 283
212 283
217 283
218 283
221 283
225 283
252 283
254 283
256 283
271 283
273 283
279 283
281 283
5 284
8 284
10 284
16 284
25 284
26 284
31 284
44 284
54 284
62 284
79 284
80 284
83 284
95 284
96 284
110 284
119 284
123 284
124 284
127 284
148 284
157 284
166 284
168 284
175 284
193 284
208 284
212 284
223 284
225 284
240 284
241 284
242 284
259 284
272 284
274 284
275 284
277 284
283 284
5 285
6 285
12 285
28 285
38 285
40 285
42 285
54 285
61 285
74 285
87 285
93 285
97 285
102 285
107 285
114 285
118 285
128 285
131 285
139 285
154 285
158 285
159 285
168 285
171 285
177 285
185 285
186 285
193 285
199 285
205 285
208 285
213 285
227 285
231 285
236 285
239 285
240 285
241 285
245 285
251 285
261 285
270 285
272 285
274 285
280 285
282 285
9 286
18 286
24 286
39 286
45 286
48 286
49 286
50 286
53 286
59 286
74 286
75 286
87 286
88 286
89 286
97 286
98 286
99 286
103 286
115 286
116 286
120 286
125 286
136 286
140 286
150 286
154 286
162 286
184 286
194 286
204 286
205 286
216 286
221 286
235 286
240 286
241 286
242 286
255 286
273 286
277 286
281 286
284 286
5 287
11 287
57 287
58 287
65 287
68 287
70 287
73 287
74 287
80 287
84 287
88 287
89 287
93 287
105 287
115 287
121 287
126 287
131 287
152 287
156 287
158 287
164 287
165 287
170 287
173 287
180 287
183 287
186 287
190 287
206 287
207 287
210 287
217 287
235 287
237 287
239 287
243 287
249 287
259 287
260 287
268 287
271 287
280 287
282 287
0 288
2 288
12 288
15 288
66 288
68 288
70 288
73 288
74 288
76 288
82 288
83 288
86 288
89 288
98 288
104 288
112 288
113 288
120 288
121 288
124 288
130 288
140 288
148 288
159 288
162 288
167 288
169 288
170 288
171 288
177 288
184 288
187 288
188 288
193 288
195 288
208 288
213 288
217 288
221 288
225 288
226 288
249 288
255 288
265 288
266 288
269 288
270 288
271 288
274 288
281 288
5 289
11 289
21 289
23 289
24 289
30 289
59 289
60 289
67 289
73 289
78 289
83 289
86 289
87 289
102 289
112 289
128 289
129 289
143 289
145 289
147 289
150 289
158 289
162 289
171 289
177 289
181 289
182 289
191 289
197 289
198 289
203 289
206 289
207 289
209 289
215 289
218 289
219 289
220 289
247 289
253 289
259 289
265 289
266 289
267 289
269 289
276 289
279 289
280 289
281 289
287 289
288 289
10 290
26 290
28 290
39 290
69 290
70 290
73 290
78 290
85 290
89 290
90 290
92 290
98 290
102 290
103 290
112 290
121 290
129 290
131 290
136 290
143 290
148 290
149 290
154 290
155 290
174 290
179 290
185 290
196 290
210 290
217 290
225 290
228 290
233 290
234 290
237 290
239 290
244 290
254 290
270 290
283 290
5 291
8 291
17 291
29 291
40 291
45 291
46 291
57 291
66 291
67 291
74 291
79 291
87 291
88 291
89 291
90 291
92 291
93 291
106 291
107 291
127 291
129 291
147 291
161 291
175 291
182 291
184 291
187 291
191 291
192 291
197 291
199 291
202 291
217 291
228 291
241 291
242 291
244 291
249 291
260 291
269 291
277 291
278 291
280 291
282 291
3 292
4 292
7 292
11 292
14 292
15 292
24 292
25 292
28 292
29 292
53 292
55 292
61 292
63 292
77 292
87 292
90 292
98 292
101 292
102 292
104 292
110 292
116 292
124 292
125 292
126 292
129 292
131 292
132 292
133 292
134 292
139 292
150 292
153 292
162 292
173 292
180 292
194 292
196 292
216 292
241 292
249 292
252 292
253 292
255 292
256 292
265 292
271 292
280 292
288 292
6 293
9 293
11 293
15 293
19 293
39 293
45 293
48 293
63 293
64 293
70 293
72 293
73 293
74 293
85 293
89 293
108 293
117 293
120 293
121 293
124 293
126 293
127 293
137 293
138 293
145 293
146 293
154 293
155 293
158 293
166 293
170 293
174 293
204 293
208 293
222 293
223 293
226 293
233 293
239 293
244 293
256 293
265 293
273 293
278 293
283 293
15 294
17 294
18 294
19 294
20 294
41 294
52 294
53 294
55 294
56 294
61 294
77 294
78 294
84 294
89 294
97 294
98 294
99 294
101 294
104 294
112 294
113 294
115 294
116 294
138 294
140 294
148 294
149 294
162 294
164 294
170 294
182 294
184 294
195 294
196 294
216 294
218 294
219 294
221 294
225 294
236 294
241 294
242 294
258 294
260 294
263 294
292 294
0 295
8 295
13 295
21 295
22 295
24 295
31 295
36 295
72 295
73 295
88 295
95 295
107 295
112 295
123 295
132 295
139 295
140 295
147 295
151 295
157 295
169 295
170 295
178 295
179 295
182 295
193 295
201 295
216 295
218 295
230 295
235 295
248 295
264 295
275 295
284 295
288 295
293 295
7 296
14 296
15 296
23 296
30 296
37 296
52 296
60 296
62 296
90 296
93 296
99 296
114 296
115 296
123 296
129 296
130 296
140 296
148 296
151 296
152 296
161 296
163 296
164 296
170 296
173 296
180 296
192 296
196 296
197 296
198 296
203 296
220 296
222 296
228 296
229 296
232 296
251 296
254 296
265 296
277 296
282 296
289 296
3 297
9 297
10 297
11 297
24 297
37 297
40 297
46 297
48 297
54 297
65 297
67 297
68 297
69 297
76 297
79 297
80 297
94 297
95 297
98 297
105 297
117 297
124 297
126 297
127 297
138 297
150 297
155 297
156 297
159 297
169 297
170 297
182 297
187 297
189 297
227 297
232 297
236 297
237 297
241 297
254 297
256 297
261 297
264 297
277 297
278 297
279 297
280 297
284 297
287 297
288 297
290 297
2 298
6 298
9 298
11 298
13 298
21 298
23 298
26 298
27 298
29 298
34 298
49 298
50 298
53 298
63 298
91 298
95 298
96 298
97 298
107 298
127 298
129 298
141 298
144 298
145 298
149 298
152 298
153 298
156 298
157 298
168 298
169 298
186 298
191 298
197 298
199 298
206 298
218 298
221 298
224 298
234 298
237 298
259 298
274 298
281 298
289 298
2 299
5 299
7 299
12 299
15 299
25 299
26 299
32 299
36 299
37 299
38 299
44 299
46 299
48 299
49 299
58 299
60 299
63 299
67 299
70 299
75 299
78 299
85 299
94 299
101 299
103 299
105 299
106 299
107 299
109 299
113 299
116 299
124 299
125 299
144 299
147 299
185 299
192 299
201 299
225 299
237 299
240 299
246 299
259 299
263 299
265 299
281 299
288 299
