300 5364 5
5 7 9 4 5 2 10 7 7 9 7 7 2 1 7 2 9 9 5 1 9 5 10 1 6 5 10 6 10 1 2 4 10 10 6 2 9 9 2 6 8 8 2 4 8 2 4 8 2 6 4 4 10 1 9 7 6 10 3 2 5 7 8 2 6 10 10 3 3 5 2 8 7 4 8 9 7 6 8 4 6 6 6 8 8 5 1 5 2 1 8 9 6 3 2 9 7 10 8 2 3 6 10 4 3 1 1 10 4 7 3 5 9 3 7 3 8 3 7 3 10 9 1 7 1 7 10 3 5 3 7 8 4 5 8 9 9 1 7 1 6 1 7 6 5 5 7 10 7 2 8 5 2 10 9 3 6 5 6 6 1 9 4 8 6 3 1 1 5 1 9 1 1 8 6 10 3 3 9 7 10 2 9 7 8 6 1 5 1 7 3 8 9 10 3 7 10 5 4 7 1 10 8 6 9 9 2 9 8 5 2 6 7 6 1 5 6 1 4 10 10 2 3 5 7 7 1 4 6 5 8 5 1 9 4 9 10 4 10 2 8 10 10 2 6 8 4 8 7 7 1 1 9 2 9 6 6 4 2 7 9 3 7 4 8 6 8 9 1 5 9 7 8 1 9 4 5 10 7 9 10 7 9 9 1 2 4 4 6 8 5 4 5 4 2 9 4 10 7 8
1 3
2 3
1 5
5 6
5 8
6 8
3 9
8 9
1 10
6 10
1 11
1 12
6 12
8 12
2 13
6 13
3 14
1 15
4 15
5 15
13 15
7 17
9 17
9 18
10 18
1 19
2 19
15 19
4 20
16 20
0 21
2 21
10 21
11 21
16 21
8 22
14 22
16 22
20 22
7 23
16 23
20 23
3 24
11 24
14 24
19 24
2 25
4 25
11 25
13 25
1 26
11 26
14 26
22 26
5 27
6 27
22 27
24 27
26 27
0 28
10 28
15 28
17 28
20 28
0 29
5 29
6 29
11 29
13 29
16 29
18 29
22 29
23 29
2 30
9 30
18 30
22 30
25 30
14 31
27 31
0 32
17 32
26 32
30 32
31 32
0 33
1 33
5 33
6 33
21 33
10 34
11 34
17 34
26 34
33 34
3 35
13 35
19 35
25 35
28 36
3 37
9 37
13 37
33 37
14 38
36 38
37 38
0 39
5 39
16 39
25 39
34 39
0 40
33 40
39 40
3 41
18 41
31 41
37 41
38 41
5 42
6 42
7 42
14 42
16 42
27 42
38 42
0 43
24 43
41 43
42 43
4 44
5 44
8 44
10 44
17 44
29 44
42 44
0 45
5 45
7 45
8 45
10 45
12 45
25 45
28 45
37 45
0 46
6 46
13 46
22 46
27 46
31 46
37 46
41 46
22 47
23 47
30 47
33 47
35 47
46 47
21 48
24 48
42 48
43 48
3 49
9 49
22 49
32 49
41 49
45 49
46 49
6 50
20 50
23 50
24 50
41 50
45 50
49 50
18 51
24 51
34 51
36 51
44 51
0 52
1 52
3 52
18 52
2 53
4 53
8 53
21 53
33 53
36 53
40 53
41 53
52 53
4 54
11 54
22 54
25 54
31 54
34 54
42 54
44 54
46 54
47 54
5 55
9 55
19 55
30 55
35 55
48 55
8 56
10 56
38 56
42 56
43 56
52 56
5 57
8 57
10 57
17 57
33 57
37 57
8 58
20 58
34 58
37 58
38 58
7 59
11 59
23 59
24 59
32 59
35 59
41 59
45 59
1 60
6 60
9 60
15 60
17 60
25 60
28 60
35 60
51 60
52 60
59 60
11 61
18 61
19 61
34 61
1 62
11 62
19 62
12 63
24 63
30 63
38 63
42 63
51 63
52 63
54 63
16 64
17 64
20 64
32 64
35 64
41 64
51 64
54 64
59 64
2 65
27 65
34 65
37 65
43 65
23 66
38 66
49 66
3 67
16 67
24 67
25 67
30 67
58 67
64 67
1 68
6 68
16 68
24 68
38 68
40 68
45 68
56 68
59 68
61 68
7 69
22 69
28 69
29 69
39 69
41 69
59 69
63 69
64 69
68 69
5 70
10 70
14 70
20 70
31 70
35 70
59 70
65 70
12 71
26 71
27 71
35 71
39 71
43 71
60 71
63 71
67 71
6 72
7 72
12 72
28 72
32 72
41 72
43 72
45 72
53 72
64 72
14 73
15 73
16 73
19 73
24 73
27 73
67 73
15 74
16 74
41 74
51 74
57 74
71 74
73 74
18 75
43 75
45 75
55 75
59 75
72 75
73 75
20 76
24 76
34 76
50 76
59 76
64 76
2 77
3 77
4 77
7 77
34 77
44 77
67 77
74 77
2 78
11 78
13 78
23 78
30 78
43 78
45 78
57 78
68 78
16 79
18 79
21 79
23 79
32 79
34 79
58 79
61 79
62 79
66 79
69 79
77 79
0 80
15 80
23 80
24 80
27 80
30 80
36 80
37 80
52 80
53 80
62 80
66 80
68 80
70 80
71 80
74 80
19 81
21 81
22 81
36 81
50 81
55 81
56 81
64 81
19 82
30 82
37 82
44 82
59 82
64 82
75 82
5 83
6 83
13 83
15 83
38 83
39 83
49 83
62 83
71 83
82 83
5 84
16 84
24 84
41 84
55 84
70 84
71 84
74 84
79 84
81 84
1 85
2 85
11 85
17 85
18 85
54 85
56 85
67 85
76 85
0 86
25 86
26 86
32 86
34 86
41 86
42 86
49 86
54 86
59 86
67 86
83 86
12 87
14 87
17 87
18 87
23 87
29 87
41 87
53 87
54 87
67 87
69 87
71 87
74 87
77 87
83 87
11 88
17 88
19 88
31 88
50 88
61 88
62 88
64 88
71 88
87 88
11 89
23 89
24 89
35 89
42 89
45 89
46 89
52 89
60 89
81 89
4 90
6 90
12 90
13 90
46 90
71 90
77 90
87 90
6 91
60 91
85 91
86 91
8 92
13 92
21 92
27 92
36 92
39 92
40 92
46 92
48 92
63 92
82 92
88 92
91 92
16 93
17 93
18 93
27 93
36 93
50 93
55 93
75 93
92 93
0 94
1 94
2 94
31 94
55 94
72 94
76 94
85 94
4 95
5 95
9 95
12 95
52 95
65 95
80 95
83 95
88 95
92 95
7 96
43 96
49 96
78 96
95 96
3 97
14 97
17 97
20 97
25 97
27 97
38 97
49 97
53 97
54 97
67 97
74 97
79 97
86 97
5 98
8 98
10 98
17 98
19 98
20 98
23 98
28 98
38 98
39 98
57 98
67 98
70 98
73 98
85 98
87 98
6 99
11 99
16 99
19 99
21 99
22 99
25 99
26 99
27 99
29 99
32 99
47 99
59 99
80 99
86 99
3 100
15 100
23 100
31 100
34 100
36 100
41 100
45 100
50 100
53 100
55 100
57 100
65 100
66 100
77 100
84 100
91 100
10 101
37 101
46 101
51 101
57 101
63 101
66 101
72 101
76 101
92 101
95 101
0 102
2 102
4 102
19 102
27 102
29 102
37 102
62 102
79 102
84 102
94 102
95 102
101 102
1 103
9 103
10 103
17 103
18 103
20 103
25 103
27 103
38 103
43 103
58 103
65 103
86 103
4 104
12 104
14 104
15 104
16 104
18 104
28 104
63 104
67 104
71 104
72 104
74 104
79 104
98 104
99 104
6 105
26 105
29 105
31 105
39 105
46 105
58 105
66 105
68 105
74 105
89 105
90 105
96 105
101 105
5 106
9 106
11 106
13 106
16 106
21 106
26 106
33 106
46 106
51 106
54 106
61 106
101 106
7 107
17 107
22 107
27 107
29 107
33 107
39 107
50 107
51 107
52 107
64 107
65 107
80 107
85 107
93 107
1 108
4 108
10 108
32 108
49 108
53 108
63 108
77 108
88 108
11 109
12 109
24 109
39 109
49 109
61 109
73 109
95 109
96 109
102 109
5 110
9 110
27 110
29 110
38 110
56 110
63 110
67 110
70 110
74 110
81 110
15 111
21 111
26 111
31 111
36 111
39 111
41 111
42 111
43 111
59 111
67 111
72 111
82 111
86 111
87 111
95 111
98 111
105 111
17 112
19 112
26 112
29 112
39 112
49 112
52 112
61 112
64 112
70 112
72 112
86 112
91 112
100 112
111 112
2 113
16 113
53 113
54 113
63 113
64 113
67 113
70 113
73 113
98 113
103 113
105 113
2 114
37 114
44 114
47 114
59 114
68 114
72 114
74 114
83 114
91 114
95 114
108 114
112 114
4 115
5 115
27 115
28 115
66 115
69 115
78 115
81 115
98 115
100 115
101 115
104 115
106 115
112 115
0 116
3 116
15 116
32 116
42 116
59 116
67 116
72 116
75 116
87 116
99 116
15 117
17 117
29 117
33 117
40 117
52 117
62 117
82 117
1 118
6 118
7 118
12 118
28 118
32 118
33 118
45 118
58 118
71 118
82 118
90 118
99 118
115 118
9 119
14 119
15 119
21 119
22 119
36 119
40 119
53 119
65 119
66 119
67 119
71 119
85 119
90 119
96 119
105 119
1 120
3 120
18 120
19 120
30 120
35 120
66 120
72 120
83 120
84 120
93 120
107 120
109 120
7 121
12 121
21 121
34 121
38 121
41 121
43 121
47 121
65 121
74 121
77 121
87 121
100 121
111 121
12 122
29 122
48 122
52 122
58 122
61 122
65 122
66 122
67 122
71 122
90 122
106 122
110 122
116 122
121 122
3 123
8 123
12 123
15 123
31 123
35 123
58 123
64 123
73 123
74 123
86 123
88 123
89 123
102 123
107 123
109 123
110 123
118 123
7 124
15 124
21 124
57 124
58 124
67 124
68 124
111 124
113 124
122 124
14 125
18 125
47 125
56 125
57 125
58 125
59 125
69 125
81 125
89 125
96 125
0 126
8 126
21 126
50 126
56 126
69 126
73 126
82 126
84 126
88 126
93 126
95 126
101 126
116 126
0 127
1 127
4 127
10 127
12 127
20 127
43 127
56 127
91 127
105 127
112 127
124 127
4 128
11 128
21 128
42 128
54 128
73 128
101 128
116 128
123 128
4 129
11 129
14 129
15 129
16 129
18 129
25 129
30 129
33 129
34 129
49 129
50 129
55 129
61 129
69 129
74 129
78 129
100 129
116 129
119 129
1 130
68 130
86 130
89 130
93 130
116 130
117 130
121 130
126 130
128 130
3 131
25 131
39 131
51 131
52 131
54 131
58 131
70 131
72 131
107 131
109 131
112 131
113 131
0 132
7 132
14 132
41 132
51 132
54 132
79 132
80 132
83 132
94 132
95 132
100 132
109 132
119 132
129 132
0 133
1 133
13 133
15 133
25 133
30 133
31 133
45 133
48 133
54 133
58 133
79 133
84 133
86 133
92 133
105 133
111 133
115 133
119 133
6 134
13 134
16 134
17 134
38 134
45 134
57 134
70 134
94 134
104 134
105 134
122 134
2 135
5 135
6 135
8 135
28 135
32 135
36 135
42 135
47 135
48 135
58 135
64 135
68 135
69 135
73 135
77 135
93 135
99 135
103 135
108 135
112 135
0 136
16 136
21 136
24 136
35 136
40 136
41 136
47 136
55 136
63 136
67 136
83 136
105 136
112 136
118 136
130 136
7 137
17 137
21 137
24 137
25 137
29 137
31 137
34 137
44 137
49 137
66 137
94 137
104 137
113 137
120 137
123 137
136 137
12 138
20 138
22 138
25 138
37 138
65 138
68 138
72 138
79 138
83 138
85 138
92 138
110 138
116 138
123 138
137 138
5 139
7 139
22 139
24 139
34 139
36 139
38 139
40 139
48 139
57 139
60 139
62 139
64 139
83 139
84 139
90 139
104 139
109 139
0 140
14 140
21 140
22 140
27 140
31 140
37 140
45 140
66 140
73 140
76 140
87 140
94 140
96 140
107 140
112 140
114 140
117 140
128 140
1 141
18 141
28 141
45 141
50 141
56 141
61 141
63 141
69 141
72 141
73 141
82 141
85 141
107 141
112 141
25 142
41 142
48 142
49 142
55 142
60 142
63 142
68 142
69 142
71 142
89 142
92 142
97 142
100 142
109 142
113 142
119 142
128 142
7 143
10 143
13 143
14 143
17 143
18 143
23 143
24 143
39 143
62 143
63 143
67 143
69 143
80 143
83 143
85 143
86 143
94 143
102 143
108 143
113 143
120 143
140 143
4 144
11 144
15 144
20 144
30 144
37 144
44 144
58 144
60 144
70 144
74 144
81 144
90 144
91 144
92 144
94 144
103 144
107 144
119 144
123 144
124 144
137 144
4 145
6 145
16 145
43 145
45 145
52 145
53 145
67 145
83 145
93 145
95 145
97 145
100 145
116 145
118 145
128 145
132 145
1 146
16 146
18 146
19 146
20 146
27 146
32 146
33 146
39 146
62 146
66 146
73 146
78 146
81 146
85 146
88 146
90 146
92 146
108 146
123 146
125 146
142 146
143 146
2 147
6 147
25 147
42 147
52 147
55 147
57 147
77 147
78 147
79 147
80 147
87 147
88 147
102 147
104 147
110 147
111 147
133 147
142 147
1 148
2 148
25 148
35 148
43 148
48 148
89 148
105 148
106 148
119 148
142 148
5 149
9 149
15 149
22 149
45 149
50 149
52 149
54 149
68 149
70 149
84 149
112 149
127 149
129 149
133 149
1 150
16 150
33 150
34 150
40 150
46 150
51 150
54 150
58 150
67 150
73 150
92 150
105 150
110 150
113 150
126 150
128 150
138 150
9 151
38 151
65 151
77 151
102 151
103 151
111 151
131 151
135 151
140 151
144 151
0 152
7 152
9 152
12 152
13 152
37 152
39 152
64 152
68 152
75 152
80 152
102 152
110 152
111 152
119 152
124 152
142 152
3 153
25 153
32 153
64 153
74 153
88 153
93 153
94 153
95 153
106 153
118 153
123 153
126 153
128 153
135 153
139 153
140 153
143 153
14 154
24 154
26 154
40 154
46 154
72 154
79 154
105 154
116 154
122 154
133 154
136 154
152 154
11 155
19 155
34 155
54 155
57 155
60 155
80 155
83 155
93 155
99 155
100 155
105 155
108 155
121 155
124 155
152 155
0 156
4 156
7 156
12 156
16 156
22 156
29 156
31 156
44 156
51 156
72 156
81 156
95 156
103 156
104 156
116 156
132 156
135 156
140 156
143 156
144 156
147 156
148 156
152 156
4 157
31 157
33 157
39 157
48 157
94 157
96 157
100 157
105 157
110 157
122 157
147 157
148 157
2 158
3 158
22 158
23 158
37 158
62 158
67 158
73 158
74 158
83 158
93 158
95 158
96 158
97 158
107 158
121 158
123 158
128 158
145 158
152 158
155 158
156 158
14 159
18 159
37 159
39 159
60 159
68 159
69 159
71 159
78 159
86 159
100 159
101 159
142 159
3 160
12 160
13 160
20 160
23 160
38 160
39 160
46 160
61 160
65 160
69 160
84 160
86 160
87 160
94 160
109 160
118 160
119 160
122 160
139 160
140 160
150 160
156 160
5 161
13 161
58 161
62 161
67 161
80 161
83 161
98 161
104 161
116 161
120 161
121 161
133 161
140 161
143 161
145 161
31 162
32 162
58 162
69 162
130 162
134 162
136 162
141 162
157 162
28 163
29 163
31 163
45 163
49 163
51 163
52 163
57 163
58 163
72 163
74 163
78 163
79 163
80 163
91 163
94 163
114 163
117 163
147 163
150 163
159 163
2 164
22 164
29 164
38 164
41 164
45 164
47 164
50 164
51 164
54 164
72 164
73 164
85 164
87 164
93 164
96 164
104 164
106 164
107 164
110 164
122 164
123 164
125 164
132 164
155 164
15 165
26 165
34 165
35 165
52 165
54 165
73 165
85 165
89 165
94 165
108 165
124 165
127 165
131 165
132 165
135 165
137 165
153 165
158 165
4 166
20 166
41 166
52 166
56 166
67 166
77 166
86 166
95 166
98 166
106 166
107 166
110 166
114 166
123 166
129 166
134 166
148 166
161 166
163 166
11 167
15 167
24 167
26 167
28 167
30 167
34 167
35 167
41 167
47 167
51 167
62 167
83 167
86 167
90 167
95 167
100 167
101 167
102 167
109 167
119 167
138 167
143 167
148 167
150 167
154 167
15 168
21 168
23 168
26 168
38 168
51 168
60 168
64 168
71 168
81 168
85 168
91 168
93 168
112 168
145 168
155 168
156 168
159 168
164 168
1 169
5 169
10 169
11 169
21 169
30 169
37 169
49 169
60 169
67 169
68 169
70 169
73 169
84 169
89 169
116 169
132 169
139 169
140 169
143 169
150 169
153 169
164 169
2 170
5 170
6 170
7 170
35 170
37 170
38 170
43 170
44 170
63 170
134 170
135 170
139 170
160 170
12 171
39 171
59 171
68 171
73 171
79 171
98 171
108 171
112 171
133 171
5 172
6 172
19 172
23 172
29 172
30 172
39 172
50 172
71 172
75 172
76 172
77 172
93 172
104 172
116 172
121 172
127 172
128 172
138 172
140 172
146 172
156 172
159 172
1 173
26 173
32 173
35 173
68 173
75 173
77 173
78 173
84 173
93 173
94 173
102 173
106 173
117 173
121 173
122 173
127 173
132 173
149 173
151 173
157 173
0 174
49 174
55 174
64 174
71 174
72 174
73 174
76 174
86 174
89 174
93 174
103 174
106 174
110 174
130 174
134 174
153 174
165 174
170 174
172 174
1 175
5 175
24 175
53 175
63 175
75 175
79 175
84 175
106 175
117 175
124 175
133 175
138 175
150 175
160 175
167 175
1 176
13 176
16 176
24 176
61 176
64 176
65 176
75 176
82 176
87 176
90 176
95 176
97 176
105 176
129 176
133 176
136 176
154 176
169 176
171 176
174 176
9 177
17 177
26 177
28 177
37 177
40 177
43 177
51 177
62 177
63 177
64 177
69 177
72 177
74 177
75 177
76 177
79 177
81 177
101 177
111 177
120 177
121 177
122 177
138 177
145 177
149 177
157 177
168 177
176 177
12 178
25 178
36 178
50 178
53 178
77 178
81 178
103 178
104 178
116 178
117 178
123 178
127 178
141 178
143 178
148 178
175 178
0 179
6 179
9 179
12 179
19 179
27 179
33 179
37 179
53 179
60 179
67 179
69 179
76 179
83 179
102 179
105 179
109 179
114 179
121 179
129 179
136 179
142 179
162 179
168 179
0 180
7 180
11 180
29 180
39 180
42 180
57 180
62 180
73 180
79 180
85 180
106 180
115 180
118 180
147 180
159 180
161 180
166 180
167 180
177 180
1 181
10 181
27 181
29 181
50 181
58 181
59 181
76 181
85 181
110 181
122 181
125 181
128 181
132 181
136 181
142 181
143 181
150 181
152 181
167 181
169 181
172 181
5 182
18 182
20 182
27 182
32 182
36 182
38 182
48 182
56 182
68 182
83 182
84 182
90 182
110 182
115 182
120 182
155 182
157 182
2 183
4 183
7 183
27 183
38 183
61 183
62 183
63 183
76 183
90 183
92 183
97 183
117 183
123 183
129 183
142 183
156 183
158 183
166 183
175 183
0 184
2 184
20 184
33 184
46 184
51 184
59 184
63 184
68 184
77 184
78 184
101 184
119 184
140 184
145 184
149 184
156 184
183 184
11 185
24 185
26 185
32 185
33 185
50 185
51 185
56 185
77 185
104 185
105 185
112 185
118 185
122 185
129 185
138 185
143 185
5 186
14 186
23 186
49 186
85 186
107 186
126 186
128 186
147 186
159 186
176 186
185 186
2 187
4 187
7 187
12 187
22 187
25 187
37 187
53 187
60 187
75 187
94 187
100 187
105 187
107 187
108 187
123 187
149 187
168 187
169 187
173 187
174 187
1 188
25 188
40 188
64 188
78 188
83 188
88 188
97 188
112 188
125 188
133 188
134 188
135 188
136 188
138 188
139 188
152 188
154 188
164 188
10 189
12 189
18 189
24 189
38 189
41 189
65 189
73 189
79 189
81 189
91 189
107 189
120 189
146 189
153 189
173 189
184 189
185 189
2 190
27 190
44 190
50 190
62 190
73 190
81 190
105 190
111 190
113 190
114 190
119 190
125 190
137 190
138 190
141 190
142 190
175 190
177 190
180 190
181 190
23 191
28 191
32 191
39 191
57 191
58 191
72 191
81 191
85 191
86 191
90 191
123 191
127 191
131 191
146 191
154 191
165 191
167 191
172 191
3 192
12 192
13 192
23 192
34 192
40 192
44 192
50 192
52 192
57 192
58 192
65 192
71 192
77 192
80 192
83 192
99 192
102 192
114 192
118 192
122 192
133 192
140 192
141 192
147 192
155 192
158 192
161 192
165 192
179 192
185 192
190 192
4 193
9 193
10 193
14 193
15 193
28 193
29 193
36 193
39 193
41 193
42 193
44 193
45 193
56 193
61 193
71 193
78 193
80 193
82 193
89 193
94 193
97 193
101 193
103 193
106 193
143 193
150 193
174 193
180 193
182 193
183 193
187 193
191 193
1 194
6 194
7 194
19 194
20 194
39 194
40 194
42 194
61 194
73 194
78 194
79 194
80 194
85 194
90 194
91 194
94 194
98 194
100 194
121 194
129 194
142 194
148 194
160 194
164 194
171 194
174 194
178 194
184 194
191 194
6 195
19 195
28 195
38 195
44 195
45 195
50 195
65 195
75 195
80 195
82 195
93 195
101 195
111 195
119 195
124 195
133 195
151 195
152 195
156 195
157 195
160 195
161 195
167 195
176 195
181 195
3 196
5 196
8 196
20 196
27 196
29 196
33 196
49 196
62 196
66 196
92 196
135 196
172 196
175 196
4 197
11 197
12 197
16 197
30 197
32 197
34 197
35 197
36 197
38 197
48 197
71 197
87 197
89 197
93 197
103 197
107 197
115 197
117 197
144 197
148 197
152 197
166 197
181 197
11 198
12 198
22 198
29 198
33 198
37 198
39 198
44 198
50 198
59 198
60 198
81 198
82 198
85 198
86 198
108 198
110 198
116 198
132 198
133 198
138 198
139 198
140 198
141 198
145 198
153 198
157 198
160 198
165 198
167 198
168 198
180 198
181 198
185 198
193 198
15 199
20 199
51 199
56 199
74 199
85 199
95 199
98 199
99 199
107 199
127 199
132 199
133 199
143 199
144 199
148 199
153 199
155 199
156 199
157 199
183 199
194 199
197 199
15 200
27 200
39 200
40 200
55 200
62 200
63 200
65 200
67 200
70 200
82 200
89 200
104 200
106 200
108 200
122 200
132 200
133 200
144 200
153 200
156 200
165 200
168 200
173 200
184 200
187 200
198 200
10 201
35 201
49 201
51 201
54 201
68 201
71 201
76 201
79 201
94 201
95 201
107 201
113 201
126 201
130 201
137 201
144 201
145 201
150 201
176 201
185 201
188 201
197 201
198 201
0 202
8 202
17 202
30 202
47 202
57 202
66 202
71 202
74 202
85 202
93 202
95 202
96 202
107 202
109 202
113 202
121 202
131 202
137 202
144 202
155 202
188 202
190 202
192 202
195 202
196 202
198 202
14 203
17 203
18 203
20 203
29 203
31 203
34 203
37 203
40 203
41 203
46 203
47 203
56 203
58 203
64 203
73 203
84 203
87 203
90 203
94 203
100 203
108 203
127 203
128 203
136 203
155 203
163 203
173 203
178 203
180 203
181 203
189 203
192 203
5 204
7 204
10 204
11 204
16 204
22 204
35 204
54 204
56 204
60 204
72 204
79 204
90 204
94 204
118 204
134 204
145 204
146 204
150 204
153 204
169 204
170 204
172 204
185 204
197 204
5 205
10 205
29 205
36 205
44 205
48 205
50 205
51 205
53 205
79 205
85 205
91 205
103 205
109 205
120 205
121 205
122 205
127 205
132 205
136 205
142 205
149 205
166 205
170 205
171 205
175 205
177 205
190 205
191 205
8 206
18 206
19 206
30 206
36 206
38 206
41 206
53 206
63 206
73 206
86 206
88 206
92 206
94 206
103 206
111 206
112 206
115 206
140 206
156 206
181 206
184 206
189 206
200 206
0 207
10 207
14 207
16 207
38 207
39 207
40 207
58 207
70 207
72 207
82 207
88 207
92 207
94 207
99 207
101 207
124 207
141 207
146 207
153 207
159 207
167 207
175 207
186 207
193 207
194 207
196 207
198 207
11 208
13 208
16 208
21 208
25 208
33 208
36 208
52 208
54 208
60 208
63 208
66 208
71 208
76 208
81 208
84 208
91 208
99 208
100 208
103 208
115 208
132 208
138 208
141 208
169 208
189 208
205 208
6 209
13 209
18 209
33 209
55 209
67 209
72 209
86 209
97 209
103 209
106 209
108 209
110 209
112 209
118 209
119 209
120 209
132 209
144 209
152 209
162 209
164 209
168 209
172 209
173 209
176 209
183 209
184 209
192 209
197 209
205 209
206 209
0 210
10 210
46 210
50 210
59 210
67 210
72 210
78 210
83 210
99 210
101 210
104 210
107 210
109 210
116 210
120 210
127 210
128 210
131 210
144 210
145 210
146 210
148 210
170 210
176 210
180 210
206 210
7 211
8 211
12 211
13 211
27 211
43 211
52 211
53 211
57 211
66 211
83 211
86 211
87 211
91 211
95 211
104 211
113 211
117 211
124 211
126 211
136 211
143 211
153 211
159 211
163 211
172 211
173 211
180 211
183 211
193 211
198 211
204 211
12 212
19 212
36 212
41 212
55 212
66 212
74 212
76 212
79 212
90 212
107 212
109 212
112 212
113 212
120 212
121 212
126 212
133 212
134 212
138 212
139 212
144 212
148 212
157 212
163 212
176 212
184 212
185 212
189 212
192 212
198 212
202 212
204 212
4 213
14 213
23 213
28 213
47 213
57 213
61 213
71 213
77 213
86 213
90 213
91 213
107 213
112 213
115 213
124 213
127 213
141 213
142 213
143 213
146 213
148 213
165 213
172 213
195 213
203 213
207 213
8 214
23 214
27 214
28 214
42 214
44 214
61 214
70 214
85 214
90 214
101 214
109 214
133 214
141 214
148 214
149 214
153 214
156 214
164 214
170 214
173 214
198 214
200 214
210 214
211 214
1 215
36 215
40 215
44 215
48 215
74 215
77 215
81 215
86 215
101 215
108 215
112 215
117 215
119 215
131 215
133 215
142 215
150 215
154 215
166 215
174 215
179 215
191 215
192 215
194 215
9 216
16 216
24 216
26 216
37 216
66 216
73 216
80 216
83 216
97 216
119 216
127 216
130 216
140 216
142 216
143 216
154 216
176 216
184 216
185 216
187 216
197 216
203 216
204 216
14 217
23 217
35 217
38 217
39 217
40 217
41 217
46 217
52 217
69 217
93 217
95 217
100 217
111 217
150 217
151 217
171 217
189 217
192 217
193 217
200 217
211 217
213 217
215 217
7 218
13 218
16 218
27 218
30 218
31 218
66 218
67 218
70 218
77 218
79 218
91 218
93 218
108 218
111 218
131 218
158 218
165 218
169 218
182 218
187 218
191 218
214 218
7 219
14 219
39 219
44 219
46 219
50 219
51 219
55 219
57 219
64 219
78 219
79 219
83 219
92 219
116 219
121 219
123 219
128 219
139 219
141 219
144 219
145 219
149 219
151 219
155 219
158 219
165 219
166 219
172 219
177 219
181 219
185 219
187 219
193 219
205 219
3 220
7 220
22 220
40 220
45 220
61 220
87 220
99 220
102 220
117 220
127 220
131 220
141 220
150 220
151 220
156 220
163 220
167 220
175 220
180 220
186 220
190 220
202 220
0 221
14 221
18 221
25 221
32 221
42 221
43 221
46 221
63 221
66 221
77 221
92 221
104 221
129 221
133 221
135 221
137 221
149 221
164 221
172 221
185 221
186 221
207 221
208 221
214 221
215 221
8 222
9 222
24 222
26 222
28 222
35 222
37 222
39 222
50 222
71 222
91 222
106 222
109 222
111 222
125 222
129 222
131 222
136 222
140 222
154 222
163 222
167 222
170 222
200 222
211 222
217 222
220 222
2 223
5 223
32 223
35 223
46 223
66 223
69 223
88 223
92 223
94 223
97 223
105 223
108 223
110 223
119 223
132 223
134 223
138 223
141 223
144 223
146 223
163 223
164 223
201 223
202 223
215 223
220 223
7 224
35 224
38 224
53 224
59 224
72 224
74 224
89 224
96 224
101 224
121 224
142 224
181 224
216 224
219 224
4 225
6 225
9 225
17 225
23 225
28 225
30 225
36 225
39 225
49 225
55 225
70 225
72 225
75 225
105 225
112 225
117 225
122 225
142 225
150 225
153 225
156 225
168 225
177 225
183 225
192 225
196 225
198 225
2 226
5 226
17 226
18 226
28 226
44 226
47 226
63 226
71 226
73 226
81 226
84 226
93 226
121 226
131 226
147 226
165 226
171 226
173 226
183 226
184 226
190 226
200 226
201 226
222 226
224 226
4 227
18 227
19 227
33 227
36 227
48 227
52 227
57 227
61 227
68 227
74 227
103 227
114 227
116 227
127 227
135 227
149 227
157 227
175 227
185 227
189 227
201 227
202 227
205 227
206 227
213 227
222 227
226 227
4 228
15 228
22 228
28 228
30 228
35 228
41 228
71 228
73 228
76 228
87 228
91 228
94 228
98 228
100 228
105 228
108 228
116 228
126 228
138 228
141 228
143 228
146 228
152 228
158 228
162 228
167 228
173 228
175 228
198 228
201 228
204 228
223 228
7 229
8 229
23 229
32 229
46 229
50 229
51 229
54 229
61 229
78 229
81 229
94 229
102 229
111 229
114 229
120 229
132 229
134 229
140 229
142 229
154 229
158 229
161 229
168 229
169 229
174 229
175 229
190 229
199 229
207 229
218 229
220 229
9 230
12 230
31 230
38 230
50 230
60 230
63 230
78 230
117 230
121 230
125 230
144 230
156 230
178 230
183 230
209 230
214 230
215 230
3 231
5 231
10 231
17 231
19 231
35 231
61 231
64 231
80 231
86 231
92 231
93 231
94 231
95 231
98 231
101 231
103 231
107 231
117 231
137 231
138 231
144 231
146 231
154 231
160 231
163 231
165 231
167 231
168 231
175 231
179 231
182 231
203 231
210 231
211 231
224 231
3 232
6 232
13 232
19 232
21 232
25 232
30 232
37 232
42 232
51 232
59 232
61 232
77 232
82 232
83 232
109 232
111 232
121 232
137 232
139 232
170 232
177 232
178 232
181 232
185 232
188 232
192 232
199 232
206 232
224 232
2 233
29 233
40 233
54 233
57 233
63 233
68 233
70 233
78 233
80 233
94 233
95 233
112 233
118 233
127 233
135 233
136 233
137 233
154 233
155 233
170 233
190 233
203 233
215 233
223 233
1 234
25 234
28 234
42 234
57 234
64 234
72 234
77 234
84 234
86 234
88 234
96 234
104 234
107 234
109 234
122 234
126 234
134 234
135 234
136 234
139 234
145 234
149 234
163 234
171 234
174 234
180 234
182 234
187 234
193 234
196 234
213 234
219 234
20 235
38 235
49 235
55 235
74 235
77 235
78 235
103 235
112 235
121 235
124 235
131 235
138 235
141 235
144 235
145 235
148 235
167 235
196 235
201 235
204 235
206 235
226 235
231 235
234 235
14 236
34 236
69 236
88 236
108 236
128 236
135 236
138 236
149 236
151 236
157 236
160 236
162 236
166 236
169 236
180 236
202 236
227 236
4 237
5 237
10 237
14 237
36 237
43 237
44 237
45 237
56 237
70 237
72 237
74 237
77 237
78 237
81 237
89 237
102 237
107 237
113 237
117 237
119 237
123 237
125 237
131 237
135 237
137 237
160 237
167 237
168 237
185 237
187 237
193 237
195 237
200 237
218 237
224 237
233 237
9 238
11 238
21 238
41 238
53 238
61 238
62 238
63 238
71 238
83 238
101 238
104 238
116 238
117 238
141 238
165 238
175 238
176 238
183 238
200 238
201 238
204 238
208 238
234 238
236 238
4 239
5 239
28 239
29 239
32 239
41 239
45 239
46 239
47 239
50 239
74 239
77 239
80 239
84 239
92 239
99 239
102 239
104 239
114 239
128 239
130 239
139 239
149 239
151 239
153 239
175 239
187 239
189 239
193 239
209 239
228 239
233 239
13 240
38 240
43 240
45 240
52 240
58 240
69 240
76 240
80 240
88 240
90 240
97 240
98 240
118 240
126 240
129 240
130 240
140 240
149 240
163 240
180 240
183 240
186 240
188 240
194 240
195 240
204 240
207 240
211 240
217 240
223 240
225 240
231 240
3 241
4 241
14 241
18 241
28 241
54 241
61 241
62 241
65 241
71 241
74 241
84 241
95 241
97 241
113 241
122 241
130 241
138 241
146 241
155 241
156 241
161 241
165 241
172 241
173 241
199 241
200 241
201 241
207 241
209 241
225 241
0 242
1 242
3 242
12 242
15 242
36 242
43 242
53 242
81 242
82 242
85 242
86 242
99 242
101 242
104 242
111 242
113 242
118 242
123 242
125 242
136 242
157 242
158 242
177 242
185 242
187 242
199 242
203 242
204 242
227 242
233 242
234 242
235 242
4 243
6 243
7 243
12 243
14 243
21 243
22 243
41 243
49 243
53 243
54 243
74 243
82 243
89 243
104 243
129 243
137 243
148 243
149 243
155 243
156 243
157 243
161 243
163 243
168 243
172 243
177 243
185 243
188 243
195 243
209 243
224 243
225 243
0 244
6 244
15 244
49 244
51 244
70 244
89 244
98 244
106 244
115 244
118 244
120 244
121 244
123 244
139 244
145 244
170 244
171 244
174 244
195 244
211 244
217 244
223 244
225 244
231 244
1 245
6 245
32 245
44 245
47 245
67 245
74 245
77 245
81 245
87 245
88 245
92 245
98 245
114 245
117 245
138 245
145 245
146 245
182 245
188 245
191 245
196 245
207 245
212 245
216 245
222 245
225 245
227 245
234 245
240 245
12 246
31 246
54 246
56 246
58 246
60 246
67 246
71 246
78 246
84 246
85 246
102 246
104 246
117 246
127 246
137 246
140 246
141 246
145 246
149 246
159 246
162 246
168 246
182 246
205 246
206 246
209 246
221 246
223 246
232 246
233 246
241 246
245 246
5 247
21 247
28 247
32 247
34 247
35 247
37 247
40 247
41 247
43 247
52 247
62 247
88 247
98 247
118 247
142 247
152 247
155 247
180 247
188 247
192 247
220 247
239 247
243 247
10 248
22 248
34 248
35 248
36 248
38 248
40 248
45 248
46 248
47 248
56 248
62 248
64 248
69 248
71 248
76 248
82 248
85 248
93 248
119 248
122 248
127 248
129 248
140 248
143 248
157 248
163 248
166 248
172 248
179 248
181 248
187 248
192 248
203 248
213 248
226 248
232 248
6 249
9 249
13 249
19 249
38 249
55 249
60 249
69 249
80 249
96 249
127 249
138 249
139 249
150 249
156 249
164 249
169 249
172 249
175 249
179 249
188 249
195 249
198 249
209 249
219 249
225 249
232 249
4 250
14 250
49 250
56 250
57 250
64 250
74 250
80 250
82 250
99 250
102 250
107 250
116 250
120 250
121 250
130 250
132 250
135 250
144 250
147 250
161 250
163 250
164 250
168 250
178 250
188 250
190 250
194 250
211 250
222 250
232 250
235 250
237 250
3 251
12 251
15 251
16 251
17 251
18 251
22 251
25 251
28 251
37 251
54 251
83 251
106 251
125 251
132 251
136 251
141 251
153 251
170 251
174 251
175 251
177 251
184 251
199 251
210 251
212 251
221 251
6 252
16 252
19 252
24 252
33 252
35 252
60 252
65 252
77 252
81 252
83 252
96 252
97 252
107 252
116 252
118 252
119 252
141 252
145 252
146 252
148 252
156 252
157 252
160 252
163 252
164 252
173 252
179 252
199 252
210 252
214 252
225 252
234 252
250 252
3 253
7 253
8 253
11 253
80 253
105 253
113 253
117 253
118 253
119 253
143 253
155 253
167 253
172 253
177 253
184 253
190 253
191 253
192 253
204 253
205 253
218 253
224 253
228 253
232 253
233 253
235 253
238 253
245 253
250 253
22 254
32 254
37 254
44 254
45 254
50 254
55 254
57 254
58 254
63 254
67 254
74 254
91 254
101 254
102 254
103 254
114 254
118 254
119 254
122 254
123 254
135 254
136 254
139 254
151 254
180 254
183 254
190 254
191 254
200 254
204 254
233 254
12 255
33 255
57 255
75 255
77 255
81 255
89 255
90 255
92 255
98 255
101 255
105 255
125 255
149 255
150 255
196 255
200 255
212 255
218 255
225 255
229 255
230 255
231 255
234 255
238 255
7 256
8 256
12 256
19 256
24 256
34 256
43 256
45 256
46 256
48 256
50 256
52 256
56 256
67 256
69 256
81 256
89 256
107 256
116 256
122 256
123 256
134 256
139 256
144 256
160 256
162 256
179 256
210 256
211 256
219 256
226 256
236 256
242 256
3 257
11 257
14 257
26 257
45 257
54 257
62 257
65 257
73 257
76 257
106 257
113 257
130 257
132 257
146 257
155 257
159 257
174 257
196 257
221 257
225 257
239 257
9 258
19 258
20 258
21 258
35 258
37 258
52 258
58 258
62 258
63 258
77 258
101 258
118 258
121 258
151 258
152 258
158 258
169 258
173 258
177 258
211 258
213 258
229 258
241 258
242 258
248 258
5 259
11 259
28 259
32 259
33 259
49 259
52 259
56 259
58 259
60 259
61 259
65 259
74 259
77 259
81 259
82 259
94 259
99 259
103 259
125 259
126 259
134 259
151 259
159 259
160 259
170 259
179 259
184 259
185 259
186 259
194 259
203 259
206 259
207 259
243 259
254 259
0 260
3 260
11 260
14 260
15 260
21 260
26 260
66 260
69 260
84 260
109 260
123 260
134 260
135 260
141 260
152 260
155 260
158 260
160 260
174 260
176 260
180 260
182 260
186 260
199 260
215 260
228 260
231 260
233 260
254 260
258 260
10 261
22 261
27 261
37 261
39 261
43 261
45 261
49 261
53 261
68 261
78 261
88 261
90 261
99 261
103 261
107 261
127 261
130 261
131 261
143 261
160 261
164 261
181 261
182 261
192 261
194 261
196 261
206 261
216 261
223 261
224 261
225 261
228 261
242 261
248 261
250 261
256 261
257 261
3 262
20 262
34 262
49 262
53 262
54 262
63 262
71 262
87 262
90 262
92 262
100 262
102 262
115 262
118 262
122 262
123 262
128 262
135 262
143 262
151 262
157 262
165 262
170 262
176 262
189 262
192 262
204 262
226 262
229 262
231 262
238 262
258 262
21 263
28 263
37 263
38 263
48 263
54 263
56 263
73 263
100 263
101 263
105 263
112 263
115 263
118 263
119 263
121 263
125 263
128 263
131 263
135 263
144 263
148 263
151 263
153 263
166 263
177 263
188 263
193 263
196 263
214 263
215 263
222 263
230 263
245 263
246 263
247 263
260 263
9 264
13 264
18 264
19 264
40 264
46 264
52 264
68 264
70 264
72 264
89 264
100 264
107 264
137 264
145 264
155 264
158 264
162 264
163 264
179 264
182 264
198 264
201 264
206 264
219 264
227 264
232 264
251 264
254 264
0 265
3 265
6 265
9 265
12 265
24 265
28 265
34 265
44 265
48 265
49 265
57 265
71 265
79 265
82 265
88 265
97 265
102 265
117 265
120 265
124 265
127 265
130 265
136 265
137 265
164 265
173 265
185 265
192 265
194 265
203 265
212 265
213 265
218 265
220 265
233 265
236 265
1 266
18 266
39 266
40 266
47 266
58 266
72 266
75 266
77 266
87 266
104 266
109 266
111 266
117 266
118 266
120 266
123 266
139 266
147 266
151 266
155 266
162 266
167 266
179 266
181 266
183 266
197 266
201 266
205 266
208 266
215 266
217 266
252 266
1 267
15 267
43 267
44 267
47 267
54 267
60 267
75 267
78 267
103 267
119 267
129 267
149 267
161 267
162 267
168 267
173 267
209 267
210 267
223 267
242 267
253 267
262 267
0 268
1 268
17 268
18 268
20 268
33 268
34 268
49 268
53 268
71 268
86 268
91 268
97 268
102 268
110 268
111 268
131 268
136 268
140 268
143 268
145 268
159 268
161 268
162 268
166 268
182 268
190 268
192 268
198 268
210 268
213 268
220 268
237 268
241 268
251 268
252 268
254 268
255 268
257 268
259 268
12 269
42 269
46 269
50 269
51 269
58 269
65 269
69 269
78 269
82 269
90 269
95 269
100 269
110 269
120 269
122 269
133 269
142 269
148 269
150 269
158 269
163 269
177 269
189 269
193 269
194 269
197 269
220 269
234 269
235 269
236 269
260 269
16 270
36 270
38 270
45 270
48 270
57 270
62 270
73 270
80 270
85 270
103 270
106 270
125 270
126 270
131 270
135 270
148 270
152 270
159 270
167 270
168 270
170 270
174 270
180 270
201 270
206 270
209 270
210 270
220 270
252 270
0 271
1 271
11 271
13 271
14 271
23 271
39 271
44 271
47 271
48 271
61 271
62 271
63 271
71 271
72 271
76 271
77 271
93 271
102 271
109 271
113 271
117 271
132 271
134 271
136 271
137 271
140 271
145 271
148 271
149 271
174 271
177 271
179 271
180 271
196 271
235 271
241 271
242 271
259 271
260 271
5 272
8 272
19 272
30 272
39 272
69 272
80 272
87 272
89 272
96 272
102 272
105 272
108 272
123 272
137 272
146 272
148 272
186 272
201 272
204 272
205 272
207 272
211 272
225 272
229 272
232 272
235 272
241 272
269 272
2 273
5 273
10 273
11 273
19 273
22 273
26 273
41 273
49 273
57 273
58 273
74 273
75 273
79 273
87 273
89 273
127 273
146 273
190 273
196 273
199 273
200 273
203 273
210 273
215 273
232 273
240 273
242 273
259 273
18 274
24 274
31 274
32 274
51 274
52 274
57 274
67 274
80 274
89 274
110 274
112 274
117 274
126 274
134 274
135 274
138 274
144 274
146 274
147 274
151 274
193 274
194 274
198 274
230 274
232 274
242 274
247 274
249 274
262 274
267 274
272 274
4 275
11 275
14 275
19 275
23 275
32 275
46 275
51 275
52 275
56 275
63 275
75 275
87 275
95 275
96 275
105 275
144 275
154 275
158 275
159 275
166 275
168 275
171 275
183 275
195 275
199 275
204 275
220 275
229 275
232 275
233 275
234 275
238 275
244 275
251 275
266 275
1 276
10 276
11 276
12 276
24 276
25 276
29 276
41 276
70 276
96 276
99 276
121 276
131 276
132 276
140 276
147 276
184 276
185 276
211 276
218 276
223 276
224 276
226 276
237 276
240 276
245 276
246 276
267 276
6 277
8 277
16 277
17 277
39 277
57 277
62 277
63 277
68 277
71 277
78 277
82 277
91 277
96 277
103 277
105 277
114 277
123 277
147 277
152 277
161 277
169 277
173 277
185 277
194 277
201 277
217 277
227 277
229 277
232 277
234 277
235 277
238 277
249 277
265 277
267 277
12 278
13 278
17 278
20 278
26 278
27 278
28 278
29 278
40 278
51 278
55 278
60 278
64 278
78 278
88 278
102 278
107 278
108 278
121 278
130 278
170 278
188 278
199 278
206 278
214 278
222 278
225 278
243 278
248 278
251 278
0 279
1 279
8 279
13 279
19 279
31 279
37 279
43 279
62 279
63 279
69 279
76 279
84 279
102 279
103 279
105 279
118 279
125 279
150 279
154 279
157 279
159 279
160 279
180 279
188 279
199 279
200 279
213 279
221 279
225 279
236 279
240 279
241 279
244 279
246 279
254 279
255 279
257 279
273 279
3 280
10 280
15 280
22 280
26 280
30 280
38 280
50 280
55 280
56 280
73 280
83 280
94 280
142 280
149 280
155 280
158 280
159 280
161 280
162 280
173 280
175 280
185 280
187 280
200 280
202 280
205 280
216 280
218 280
222 280
248 280
254 280
271 280
277 280
2 281
3 281
15 281
19 281
23 281
27 281
50 281
74 281
97 281
105 281
117 281
139 281
147 281
148 281
176 281
182 281
187 281
209 281
221 281
235 281
247 281
257 281
268 281
277 281
2 282
10 282
20 282
41 282
50 282
52 282
57 282
60 282
61 282
71 282
72 282
77 282
95 282
109 282
110 282
119 282
129 282
131 282
132 282
137 282
146 282
176 282
208 282
211 282
216 282
220 282
222 282
242 282
250 282
267 282
277 282
0 283
1 283
3 283
15 283
22 283
25 283
28 283
42 283
49 283
54 283
63 283
64 283
67 283
73 283
79 283
100 283
108 283
114 283
116 283
118 283
188 283
191 283
202 283
207 283
212 283
221 283
241 283
249 283
256 283
267 283
274 283
4 284
13 284
36 284
42 284
56 284
58 284
69 284
74 284
83 284
93 284
101 284
102 284
103 284
107 284
108 284
110 284
116 284
122 284
125 284
134 284
137 284
153 284
171 284
177 284
190 284
198 284
199 284
211 284
214 284
223 284
250 284
254 284
265 284
267 284
282 284
5 285
10 285
21 285
29 285
39 285
46 285
57 285
60 285
62 285
78 285
80 285
100 285
109 285
111 285
113 285
120 285
121 285
123 285
129 285
132 285
133 285
172 285
197 285
213 285
223 285
246 285
257 285
267 285
271 285
3 286
7 286
11 286
12 286
29 286
31 286
44 286
46 286
48 286
64 286
65 286
78 286
90 286
92 286
99 286
115 286
128 286
141 286
143 286
175 286
181 286
185 286
193 286
198 286
205 286
212 286
213 286
214 286
216 286
241 286
246 286
254 286
270 286
277 286
5 287
6 287
20 287
31 287
36 287
40 287
42 287
45 287
46 287
61 287
66 287
67 287
68 287
79 287
85 287
99 287
110 287
120 287
125 287
159 287
160 287
170 287
180 287
182 287
187 287
198 287
213 287
225 287
228 287
244 287
248 287
253 287
286 287
17 288
19 288
27 288
45 288
53 288
66 288
84 288
94 288
97 288
99 288
112 288
116 288
120 288
126 288
127 288
142 288
149 288
158 288
162 288
166 288
175 288
185 288
206 288
223 288
224 288
226 288
232 288
235 288
238 288
257 288
259 288
270 288
271 288
281 288
5 289
8 289
16 289
18 289
19 289
25 289
32 289
40 289
47 289
77 289
92 289
106 289
111 289
115 289
124 289
129 289
141 289
150 289
154 289
155 289
183 289
186 289
193 289
195 289
202 289
207 289
214 289
224 289
227 289
230 289
234 289
255 289
274 289
288 289
4 290
9 290
27 290
29 290
50 290
72 290
81 290
90 290
98 290
103 290
109 290
113 290
115 290
116 290
117 290
127 290
131 290
134 290
137 290
138 290
144 290
163 290
183 290
187 290
194 290
210 290
213 290
222 290
238 290
243 290
250 290
262 290
263 290
267 290
278 290
280 290
1 291
22 291
23 291
29 291
40 291
56 291
87 291
103 291
108 291
116 291
134 291
138 291
150 291
152 291
161 291
164 291
173 291
193 291
199 291
200 291
204 291
228 291
232 291
243 291
245 291
246 291
252 291
265 291
267 291
269 291
274 291
284 291
288 291
1 292
15 292
19 292
20 292
23 292
24 292
25 292
28 292
31 292
34 292
35 292
37 292
40 292
74 292
76 292
86 292
91 292
106 292
114 292
117 292
125 292
133 292
144 292
147 292
154 292
160 292
161 292
173 292
176 292
192 292
209 292
210 292
212 292
219 292
276 292
278 292
282 292
289 292
10 293
35 293
48 293
54 293
82 293
85 293
91 293
153 293
158 293
162 293
166 293
183 293
185 293
206 293
210 293
223 293
236 293
258 293
259 293
260 293
261 293
264 293
268 293
282 293
285 293
291 293
13 294
21 294
24 294
28 294
33 294
56 294
64 294
68 294
75 294
78 294
83 294
87 294
89 294
104 294
108 294
116 294
123 294
132 294
137 294
140 294
141 294
150 294
155 294
157 294
163 294
169 294
188 294
190 294
196 294
199 294
209 294
224 294
225 294
230 294
236 294
240 294
264 294
265 294
279 294
293 294
39 295
62 295
64 295
67 295
68 295
79 295
81 295
96 295
99 295
100 295
101 295
114 295
117 295
128 295
134 295
137 295
138 295
142 295
149 295
157 295
158 295
162 295
164 295
167 295
187 295
197 295
210 295
216 295
232 295
241 295
246 295
249 295
268 295
270 295
273 295
3 296
30 296
43 296
64 296
65 296
85 296
86 296
91 296
93 296
97 296
111 296
118 296
119 296
128 296
133 296
140 296
142 296
143 296
159 296
164 296
205 296
209 296
223 296
233 296
239 296
260 296
269 296
275 296
277 296
289 296
0 297
5 297
6 297
9 297
15 297
18 297
22 297
29 297
35 297
47 297
63 297
65 297
80 297
134 297
152 297
154 297
160 297
169 297
196 297
197 297
222 297
225 297
227 297
230 297
233 297
238 297
244 297
245 297
248 297
258 297
267 297
289 297
2 298
15 298
26 298
35 298
54 298
58 298
59 298
63 298
76 298
79 298
80 298
95 298
101 298
120 298
140 298
145 298
148 298
159 298
170 298
187 298
188 298
202 298
236 298
244 298
247 298
249 298
263 298
265 298
268 298
272 298
277 298
285 298
286 298
295 298
10 299
11 299
21 299
39 299
49 299
58 299
67 299
70 299
72 299
74 299
75 299
112 299
122 299
127 299
132 299
145 299
162 299
168 299
174 299
175 299
176 299
181 299
185 299
197 299
202 299
211 299
216 299
222 299
230 299
236 299
240 299
253 299
260 299
263 299
267 299
273 299
286 299
288 299
292 299
294 299
