300 1523 5
1 2 4 5 1 4 3 2 6 3 18 2 2 10 3 1 6 2 6 2 9 4 1 7 9 4 1 5 1 3 7 8 9 7 5 8 1 1 5 2 6 3 10 4 3 8 4 6 12 4 1 3 5 8 6 1 2 1 1 2 14 1 10 4 9 2 7 2 13 2 6 9 2 10 3 6 2 4 2 4 3 1 3 3 1 21 1 8 7 7 11 3 2 2 2 2 8 4 2 12 1 21 9 7 15 2 9 1 1 2 1 1 4 6 13 18 14 2 3 2 4 3 2 3 3 2 14 1 3 2 8 1 2 2 15 3 13 1 9 3 9 2 5 13 4 2 6 6 4 7 2 4 1 5 1 15 3 1 7 9 1 16 1 1 3 12 2 4 13 1 4 2 1 5 3 2 1 2 1 2 14 8 9 5 10 10 4 1 1 6 3 1 1 2 5 17 7 2 8 6 1 2 6 3 2 1 1 10 5 2 3 1 6 1 2 7 2 3 5 2 3 2 7 4 2 9 7 3 8 6 4 1 1 9 13 9 11 4 1 3 6 4 6 11 1 5 13 4 22 1 6 1 12 11 7 3 10 8 1 7 1 2 2 8 4 2 9 2 1 2 7 7 2 4 1 2 4 4 4 4 14 12 3 1 2 12 4 2 1 4 5 20 8 5 5 5 7 1 9 2
11 12
1 15
8 17
8 20
1 21
3 25
15 25
2 27
20 27
0 28
11 28
23 29
15 32
7 33
19 33
20 33
21 33
13 36
12 37
16 37
20 37
33 40
37 40
14 42
23 42
29 42
36 42
8 44
15 45
23 45
31 45
5 47
11 48
4 49
33 52
11 54
29 54
48 54
2 55
29 55
36 55
0 56
9 57
26 57
5 58
13 58
13 59
16 59
40 59
43 59
8 60
30 60
26 61
38 61
45 61
11 62
39 63
48 63
49 63
50 63
24 64
25 64
43 64
22 65
41 65
1 66
25 66
28 66
40 66
57 67
5 68
8 68
35 68
56 68
59 68
6 70
13 70
53 70
46 71
59 71
1 72
13 73
56 73
66 73
70 73
17 74
30 74
45 74
14 75
22 75
72 75
11 76
11 77
55 77
4 78
24 78
35 78
36 78
42 78
47 78
51 78
68 78
46 79
55 79
7 80
52 81
57 81
64 81
72 82
5 83
38 83
39 84
28 85
31 85
49 85
4 86
41 86
64 86
36 87
18 88
50 88
51 88
1 89
84 89
10 90
19 90
21 90
87 90
44 91
69 91
41 92
46 92
58 92
23 93
29 93
31 93
35 93
39 93
48 93
58 93
61 93
39 94
54 94
84 94
4 95
19 95
22 95
69 95
86 95
37 96
54 96
60 96
10 98
32 98
43 98
78 98
10 99
27 99
42 99
43 99
48 99
50 99
62 99
64 99
68 100
77 101
1 102
15 102
59 102
80 102
8 103
30 103
56 103
65 103
32 104
82 105
90 105
95 105
97 105
3 106
17 106
82 106
69 107
80 107
81 107
2 109
24 109
45 109
55 109
60 109
70 109
86 109
14 110
65 110
75 110
18 111
40 111
64 111
0 112
2 112
20 112
35 112
37 112
97 112
102 112
11 113
14 113
90 113
39 114
69 114
3 115
19 115
25 115
31 115
48 115
8 116
20 116
32 116
43 116
45 116
93 116
95 116
19 117
21 117
33 117
39 117
59 117
69 117
99 117
115 117
1 119
4 119
5 119
26 119
68 119
75 119
87 119
112 119
15 120
49 120
64 120
84 120
89 120
104 120
39 121
56 121
61 121
69 121
77 121
99 122
8 123
36 123
48 123
71 123
33 124
100 124
110 124
114 124
41 125
95 125
100 125
102 125
21 126
29 126
41 126
58 126
85 126
104 126
18 127
42 127
43 127
67 127
85 127
90 127
100 127
7 128
20 128
66 128
109 128
15 129
20 129
44 130
48 130
53 130
92 130
97 130
121 130
7 131
57 131
67 131
70 131
79 131
0 132
16 132
33 132
49 132
56 132
2 133
19 133
71 133
109 133
9 134
22 134
38 134
84 134
114 134
25 135
58 135
59 135
90 136
95 136
114 136
124 136
12 137
19 137
22 137
35 137
83 137
9 138
14 138
33 138
37 138
70 138
80 138
99 138
27 139
58 139
112 139
127 139
20 140
33 140
49 140
78 140
100 140
127 140
32 141
38 141
75 141
120 141
3 142
34 142
46 142
50 142
2 143
5 143
24 143
29 143
52 143
97 143
105 143
130 143
1 144
32 144
61 144
64 144
39 145
90 145
103 145
111 145
131 145
11 146
56 146
19 147
54 147
73 147
92 147
100 147
120 147
127 147
33 148
52 148
55 148
57 148
80 148
96 148
98 148
136 148
138 148
146 148
28 149
50 149
69 149
73 149
92 149
94 149
127 149
128 149
131 149
2 150
38 150
45 150
69 150
119 150
134 150
4 151
5 151
21 151
46 151
82 151
87 151
90 151
129 151
6 152
13 152
145 152
37 153
82 153
95 153
65 154
85 154
96 154
113 154
114 154
7 155
8 155
57 155
62 155
81 155
98 155
124 155
140 155
15 156
48 156
63 156
91 156
127 156
139 156
143 156
21 157
40 157
67 157
86 157
90 157
101 157
136 157
138 157
12 158
15 158
34 158
61 158
76 158
112 158
136 158
1 159
11 159
15 159
119 159
140 159
3 160
5 160
12 160
19 160
25 160
49 160
142 160
153 160
154 160
8 161
55 161
95 161
118 161
6 162
11 162
57 162
96 162
121 162
125 162
133 162
150 162
45 163
56 163
78 163
117 163
141 163
53 164
80 164
131 164
135 164
149 164
34 165
67 165
76 165
127 165
135 165
144 165
8 166
80 166
116 166
154 166
9 167
29 167
42 167
52 167
69 167
72 167
97 167
112 167
23 168
26 168
29 168
70 168
14 169
23 169
37 169
99 169
132 169
160 169
11 170
53 170
87 170
93 170
98 170
131 170
153 170
27 171
45 171
141 171
23 172
32 172
153 172
154 172
6 173
53 173
74 173
54 174
77 174
84 174
130 174
140 174
155 174
18 175
22 175
23 175
37 175
49 175
74 175
124 175
125 175
151 175
169 175
3 176
114 176
148 176
2 177
13 177
32 177
37 177
51 177
65 177
70 177
93 177
104 177
158 177
77 178
89 178
109 178
120 178
121 178
127 178
130 178
145 178
160 178
33 179
26 180
33 180
55 180
139 180
145 180
18 181
38 181
50 181
58 181
62 181
83 181
131 181
154 181
11 182
72 182
108 182
120 182
124 182
135 182
154 182
175 182
24 183
42 183
47 183
54 183
100 183
101 183
112 183
120 183
154 183
175 183
11 184
33 184
87 184
177 184
9 185
75 185
78 185
83 185
104 185
172 185
4 186
20 186
41 186
89 186
100 186
146 187
173 187
3 188
8 188
34 188
93 188
167 188
45 189
46 189
60 189
65 189
177 189
45 190
51 190
65 190
66 190
136 190
142 190
149 190
167 190
174 190
31 191
43 191
55 191
82 191
71 192
99 192
140 192
155 192
6 193
49 193
58 193
102 193
119 193
160 193
162 193
16 194
75 194
115 194
126 194
146 194
148 194
164 194
170 194
181 194
20 195
23 195
43 195
50 195
53 195
76 195
82 195
98 195
110 195
116 195
127 195
134 195
167 195
0 196
11 196
35 196
81 196
103 196
153 196
189 196
33 197
70 197
99 197
108 197
134 197
138 197
145 197
151 197
171 197
175 197
176 197
23 198
29 198
43 198
63 198
92 198
131 198
187 198
44 199
45 199
50 199
82 199
101 199
108 199
118 199
123 199
28 200
32 200
65 200
74 200
94 200
147 200
157 200
182 200
183 200
14 201
54 201
76 201
122 201
132 201
174 201
18 202
77 202
79 202
86 202
90 202
122 202
147 202
149 202
154 202
183 202
192 202
53 203
67 203
3 204
156 204
158 204
164 204
15 205
23 205
29 205
51 205
84 205
98 205
116 205
121 205
152 205
171 205
7 206
8 206
38 206
54 206
67 206
82 206
86 206
105 206
124 206
195 206
10 207
39 207
84 207
87 207
93 207
95 207
156 207
168 207
169 207
181 207
200 207
25 208
86 208
90 208
105 208
112 208
114 208
157 208
195 208
27 209
28 209
63 209
65 209
141 209
169 209
185 209
203 209
29 210
53 210
62 210
64 210
73 210
81 210
104 210
123 210
177 210
183 210
31 211
50 211
77 211
113 211
130 211
133 211
20 212
28 212
65 212
110 212
129 212
174 212
3 213
4 213
19 213
56 213
71 213
78 213
81 213
131 213
170 213
195 213
3 214
29 214
43 214
49 214
51 214
58 214
59 214
75 214
91 214
122 214
135 214
138 214
156 214
164 214
173 214
202 214
71 215
99 215
168 215
178 215
183 215
0 216
59 216
60 216
68 216
97 216
112 216
125 216
213 216
39 217
109 217
138 217
194 217
27 218
74 218
99 218
107 218
111 218
127 218
130 218
152 218
173 218
180 218
192 218
23 219
89 219
177 219
178 219
180 219
189 219
197 219
209 219
63 220
87 220
94 220
104 220
109 220
127 220
212 220
11 221
84 221
143 221
156 221
167 221
186 221
196 221
5 222
21 222
63 222
103 222
114 222
0 223
55 223
76 223
79 223
88 223
116 223
142 223
177 223
192 223
208 223
44 224
198 224
11 225
133 225
15 226
16 226
68 226
70 226
78 226
79 226
99 226
2 227
4 227
11 227
153 227
180 227
11 228
48 228
98 228
146 228
179 228
212 228
59 229
68 229
74 229
76 229
188 229
49 230
125 230
130 230
171 230
193 230
205 230
209 230
216 230
220 230
227 230
33 231
74 231
92 231
116 231
136 231
149 231
171 231
208 231
39 232
40 232
46 232
71 232
133 232
155 232
163 232
168 232
185 232
225 232
18 233
41 233
73 233
108 233
151 233
198 233
33 234
108 234
146 234
164 234
196 234
211 234
213 234
220 234
15 235
26 235
105 235
109 235
123 235
136 235
163 235
177 235
5 236
30 236
59 236
66 236
133 236
217 236
9 237
22 237
57 237
87 237
91 237
140 237
151 237
153 237
178 237
188 237
14 238
76 238
83 238
142 238
144 238
212 238
33 239
156 239
1 240
9 240
41 240
50 240
55 240
66 240
77 240
174 240
181 240
8 241
19 241
31 241
35 241
60 241
62 241
78 241
108 241
123 241
164 241
177 241
233 241
12 242
17 242
33 242
73 242
78 242
90 242
105 242
180 242
188 242
232 242
12 243
17 243
20 243
28 243
42 243
89 243
98 243
101 243
180 243
202 243
223 243
30 244
58 244
107 244
126 244
150 244
160 244
223 244
14 245
17 245
31 245
71 245
109 245
138 245
144 245
147 245
150 245
162 245
27 246
85 246
108 246
111 246
149 246
163 246
203 246
224 246
227 246
152 247
166 247
190 247
212 247
220 247
225 247
33 248
43 248
125 248
132 248
191 248
192 248
197 248
208 248
10 249
58 249
135 249
138 249
165 249
202 249
226 249
26 250
64 250
79 250
86 250
155 250
161 250
188 250
205 250
145 251
151 251
174 251
177 251
191 251
239 251
58 252
92 252
97 252
101 252
119 252
146 252
152 252
201 252
96 253
145 253
146 253
226 253
232 253
28 254
34 254
106 254
152 254
191 254
220 254
236 254
13 255
26 255
48 255
87 255
98 255
125 255
232 255
5 256
34 256
76 256
81 256
198 256
225 256
1 257
8 257
10 257
108 257
115 257
123 257
133 257
146 257
165 257
173 257
61 258
80 258
129 258
133 258
187 258
216 258
0 259
14 259
105 259
125 259
149 259
190 259
252 259
12 260
17 260
40 260
44 260
95 260
130 260
187 260
243 260
7 261
18 261
21 261
61 261
106 261
108 261
120 261
121 261
130 261
138 261
155 261
170 261
180 261
228 261
256 261
10 262
90 262
98 262
105 262
121 262
163 262
180 262
191 262
197 262
200 262
22 263
60 263
132 263
137 263
173 263
10 264
23 264
37 264
105 264
121 264
143 264
181 264
190 264
230 264
232 264
22 265
114 265
124 265
134 265
138 265
145 265
176 265
206 265
207 265
221 265
228 265
35 266
58 266
119 266
182 266
197 266
204 266
206 266
241 266
248 266
251 266
253 266
256 266
7 267
41 267
60 267
68 267
88 267
105 267
106 267
128 267
210 267
221 267
58 268
78 268
91 268
95 268
131 268
189 268
207 268
4 269
37 269
67 269
76 269
78 269
84 269
98 269
142 269
181 269
248 269
1 270
2 270
10 270
52 270
95 270
109 270
148 270
169 270
175 270
177 270
213 270
255 270
9 271
23 271
49 271
85 271
115 271
129 271
231 271
236 271
8 272
12 272
53 272
107 272
122 272
130 272
135 272
182 272
252 272
270 272
8 273
15 273
20 273
27 273
46 273
68 273
110 273
116 273
118 273
130 273
92 274
191 274
263 274
267 274
18 275
24 275
56 275
57 275
83 275
99 275
114 275
154 275
176 275
203 275
209 275
248 275
3 276
40 276
153 276
159 276
187 276
194 276
195 276
225 276
67 277
87 277
198 277
232 277
256 277
257 277
259 277
14 278
56 278
61 278
131 278
132 278
160 278
166 278
202 278
210 278
229 278
261 278
263 278
6 279
19 279
33 279
121 279
157 279
181 279
187 279
195 279
68 280
89 280
112 280
200 280
204 280
233 280
11 281
80 281
117 281
121 281
200 281
228 281
244 281
256 281
259 281
1 282
3 282
27 282
40 282
63 282
154 282
170 282
179 282
181 282
217 282
250 282
251 282
269 282
273 282
281 282
0 283
33 283
46 283
47 283
54 283
56 283
73 283
100 283
112 283
204 283
222 283
241 283
262 283
4 284
65 284
81 284
111 284
158 284
201 284
222 284
10 285
28 285
86 285
120 285
126 285
156 285
173 285
179 285
281 285
68 286
95 286
109 286
126 286
251 286
252 286
19 287
22 287
99 287
112 287
147 287
149 287
161 287
165 287
218 287
244 287
261 287
37 288
41 288
42 288
46 288
62 288
103 288
111 288
222 288
248 288
264 288
274 288
14 289
91 289
105 289
169 289
172 289
185 289
217 289
225 289
231 289
28 290
41 290
163 290
221 290
222 290
243 290
47 291
71 291
148 291
168 291
177 291
189 291
207 291
4 292
41 292
49 292
94 292
115 292
117 292
185 292
226 292
228 292
286 292
289 292
4 293
10 293
11 293
95 293
104 293
169 293
177 293
184 293
216 293
223 293
14 294
22 294
26 294
39 294
85 294
112 294
135 294
278 294
20 295
31 295
52 295
53 295
77 295
78 295
81 295
92 295
138 295
167 295
180 295
184 295
215 295
248 295
288 295
58 296
67 296
136 296
159 296
187 296
220 296
250 296
263 296
16 297
85 297
186 297
199 297
219 297
250 297
284 297
34 298
50 298
125 298
236 298
238 298
268 298
15 299
31 299
149 299
152 299
162 299
274 299
277 299
287 299
