300 3293 5
2 1 7 10 19 31 9 6 9 7 2 10 1 4 2 7 9 7 2 7 18 1 2 1 3 1 2 5 13 9 1 2 1 12 9 3 9 2 24 7 17 8 1 6 11 2 1 14 2 12 5 5 1 1 9 2 4 9 6 7 4 1 11 2 2 8 3 4 7 2 2 8 26 6 19 1 2 1 3 10 4 3 3 25 3 3 6 2 3 10 3 3 6 3 1 13 1 1 10 2 4 15 3 7 1 5 1 7 5 12 8 7 5 3 6 4 10 7 7 11 12 1 9 2 10 1 2 4 5 7 5 3 5 8 4 7 1 3 4 4 2 4 12 11 8 1 1 7 7 12 7 13 11 1 4 1 3 4 2 3 2 5 14 1 19 6 5 3 7 2 4 3 2 4 1 2 5 3 14 1 13 1 1 7 7 2 5 24 3 3 6 4 5 1 4 9 2 1 1 9 1 10 2 4 24 5 1 1 1 4 4 2 3 3 1 3 3 30 1 1 4 2 3 17 4 3 3 1 6 1 6 2 3 2 2 6 7 10 4 6 16 1 1 2 3 2 17 2 2 3 6 2 1 22 1 1 5 2 2 6 1 1 4 14 2 4 7 1 12 1 1 1 1 3 3 8 3 2 27 1 1 5 4 6 5 13 1 15 2 2 10 1 12 4 1 6 2 3 2 2
1 10
8 10
5 12
0 14
0 18
18 21
6 23
5 24
8 24
19 24
14 25
17 25
12 26
13 26
0 27
3 27
7 27
3 28
18 28
20 29
5 31
8 31
7 32
12 32
7 33
4 34
18 34
20 34
19 35
9 36
20 36
4 37
8 37
2 38
3 38
9 38
10 38
32 38
8 39
23 39
10 40
24 40
31 40
32 40
1 41
14 41
37 41
1 42
8 42
23 42
28 42
6 43
24 43
30 43
36 44
39 44
14 45
27 45
39 46
40 46
12 47
21 47
41 47
1 48
10 48
13 48
21 48
22 48
31 48
42 48
24 49
36 49
5 50
13 50
26 50
28 50
28 51
29 51
4 52
7 52
16 52
24 52
30 52
33 52
11 53
26 53
28 53
32 53
44 53
47 54
13 55
16 55
1 56
24 56
29 56
32 56
13 57
41 57
42 57
46 57
1 58
22 58
11 59
17 59
2 60
10 60
43 60
52 60
1 61
9 61
19 61
21 61
46 61
7 62
9 62
17 62
25 62
44 62
51 62
52 62
58 62
10 63
18 63
31 63
41 63
9 64
22 64
31 64
35 64
44 64
2 65
29 65
48 65
0 66
8 66
14 66
30 66
37 66
40 66
21 67
25 67
37 67
8 68
16 68
24 68
27 68
39 68
43 68
28 69
32 69
39 69
51 69
58 69
67 69
4 70
7 70
22 70
26 70
63 70
65 70
2 71
23 71
54 71
10 72
24 72
39 72
49 72
52 72
57 72
65 72
27 73
34 73
35 73
44 73
0 74
11 74
21 74
41 74
42 74
47 74
52 74
68 74
25 75
26 75
59 76
64 76
2 77
12 77
17 77
32 77
45 77
52 77
68 77
28 78
37 78
44 78
46 78
52 78
0 79
4 79
12 79
15 79
19 79
24 79
38 79
46 79
68 79
69 79
72 79
78 79
5 80
6 80
9 80
43 80
54 80
60 80
75 80
53 81
59 81
1 82
30 82
31 82
43 82
50 82
51 82
59 82
68 82
73 82
10 83
21 83
34 83
52 83
58 83
76 83
20 84
27 84
37 84
69 84
1 85
3 85
4 85
9 85
14 85
27 85
39 85
42 85
53 85
54 85
59 85
21 86
37 86
57 86
61 86
64 86
71 86
77 86
29 87
31 87
33 87
41 87
42 87
53 87
57 87
60 87
68 87
7 88
13 88
27 88
50 88
69 88
5 89
52 89
57 89
66 89
31 90
42 90
49 90
53 90
66 90
0 91
45 91
47 91
67 91
3 92
10 92
13 92
31 92
88 92
23 93
27 93
28 93
29 93
67 93
1 94
6 94
23 94
40 94
65 94
66 94
71 94
76 94
19 95
30 95
31 95
33 95
37 95
41 95
45 95
46 95
47 95
52 95
53 95
18 96
71 96
77 96
87 96
21 97
36 97
63 97
69 97
82 97
91 97
26 98
52 98
61 98
63 98
64 98
66 98
70 98
72 98
75 98
15 99
34 99
7 100
23 100
38 100
44 100
52 100
65 100
69 100
73 100
82 100
29 101
48 101
68 101
79 101
88 101
12 102
18 102
37 102
53 102
54 102
57 102
78 102
90 102
5 103
7 103
11 103
14 103
15 103
27 103
42 103
53 103
71 103
86 103
26 104
31 104
33 104
47 104
52 104
86 104
91 104
96 104
2 105
32 105
37 105
46 105
55 105
62 105
70 105
71 105
89 105
94 105
100 105
11 106
43 106
53 106
60 106
73 106
90 106
102 106
5 107
15 107
23 107
37 107
46 107
49 107
50 107
53 107
63 107
86 107
99 107
0 108
2 108
3 108
21 108
48 108
59 108
65 108
85 108
15 109
19 109
20 109
79 109
86 109
98 109
20 110
29 110
41 110
46 110
56 110
59 110
82 110
84 110
86 110
88 110
93 110
99 110
1 111
7 111
17 111
20 111
28 111
77 111
80 111
4 112
6 112
28 112
46 112
53 112
4 113
25 113
29 113
52 113
56 113
66 113
67 113
81 113
94 113
96 113
108 113
109 113
17 114
30 114
80 114
83 114
88 114
93 114
2 115
16 115
38 115
40 115
62 115
92 115
102 115
38 116
40 116
46 116
48 116
59 116
62 116
79 116
110 116
0 117
20 117
37 117
46 117
54 117
68 117
75 117
103 117
116 117
10 118
21 118
38 118
48 118
77 118
87 118
100 118
104 118
106 118
4 119
6 119
8 119
16 119
24 119
30 119
34 119
72 119
90 119
100 119
103 119
111 119
116 119
2 120
38 120
47 120
56 120
65 120
69 120
71 120
85 120
86 120
91 120
95 120
2 121
15 121
29 121
53 121
56 121
64 121
75 121
82 121
98 121
105 121
5 122
29 122
45 122
49 122
51 122
59 122
64 122
84 122
100 122
12 123
19 123
21 123
23 123
25 123
34 123
45 123
51 123
65 123
68 123
103 123
106 123
7 124
14 124
23 124
29 124
40 124
43 124
57 124
79 124
105 124
13 125
19 125
20 125
29 125
31 125
40 125
42 125
52 125
56 125
89 125
101 125
16 126
18 126
38 126
57 126
62 126
68 126
91 126
98 126
101 126
28 127
48 127
69 127
82 127
97 127
9 128
71 128
76 128
83 128
93 128
105 128
9 129
10 129
11 129
22 129
23 129
44 129
50 129
111 129
113 129
120 129
15 130
24 130
36 130
49 130
69 130
83 130
85 130
115 130
119 130
2 131
7 131
24 131
59 131
94 131
118 131
13 132
16 132
18 132
19 132
21 132
24 132
34 132
62 132
80 132
106 132
113 132
121 132
124 132
12 133
40 133
62 133
68 133
117 133
123 133
8 134
11 134
13 134
25 134
64 134
92 134
106 134
119 134
128 134
4 135
14 135
24 135
32 135
37 135
41 135
46 135
49 135
62 135
80 135
86 135
104 135
106 135
129 135
1 136
28 136
37 136
39 136
46 136
69 136
93 136
94 136
16 137
31 137
40 137
41 137
48 137
80 137
94 137
100 137
103 137
109 137
112 137
130 137
11 138
42 138
45 138
49 138
61 138
63 138
80 138
81 138
97 138
98 138
116 138
124 138
4 139
8 139
13 139
25 139
47 139
50 139
64 139
74 139
97 139
100 139
102 139
106 139
108 139
112 139
114 139
1 140
16 140
26 140
46 140
59 140
61 140
74 140
75 140
87 140
99 140
112 140
116 140
13 141
33 141
36 141
50 141
92 141
103 141
105 141
128 141
9 142
12 142
18 142
38 142
42 142
44 142
61 142
73 142
75 142
91 142
102 142
113 142
119 142
120 142
122 142
128 142
16 143
21 143
22 143
29 143
35 143
42 143
61 143
74 143
76 143
89 143
93 143
104 143
125 143
126 143
129 143
7 144
37 144
42 144
51 144
53 144
63 144
73 144
87 144
88 144
95 144
101 144
106 144
109 144
121 144
131 144
6 145
38 145
39 145
63 145
74 145
97 145
104 145
3 146
26 146
32 146
38 146
41 146
55 146
65 146
70 146
78 146
82 146
102 146
103 146
4 147
12 147
15 147
44 147
54 147
88 147
95 147
106 147
119 147
135 147
38 148
72 148
74 148
80 148
85 148
113 148
121 148
122 148
140 148
6 149
55 149
66 149
79 149
98 149
103 149
118 149
125 149
5 150
27 150
40 150
49 150
87 150
91 150
92 150
106 150
108 150
120 150
138 150
10 151
14 151
46 151
49 151
86 151
90 151
95 151
96 151
101 151
103 151
111 151
7 152
22 152
90 152
105 152
106 152
110 152
128 152
134 152
135 152
142 152
1 153
10 153
40 153
67 153
74 153
79 153
80 153
97 153
100 153
101 153
102 153
118 153
4 154
12 154
22 154
32 154
54 154
57 154
65 154
68 154
69 154
80 154
90 154
97 154
106 154
138 154
141 154
8 155
12 155
25 155
39 155
51 155
52 155
54 155
58 155
79 155
80 155
85 155
92 155
105 155
119 155
121 155
149 155
43 156
54 156
67 156
68 156
91 156
100 156
112 156
121 156
122 156
3 157
8 157
22 157
36 157
66 157
73 157
77 157
3 158
19 158
57 158
82 158
147 158
149 158
9 159
12 159
16 159
28 159
60 159
63 159
85 159
88 159
109 159
131 159
143 159
5 160
16 160
50 160
68 160
77 160
92 160
108 160
109 160
114 160
124 160
137 160
150 160
10 161
16 161
18 161
19 161
30 161
33 161
39 161
79 161
101 161
141 161
20 162
27 162
36 162
41 162
63 162
70 162
78 162
102 162
143 162
14 163
16 163
48 163
98 163
112 163
138 163
144 163
29 164
45 164
85 164
88 164
93 164
95 164
118 164
122 164
128 164
147 164
161 164
8 165
42 165
46 165
90 165
93 165
107 165
115 165
116 165
18 166
20 166
22 166
34 166
35 166
59 166
65 166
77 166
93 166
0 167
7 167
65 167
66 167
92 167
109 167
133 167
138 167
144 167
151 167
5 168
40 168
63 168
100 168
107 168
116 168
119 168
120 168
128 168
133 168
159 168
161 168
4 169
7 169
12 169
14 169
20 169
22 169
39 169
60 169
64 169
67 169
90 169
101 169
114 169
129 169
149 169
152 169
163 169
4 170
37 170
42 170
58 170
61 170
70 170
81 170
96 170
108 170
147 170
4 171
7 171
21 171
29 171
48 171
68 171
113 171
114 171
130 171
158 171
159 171
8 172
23 172
55 172
69 172
103 172
128 172
134 172
138 172
140 172
148 172
17 173
19 173
20 173
57 173
77 173
91 173
123 173
140 173
153 173
4 174
40 174
73 174
75 174
81 174
88 174
111 174
131 174
136 174
144 174
16 175
46 175
61 175
64 175
74 175
85 175
97 175
100 175
102 175
107 175
109 175
116 175
149 175
158 175
162 175
163 175
166 175
1 176
11 176
29 176
41 176
52 176
56 176
59 176
60 176
65 176
77 176
84 176
90 176
144 176
153 176
155 176
2 177
22 177
28 177
30 177
43 177
50 177
113 177
125 177
131 177
144 177
155 177
158 177
1 178
10 178
17 178
19 178
42 178
93 178
109 178
112 178
131 178
133 178
135 178
137 178
20 179
24 179
47 179
55 179
58 179
62 179
70 179
80 179
89 179
98 179
102 179
134 179
147 179
149 179
34 180
37 180
39 180
41 180
44 180
55 180
56 180
77 180
78 180
79 180
85 180
89 180
129 180
144 180
149 180
150 180
8 181
57 181
77 181
85 181
120 181
149 181
166 181
7 182
12 182
13 182
14 182
35 182
39 182
47 182
65 182
72 182
80 182
122 182
135 182
159 182
2 183
16 183
18 183
23 183
101 183
108 183
119 183
139 183
154 183
160 183
162 183
163 183
1 184
4 184
22 184
25 184
28 184
37 184
38 184
42 184
50 184
69 184
70 184
71 184
95 184
96 184
104 184
122 184
144 184
150 184
157 184
160 184
163 184
173 184
8 185
17 185
36 185
42 185
51 185
53 185
59 185
71 185
73 185
74 185
121 185
149 185
163 185
170 185
177 185
1 186
2 186
21 186
41 186
43 186
44 186
53 186
83 186
99 186
103 186
104 186
134 186
166 186
169 186
171 186
7 187
10 187
47 187
52 187
62 187
65 187
68 187
113 187
120 187
127 187
137 187
161 187
169 187
17 188
19 188
37 188
72 188
79 188
81 188
86 188
91 188
110 188
116 188
137 188
170 188
14 189
36 189
38 189
50 189
73 189
76 189
86 189
106 189
118 189
129 189
1 190
8 190
13 190
20 190
22 190
36 190
48 190
67 190
71 190
73 190
81 190
84 190
104 190
140 190
142 190
154 190
175 190
176 190
6 191
8 191
31 191
54 191
69 191
70 191
102 191
161 191
165 191
13 192
30 192
32 192
40 192
44 192
52 192
55 192
60 192
63 192
64 192
94 192
149 192
151 192
169 192
190 192
13 193
41 193
95 193
96 193
125 193
144 193
161 193
164 193
166 193
168 193
182 193
187 193
188 193
6 194
9 194
13 194
20 194
21 194
23 194
40 194
48 194
51 194
53 194
62 194
68 194
78 194
84 194
87 194
89 194
122 194
124 194
138 194
139 194
164 194
9 195
30 195
58 195
59 195
64 195
74 195
80 195
92 195
93 195
101 195
114 195
133 195
135 195
161 195
19 196
25 196
32 196
35 196
37 196
49 196
60 196
75 196
76 196
108 196
121 196
130 196
132 196
161 196
171 196
183 196
184 196
189 196
190 196
19 197
21 197
30 197
38 197
44 197
55 197
68 197
75 197
82 197
92 197
107 197
133 197
151 197
154 197
158 197
164 197
182 197
183 197
184 197
186 197
188 197
14 198
21 198
42 198
56 198
98 198
100 198
105 198
106 198
109 198
113 198
115 198
120 198
134 198
135 198
148 198
177 198
1 199
37 199
50 199
60 199
83 199
96 199
107 199
116 199
123 199
131 199
137 199
149 199
9 200
22 200
30 200
61 200
62 200
69 200
94 200
118 200
120 200
140 200
14 201
21 201
51 201
62 201
71 201
91 201
93 201
121 201
122 201
134 201
144 201
145 201
146 201
157 201
166 201
186 201
2 202
15 202
31 202
39 202
51 202
62 202
76 202
78 202
145 202
149 202
170 202
189 202
192 202
199 202
201 202
6 203
15 203
17 203
35 203
58 203
72 203
74 203
99 203
116 203
125 203
148 203
177 203
6 204
25 204
34 204
50 204
57 204
58 204
60 204
69 204
72 204
101 204
109 204
149 204
159 204
170 204
185 204
17 205
22 205
23 205
27 205
35 205
44 205
45 205
55 205
66 205
67 205
76 205
79 205
81 205
145 205
149 205
150 205
178 205
189 205
198 205
19 206
26 206
49 206
62 206
64 206
66 206
72 206
112 206
149 206
152 206
153 206
194 206
197 206
201 206
21 207
31 207
35 207
52 207
113 207
118 207
137 207
186 207
200 207
18 208
23 208
35 208
41 208
55 208
66 208
76 208
80 208
88 208
99 208
112 208
123 208
126 208
131 208
142 208
148 208
161 208
164 208
171 208
182 208
201 208
1 209
8 209
16 209
32 209
37 209
41 209
64 209
80 209
90 209
103 209
104 209
124 209
127 209
136 209
148 209
163 209
166 209
171 209
176 209
178 209
191 209
2 210
9 210
10 210
14 210
28 210
32 210
40 210
41 210
42 210
45 210
61 210
63 210
80 210
84 210
105 210
158 210
165 210
181 210
182 210
194 210
195 210
208 210
7 211
12 211
21 211
58 211
64 211
65 211
73 211
85 211
92 211
96 211
99 211
108 211
118 211
119 211
143 211
145 211
163 211
168 211
172 211
193 211
195 211
197 211
44 212
74 212
76 212
95 212
101 212
111 212
124 212
127 212
131 212
154 212
171 212
172 212
181 212
184 212
189 212
196 212
203 212
208 212
13 213
21 213
27 213
29 213
48 213
68 213
80 213
151 213
173 213
178 213
185 213
201 213
1 214
24 214
31 214
32 214
46 214
54 214
65 214
83 214
96 214
98 214
112 214
118 214
120 214
164 214
169 214
199 214
203 214
0 215
37 215
76 215
81 215
85 215
90 215
104 215
107 215
114 215
121 215
144 215
156 215
157 215
163 215
165 215
168 215
177 215
190 215
15 216
20 216
28 216
76 216
82 216
84 216
93 216
95 216
115 216
120 216
121 216
130 216
134 216
152 216
166 216
173 216
174 216
192 216
9 217
16 217
37 217
38 217
65 217
90 217
123 217
140 217
142 217
156 217
174 217
1 218
26 218
32 218
36 218
38 218
40 218
49 218
58 218
107 218
121 218
134 218
137 218
152 218
158 218
162 218
174 218
194 218
200 218
204 218
216 218
4 219
15 219
28 219
36 219
45 219
51 219
53 219
55 219
70 219
85 219
93 219
99 219
104 219
120 219
147 219
149 219
157 219
158 219
177 219
180 219
193 219
202 219
206 219
212 219
3 220
14 220
18 220
29 220
39 220
50 220
51 220
59 220
88 220
98 220
100 220
112 220
115 220
121 220
132 220
150 220
154 220
155 220
159 220
164 220
166 220
169 220
174 220
185 220
188 220
197 220
0 221
4 221
15 221
19 221
22 221
38 221
49 221
58 221
60 221
61 221
66 221
105 221
118 221
136 221
137 221
151 221
175 221
180 221
190 221
200 221
213 221
214 221
17 222
21 222
24 222
42 222
64 222
92 222
129 222
133 222
146 222
152 222
161 222
173 222
180 222
185 222
211 222
212 222
0 223
18 223
41 223
59 223
64 223
109 223
124 223
143 223
152 223
173 223
1 224
3 224
8 224
11 224
27 224
65 224
84 224
85 224
98 224
118 224
125 224
128 224
175 224
191 224
211 224
9 225
32 225
50 225
68 225
78 225
79 225
82 225
95 225
99 225
125 225
127 225
132 225
138 225
148 225
156 225
159 225
183 225
197 225
201 225
213 225
2 226
11 226
14 226
18 226
21 226
23 226
32 226
46 226
78 226
82 226
85 226
90 226
94 226
101 226
123 226
132 226
153 226
155 226
156 226
157 226
161 226
190 226
36 227
38 227
41 227
53 227
55 227
56 227
71 227
84 227
105 227
138 227
140 227
142 227
164 227
180 227
187 227
196 227
198 227
207 227
211 227
1 228
4 228
19 228
22 228
53 228
56 228
67 228
71 228
86 228
132 228
161 228
171 228
180 228
189 228
208 228
210 228
5 229
11 229
14 229
21 229
58 229
89 229
118 229
127 229
149 229
151 229
160 229
169 229
180 229
209 229
4 230
54 230
56 230
64 230
124 230
134 230
142 230
153 230
9 231
13 231
30 231
35 231
42 231
45 231
81 231
88 231
90 231
93 231
101 231
104 231
108 231
126 231
145 231
154 231
4 232
15 232
18 232
26 232
35 232
41 232
44 232
46 232
89 232
91 232
124 232
137 232
158 232
162 232
172 232
185 232
189 232
191 232
195 232
198 232
24 233
36 233
53 233
59 233
62 233
82 233
92 233
94 233
103 233
129 233
130 233
138 233
168 233
169 233
202 233
206 233
10 234
13 234
23 234
27 234
60 234
73 234
78 234
79 234
98 234
126 234
148 234
149 234
169 234
188 234
16 235
46 235
48 235
49 235
63 235
66 235
78 235
104 235
131 235
157 235
164 235
167 235
208 235
213 235
0 236
18 236
22 236
25 236
27 236
28 236
41 236
45 236
47 236
57 236
64 236
80 236
95 236
112 236
131 236
134 236
135 236
162 236
189 236
201 236
3 237
5 237
18 237
38 237
46 237
52 237
53 237
76 237
88 237
102 237
104 237
110 237
165 237
193 237
201 237
227 237
232 237
22 238
25 238
32 238
35 238
43 238
58 238
113 238
120 238
135 238
139 238
177 238
200 238
217 238
219 238
227 238
29 239
32 239
52 239
57 239
88 239
115 239
142 239
147 239
172 239
177 239
193 239
199 239
206 239
211 239
10 240
15 240
23 240
45 240
49 240
55 240
56 240
72 240
75 240
86 240
93 240
100 240
111 240
125 240
140 240
183 240
204 240
216 240
217 240
2 241
6 241
27 241
29 241
35 241
39 241
65 241
82 241
109 241
168 241
184 241
186 241
205 241
221 241
226 241
227 241
5 242
15 242
18 242
19 242
97 242
111 242
118 242
139 242
144 242
150 242
154 242
157 242
159 242
161 242
171 242
184 242
197 242
213 242
214 242
218 242
7 243
9 243
13 243
44 243
48 243
68 243
72 243
77 243
80 243
81 243
83 243
107 243
125 243
131 243
139 243
215 243
223 243
4 244
11 244
19 244
25 244
29 244
38 244
54 244
61 244
70 244
94 244
108 244
116 244
133 244
137 244
146 244
177 244
192 244
196 244
203 244
216 244
218 244
219 244
223 244
3 245
16 245
28 245
40 245
41 245
57 245
59 245
65 245
99 245
106 245
110 245
157 245
194 245
196 245
198 245
201 245
209 245
8 246
14 246
22 246
33 246
43 246
47 246
66 246
67 246
68 246
73 246
74 246
88 246
97 246
107 246
122 246
124 246
134 246
153 246
156 246
157 246
180 246
195 246
211 246
212 246
219 246
220 246
2 247
9 247
12 247
14 247
26 247
27 247
29 247
54 247
80 247
97 247
98 247
100 247
109 247
135 247
136 247
154 247
155 247
206 247
208 247
214 247
228 247
5 248
54 248
59 248
61 248
105 248
124 248
129 248
143 248
146 248
160 248
184 248
189 248
204 248
231 248
10 249
28 249
57 249
60 249
68 249
70 249
80 249
121 249
126 249
136 249
148 249
154 249
178 249
224 249
2 250
4 250
12 250
16 250
23 250
108 250
112 250
119 250
128 250
131 250
204 250
206 250
15 251
36 251
46 251
48 251
57 251
75 251
110 251
113 251
117 251
120 251
124 251
131 251
133 251
134 251
144 251
153 251
167 251
194 251
198 251
223 251
224 251
240 251
8 252
24 252
40 252
44 252
49 252
53 252
55 252
57 252
62 252
74 252
83 252
84 252
109 252
110 252
131 252
148 252
154 252
192 252
211 252
230 252
232 252
26 253
34 253
44 253
46 253
65 253
73 253
77 253
78 253
82 253
116 253
117 253
128 253
129 253
133 253
136 253
137 253
161 253
162 253
169 253
173 253
191 253
192 253
197 253
223 253
240 253
245 253
14 254
42 254
70 254
114 254
146 254
190 254
214 254
247 254
13 255
16 255
26 255
39 255
60 255
71 255
80 255
90 255
101 255
102 255
106 255
136 255
139 255
141 255
145 255
149 255
164 255
174 255
201 255
209 255
213 255
231 255
236 255
11 256
44 256
45 256
99 256
111 256
112 256
124 256
132 256
142 256
148 256
159 256
197 256
206 256
211 256
222 256
226 256
247 256
0 257
20 257
50 257
55 257
60 257
89 257
94 257
96 257
120 257
122 257
125 257
137 257
148 257
149 257
163 257
201 257
218 257
248 257
3 258
25 258
35 258
40 258
41 258
78 258
113 258
114 258
119 258
121 258
129 258
168 258
170 258
178 258
190 258
199 258
202 258
206 258
214 258
221 258
222 258
228 258
30 259
34 259
42 259
97 259
108 259
110 259
120 259
130 259
136 259
140 259
143 259
173 259
176 259
181 259
182 259
197 259
198 259
214 259
218 259
226 259
0 260
5 260
80 260
99 260
105 260
109 260
119 260
124 260
128 260
130 260
131 260
139 260
147 260
155 260
162 260
164 260
175 260
194 260
201 260
211 260
220 260
229 260
240 260
247 260
2 261
38 261
54 261
81 261
97 261
107 261
117 261
127 261
150 261
151 261
167 261
182 261
194 261
200 261
210 261
242 261
258 261
12 262
20 262
38 262
58 262
66 262
141 262
148 262
170 262
174 262
190 262
233 262
244 262
16 263
22 263
25 263
61 263
63 263
86 263
98 263
112 263
113 263
126 263
129 263
160 263
172 263
183 263
193 263
206 263
228 263
232 263
239 263
241 263
244 263
249 263
257 263
10 264
49 264
65 264
67 264
76 264
84 264
104 264
105 264
107 264
126 264
175 264
178 264
180 264
197 264
203 264
223 264
234 264
237 264
255 264
10 265
14 265
31 265
73 265
92 265
103 265
144 265
155 265
181 265
183 265
185 265
191 265
204 265
209 265
213 265
249 265
259 265
8 266
16 266
23 266
56 266
62 266
85 266
99 266
107 266
146 266
147 266
168 266
172 266
173 266
197 266
205 266
210 266
214 266
216 266
221 266
242 266
248 266
30 267
52 267
64 267
66 267
78 267
83 267
86 267
92 267
112 267
143 267
152 267
163 267
174 267
236 267
12 268
47 268
56 268
61 268
68 268
78 268
79 268
101 268
103 268
109 268
114 268
120 268
133 268
141 268
155 268
187 268
191 268
196 268
205 268
212 268
236 268
247 268
0 269
31 269
53 269
60 269
74 269
103 269
117 269
119 269
138 269
151 269
153 269
185 269
251 269
2 270
9 270
17 270
20 270
34 270
73 270
79 270
103 270
128 270
136 270
140 270
182 270
193 270
201 270
211 270
237 270
254 270
257 270
7 271
12 271
23 271
26 271
40 271
42 271
47 271
55 271
59 271
75 271
81 271
90 271
119 271
124 271
128 271
182 271
198 271
204 271
231 271
246 271
29 272
86 272
102 272
142 272
145 272
157 272
170 272
171 272
183 272
198 272
199 272
225 272
228 272
241 272
246 272
255 272
14 273
21 273
26 273
34 273
35 273
45 273
89 273
95 273
122 273
134 273
158 273
159 273
163 273
190 273
227 273
242 273
261 273
264 273
2 274
19 274
28 274
40 274
115 274
163 274
172 274
173 274
174 274
178 274
201 274
210 274
233 274
247 274
255 274
0 275
5 275
13 275
30 275
32 275
63 275
78 275
104 275
124 275
127 275
128 275
130 275
146 275
179 275
190 275
202 275
261 275
267 275
26 276
39 276
48 276
54 276
56 276
58 276
67 276
70 276
76 276
84 276
86 276
95 276
101 276
113 276
130 276
147 276
154 276
169 276
171 276
197 276
200 276
201 276
204 276
216 276
246 276
266 276
6 277
14 277
34 277
38 277
67 277
70 277
83 277
105 277
109 277
119 277
123 277
149 277
231 277
234 277
237 277
260 277
46 278
65 278
67 278
84 278
86 278
87 278
102 278
106 278
110 278
113 278
133 278
136 278
139 278
146 278
148 278
166 278
175 278
183 278
196 278
210 278
214 278
218 278
247 278
254 278
12 279
24 279
27 279
31 279
33 279
45 279
48 279
59 279
74 279
76 279
87 279
113 279
114 279
141 279
144 279
156 279
158 279
160 279
189 279
216 279
223 279
231 279
236 279
242 279
264 279
265 279
17 280
26 280
28 280
39 280
42 280
44 280
55 280
56 280
61 280
63 280
70 280
71 280
73 280
76 280
86 280
200 280
227 280
245 280
250 280
256 280
263 280
264 280
268 280
28 281
59 281
65 281
82 281
95 281
115 281
125 281
140 281
150 281
151 281
156 281
225 281
226 281
234 281
29 282
45 282
49 282
85 282
112 282
121 282
123 282
154 282
177 282
178 282
182 282
208 282
214 282
216 282
217 282
238 282
246 282
257 282
8 283
29 283
31 283
32 283
37 283
43 283
49 283
56 283
71 283
76 283
82 283
87 283
95 283
139 283
172 283
183 283
190 283
228 283
229 283
232 283
233 283
258 283
1 284
12 284
27 284
44 284
69 284
74 284
103 284
119 284
121 284
127 284
136 284
158 284
167 284
183 284
195 284
208 284
211 284
215 284
221 284
230 284
234 284
257 284
260 284
262 284
266 284
268 284
16 285
40 285
48 285
58 285
68 285
75 285
87 285
108 285
112 285
116 285
136 285
144 285
146 285
152 285
175 285
189 285
226 285
247 285
273 285
44 286
51 286
63 286
72 286
74 286
81 286
82 286
86 286
104 286
124 286
139 286
151 286
153 286
169 286
175 286
188 286
213 286
217 286
227 286
228 286
230 286
231 286
234 286
271 286
273 286
25 287
52 287
58 287
66 287
70 287
74 287
78 287
92 287
98 287
115 287
123 287
138 287
140 287
143 287
145 287
149 287
155 287
172 287
183 287
191 287
209 287
213 287
226 287
255 287
257 287
267 287
17 288
41 288
60 288
74 288
75 288
79 288
80 288
103 288
110 288
141 288
166 288
174 288
183 288
190 288
202 288
211 288
223 288
228 288
243 288
249 288
264 288
273 288
278 288
23 289
37 289
56 289
58 289
60 289
67 289
71 289
94 289
119 289
121 289
133 289
140 289
158 289
159 289
173 289
189 289
214 289
217 289
218 289
242 289
266 289
277 289
278 289
10 290
12 290
30 290
37 290
67 290
78 290
80 290
93 290
114 290
148 290
203 290
207 290
245 290
248 290
260 290
275 290
289 290
14 291
54 291
56 291
69 291
77 291
88 291
94 291
97 291
119 291
141 291
142 291
176 291
178 291
183 291
186 291
188 291
196 291
210 291
213 291
220 291
222 291
229 291
240 291
248 291
261 291
278 291
20 292
25 292
37 292
86 292
123 292
145 292
169 292
183 292
192 292
221 292
254 292
255 292
257 292
273 292
288 292
1 293
3 293
20 293
21 293
23 293
69 293
71 293
77 293
81 293
82 293
95 293
115 293
117 293
134 293
139 293
161 293
163 293
176 293
179 293
194 293
199 293
207 293
208 293
209 293
211 293
229 293
233 293
250 293
263 293
0 294
12 294
21 294
31 294
73 294
74 294
84 294
102 294
139 294
140 294
159 294
166 294
182 294
196 294
221 294
250 294
4 295
13 295
36 295
41 295
47 295
56 295
69 295
74 295
77 295
82 295
95 295
107 295
121 295
124 295
149 295
163 295
172 295
174 295
202 295
203 295
216 295
231 295
232 295
235 295
245 295
247 295
251 295
268 295
287 295
8 296
9 296
20 296
24 296
48 296
82 296
91 296
98 296
102 296
106 296
111 296
154 296
168 296
171 296
182 296
186 296
216 296
231 296
235 296
262 296
269 296
17 297
49 297
81 297
82 297
97 297
103 297
112 297
177 297
201 297
219 297
228 297
256 297
268 297
275 297
14 298
26 298
46 298
56 298
67 298
75 298
76 298
81 298
89 298
130 298
144 298
155 298
156 298
186 298
196 298
209 298
242 298
247 298
258 298
264 298
266 298
9 299
17 299
19 299
38 299
64 299
75 299
76 299
80 299
98 299
105 299
113 299
123 299
160 299
167 299
192 299
198 299
216 299
220 299
251 299
253 299
264 299
268 299
275 299
281 299
282 299
