300 4890 5
10 9 12 4 7 27 1 8 1 11 4 11 3 13 25 25 14 17 7 4 43 26 22 5 1 2 4 8 46 64 15 1 14 14 9 14 36 3 9 1 4 8 26 6 4 2 2 2 5 18 1 8 10 27 1 5 22 25 6 6 3 8 14 4 15 18 4 26 20 14 34 2 18 12 12 1 3 8 10 1 21 4 8 4 1 3 5 8 4 2 6 3 10 6 3 14 3 2 11 5 17 2 16 8 2 15 1 31 17 6 2 8 4 19 2 7 5 4 9 4 3 6 7 1 23 27 1 3 5 16 16 1 1 8 6 17 3 10 3 11 11 9 20 2 3 26 6 6 8 18 11 6 25 13 26 16 9 6 1 34 13 11 6 5 7 38 8 2 23 18 12 10 42 20 20 4 1 7 9 9 1 5 11 10 9 9 4 25 28 1 2 1 38 2 5 12 1 7 14 16 2 14 13 2 4 9 5 1 23 3 9 1 4 23 22 10 3 7 2 7 8 5 1 2 8 33 2 8 7 3 12 6 42 9 9 8 11 16 4 3 1 5 5 12 3 12 14 2 10 19 11 5 10 4 3 9 1 15 2 1 59 14 17 23 13 21 6 23 4 15 15 5 3 1 32 4 1 1 4 1 6 9 32 5 4 15 13 11 3 7 3 16 3 1 8 5 6 2 5 15
2 10
6 10
9 10
1 12
4 12
6 12
1 13
6 13
1 14
6 14
2 15
7 16
10 16
12 16
0 18
0 19
6 19
14 19
0 20
3 20
4 20
2 22
4 22
13 22
15 22
2 23
4 23
5 23
16 23
4 24
13 24
15 24
21 24
13 25
15 25
16 25
19 25
3 26
6 26
10 26
21 26
10 27
0 28
10 28
12 28
14 28
17 28
19 28
5 29
7 29
13 29
15 29
1 30
10 30
11 30
5 31
13 32
14 32
21 32
9 33
10 33
0 34
4 34
9 34
14 34
17 34
21 34
17 35
22 35
25 35
22 36
25 36
23 37
26 37
13 38
15 38
2 39
15 39
19 39
0 40
5 40
6 40
9 40
18 40
21 40
26 40
33 40
8 41
12 41
15 41
21 41
24 41
35 41
38 41
9 42
17 42
21 42
25 42
28 42
38 42
9 43
31 43
8 44
31 44
37 44
16 45
17 45
27 45
37 45
0 46
7 46
32 46
5 47
22 47
36 47
14 48
15 48
16 48
24 48
30 48
34 48
35 48
36 48
16 49
20 49
29 49
2 50
28 50
29 50
35 50
36 50
38 50
2 51
11 51
19 51
20 51
24 51
31 51
32 51
7 52
8 52
9 52
10 52
11 52
29 52
34 52
35 52
37 52
43 52
6 53
10 53
12 53
31 53
3 54
5 54
21 54
24 54
31 54
26 55
14 56
18 56
2 57
12 57
26 57
27 57
37 57
40 57
47 57
1 58
7 58
10 58
33 58
37 58
38 58
40 58
46 58
19 59
38 59
13 60
17 60
20 60
24 60
33 60
37 60
7 61
18 61
27 61
33 61
36 61
44 61
48 61
1 62
6 62
16 62
19 62
33 62
43 62
4 63
7 63
15 63
17 63
41 63
45 63
48 63
6 64
8 64
24 64
34 64
1 65
13 65
20 65
23 65
48 65
54 65
12 66
13 66
14 66
22 66
27 66
33 66
34 66
51 66
52 66
58 66
25 67
27 67
41 67
44 67
45 67
50 67
52 67
7 68
10 68
15 68
41 68
42 68
50 68
58 68
60 68
62 68
12 69
22 69
36 69
42 69
52 69
7 70
16 70
59 70
62 70
22 71
33 71
44 71
45 71
52 71
62 71
6 72
14 72
23 72
24 72
40 72
46 72
63 72
0 73
1 73
13 73
26 73
33 73
39 73
41 73
52 73
9 74
1 75
12 75
13 75
36 75
43 75
52 75
56 75
3 76
5 76
7 76
31 76
33 76
43 76
46 76
57 76
68 76
19 77
35 77
36 77
40 77
53 77
61 77
69 77
72 77
73 77
5 78
8 78
10 78
23 78
24 78
35 78
49 78
50 78
51 78
59 78
63 78
65 78
73 78
4 79
18 79
23 79
26 79
51 79
65 79
7 80
19 80
24 80
25 80
46 80
49 80
50 80
56 80
61 80
71 80
1 81
16 81
24 81
33 81
47 81
50 81
53 81
2 82
7 82
9 82
11 82
14 82
15 82
23 82
25 82
34 82
38 82
39 82
54 82
59 82
62 82
63 82
67 82
1 83
18 83
21 83
27 83
47 83
53 83
58 83
60 83
65 83
3 84
8 84
31 84
41 84
46 84
49 84
52 84
70 84
12 85
13 85
18 85
46 85
58 85
1 86
16 86
19 86
22 86
31 86
32 86
60 86
61 86
63 86
66 86
70 86
72 86
6 87
7 87
8 87
16 87
24 87
25 87
41 87
46 87
49 87
55 87
72 87
73 87
76 87
78 87
79 87
81 87
6 88
20 88
24 88
27 88
36 88
42 88
47 88
73 88
0 89
7 89
31 89
39 89
56 89
70 89
81 89
4 90
5 90
8 90
13 90
14 90
15 90
30 90
37 90
44 90
51 90
76 90
82 90
3 91
7 91
26 91
34 91
47 91
48 91
60 91
74 91
9 92
23 92
25 92
27 92
41 92
43 92
49 92
53 92
56 92
78 92
85 92
5 93
28 93
40 93
45 93
52 93
71 93
74 93
76 93
4 94
24 94
34 94
41 94
47 94
53 94
56 94
65 94
66 94
70 94
74 94
76 94
80 94
84 94
16 95
20 95
23 95
34 95
42 95
70 95
78 95
84 95
2 96
4 96
22 96
25 96
31 96
40 96
44 96
57 96
65 96
67 96
68 96
71 96
84 96
1 97
7 97
15 97
23 97
29 97
37 97
38 97
43 97
48 97
52 97
62 97
78 97
1 98
13 98
15 98
58 98
66 98
83 98
84 98
85 98
3 99
17 99
26 99
35 99
45 99
46 99
48 99
50 99
70 99
88 99
2 100
7 100
14 100
27 100
46 100
57 100
58 100
72 100
78 100
80 100
0 101
11 101
13 101
17 101
27 101
30 101
51 101
61 101
68 101
84 101
3 102
8 102
14 102
21 102
33 102
49 102
50 102
87 102
89 102
1 103
5 103
7 103
8 103
22 103
26 103
31 103
37 103
59 103
64 103
71 103
75 103
79 103
0 104
6 104
12 104
29 104
40 104
57 104
61 104
96 104
6 105
9 105
16 105
18 105
19 105
26 105
28 105
52 105
59 105
62 105
71 105
73 105
76 105
82 105
92 105
19 106
26 106
41 106
42 106
43 106
56 106
63 106
64 106
65 106
71 106
72 106
78 106
91 106
94 106
54 107
56 107
78 107
93 107
54 108
62 108
63 108
72 108
81 108
84 108
85 108
91 108
16 109
17 109
24 109
41 109
56 109
65 109
70 109
71 109
72 109
75 109
79 109
86 109
94 109
95 109
96 109
101 109
41 110
42 110
50 110
64 110
68 110
88 110
90 110
100 110
2 111
18 111
20 111
29 111
32 111
39 111
43 111
46 111
49 111
55 111
63 111
75 111
81 111
2 112
15 112
40 112
43 112
47 112
64 112
68 112
75 112
97 112
99 112
21 113
27 113
39 113
46 113
47 113
60 113
66 113
68 113
90 113
92 113
94 113
97 113
0 114
1 114
3 114
4 114
15 114
25 114
30 114
31 114
38 114
41 114
45 114
68 114
75 114
83 114
85 114
88 114
96 114
105 114
111 114
112 114
2 115
5 115
6 115
22 115
28 115
39 115
40 115
41 115
59 115
61 115
76 115
83 115
91 115
97 115
101 115
111 115
9 116
18 116
22 116
32 116
34 116
40 116
58 116
64 116
72 116
79 116
82 116
83 116
7 117
8 117
18 117
32 117
37 117
59 117
63 117
72 117
78 117
87 117
92 117
104 117
109 117
13 118
19 118
20 118
21 118
28 118
33 118
48 118
52 118
58 118
67 118
109 118
110 118
112 118
6 119
34 119
46 119
70 119
73 119
74 119
80 119
84 119
100 119
106 119
9 120
12 120
35 120
51 120
61 120
62 120
63 120
81 120
88 120
96 120
103 120
104 120
108 120
0 121
2 121
4 121
8 121
11 121
17 121
24 121
29 121
46 121
51 121
67 121
72 121
83 121
90 121
96 121
11 122
14 122
17 122
26 122
30 122
42 122
48 122
50 122
59 122
80 122
89 122
111 122
112 122
113 122
13 123
16 123
20 123
22 123
33 123
34 123
45 123
47 123
53 123
63 123
66 123
82 123
1 124
12 124
21 124
24 124
29 124
38 124
42 124
48 124
51 124
54 124
59 124
74 124
78 124
87 124
97 124
98 124
111 124
1 125
8 125
17 125
19 125
22 125
51 125
61 125
65 125
76 125
96 125
99 125
104 125
109 125
112 125
9 126
12 126
15 126
31 126
38 126
48 126
49 126
52 126
58 126
73 126
76 126
79 126
91 126
0 127
18 127
24 127
27 127
31 127
49 127
60 127
62 127
66 127
80 127
86 127
100 127
108 127
112 127
1 128
2 128
5 128
8 128
12 128
28 128
47 128
48 128
55 128
73 128
83 128
87 128
88 128
93 128
95 128
103 128
104 128
120 128
3 129
18 129
20 129
25 129
33 129
38 129
59 129
64 129
69 129
81 129
85 129
106 129
110 129
13 130
14 130
17 130
20 130
32 130
36 130
42 130
44 130
45 130
53 130
55 130
57 130
88 130
90 130
92 130
109 130
113 130
115 130
117 130
120 130
125 130
0 131
17 131
21 131
32 131
39 131
45 131
63 131
64 131
65 131
69 131
97 131
118 131
9 132
17 132
26 132
38 132
51 132
58 132
70 132
74 132
93 132
99 132
107 132
114 132
117 132
119 132
24 133
25 133
38 133
60 133
66 133
72 133
73 133
91 133
93 133
105 133
111 133
121 133
127 133
28 134
34 134
43 134
46 134
47 134
55 134
66 134
70 134
78 134
80 134
94 134
102 134
112 134
121 134
127 134
3 135
8 135
16 135
22 135
30 135
31 135
40 135
55 135
62 135
65 135
66 135
78 135
79 135
91 135
93 135
101 135
110 135
6 136
13 136
14 136
19 136
21 136
35 136
36 136
48 136
52 136
57 136
67 136
85 136
99 136
104 136
123 136
15 137
20 137
23 137
31 137
37 137
47 137
60 137
77 137
89 137
95 137
114 137
124 137
3 138
5 138
36 138
38 138
92 138
93 138
94 138
97 138
105 138
111 138
121 138
124 138
125 138
4 139
33 139
40 139
56 139
64 139
68 139
73 139
94 139
101 139
102 139
111 139
117 139
119 139
125 139
0 140
10 140
38 140
49 140
67 140
80 140
90 140
108 140
111 140
118 140
132 140
1 141
14 141
43 141
66 141
67 141
69 141
75 141
92 141
105 141
107 141
118 141
131 141
135 141
13 142
14 142
28 142
31 142
34 142
37 142
60 142
63 142
65 142
80 142
89 142
90 142
97 142
98 142
100 142
102 142
114 142
117 142
119 142
126 142
131 142
5 143
14 143
15 143
18 143
27 143
28 143
38 143
57 143
61 143
63 143
68 143
70 143
78 143
94 143
95 143
99 143
112 143
125 143
127 143
130 143
9 144
12 144
13 144
18 144
28 144
29 144
35 144
39 144
44 144
65 144
73 144
74 144
89 144
90 144
109 144
119 144
1 145
5 145
9 145
15 145
22 145
27 145
29 145
32 145
40 145
52 145
56 145
69 145
88 145
96 145
99 145
105 145
107 145
128 145
129 145
137 145
1 146
4 146
5 146
6 146
9 146
17 146
29 146
38 146
40 146
55 146
56 146
66 146
70 146
82 146
84 146
87 146
91 146
96 146
106 146
107 146
109 146
116 146
118 146
24 147
30 147
34 147
40 147
43 147
49 147
52 147
57 147
61 147
62 147
65 147
69 147
107 147
112 147
113 147
118 147
127 147
2 148
4 148
6 148
8 148
14 148
17 148
24 148
37 148
54 148
70 148
76 148
97 148
105 148
120 148
127 148
136 148
141 148
5 149
39 149
43 149
58 149
65 149
66 149
67 149
75 149
78 149
87 149
88 149
92 149
95 149
115 149
117 149
145 149
10 150
12 150
13 150
21 150
54 150
56 150
60 150
62 150
68 150
71 150
99 150
103 150
106 150
124 150
127 150
1 151
4 151
8 151
13 151
14 151
19 151
42 151
53 151
55 151
72 151
73 151
76 151
79 151
89 151
96 151
98 151
102 151
105 151
106 151
119 151
130 151
132 151
137 151
12 152
25 152
37 152
50 152
56 152
57 152
65 152
66 152
76 152
79 152
107 152
122 152
129 152
147 152
11 153
15 153
17 153
18 153
36 153
39 153
44 153
54 153
62 153
63 153
77 153
81 153
89 153
100 153
103 153
113 153
121 153
123 153
125 153
129 153
137 153
141 153
147 153
9 154
11 154
18 154
20 154
27 154
38 154
41 154
58 154
60 154
61 154
67 154
72 154
76 154
84 154
85 154
93 154
94 154
95 154
96 154
97 154
99 154
100 154
106 154
108 154
124 154
127 154
130 154
132 154
134 154
142 154
146 154
1 155
13 155
27 155
46 155
54 155
55 155
65 155
71 155
84 155
86 155
109 155
124 155
133 155
8 156
20 156
29 156
41 156
42 156
43 156
67 156
81 156
82 156
83 156
89 156
102 156
112 156
119 156
120 156
122 156
125 156
129 156
132 156
21 157
28 157
36 157
45 157
80 157
85 157
87 157
94 157
96 157
100 157
102 157
106 157
107 157
111 157
118 157
9 158
17 158
23 158
26 158
28 158
39 158
45 158
52 158
57 158
82 158
83 158
98 158
111 158
119 158
120 158
128 158
133 158
136 158
6 159
28 159
41 159
48 159
69 159
77 159
114 159
119 159
155 159
3 160
13 160
21 160
40 160
42 160
69 160
85 160
91 160
94 160
106 160
118 160
119 160
121 160
125 160
137 160
155 160
4 161
11 161
12 161
14 161
17 161
18 161
25 161
40 161
49 161
56 161
67 161
72 161
73 161
78 161
86 161
94 161
98 161
110 161
141 161
149 161
150 161
152 161
156 161
1 162
7 162
15 162
36 162
37 162
45 162
65 162
69 162
71 162
77 162
91 162
114 162
118 162
122 162
134 162
138 162
141 162
154 162
155 162
157 162
0 163
2 163
11 163
26 163
27 163
33 163
66 163
70 163
71 163
83 163
87 163
94 163
101 163
111 163
134 163
142 163
146 163
152 163
155 163
3 164
6 164
12 164
19 164
28 164
49 164
51 164
66 164
77 164
78 164
80 164
106 164
114 164
121 164
129 164
137 164
148 164
151 164
157 164
158 164
6 165
9 165
11 165
21 165
25 165
29 165
39 165
53 165
56 165
59 165
66 165
102 165
136 165
145 165
146 165
152 165
4 166
6 166
18 166
19 166
20 166
23 166
48 166
49 166
53 166
82 166
105 166
110 166
113 166
129 166
154 166
0 167
7 167
8 167
19 167
42 167
53 167
55 167
60 167
96 167
115 167
121 167
153 167
155 167
156 167
2 168
7 168
20 168
36 168
43 168
45 168
48 168
49 168
54 168
71 168
74 168
76 168
79 168
82 168
102 168
108 168
112 168
117 168
120 168
128 168
141 168
147 168
158 168
162 168
163 168
1 169
5 169
24 169
33 169
43 169
45 169
51 169
52 169
54 169
67 169
100 169
101 169
109 169
111 169
124 169
126 169
127 169
130 169
135 169
151 169
159 169
166 169
56 170
57 170
61 170
68 170
79 170
89 170
91 170
106 170
121 170
126 170
132 170
134 170
138 170
140 170
142 170
157 170
158 170
165 170
0 171
3 171
19 171
23 171
32 171
43 171
44 171
53 171
69 171
76 171
78 171
89 171
91 171
103 171
111 171
116 171
122 171
124 171
163 171
5 172
24 172
26 172
35 172
38 172
86 172
112 172
121 172
123 172
143 172
144 172
156 172
158 172
160 172
165 172
2 173
4 173
26 173
33 173
46 173
56 173
62 173
65 173
68 173
80 173
82 173
84 173
97 173
98 173
102 173
110 173
118 173
139 173
143 173
0 174
35 174
43 174
45 174
47 174
64 174
74 174
81 174
100 174
102 174
130 174
139 174
140 174
2 175
7 175
29 175
36 175
40 175
49 175
51 175
53 175
54 175
56 175
59 175
67 175
93 175
107 175
111 175
134 175
138 175
141 175
149 175
150 175
8 176
11 176
16 176
25 176
30 176
31 176
36 176
52 176
65 176
66 176
71 176
73 176
92 176
106 176
124 176
126 176
129 176
133 176
151 176
153 176
156 176
161 176
162 176
165 176
9 177
10 177
13 177
17 177
21 177
29 177
33 177
42 177
44 177
66 177
71 177
86 177
89 177
103 177
107 177
110 177
130 177
148 177
151 177
17 178
20 178
46 178
48 178
51 178
68 178
73 178
83 178
85 178
105 178
112 178
115 178
145 178
160 178
165 178
166 178
8 179
31 179
37 179
41 179
43 179
50 179
65 179
66 179
71 179
75 179
79 179
80 179
88 179
97 179
98 179
99 179
103 179
106 179
113 179
124 179
130 179
145 179
164 179
167 179
5 180
8 180
12 180
15 180
30 180
38 180
43 180
55 180
57 180
67 180
70 180
92 180
131 180
135 180
140 180
146 180
148 180
171 180
173 180
8 181
13 181
28 181
29 181
34 181
41 181
44 181
48 181
53 181
64 181
73 181
94 181
109 181
116 181
118 181
119 181
125 181
129 181
131 181
140 181
146 181
147 181
156 181
159 181
160 181
167 181
172 181
173 181
174 181
28 182
36 182
37 182
51 182
54 182
55 182
60 182
65 182
67 182
69 182
73 182
75 182
90 182
93 182
113 182
120 182
121 182
138 182
159 182
0 183
12 183
22 183
31 183
34 183
38 183
42 183
58 183
62 183
80 183
82 183
87 183
91 183
94 183
99 183
106 183
107 183
109 183
113 183
118 183
130 183
150 183
151 183
152 183
154 183
165 183
166 183
13 184
23 184
48 184
51 184
78 184
86 184
94 184
95 184
114 184
130 184
155 184
170 184
175 184
5 185
11 185
13 185
20 185
25 185
33 185
43 185
49 185
67 185
77 185
94 185
96 185
100 185
103 185
114 185
125 185
131 185
133 185
140 185
174 185
176 185
10 186
12 186
18 186
27 186
42 186
62 186
89 186
92 186
108 186
127 186
138 186
160 186
169 186
173 186
9 187
10 187
19 187
26 187
34 187
44 187
52 187
53 187
57 187
80 187
101 187
107 187
112 187
123 187
180 187
10 188
15 188
16 188
20 188
22 188
31 188
82 188
139 188
143 188
155 188
156 188
178 188
182 188
7 189
15 189
21 189
27 189
38 189
44 189
50 189
54 189
57 189
60 189
61 189
77 189
81 189
83 189
86 189
105 189
121 189
123 189
155 189
165 189
171 189
173 189
180 189
185 189
7 190
19 190
35 190
43 190
53 190
57 190
70 190
71 190
73 190
86 190
94 190
95 190
110 190
114 190
129 190
148 190
149 190
150 190
151 190
157 190
160 190
174 190
184 190
0 191
1 191
33 191
40 191
46 191
67 191
84 191
85 191
86 191
91 191
94 191
130 191
143 191
153 191
168 191
169 191
174 191
7 192
12 192
14 192
19 192
27 192
32 192
39 192
40 192
42 192
64 192
76 192
95 192
102 192
153 192
161 192
164 192
168 192
183 192
8 193
12 193
18 193
26 193
33 193
63 193
69 193
70 193
84 193
91 193
92 193
105 193
133 193
135 193
146 193
153 193
159 193
182 193
0 194
5 194
13 194
21 194
22 194
33 194
39 194
40 194
43 194
52 194
54 194
59 194
81 194
86 194
93 194
98 194
101 194
105 194
106 194
111 194
146 194
150 194
155 194
176 194
178 194
192 194
11 195
39 195
42 195
65 195
73 195
75 195
77 195
78 195
137 195
145 195
177 195
180 195
183 195
18 196
24 196
42 196
44 196
54 196
55 196
68 196
92 196
96 196
103 196
124 196
128 196
132 196
139 196
146 196
176 196
177 196
180 196
193 196
32 197
45 197
52 197
59 197
60 197
62 197
74 197
75 197
79 197
85 197
99 197
106 197
109 197
110 197
134 197
143 197
144 197
166 197
181 197
0 198
2 198
11 198
16 198
22 198
23 198
30 198
48 198
53 198
54 198
73 198
87 198
89 198
90 198
96 198
107 198
110 198
113 198
131 198
143 198
155 198
165 198
173 198
185 198
2 199
5 199
6 199
7 199
15 199
16 199
18 199
22 199
39 199
41 199
46 199
60 199
62 199
69 199
106 199
114 199
150 199
152 199
157 199
167 199
168 199
178 199
184 199
187 199
192 199
18 200
37 200
39 200
64 200
79 200
84 200
87 200
89 200
106 200
116 200
119 200
120 200
121 200
125 200
135 200
141 200
146 200
170 200
172 200
4 201
12 201
14 201
15 201
16 201
29 201
31 201
32 201
35 201
46 201
72 201
74 201
83 201
87 201
92 201
111 201
117 201
120 201
128 201
146 201
152 201
157 201
178 201
183 201
6 202
14 202
23 202
37 202
45 202
46 202
48 202
53 202
58 202
61 202
66 202
69 202
73 202
75 202
100 202
101 202
104 202
105 202
117 202
124 202
129 202
135 202
141 202
146 202
164 202
172 202
7 203
35 203
59 203
65 203
89 203
113 203
115 203
116 203
122 203
127 203
137 203
138 203
146 203
155 203
167 203
169 203
181 203
182 203
185 203
189 203
190 203
4 204
7 204
25 204
39 204
44 204
53 204
71 204
97 204
111 204
114 204
133 204
135 204
148 204
150 204
151 204
161 204
170 204
183 204
187 204
8 205
16 205
22 205
28 205
29 205
31 205
36 205
56 205
60 205
77 205
82 205
90 205
94 205
95 205
113 205
125 205
129 205
133 205
134 205
138 205
153 205
176 205
178 205
181 205
188 205
191 205
197 205
5 206
7 206
46 206
51 206
92 206
94 206
103 206
105 206
111 206
114 206
133 206
147 206
148 206
150 206
157 206
159 206
165 206
172 206
175 206
182 206
204 206
1 207
6 207
11 207
17 207
19 207
34 207
37 207
38 207
48 207
51 207
58 207
64 207
80 207
90 207
95 207
108 207
126 207
143 207
147 207
161 207
182 207
183 207
187 207
192 207
200 207
202 207
1 208
15 208
26 208
30 208
31 208
64 208
74 208
75 208
77 208
79 208
85 208
87 208
117 208
122 208
131 208
133 208
137 208
157 208
160 208
164 208
178 208
183 208
184 208
188 208
192 208
199 208
200 208
201 208
7 209
30 209
42 209
58 209
59 209
60 209
65 209
66 209
74 209
75 209
82 209
87 209
94 209
98 209
103 209
107 209
113 209
119 209
123 209
141 209
143 209
154 209
158 209
189 209
196 209
197 209
201 209
2 210
6 210
19 210
22 210
29 210
39 210
42 210
46 210
58 210
69 210
84 210
87 210
99 210
103 210
120 210
125 210
139 210
145 210
156 210
157 210
190 210
193 210
195 210
198 210
11 211
20 211
22 211
32 211
54 211
78 211
83 211
97 211
104 211
106 211
111 211
112 211
120 211
134 211
142 211
146 211
155 211
158 211
175 211
176 211
203 211
14 212
18 212
20 212
29 212
32 212
49 212
55 212
73 212
82 212
84 212
87 212
107 212
108 212
114 212
119 212
125 212
138 212
140 212
141 212
148 212
156 212
172 212
204 212
7 213
9 213
11 213
13 213
18 213
20 213
24 213
26 213
27 213
30 213
39 213
54 213
56 213
68 213
69 213
75 213
84 213
98 213
105 213
120 213
125 213
133 213
138 213
151 213
169 213
170 213
172 213
174 213
175 213
187 213
192 213
194 213
198 213
4 214
6 214
19 214
22 214
25 214
38 214
44 214
47 214
65 214
71 214
89 214
91 214
102 214
115 214
119 214
133 214
134 214
147 214
149 214
158 214
163 214
166 214
167 214
169 214
183 214
189 214
197 214
0 215
39 215
47 215
54 215
55 215
61 215
63 215
85 215
91 215
104 215
105 215
110 215
120 215
127 215
131 215
135 215
138 215
164 215
166 215
169 215
178 215
180 215
192 215
199 215
6 216
20 216
46 216
53 216
58 216
62 216
71 216
77 216
83 216
100 216
117 216
120 216
122 216
129 216
137 216
146 216
147 216
155 216
192 216
194 216
1 217
43 217
44 217
45 217
47 217
51 217
54 217
56 217
57 217
67 217
84 217
98 217
104 217
105 217
111 217
112 217
118 217
133 217
137 217
138 217
143 217
154 217
156 217
164 217
173 217
181 217
198 217
200 217
0 218
6 218
8 218
10 218
16 218
19 218
37 218
43 218
47 218
50 218
56 218
96 218
114 218
118 218
124 218
141 218
143 218
173 218
179 218
180 218
184 218
201 218
0 219
8 219
9 219
12 219
32 219
36 219
40 219
43 219
47 219
75 219
83 219
89 219
92 219
103 219
117 219
129 219
131 219
134 219
138 219
149 219
153 219
161 219
167 219
186 219
6 220
15 220
18 220
22 220
43 220
49 220
61 220
66 220
69 220
70 220
87 220
89 220
94 220
110 220
113 220
147 220
153 220
156 220
158 220
165 220
167 220
173 220
177 220
183 220
184 220
186 220
193 220
197 220
201 220
0 221
21 221
26 221
32 221
43 221
56 221
66 221
71 221
81 221
84 221
104 221
108 221
112 221
119 221
120 221
125 221
130 221
135 221
153 221
156 221
158 221
170 221
173 221
176 221
180 221
200 221
201 221
4 222
22 222
40 222
41 222
63 222
67 222
74 222
83 222
90 222
124 222
128 222
131 222
144 222
147 222
148 222
152 222
160 222
164 222
175 222
177 222
179 222
196 222
9 223
11 223
14 223
21 223
41 223
53 223
64 223
74 223
78 223
97 223
98 223
107 223
120 223
124 223
126 223
127 223
131 223
137 223
144 223
145 223
152 223
178 223
183 223
195 223
19 224
21 224
43 224
65 224
74 224
75 224
81 224
102 224
120 224
140 224
151 224
155 224
160 224
163 224
174 224
175 224
213 224
217 224
222 224
36 225
51 225
59 225
69 225
74 225
94 225
110 225
123 225
126 225
145 225
149 225
157 225
164 225
174 225
196 225
204 225
207 225
211 225
22 226
25 226
31 226
37 226
38 226
49 226
56 226
72 226
85 226
91 226
97 226
115 226
134 226
145 226
147 226
155 226
157 226
180 226
186 226
188 226
189 226
4 227
27 227
30 227
32 227
37 227
38 227
69 227
79 227
80 227
84 227
85 227
102 227
103 227
110 227
129 227
130 227
132 227
141 227
144 227
158 227
164 227
169 227
177 227
180 227
188 227
12 228
59 228
60 228
74 228
78 228
87 228
95 228
107 228
120 228
123 228
129 228
139 228
154 228
155 228
166 228
167 228
177 228
189 228
200 228
208 228
210 228
212 228
214 228
19 229
22 229
25 229
51 229
65 229
76 229
115 229
136 229
142 229
146 229
163 229
169 229
171 229
173 229
175 229
183 229
188 229
194 229
200 229
209 229
213 229
4 230
12 230
19 230
22 230
28 230
29 230
35 230
56 230
59 230
70 230
74 230
79 230
82 230
103 230
107 230
109 230
115 230
116 230
137 230
151 230
157 230
168 230
174 230
183 230
200 230
210 230
212 230
1 231
19 231
47 231
60 231
78 231
85 231
87 231
98 231
102 231
131 231
141 231
159 231
160 231
174 231
176 231
180 231
195 231
202 231
208 231
18 232
26 232
44 232
55 232
59 232
66 232
72 232
82 232
97 232
100 232
108 232
121 232
123 232
162 232
176 232
179 232
182 232
189 232
201 232
203 232
1 233
5 233
6 233
17 233
20 233
28 233
44 233
49 233
55 233
67 233
80 233
86 233
88 233
93 233
103 233
113 233
134 233
139 233
140 233
151 233
156 233
182 233
186 233
187 233
192 233
213 233
220 233
9 234
58 234
64 234
67 234
69 234
74 234
79 234
116 234
122 234
126 234
134 234
142 234
144 234
151 234
162 234
163 234
178 234
196 234
201 234
211 234
213 234
214 234
216 234
1 235
10 235
13 235
20 235
46 235
48 235
49 235
55 235
75 235
77 235
78 235
82 235
88 235
89 235
92 235
96 235
106 235
110 235
111 235
114 235
132 235
134 235
135 235
160 235
162 235
169 235
177 235
187 235
190 235
208 235
211 235
221 235
0 236
7 236
10 236
11 236
20 236
22 236
30 236
33 236
56 236
57 236
64 236
65 236
76 236
110 236
122 236
126 236
135 236
140 236
141 236
146 236
154 236
162 236
169 236
197 236
211 236
217 236
218 236
219 236
220 236
222 236
3 237
5 237
6 237
12 237
27 237
35 237
37 237
38 237
44 237
52 237
76 237
90 237
106 237
116 237
120 237
131 237
135 237
138 237
143 237
154 237
171 237
174 237
186 237
203 237
215 237
221 237
227 237
11 238
12 238
19 238
30 238
41 238
49 238
52 238
61 238
63 238
81 238
87 238
88 238
93 238
106 238
109 238
127 238
142 238
164 238
177 238
184 238
188 238
195 238
197 238
199 238
224 238
10 239
18 239
31 239
39 239
43 239
56 239
59 239
62 239
75 239
91 239
93 239
106 239
113 239
203 239
216 239
222 239
3 240
5 240
17 240
52 240
56 240
69 240
82 240
84 240
88 240
94 240
99 240
101 240
113 240
117 240
120 240
134 240
136 240
140 240
146 240
148 240
162 240
174 240
178 240
204 240
214 240
216 240
224 240
235 240
6 241
23 241
53 241
61 241
63 241
64 241
69 241
84 241
96 241
97 241
104 241
114 241
120 241
123 241
124 241
150 241
154 241
167 241
175 241
198 241
207 241
15 242
23 242
30 242
53 242
56 242
70 242
98 242
100 242
104 242
105 242
112 242
146 242
170 242
172 242
202 242
205 242
209 242
218 242
223 242
234 242
0 243
7 243
26 243
28 243
50 243
55 243
57 243
61 243
72 243
75 243
81 243
84 243
102 243
105 243
118 243
130 243
145 243
172 243
174 243
191 243
198 243
202 243
206 243
215 243
230 243
235 243
10 244
15 244
23 244
35 244
54 244
61 244
83 244
115 244
124 244
134 244
169 244
180 244
181 244
182 244
191 244
207 244
212 244
219 244
4 245
23 245
25 245
27 245
34 245
70 245
83 245
103 245
106 245
111 245
128 245
130 245
131 245
139 245
141 245
142 245
160 245
170 245
177 245
187 245
189 245
225 245
231 245
5 246
13 246
41 246
52 246
58 246
76 246
82 246
94 246
127 246
136 246
148 246
149 246
151 246
164 246
165 246
169 246
171 246
175 246
179 246
181 246
185 246
188 246
193 246
198 246
221 246
233 246
237 246
1 247
4 247
12 247
13 247
21 247
22 247
49 247
60 247
63 247
68 247
70 247
85 247
92 247
93 247
99 247
100 247
105 247
122 247
145 247
147 247
152 247
155 247
158 247
161 247
167 247
169 247
173 247
181 247
194 247
205 247
206 247
211 247
213 247
224 247
226 247
2 248
9 248
12 248
15 248
25 248
29 248
51 248
60 248
78 248
91 248
99 248
104 248
127 248
133 248
178 248
187 248
189 248
206 248
219 248
230 248
234 248
12 249
35 249
40 249
50 249
52 249
54 249
59 249
101 249
113 249
122 249
130 249
135 249
136 249
148 249
158 249
170 249
177 249
179 249
196 249
201 249
204 249
210 249
214 249
224 249
230 249
239 249
243 249
245 249
21 250
29 250
33 250
38 250
46 250
64 250
67 250
69 250
86 250
88 250
106 250
107 250
124 250
152 250
168 250
178 250
182 250
183 250
184 250
189 250
192 250
214 250
228 250
230 250
240 250
13 251
17 251
18 251
21 251
29 251
30 251
33 251
52 251
56 251
57 251
66 251
73 251
80 251
82 251
83 251
87 251
108 251
110 251
114 251
124 251
127 251
147 251
148 251
155 251
156 251
159 251
168 251
172 251
195 251
197 251
215 251
225 251
7 252
27 252
30 252
39 252
49 252
56 252
73 252
77 252
81 252
95 252
101 252
107 252
120 252
132 252
140 252
142 252
149 252
150 252
162 252
170 252
182 252
202 252
208 252
215 252
231 252
243 252
245 252
15 253
18 253
20 253
27 253
28 253
36 253
61 253
71 253
90 253
106 253
110 253
112 253
118 253
124 253
126 253
134 253
153 253
163 253
168 253
184 253
187 253
190 253
191 253
195 253
199 253
206 253
219 253
221 253
223 253
230 253
231 253
0 254
7 254
14 254
16 254
27 254
28 254
34 254
40 254
43 254
69 254
71 254
78 254
84 254
88 254
96 254
112 254
115 254
116 254
142 254
145 254
148 254
153 254
157 254
162 254
163 254
171 254
173 254
183 254
193 254
194 254
196 254
222 254
223 254
227 254
230 254
241 254
0 255
2 255
4 255
8 255
18 255
28 255
51 255
60 255
67 255
81 255
86 255
92 255
100 255
102 255
108 255
118 255
129 255
133 255
140 255
146 255
147 255
149 255
164 255
165 255
171 255
187 255
202 255
222 255
11 256
14 256
18 256
20 256
21 256
36 256
44 256
45 256
46 256
51 256
56 256
64 256
68 256
71 256
72 256
79 256
81 256
91 256
95 256
103 256
107 256
114 256
119 256
123 256
125 256
146 256
147 256
151 256
181 256
182 256
183 256
188 256
191 256
228 256
233 256
243 256
245 256
3 257
4 257
6 257
32 257
58 257
59 257
61 257
75 257
76 257
83 257
86 257
104 257
114 257
124 257
135 257
139 257
140 257
178 257
180 257
202 257
207 257
222 257
233 257
242 257
244 257
12 258
13 258
19 258
21 258
23 258
44 258
49 258
63 258
68 258
75 258
84 258
86 258
96 258
98 258
130 258
139 258
141 258
156 258
160 258
183 258
200 258
201 258
206 258
217 258
219 258
223 258
238 258
11 259
17 259
52 259
54 259
58 259
59 259
62 259
70 259
84 259
96 259
105 259
111 259
123 259
129 259
132 259
133 259
136 259
152 259
156 259
170 259
184 259
193 259
197 259
207 259
220 259
227 259
236 259
246 259
7 260
18 260
22 260
27 260
30 260
42 260
43 260
63 260
83 260
88 260
99 260
100 260
101 260
105 260
118 260
121 260
178 260
187 260
211 260
212 260
217 260
218 260
223 260
227 260
229 260
256 260
258 260
0 261
10 261
20 261
30 261
33 261
38 261
41 261
50 261
61 261
69 261
78 261
94 261
102 261
108 261
115 261
137 261
153 261
157 261
162 261
170 261
179 261
181 261
197 261
210 261
211 261
223 261
225 261
230 261
231 261
241 261
248 261
257 261
9 262
22 262
46 262
47 262
51 262
53 262
55 262
57 262
63 262
66 262
77 262
79 262
86 262
98 262
99 262
100 262
101 262
112 262
115 262
123 262
124 262
126 262
127 262
137 262
149 262
152 262
165 262
174 262
175 262
225 262
9 263
18 263
47 263
52 263
57 263
63 263
71 263
93 263
109 263
112 263
125 263
131 263
137 263
152 263
159 263
167 263
178 263
181 263
193 263
197 263
198 263
205 263
225 263
235 263
252 263
2 264
10 264
14 264
23 264
27 264
30 264
38 264
47 264
50 264
51 264
68 264
71 264
72 264
73 264
81 264
101 264
104 264
111 264
140 264
144 264
145 264
153 264
168 264
172 264
174 264
179 264
249 264
22 265
23 265
35 265
68 265
71 265
74 265
80 265
89 265
100 265
102 265
104 265
114 265
116 265
124 265
131 265
148 265
150 265
151 265
163 265
166 265
172 265
179 265
183 265
188 265
190 265
191 265
192 265
208 265
219 265
220 265
223 265
226 265
233 265
246 265
254 265
15 266
16 266
18 266
31 266
38 266
51 266
53 266
58 266
79 266
81 266
82 266
83 266
86 266
94 266
99 266
101 266
116 266
118 266
121 266
124 266
125 266
129 266
153 266
155 266
157 266
167 266
179 266
181 266
190 266
194 266
203 266
210 266
219 266
220 266
221 266
229 266
248 266
255 266
256 266
7 267
31 267
39 267
41 267
50 267
76 267
80 267
83 267
100 267
130 267
132 267
137 267
142 267
150 267
160 267
162 267
163 267
164 267
179 267
192 267
215 267
235 267
236 267
3 268
32 268
42 268
43 268
50 268
65 268
78 268
89 268
95 268
115 268
130 268
143 268
153 268
197 268
214 268
221 268
240 268
243 268
247 268
248 268
2 269
6 269
7 269
21 269
22 269
52 269
59 269
67 269
83 269
87 269
92 269
110 269
126 269
136 269
137 269
141 269
143 269
144 269
145 269
158 269
161 269
177 269
189 269
195 269
196 269
198 269
213 269
222 269
231 269
5 270
8 270
10 270
11 270
16 270
17 270
27 270
37 270
48 270
51 270
52 270
60 270
69 270
91 270
104 270
106 270
120 270
129 270
135 270
138 270
140 270
151 270
161 270
170 270
183 270
188 270
189 270
195 270
209 270
210 270
247 270
253 270
254 270
15 271
31 271
36 271
46 271
57 271
60 271
82 271
101 271
103 271
109 271
136 271
140 271
143 271
167 271
177 271
193 271
230 271
234 271
244 271
248 271
255 271
7 272
22 272
37 272
42 272
52 272
55 272
59 272
68 272
77 272
85 272
95 272
119 272
134 272
142 272
143 272
177 272
179 272
191 272
193 272
200 272
205 272
209 272
212 272
219 272
224 272
248 272
4 273
26 273
30 273
40 273
42 273
45 273
53 273
59 273
64 273
70 273
81 273
90 273
159 273
160 273
165 273
170 273
174 273
182 273
194 273
195 273
202 273
216 273
243 273
244 273
245 273
251 273
14 274
19 274
26 274
47 274
57 274
93 274
94 274
102 274
127 274
129 274
136 274
139 274
144 274
174 274
176 274
185 274
190 274
191 274
200 274
231 274
234 274
244 274
12 275
46 275
52 275
63 275
96 275
111 275
113 275
143 275
144 275
153 275
154 275
155 275
162 275
168 275
189 275
195 275
197 275
204 275
205 275
206 275
221 275
222 275
233 275
236 275
240 275
248 275
250 275
255 275
258 275
260 275
262 275
1 276
37 276
40 276
57 276
62 276
65 276
68 276
69 276
99 276
102 276
116 276
120 276
133 276
137 276
145 276
150 276
151 276
163 276
173 276
181 276
184 276
186 276
187 276
189 276
201 276
205 276
211 276
257 276
258 276
259 276
267 276
272 276
3 277
5 277
7 277
29 277
32 277
36 277
39 277
50 277
53 277
54 277
89 277
94 277
101 277
110 277
114 277
120 277
121 277
123 277
127 277
130 277
133 277
144 277
145 277
150 277
154 277
168 277
171 277
172 277
175 277
179 277
186 277
187 277
188 277
189 277
191 277
201 277
216 277
227 277
232 277
239 277
242 277
261 277
264 277
269 277
5 278
21 278
56 278
65 278
80 278
83 278
85 278
94 278
107 278
108 278
113 278
120 278
129 278
136 278
143 278
148 278
150 278
151 278
152 278
159 278
164 278
178 278
179 278
183 278
193 278
195 278
201 278
212 278
223 278
227 278
242 278
247 278
249 278
250 278
255 278
264 278
3 279
10 279
27 279
28 279
46 279
52 279
60 279
80 279
87 279
121 279
127 279
128 279
131 279
154 279
184 279
189 279
197 279
200 279
207 279
211 279
212 279
219 279
225 279
231 279
234 279
235 279
264 279
267 279
6 280
10 280
11 280
51 280
62 280
83 280
87 280
95 280
96 280
102 280
105 280
118 280
120 280
132 280
137 280
138 280
144 280
150 280
156 280
168 280
178 280
185 280
197 280
209 280
228 280
234 280
237 280
243 280
251 280
269 280
6 281
7 281
22 281
32 281
38 281
61 281
74 281
75 281
112 281
116 281
126 281
129 281
141 281
174 281
176 281
191 281
203 281
210 281
215 281
226 281
233 281
244 281
245 281
250 281
256 281
258 281
262 281
263 281
269 281
7 282
19 282
36 282
39 282
46 282
49 282
92 282
96 282
111 282
115 282
135 282
143 282
145 282
146 282
162 282
195 282
202 282
203 282
221 282
246 282
251 282
260 282
279 282
0 283
9 283
21 283
24 283
32 283
34 283
36 283
38 283
40 283
61 283
65 283
89 283
102 283
107 283
111 283
112 283
133 283
150 283
158 283
171 283
192 283
209 283
219 283
224 283
229 283
235 283
246 283
252 283
258 283
261 283
267 283
274 283
13 284
18 284
56 284
74 284
80 284
99 284
100 284
110 284
115 284
129 284
139 284
142 284
157 284
158 284
159 284
160 284
165 284
184 284
231 284
236 284
241 284
246 284
255 284
259 284
260 284
273 284
3 285
5 285
12 285
18 285
29 285
39 285
41 285
51 285
55 285
68 285
73 285
83 285
99 285
125 285
126 285
130 285
131 285
145 285
154 285
160 285
161 285
197 285
205 285
218 285
234 285
253 285
256 285
258 285
266 285
271 285
8 286
28 286
30 286
34 286
39 286
45 286
47 286
58 286
68 286
95 286
107 286
111 286
132 286
137 286
140 286
164 286
165 286
166 286
167 286
171 286
173 286
174 286
200 286
213 286
236 286
239 286
244 286
245 286
271 286
279 286
6 287
26 287
28 287
39 287
50 287
52 287
56 287
58 287
72 287
77 287
78 287
83 287
84 287
102 287
107 287
126 287
142 287
176 287
189 287
190 287
195 287
198 287
249 287
262 287
271 287
11 288
24 288
29 288
38 288
46 288
55 288
59 288
71 288
74 288
98 288
105 288
116 288
123 288
126 288
127 288
129 288
134 288
162 288
169 288
177 288
187 288
193 288
195 288
199 288
202 288
212 288
223 288
15 289
23 289
27 289
31 289
38 289
45 289
52 289
68 289
69 289
71 289
87 289
89 289
95 289
112 289
122 289
127 289
152 289
171 289
194 289
218 289
219 289
259 289
271 289
274 289
277 289
8 290
18 290
21 290
42 290
47 290
60 290
77 290
79 290
86 290
100 290
104 290
122 290
123 290
130 290
144 290
149 290
150 290
158 290
160 290
162 290
166 290
167 290
173 290
174 290
178 290
184 290
190 290
192 290
197 290
200 290
207 290
209 290
213 290
222 290
232 290
256 290
265 290
267 290
272 290
274 290
1 291
7 291
16 291
20 291
27 291
49 291
63 291
78 291
99 291
100 291
107 291
109 291
112 291
120 291
127 291
131 291
156 291
165 291
175 291
179 291
185 291
189 291
192 291
194 291
208 291
226 291
229 291
239 291
272 291
285 291
2 292
9 292
15 292
22 292
55 292
58 292
65 292
78 292
87 292
89 292
101 292
103 292
120 292
131 292
134 292
139 292
142 292
144 292
155 292
159 292
168 292
181 292
188 292
189 292
190 292
193 292
197 292
207 292
220 292
222 292
227 292
234 292
250 292
255 292
261 292
266 292
275 292
278 292
282 292
287 292
2 293
9 293
16 293
24 293
43 293
46 293
59 293
60 293
61 293
70 293
72 293
84 293
105 293
110 293
114 293
120 293
124 293
126 293
151 293
155 293
170 293
172 293
181 293
188 293
194 293
200 293
202 293
203 293
207 293
215 293
220 293
226 293
228 293
268 293
269 293
277 293
279 293
12 294
13 294
39 294
40 294
42 294
47 294
82 294
86 294
87 294
89 294
93 294
98 294
111 294
115 294
118 294
126 294
131 294
143 294
156 294
164 294
172 294
184 294
188 294
191 294
207 294
208 294
213 294
216 294
219 294
220 294
221 294
224 294
227 294
233 294
238 294
243 294
256 294
274 294
275 294
278 294
281 294
282 294
285 294
287 294
290 294
4 295
5 295
11 295
33 295
34 295
51 295
58 295
60 295
72 295
87 295
90 295
92 295
94 295
103 295
136 295
147 295
148 295
156 295
164 295
166 295
169 295
179 295
187 295
190 295
207 295
214 295
215 295
225 295
244 295
253 295
260 295
265 295
266 295
278 295
284 295
1 296
40 296
45 296
48 296
55 296
58 296
67 296
70 296
72 296
89 296
93 296
95 296
98 296
100 296
114 296
120 296
121 296
133 296
138 296
139 296
153 296
157 296
166 296
170 296
196 296
204 296
217 296
219 296
226 296
229 296
238 296
239 296
246 296
248 296
256 296
264 296
275 296
0 297
10 297
17 297
22 297
34 297
61 297
62 297
70 297
75 297
95 297
103 297
105 297
111 297
121 297
128 297
143 297
153 297
154 297
165 297
178 297
185 297
186 297
201 297
205 297
221 297
232 297
242 297
249 297
250 297
267 297
268 297
269 297
283 297
2 298
20 298
21 298
27 298
51 298
58 298
75 298
91 298
97 298
99 298
103 298
110 298
113 298
117 298
122 298
130 298
141 298
177 298
179 298
187 298
195 298
215 298
223 298
229 298
240 298
252 298
259 298
271 298
281 298
283 298
287 298
14 299
17 299
33 299
37 299
51 299
59 299
67 299
69 299
84 299
110 299
117 299
129 299
132 299
134 299
153 299
154 299
156 299
157 299
174 299
177 299
186 299
190 299
193 299
206 299
208 299
233 299
235 299
241 299
260 299
267 299
