300 3915 5
12 3 2 1 2 4 3 5 3 6 2 2 6 5 5 9 2 2 3 4 4 1 5 1 7 1 8 5 4 3 15 6 3 2 2 4 11 7 8 3 1 6 4 1 5 7 1 1 2 10 2 1 3 1 3 8 7 11 1 5 10 10 9 8 24 2 3 7 2 4 5 14 13 1 2 5 2 2 19 14 2 9 3 1 2 2 1 11 3 4 11 2 5 14 5 9 1 1 2 2 1 1 5 6 6 6 1 9 2 1 4 5 3 1 3 19 1 4 6 1 5 2 1 6 3 4 1 2 15 2 2 7 9 1 14 8 6 4 3 1 16 1 11 27 22 4 8 5 1 3 1 6 3 3 2 4 4 4 6 6 17 5 6 2 2 3 4 7 2 4 5 34 5 6 17 2 10 13 2 3 18 2 3 1 1 14 3 4 2 2 13 2 9 5 13 2 6 8 17 2 1 2 4 2 6 1 2 4 4 11 1 6 2 6 4 4 9 2 5 2 1 2 2 4 1 6 2 10 1 6 2 10 6 13 3 1 1 9 3 14 32 2 7 1 2 3 10 7 3 5 6 9 3 6 1 10 2 21 7 9 1 3 6 3 24 7 1 4 5 3 14 8 6 7 6 1 7 1 6 4 7 5 2 1 3 10 3 8 7 10 1 12 4 8 3 4 9 7 10 4
6 8
0 9
7 10
5 12
3 15
3 16
9 17
14 17
3 18
3 19
4 19
8 19
11 20
15 20
9 21
15 21
1 22
5 22
8 22
9 22
6 23
8 23
11 23
12 23
16 23
2 24
6 24
13 24
9 25
16 25
16 27
2 28
4 28
8 28
4 29
7 29
8 29
13 30
16 31
28 31
5 32
8 32
13 32
14 32
20 32
0 33
4 33
12 33
14 33
2 34
4 34
19 34
23 34
27 34
3 35
6 35
9 35
16 35
22 35
24 35
27 35
8 36
28 36
0 37
26 39
7 40
26 40
3 42
13 42
26 42
2 43
8 43
23 43
24 43
30 43
24 44
35 44
37 44
39 44
8 45
30 45
43 45
11 46
13 46
42 46
3 47
9 47
29 47
2 48
7 48
31 48
34 48
38 48
15 49
29 49
42 49
0 50
3 50
7 50
27 50
43 50
1 51
7 51
15 51
23 51
24 51
40 51
2 52
9 52
23 52
29 52
38 52
2 53
18 53
25 53
29 53
33 53
1 54
7 54
33 55
11 56
12 56
29 56
16 57
23 57
29 57
39 57
5 58
7 58
15 58
48 58
52 58
2 59
9 59
14 59
20 59
25 59
26 59
38 59
55 59
15 60
16 60
20 60
51 60
55 60
10 61
12 61
16 61
27 61
50 61
51 61
2 62
4 62
7 62
20 62
29 62
36 62
44 62
1 63
3 63
9 63
24 63
27 63
38 63
39 63
54 63
55 63
21 64
46 64
50 64
59 64
15 65
20 65
21 65
25 65
47 65
6 66
13 66
17 66
18 66
51 66
62 66
29 67
32 67
46 67
7 68
25 68
31 68
42 68
46 68
48 68
51 68
12 69
14 69
22 69
27 69
8 70
40 70
50 70
58 71
60 71
61 71
2 72
19 72
29 72
51 72
53 72
2 73
18 73
26 73
38 73
46 73
59 73
60 73
62 73
13 74
19 74
35 74
39 74
64 74
0 75
4 75
12 75
21 75
23 75
25 75
41 75
52 75
57 75
60 75
69 75
17 76
21 76
27 76
36 76
3 77
16 77
22 77
4 78
9 78
32 78
39 78
66 78
10 79
21 79
26 79
63 79
10 80
24 80
31 80
42 80
45 80
47 80
49 80
71 80
8 81
24 81
48 81
57 81
66 81
70 81
11 82
21 82
34 82
61 82
66 82
72 82
6 83
11 83
13 83
20 83
22 83
45 83
48 83
55 83
61 83
71 83
21 84
23 84
31 84
33 84
36 84
43 84
50 84
52 84
2 85
13 85
21 85
54 85
60 85
62 85
73 85
3 86
5 86
19 86
28 86
33 86
37 86
38 86
42 86
51 86
60 86
67 86
3 87
4 87
18 87
21 87
38 87
43 87
57 87
59 87
60 87
65 87
69 87
82 87
1 88
11 88
12 88
27 88
29 88
31 88
55 88
60 88
68 88
82 88
28 89
30 89
44 89
61 89
66 89
81 89
9 90
15 90
32 90
41 90
46 90
56 90
58 90
65 90
69 90
0 91
25 91
69 91
76 91
18 92
28 92
30 92
32 92
33 92
38 92
39 92
47 92
52 92
61 92
9 93
15 93
27 93
32 93
33 93
49 93
60 93
66 93
71 93
18 94
24 94
41 94
52 94
65 94
75 94
77 94
9 95
31 95
12 96
34 96
48 96
49 96
58 96
64 96
66 96
3 97
7 97
19 97
27 97
29 97
38 97
40 97
42 97
53 97
64 97
65 97
77 97
88 97
90 97
11 98
22 98
25 98
28 98
38 98
40 98
64 98
65 98
90 98
11 99
12 99
20 99
22 99
33 99
40 99
56 99
58 99
61 99
72 99
74 99
78 99
7 100
19 100
33 100
51 100
59 100
80 100
92 100
13 101
19 101
54 101
71 101
82 101
93 101
1 102
8 102
14 102
17 102
29 102
67 102
73 102
86 102
91 102
45 103
56 103
57 103
81 103
91 103
2 104
6 104
13 104
25 104
27 104
40 104
49 104
73 104
75 104
87 104
89 104
90 104
91 104
2 105
10 105
23 105
32 105
36 105
45 105
60 105
63 105
67 105
87 105
97 105
102 105
19 106
22 106
51 106
52 106
69 106
86 106
89 106
93 106
5 107
18 107
29 107
39 107
41 107
45 107
51 107
55 107
64 107
66 107
88 107
93 107
97 107
102 107
4 108
5 108
12 108
15 108
16 108
18 108
28 108
30 108
42 108
44 108
56 108
84 108
87 108
91 108
6 109
7 109
24 109
31 109
34 109
44 109
48 109
73 109
75 109
100 109
101 109
27 110
37 110
38 110
41 110
54 110
82 110
100 110
5 111
34 111
37 111
39 111
54 111
55 111
59 111
60 111
65 111
67 111
77 111
86 111
98 111
16 112
22 112
37 112
47 112
52 112
93 112
14 113
26 113
44 113
53 113
57 113
59 113
63 113
65 113
66 113
92 113
5 114
7 114
40 114
43 114
48 114
49 114
57 114
69 114
89 114
90 114
10 115
13 115
14 115
16 115
29 115
59 115
71 115
72 115
94 115
103 115
45 116
50 116
58 116
68 116
75 116
97 116
104 116
12 117
24 117
26 117
33 117
38 117
39 117
48 117
50 117
74 117
88 117
91 117
1 118
10 118
23 118
29 118
49 118
63 118
68 118
84 118
97 118
22 119
32 119
57 119
81 119
88 119
94 119
0 120
14 120
19 120
24 120
51 120
60 120
64 120
68 120
84 120
111 120
3 121
5 121
7 121
15 121
43 121
49 121
73 121
77 121
90 121
94 121
95 121
105 121
107 121
116 121
3 122
6 122
12 122
13 122
20 122
46 122
48 122
61 122
62 122
76 122
79 122
80 122
84 122
94 122
99 122
102 122
108 122
114 122
11 123
15 123
20 123
34 123
36 123
65 123
80 123
108 123
3 124
9 124
20 124
31 124
33 124
53 124
61 124
75 124
94 124
117 124
2 125
8 125
12 125
23 125
24 125
27 125
61 125
71 125
73 125
75 125
101 125
107 125
117 125
17 126
50 126
53 126
75 126
85 126
91 126
92 126
104 126
119 126
3 127
4 127
6 127
8 127
51 127
65 127
83 127
1 128
4 128
29 128
39 128
40 128
46 128
49 128
51 128
89 128
8 129
44 129
45 129
51 129
60 129
68 129
72 129
79 129
81 129
107 129
119 129
123 129
4 130
8 130
11 130
14 130
51 130
52 130
4 131
8 131
22 131
26 131
42 131
64 131
67 131
69 131
77 131
79 131
80 131
95 131
110 131
113 131
118 131
4 132
15 132
27 132
40 132
80 132
95 132
107 132
115 132
124 132
12 133
14 133
15 133
25 133
30 133
52 133
58 133
65 133
83 133
84 133
98 133
106 133
107 133
125 133
34 134
55 134
60 134
67 134
90 134
91 134
92 134
103 134
118 134
125 134
1 135
9 135
15 135
42 135
51 135
60 135
68 135
78 135
101 135
117 135
9 136
25 136
57 136
58 136
66 136
77 136
80 136
94 136
115 136
2 137
6 137
29 137
33 137
43 137
47 137
60 137
73 137
85 137
86 137
91 137
99 137
110 137
113 137
120 137
2 138
11 138
12 138
35 138
36 138
42 138
47 138
58 138
68 138
74 138
81 138
91 138
101 138
109 138
123 138
0 139
3 139
6 139
7 139
8 139
21 139
25 139
29 139
38 139
43 139
57 139
75 139
76 139
80 139
109 139
117 139
127 139
136 139
0 140
7 140
27 140
31 140
62 140
66 140
69 140
87 140
117 140
121 140
137 140
6 141
7 141
8 141
13 141
37 141
41 141
56 141
60 141
65 141
79 141
110 141
22 142
30 142
33 142
35 142
50 142
52 142
55 142
67 142
85 142
95 142
96 142
127 142
1 143
50 143
68 143
98 143
107 143
108 143
10 144
38 144
51 144
57 144
75 144
81 144
94 144
114 144
119 144
124 144
5 145
6 145
22 145
43 145
59 145
90 145
113 145
119 145
123 145
127 145
11 146
16 146
26 146
32 146
42 146
43 146
44 146
76 146
95 146
106 146
109 146
126 146
139 146
8 147
35 147
38 147
51 147
74 147
75 147
93 147
140 147
12 148
17 148
18 148
28 148
33 148
36 148
41 148
44 148
50 148
64 148
76 148
80 148
81 148
116 148
122 148
124 148
128 148
131 148
9 149
11 149
28 149
30 149
31 149
49 149
54 149
68 149
105 149
114 149
125 149
134 149
1 150
5 150
6 150
21 150
58 150
60 150
75 150
88 150
112 150
130 150
140 150
1 151
20 151
21 151
24 151
57 151
63 151
85 151
92 151
135 151
1 152
31 152
35 152
53 152
59 152
62 152
70 152
73 152
74 152
78 152
84 152
85 152
95 152
114 152
142 152
0 153
3 153
6 153
33 153
37 153
61 153
78 153
98 153
124 153
129 153
141 153
16 154
18 154
31 154
61 154
63 154
94 154
113 154
131 154
140 154
141 154
142 154
144 154
1 155
12 155
34 155
38 155
59 155
75 155
81 155
98 155
119 155
129 155
131 155
10 156
27 156
33 156
39 156
44 156
71 156
101 156
124 156
138 156
145 156
155 156
0 157
27 157
32 157
41 157
59 157
63 157
64 157
68 157
71 157
73 157
92 157
108 157
117 157
121 157
140 157
146 157
154 157
13 158
19 158
28 158
59 158
88 158
130 158
138 158
143 158
0 159
13 159
27 159
28 159
75 159
82 159
90 159
108 159
116 159
136 159
141 159
147 159
148 159
150 159
0 160
2 160
17 160
19 160
39 160
41 160
46 160
52 160
100 160
113 160
122 160
126 160
134 160
138 160
148 160
149 160
2 161
41 161
55 161
58 161
65 161
88 161
92 161
119 161
137 161
150 161
155 161
6 162
21 162
34 162
72 162
77 162
82 162
118 162
122 162
135 162
144 162
20 163
56 163
60 163
65 163
97 163
107 163
124 163
132 163
133 163
139 163
148 163
19 164
47 164
52 164
67 164
69 164
104 164
114 164
119 164
126 164
127 164
130 164
135 164
155 164
13 165
24 165
35 165
55 165
60 165
66 165
81 165
96 165
113 165
121 165
1 166
35 166
65 166
70 166
71 166
102 166
111 166
117 166
142 166
161 166
3 167
16 167
35 167
43 167
49 167
52 167
67 167
69 167
75 167
86 167
109 167
128 167
130 167
132 167
140 167
10 168
23 168
26 168
37 168
51 168
66 168
78 168
97 168
101 168
124 168
129 168
134 168
142 168
148 168
158 168
1 169
5 169
8 169
9 169
17 169
39 169
63 169
87 169
96 169
109 169
111 169
117 169
126 169
136 169
146 169
154 169
14 170
29 170
38 170
47 170
54 170
77 170
85 170
145 170
161 170
3 171
16 171
26 171
31 171
69 171
91 171
112 171
115 171
125 171
131 171
143 171
147 171
153 171
154 171
160 171
2 172
6 172
8 172
9 172
39 172
53 172
60 172
63 172
70 172
101 172
113 172
116 172
127 172
135 172
137 172
143 172
145 172
149 172
153 172
155 172
162 172
0 173
39 173
41 173
43 173
44 173
50 173
73 173
78 173
99 173
103 173
131 173
132 173
136 173
140 173
150 173
155 173
157 173
158 173
163 173
7 174
23 174
27 174
32 174
37 174
61 174
68 174
92 174
94 174
104 174
107 174
113 174
114 174
153 174
155 174
6 175
20 175
40 175
51 175
81 175
82 175
89 175
90 175
91 175
97 175
109 175
116 175
124 175
148 175
151 175
155 175
161 175
10 176
19 176
21 176
22 176
56 176
65 176
67 176
69 176
78 176
87 176
105 176
107 176
110 176
139 176
140 176
2 177
7 177
23 177
36 177
58 177
70 177
80 177
82 177
93 177
100 177
101 177
102 177
120 177
126 177
149 177
2 178
16 178
17 178
35 178
38 178
57 178
62 178
63 178
78 178
94 178
99 178
109 178
110 178
115 178
123 178
130 178
135 178
141 178
150 178
155 178
14 179
28 179
36 179
40 179
50 179
53 179
70 179
72 179
76 179
84 179
85 179
101 179
111 179
118 179
128 179
134 179
157 179
165 179
169 179
9 180
11 180
12 180
26 180
31 180
32 180
33 180
45 180
70 180
73 180
77 180
84 180
86 180
105 180
106 180
109 180
113 180
124 180
126 180
143 180
160 180
171 180
172 180
25 181
32 181
42 181
49 181
58 181
59 181
79 181
97 181
157 181
160 181
163 181
164 181
168 181
14 182
23 182
32 182
33 182
40 182
43 182
53 182
64 182
66 182
70 182
73 182
74 182
78 182
83 182
94 182
96 182
126 182
139 182
142 182
154 182
170 182
5 183
31 183
45 183
46 183
52 183
61 183
76 183
97 183
99 183
127 183
163 183
168 183
172 183
10 184
16 184
35 184
44 184
47 184
67 184
81 184
106 184
156 184
163 184
171 184
5 185
12 185
29 185
36 185
41 185
46 185
50 185
58 185
68 185
72 185
73 185
82 185
88 185
95 185
98 185
99 185
106 185
118 185
122 185
134 185
148 185
176 185
7 186
21 186
25 186
30 186
46 186
55 186
60 186
63 186
69 186
73 186
83 186
90 186
94 186
101 186
103 186
110 186
113 186
121 186
139 186
150 186
157 186
172 186
174 186
0 187
5 187
23 187
32 187
44 187
61 187
69 187
72 187
74 187
83 187
96 187
104 187
117 187
118 187
139 187
152 187
165 187
179 187
46 188
50 188
57 188
65 188
93 188
126 188
133 188
161 188
179 188
17 189
31 189
47 189
52 189
54 189
61 189
90 189
92 189
96 189
108 189
159 189
160 189
180 189
1 190
44 190
52 190
53 190
58 190
81 190
108 190
119 190
127 190
130 190
144 190
159 190
161 190
169 190
178 190
0 191
15 191
16 191
19 191
23 191
45 191
78 191
81 191
115 191
128 191
138 191
139 191
148 191
169 191
178 191
3 192
15 192
41 192
75 192
84 192
103 192
111 192
117 192
130 192
141 192
144 192
149 192
164 192
23 193
31 193
43 193
87 193
109 193
120 193
131 193
151 193
26 194
29 194
32 194
37 194
53 194
54 194
55 194
92 194
96 194
108 194
113 194
122 194
126 194
129 194
134 194
171 194
185 194
16 195
28 195
34 195
43 195
46 195
47 195
51 195
58 195
60 195
61 195
88 195
90 195
96 195
97 195
112 195
115 195
139 195
147 195
149 195
163 195
6 196
20 196
25 196
36 196
37 196
39 196
40 196
41 196
47 196
80 196
82 196
83 196
101 196
111 196
116 196
130 196
158 196
161 196
164 196
19 197
22 197
48 197
63 197
68 197
73 197
82 197
95 197
113 197
156 197
181 197
6 198
8 198
63 198
65 198
84 198
87 198
130 198
131 198
139 198
174 198
20 199
24 199
26 199
28 199
39 199
45 199
46 199
49 199
53 199
54 199
62 199
65 199
72 199
73 199
79 199
82 199
91 199
95 199
101 199
103 199
112 199
117 199
126 199
135 199
144 199
145 199
155 199
172 199
173 199
175 199
182 199
2 200
9 200
12 200
21 200
25 200
69 200
77 200
79 200
89 200
109 200
110 200
112 200
119 200
128 200
132 200
139 200
145 200
154 200
158 200
169 200
179 200
12 201
14 201
25 201
31 201
33 201
38 201
48 201
49 201
51 201
72 201
87 201
108 201
130 201
139 201
144 201
152 201
165 201
181 201
185 201
189 201
3 202
8 202
13 202
20 202
54 202
67 202
93 202
97 202
98 202
109 202
113 202
124 202
136 202
143 202
176 202
196 202
198 202
200 202
16 203
31 203
62 203
63 203
67 203
119 203
130 203
133 203
150 203
179 203
197 203
0 204
3 204
10 204
13 204
18 204
32 204
55 204
56 204
65 204
81 204
84 204
109 204
112 204
123 204
132 204
135 204
142 204
145 204
150 204
159 204
162 204
167 204
168 204
188 204
195 204
16 205
49 205
51 205
60 205
62 205
68 205
104 205
107 205
134 205
175 205
192 205
1 206
3 206
24 206
48 206
91 206
109 206
110 206
121 206
136 206
141 206
144 206
152 206
166 206
171 206
182 206
190 206
195 206
12 207
16 207
17 207
19 207
20 207
26 207
28 207
31 207
33 207
38 207
39 207
41 207
61 207
95 207
111 207
115 207
120 207
131 207
133 207
165 207
171 207
184 207
198 207
1 208
17 208
21 208
26 208
31 208
50 208
70 208
75 208
90 208
115 208
128 208
141 208
172 208
199 208
202 208
3 209
23 209
38 209
78 209
80 209
92 209
115 209
121 209
140 209
153 209
170 209
183 209
199 209
9 210
12 210
28 210
32 210
52 210
61 210
85 210
94 210
108 210
121 210
122 210
130 210
137 210
138 210
148 210
154 210
167 210
168 210
170 210
177 210
186 210
187 210
0 211
21 211
22 211
23 211
52 211
60 211
78 211
92 211
97 211
110 211
125 211
138 211
142 211
150 211
155 211
165 211
170 211
182 211
186 211
195 211
203 211
4 212
18 212
42 212
56 212
61 212
66 212
67 212
69 212
85 212
88 212
100 212
104 212
137 212
29 213
38 213
43 213
48 213
88 213
145 213
173 213
184 213
189 213
204 213
4 214
7 214
12 214
15 214
17 214
41 214
46 214
54 214
55 214
57 214
59 214
61 214
76 214
84 214
88 214
91 214
93 214
97 214
108 214
114 214
131 214
150 214
170 214
205 214
16 215
21 215
29 215
90 215
91 215
98 215
104 215
111 215
137 215
138 215
176 215
184 215
201 215
22 216
47 216
52 216
53 216
55 216
62 216
69 216
72 216
78 216
82 216
86 216
89 216
92 216
106 216
116 216
119 216
151 216
166 216
179 216
196 216
198 216
203 216
209 216
24 217
30 217
31 217
43 217
46 217
57 217
64 217
69 217
83 217
97 217
101 217
105 217
111 217
114 217
135 217
136 217
140 217
146 217
148 217
150 217
157 217
160 217
163 217
164 217
176 217
180 217
196 217
214 217
215 217
5 218
10 218
13 218
27 218
29 218
39 218
52 218
86 218
115 218
121 218
135 218
170 218
171 218
2 219
12 219
14 219
18 219
24 219
39 219
43 219
75 219
86 219
102 219
103 219
113 219
127 219
137 219
141 219
162 219
176 219
179 219
201 219
212 219
7 220
14 220
23 220
43 220
59 220
73 220
83 220
84 220
89 220
96 220
101 220
152 220
157 220
162 220
175 220
178 220
181 220
188 220
192 220
197 220
204 220
205 220
17 221
29 221
45 221
46 221
48 221
63 221
75 221
89 221
97 221
99 221
112 221
119 221
123 221
125 221
126 221
129 221
139 221
142 221
160 221
174 221
188 221
190 221
191 221
208 221
210 221
212 221
9 222
17 222
22 222
34 222
41 222
66 222
107 222
125 222
129 222
151 222
168 222
170 222
191 222
197 222
201 222
202 222
218 222
15 223
28 223
29 223
43 223
51 223
84 223
108 223
118 223
143 223
145 223
154 223
162 223
170 223
183 223
209 223
219 223
4 224
5 224
47 224
68 224
70 224
75 224
80 224
86 224
91 224
109 224
124 224
142 224
171 224
209 224
211 224
17 225
29 225
55 225
58 225
59 225
76 225
87 225
105 225
118 225
119 225
127 225
129 225
134 225
144 225
150 225
162 225
167 225
170 225
176 225
187 225
205 225
215 225
221 225
2 226
6 226
7 226
9 226
14 226
23 226
42 226
61 226
64 226
92 226
94 226
104 226
115 226
126 226
142 226
153 226
199 226
208 226
216 226
1 227
5 227
31 227
39 227
47 227
51 227
55 227
61 227
70 227
81 227
95 227
118 227
139 227
142 227
147 227
148 227
149 227
157 227
160 227
188 227
2 228
7 228
9 228
27 228
29 228
31 228
54 228
57 228
82 228
100 228
105 228
121 228
133 228
140 228
147 228
170 228
183 228
188 228
216 228
217 228
220 228
221 228
0 229
9 229
44 229
45 229
49 229
54 229
77 229
101 229
109 229
135 229
147 229
149 229
157 229
182 229
192 229
206 229
10 230
20 230
25 230
33 230
35 230
36 230
38 230
66 230
77 230
87 230
92 230
117 230
123 230
144 230
164 230
170 230
185 230
1 231
6 231
29 231
42 231
51 231
60 231
63 231
72 231
93 231
107 231
142 231
149 231
157 231
178 231
179 231
182 231
190 231
192 231
195 231
203 231
205 231
206 231
210 231
221 231
5 232
12 232
15 232
28 232
45 232
68 232
77 232
113 232
114 232
119 232
138 232
142 232
143 232
147 232
204 232
215 232
221 232
27 233
37 233
46 233
56 233
57 233
62 233
65 233
66 233
72 233
79 233
88 233
91 233
109 233
113 233
116 233
120 233
165 233
172 233
181 233
185 233
210 233
7 234
38 234
39 234
47 234
67 234
73 234
75 234
84 234
87 234
95 234
117 234
128 234
133 234
137 234
150 234
156 234
157 234
162 234
168 234
184 234
188 234
193 234
195 234
197 234
199 234
204 234
207 234
214 234
217 234
230 234
231 234
17 235
18 235
61 235
63 235
67 235
74 235
86 235
87 235
91 235
99 235
100 235
119 235
141 235
147 235
171 235
174 235
175 235
212 235
7 236
10 236
16 236
21 236
43 236
46 236
54 236
69 236
90 236
93 236
96 236
119 236
146 236
157 236
160 236
162 236
186 236
191 236
198 236
214 236
224 236
9 237
12 237
42 237
50 237
62 237
63 237
69 237
91 237
99 237
107 237
115 237
129 237
134 237
138 237
152 237
179 237
188 237
3 238
13 238
16 238
35 238
39 238
55 238
68 238
76 238
108 238
127 238
129 238
141 238
157 238
169 238
171 238
172 238
200 238
201 238
202 238
217 238
221 238
224 238
228 238
14 239
17 239
30 239
31 239
36 239
38 239
47 239
58 239
63 239
75 239
95 239
105 239
108 239
125 239
134 239
138 239
167 239
188 239
194 239
210 239
224 239
225 239
227 239
232 239
9 240
16 240
19 240
24 240
40 240
42 240
52 240
54 240
55 240
60 240
66 240
67 240
106 240
115 240
127 240
134 240
138 240
146 240
167 240
169 240
178 240
184 240
200 240
208 240
226 240
227 240
230 240
4 241
17 241
18 241
23 241
47 241
57 241
61 241
66 241
104 241
112 241
114 241
125 241
135 241
146 241
147 241
161 241
174 241
190 241
192 241
193 241
195 241
200 241
218 241
6 242
16 242
25 242
38 242
56 242
72 242
85 242
98 242
109 242
116 242
133 242
139 242
144 242
168 242
170 242
180 242
228 242
15 243
20 243
22 243
33 243
34 243
38 243
46 243
58 243
68 243
69 243
84 243
104 243
113 243
124 243
126 243
134 243
135 243
178 243
184 243
185 243
221 243
227 243
231 243
15 244
23 244
26 244
39 244
41 244
48 244
53 244
61 244
88 244
125 244
130 244
153 244
157 244
160 244
173 244
175 244
179 244
189 244
199 244
205 244
211 244
212 244
240 244
242 244
243 244
19 245
25 245
27 245
29 245
39 245
42 245
45 245
50 245
63 245
71 245
101 245
107 245
114 245
124 245
127 245
159 245
173 245
184 245
191 245
196 245
202 245
218 245
242 245
0 246
8 246
15 246
17 246
25 246
30 246
35 246
37 246
64 246
68 246
88 246
99 246
120 246
123 246
142 246
165 246
189 246
202 246
212 246
224 246
227 246
229 246
241 246
11 247
18 247
32 247
41 247
49 247
55 247
61 247
62 247
63 247
73 247
74 247
83 247
94 247
99 247
108 247
115 247
126 247
145 247
156 247
162 247
170 247
179 247
184 247
192 247
196 247
201 247
202 247
204 247
11 248
23 248
33 248
35 248
46 248
56 248
75 248
85 248
90 248
98 248
128 248
131 248
152 248
164 248
172 248
192 248
205 248
208 248
212 248
219 248
228 248
231 248
233 248
241 248
20 249
21 249
38 249
56 249
67 249
68 249
87 249
94 249
96 249
109 249
120 249
131 249
140 249
153 249
158 249
159 249
164 249
177 249
182 249
188 249
214 249
216 249
227 249
231 249
1 250
3 250
13 250
15 250
31 250
32 250
33 250
55 250
64 250
76 250
77 250
78 250
84 250
99 250
132 250
136 250
151 250
165 250
180 250
182 250
187 250
215 250
224 250
229 250
238 250
1 251
11 251
15 251
19 251
23 251
34 251
36 251
43 251
45 251
49 251
50 251
62 251
90 251
93 251
100 251
114 251
115 251
121 251
124 251
127 251
137 251
152 251
170 251
184 251
196 251
208 251
221 251
222 251
223 251
230 251
235 251
240 251
12 252
24 252
32 252
49 252
55 252
71 252
79 252
83 252
92 252
115 252
128 252
136 252
154 252
156 252
162 252
164 252
165 252
195 252
211 252
8 253
15 253
21 253
25 253
39 253
49 253
54 253
55 253
57 253
65 253
80 253
101 253
112 253
115 253
116 253
124 253
126 253
138 253
151 253
163 253
166 253
167 253
186 253
202 253
212 253
213 253
215 253
222 253
237 253
9 254
43 254
47 254
53 254
63 254
64 254
71 254
86 254
90 254
93 254
100 254
120 254
122 254
138 254
150 254
157 254
162 254
177 254
187 254
210 254
212 254
235 254
237 254
250 254
4 255
30 255
34 255
57 255
76 255
77 255
79 255
84 255
115 255
193 255
220 255
225 255
226 255
235 255
237 255
239 255
252 255
24 256
27 256
29 256
35 256
37 256
41 256
43 256
79 256
82 256
115 256
171 256
173 256
180 256
188 256
194 256
200 256
203 256
204 256
216 256
219 256
237 256
11 257
14 257
29 257
42 257
55 257
64 257
71 257
91 257
101 257
116 257
139 257
140 257
141 257
150 257
168 257
189 257
195 257
199 257
219 257
229 257
230 257
243 257
2 258
15 258
17 258
33 258
37 258
41 258
47 258
76 258
106 258
107 258
123 258
126 258
139 258
145 258
180 258
189 258
198 258
202 258
205 258
211 258
224 258
238 258
242 258
243 258
244 258
249 258
1 259
10 259
23 259
24 259
33 259
47 259
48 259
64 259
75 259
80 259
82 259
84 259
101 259
105 259
117 259
123 259
128 259
157 259
190 259
194 259
227 259
228 259
250 259
2 260
37 260
40 260
41 260
63 260
77 260
85 260
113 260
116 260
128 260
155 260
192 260
205 260
236 260
238 260
239 260
242 260
244 260
26 261
55 261
59 261
63 261
66 261
78 261
86 261
98 261
107 261
110 261
113 261
121 261
131 261
154 261
156 261
175 261
184 261
192 261
193 261
194 261
207 261
209 261
227 261
234 261
239 261
245 261
12 262
18 262
20 262
23 262
37 262
41 262
56 262
60 262
81 262
84 262
92 262
106 262
120 262
141 262
145 262
170 262
178 262
179 262
180 262
211 262
212 262
214 262
215 262
224 262
240 262
243 262
246 262
253 262
4 263
25 263
38 263
48 263
50 263
55 263
63 263
76 263
102 263
112 263
115 263
121 263
129 263
148 263
156 263
163 263
169 263
199 263
244 263
245 263
247 263
47 264
66 264
107 264
112 264
124 264
161 264
171 264
183 264
193 264
209 264
212 264
218 264
230 264
240 264
250 264
3 265
23 265
24 265
30 265
43 265
50 265
57 265
84 265
87 265
91 265
109 265
120 265
127 265
140 265
141 265
148 265
149 265
158 265
171 265
182 265
185 265
188 265
189 265
195 265
217 265
233 265
249 265
260 265
16 266
17 266
31 266
37 266
80 266
81 266
91 266
126 266
172 266
180 266
182 266
186 266
187 266
197 266
199 266
206 266
228 266
232 266
248 266
28 267
58 267
69 267
76 267
89 267
99 267
106 267
123 267
140 267
152 267
179 267
183 267
218 267
220 267
227 267
232 267
241 267
246 267
1 268
5 268
18 268
22 268
45 268
58 268
94 268
116 268
124 268
127 268
145 268
157 268
162 268
169 268
176 268
205 268
211 268
212 268
219 268
221 268
242 268
247 268
254 268
258 268
260 268
263 268
8 269
11 269
13 269
18 269
27 269
45 269
51 269
61 269
78 269
80 269
84 269
88 269
90 269
95 269
106 269
109 269
111 269
121 269
125 269
127 269
138 269
172 269
173 269
177 269
183 269
194 269
198 269
200 269
204 269
205 269
218 269
229 269
233 269
239 269
253 269
256 269
267 269
6 270
20 270
44 270
52 270
84 270
88 270
111 270
129 270
133 270
146 270
152 270
154 270
161 270
189 270
196 270
202 270
211 270
245 270
4 271
11 271
34 271
38 271
56 271
59 271
79 271
98 271
103 271
112 271
127 271
140 271
152 271
153 271
158 271
166 271
167 271
168 271
173 271
177 271
181 271
183 271
194 271
195 271
197 271
222 271
236 271
244 271
28 272
33 272
53 272
59 272
60 272
73 272
76 272
84 272
129 272
136 272
143 272
148 272
167 272
171 272
182 272
199 272
209 272
211 272
212 272
232 272
235 272
24 273
28 273
35 273
40 273
66 273
90 273
91 273
92 273
103 273
106 273
116 273
124 273
125 273
173 273
180 273
186 273
189 273
195 273
205 273
223 273
232 273
242 273
252 273
255 273
260 273
3 274
16 274
17 274
27 274
36 274
44 274
50 274
51 274
53 274
62 274
65 274
69 274
99 274
104 274
112 274
115 274
144 274
155 274
176 274
203 274
214 274
221 274
229 274
231 274
243 274
246 274
258 274
3 275
8 275
19 275
27 275
34 275
60 275
62 275
118 275
131 275
143 275
161 275
163 275
175 275
176 275
185 275
225 275
227 275
228 275
246 275
19 276
36 276
59 276
60 276
65 276
79 276
99 276
101 276
113 276
149 276
152 276
170 276
185 276
199 276
212 276
217 276
218 276
225 276
229 276
233 276
244 276
251 276
253 276
254 276
7 277
22 277
25 277
53 277
71 277
78 277
91 277
95 277
124 277
131 277
135 277
153 277
154 277
166 277
175 277
195 277
238 277
240 277
241 277
247 277
1 278
20 278
30 278
54 278
62 278
72 278
90 278
104 278
116 278
130 278
131 278
142 278
147 278
150 278
154 278
158 278
160 278
191 278
192 278
195 278
197 278
211 278
216 278
236 278
251 278
22 279
28 279
34 279
47 279
81 279
82 279
94 279
96 279
107 279
131 279
139 279
148 279
151 279
160 279
165 279
166 279
187 279
195 279
197 279
216 279
220 279
221 279
225 279
228 279
230 279
265 279
269 279
278 279
2 280
4 280
21 280
41 280
60 280
65 280
75 280
99 280
108 280
112 280
116 280
118 280
132 280
167 280
189 280
195 280
197 280
207 280
211 280
214 280
215 280
222 280
232 280
237 280
258 280
264 280
269 280
274 280
1 281
4 281
7 281
13 281
24 281
25 281
38 281
47 281
51 281
54 281
83 281
91 281
95 281
98 281
105 281
121 281
124 281
134 281
135 281
149 281
152 281
178 281
185 281
212 281
223 281
231 281
243 281
253 281
258 281
7 282
24 282
26 282
32 282
40 282
50 282
72 282
80 282
96 282
109 282
113 282
119 282
124 282
126 282
134 282
138 282
140 282
155 282
159 282
166 282
168 282
175 282
184 282
197 282
198 282
199 282
225 282
227 282
236 282
237 282
245 282
4 283
14 283
23 283
48 283
49 283
106 283
110 283
114 283
116 283
122 283
129 283
165 283
171 283
183 283
213 283
228 283
259 283
262 283
269 283
26 284
27 284
44 284
72 284
74 284
76 284
99 284
101 284
120 284
134 284
138 284
139 284
146 284
152 284
178 284
186 284
215 284
218 284
241 284
247 284
251 284
1 285
21 285
27 285
56 285
72 285
80 285
89 285
93 285
101 285
117 285
119 285
124 285
149 285
163 285
166 285
174 285
176 285
182 285
184 285
212 285
215 285
218 285
233 285
242 285
246 285
261 285
272 285
274 285
276 285
25 286
39 286
40 286
42 286
55 286
60 286
64 286
91 286
97 286
99 286
119 286
121 286
135 286
144 286
145 286
150 286
152 286
155 286
163 286
187 286
193 286
195 286
202 286
211 286
225 286
228 286
239 286
264 286
17 287
22 287
23 287
25 287
27 287
48 287
78 287
79 287
85 287
89 287
103 287
108 287
110 287
127 287
139 287
142 287
165 287
173 287
195 287
208 287
215 287
230 287
242 287
256 287
260 287
277 287
2 288
15 288
20 288
34 288
35 288
48 288
57 288
80 288
89 288
130 288
139 288
147 288
164 288
181 288
183 288
209 288
222 288
224 288
235 288
237 288
241 288
244 288
252 288
12 289
27 289
33 289
47 289
52 289
59 289
75 289
82 289
95 289
107 289
111 289
116 289
124 289
125 289
139 289
151 289
159 289
171 289
176 289
193 289
201 289
219 289
230 289
8 290
20 290
26 290
37 290
44 290
46 290
63 290
65 290
68 290
72 290
87 290
89 290
105 290
107 290
111 290
113 290
116 290
134 290
136 290
137 290
147 290
157 290
169 290
184 290
186 290
187 290
195 290
197 290
226 290
237 290
249 290
252 290
253 290
258 290
32 291
33 291
41 291
65 291
75 291
116 291
120 291
144 291
148 291
153 291
178 291
179 291
201 291
204 291
205 291
223 291
225 291
227 291
234 291
235 291
251 291
253 291
262 291
272 291
279 291
285 291
287 291
10 292
35 292
41 292
58 292
71 292
86 292
88 292
96 292
108 292
113 292
122 292
124 292
130 292
142 292
178 292
195 292
201 292
203 292
205 292
237 292
243 292
244 292
266 292
267 292
278 292
283 292
8 293
12 293
15 293
19 293
28 293
45 293
54 293
80 293
88 293
92 293
93 293
105 293
106 293
114 293
118 293
124 293
130 293
134 293
139 293
147 293
152 293
179 293
181 293
185 293
191 293
195 293
211 293
221 293
225 293
252 293
254 293
264 293
268 293
4 294
17 294
21 294
39 294
40 294
50 294
51 294
56 294
87 294
106 294
107 294
123 294
126 294
137 294
143 294
159 294
175 294
193 294
202 294
205 294
209 294
212 294
216 294
254 294
259 294
261 294
262 294
269 294
2 295
18 295
28 295
64 295
65 295
88 295
109 295
111 295
133 295
134 295
139 295
140 295
161 295
166 295
212 295
215 295
228 295
236 295
254 295
255 295
261 295
275 295
287 295
39 296
45 296
49 296
64 296
70 296
75 296
91 296
97 296
109 296
111 296
121 296
124 296
126 296
135 296
142 296
143 296
152 296
153 296
166 296
168 296
186 296
198 296
213 296
214 296
225 296
229 296
251 296
258 296
272 296
29 297
32 297
34 297
51 297
88 297
104 297
111 297
118 297
119 297
133 297
179 297
190 297
195 297
252 297
256 297
262 297
268 297
14 298
16 298
24 298
70 298
79 298
109 298
111 298
120 298
126 298
127 298
135 298
166 298
178 298
182 298
221 298
225 298
246 298
251 298
284 298
6 299
29 299
30 299
48 299
71 299
75 299
79 299
86 299
87 299
139 299
140 299
141 299
174 299
180 299
189 299
205 299
209 299
211 299
216 299
218 299
223 299
242 299
264 299
268 299
286 299
