300 7787 5
2 1 6 3 2 3 9 7 5 4 6 5 1 1 1 6 5 2 3 1 1 8 1 7 1 22 4 5 2 1 2 5 4 8 4 5 1 1 5 4 1 3 5 1 1 3 20 3 7 2 2 1 9 5 4 4 9 4 3 12 3 2 3 1 4 1 1 3 11 2 24 1 16 2 1 3 2 3 1 3 2 2 1 9 4 12 3 7 4 1 1 10 6 2 14 2 9 16 7 6 7 1 16 1 9 7 2 1 3 4 3 1 2 1 13 1 4 6 2 12 6 15 1 4 1 23 3 10 5 8 3 1 4 4 3 4 3 1 1 4 3 9 9 6 3 21 1 6 5 1 2 2 1 1 10 6 1 6 3 4 7 5 12 15 8 17 8 10 2 4 1 4 5 6 1 3 7 7 1 3 2 3 11 2 1 1 1 2 8 6 5 8 3 2 2 10 8 9 9 6 7 1 1 5 2 1 10 3 8 2 1 2 1 6 2 6 11 2 13 16 3 7 1 18 20 3 3 7 3 12 3 1 1 2 5 1 4 1 2 9 12 30 10 2 3 5 3 2 11 3 1 3 2 5 9 5 1 6 6 2 7 7 4 1 3 7 8 8 6 2 10 1 1 30 2 2 2 1 9 3 2 3 6 5 6 13 5 1 6 2 8 1 18 4 3 4 3 7 10 10
0 3
0 4
1 4
4 6
5 7
5 8
1 9
0 10
6 11
2 12
7 12
2 13
8 13
12 13
2 14
3 14
3 15
6 15
7 15
12 15
3 16
7 16
10 16
11 16
13 16
1 17
10 17
1 18
2 18
7 18
3 19
4 19
11 19
12 19
6 20
11 20
12 20
0 21
4 21
17 21
3 22
5 22
6 22
10 22
14 22
4 23
7 23
9 23
11 23
14 23
18 23
1 24
18 24
1 25
3 25
10 25
15 25
18 25
19 25
4 26
11 26
13 26
14 26
16 26
18 26
24 26
25 26
1 27
9 27
10 27
15 27
22 27
23 27
25 27
1 28
2 28
13 28
16 28
22 28
24 28
7 29
14 29
17 29
21 29
22 29
24 29
25 29
1 30
10 30
12 30
20 30
22 30
2 31
12 31
14 31
18 31
19 31
4 32
18 32
29 32
1 33
11 33
21 33
30 33
32 33
0 34
14 34
15 34
17 34
18 34
23 34
4 35
6 35
7 35
14 35
20 35
8 36
12 36
16 36
19 36
25 36
30 36
35 36
0 37
7 37
15 37
16 37
30 37
32 37
34 37
2 38
7 38
15 38
16 38
23 38
25 38
28 38
31 38
8 39
17 39
20 39
24 39
0 40
2 40
11 40
25 40
31 40
6 41
9 41
10 41
35 41
37 41
19 42
26 42
29 42
31 42
40 42
10 43
17 43
18 43
25 43
26 43
36 43
0 44
3 44
4 44
8 44
9 44
11 44
23 44
25 44
26 44
28 44
29 44
10 45
13 45
14 45
21 45
29 45
32 45
34 45
42 45
43 45
1 46
2 46
3 46
6 46
11 46
20 46
25 46
34 46
35 46
36 46
37 46
43 46
1 47
5 47
14 47
20 47
21 47
24 47
28 47
34 47
36 47
1 48
7 48
11 48
12 48
14 48
28 48
37 48
42 48
4 49
8 49
9 49
19 49
36 49
38 49
39 49
43 49
48 49
4 50
10 50
11 50
14 50
21 50
30 50
35 50
38 50
39 50
43 50
47 50
49 50
5 51
6 51
7 51
8 51
10 51
11 51
14 51
15 51
26 51
33 51
34 51
37 51
44 51
3 52
6 52
13 52
20 52
22 52
25 52
32 52
35 52
46 52
50 52
51 52
2 53
7 53
17 53
22 53
30 53
45 53
50 53
11 54
16 54
25 54
28 54
30 54
31 54
35 54
36 54
49 54
50 54
51 54
1 55
5 55
9 55
11 55
24 55
27 55
37 55
42 55
2 56
14 56
17 56
21 56
23 56
24 56
31 56
36 56
44 56
47 56
49 56
2 57
4 57
9 57
13 57
15 57
22 57
39 57
42 57
49 57
0 58
13 58
14 58
19 58
23 58
25 58
31 58
32 58
36 58
45 58
8 59
17 59
20 59
25 59
26 59
31 59
34 59
42 59
53 59
55 59
8 60
9 60
20 60
21 60
23 60
28 60
29 60
38 60
42 60
49 60
52 60
54 60
56 60
2 61
6 61
8 61
15 61
16 61
23 61
25 61
29 61
34 61
50 61
53 61
54 61
55 61
58 61
1 62
11 62
13 62
16 62
33 62
35 62
41 62
52 62
57 62
0 63
15 63
18 63
20 63
23 63
32 63
33 63
36 63
39 63
43 63
46 63
50 63
51 63
52 63
59 63
16 64
19 64
20 64
21 64
26 64
29 64
32 64
33 64
37 64
40 64
52 64
1 65
7 65
13 65
15 65
22 65
23 65
25 65
30 65
41 65
48 65
51 65
56 65
61 65
64 65
10 66
11 66
22 66
25 66
46 66
59 66
62 66
64 66
10 67
14 67
23 67
35 67
37 67
38 67
53 67
54 67
57 67
59 67
61 67
62 67
1 68
9 68
12 68
14 68
16 68
18 68
20 68
22 68
25 68
27 68
31 68
33 68
37 68
42 68
47 68
56 68
3 69
7 69
8 69
9 69
15 69
22 69
26 69
29 69
31 69
35 69
39 69
59 69
67 69
68 69
0 70
1 70
15 70
17 70
19 70
20 70
23 70
25 70
27 70
32 70
34 70
39 70
47 70
48 70
52 70
55 70
63 70
64 70
68 70
69 70
6 71
17 71
22 71
24 71
29 71
31 71
37 71
41 71
42 71
43 71
44 71
49 71
60 71
64 71
21 72
24 72
26 72
29 72
30 72
40 72
42 72
50 72
52 72
61 72
4 73
19 73
26 73
31 73
32 73
38 73
44 73
48 73
55 73
5 74
9 74
10 74
14 74
15 74
16 74
17 74
25 74
35 74
37 74
40 74
43 74
45 74
47 74
49 74
50 74
52 74
56 74
58 74
59 74
60 74
61 74
18 75
20 75
27 75
35 75
51 75
72 75
9 76
16 76
17 76
18 76
24 76
30 76
32 76
33 76
38 76
42 76
47 76
52 76
56 76
58 76
60 76
64 76
65 76
0 77
3 77
20 77
21 77
33 77
39 77
57 77
59 77
61 77
2 78
3 78
4 78
6 78
9 78
29 78
33 78
37 78
59 78
60 78
69 78
2 79
9 79
15 79
17 79
23 79
25 79
28 79
36 79
38 79
42 79
45 79
47 79
48 79
54 79
72 79
73 79
3 80
10 80
17 80
20 80
22 80
29 80
44 80
45 80
47 80
48 80
54 80
56 80
62 80
73 80
79 80
0 81
9 81
13 81
20 81
21 81
22 81
23 81
26 81
27 81
28 81
47 81
51 81
66 81
69 81
74 81
75 81
76 81
77 81
79 81
80 81
1 82
7 82
26 82
28 82
37 82
48 82
51 82
56 82
61 82
72 82
79 82
81 82
1 83
2 83
6 83
14 83
15 83
16 83
25 83
30 83
55 83
58 83
60 83
61 83
65 83
74 83
77 83
81 83
1 84
3 84
5 84
24 84
27 84
28 84
32 84
38 84
39 84
53 84
60 84
62 84
66 84
75 84
79 84
81 84
1 85
63 85
64 85
68 85
71 85
75 85
77 85
82 85
21 86
37 86
38 86
40 86
47 86
48 86
51 86
54 86
57 86
59 86
63 86
64 86
66 86
73 86
79 86
80 86
85 86
1 87
7 87
11 87
16 87
17 87
18 87
19 87
28 87
31 87
37 87
40 87
52 87
53 87
62 87
71 87
76 87
80 87
5 88
17 88
21 88
24 88
29 88
37 88
42 88
43 88
45 88
48 88
53 88
55 88
63 88
70 88
87 88
0 89
2 89
4 89
13 89
19 89
21 89
37 89
42 89
53 89
63 89
64 89
78 89
79 89
6 90
8 90
9 90
17 90
19 90
20 90
24 90
25 90
28 90
44 90
51 90
53 90
62 90
68 90
69 90
70 90
79 90
84 90
3 91
21 91
28 91
29 91
31 91
45 91
50 91
56 91
60 91
61 91
63 91
64 91
73 91
77 91
81 91
90 91
4 92
8 92
20 92
31 92
36 92
49 92
51 92
52 92
54 92
60 92
66 92
67 92
71 92
80 92
8 93
11 93
16 93
24 93
39 93
45 93
46 93
48 93
53 93
58 93
67 93
69 93
72 93
77 93
82 93
1 94
2 94
3 94
11 94
15 94
16 94
19 94
26 94
28 94
33 94
52 94
54 94
71 94
76 94
10 95
11 95
20 95
21 95
22 95
23 95
34 95
37 95
40 95
44 95
46 95
56 95
65 95
78 95
79 95
89 95
8 96
17 96
18 96
26 96
35 96
60 96
61 96
62 96
70 96
87 96
95 96
2 97
5 97
14 97
19 97
21 97
27 97
35 97
40 97
43 97
44 97
46 97
51 97
59 97
61 97
62 97
73 97
76 97
77 97
79 97
87 97
91 97
9 98
11 98
17 98
20 98
25 98
34 98
35 98
60 98
61 98
68 98
71 98
74 98
76 98
82 98
85 98
89 98
94 98
96 98
12 99
13 99
19 99
21 99
24 99
33 99
37 99
49 99
52 99
53 99
62 99
67 99
76 99
77 99
78 99
91 99
94 99
95 99
33 100
41 100
43 100
53 100
57 100
66 100
70 100
75 100
77 100
78 100
80 100
81 100
88 100
89 100
91 100
94 100
96 100
1 101
5 101
7 101
9 101
17 101
23 101
28 101
32 101
37 101
39 101
45 101
68 101
69 101
70 101
74 101
77 101
15 102
16 102
17 102
29 102
34 102
36 102
44 102
46 102
60 102
62 102
64 102
71 102
73 102
75 102
80 102
85 102
89 102
99 102
100 102
5 103
7 103
9 103
10 103
14 103
15 103
20 103
38 103
43 103
44 103
49 103
50 103
54 103
67 103
88 103
94 103
98 103
7 104
31 104
32 104
43 104
45 104
50 104
57 104
60 104
69 104
73 104
74 104
77 104
79 104
81 104
90 104
98 104
100 104
103 104
0 105
12 105
14 105
20 105
23 105
29 105
41 105
55 105
60 105
61 105
73 105
82 105
101 105
13 106
20 106
23 106
25 106
33 106
35 106
41 106
46 106
63 106
86 106
92 106
97 106
2 107
4 107
10 107
16 107
19 107
24 107
27 107
29 107
35 107
37 107
40 107
44 107
67 107
69 107
79 107
83 107
86 107
87 107
97 107
100 107
4 108
11 108
13 108
17 108
23 108
31 108
34 108
42 108
57 108
60 108
61 108
63 108
64 108
72 108
74 108
79 108
85 108
89 108
95 108
96 108
97 108
102 108
106 108
0 109
3 109
6 109
16 109
17 109
19 109
28 109
29 109
33 109
41 109
49 109
57 109
67 109
73 109
89 109
91 109
0 110
27 110
37 110
38 110
48 110
51 110
56 110
61 110
64 110
76 110
80 110
85 110
92 110
97 110
102 110
109 110
20 111
30 111
37 111
48 111
51 111
59 111
60 111
67 111
70 111
88 111
92 111
93 111
100 111
106 111
110 111
4 112
21 112
33 112
42 112
43 112
46 112
47 112
49 112
54 112
64 112
65 112
66 112
67 112
72 112
74 112
75 112
94 112
100 112
101 112
103 112
104 112
3 113
4 113
7 113
10 113
15 113
16 113
20 113
42 113
46 113
48 113
52 113
53 113
57 113
60 113
64 113
65 113
74 113
92 113
94 113
98 113
100 113
1 114
10 114
12 114
13 114
16 114
17 114
19 114
28 114
30 114
42 114
47 114
49 114
62 114
67 114
75 114
80 114
85 114
100 114
101 114
104 114
109 114
111 114
3 115
8 115
9 115
11 115
19 115
20 115
21 115
31 115
32 115
33 115
34 115
36 115
37 115
41 115
43 115
44 115
50 115
51 115
52 115
53 115
56 115
62 115
64 115
70 115
71 115
76 115
78 115
85 115
93 115
97 115
102 115
105 115
108 115
113 115
2 116
9 116
19 116
25 116
27 116
47 116
49 116
51 116
55 116
57 116
77 116
80 116
101 116
105 116
108 116
109 116
110 116
112 116
1 117
9 117
13 117
38 117
43 117
54 117
56 117
57 117
59 117
67 117
78 117
82 117
85 117
87 117
96 117
98 117
104 117
106 117
108 117
109 117
112 117
5 118
9 118
11 118
17 118
30 118
31 118
42 118
48 118
65 118
66 118
72 118
79 118
85 118
86 118
87 118
92 118
96 118
103 118
104 118
111 118
116 118
6 119
11 119
14 119
17 119
19 119
35 119
43 119
49 119
50 119
52 119
72 119
79 119
81 119
85 119
89 119
95 119
113 119
2 120
6 120
7 120
12 120
13 120
16 120
27 120
43 120
46 120
49 120
51 120
63 120
72 120
74 120
75 120
78 120
79 120
83 120
85 120
88 120
97 120
99 120
118 120
2 121
4 121
10 121
15 121
16 121
31 121
37 121
40 121
43 121
52 121
59 121
63 121
71 121
72 121
79 121
80 121
86 121
87 121
89 121
90 121
91 121
95 121
97 121
98 121
101 121
103 121
106 121
114 121
115 121
0 122
6 122
64 122
68 122
69 122
74 122
76 122
84 122
86 122
89 122
90 122
95 122
100 122
105 122
107 122
0 123
8 123
15 123
16 123
17 123
34 123
40 123
43 123
45 123
50 123
52 123
53 123
56 123
60 123
75 123
85 123
88 123
91 123
94 123
106 123
107 123
108 123
111 123
113 123
117 123
118 123
120 123
6 124
12 124
14 124
28 124
29 124
35 124
37 124
38 124
48 124
51 124
64 124
78 124
87 124
91 124
94 124
95 124
102 124
6 125
31 125
33 125
36 125
40 125
48 125
67 125
75 125
80 125
82 125
86 125
89 125
98 125
105 125
110 125
117 125
121 125
19 126
25 126
31 126
35 126
38 126
39 126
41 126
54 126
56 126
64 126
65 126
74 126
78 126
79 126
81 126
93 126
94 126
97 126
99 126
103 126
114 126
115 126
117 126
121 126
125 126
14 127
17 127
22 127
23 127
30 127
31 127
33 127
54 127
65 127
69 127
78 127
82 127
86 127
87 127
88 127
89 127
95 127
97 127
124 127
17 128
20 128
25 128
26 128
29 128
36 128
45 128
53 128
60 128
64 128
65 128
72 128
79 128
85 128
87 128
103 128
105 128
112 128
114 128
121 128
127 128
2 129
3 129
19 129
21 129
26 129
28 129
30 129
40 129
42 129
51 129
52 129
55 129
64 129
70 129
75 129
76 129
87 129
94 129
95 129
98 129
103 129
107 129
111 129
112 129
115 129
117 129
122 129
125 129
4 130
15 130
19 130
21 130
31 130
39 130
42 130
47 130
52 130
61 130
62 130
66 130
75 130
87 130
90 130
91 130
99 130
108 130
111 130
113 130
114 130
122 130
124 130
2 131
7 131
11 131
12 131
24 131
29 131
49 131
51 131
52 131
61 131
69 131
77 131
79 131
100 131
104 131
114 131
115 131
120 131
121 131
127 131
1 132
3 132
4 132
5 132
7 132
8 132
9 132
19 132
21 132
25 132
26 132
27 132
30 132
44 132
46 132
64 132
75 132
84 132
96 132
104 132
107 132
112 132
116 132
128 132
5 133
11 133
15 133
19 133
23 133
42 133
46 133
52 133
55 133
68 133
75 133
80 133
83 133
85 133
97 133
104 133
112 133
122 133
124 133
2 134
4 134
15 134
17 134
18 134
24 134
26 134
27 134
38 134
39 134
50 134
58 134
61 134
64 134
69 134
71 134
78 134
83 134
86 134
94 134
110 134
114 134
119 134
124 134
129 134
132 134
4 135
14 135
20 135
22 135
28 135
34 135
35 135
40 135
41 135
42 135
44 135
46 135
47 135
49 135
54 135
62 135
63 135
65 135
72 135
74 135
80 135
83 135
95 135
106 135
108 135
111 135
118 135
123 135
124 135
3 136
5 136
10 136
20 136
24 136
33 136
36 136
46 136
52 136
54 136
86 136
89 136
94 136
99 136
101 136
107 136
113 136
117 136
122 136
125 136
127 136
6 137
12 137
13 137
15 137
17 137
19 137
26 137
32 137
44 137
47 137
56 137
67 137
74 137
78 137
80 137
89 137
101 137
105 137
108 137
111 137
118 137
120 137
136 137
17 138
31 138
34 138
35 138
36 138
50 138
55 138
61 138
68 138
79 138
91 138
92 138
100 138
103 138
104 138
110 138
114 138
115 138
116 138
119 138
123 138
124 138
133 138
136 138
2 139
5 139
6 139
9 139
20 139
23 139
26 139
27 139
29 139
31 139
41 139
43 139
46 139
54 139
69 139
70 139
73 139
74 139
79 139
89 139
93 139
94 139
127 139
134 139
6 140
9 140
10 140
13 140
14 140
16 140
25 140
35 140
36 140
38 140
40 140
43 140
44 140
48 140
49 140
51 140
56 140
60 140
65 140
68 140
70 140
84 140
89 140
96 140
98 140
100 140
102 140
118 140
123 140
125 140
132 140
3 141
6 141
7 141
10 141
25 141
28 141
29 141
35 141
36 141
42 141
51 141
52 141
70 141
71 141
73 141
77 141
84 141
86 141
93 141
94 141
107 141
111 141
112 141
126 141
138 141
139 141
3 142
7 142
10 142
26 142
29 142
33 142
41 142
42 142
51 142
61 142
63 142
64 142
70 142
71 142
76 142
85 142
86 142
88 142
94 142
101 142
109 142
111 142
114 142
119 142
126 142
136 142
137 142
138 142
4 143
6 143
11 143
12 143
23 143
27 143
33 143
51 143
75 143
77 143
78 143
89 143
91 143
92 143
103 143
105 143
108 143
109 143
112 143
117 143
128 143
138 143
139 143
1 144
5 144
6 144
8 144
14 144
16 144
20 144
39 144
40 144
42 144
44 144
49 144
54 144
55 144
58 144
70 144
72 144
74 144
77 144
78 144
84 144
90 144
91 144
92 144
94 144
104 144
106 144
111 144
115 144
122 144
123 144
124 144
132 144
137 144
10 145
12 145
20 145
35 145
36 145
60 145
62 145
65 145
73 145
76 145
84 145
90 145
93 145
96 145
106 145
120 145
133 145
140 145
2 146
4 146
7 146
8 146
23 146
33 146
41 146
44 146
58 146
64 146
65 146
74 146
87 146
88 146
90 146
93 146
97 146
98 146
105 146
110 146
111 146
122 146
124 146
131 146
132 146
134 146
138 146
139 146
140 146
2 147
6 147
13 147
26 147
28 147
31 147
43 147
45 147
50 147
57 147
60 147
62 147
74 147
79 147
86 147
89 147
114 147
121 147
122 147
133 147
143 147
0 148
10 148
14 148
19 148
33 148
48 148
57 148
67 148
77 148
85 148
86 148
87 148
89 148
91 148
123 148
124 148
125 148
133 148
144 148
0 149
7 149
22 149
23 149
25 149
30 149
31 149
56 149
58 149
59 149
69 149
83 149
91 149
93 149
94 149
96 149
101 149
119 149
121 149
138 149
139 149
144 149
5 150
9 150
19 150
23 150
35 150
36 150
38 150
41 150
44 150
48 150
76 150
79 150
80 150
85 150
98 150
100 150
101 150
104 150
106 150
119 150
136 150
147 150
3 151
5 151
13 151
27 151
39 151
41 151
51 151
59 151
64 151
67 151
74 151
82 151
90 151
91 151
97 151
98 151
117 151
123 151
142 151
148 151
7 152
11 152
12 152
22 152
23 152
30 152
32 152
33 152
34 152
37 152
46 152
48 152
51 152
61 152
64 152
75 152
78 152
99 152
103 152
114 152
115 152
117 152
123 152
132 152
139 152
143 152
1 153
12 153
18 153
21 153
22 153
26 153
27 153
31 153
32 153
36 153
48 153
50 153
60 153
64 153
65 153
67 153
70 153
72 153
77 153
79 153
81 153
82 153
87 153
89 153
92 153
103 153
124 153
127 153
135 153
137 153
141 153
150 153
4 154
6 154
32 154
40 154
42 154
45 154
49 154
55 154
63 154
66 154
71 154
72 154
84 154
88 154
89 154
91 154
93 154
96 154
98 154
103 154
110 154
118 154
119 154
132 154
134 154
137 154
153 154
7 155
9 155
11 155
15 155
16 155
22 155
23 155
30 155
42 155
46 155
47 155
48 155
54 155
62 155
65 155
72 155
75 155
77 155
83 155
84 155
89 155
90 155
91 155
96 155
112 155
114 155
120 155
121 155
122 155
123 155
131 155
132 155
148 155
149 155
150 155
0 156
3 156
4 156
6 156
12 156
15 156
18 156
19 156
21 156
23 156
28 156
33 156
43 156
48 156
49 156
56 156
64 156
84 156
94 156
96 156
126 156
128 156
134 156
142 156
150 156
7 157
10 157
17 157
22 157
26 157
29 157
43 157
45 157
46 157
53 157
57 157
66 157
73 157
74 157
75 157
93 157
95 157
99 157
102 157
122 157
124 157
132 157
142 157
150 157
17 158
21 158
34 158
37 158
38 158
42 158
48 158
58 158
60 158
69 158
74 158
76 158
92 158
96 158
117 158
122 158
130 158
132 158
148 158
149 158
150 158
154 158
2 159
5 159
9 159
23 159
37 159
38 159
39 159
43 159
45 159
46 159
52 159
53 159
61 159
64 159
85 159
97 159
101 159
102 159
107 159
112 159
118 159
123 159
132 159
133 159
136 159
148 159
152 159
8 160
25 160
29 160
30 160
34 160
35 160
36 160
38 160
56 160
64 160
78 160
85 160
92 160
94 160
97 160
98 160
102 160
119 160
131 160
132 160
133 160
135 160
136 160
141 160
145 160
157 160
0 161
12 161
15 161
16 161
17 161
22 161
46 161
50 161
53 161
63 161
64 161
66 161
69 161
71 161
75 161
81 161
103 161
105 161
111 161
112 161
113 161
115 161
119 161
141 161
143 161
0 162
2 162
7 162
11 162
17 162
24 162
28 162
33 162
34 162
37 162
44 162
51 162
61 162
64 162
68 162
83 162
87 162
88 162
89 162
91 162
105 162
109 162
111 162
118 162
120 162
124 162
136 162
139 162
146 162
147 162
148 162
151 162
156 162
2 163
9 163
12 163
24 163
34 163
40 163
41 163
56 163
60 163
61 163
69 163
82 163
87 163
92 163
95 163
99 163
101 163
110 163
127 163
138 163
147 163
151 163
158 163
161 163
7 164
10 164
15 164
21 164
34 164
37 164
39 164
42 164
44 164
65 164
72 164
73 164
84 164
90 164
91 164
93 164
94 164
99 164
104 164
106 164
107 164
126 164
129 164
133 164
163 164
10 165
17 165
20 165
27 165
32 165
39 165
43 165
44 165
47 165
60 165
65 165
68 165
72 165
80 165
82 165
83 165
87 165
95 165
103 165
106 165
109 165
118 165
121 165
126 165
127 165
128 165
142 165
150 165
156 165
12 166
13 166
26 166
33 166
51 166
54 166
56 166
58 166
63 166
70 166
74 166
78 166
80 166
81 166
88 166
94 166
95 166
96 166
112 166
113 166
121 166
122 166
132 166
133 166
140 166
141 166
144 166
147 166
152 166
157 166
158 166
162 166
163 166
165 166
9 167
17 167
22 167
27 167
33 167
34 167
39 167
42 167
43 167
45 167
54 167
65 167
68 167
70 167
71 167
72 167
80 167
82 167
89 167
93 167
99 167
101 167
103 167
108 167
117 167
120 167
121 167
127 167
134 167
138 167
140 167
145 167
146 167
153 167
160 167
4 168
7 168
27 168
33 168
35 168
39 168
46 168
52 168
58 168
59 168
60 168
61 168
62 168
65 168
66 168
67 168
76 168
87 168
102 168
108 168
115 168
129 168
140 168
144 168
149 168
153 168
157 168
158 168
164 168
165 168
4 169
6 169
15 169
19 169
20 169
29 169
30 169
33 169
36 169
38 169
39 169
44 169
46 169
60 169
72 169
77 169
78 169
82 169
86 169
88 169
98 169
99 169
102 169
112 169
122 169
127 169
129 169
133 169
151 169
160 169
161 169
163 169
18 170
19 170
25 170
30 170
31 170
41 170
42 170
45 170
49 170
77 170
80 170
81 170
87 170
95 170
99 170
119 170
124 170
126 170
129 170
130 170
133 170
149 170
153 170
154 170
156 170
10 171
17 171
19 171
26 171
27 171
29 171
34 171
37 171
45 171
48 171
52 171
56 171
58 171
59 171
69 171
77 171
78 171
79 171
81 171
91 171
98 171
106 171
107 171
110 171
113 171
119 171
120 171
143 171
154 171
160 171
163 171
164 171
166 171
169 171
15 172
46 172
49 172
56 172
62 172
63 172
64 172
65 172
67 172
69 172
70 172
72 172
73 172
75 172
76 172
86 172
99 172
100 172
106 172
111 172
112 172
117 172
122 172
127 172
128 172
159 172
18 173
20 173
28 173
39 173
50 173
53 173
55 173
62 173
65 173
75 173
80 173
96 173
98 173
112 173
127 173
135 173
139 173
148 173
158 173
15 174
16 174
27 174
36 174
39 174
40 174
41 174
44 174
49 174
56 174
79 174
80 174
93 174
101 174
112 174
117 174
120 174
130 174
138 174
141 174
148 174
153 174
0 175
11 175
14 175
23 175
27 175
28 175
30 175
35 175
46 175
48 175
61 175
63 175
66 175
67 175
79 175
86 175
98 175
101 175
109 175
112 175
116 175
124 175
149 175
151 175
155 175
167 175
0 176
2 176
4 176
10 176
11 176
16 176
23 176
27 176
48 176
78 176
80 176
82 176
87 176
100 176
103 176
104 176
105 176
107 176
112 176
122 176
126 176
131 176
134 176
141 176
148 176
163 176
3 177
15 177
17 177
23 177
24 177
28 177
31 177
35 177
38 177
46 177
60 177
63 177
67 177
68 177
77 177
78 177
81 177
86 177
87 177
94 177
104 177
107 177
113 177
128 177
133 177
138 177
153 177
159 177
172 177
173 177
174 177
7 178
15 178
18 178
26 178
32 178
37 178
41 178
47 178
57 178
62 178
66 178
72 178
80 178
81 178
83 178
87 178
94 178
96 178
97 178
98 178
106 178
108 178
109 178
116 178
120 178
126 178
132 178
133 178
137 178
142 178
147 178
150 178
151 178
155 178
157 178
158 178
159 178
164 178
165 178
167 178
169 178
8 179
21 179
22 179
23 179
27 179
33 179
36 179
64 179
74 179
80 179
86 179
91 179
92 179
102 179
107 179
115 179
124 179
130 179
142 179
151 179
154 179
166 179
170 179
172 179
173 179
174 179
176 179
3 180
11 180
14 180
19 180
22 180
23 180
24 180
31 180
39 180
44 180
66 180
70 180
75 180
77 180
84 180
90 180
93 180
107 180
111 180
115 180
117 180
121 180
125 180
127 180
128 180
129 180
146 180
150 180
153 180
160 180
167 180
169 180
172 180
3 181
5 181
7 181
23 181
28 181
37 181
48 181
51 181
52 181
65 181
71 181
72 181
81 181
92 181
93 181
113 181
124 181
134 181
138 181
139 181
142 181
143 181
145 181
152 181
163 181
164 181
165 181
166 181
3 182
5 182
12 182
14 182
16 182
19 182
20 182
30 182
45 182
52 182
63 182
70 182
76 182
79 182
105 182
122 182
127 182
140 182
142 182
143 182
148 182
152 182
153 182
155 182
156 182
158 182
161 182
162 182
2 183
9 183
19 183
45 183
46 183
48 183
51 183
54 183
57 183
59 183
60 183
61 183
64 183
67 183
73 183
81 183
82 183
84 183
94 183
99 183
114 183
123 183
129 183
136 183
139 183
144 183
145 183
147 183
150 183
159 183
165 183
167 183
173 183
174 183
180 183
181 183
182 183
3 184
8 184
12 184
13 184
15 184
17 184
25 184
27 184
31 184
37 184
45 184
55 184
66 184
83 184
85 184
96 184
117 184
120 184
127 184
133 184
142 184
154 184
168 184
169 184
180 184
0 185
5 185
8 185
9 185
10 185
14 185
17 185
18 185
22 185
24 185
25 185
33 185
35 185
50 185
57 185
58 185
61 185
70 185
77 185
90 185
91 185
95 185
97 185
101 185
114 185
119 185
126 185
131 185
133 185
137 185
146 185
147 185
148 185
150 185
158 185
164 185
166 185
170 185
174 185
182 185
184 185
2 186
5 186
9 186
23 186
28 186
29 186
30 186
31 186
32 186
33 186
36 186
39 186
49 186
50 186
54 186
58 186
63 186
69 186
76 186
78 186
82 186
83 186
89 186
95 186
101 186
104 186
106 186
108 186
110 186
121 186
122 186
136 186
139 186
141 186
148 186
151 186
158 186
159 186
160 186
162 186
163 186
172 186
174 186
175 186
185 186
8 187
20 187
31 187
32 187
33 187
36 187
42 187
58 187
60 187
66 187
68 187
75 187
79 187
96 187
98 187
103 187
109 187
111 187
114 187
120 187
130 187
133 187
136 187
139 187
144 187
151 187
164 187
171 187
181 187
0 188
4 188
5 188
12 188
14 188
18 188
24 188
25 188
27 188
31 188
33 188
34 188
40 188
45 188
67 188
72 188
77 188
78 188
99 188
104 188
106 188
112 188
116 188
120 188
121 188
122 188
124 188
126 188
134 188
135 188
136 188
142 188
145 188
151 188
156 188
162 188
167 188
170 188
175 188
7 189
9 189
13 189
14 189
17 189
31 189
32 189
33 189
35 189
44 189
48 189
49 189
51 189
56 189
60 189
68 189
71 189
79 189
82 189
84 189
90 189
91 189
99 189
103 189
105 189
116 189
126 189
133 189
137 189
141 189
142 189
149 189
152 189
153 189
158 189
164 189
166 189
172 189
174 189
178 189
181 189
184 189
187 189
0 190
8 190
11 190
12 190
16 190
17 190
29 190
48 190
53 190
57 190
60 190
79 190
80 190
86 190
87 190
104 190
106 190
122 190
126 190
133 190
134 190
141 190
144 190
158 190
159 190
163 190
168 190
185 190
2 191
3 191
4 191
33 191
39 191
42 191
44 191
45 191
50 191
54 191
55 191
58 191
59 191
62 191
65 191
68 191
82 191
96 191
100 191
104 191
109 191
111 191
132 191
134 191
135 191
139 191
140 191
143 191
146 191
149 191
157 191
167 191
170 191
178 191
179 191
182 191
183 191
188 191
6 192
10 192
22 192
26 192
29 192
39 192
43 192
54 192
56 192
59 192
73 192
80 192
88 192
89 192
93 192
94 192
98 192
101 192
107 192
112 192
115 192
117 192
119 192
131 192
133 192
134 192
136 192
138 192
140 192
158 192
167 192
179 192
180 192
7 193
15 193
18 193
23 193
24 193
25 193
27 193
28 193
30 193
31 193
35 193
37 193
47 193
53 193
55 193
56 193
70 193
77 193
79 193
81 193
87 193
89 193
98 193
100 193
101 193
106 193
112 193
123 193
124 193
126 193
127 193
147 193
150 193
151 193
153 193
154 193
159 193
170 193
175 193
2 194
13 194
14 194
15 194
25 194
37 194
39 194
43 194
51 194
66 194
77 194
82 194
84 194
87 194
90 194
103 194
105 194
122 194
127 194
150 194
154 194
156 194
161 194
164 194
168 194
178 194
182 194
186 194
187 194
189 194
190 194
13 195
20 195
27 195
32 195
35 195
40 195
43 195
49 195
55 195
56 195
62 195
68 195
70 195
72 195
100 195
101 195
102 195
113 195
114 195
119 195
125 195
131 195
134 195
148 195
155 195
158 195
162 195
174 195
176 195
190 195
192 195
8 196
10 196
11 196
12 196
26 196
28 196
36 196
37 196
39 196
52 196
55 196
70 196
71 196
89 196
90 196
115 196
121 196
125 196
128 196
133 196
134 196
139 196
145 196
147 196
150 196
156 196
161 196
162 196
170 196
173 196
180 196
187 196
195 196
5 197
20 197
24 197
25 197
32 197
34 197
47 197
62 197
76 197
78 197
87 197
89 197
91 197
101 197
108 197
110 197
116 197
122 197
126 197
128 197
138 197
140 197
150 197
155 197
160 197
162 197
170 197
173 197
177 197
179 197
184 197
185 197
188 197
194 197
195 197
196 197
0 198
3 198
8 198
17 198
18 198
20 198
23 198
27 198
37 198
39 198
46 198
50 198
51 198
52 198
56 198
58 198
60 198
62 198
68 198
76 198
78 198
94 198
97 198
98 198
99 198
104 198
110 198
111 198
113 198
117 198
119 198
120 198
128 198
140 198
141 198
142 198
155 198
158 198
162 198
171 198
175 198
176 198
185 198
4 199
9 199
15 199
19 199
22 199
29 199
33 199
35 199
39 199
41 199
57 199
62 199
70 199
75 199
79 199
85 199
86 199
89 199
94 199
96 199
98 199
110 199
113 199
116 199
117 199
118 199
137 199
138 199
141 199
144 199
158 199
162 199
165 199
174 199
179 199
182 199
184 199
189 199
190 199
191 199
1 200
7 200
12 200
29 200
38 200
39 200
49 200
53 200
56 200
66 200
68 200
73 200
74 200
82 200
87 200
100 200
112 200
117 200
128 200
133 200
135 200
139 200
140 200
142 200
158 200
159 200
173 200
177 200
196 200
2 201
5 201
14 201
16 201
22 201
30 201
39 201
61 201
70 201
79 201
96 201
99 201
106 201
111 201
115 201
117 201
126 201
146 201
152 201
153 201
154 201
162 201
164 201
172 201
178 201
184 201
0 202
1 202
8 202
18 202
19 202
20 202
23 202
27 202
29 202
30 202
31 202
34 202
45 202
56 202
65 202
71 202
85 202
106 202
107 202
110 202
112 202
118 202
126 202
133 202
147 202
154 202
155 202
162 202
165 202
168 202
184 202
187 202
190 202
192 202
197 202
200 202
0 203
1 203
2 203
13 203
14 203
33 203
35 203
43 203
50 203
53 203
55 203
62 203
63 203
67 203
74 203
79 203
93 203
95 203
103 203
108 203
119 203
120 203
124 203
127 203
133 203
148 203
149 203
150 203
152 203
168 203
170 203
179 203
183 203
184 203
189 203
191 203
192 203
197 203
0 204
1 204
8 204
9 204
18 204
24 204
31 204
33 204
38 204
54 204
56 204
83 204
86 204
87 204
97 204
101 204
108 204
109 204
110 204
124 204
126 204
129 204
132 204
143 204
151 204
155 204
167 204
170 204
175 204
187 204
193 204
15 205
17 205
18 205
23 205
24 205
28 205
29 205
40 205
46 205
54 205
59 205
62 205
64 205
65 205
69 205
70 205
74 205
77 205
88 205
89 205
105 205
107 205
108 205
119 205
140 205
155 205
158 205
159 205
161 205
175 205
190 205
201 205
2 206
5 206
6 206
9 206
10 206
18 206
21 206
23 206
27 206
28 206
33 206
39 206
42 206
47 206
52 206
55 206
57 206
58 206
67 206
82 206
83 206
97 206
98 206
102 206
109 206
111 206
114 206
118 206
119 206
126 206
128 206
129 206
133 206
134 206
140 206
141 206
142 206
145 206
153 206
154 206
160 206
163 206
175 206
178 206
181 206
192 206
193 206
194 206
197 206
202 206
204 206
10 207
15 207
25 207
26 207
30 207
34 207
37 207
58 207
60 207
71 207
73 207
80 207
87 207
96 207
98 207
99 207
103 207
114 207
118 207
125 207
134 207
141 207
144 207
145 207
148 207
149 207
158 207
168 207
180 207
186 207
191 207
15 208
19 208
24 208
27 208
41 208
43 208
53 208
57 208
58 208
60 208
61 208
83 208
85 208
87 208
88 208
99 208
106 208
111 208
124 208
126 208
134 208
135 208
136 208
139 208
147 208
149 208
159 208
170 208
171 208
5 209
6 209
16 209
20 209
22 209
49 209
56 209
63 209
69 209
79 209
90 209
100 209
102 209
106 209
115 209
124 209
130 209
132 209
146 209
162 209
166 209
170 209
174 209
180 209
190 209
208 209
1 210
8 210
18 210
21 210
25 210
29 210
30 210
31 210
36 210
48 210
50 210
52 210
53 210
64 210
66 210
68 210
78 210
85 210
91 210
92 210
93 210
97 210
104 210
110 210
113 210
119 210
120 210
142 210
143 210
153 210
155 210
156 210
162 210
164 210
170 210
179 210
183 210
195 210
196 210
197 210
201 210
205 210
0 211
1 211
10 211
21 211
22 211
25 211
28 211
34 211
39 211
52 211
61 211
62 211
63 211
66 211
73 211
91 211
93 211
94 211
103 211
111 211
114 211
133 211
134 211
137 211
141 211
143 211
150 211
155 211
158 211
160 211
164 211
179 211
184 211
186 211
188 211
190 211
192 211
199 211
207 211
208 211
0 212
15 212
17 212
25 212
26 212
38 212
44 212
45 212
49 212
51 212
52 212
53 212
56 212
58 212
65 212
67 212
78 212
83 212
87 212
91 212
104 212
109 212
130 212
135 212
147 212
149 212
151 212
161 212
163 212
170 212
172 212
173 212
177 212
190 212
194 212
195 212
196 212
201 212
207 212
208 212
1 213
2 213
6 213
13 213
17 213
22 213
26 213
35 213
39 213
45 213
46 213
60 213
63 213
70 213
71 213
77 213
81 213
88 213
96 213
102 213
106 213
111 213
118 213
124 213
134 213
135 213
136 213
159 213
162 213
165 213
166 213
167 213
171 213
175 213
202 213
206 213
208 213
209 213
210 213
212 213
2 214
5 214
9 214
14 214
16 214
18 214
43 214
61 214
75 214
76 214
90 214
97 214
98 214
102 214
107 214
108 214
110 214
117 214
124 214
125 214
126 214
138 214
150 214
159 214
170 214
177 214
183 214
187 214
201 214
202 214
203 214
3 215
9 215
11 215
14 215
15 215
29 215
35 215
41 215
44 215
58 215
59 215
61 215
66 215
67 215
69 215
89 215
91 215
95 215
99 215
103 215
105 215
126 215
127 215
129 215
148 215
150 215
151 215
161 215
167 215
174 215
194 215
195 215
199 215
204 215
210 215
214 215
0 216
2 216
9 216
10 216
12 216
14 216
15 216
27 216
31 216
39 216
40 216
43 216
44 216
46 216
47 216
70 216
76 216
81 216
87 216
96 216
99 216
101 216
108 216
109 216
112 216
124 216
126 216
132 216
153 216
158 216
175 216
185 216
197 216
199 216
205 216
209 216
214 216
2 217
3 217
8 217
22 217
24 217
31 217
40 217
43 217
60 217
63 217
67 217
70 217
75 217
76 217
79 217
82 217
84 217
108 217
110 217
124 217
128 217
129 217
133 217
139 217
140 217
142 217
148 217
156 217
157 217
158 217
162 217
178 217
190 217
192 217
201 217
211 217
0 218
4 218
9 218
14 218
17 218
20 218
21 218
30 218
31 218
34 218
50 218
55 218
60 218
62 218
78 218
80 218
84 218
85 218
92 218
101 218
108 218
110 218
112 218
113 218
114 218
115 218
130 218
132 218
140 218
147 218
152 218
166 218
167 218
168 218
177 218
179 218
189 218
193 218
206 218
213 218
2 219
5 219
11 219
13 219
14 219
19 219
20 219
24 219
25 219
30 219
31 219
35 219
42 219
45 219
47 219
51 219
72 219
78 219
87 219
104 219
113 219
140 219
142 219
144 219
170 219
174 219
176 219
188 219
189 219
193 219
194 219
197 219
207 219
208 219
209 219
217 219
12 220
18 220
19 220
22 220
23 220
26 220
32 220
44 220
47 220
59 220
60 220
91 220
92 220
102 220
111 220
113 220
123 220
126 220
127 220
136 220
137 220
141 220
146 220
147 220
155 220
156 220
158 220
160 220
161 220
169 220
178 220
179 220
194 220
196 220
200 220
203 220
204 220
210 220
2 221
3 221
4 221
7 221
9 221
24 221
26 221
28 221
36 221
42 221
44 221
47 221
63 221
68 221
70 221
73 221
80 221
97 221
100 221
101 221
103 221
118 221
123 221
125 221
126 221
127 221
132 221
138 221
142 221
150 221
153 221
165 221
173 221
174 221
186 221
191 221
193 221
194 221
199 221
202 221
218 221
220 221
2 222
15 222
17 222
49 222
51 222
52 222
59 222
62 222
72 222
80 222
86 222
90 222
96 222
99 222
111 222
131 222
134 222
136 222
155 222
160 222
164 222
167 222
173 222
182 222
185 222
191 222
193 222
197 222
200 222
208 222
209 222
211 222
212 222
215 222
18 223
21 223
26 223
30 223
34 223
44 223
48 223
51 223
59 223
61 223
64 223
77 223
84 223
98 223
100 223
102 223
116 223
120 223
127 223
133 223
137 223
145 223
152 223
163 223
169 223
175 223
181 223
183 223
186 223
188 223
189 223
193 223
195 223
201 223
204 223
210 223
215 223
0 224
14 224
16 224
21 224
25 224
28 224
29 224
30 224
37 224
50 224
53 224
65 224
67 224
71 224
72 224
75 224
79 224
93 224
95 224
98 224
100 224
107 224
114 224
119 224
124 224
128 224
148 224
156 224
161 224
162 224
163 224
170 224
178 224
185 224
187 224
190 224
194 224
203 224
204 224
207 224
210 224
218 224
6 225
7 225
16 225
20 225
23 225
25 225
27 225
29 225
45 225
52 225
67 225
87 225
89 225
92 225
95 225
97 225
104 225
108 225
109 225
114 225
124 225
133 225
135 225
137 225
140 225
146 225
148 225
150 225
153 225
165 225
170 225
174 225
176 225
185 225
187 225
191 225
198 225
203 225
219 225
222 225
224 225
3 226
6 226
14 226
17 226
20 226
25 226
28 226
33 226
34 226
42 226
49 226
52 226
61 226
63 226
64 226
68 226
73 226
76 226
82 226
84 226
87 226
88 226
96 226
103 226
106 226
112 226
115 226
117 226
118 226
119 226
135 226
140 226
141 226
144 226
148 226
149 226
150 226
152 226
160 226
161 226
165 226
171 226
172 226
176 226
185 226
186 226
190 226
194 226
197 226
204 226
205 226
220 226
221 226
223 226
0 227
4 227
17 227
25 227
39 227
48 227
50 227
56 227
57 227
61 227
64 227
66 227
73 227
82 227
94 227
95 227
121 227
127 227
131 227
140 227
143 227
147 227
150 227
163 227
164 227
184 227
193 227
195 227
198 227
199 227
201 227
220 227
221 227
224 227
3 228
6 228
7 228
16 228
17 228
18 228
22 228
32 228
37 228
43 228
44 228
48 228
52 228
56 228
76 228
84 228
88 228
98 228
100 228
106 228
115 228
119 228
127 228
129 228
140 228
142 228
150 228
151 228
152 228
154 228
155 228
158 228
165 228
171 228
191 228
193 228
196 228
201 228
204 228
208 228
220 228
223 228
224 228
227 228
0 229
2 229
7 229
14 229
19 229
23 229
35 229
48 229
59 229
67 229
69 229
71 229
72 229
74 229
81 229
87 229
88 229
95 229
96 229
98 229
105 229
106 229
112 229
113 229
119 229
132 229
138 229
151 229
159 229
160 229
166 229
168 229
169 229
175 229
181 229
194 229
196 229
199 229
205 229
208 229
221 229
227 229
228 229
0 230
6 230
20 230
37 230
40 230
46 230
52 230
55 230
73 230
75 230
76 230
82 230
89 230
90 230
97 230
98 230
107 230
125 230
126 230
132 230
146 230
167 230
169 230
170 230
176 230
177 230
184 230
186 230
191 230
195 230
202 230
207 230
217 230
218 230
219 230
17 231
21 231
22 231
34 231
42 231
64 231
92 231
106 231
127 231
130 231
139 231
143 231
156 231
157 231
162 231
187 231
189 231
199 231
203 231
210 231
213 231
215 231
216 231
217 231
223 231
229 231
3 232
6 232
12 232
13 232
15 232
17 232
21 232
45 232
54 232
55 232
63 232
66 232
67 232
71 232
74 232
81 232
83 232
86 232
88 232
93 232
98 232
113 232
118 232
119 232
123 232
127 232
131 232
136 232
143 232
145 232
147 232
151 232
155 232
164 232
171 232
180 232
184 232
186 232
204 232
207 232
208 232
210 232
227 232
230 232
231 232
0 233
9 233
42 233
52 233
59 233
63 233
66 233
76 233
77 233
86 233
87 233
91 233
92 233
101 233
102 233
103 233
108 233
117 233
121 233
123 233
138 233
145 233
150 233
152 233
155 233
156 233
176 233
188 233
194 233
196 233
203 233
205 233
207 233
208 233
211 233
215 233
222 233
225 233
6 234
13 234
14 234
16 234
17 234
18 234
24 234
27 234
29 234
34 234
36 234
41 234
43 234
50 234
52 234
80 234
83 234
85 234
96 234
121 234
123 234
126 234
130 234
134 234
141 234
154 234
177 234
179 234
183 234
186 234
188 234
189 234
202 234
208 234
209 234
213 234
227 234
1 235
13 235
16 235
19 235
24 235
28 235
58 235
59 235
66 235
72 235
78 235
93 235
104 235
109 235
111 235
113 235
116 235
118 235
121 235
125 235
129 235
130 235
139 235
144 235
153 235
154 235
163 235
165 235
174 235
178 235
180 235
199 235
207 235
222 235
228 235
234 235
1 236
3 236
8 236
17 236
19 236
22 236
25 236
34 236
45 236
46 236
56 236
57 236
67 236
72 236
73 236
75 236
77 236
78 236
79 236
80 236
82 236
85 236
93 236
102 236
121 236
123 236
128 236
142 236
145 236
153 236
154 236
169 236
174 236
175 236
176 236
181 236
186 236
188 236
196 236
204 236
207 236
211 236
219 236
220 236
224 236
230 236
8 237
22 237
24 237
25 237
31 237
41 237
43 237
45 237
48 237
49 237
67 237
70 237
73 237
89 237
92 237
93 237
99 237
101 237
103 237
111 237
127 237
132 237
147 237
149 237
152 237
172 237
176 237
182 237
189 237
191 237
195 237
201 237
203 237
207 237
212 237
215 237
216 237
217 237
226 237
231 237
4 238
15 238
17 238
21 238
24 238
31 238
34 238
36 238
42 238
52 238
61 238
67 238
84 238
89 238
106 238
107 238
109 238
127 238
131 238
136 238
146 238
147 238
153 238
154 238
172 238
192 238
195 238
197 238
198 238
201 238
212 238
219 238
226 238
233 238
235 238
4 239
13 239
17 239
23 239
24 239
35 239
37 239
45 239
47 239
50 239
55 239
57 239
70 239
80 239
91 239
98 239
102 239
110 239
114 239
136 239
137 239
142 239
143 239
151 239
157 239
159 239
160 239
162 239
166 239
179 239
181 239
201 239
204 239
214 239
226 239
231 239
17 240
19 240
25 240
30 240
35 240
43 240
44 240
46 240
69 240
70 240
73 240
75 240
78 240
87 240
103 240
105 240
117 240
129 240
132 240
133 240
136 240
139 240
143 240
162 240
164 240
189 240
194 240
203 240
204 240
210 240
220 240
224 240
226 240
231 240
234 240
236 240
237 240
13 241
24 241
25 241
35 241
36 241
37 241
40 241
41 241
45 241
48 241
51 241
55 241
72 241
74 241
79 241
83 241
88 241
92 241
94 241
104 241
111 241
116 241
124 241
134 241
147 241
150 241
156 241
162 241
164 241
168 241
169 241
178 241
181 241
182 241
197 241
198 241
200 241
202 241
204 241
219 241
222 241
223 241
227 241
231 241
234 241
237 241
238 241
0 242
3 242
7 242
14 242
38 242
52 242
59 242
60 242
61 242
62 242
63 242
66 242
84 242
88 242
110 242
113 242
125 242
138 242
142 242
146 242
156 242
158 242
169 242
180 242
182 242
184 242
189 242
191 242
201 242
202 242
226 242
229 242
3 243
11 243
14 243
22 243
28 243
30 243
36 243
38 243
41 243
47 243
59 243
64 243
67 243
68 243
71 243
77 243
79 243
83 243
97 243
105 243
106 243
109 243
111 243
112 243
138 243
147 243
152 243
153 243
154 243
160 243
163 243
168 243
174 243
178 243
179 243
183 243
197 243
199 243
203 243
207 243
210 243
213 243
216 243
218 243
232 243
239 243
240 243
241 243
4 244
8 244
19 244
25 244
28 244
35 244
36 244
37 244
39 244
43 244
47 244
53 244
63 244
65 244
73 244
78 244
113 244
116 244
122 244
136 244
159 244
166 244
182 244
184 244
190 244
208 244
213 244
221 244
227 244
228 244
231 244
239 244
2 245
5 245
7 245
12 245
14 245
17 245
20 245
25 245
28 245
29 245
32 245
35 245
43 245
56 245
57 245
58 245
62 245
65 245
69 245
70 245
74 245
78 245
88 245
95 245
96 245
106 245
111 245
116 245
123 245
143 245
168 245
176 245
178 245
181 245
182 245
184 245
189 245
201 245
203 245
207 245
211 245
228 245
230 245
241 245
3 246
8 246
13 246
32 246
40 246
41 246
44 246
45 246
61 246
71 246
72 246
73 246
75 246
78 246
86 246
87 246
93 246
99 246
100 246
101 246
110 246
115 246
123 246
125 246
126 246
131 246
132 246
137 246
146 246
152 246
155 246
156 246
158 246
164 246
170 246
173 246
175 246
178 246
182 246
189 246
208 246
209 246
213 246
217 246
219 246
223 246
230 246
240 246
242 246
10 247
13 247
14 247
15 247
23 247
25 247
26 247
27 247
33 247
34 247
39 247
52 247
56 247
57 247
64 247
68 247
73 247
76 247
95 247
100 247
106 247
112 247
114 247
127 247
145 247
146 247
153 247
154 247
155 247
156 247
161 247
162 247
166 247
177 247
181 247
185 247
194 247
198 247
204 247
207 247
223 247
234 247
239 247
241 247
1 248
18 248
19 248
23 248
24 248
25 248
29 248
30 248
31 248
44 248
47 248
52 248
56 248
70 248
78 248
79 248
80 248
81 248
94 248
99 248
101 248
115 248
119 248
131 248
132 248
136 248
138 248
151 248
159 248
163 248
168 248
170 248
173 248
174 248
182 248
185 248
191 248
198 248
203 248
209 248
211 248
222 248
225 248
228 248
237 248
6 249
17 249
21 249
26 249
36 249
37 249
38 249
39 249
44 249
47 249
49 249
50 249
51 249
59 249
74 249
91 249
95 249
103 249
107 249
122 249
125 249
131 249
133 249
134 249
135 249
141 249
142 249
154 249
163 249
167 249
173 249
174 249
177 249
182 249
206 249
207 249
218 249
221 249
226 249
230 249
233 249
236 249
241 249
243 249
9 250
34 250
35 250
44 250
48 250
63 250
68 250
82 250
86 250
88 250
89 250
90 250
97 250
102 250
105 250
109 250
110 250
111 250
116 250
123 250
124 250
128 250
145 250
146 250
147 250
151 250
157 250
163 250
165 250
166 250
169 250
171 250
172 250
173 250
185 250
194 250
196 250
197 250
198 250
202 250
207 250
214 250
215 250
219 250
220 250
225 250
226 250
239 250
240 250
241 250
248 250
3 251
8 251
9 251
20 251
23 251
25 251
33 251
36 251
39 251
40 251
41 251
42 251
43 251
44 251
51 251
60 251
63 251
65 251
67 251
73 251
76 251
81 251
84 251
90 251
94 251
99 251
100 251
109 251
128 251
132 251
148 251
151 251
155 251
169 251
170 251
191 251
205 251
208 251
217 251
228 251
229 251
238 251
3 252
5 252
6 252
14 252
16 252
23 252
29 252
30 252
31 252
38 252
42 252
46 252
58 252
63 252
64 252
69 252
72 252
73 252
74 252
82 252
106 252
107 252
108 252
116 252
120 252
125 252
128 252
132 252
133 252
135 252
136 252
139 252
142 252
150 252
156 252
179 252
185 252
188 252
192 252
198 252
201 252
203 252
211 252
213 252
220 252
229 252
239 252
242 252
5 253
7 253
9 253
11 253
14 253
21 253
37 253
48 253
50 253
52 253
66 253
67 253
75 253
84 253
100 253
103 253
107 253
108 253
110 253
149 253
161 253
168 253
170 253
171 253
175 253
181 253
182 253
184 253
204 253
212 253
220 253
233 253
12 254
15 254
19 254
22 254
23 254
27 254
53 254
54 254
56 254
59 254
70 254
76 254
77 254
86 254
89 254
101 254
103 254
111 254
112 254
113 254
114 254
119 254
121 254
122 254
138 254
142 254
145 254
147 254
158 254
162 254
165 254
184 254
190 254
196 254
197 254
208 254
211 254
219 254
230 254
239 254
241 254
244 254
245 254
246 254
0 255
1 255
2 255
3 255
6 255
7 255
13 255
18 255
23 255
24 255
26 255
29 255
38 255
45 255
48 255
50 255
53 255
62 255
67 255
72 255
73 255
90 255
99 255
115 255
127 255
139 255
149 255
154 255
156 255
160 255
164 255
166 255
167 255
169 255
174 255
177 255
180 255
181 255
188 255
189 255
192 255
195 255
199 255
206 255
208 255
211 255
217 255
228 255
231 255
236 255
239 255
247 255
248 255
249 255
252 255
253 255
254 255
15 256
16 256
23 256
24 256
26 256
34 256
40 256
47 256
48 256
54 256
56 256
64 256
68 256
70 256
73 256
80 256
94 256
102 256
104 256
112 256
115 256
121 256
124 256
133 256
137 256
141 256
142 256
151 256
153 256
156 256
161 256
163 256
181 256
188 256
190 256
203 256
204 256
208 256
213 256
214 256
222 256
233 256
252 256
253 256
255 256
7 257
12 257
13 257
15 257
23 257
24 257
34 257
38 257
39 257
50 257
53 257
57 257
60 257
74 257
80 257
101 257
103 257
105 257
112 257
119 257
127 257
136 257
140 257
144 257
145 257
148 257
150 257
154 257
156 257
162 257
165 257
166 257
168 257
174 257
179 257
201 257
205 257
206 257
216 257
220 257
227 257
228 257
229 257
235 257
241 257
248 257
2 258
6 258
11 258
16 258
22 258
27 258
32 258
33 258
43 258
47 258
55 258
68 258
71 258
72 258
80 258
83 258
84 258
86 258
101 258
104 258
110 258
117 258
124 258
128 258
129 258
131 258
136 258
153 258
163 258
183 258
188 258
194 258
201 258
202 258
213 258
221 258
235 258
243 258
246 258
248 258
249 258
251 258
1 259
17 259
37 259
55 259
69 259
70 259
71 259
74 259
78 259
79 259
85 259
86 259
87 259
91 259
94 259
98 259
109 259
113 259
126 259
130 259
132 259
136 259
141 259
142 259
143 259
148 259
149 259
155 259
167 259
173 259
178 259
189 259
190 259
191 259
200 259
202 259
211 259
216 259
219 259
220 259
221 259
227 259
230 259
231 259
233 259
237 259
242 259
247 259
249 259
251 259
254 259
0 260
2 260
7 260
12 260
22 260
27 260
29 260
31 260
34 260
54 260
56 260
66 260
74 260
76 260
85 260
100 260
105 260
108 260
110 260
115 260
116 260
124 260
136 260
150 260
170 260
175 260
177 260
180 260
206 260
210 260
217 260
230 260
232 260
233 260
236 260
250 260
254 260
8 261
11 261
13 261
15 261
28 261
36 261
37 261
38 261
51 261
54 261
58 261
60 261
68 261
76 261
80 261
81 261
82 261
102 261
108 261
110 261
120 261
141 261
147 261
157 261
171 261
194 261
201 261
204 261
218 261
222 261
225 261
233 261
238 261
243 261
245 261
251 261
260 261
20 262
35 262
39 262
44 262
49 262
53 262
71 262
78 262
79 262
100 262
101 262
104 262
107 262
111 262
112 262
127 262
133 262
136 262
140 262
145 262
155 262
164 262
167 262
175 262
176 262
178 262
185 262
197 262
198 262
211 262
222 262
223 262
226 262
229 262
231 262
232 262
236 262
237 262
238 262
241 262
248 262
251 262
1 263
13 263
14 263
21 263
27 263
39 263
43 263
44 263
47 263
59 263
62 263
66 263
67 263
68 263
90 263
100 263
105 263
107 263
109 263
112 263
114 263
126 263
128 263
132 263
141 263
166 263
170 263
176 263
177 263
181 263
187 263
188 263
201 263
212 263
213 263
214 263
218 263
220 263
222 263
223 263
226 263
232 263
239 263
244 263
246 263
248 263
259 263
0 264
2 264
8 264
11 264
12 264
16 264
33 264
39 264
61 264
66 264
67 264
69 264
74 264
77 264
80 264
96 264
98 264
112 264
116 264
130 264
132 264
137 264
141 264
145 264
147 264
152 264
153 264
156 264
159 264
171 264
179 264
180 264
191 264
193 264
196 264
197 264
207 264
212 264
213 264
214 264
216 264
217 264
221 264
229 264
247 264
254 264
260 264
261 264
3 265
14 265
17 265
18 265
21 265
25 265
34 265
35 265
38 265
44 265
45 265
48 265
53 265
57 265
58 265
83 265
91 265
110 265
113 265
118 265
121 265
129 265
138 265
140 265
162 265
172 265
177 265
180 265
183 265
184 265
185 265
193 265
194 265
196 265
205 265
208 265
217 265
223 265
231 265
239 265
262 265
2 266
3 266
8 266
12 266
15 266
16 266
28 266
37 266
46 266
49 266
52 266
55 266
58 266
60 266
61 266
72 266
74 266
78 266
79 266
85 266
90 266
93 266
98 266
103 266
107 266
108 266
114 266
125 266
137 266
151 266
157 266
162 266
174 266
188 266
200 266
210 266
214 266
217 266
220 266
222 266
225 266
229 266
231 266
233 266
236 266
238 266
250 266
258 266
263 266
265 266
12 267
18 267
29 267
36 267
41 267
43 267
44 267
46 267
53 267
57 267
59 267
61 267
64 267
83 267
88 267
92 267
94 267
96 267
102 267
117 267
132 267
147 267
150 267
151 267
153 267
159 267
177 267
181 267
186 267
194 267
196 267
204 267
209 267
211 267
212 267
246 267
248 267
249 267
251 267
252 267
266 267
26 268
38 268
42 268
54 268
60 268
62 268
68 268
71 268
73 268
82 268
85 268
96 268
98 268
103 268
110 268
111 268
119 268
121 268
124 268
145 268
150 268
152 268
153 268
160 268
162 268
165 268
171 268
198 268
205 268
208 268
215 268
219 268
227 268
229 268
231 268
232 268
236 268
255 268
261 268
2 269
11 269
12 269
14 269
20 269
30 269
31 269
38 269
41 269
43 269
48 269
50 269
60 269
64 269
74 269
84 269
92 269
93 269
94 269
95 269
98 269
99 269
115 269
117 269
128 269
134 269
143 269
153 269
170 269
171 269
172 269
189 269
190 269
204 269
206 269
232 269
235 269
240 269
241 269
242 269
246 269
250 269
251 269
255 269
257 269
262 269
268 269
15 270
19 270
24 270
27 270
36 270
39 270
41 270
42 270
49 270
51 270
52 270
57 270
60 270
69 270
83 270
90 270
95 270
100 270
110 270
128 270
138 270
140 270
161 270
166 270
168 270
180 270
182 270
187 270
195 270
200 270
213 270
214 270
223 270
224 270
243 270
248 270
249 270
251 270
255 270
256 270
268 270
269 270
2 271
4 271
6 271
11 271
12 271
20 271
22 271
28 271
31 271
33 271
39 271
41 271
47 271
55 271
59 271
64 271
67 271
82 271
83 271
91 271
92 271
107 271
118 271
121 271
122 271
125 271
128 271
136 271
137 271
138 271
144 271
149 271
165 271
166 271
171 271
174 271
178 271
189 271
190 271
191 271
215 271
221 271
223 271
224 271
230 271
234 271
239 271
246 271
247 271
249 271
252 271
260 271
266 271
1 272
2 272
17 272
22 272
23 272
28 272
31 272
34 272
37 272
40 272
60 272
61 272
62 272
76 272
79 272
83 272
87 272
116 272
121 272
131 272
141 272
143 272
160 272
165 272
169 272
180 272
181 272
187 272
193 272
198 272
207 272
225 272
243 272
246 272
3 273
4 273
22 273
34 273
35 273
55 273
58 273
70 273
71 273
75 273
77 273
91 273
93 273
99 273
101 273
102 273
112 273
114 273
115 273
121 273
133 273
134 273
138 273
139 273
141 273
142 273
148 273
152 273
156 273
159 273
170 273
171 273
177 273
178 273
180 273
183 273
184 273
186 273
199 273
200 273
204 273
221 273
223 273
237 273
246 273
249 273
251 273
252 273
254 273
257 273
1 274
4 274
5 274
12 274
19 274
25 274
28 274
30 274
33 274
35 274
42 274
46 274
48 274
52 274
53 274
58 274
72 274
79 274
83 274
92 274
93 274
94 274
95 274
97 274
112 274
120 274
122 274
123 274
137 274
143 274
145 274
146 274
157 274
163 274
165 274
166 274
170 274
171 274
174 274
191 274
206 274
208 274
210 274
211 274
212 274
218 274
228 274
237 274
240 274
245 274
254 274
260 274
261 274
265 274
268 274
1 275
2 275
10 275
11 275
16 275
26 275
29 275
40 275
50 275
53 275
56 275
59 275
69 275
73 275
80 275
85 275
92 275
98 275
100 275
104 275
109 275
124 275
133 275
135 275
136 275
140 275
141 275
143 275
145 275
147 275
154 275
162 275
163 275
164 275
165 275
172 275
179 275
180 275
183 275
188 275
189 275
190 275
196 275
208 275
211 275
219 275
232 275
242 275
244 275
249 275
251 275
254 275
263 275
265 275
1 276
2 276
4 276
9 276
15 276
18 276
31 276
32 276
44 276
46 276
50 276
66 276
67 276
80 276
90 276
97 276
129 276
136 276
138 276
161 276
164 276
177 276
178 276
180 276
183 276
195 276
201 276
202 276
211 276
215 276
217 276
226 276
235 276
246 276
260 276
267 276
1 277
3 277
8 277
12 277
16 277
22 277
25 277
26 277
33 277
37 277
38 277
40 277
43 277
45 277
46 277
54 277
55 277
58 277
62 277
65 277
69 277
72 277
79 277
83 277
85 277
87 277
100 277
102 277
104 277
117 277
119 277
135 277
143 277
145 277
155 277
159 277
209 277
212 277
224 277
229 277
231 277
232 277
234 277
241 277
244 277
245 277
246 277
255 277
257 277
263 277
267 277
275 277
1 278
8 278
11 278
13 278
22 278
30 278
34 278
39 278
46 278
50 278
57 278
60 278
67 278
73 278
77 278
80 278
87 278
90 278
100 278
122 278
129 278
140 278
143 278
144 278
154 278
163 278
164 278
172 278
181 278
182 278
185 278
186 278
196 278
200 278
206 278
210 278
211 278
212 278
218 278
226 278
231 278
237 278
243 278
245 278
257 278
259 278
260 278
263 278
265 278
277 278
8 279
19 279
24 279
26 279
34 279
35 279
38 279
54 279
63 279
67 279
79 279
81 279
84 279
94 279
96 279
100 279
128 279
131 279
140 279
143 279
145 279
148 279
156 279
161 279
170 279
172 279
177 279
179 279
183 279
185 279
188 279
191 279
198 279
210 279
224 279
228 279
233 279
235 279
240 279
250 279
254 279
255 279
256 279
258 279
259 279
263 279
273 279
5 280
7 280
10 280
11 280
24 280
29 280
40 280
46 280
51 280
56 280
57 280
58 280
71 280
81 280
86 280
92 280
96 280
122 280
148 280
151 280
154 280
160 280
161 280
165 280
166 280
171 280
173 280
174 280
177 280
187 280
205 280
208 280
218 280
225 280
226 280
227 280
234 280
237 280
239 280
240 280
246 280
247 280
250 280
255 280
258 280
259 280
262 280
272 280
0 281
5 281
12 281
19 281
20 281
36 281
42 281
46 281
59 281
69 281
73 281
79 281
86 281
89 281
97 281
99 281
108 281
109 281
113 281
115 281
128 281
131 281
139 281
140 281
141 281
145 281
159 281
180 281
183 281
184 281
202 281
203 281
206 281
214 281
216 281
232 281
235 281
240 281
250 281
251 281
255 281
260 281
268 281
270 281
273 281
16 282
43 282
65 282
68 282
71 282
85 282
95 282
97 282
103 282
111 282
129 282
133 282
136 282
143 282
144 282
148 282
158 282
160 282
162 282
165 282
179 282
180 282
187 282
188 282
193 282
196 282
200 282
203 282
205 282
209 282
226 282
227 282
231 282
235 282
236 282
239 282
241 282
245 282
251 282
254 282
255 282
259 282
266 282
269 282
276 282
8 283
10 283
11 283
12 283
14 283
23 283
26 283
27 283
34 283
38 283
40 283
48 283
51 283
58 283
61 283
66 283
81 283
107 283
112 283
114 283
120 283
122 283
129 283
132 283
133 283
152 283
153 283
154 283
163 283
166 283
173 283
181 283
183 283
196 283
209 283
218 283
219 283
220 283
240 283
241 283
250 283
252 283
254 283
256 283
259 283
265 283
266 283
270 283
272 283
274 283
276 283
280 283
282 283
0 284
4 284
6 284
11 284
29 284
33 284
35 284
44 284
48 284
52 284
65 284
78 284
81 284
85 284
92 284
96 284
101 284
102 284
106 284
108 284
110 284
112 284
123 284
131 284
133 284
134 284
144 284
149 284
153 284
156 284
162 284
163 284
165 284
177 284
183 284
187 284
188 284
194 284
199 284
202 284
210 284
225 284
226 284
229 284
232 284
263 284
265 284
271 284
274 284
280 284
7 285
8 285
11 285
17 285
27 285
36 285
40 285
44 285
47 285
52 285
57 285
69 285
73 285
79 285
83 285
92 285
94 285
95 285
99 285
104 285
106 285
108 285
114 285
115 285
122 285
139 285
140 285
144 285
145 285
153 285
156 285
165 285
168 285
181 285
183 285
185 285
190 285
199 285
204 285
215 285
216 285
219 285
220 285
225 285
253 285
268 285
270 285
10 286
23 286
28 286
34 286
39 286
43 286
45 286
58 286
59 286
66 286
68 286
79 286
85 286
89 286
90 286
92 286
98 286
99 286
106 286
110 286
113 286
114 286
115 286
117 286
119 286
120 286
123 286
134 286
138 286
139 286
146 286
156 286
161 286
166 286
168 286
171 286
187 286
188 286
190 286
201 286
207 286
209 286
210 286
211 286
212 286
220 286
223 286
226 286
234 286
236 286
238 286
240 286
250 286
260 286
264 286
267 286
1 287
3 287
12 287
14 287
18 287
29 287
34 287
36 287
39 287
43 287
47 287
48 287
69 287
73 287
76 287
80 287
91 287
92 287
98 287
111 287
112 287
117 287
126 287
127 287
135 287
148 287
151 287
154 287
156 287
175 287
179 287
181 287
183 287
190 287
191 287
210 287
211 287
219 287
233 287
248 287
251 287
257 287
258 287
263 287
264 287
266 287
272 287
273 287
278 287
280 287
2 288
12 288
14 288
27 288
36 288
39 288
43 288
45 288
49 288
53 288
58 288
65 288
69 288
71 288
73 288
74 288
83 288
84 288
89 288
94 288
101 288
104 288
115 288
120 288
133 288
138 288
140 288
149 288
158 288
165 288
169 288
170 288
172 288
173 288
174 288
176 288
181 288
195 288
200 288
203 288
205 288
206 288
207 288
210 288
213 288
215 288
216 288
233 288
234 288
237 288
253 288
257 288
258 288
265 288
266 288
272 288
274 288
284 288
12 289
21 289
40 289
49 289
52 289
59 289
60 289
61 289
81 289
85 289
90 289
91 289
115 289
118 289
137 289
152 289
158 289
159 289
166 289
172 289
179 289
180 289
183 289
186 289
195 289
204 289
206 289
211 289
214 289
218 289
222 289
229 289
245 289
258 289
259 289
267 289
270 289
275 289
279 289
287 289
288 289
2 290
5 290
13 290
23 290
30 290
53 290
56 290
57 290
66 290
79 290
83 290
94 290
96 290
105 290
111 290
122 290
123 290
127 290
133 290
137 290
140 290
143 290
145 290
147 290
151 290
157 290
164 290
167 290
169 290
170 290
187 290
201 290
208 290
228 290
230 290
233 290
235 290
249 290
261 290
266 290
272 290
280 290
281 290
285 290
2 291
9 291
12 291
13 291
15 291
17 291
18 291
36 291
37 291
41 291
44 291
45 291
53 291
57 291
69 291
73 291
79 291
80 291
83 291
85 291
97 291
104 291
105 291
111 291
119 291
122 291
131 291
135 291
147 291
148 291
150 291
156 291
159 291
168 291
189 291
190 291
195 291
197 291
206 291
208 291
222 291
225 291
231 291
234 291
251 291
259 291
274 291
275 291
276 291
284 291
290 291
0 292
14 292
28 292
40 292
45 292
49 292
50 292
69 292
72 292
77 292
78 292
80 292
85 292
92 292
94 292
95 292
97 292
108 292
121 292
126 292
127 292
129 292
146 292
148 292
151 292
161 292
162 292
172 292
182 292
184 292
191 292
195 292
202 292
205 292
214 292
226 292
230 292
240 292
242 292
247 292
254 292
257 292
274 292
282 292
2 293
3 293
9 293
23 293
27 293
28 293
49 293
51 293
57 293
60 293
63 293
67 293
74 293
77 293
83 293
84 293
88 293
92 293
102 293
103 293
108 293
111 293
115 293
122 293
123 293
127 293
137 293
144 293
145 293
148 293
150 293
154 293
156 293
171 293
176 293
186 293
188 293
191 293
214 293
217 293
223 293
230 293
232 293
234 293
238 293
239 293
243 293
245 293
253 293
268 293
269 293
270 293
276 293
281 293
282 293
287 293
292 293
8 294
9 294
11 294
13 294
14 294
23 294
35 294
48 294
53 294
78 294
83 294
86 294
87 294
93 294
104 294
112 294
115 294
117 294
118 294
120 294
123 294
125 294
127 294
133 294
134 294
138 294
146 294
149 294
155 294
164 294
166 294
176 294
180 294
187 294
200 294
205 294
211 294
217 294
219 294
233 294
238 294
240 294
244 294
247 294
251 294
253 294
260 294
261 294
265 294
268 294
280 294
289 294
292 294
3 295
14 295
25 295
26 295
31 295
34 295
38 295
42 295
47 295
48 295
52 295
53 295
54 295
59 295
60 295
68 295
71 295
81 295
83 295
88 295
91 295
95 295
107 295
109 295
110 295
111 295
119 295
121 295
128 295
140 295
142 295
145 295
146 295
148 295
153 295
167 295
171 295
172 295
173 295
175 295
176 295
179 295
185 295
190 295
193 295
195 295
196 295
197 295
198 295
200 295
201 295
202 295
226 295
229 295
239 295
243 295
252 295
255 295
267 295
278 295
279 295
282 295
286 295
290 295
291 295
0 296
6 296
18 296
24 296
26 296
32 296
33 296
38 296
42 296
44 296
46 296
47 296
48 296
51 296
58 296
64 296
69 296
80 296
83 296
88 296
92 296
118 296
123 296
132 296
142 296
144 296
149 296
150 296
151 296
166 296
169 296
183 296
189 296
192 296
197 296
206 296
210 296
212 296
215 296
237 296
244 296
246 296
254 296
262 296
264 296
277 296
279 296
284 296
285 296
286 296
288 296
6 297
7 297
16 297
22 297
32 297
42 297
46 297
47 297
56 297
64 297
66 297
75 297
76 297
79 297
90 297
91 297
93 297
98 297
103 297
105 297
115 297
125 297
128 297
138 297
147 297
148 297
152 297
155 297
159 297
173 297
174 297
206 297
214 297
217 297
219 297
222 297
225 297
226 297
239 297
242 297
246 297
251 297
252 297
255 297
278 297
280 297
281 297
283 297
285 297
286 297
293 297
0 298
5 298
7 298
15 298
19 298
27 298
38 298
39 298
40 298
44 298
71 298
75 298
76 298
79 298
82 298
86 298
100 298
101 298
104 298
108 298
111 298
114 298
124 298
126 298
142 298
149 298
153 298
160 298
164 298
171 298
174 298
175 298
189 298
194 298
197 298
200 298
201 298
204 298
205 298
208 298
216 298
221 298
228 298
230 298
233 298
236 298
237 298
242 298
247 298
250 298
254 298
260 298
272 298
291 298
2 299
17 299
22 299
27 299
29 299
37 299
39 299
55 299
66 299
70 299
75 299
86 299
90 299
96 299
104 299
107 299
116 299
118 299
119 299
123 299
129 299
140 299
146 299
154 299
155 299
162 299
170 299
174 299
176 299
180 299
183 299
185 299
203 299
204 299
208 299
209 299
211 299
213 299
233 299
237 299
245 299
252 299
258 299
264 299
267 299
275 299
298 299
