300 2267 5
9 3 1 9 2 16 15 2 2 3 17 7 9 18 7 2 1 8 8 1 2 3 3 12 1 4 5 5 6 15 5 1 1 1 26 15 2 5 3 14 10 2 2 9 1 1 4 7 22 4 12 12 8 6 2 6 3 2 4 1 2 7 8 15 5 9 6 4 4 5 1 22 2 3 8 1 2 7 10 5 1 6 4 4 9 13 4 3 6 3 3 2 2 8 9 1 10 4 7 27 7 1 26 5 4 3 8 2 7 5 6 13 3 3 6 4 2 1 2 4 1 5 5 8 11 6 8 15 7 8 3 4 5 5 3 4 4 2 6 15 4 11 4 1 7 6 3 4 13 2 6 2 5 10 8 2 4 1 1 1 11 18 13 2 6 4 2 10 4 2 5 11 3 7 2 2 2 8 3 3 22 14 1 21 2 4 3 5 8 4 6 12 2 8 1 3 1 1 5 1 1 8 12 2 10 5 2 3 19 6 12 4 6 3 6 10 5 6 1 3 10 2 4 1 10 1 5 1 2 2 1 7 4 4 1 2 2 4 1 6 6 5 2 5 15 10 9 10 1 3 6 6 1 4 9 1 5 5 4 12 1 5 3 2 2 3 1 6 10 4 4 2 10 10 3 3 10 4 1 1 5 11 1 4 1 9 9 1 5 1 7 11 3 11 7 4 3 4 3 5
0 13
3 15
7 15
7 16
6 20
0 21
18 21
11 22
6 23
18 25
1 28
13 28
15 29
19 29
19 30
19 31
29 31
29 32
4 33
7 34
31 34
14 35
18 35
25 35
7 36
9 36
14 36
18 36
6 37
14 37
24 37
29 37
16 38
19 38
26 38
8 39
17 40
30 40
17 41
22 41
15 42
26 42
30 44
2 45
18 45
36 45
26 46
27 46
12 47
35 47
13 48
26 48
28 48
1 50
13 50
20 50
5 51
27 51
32 51
37 51
40 51
1 52
3 52
17 52
22 52
30 52
10 53
17 54
5 55
9 55
22 56
25 57
28 57
29 57
49 57
50 57
32 58
46 58
13 59
38 59
47 59
9 61
8 62
39 62
46 62
15 63
34 63
24 64
26 64
34 64
49 64
8 65
1 66
24 66
47 66
0 67
14 67
32 67
15 68
19 68
40 68
10 69
11 71
44 71
56 71
25 72
31 72
33 72
38 72
16 73
17 73
3 74
30 74
64 74
19 75
18 76
47 76
52 76
56 76
9 77
27 77
55 77
64 77
70 77
13 79
22 79
29 79
31 79
34 79
6 80
8 80
28 80
35 80
14 81
67 81
31 82
43 82
53 82
54 82
3 83
19 83
24 83
56 83
62 83
28 84
65 84
74 84
2 85
48 85
52 85
55 85
3 86
7 86
16 86
27 86
69 86
8 87
46 87
50 87
63 87
15 88
30 88
38 88
47 88
66 88
0 89
16 89
75 89
81 89
7 90
26 90
52 90
66 90
75 90
32 91
35 91
47 91
72 91
78 91
83 91
21 92
26 92
75 92
78 92
79 92
7 93
10 93
30 93
55 93
56 93
58 93
9 94
14 94
27 94
81 94
24 95
30 95
35 95
43 95
63 95
71 95
6 96
32 96
42 96
43 96
50 96
53 96
54 96
62 96
6 97
31 97
40 97
79 97
9 98
19 98
54 98
36 99
37 99
47 99
54 99
8 100
26 100
47 100
51 100
58 100
78 100
8 101
22 101
25 101
48 101
54 101
55 101
58 101
76 101
85 101
0 102
16 102
27 102
30 102
31 102
57 102
66 102
7 103
39 103
84 103
6 104
21 104
31 104
36 104
37 104
56 104
5 105
19 105
66 105
30 106
31 106
34 106
48 106
57 106
71 106
76 106
97 106
4 107
29 107
32 107
43 107
83 107
10 108
17 108
65 108
93 108
1 109
42 109
57 109
74 109
79 109
92 109
4 110
66 110
71 110
87 110
20 111
58 111
93 111
101 111
13 112
62 112
87 112
90 112
101 112
25 113
86 113
2 114
4 114
27 114
83 114
90 114
95 114
104 114
4 115
8 115
9 115
13 115
71 115
73 115
75 115
76 115
31 116
44 116
97 116
112 116
17 117
20 117
41 117
46 117
66 117
94 117
20 118
26 118
28 118
30 118
39 118
40 118
93 118
103 118
1 119
34 119
112 119
14 120
26 120
27 120
39 120
58 120
68 120
117 120
3 121
12 121
30 121
47 121
52 121
54 121
67 121
85 121
0 122
19 122
66 122
84 122
85 122
104 122
4 123
6 123
15 123
26 123
36 123
42 123
50 123
56 123
74 123
4 124
9 124
58 124
64 124
73 124
74 124
76 124
92 124
3 125
39 125
45 125
96 125
105 125
106 125
119 125
7 126
26 126
27 126
50 126
53 126
72 126
120 126
8 127
86 127
96 127
98 127
108 127
111 127
115 127
120 127
34 128
54 128
61 128
73 128
75 128
81 128
94 128
27 129
56 129
65 129
93 129
106 129
121 129
11 130
38 130
55 130
70 130
78 130
80 130
108 130
117 130
16 131
20 131
26 131
39 131
49 131
108 131
110 131
8 132
9 132
72 132
79 132
83 132
115 132
5 133
7 133
31 133
46 133
47 133
55 133
61 133
83 133
91 133
96 133
101 133
114 133
119 133
120 133
5 134
12 134
51 134
72 134
80 134
119 134
5 135
19 135
41 135
54 135
72 135
92 135
102 135
111 135
128 135
5 136
13 136
18 136
27 136
34 136
75 136
97 136
104 136
109 136
117 136
1 137
39 137
48 137
49 137
64 137
79 137
129 137
8 138
38 138
50 138
66 138
97 138
108 138
124 138
132 138
4 139
8 139
105 139
120 139
36 140
56 140
74 140
80 140
91 140
27 141
31 141
32 141
59 141
68 141
78 141
10 142
14 142
28 142
129 142
11 143
37 143
54 143
59 143
64 143
70 143
83 143
94 143
95 143
116 143
126 143
19 144
30 144
33 144
38 144
99 144
107 144
52 145
79 145
84 145
118 145
126 145
127 145
129 145
131 145
135 145
139 145
5 146
8 146
50 146
51 146
60 146
63 146
84 146
122 146
132 146
143 146
8 147
11 147
23 147
32 147
41 147
61 147
67 147
84 147
108 147
139 147
36 148
38 148
87 148
137 148
4 149
9 149
23 149
73 149
88 149
118 149
119 149
122 149
131 149
137 149
6 150
9 150
12 150
46 150
53 150
67 150
104 150
129 150
135 150
33 151
88 151
103 151
110 151
6 152
30 152
31 152
62 152
86 152
98 152
106 152
120 152
14 153
15 153
24 153
51 153
93 153
101 153
133 153
26 154
32 154
47 154
88 154
115 154
119 154
130 154
26 155
28 155
41 155
73 155
105 155
128 155
21 156
34 156
35 156
48 156
56 156
82 156
87 156
106 156
121 156
12 157
32 157
39 157
49 157
55 157
56 157
69 157
95 157
98 157
134 157
4 158
57 158
75 158
14 159
19 159
20 159
41 159
44 159
45 159
51 159
62 159
87 159
100 159
108 159
136 159
10 160
12 160
33 160
41 160
47 160
63 160
67 160
83 160
106 160
20 161
28 161
39 161
51 161
131 161
135 161
139 161
143 161
145 161
148 161
31 162
36 162
44 162
70 162
80 162
97 162
105 162
117 162
126 162
151 162
156 162
36 163
47 163
59 163
65 163
123 163
144 163
147 163
155 163
12 164
20 164
25 164
36 164
40 164
70 164
74 164
101 164
122 164
127 164
130 164
131 164
137 164
145 164
7 165
30 165
45 165
92 165
99 165
115 165
8 166
13 166
34 166
38 166
51 166
73 166
119 166
123 166
130 166
149 166
11 167
58 167
74 167
109 167
90 168
100 168
141 168
25 169
54 169
55 169
115 169
127 169
53 170
58 170
71 170
77 170
78 170
82 170
100 170
105 170
106 170
112 170
131 170
137 170
145 170
146 170
150 170
1 171
5 171
9 171
66 171
72 171
155 171
17 172
46 172
68 172
103 172
106 172
117 172
136 172
153 172
15 173
27 173
48 173
54 173
67 173
132 173
134 173
142 173
3 174
23 174
36 174
43 174
89 174
95 174
121 174
122 174
126 174
136 174
139 174
159 174
170 174
55 175
81 175
83 175
106 175
34 176
47 176
48 176
72 176
111 176
120 176
150 176
155 176
4 177
30 177
50 177
66 177
68 177
104 177
135 177
143 177
147 177
153 177
162 177
11 178
68 178
71 178
85 178
88 178
169 178
19 179
82 179
98 179
109 179
115 179
165 179
48 180
59 180
70 180
108 180
129 180
133 180
147 180
151 180
165 180
172 180
6 181
28 181
30 181
36 181
41 181
66 181
85 181
108 181
114 181
139 181
156 181
163 181
166 181
7 182
37 182
52 182
90 182
102 182
103 182
154 182
10 183
45 183
77 183
78 183
103 183
110 183
112 183
138 183
167 183
43 184
50 184
85 184
93 184
102 184
123 184
142 184
145 184
153 184
155 184
163 184
177 184
57 185
68 185
84 185
87 185
94 185
97 185
149 185
150 185
176 185
183 185
17 186
57 186
68 186
72 186
157 186
183 186
44 187
50 187
59 187
79 187
86 187
127 187
129 187
149 187
167 187
13 188
49 188
57 188
61 188
101 188
125 188
150 188
183 188
3 189
26 189
30 189
62 189
71 189
94 189
124 189
146 189
151 189
159 189
167 189
45 190
74 190
116 190
136 190
164 190
175 190
3 191
48 191
51 191
56 191
83 191
145 191
159 191
17 192
19 192
21 192
57 192
65 192
76 192
91 192
108 192
118 192
129 192
153 192
178 192
180 192
8 193
38 193
40 193
41 193
83 193
85 193
111 193
144 193
153 193
20 194
31 194
74 194
106 194
152 194
153 194
174 194
184 194
15 195
16 195
92 195
98 195
101 195
120 195
124 195
129 195
134 195
141 195
163 195
168 195
185 195
22 196
28 196
54 196
65 196
66 196
72 196
77 196
82 196
95 196
104 196
127 196
147 196
153 196
188 196
8 197
33 197
61 197
62 197
71 197
76 197
78 197
82 197
105 197
124 197
127 197
139 197
141 197
176 197
0 198
12 198
92 198
102 198
107 198
134 198
144 198
145 198
153 198
5 199
24 199
28 199
51 199
57 199
71 199
125 199
145 199
166 199
191 199
43 200
46 200
66 200
78 200
84 200
87 200
103 200
144 200
150 200
167 200
173 200
188 200
3 201
40 201
67 201
71 201
75 201
118 201
146 201
156 201
158 201
169 201
172 201
24 202
53 202
127 202
148 202
163 202
174 202
13 203
27 203
29 203
35 203
51 203
56 203
77 203
133 203
140 203
151 203
155 203
157 203
166 203
7 204
17 204
28 204
58 204
81 204
85 204
139 204
155 204
189 204
33 205
37 205
42 205
63 205
107 205
108 205
139 205
147 205
148 205
164 205
171 205
177 205
179 205
26 206
35 206
40 206
62 206
68 206
83 206
88 206
100 206
125 206
127 206
181 206
13 207
38 207
46 207
49 207
81 207
94 207
108 207
122 207
141 207
188 207
14 208
58 208
89 208
105 208
107 208
116 208
117 208
122 208
146 208
161 208
178 208
193 208
200 208
71 209
92 209
117 209
129 209
135 209
139 209
16 210
22 210
68 210
116 210
137 210
178 210
4 211
8 211
12 211
21 211
23 211
60 211
109 211
122 211
123 211
127 211
137 211
155 211
170 211
180 211
199 211
202 211
9 212
49 212
73 212
74 212
95 212
101 212
103 212
111 212
125 212
133 212
146 212
154 212
160 212
181 212
197 212
208 212
4 213
18 213
35 213
41 213
48 213
50 213
79 213
104 213
148 213
165 213
196 213
203 213
61 214
63 214
64 214
86 214
117 214
126 214
146 214
151 214
198 214
3 215
19 215
49 215
68 215
87 215
96 215
123 215
127 215
138 215
141 215
175 215
190 215
34 216
48 216
80 216
99 216
118 216
185 216
186 216
189 216
191 216
37 217
78 217
108 217
147 217
148 217
161 217
164 217
11 218
26 218
49 218
53 218
70 218
176 218
177 218
203 218
15 219
16 219
49 219
56 219
65 219
80 219
94 219
123 219
140 219
143 219
168 219
170 219
182 219
190 219
23 220
112 220
206 220
208 220
210 220
49 221
54 221
70 221
76 221
104 221
108 221
115 221
117 221
126 221
128 221
146 221
147 221
197 221
18 222
32 222
63 222
67 222
91 222
102 222
112 222
163 222
176 222
199 222
208 222
1 223
14 223
36 223
54 223
91 223
99 223
175 223
181 223
207 223
6 224
9 224
37 224
44 224
53 224
55 224
58 224
111 224
132 224
149 224
200 224
204 224
4 225
9 225
26 225
27 225
89 225
108 225
157 225
183 225
189 225
190 225
193 225
202 225
211 225
216 225
53 226
62 226
88 226
95 226
131 226
156 226
159 226
164 226
193 226
210 226
25 227
59 227
67 227
69 227
104 227
111 227
112 227
123 227
159 227
163 227
164 227
178 227
180 227
187 227
221 227
52 228
64 228
68 228
72 228
79 228
104 228
115 228
129 228
146 228
150 228
159 228
185 228
194 228
214 228
30 229
49 229
82 229
83 229
93 229
114 229
137 229
148 229
175 229
205 229
221 229
5 230
56 230
108 230
122 230
123 230
133 230
136 230
139 230
159 230
187 230
218 230
4 231
41 231
45 231
56 231
93 231
96 231
98 231
115 231
122 231
139 231
178 231
195 231
215 231
220 231
5 232
32 232
54 232
67 232
128 232
177 232
183 232
203 232
229 232
17 233
35 233
57 233
80 233
93 233
145 233
159 233
203 233
3 234
51 234
73 234
74 234
80 234
83 234
87 234
126 234
148 234
175 234
189 234
198 234
222 234
11 235
12 235
22 235
49 235
63 235
65 235
78 235
82 235
86 235
95 235
107 235
128 235
136 235
138 235
150 235
160 235
177 235
184 235
230 235
4 236
6 236
40 236
67 236
91 236
115 236
119 236
127 236
145 236
146 236
175 236
195 236
200 236
218 236
0 237
4 237
58 237
61 237
73 237
76 237
83 237
94 237
96 237
116 237
117 237
121 237
141 237
182 237
193 237
194 237
198 237
213 237
14 238
39 238
50 238
87 238
106 238
116 238
138 238
185 238
199 238
201 238
202 238
213 238
2 239
5 239
52 239
74 239
92 239
108 239
117 239
153 239
231 239
2 240
3 240
6 240
27 240
49 240
55 240
63 240
74 240
158 240
200 240
207 240
215 240
221 240
68 241
90 241
97 241
98 241
100 241
117 241
118 241
148 241
163 241
191 241
194 241
199 241
200 241
214 241
30 242
46 242
79 242
88 242
102 242
105 242
110 242
160 242
163 242
167 242
176 242
192 242
197 242
202 242
227 242
8 243
27 243
37 243
55 243
60 243
73 243
74 243
87 243
126 243
159 243
175 243
176 243
178 243
194 243
207 243
225 243
10 244
16 244
39 244
44 244
113 244
127 244
157 244
181 244
183 244
221 244
28 245
29 245
59 245
83 245
88 245
116 245
118 245
129 245
193 245
222 245
232 245
243 245
8 246
13 246
38 246
53 246
69 246
76 246
117 246
159 246
186 246
243 246
8 247
42 247
49 247
60 247
64 247
82 247
87 247
112 247
121 247
132 247
135 247
146 247
157 247
168 247
171 247
206 247
0 248
2 248
10 248
11 248
24 248
26 248
47 248
66 248
74 248
105 248
115 248
163 248
187 248
228 248
37 249
48 249
50 249
57 249
70 249
100 249
124 249
162 249
165 249
212 249
237 249
238 249
241 249
13 250
16 250
19 250
31 250
32 250
46 250
74 250
98 250
107 250
116 250
134 250
153 250
171 250
172 250
202 250
207 250
212 250
227 250
8 251
26 251
54 251
132 251
134 251
145 251
153 251
167 251
207 251
221 251
228 251
18 252
44 252
52 252
75 252
96 252
121 252
124 252
128 252
152 252
222 252
228 252
233 252
2 253
42 253
49 253
62 253
67 253
83 253
123 253
129 253
159 253
241 253
8 254
13 254
40 254
66 254
68 254
75 254
76 254
98 254
137 254
221 254
5 255
18 255
49 255
73 255
93 255
113 255
137 255
138 255
158 255
159 255
228 255
4 256
34 256
51 256
121 256
145 256
154 256
170 256
198 256
239 256
12 257
21 257
49 257
56 257
69 257
77 257
104 257
111 257
116 257
125 257
140 257
145 257
150 257
177 257
181 257
188 257
221 257
250 257
256 257
25 258
44 258
49 258
83 258
86 258
106 258
137 258
152 258
165 258
215 258
233 258
245 258
6 259
37 259
51 259
52 259
71 259
74 259
114 259
119 259
132 259
136 259
152 259
184 259
188 259
202 259
214 259
249 259
252 259
57 260
81 260
86 260
90 260
109 260
118 260
170 260
183 260
184 260
196 260
202 260
214 260
253 260
256 260
2 261
12 261
14 261
25 261
50 261
51 261
56 261
86 261
103 261
105 261
133 261
144 261
165 261
166 261
182 261
185 261
189 261
193 261
216 261
2 262
3 262
21 262
26 262
31 262
40 262
62 262
83 262
84 262
87 262
90 262
104 262
113 262
165 262
21 263
28 263
39 263
56 263
88 263
128 263
132 263
143 263
154 263
161 263
201 263
209 263
210 263
0 264
11 264
19 264
27 264
32 264
41 264
61 264
103 264
127 264
151 264
212 264
221 264
10 265
62 265
67 265
138 265
156 265
161 265
230 265
16 266
17 266
37 266
55 266
77 266
87 266
93 266
121 266
125 266
132 266
138 266
179 266
198 266
209 266
231 266
243 266
11 267
18 267
21 267
31 267
41 267
60 267
76 267
83 267
87 267
88 267
101 267
108 267
120 267
135 267
156 267
204 267
219 267
227 267
239 267
265 267
12 268
32 268
73 268
97 268
108 268
127 268
151 268
176 268
185 268
208 268
212 268
256 268
3 269
26 269
58 269
101 269
122 269
153 269
156 269
184 269
186 269
196 269
226 269
264 269
11 270
15 270
19 270
25 270
60 270
116 270
124 270
141 270
146 270
147 270
164 270
197 270
199 270
202 270
209 270
216 270
233 270
239 270
240 270
241 270
257 270
1 271
21 271
90 271
110 271
119 271
122 271
149 271
160 271
162 271
245 271
253 271
263 271
5 272
30 272
39 272
43 272
49 272
65 272
73 272
78 272
86 272
88 272
89 272
115 272
118 272
119 272
131 272
157 272
164 272
172 272
194 272
226 272
255 272
54 273
88 273
102 273
121 273
131 273
141 273
157 273
199 273
219 273
221 273
222 273
22 274
50 274
115 274
129 274
164 274
194 274
222 274
241 274
2 275
14 275
17 275
21 275
139 275
143 275
146 275
148 275
161 275
189 275
263 275
4 276
39 276
49 276
83 276
93 276
98 276
99 276
108 276
129 276
146 276
154 276
156 276
163 276
193 276
198 276
226 276
231 276
251 276
268 276
18 277
52 277
118 277
135 277
140 277
141 277
145 277
146 277
154 277
177 277
202 277
217 277
236 277
261 277
16 278
25 278
51 278
101 278
102 278
136 278
180 278
242 278
244 278
246 278
256 278
77 279
128 279
129 279
142 279
159 279
192 279
211 279
217 279
235 279
0 280
11 280
34 280
118 280
128 280
130 280
156 280
159 280
168 280
193 280
194 280
227 280
244 280
8 281
17 281
35 281
36 281
40 281
43 281
58 281
75 281
106 281
107 281
155 281
158 281
220 281
228 281
20 282
56 282
64 282
72 282
81 282
86 282
88 282
95 282
101 282
107 282
120 282
129 282
177 282
199 282
200 282
217 282
234 282
257 282
269 282
27 283
73 283
108 283
127 283
138 283
228 283
260 283
173 284
181 284
196 284
200 284
216 284
225 284
258 284
267 284
21 285
22 285
32 285
63 285
81 285
99 285
132 285
152 285
174 285
192 285
198 285
227 285
257 285
1 286
5 286
65 286
77 286
96 286
109 286
184 286
192 286
233 286
256 286
274 286
4 287
30 287
66 287
71 287
103 287
168 287
175 287
197 287
207 287
236 287
238 287
267 287
45 288
46 288
50 288
56 288
110 288
114 288
117 288
197 288
232 288
256 288
271 288
22 289
37 289
52 289
56 289
69 289
89 289
91 289
106 289
112 289
127 289
132 289
148 289
176 289
182 289
187 289
189 289
190 289
230 289
239 289
258 289
30 290
31 290
64 290
79 290
106 290
109 290
121 290
131 290
154 290
179 290
192 290
194 290
204 290
219 290
222 290
239 290
258 290
261 290
268 290
277 290
286 290
3 291
20 291
29 291
44 291
50 291
56 291
59 291
122 291
134 291
149 291
158 291
173 291
192 291
206 291
235 291
250 291
251 291
270 291
273 291
6 292
10 292
40 292
60 292
64 292
120 292
126 292
144 292
152 292
156 292
160 292
281 292
25 293
44 293
63 293
77 293
133 293
174 293
194 293
196 293
261 293
10 294
11 294
26 294
32 294
68 294
74 294
77 294
84 294
92 294
101 294
117 294
137 294
179 294
209 294
212 294
247 294
261 294
287 294
5 295
12 295
21 295
24 295
35 295
53 295
72 295
115 295
154 295
159 295
163 295
200 295
206 295
11 296
30 296
83 296
97 296
106 296
135 296
180 296
185 296
188 296
215 296
226 296
233 296
238 296
244 296
248 296
0 297
15 297
42 297
67 297
84 297
121 297
142 297
174 297
182 297
186 297
194 297
245 297
273 297
37 298
49 298
72 298
91 298
119 298
121 298
136 298
138 298
141 298
156 298
157 298
191 298
201 298
205 298
217 298
219 298
220 298
222 298
252 298
278 298
12 299
34 299
78 299
100 299
121 299
126 299
147 299
173 299
203 299
249 299
255 299
265 299
272 299
