300 306 5
5 4 7 7 7 6 5 5 7 6 3 5 5 4 6 4 6 5 4 5 5 7 6 5 5 5 5 5 5 4 6 3 5 7 6 7 5 6 4 6 4 5 6 8 6 4 5 5 6 6 7 3 5 5 4 5 7 6 4 7 5 8 7 6 5 7 7 5 6 6 5 5 6 7 6 6 5 5 7 5 6 6 7 4 5 6 7 5 6 6 7 7 6 6 4 4 6 5 5 5 5 5 6 6 7 5 5 6 5 7 6 5 6 5 5 5 6 5 5 4 6 7 7 6 6 6 6 8 5 5 6 5 7 4 8 4 7 3 7 5 7 5 6 4 4 5 6 7 5 7 5 7 8 4 6 5 6 5 5 5 5 7 5 4 7 6 5 6 4 5 4 5 6 4 5 6 6 7 4 6 6 7 5 6 5 7 7 7 6 5 6 4 6 5 5 4 5 5 6 5 5 4 5 5 5 6 7 4 4 7 6 5 4 6 6 7 7 6 5 6 6 5 7 6 7 6 5 5 6 7 6 4 5 7 4 5 4 6 5 6 6 5 6 5 5 7 6 3 6 6 7 6 6 5 5 5 4 5 6 4 8 5 5 5 6 6 4 6 5 5 6 6 5 4 5 6 6 6 6 6 5 6 5 6 5 6 6 7 5 4 7 4 6 4 6 6 4 7 6 5
11 15
14 31
23 38
38 43
3 44
6 46
5 55
3 56
6 59
6 62
26 64
59 65
50 68
43 71
62 72
4 73
37 73
46 76
48 76
58 80
34 81
61 82
40 87
66 90
59 91
32 94
80 94
7 95
82 96
60 100
79 100
59 101
83 102
60 104
101 105
56 107
70 107
41 109
67 109
45 111
54 113
23 116
96 116
110 117
11 118
30 119
80 119
47 120
70 121
96 121
107 121
7 122
64 122
94 122
92 123
13 125
112 129
14 130
109 130
1 131
76 131
3 134
74 135
48 139
28 140
108 140
102 147
49 148
14 149
57 150
108 150
55 151
123 151
117 152
59 153
73 155
80 156
95 157
101 158
107 159
28 161
57 162
56 163
98 163
69 164
29 166
72 166
107 166
2 167
16 167
94 167
28 169
37 169
117 169
142 171
142 172
155 172
9 173
3 174
52 174
59 175
87 175
94 175
48 176
141 176
150 177
160 177
25 179
0 181
38 181
44 184
94 184
128 185
4 186
134 186
33 187
87 187
163 187
140 189
151 189
8 190
45 190
46 190
106 190
124 190
64 193
81 193
151 193
161 193
68 196
138 199
46 201
173 201
186 202
28 203
70 203
165 203
11 204
83 204
97 204
115 204
119 204
131 205
55 206
154 206
69 207
156 207
171 207
10 208
15 209
127 210
16 213
138 213
183 213
149 215
56 216
115 216
170 216
192 216
41 217
131 217
66 219
185 219
45 221
68 221
156 221
168 221
204 221
46 222
99 222
160 222
116 223
128 224
178 224
37 227
140 227
127 228
156 228
104 229
147 230
143 231
173 231
158 232
177 232
227 232
63 233
204 233
222 233
10 234
70 234
205 236
98 237
215 237
54 238
87 239
94 240
155 240
169 240
169 241
171 242
179 242
6 243
30 243
61 243
162 243
168 243
50 244
114 244
150 245
235 245
208 246
4 247
215 247
220 247
76 248
203 248
75 249
160 249
237 249
20 251
81 251
113 251
145 251
159 251
17 252
94 253
178 253
79 254
97 254
128 255
232 255
250 255
37 257
163 257
117 258
206 260
25 262
13 263
47 263
133 263
238 263
194 264
135 265
192 265
145 266
223 267
28 268
43 268
102 268
112 268
183 268
215 268
220 268
48 269
187 269
84 270
102 270
248 270
90 271
94 271
111 271
46 272
162 272
210 273
234 273
102 275
207 275
267 275
174 276
195 276
148 277
258 277
29 278
95 280
114 281
196 282
268 282
63 284
195 284
265 284
12 285
30 285
114 285
69 287
13 288
178 288
215 288
104 289
188 290
211 291
58 293
232 293
57 294
141 294
65 295
236 295
22 296
60 296
62 296
85 296
255 296
28 297
212 298
56 299
120 299
157 299
