300 1187 5
10 11 13 13 9 13 10 7 8 9 12 3 9 10 11 7 12 14 8 13 13 13 12 12 15 13 13 7 9 11 14 10 10 8 9 14 8 9 14 11 11 7 13 8 13 8 13 13 5 7 11 11 7 13 13 13 19 10 8 6 9 8 15 12 11 12 11 11 6 7 12 13 13 12 9 9 13 6 9 15 6 8 9 9 8 12 12 6 6 11 11 15 4 6 5 12 16 8 15 10 12 12 6 12 7 8 7 11 11 12 14 7 18 7 8 12 11 9 11 12 11 12 12 12 10 11 9 11 9 15 14 12 10 9 6 14 9 13 13 10 18 14 14 12 10 10 12 13 11 11 9 11 12 14 11 14 12 9 11 12 13 11 14 9 10 12 4 8 12 10 11 15 13 15 10 7 11 13 10 13 12 15 12 6 10 16 9 6 14 9 9 6 8 9 12 11 11 15 15 13 14 16 10 9 9 12 11 6 12 6 9 12 8 7 8 11 8 19 10 9 8 10 7 9 15 10 8 13 14 7 11 10 8 13 9 7 10 13 11 13 12 9 14 11 14 6 10 11 11 10 10 11 11 9 13 7 12 7 6 16 6 12 7 10 14 11 11 8 8 10 13 13 11 13 8 14 10 8 8 10 8 14 13 10 9 10 7 15 13 14 14 16 8 11 14 10 8 11 8 8
6 16
2 23
0 25
5 25
1 27
3 29
6 30
25 31
13 32
17 35
28 39
18 40
24 40
15 41
28 41
3 42
23 42
22 44
16 46
29 48
28 50
14 51
5 53
6 53
15 53
29 53
40 54
34 55
52 55
14 56
22 56
49 56
14 57
35 57
6 59
3 60
11 61
29 62
2 63
11 63
1 64
27 64
46 64
40 66
57 66
53 67
25 68
42 69
5 70
8 70
26 70
32 70
17 71
26 71
18 72
40 72
45 72
56 72
6 73
16 73
50 74
1 75
9 75
58 75
62 75
70 75
50 76
8 77
26 77
16 78
19 78
19 79
32 79
49 79
52 79
62 79
69 79
60 80
66 80
2 81
41 81
74 81
18 82
32 82
66 82
27 83
24 84
27 84
50 84
24 86
57 86
33 87
54 87
74 87
21 88
43 88
15 89
26 89
30 89
72 89
71 90
16 91
28 91
52 91
76 92
32 93
35 93
42 93
39 95
47 95
76 95
86 95
33 96
26 97
47 97
13 98
8 99
22 99
85 99
8 100
33 100
40 100
10 101
32 101
51 101
86 101
52 102
16 103
92 103
25 104
38 104
54 104
62 104
48 105
51 105
71 105
101 105
7 106
85 106
24 107
61 107
14 108
1 109
38 109
48 109
91 109
27 110
97 110
8 111
38 111
48 111
74 111
86 111
64 112
80 112
6 113
24 113
3 114
79 114
82 114
88 114
10 115
28 115
74 115
87 115
109 115
4 116
20 116
23 116
46 116
55 116
67 116
24 117
49 117
62 117
52 118
14 119
35 119
50 119
90 119
19 120
84 120
29 121
51 121
101 121
20 122
26 122
27 122
39 122
67 122
5 123
70 123
6 124
104 124
111 124
110 125
120 125
19 126
30 126
76 126
113 126
60 127
69 127
34 128
37 128
29 129
126 129
57 130
93 130
104 130
115 130
37 131
70 131
118 131
123 131
25 132
40 132
77 132
103 132
121 132
0 133
2 133
2 134
13 135
26 135
58 135
81 135
112 135
3 137
84 137
28 138
90 138
122 138
21 139
23 139
39 139
55 139
66 139
109 139
112 139
133 139
42 140
56 140
82 140
114 140
115 140
77 141
125 141
65 142
119 142
126 142
56 143
119 143
2 144
17 144
68 144
74 144
106 144
135 144
58 145
73 145
83 145
90 145
138 145
12 146
24 146
71 146
110 146
136 146
86 147
95 147
9 148
10 148
28 148
47 148
62 148
77 148
83 148
123 148
92 149
14 150
42 150
65 150
119 150
123 150
8 151
25 151
33 151
68 151
126 151
137 151
82 152
132 152
10 153
24 153
87 153
112 153
31 154
33 154
45 154
71 154
80 154
143 154
44 155
55 155
62 155
14 156
18 156
27 156
73 156
135 156
7 157
28 157
31 157
40 157
66 157
82 157
83 157
106 157
28 158
47 158
75 158
78 158
93 158
118 158
137 158
32 159
50 159
56 159
101 159
36 160
32 161
63 161
86 161
97 161
105 161
117 161
18 162
19 162
49 162
62 162
112 162
152 163
158 163
57 164
59 164
71 164
80 164
93 164
109 164
154 164
5 165
48 165
62 165
73 165
87 165
115 165
152 165
155 165
3 166
67 166
94 166
132 166
6 167
88 167
132 167
21 168
29 168
77 168
82 168
144 168
12 169
41 169
88 169
92 169
118 169
31 170
44 170
150 170
21 171
128 171
67 172
128 172
157 172
46 173
118 173
122 173
9 174
50 174
79 174
105 174
132 174
155 174
21 175
65 175
100 175
111 175
132 175
134 175
152 175
5 176
19 176
144 176
162 176
173 176
22 177
35 177
126 177
128 177
17 178
37 178
77 178
78 178
167 178
55 179
70 179
87 179
95 179
116 179
126 179
135 179
155 179
16 180
36 180
74 180
4 182
5 182
28 182
32 182
152 182
1 183
7 183
58 183
40 184
80 184
175 184
179 184
6 185
35 185
95 185
107 185
120 185
132 185
90 186
92 186
112 186
132 186
134 186
159 186
46 187
116 187
133 187
163 187
172 187
99 188
111 188
143 188
30 189
57 189
88 189
115 189
133 189
148 189
182 189
31 190
34 190
54 190
65 190
86 190
138 190
51 191
94 191
110 191
144 191
30 192
145 192
177 192
52 193
99 193
108 193
153 193
15 194
78 194
98 194
102 194
103 194
105 194
161 194
178 194
190 194
8 195
19 195
102 195
158 195
184 195
12 196
16 196
119 196
155 196
185 196
186 196
65 197
81 197
103 197
117 197
177 197
178 197
23 198
114 198
148 198
31 199
41 199
48 199
58 199
70 199
109 199
112 199
144 199
188 199
67 200
73 200
112 200
128 200
32 201
76 201
113 201
133 201
143 201
146 201
28 202
55 202
116 202
126 202
138 202
140 202
148 202
167 202
185 202
37 203
60 203
72 203
155 203
179 203
186 203
188 203
28 204
58 204
59 204
92 204
139 204
169 204
81 205
82 205
100 205
107 205
166 205
36 206
40 206
68 206
72 206
84 206
150 206
164 206
23 207
75 207
89 207
96 207
105 207
127 207
140 207
173 207
196 207
8 208
48 208
155 208
9 209
25 209
31 209
53 209
67 209
97 209
99 209
108 209
117 209
126 209
130 209
157 209
4 210
28 210
50 210
66 210
82 210
126 210
136 210
158 210
14 211
21 211
49 211
77 211
98 211
114 211
197 211
68 212
151 212
178 212
197 212
14 213
39 213
59 213
89 213
90 213
135 213
138 213
146 213
23 214
56 214
65 214
146 214
169 214
51 215
90 215
199 215
37 216
55 216
101 216
152 216
156 216
37 217
45 217
109 217
134 217
162 217
163 217
169 217
101 218
161 218
29 219
53 219
161 219
21 220
25 220
31 220
74 220
152 220
167 220
175 220
195 220
8 221
158 221
167 221
8 222
126 222
191 222
215 222
10 223
32 223
63 223
66 223
88 223
96 223
104 223
213 223
82 224
172 224
193 224
194 224
216 224
62 225
91 225
118 225
130 225
218 225
16 226
56 226
139 226
148 226
156 226
183 226
190 226
33 227
50 227
99 227
118 227
146 227
147 227
159 227
169 227
217 227
1 228
36 228
37 228
119 228
146 228
148 228
176 228
19 229
34 229
65 229
67 229
116 229
152 229
174 229
204 229
54 230
78 230
84 230
117 230
132 230
139 230
152 230
166 230
183 230
24 231
35 231
72 231
80 231
100 231
150 231
165 231
28 232
36 232
46 232
138 232
139 232
187 232
196 232
24 233
44 233
80 233
117 233
159 233
160 233
224 233
31 234
41 234
56 234
64 234
88 234
90 234
107 234
153 234
166 234
180 234
191 234
195 234
200 234
211 234
7 235
10 235
17 235
19 235
28 235
44 235
103 235
3 236
22 236
33 236
47 236
104 236
178 236
179 236
4 237
18 237
30 237
147 237
158 237
174 237
196 237
215 237
15 238
50 238
16 239
103 239
189 239
200 239
16 240
34 240
72 240
97 240
129 240
169 240
225 240
230 240
40 241
48 241
62 241
107 241
149 241
32 242
34 242
9 243
49 243
63 243
110 243
137 243
138 243
218 243
223 243
69 244
78 244
155 244
156 244
204 244
216 244
220 244
34 245
115 245
128 245
167 245
170 245
184 245
201 245
144 246
153 246
154 246
172 246
234 246
23 247
108 247
136 247
138 247
178 247
4 248
46 248
94 248
112 248
126 248
147 248
221 248
106 249
174 249
222 249
14 250
59 250
172 250
180 250
219 250
19 251
52 251
79 251
127 251
149 251
168 251
176 251
187 251
212 251
53 252
57 252
100 252
147 252
185 252
195 252
233 252
75 253
88 253
207 253
6 254
34 254
49 254
96 254
136 254
139 254
195 254
199 254
226 254
20 255
60 255
86 255
95 255
213 255
216 255
34 256
113 256
155 256
227 256
77 257
97 257
105 257
215 257
76 258
88 258
140 258
163 258
184 258
192 258
195 258
218 258
236 258
20 259
52 259
126 259
141 259
166 259
182 259
210 259
214 259
9 260
20 260
105 260
145 260
242 260
244 260
8 261
131 261
228 261
247 261
255 261
19 262
37 262
48 262
72 262
151 262
197 262
12 263
22 263
86 263
113 263
146 263
210 263
253 263
8 264
71 264
114 264
137 264
154 264
164 264
217 264
3 265
13 265
32 265
70 265
82 265
103 265
179 265
231 265
246 265
11 266
43 266
52 266
69 266
93 266
216 266
220 266
230 266
252 266
27 267
65 267
94 267
141 267
152 267
179 267
21 268
176 268
199 268
221 268
229 268
252 268
3 269
47 269
62 269
91 269
107 269
149 269
168 269
225 269
255 269
6 270
69 270
75 270
89 270
135 270
139 270
172 270
245 270
18 271
146 271
199 271
12 272
17 272
67 272
119 272
166 272
212 272
239 272
254 272
44 273
57 273
60 273
89 273
108 273
157 273
170 273
192 273
206 273
62 274
133 274
200 274
262 274
263 274
17 275
87 275
161 275
173 275
190 275
211 275
93 276
161 276
184 276
217 276
223 276
252 276
25 277
63 277
76 277
144 277
151 277
159 277
235 277
26 278
58 278
66 278
162 278
171 278
203 278
6 279
37 279
45 279
55 279
61 279
76 279
117 279
191 279
204 279
234 279
252 279
259 279
50 280
51 280
70 280
73 280
45 281
64 281
92 281
121 281
122 281
144 281
162 281
252 281
89 282
125 282
128 282
146 282
153 282
167 282
206 282
234 282
244 282
263 282
40 283
151 283
207 283
238 283
253 283
28 284
56 284
104 284
157 284
174 284
225 284
230 284
237 284
239 284
259 284
44 285
105 285
119 285
125 285
237 285
274 285
70 286
88 286
91 286
171 286
190 286
268 286
271 286
165 287
195 287
229 287
231 287
252 287
7 288
45 288
57 288
75 288
147 288
153 288
163 288
183 288
20 289
62 289
65 289
68 289
111 289
132 289
187 289
203 289
217 289
239 289
241 289
253 289
21 290
127 290
130 290
178 290
198 290
229 290
256 290
18 291
22 291
107 291
131 291
179 291
115 292
118 292
142 292
149 292
231 292
246 292
265 292
268 292
46 293
54 293
84 293
94 293
97 293
129 293
130 293
141 293
142 293
155 293
218 293
252 293
1 294
2 294
80 294
85 294
91 294
200 294
237 294
273 294
6 295
64 295
80 295
193 295
241 295
257 295
267 295
276 295
51 296
241 296
279 296
16 297
17 297
35 297
80 297
98 297
142 297
209 297
237 297
273 297
21 298
24 298
37 298
78 298
149 298
168 298
186 298
231 298
282 298
284 298
28 299
31 299
109 299
119 299
191 299
238 299
