300 1826 5
14 14 18 10 6 7 11 8 14 13 6 10 9 11 7 13 11 10 12 13 7 2 13 8 6 15 7 13 10 12 8 13 15 10 17 13 9 10 6 11 10 10 6 11 8 12 10 2 17 6 11 8 8 9 6 13 10 14 10 6 8 7 7 8 11 12 7 8 14 11 16 10 11 14 11 8 11 13 10 14 8 14 10 10 9 11 17 11 14 14 15 4 7 8 6 14 14 13 6 10 11 10 6 13 12 13 10 14 9 13 11 7 10 11 11 14 10 9 12 9 9 8 12 5 11 14 10 8 11 11 10 14 17 13 13 8 9 12 9 8 8 11 8 10 10 11 5 10 15 9 10 11 11 12 10 8 10 7 6 14 11 10 9 5 10 9 15 9 13 12 9 8 10 11 12 10 10 9 12 13 8 12 11 10 11 12 7 16 13 8 12 13 8 12 5 9 9 11 12 10 13 5 11 7 10 7 10 9 9 7 15 3 16 10 15 17 14 8 9 6 8 14 10 10 10 15 7 12 4 7 10 8 14 10 10 9 6 13 5 13 14 5 10 6 7 9 11 11 12 15 13 10 12 15 9 12 8 7 11 13 11 14 4 14 12 6 11 11 12 12 15 10 8 6 14 10 4 5 10 9 10 11 10 10 9 9 9 2 16 9 5 11 12 12 9 12 6 12 7 8
3 15
3 17
6 21
4 22
11 23
16 23
8 24
10 26
5 27
14 27
14 29
26 29
0 31
2 35
1 36
23 36
9 37
10 37
27 37
5 38
13 39
14 39
22 40
23 40
13 41
30 41
32 41
10 42
35 43
3 44
8 45
28 46
3 47
12 47
18 47
26 47
43 47
44 47
2 48
24 48
23 49
8 50
12 50
30 50
17 51
13 52
22 52
37 52
16 53
10 54
13 54
14 54
20 54
12 55
31 56
32 56
43 56
17 57
25 58
29 58
19 59
25 59
29 59
43 60
9 61
14 61
16 61
1 62
22 62
25 62
10 63
27 64
1 65
19 65
21 65
45 66
0 67
43 67
44 67
53 67
64 67
6 68
23 68
25 68
42 68
5 69
38 69
50 69
56 69
7 70
31 71
36 71
47 71
56 71
22 72
29 72
33 72
35 73
41 73
48 73
49 74
21 75
35 75
41 75
51 75
57 75
5 76
15 76
14 77
23 77
27 78
38 78
49 78
26 79
29 79
31 79
55 79
3 80
7 80
22 80
30 80
56 80
38 81
49 81
2 82
24 82
4 83
28 83
32 83
59 84
74 84
7 85
28 85
33 85
40 85
45 85
71 85
0 86
27 86
61 86
77 86
44 87
63 87
21 88
35 88
50 88
2 89
20 89
36 89
45 89
4 90
41 90
61 90
81 90
83 91
4 92
25 92
64 92
77 92
84 92
14 93
45 93
22 94
34 94
59 94
75 94
81 94
53 95
5 96
27 96
53 96
79 96
81 96
0 97
12 97
15 97
59 97
52 99
77 99
84 99
2 100
28 100
89 100
5 101
9 101
23 101
38 101
43 101
55 101
78 101
1 103
23 103
68 103
90 103
91 103
47 104
87 104
88 104
98 104
46 105
65 105
100 105
51 106
67 106
98 106
26 107
28 107
55 107
58 107
97 107
20 108
24 108
37 108
9 109
59 109
4 110
14 110
18 110
61 110
85 110
21 111
33 111
70 111
2 112
43 112
45 112
52 112
53 112
64 112
11 113
32 113
33 113
38 113
45 113
51 113
55 113
57 113
70 113
84 113
88 113
89 113
22 114
43 114
73 114
81 114
88 114
93 114
95 114
47 115
63 115
70 115
103 115
37 116
47 116
59 116
83 116
86 116
87 116
7 117
10 117
21 117
36 117
54 117
89 117
95 117
20 118
21 118
22 118
51 118
55 118
62 118
66 118
67 118
81 118
4 119
29 119
43 119
57 119
110 119
1 120
5 120
13 120
33 120
44 120
54 120
86 120
112 120
2 121
56 121
67 121
6 122
30 122
65 122
81 122
104 122
109 122
115 122
20 123
85 123
88 123
94 123
108 123
7 124
38 124
43 124
79 124
54 125
60 125
63 125
64 125
110 125
43 126
102 126
41 127
95 127
113 127
6 128
14 128
18 128
20 128
90 128
104 128
116 128
91 129
92 129
98 129
46 130
58 130
74 130
104 130
111 130
29 131
45 131
76 131
110 131
38 132
40 132
54 132
57 132
74 132
78 132
80 132
8 133
76 133
37 134
59 134
78 134
92 134
15 135
21 135
40 135
83 135
123 135
129 135
50 136
61 136
117 136
124 136
10 137
15 137
47 137
110 137
111 137
118 137
122 137
60 138
63 138
88 138
93 138
111 138
113 138
64 139
123 139
126 139
13 140
19 140
39 140
54 140
59 140
29 141
59 141
109 141
116 141
7 142
43 142
73 142
110 142
127 142
3 143
11 143
21 143
48 143
58 143
69 143
113 143
123 143
131 143
27 144
63 144
104 144
108 144
125 144
126 144
25 145
51 145
68 145
100 145
111 145
129 145
2 146
30 146
37 146
88 146
34 147
90 147
114 147
18 148
20 148
26 148
29 148
41 148
55 148
105 148
115 148
135 148
141 148
14 149
22 149
23 149
45 149
48 149
79 149
89 149
125 149
26 150
48 150
68 150
78 150
111 150
18 151
21 151
23 151
60 151
70 151
124 151
134 151
15 152
16 152
17 152
20 152
31 152
33 152
37 152
63 152
103 152
115 152
1 153
7 153
87 153
137 153
16 154
145 154
8 155
31 155
58 155
67 155
75 155
80 155
93 155
54 156
101 156
103 156
106 156
136 156
62 157
78 157
105 157
116 157
21 158
37 158
40 158
97 158
135 158
141 158
41 159
55 159
115 159
3 160
42 160
48 160
84 160
85 160
125 160
132 160
3 161
21 161
40 161
44 161
53 161
97 161
131 161
137 161
143 161
150 161
9 162
22 162
1 163
6 163
11 163
16 163
24 163
26 163
41 163
44 163
78 163
103 163
149 163
35 164
83 164
88 164
127 164
136 164
140 164
5 165
32 165
45 165
109 165
130 165
132 165
153 165
61 166
80 166
160 166
25 167
36 167
54 167
57 167
68 167
98 167
104 167
151 167
8 168
55 168
37 169
83 169
106 169
149 169
157 169
161 169
162 169
21 170
28 170
29 170
35 170
58 170
95 170
105 170
123 170
131 170
144 170
161 170
15 171
38 171
56 171
71 171
91 171
120 171
148 171
153 171
164 171
20 172
28 172
120 172
4 173
23 173
29 173
49 173
120 173
139 173
26 174
122 174
129 174
130 174
133 174
134 174
49 175
60 175
144 175
156 175
162 175
6 176
7 176
16 176
28 176
93 176
132 176
43 177
56 177
70 177
77 177
104 177
131 177
157 177
31 178
80 178
107 178
115 178
123 178
131 178
154 178
156 178
29 179
37 179
74 179
87 179
144 179
152 179
41 180
65 180
69 180
91 180
116 180
129 180
32 181
69 181
84 181
94 181
116 181
129 181
133 181
143 181
166 181
2 182
9 182
10 182
58 182
61 182
75 182
82 182
101 182
107 182
134 182
14 183
21 183
40 183
75 183
102 183
127 183
136 183
128 184
147 184
162 184
21 185
48 185
75 185
106 185
107 185
119 185
139 185
145 185
165 185
55 186
66 186
73 186
79 186
95 186
98 186
105 186
142 186
144 186
145 186
160 186
175 186
12 187
16 187
25 187
52 187
85 187
88 187
99 187
142 187
5 188
21 188
24 188
54 188
93 188
100 188
120 188
39 189
63 189
75 189
109 189
117 189
118 189
120 189
164 189
165 189
170 189
41 190
134 190
157 190
167 190
29 191
45 191
122 191
1 192
33 192
40 192
43 192
54 192
63 192
89 192
93 192
101 192
130 192
143 192
145 192
11 193
51 193
66 193
161 193
164 193
181 193
8 194
15 194
44 194
79 194
99 194
114 194
123 194
131 194
133 194
179 194
9 195
34 195
39 195
55 195
58 195
60 195
74 195
92 195
138 195
157 195
166 195
179 195
22 196
32 196
54 196
89 196
104 196
116 196
117 196
124 196
12 197
13 197
20 197
71 197
91 197
98 197
162 197
7 198
26 198
42 198
49 198
59 198
62 198
71 198
80 198
87 198
100 198
103 198
8 199
30 199
47 199
64 199
82 199
97 199
104 199
128 199
136 199
154 199
181 199
10 200
12 200
54 200
61 200
67 200
76 200
159 200
9 201
58 201
78 201
83 201
116 201
126 201
16 202
77 202
83 202
85 202
96 202
124 202
157 202
164 202
175 202
43 203
58 203
62 203
71 203
107 203
145 203
166 203
185 203
187 203
32 204
39 204
68 204
95 204
109 204
131 204
10 205
50 205
65 205
69 205
71 205
82 205
154 205
161 205
179 205
181 205
23 206
26 206
41 206
100 206
104 206
164 206
197 206
2 207
42 207
71 207
159 207
173 207
8 208
13 208
23 208
50 208
83 208
109 208
110 208
127 208
159 208
176 208
179 208
182 208
183 208
0 209
24 209
116 209
162 209
172 209
190 209
200 209
202 209
23 210
69 210
87 210
108 210
115 210
124 210
175 210
11 211
59 211
72 211
105 211
114 211
139 211
147 211
194 211
199 211
10 212
14 212
53 212
117 212
120 212
122 212
128 212
143 212
147 212
183 212
197 212
199 212
19 213
91 213
107 213
110 213
190 213
62 214
91 214
108 214
166 214
191 214
205 214
9 215
34 215
43 215
52 215
55 215
78 215
131 215
189 215
207 215
20 216
22 216
62 216
71 216
87 216
107 216
161 216
164 216
210 216
12 217
37 217
49 217
61 217
92 217
113 217
114 217
123 217
138 217
150 217
155 217
174 217
196 217
207 217
12 218
30 218
41 218
49 218
69 218
70 218
73 218
87 218
91 218
124 218
129 218
131 218
137 218
145 218
152 218
189 218
15 219
36 219
48 219
69 219
84 219
97 219
134 219
157 219
167 219
177 219
185 219
202 219
23 220
70 220
116 220
144 220
165 220
171 220
7 221
26 221
35 221
71 221
146 221
27 222
66 222
151 222
167 222
177 222
195 222
204 222
10 223
30 223
68 223
92 223
95 223
103 223
140 223
170 223
185 223
193 223
200 223
2 224
13 224
14 224
59 224
67 224
100 224
129 224
152 224
166 224
189 224
194 224
208 224
210 224
32 225
40 225
54 225
101 225
110 225
139 225
193 225
9 226
21 226
26 226
35 226
45 226
78 226
91 226
130 226
135 226
151 226
153 226
165 226
196 226
54 227
91 227
98 227
119 227
204 227
223 227
27 228
33 228
34 228
52 228
116 228
164 228
219 228
47 229
88 229
154 229
159 229
160 229
214 229
140 230
167 230
175 230
191 230
208 230
222 230
11 231
40 231
91 231
94 231
96 231
115 231
128 231
146 231
148 231
4 232
72 232
93 232
100 232
102 232
138 232
140 232
157 232
159 232
167 232
174 232
186 232
197 232
208 232
216 232
222 232
3 233
5 233
13 233
22 233
50 233
56 233
60 233
123 233
125 233
130 233
165 233
177 233
186 233
202 233
3 234
108 234
132 234
138 234
145 234
206 234
13 235
19 235
60 235
70 235
117 235
126 235
131 235
135 235
141 235
150 235
153 235
9 236
75 236
79 236
101 236
119 236
129 236
164 236
222 236
29 237
76 237
116 237
129 237
134 237
138 237
142 237
146 237
160 237
183 237
213 237
228 237
13 238
113 238
114 238
149 238
156 238
184 238
217 238
222 238
14 239
28 239
44 239
55 239
68 239
81 239
161 239
212 239
22 240
29 240
40 240
43 240
127 240
137 240
148 240
167 240
194 240
18 241
28 241
40 241
49 241
54 241
67 241
68 241
73 241
76 241
84 241
105 241
111 241
128 241
162 241
166 241
171 241
176 241
177 241
188 241
191 241
233 241
25 242
70 242
82 242
90 242
96 242
109 242
133 242
186 242
226 242
234 242
36 243
37 243
95 243
109 243
135 243
185 243
196 243
3 244
36 244
45 244
52 244
76 244
92 244
95 244
105 244
176 244
207 244
9 245
18 245
50 245
114 245
125 245
139 245
170 245
211 245
218 245
234 245
3 246
13 246
53 246
100 246
130 246
149 246
172 246
181 246
198 246
206 246
217 246
234 246
56 247
78 247
104 247
117 247
121 247
126 247
137 247
138 247
218 247
234 247
35 248
55 248
57 248
67 248
109 248
111 248
122 248
168 248
174 248
175 248
198 248
207 248
223 248
18 249
41 249
68 249
78 249
86 249
96 249
198 249
204 249
219 249
230 249
245 249
45 250
73 250
75 250
99 250
101 250
150 250
155 250
163 250
168 250
195 250
2 251
7 251
26 251
72 251
73 251
96 251
140 251
146 251
158 251
162 251
163 251
207 251
209 251
16 252
46 252
56 252
63 252
76 252
78 252
81 252
93 252
104 252
141 252
142 252
199 252
216 252
242 252
18 253
51 253
58 253
88 253
150 253
161 253
195 253
198 253
228 253
245 253
18 254
43 254
51 254
54 254
62 254
88 254
100 254
124 254
152 254
160 254
211 254
223 254
237 254
15 255
17 255
27 255
52 255
93 255
109 255
115 255
122 255
230 255
72 256
76 256
80 256
81 256
83 256
107 256
116 256
140 256
161 256
219 256
231 256
253 256
1 257
2 257
15 257
24 257
29 257
35 257
61 257
102 257
114 257
115 257
198 257
209 257
212 257
215 257
235 257
248 257
7 258
8 258
17 258
22 258
62 258
112 258
141 258
215 258
7 259
37 259
116 259
129 259
161 259
165 259
170 259
171 259
188 259
198 259
207 259
238 259
46 260
102 260
105 260
157 260
176 260
178 260
199 260
241 260
5 261
22 261
71 261
80 261
97 261
101 261
132 261
135 261
183 261
209 261
228 261
230 261
239 261
240 261
243 261
10 262
11 262
85 262
92 262
107 262
113 262
125 262
231 262
63 263
75 263
76 263
80 263
84 263
135 263
166 263
238 263
254 263
256 263
258 263
0 264
12 264
80 264
86 264
118 264
126 264
140 264
162 264
196 264
250 264
6 265
63 265
80 265
92 265
99 265
118 265
201 265
204 265
218 265
233 265
239 265
13 266
26 266
60 266
61 266
92 266
102 266
131 266
152 266
176 266
179 266
185 266
228 266
253 266
14 267
33 267
60 267
74 267
81 267
131 267
174 267
200 267
260 267
54 268
62 268
75 268
82 268
96 268
119 268
132 268
149 268
181 268
184 268
194 268
205 268
207 268
228 268
261 268
24 269
114 269
122 269
131 269
162 269
252 269
28 270
75 270
109 270
119 270
131 270
159 270
175 270
4 271
26 271
46 271
62 271
180 271
219 271
227 271
19 272
25 272
53 272
79 272
87 272
90 272
108 272
128 272
130 272
153 272
176 272
195 272
225 272
244 272
1 273
5 273
28 273
121 273
152 273
172 273
186 273
230 273
8 274
13 274
43 274
64 274
78 274
87 274
111 274
191 274
206 274
212 274
223 274
237 274
261 274
265 274
20 275
31 275
39 275
122 275
123 275
132 275
136 275
171 275
189 275
190 275
197 275
236 275
240 275
138 276
158 276
160 276
229 276
263 276
26 277
83 277
104 277
159 277
169 277
186 277
190 277
217 277
74 278
86 278
122 278
126 278
131 278
137 278
142 278
175 278
189 278
196 278
207 278
218 278
229 278
244 278
6 279
73 279
77 279
89 279
118 279
152 279
32 280
37 280
54 280
59 280
60 280
75 280
100 280
107 280
120 280
125 280
144 280
168 280
176 280
190 280
199 280
243 280
247 280
255 280
260 280
269 280
49 281
56 281
60 281
77 281
85 281
110 281
117 281
150 281
163 281
178 281
189 281
242 281
259 281
270 281
273 281
279 281
30 282
40 282
43 282
48 282
79 282
137 282
149 282
151 282
155 282
180 282
188 282
200 282
30 283
40 283
54 283
56 283
139 283
150 283
159 283
162 283
165 283
232 283
253 283
254 283
264 283
25 284
74 284
97 284
112 284
137 284
175 284
202 284
214 284
216 284
226 284
252 284
264 284
274 284
8 285
60 285
61 285
81 285
109 285
141 285
144 285
145 285
149 285
184 285
198 285
216 285
227 285
258 285
2 286
46 286
51 286
82 286
114 286
160 286
187 286
230 286
260 286
268 286
277 286
16 287
46 287
50 287
67 287
79 287
95 287
134 287
156 287
173 287
176 287
214 287
215 287
218 287
256 287
258 287
1 288
10 288
31 288
93 288
99 288
216 288
259 288
274 288
33 289
71 289
96 289
113 289
114 289
135 289
152 289
209 289
265 289
14 290
58 290
97 290
143 290
156 290
187 290
240 290
248 290
269 290
274 290
288 290
53 291
54 291
80 291
95 291
120 291
140 291
169 291
202 291
244 291
274 291
26 292
29 292
44 292
52 292
100 292
109 292
119 292
120 292
122 292
139 292
166 292
230 292
259 292
268 292
286 292
53 293
55 293
65 293
71 293
93 293
119 293
133 293
149 293
155 293
181 293
187 293
65 294
73 294
91 294
117 294
215 294
244 294
245 294
259 294
33 295
38 295
70 295
84 295
112 295
188 295
216 295
241 295
263 295
28 296
30 296
34 296
37 296
41 296
47 296
69 296
90 296
114 296
187 296
236 296
247 296
285 296
289 296
9 297
14 297
39 297
42 297
58 297
60 297
71 297
74 297
79 297
119 297
125 297
139 297
148 297
214 297
240 297
258 297
272 297
3 298
16 298
60 298
100 298
126 298
136 298
137 298
157 298
201 298
205 298
225 298
238 298
239 298
262 298
286 298
8 299
42 299
50 299
57 299
76 299
125 299
131 299
139 299
151 299
157 299
161 299
225 299
274 299
