300 2095 5
4 5 4 4 5 5 5 5 4 7 7 5 5 6 5 5 4 7 5 5 6 6 5 5 6 4 5 7 5 5 5 6 5 5 6 6 6 6 6 7 4 5 5 4 6 7 5 5 6 5 4 6 5 5 4 4 8 4 5 6 5 5 7 7 6 5 7 5 6 4 5 6 7 5 4 4 6 7 5 6 5 5 5 3 5 4 6 4 7 5 5 4 6 5 4 5 4 6 6 4 5 6 5 5 7 6 6 5 5 7 7 5 6 4 6 7 7 5 6 5 5 5 4 7 5 5 4 6 6 6 6 4 7 7 6 6 5 5 4 4 7 7 8 4 5 4 7 5 5 6 5 4 4 6 3 6 9 6 6 5 5 5 5 6 6 5 6 7 6 4 3 6 6 5 4 7 7 6 5 5 4 4 4 6 6 6 5 5 5 5 4 5 4 5 5 5 6 5 4 5 5 6 6 6 4 4 5 5 6 4 5 6 6 6 6 5 6 6 5 6 5 6 5 7 6 5 6 7 3 4 5 5 5 7 6 5 5 5 7 7 5 6 5 5 6 7 6 7 6 8 5 6 6 4 5 7 7 6 5 5 6 6 4 5 7 4 6 6 4 6 6 6 5 4 6 5 5 7 5 4 5 5 6 4 5 7 7 5 5 4 4 6 5 7 6 6 6 5 5 5
4 5
1 9
0 16
2 16
9 19
15 19
7 20
1 21
10 21
11 23
26 27
7 28
26 30
4 31
18 31
20 32
17 33
14 34
15 34
19 34
14 35
20 35
13 37
21 37
12 38
14 38
23 40
3 41
4 41
8 41
0 42
19 44
17 45
21 45
36 45
0 46
4 46
5 46
8 46
34 46
36 46
3 48
9 48
16 48
32 48
6 50
13 50
40 50
45 50
7 51
46 51
20 52
25 52
46 52
6 53
20 53
41 53
43 53
44 53
50 54
36 55
27 56
1 57
14 57
17 57
21 57
38 57
8 58
9 58
7 59
36 59
42 59
46 59
1 60
7 60
46 60
10 61
13 61
34 61
43 61
30 62
39 62
47 62
51 62
1 63
3 64
28 64
37 64
61 64
1 65
7 65
18 65
41 65
26 66
41 66
30 67
49 67
61 67
3 68
51 68
37 69
38 69
14 70
15 71
19 71
42 71
49 71
51 71
14 72
23 72
44 72
48 72
24 73
63 73
64 73
15 74
44 74
53 74
63 74
5 75
29 75
37 75
14 76
16 76
61 76
34 77
36 77
45 77
38 78
52 78
45 79
63 79
66 79
67 79
32 80
57 80
1 81
10 81
21 82
46 82
65 82
3 83
25 83
53 83
66 83
76 83
12 84
39 84
41 84
62 84
14 85
18 85
29 85
48 85
57 85
79 85
47 86
23 87
29 87
34 87
37 87
66 87
1 88
32 88
37 88
71 88
75 88
24 89
28 89
31 89
32 89
39 89
42 89
59 89
78 89
25 90
80 90
19 91
45 91
54 91
56 91
69 91
12 92
18 92
21 92
40 92
49 92
68 92
35 93
39 93
7 94
10 94
37 94
80 94
7 95
23 95
48 95
52 95
54 95
59 95
11 96
22 97
28 97
61 97
62 97
10 98
43 98
58 98
70 98
80 98
4 99
73 99
80 99
12 100
20 100
25 100
35 100
40 100
65 100
9 101
45 101
57 101
72 101
87 101
16 102
47 102
68 102
82 102
89 102
94 102
13 103
55 103
80 103
97 103
15 104
24 104
46 104
55 104
90 104
20 105
46 105
61 106
62 106
71 106
3 107
9 107
14 107
35 107
89 107
93 107
18 108
21 108
58 108
64 108
98 108
26 109
35 109
39 109
47 109
69 109
74 109
75 109
106 109
33 110
61 110
83 110
84 110
12 111
31 111
68 111
73 111
84 111
42 112
101 112
8 113
13 113
24 113
66 113
101 113
102 113
23 114
25 114
50 114
61 114
87 114
89 114
13 115
19 115
25 115
51 115
66 115
79 115
24 116
31 116
41 116
70 116
73 116
86 116
102 116
105 116
28 117
47 117
78 117
96 117
1 118
7 118
11 118
17 118
26 118
59 118
83 118
85 118
88 118
105 118
17 119
46 119
86 119
97 119
109 119
113 119
3 120
16 120
38 120
74 120
79 120
87 120
96 120
1 121
21 121
30 121
42 121
99 121
0 122
16 122
41 122
63 122
64 122
93 122
102 122
36 123
55 123
59 123
61 123
68 123
87 123
120 123
2 124
11 124
29 124
49 124
54 124
111 124
1 125
13 125
50 125
101 125
102 125
15 126
50 126
57 126
59 126
92 126
101 126
109 126
2 127
10 127
11 127
13 127
18 127
49 127
67 127
72 127
73 127
74 127
86 127
101 127
104 127
12 128
17 128
27 128
29 128
36 128
88 128
91 128
104 128
121 128
3 129
6 129
78 129
95 129
4 130
15 131
16 131
27 131
29 131
48 131
51 131
61 131
63 131
76 131
85 131
86 131
91 131
101 131
9 132
16 132
30 132
53 132
70 132
91 132
120 132
15 133
21 133
42 133
53 133
74 133
85 133
101 133
102 133
30 134
42 134
61 134
74 134
91 134
92 134
119 134
6 135
70 135
71 135
82 135
0 136
18 136
31 136
43 136
48 136
51 136
81 136
133 136
19 137
31 137
37 137
64 137
65 137
92 137
114 137
125 137
132 137
0 138
4 138
6 138
17 138
46 138
47 138
81 138
96 138
29 139
37 139
43 139
48 139
50 139
56 139
80 139
83 139
97 139
119 139
127 139
9 140
19 140
64 140
74 140
82 140
92 140
122 140
27 141
86 141
105 141
129 141
3 142
41 142
130 142
17 143
47 143
66 143
106 143
130 143
12 144
24 144
67 144
105 144
115 144
124 144
126 144
0 145
20 145
68 145
75 145
135 145
6 146
23 146
33 146
80 146
94 146
107 146
3 147
18 147
23 147
57 147
67 147
80 147
124 147
6 148
26 148
49 148
60 148
143 148
66 149
89 149
117 149
28 150
33 150
41 150
42 150
44 150
48 150
52 150
65 150
9 151
30 151
61 151
18 152
59 152
71 152
6 153
10 153
22 153
70 153
81 153
17 154
52 154
95 154
138 154
35 155
42 155
55 155
84 155
85 155
112 155
115 155
116 155
126 155
146 155
20 156
22 156
49 156
74 156
145 156
33 157
40 157
79 157
129 157
55 158
56 158
57 158
82 158
108 158
114 158
120 158
131 158
135 158
154 158
19 159
26 159
29 159
35 159
60 159
76 159
93 159
98 159
101 159
137 159
149 159
14 160
99 160
141 160
152 160
3 161
16 161
44 161
51 161
65 161
122 161
143 161
1 162
14 162
18 162
44 162
70 162
71 162
79 162
89 162
98 162
107 162
121 162
147 162
150 162
14 163
22 163
57 163
63 163
67 163
86 163
108 163
114 163
133 163
138 163
148 163
1 164
12 164
35 164
48 164
60 164
81 164
96 164
109 164
122 164
151 164
1 165
10 165
47 165
49 165
53 165
73 165
107 165
11 166
12 166
20 166
42 166
57 166
1 167
40 167
41 167
76 167
87 167
141 167
146 167
5 168
41 168
69 168
75 168
97 168
149 168
155 168
164 168
32 169
98 169
135 169
167 169
19 170
78 170
94 170
98 170
126 170
131 170
146 170
147 170
151 170
153 170
166 170
0 172
3 172
59 172
95 172
97 172
8 173
30 173
66 173
137 173
144 173
2 174
10 174
22 174
153 174
18 175
73 175
135 175
5 176
17 176
100 176
103 176
110 176
139 176
143 176
166 176
167 176
2 177
27 177
33 177
46 177
52 177
61 177
65 177
67 177
91 177
96 177
118 177
120 177
125 177
28 178
51 178
59 178
68 178
81 178
114 178
150 178
4 179
19 179
46 179
67 179
107 179
115 179
174 179
20 180
87 180
118 180
132 180
157 180
167 180
0 181
14 181
18 181
29 181
35 181
51 181
82 181
85 181
96 181
113 181
114 181
165 181
173 181
1 182
33 182
55 182
56 182
78 182
133 182
136 182
145 182
165 182
7 183
24 183
38 183
48 183
92 183
96 183
101 183
103 183
106 183
123 183
137 183
145 183
154 183
2 184
47 184
72 184
116 184
122 184
139 184
1 185
11 185
75 185
79 185
80 185
96 185
119 185
122 185
150 185
169 185
170 185
11 186
74 186
76 186
82 186
83 186
88 186
112 186
116 186
127 186
172 186
176 186
1 187
47 187
56 187
57 187
61 187
63 187
84 187
123 187
161 187
163 187
11 188
22 188
48 188
51 188
54 188
131 188
141 188
149 188
165 188
46 189
63 189
123 189
163 189
171 189
187 189
5 190
12 190
39 190
84 190
106 190
107 190
155 190
159 190
177 190
180 190
185 190
24 191
37 191
75 191
93 191
103 191
167 191
176 191
43 192
52 192
57 192
145 192
161 192
163 192
25 193
26 193
32 193
67 193
114 193
152 193
163 193
164 193
54 194
77 194
84 194
117 194
125 194
130 194
20 195
31 195
36 195
50 195
108 195
125 195
141 195
143 195
156 195
162 195
172 195
28 196
50 196
64 196
82 196
90 196
134 196
140 196
172 196
179 196
18 197
20 197
26 197
33 197
49 197
80 197
101 197
105 197
124 197
163 197
170 197
24 198
51 198
70 198
73 198
95 198
100 198
133 198
137 198
175 198
181 198
13 199
18 199
92 199
94 199
95 199
135 199
143 199
150 199
156 199
164 199
175 199
182 199
187 199
195 199
36 200
55 200
128 200
136 200
175 200
1 201
6 201
49 201
76 201
86 201
119 201
147 201
170 201
13 202
40 202
42 202
52 202
88 202
124 202
148 202
194 202
26 203
40 203
57 203
58 203
70 203
104 203
109 203
121 203
142 203
158 203
173 203
178 203
181 203
2 204
59 204
77 204
117 204
133 204
159 204
168 204
169 204
170 204
1 205
22 205
25 205
69 205
90 205
116 205
121 205
150 205
167 205
168 205
174 205
82 206
96 206
111 206
127 206
146 206
158 206
189 206
197 206
10 207
61 207
76 207
79 207
154 207
169 207
177 207
196 207
44 208
51 208
101 208
122 208
130 208
131 208
134 208
135 208
142 208
171 208
103 209
158 209
167 209
177 209
191 209
197 209
4 210
20 210
28 210
36 210
67 210
95 210
146 210
166 210
170 210
176 210
185 210
189 210
2 211
14 211
18 211
36 211
54 211
61 211
69 211
73 211
106 211
135 211
166 211
170 211
6 212
19 212
21 212
52 212
68 212
124 212
153 212
163 212
0 213
33 213
41 213
53 213
68 213
107 213
140 213
144 213
198 213
202 213
17 214
29 214
68 214
78 214
99 214
127 214
147 214
169 214
196 214
200 214
24 215
54 215
86 215
87 215
94 215
102 215
104 215
107 215
125 215
171 215
192 215
0 216
36 216
114 216
116 216
121 216
165 216
181 216
190 216
16 217
121 217
126 217
157 217
160 217
178 217
215 217
4 218
30 218
42 218
54 218
69 218
73 218
83 218
90 218
195 218
202 218
213 218
214 218
19 219
37 219
51 219
57 219
80 219
100 219
130 219
166 219
173 219
175 219
188 219
7 220
28 220
39 220
40 220
43 220
82 220
115 220
176 220
181 220
189 220
192 220
196 220
216 220
10 221
40 221
57 221
80 221
186 221
214 221
56 222
106 222
133 222
135 222
146 222
150 222
165 222
201 222
203 222
208 222
6 223
39 223
87 223
122 223
132 223
142 223
151 223
152 223
166 223
167 223
93 224
95 224
96 224
97 224
103 224
107 224
110 224
125 224
128 224
140 224
166 224
6 225
12 225
23 225
39 225
92 225
116 225
129 225
133 225
151 225
191 225
208 225
216 225
7 226
30 226
36 226
44 226
45 226
71 226
73 226
93 226
96 226
142 226
151 226
159 226
191 226
193 226
199 226
202 226
18 227
38 227
50 227
60 227
64 227
90 227
92 227
100 227
109 227
126 227
155 227
160 227
202 227
5 228
14 228
37 228
58 228
66 228
70 228
104 228
109 228
146 228
183 228
200 228
216 228
218 228
224 228
15 229
35 229
65 229
69 229
79 229
81 229
103 229
160 229
219 229
221 229
32 230
48 230
69 230
175 230
183 230
204 230
0 231
66 231
82 231
133 231
139 231
145 231
148 231
223 231
98 232
150 232
179 232
189 232
206 232
225 232
8 233
18 233
30 233
68 233
76 233
159 233
167 233
225 233
8 234
21 234
22 234
54 234
84 234
113 234
117 234
120 234
132 234
136 234
154 234
168 234
195 234
199 234
216 234
221 234
9 235
60 235
88 235
118 235
138 235
161 235
164 235
167 235
191 235
228 235
4 236
15 236
60 236
61 236
122 236
128 236
142 236
151 236
181 236
198 236
227 236
229 236
233 236
7 237
9 237
11 237
13 237
30 237
49 237
56 237
62 237
95 237
98 237
113 237
117 237
183 237
200 237
20 238
57 238
121 238
157 238
164 238
176 238
192 238
213 238
223 238
48 239
73 239
111 239
112 239
148 239
183 239
224 239
11 240
25 240
76 240
136 240
156 240
198 240
6 241
24 241
33 241
40 241
51 241
138 241
171 241
187 241
47 242
64 242
71 242
72 242
75 242
80 242
93 242
99 242
153 242
175 242
177 242
183 242
192 242
199 242
214 242
8 243
123 243
149 243
150 243
198 243
203 243
226 243
11 244
26 244
30 244
52 244
63 244
69 244
86 244
95 244
103 244
130 244
133 244
169 244
181 244
217 244
219 244
221 244
230 244
23 245
48 245
49 245
55 245
73 245
97 245
118 245
126 245
196 245
197 245
18 246
26 246
35 246
89 246
92 246
99 246
109 246
129 246
157 246
176 246
180 246
181 246
183 246
220 246
230 246
233 246
234 246
26 247
89 247
97 247
155 247
161 247
164 247
213 247
46 248
53 248
64 248
67 248
69 248
148 248
177 248
196 248
208 248
224 248
0 249
2 249
14 249
22 249
43 249
79 249
108 249
135 249
136 249
163 249
170 249
172 249
178 249
187 249
214 249
230 249
235 249
20 250
42 250
54 250
63 250
72 250
96 250
105 250
110 250
183 250
213 250
4 251
5 251
21 251
46 251
64 251
103 251
150 251
175 251
185 251
192 251
214 251
12 252
37 252
41 252
67 252
84 252
86 252
97 252
117 252
119 252
128 252
157 252
171 252
180 252
211 252
218 252
237 252
247 252
46 253
49 253
53 253
75 253
136 253
143 253
185 253
202 253
205 253
246 253
31 254
64 254
71 254
90 254
103 254
108 254
187 254
216 254
244 254
8 255
48 255
64 255
170 255
222 255
0 256
2 256
12 256
75 256
120 256
126 256
150 256
217 256
221 256
222 256
19 257
59 257
61 257
127 257
139 257
192 257
218 257
225 257
86 258
132 258
177 258
200 258
214 258
218 258
249 258
33 259
47 259
64 259
66 259
92 259
93 259
135 259
230 259
245 259
29 260
62 260
134 260
156 260
159 260
184 260
61 261
96 261
105 261
137 261
149 261
151 261
193 261
248 261
12 262
25 262
37 262
39 262
56 262
83 262
84 262
144 262
164 262
171 262
8 263
18 263
21 263
49 263
83 263
115 263
177 263
5 264
15 264
28 264
42 264
52 264
86 264
97 264
99 264
118 264
135 264
153 264
164 264
166 264
206 264
213 264
236 264
7 265
10 265
49 265
81 265
88 265
90 265
134 265
150 265
155 265
156 265
199 265
253 265
14 266
34 266
35 266
37 266
38 266
90 266
106 266
112 266
126 266
130 266
175 266
184 266
193 266
198 266
202 266
204 266
207 266
209 266
231 266
235 266
25 267
37 267
86 267
94 267
96 267
97 267
103 267
132 267
187 267
225 267
232 267
258 267
264 267
15 268
45 268
85 268
92 268
142 268
163 268
171 268
190 268
202 268
263 268
73 269
118 269
120 269
141 269
148 269
157 269
169 269
174 269
197 269
203 269
210 269
225 269
229 269
245 269
7 270
10 270
19 270
25 270
32 270
35 270
44 270
71 270
87 270
102 270
106 270
121 270
143 270
153 270
203 270
215 270
262 270
36 271
71 271
90 271
139 271
172 271
174 271
187 271
209 271
210 271
265 271
31 272
49 272
59 272
69 272
100 272
108 272
117 272
118 272
141 272
148 272
183 272
185 272
190 272
201 272
211 272
256 272
7 273
18 273
23 273
69 273
83 273
119 273
149 273
150 273
168 273
172 273
174 273
177 273
206 273
221 273
233 273
242 273
24 274
60 274
61 274
69 274
137 274
193 274
205 274
217 274
221 274
224 274
230 274
236 274
239 274
8 275
16 275
29 275
34 275
44 275
46 275
97 275
99 275
110 275
145 275
169 275
184 275
218 275
243 275
256 275
12 276
46 276
53 276
59 276
80 276
87 276
88 276
161 276
179 276
182 276
186 276
197 276
200 276
218 276
243 276
9 277
63 277
71 277
83 277
85 277
94 277
107 277
135 277
148 277
153 277
173 277
210 277
251 277
269 277
11 278
16 278
34 278
44 278
59 278
69 278
78 278
91 278
126 278
144 278
157 278
165 278
199 278
218 278
225 278
228 278
260 278
22 279
27 279
44 279
78 279
114 279
115 279
117 279
120 279
124 279
132 279
134 279
138 279
223 279
226 279
240 279
246 279
253 279
255 279
21 280
33 280
45 280
47 280
58 280
78 280
97 280
99 280
114 280
162 280
168 280
173 280
178 280
206 280
215 280
24 281
33 281
38 281
52 281
58 281
60 281
68 281
99 281
129 281
133 281
141 281
143 281
163 281
169 281
188 281
231 281
233 281
236 281
240 281
244 281
274 281
275 281
2 282
21 282
64 282
102 282
109 282
121 282
132 282
147 282
152 282
155 282
168 282
177 282
183 282
203 282
216 282
220 282
222 282
225 282
242 282
43 283
54 283
61 283
65 283
66 283
71 283
113 283
114 283
119 283
126 283
128 283
132 283
177 283
178 283
238 283
260 283
263 283
38 284
58 284
61 284
66 284
94 284
105 284
109 284
111 284
114 284
123 284
124 284
159 284
172 284
173 284
182 284
212 284
250 284
270 284
273 284
6 285
50 285
52 285
64 285
68 285
76 285
94 285
104 285
112 285
136 285
143 285
199 285
213 285
233 285
242 285
253 285
268 285
283 285
284 285
4 286
15 286
49 286
93 286
94 286
136 286
139 286
181 286
187 286
196 286
277 286
6 287
12 287
22 287
40 287
61 287
90 287
94 287
111 287
146 287
189 287
200 287
207 287
213 287
283 287
41 288
75 288
81 288
83 288
85 288
139 288
141 288
142 288
149 288
185 288
211 288
213 288
218 288
220 288
270 288
11 289
17 289
77 289
83 289
116 289
126 289
130 289
141 289
179 289
188 289
200 289
266 289
279 289
15 290
33 290
39 290
49 290
66 290
190 290
206 290
232 290
266 290
283 290
38 291
98 291
112 291
121 291
122 291
131 291
135 291
139 291
151 291
193 291
221 291
247 291
256 291
31 292
33 292
34 292
72 292
78 292
154 292
167 292
226 292
242 292
245 292
254 292
5 293
8 293
21 293
25 293
59 293
94 293
104 293
108 293
110 293
131 293
144 293
150 293
188 293
196 293
265 293
272 293
276 293
2 294
49 294
56 294
76 294
81 294
104 294
122 294
123 294
147 294
161 294
166 294
184 294
186 294
199 294
222 294
228 294
254 294
257 294
262 294
284 294
1 295
6 295
19 295
39 295
59 295
61 295
76 295
81 295
110 295
165 295
205 295
219 295
254 295
265 295
280 295
18 296
36 296
37 296
53 296
55 296
67 296
88 296
101 296
154 296
167 296
171 296
178 296
190 296
200 296
210 296
247 296
258 296
276 296
1 297
7 297
17 297
27 297
45 297
89 297
104 297
105 297
137 297
144 297
145 297
165 297
191 297
210 297
223 297
232 297
261 297
268 297
5 298
16 298
26 298
44 298
45 298
71 298
120 298
131 298
146 298
171 298
189 298
199 298
207 298
223 298
246 298
268 298
69 299
81 299
103 299
109 299
141 299
180 299
191 299
214 299
228 299
