300 5103 5
1 4 1 17 4 7 10 1 8 3 19 4 7 1 4 9 6 15 1 4 10 14 8 8 1 16 7 5 8 2 4 17 6 4 7 5 5 6 4 16 20 10 10 12 1 18 8 6 7 3 4 20 20 6 8 4 3 3 3 3 6 16 2 1 3 3 1 8 8 14 8 4 9 5 10 5 17 18 3 3 1 9 14 7 14 1 14 5 6 6 4 3 9 9 12 6 15 6 3 8 10 1 9 12 8 2 7 14 7 4 2 11 2 10 8 16 10 2 4 18 2 1 8 14 7 1 8 1 3 4 11 1 7 4 5 15 3 5 2 6 6 10 12 2 13 16 12 14 20 5 5 3 8 3 10 5 16 12 5 8 1 7 14 14 4 6 9 5 3 17 4 10 2 10 1 2 7 3 6 5 4 19 14 16 18 9 8 13 6 1 4 8 9 13 10 8 3 6 8 2 10 13 9 6 1 9 19 9 10 4 2 8 1 1 9 7 10 15 9 8 16 3 17 1 5 20 6 1 18 5 8 5 7 3 5 16 1 9 8 8 7 1 17 8 10 19 4 2 3 9 14 3 6 7 18 6 9 6 18 5 3 10 10 20 8 8 6 19 10 11 13 8 5 8 9 8 7 18 7 16 5 17 13 7 13 3 4 8 4 6 7 18 1 15 9 5 4 8 15 15
2 6
3 7
7 8
2 11
1 12
8 12
9 12
11 12
7 13
9 13
4 15
6 15
8 15
12 15
8 16
4 17
14 17
0 18
8 19
9 20
16 20
0 21
8 21
0 22
16 22
1 23
7 23
12 23
16 23
10 24
12 24
15 24
1 25
3 25
18 25
21 25
0 26
6 26
10 26
20 26
4 27
10 27
20 27
23 28
24 28
2 29
19 29
3 30
23 30
24 30
8 31
18 31
30 32
2 33
5 33
19 33
12 34
26 34
18 35
25 35
27 35
30 35
2 36
6 36
8 36
24 36
27 36
33 36
34 36
2 37
3 37
4 37
15 37
20 37
28 37
3 38
6 38
8 38
10 38
21 38
26 38
37 38
3 39
6 39
26 39
27 39
24 40
35 40
36 40
30 41
39 41
40 41
0 42
3 42
7 42
26 42
30 42
35 42
37 42
38 42
41 42
11 43
12 43
26 43
28 43
30 43
35 43
42 43
16 44
1 45
4 45
6 45
12 45
26 45
34 45
44 45
3 46
6 46
10 46
20 46
36 46
43 46
13 47
15 47
16 47
17 47
31 47
38 47
40 47
5 48
28 48
32 48
34 48
35 48
43 48
4 49
23 49
26 49
27 49
34 49
45 49
48 49
8 50
11 50
14 50
22 50
27 50
30 50
40 50
6 51
8 51
21 51
31 51
33 51
34 51
36 51
38 51
40 51
3 52
16 52
23 52
30 52
32 52
33 52
36 52
39 52
44 52
3 53
6 53
28 53
33 53
46 53
7 54
8 54
18 54
29 54
33 54
39 54
48 54
9 55
27 55
31 55
39 55
42 55
49 55
1 56
6 56
12 56
14 56
17 56
22 56
25 56
26 56
33 56
41 56
44 56
10 57
18 57
26 57
27 57
39 57
41 57
49 57
51 57
22 58
32 58
35 58
37 58
47 58
48 58
51 58
7 59
8 59
14 59
15 59
19 59
40 59
42 59
43 59
50 59
52 59
8 60
10 60
18 60
29 60
36 60
37 60
48 60
4 61
5 61
6 61
13 61
22 61
35 61
46 61
57 61
1 62
4 62
9 62
13 62
16 62
30 62
32 62
44 62
45 62
47 62
58 62
5 63
7 63
12 63
14 63
44 63
45 63
51 63
54 63
55 63
57 63
16 64
33 64
35 64
44 64
46 64
54 64
61 64
8 65
11 65
14 65
31 65
45 65
11 66
12 66
15 66
16 66
18 66
20 66
50 66
62 66
63 66
64 66
2 67
7 67
28 67
36 67
50 67
53 67
63 67
64 67
0 68
5 68
4 69
10 69
20 69
24 69
31 69
35 69
46 69
52 69
59 69
60 69
67 69
2 70
3 70
14 70
18 70
29 70
39 70
40 70
49 70
50 70
56 70
57 70
3 71
7 71
20 71
22 71
24 71
28 71
33 71
47 71
59 71
64 71
6 72
11 72
21 72
34 72
39 72
42 72
43 72
1 73
10 73
16 73
35 73
43 73
45 73
46 73
49 73
52 73
11 74
13 74
15 74
41 74
42 74
57 74
70 74
22 75
25 75
27 75
43 75
48 75
49 75
52 75
56 75
58 75
74 75
0 76
17 76
24 76
38 76
39 76
41 76
48 76
49 76
51 76
52 76
58 76
59 76
60 76
70 76
2 77
20 77
23 77
27 77
30 77
43 77
25 78
26 78
36 78
43 78
48 78
49 78
71 78
76 78
24 79
38 79
43 79
48 79
62 79
70 79
71 79
2 80
12 80
27 80
35 80
43 80
44 80
51 80
76 80
0 81
2 81
5 81
25 81
31 81
32 81
34 81
41 81
47 81
49 81
51 81
61 81
65 81
67 81
68 81
5 82
6 82
25 82
27 82
39 82
55 82
61 82
75 82
31 83
35 83
47 83
50 83
59 83
62 83
63 83
79 83
81 83
1 84
3 84
9 84
20 84
21 84
48 84
63 84
69 84
72 84
75 84
80 84
26 85
45 85
52 85
58 85
67 85
68 85
81 85
83 85
5 86
17 86
31 86
42 86
43 86
45 86
59 86
14 87
26 87
29 87
38 87
43 87
59 87
65 87
71 87
72 87
82 87
21 88
28 88
34 88
40 88
48 88
55 88
57 88
76 88
79 88
86 88
6 89
9 89
26 89
45 89
46 89
56 89
63 89
71 89
72 89
79 89
85 89
88 89
2 90
10 90
12 90
21 90
32 90
35 90
41 90
48 90
55 90
59 90
60 90
63 90
85 90
1 91
5 91
14 91
34 91
37 91
44 91
58 91
77 91
13 92
16 92
19 92
28 92
33 92
45 92
52 92
53 92
56 92
90 92
2 93
15 93
16 93
34 93
40 93
56 93
61 93
62 93
65 93
69 93
72 93
73 93
75 93
2 94
8 94
13 94
14 94
57 94
65 94
74 94
76 94
89 94
1 95
7 95
20 95
23 95
34 95
43 95
44 95
46 95
58 95
59 95
63 95
67 95
71 95
79 95
81 95
2 96
11 96
18 96
24 96
31 96
45 96
54 96
59 96
66 96
75 96
85 96
92 96
1 97
3 97
13 97
15 97
26 97
30 97
63 97
93 97
8 98
12 98
23 98
29 98
31 98
40 98
48 98
51 98
54 98
56 98
72 98
77 98
81 98
82 98
96 98
0 99
8 99
24 99
31 99
37 99
52 99
53 99
62 99
74 99
75 99
77 99
78 99
79 99
81 99
84 99
91 99
2 100
4 100
6 100
19 100
30 100
34 100
39 100
40 100
53 100
57 100
63 100
64 100
68 100
70 100
72 100
79 100
5 101
8 101
18 101
27 101
39 101
40 101
45 101
75 101
85 101
8 102
9 102
14 102
23 102
24 102
25 102
39 102
43 102
47 102
53 102
56 102
59 102
60 102
65 102
81 102
4 103
10 103
11 103
33 103
67 103
76 103
96 103
97 103
17 104
19 104
41 104
47 104
66 104
96 104
103 104
8 105
11 105
12 105
26 105
31 105
43 105
45 105
51 105
72 105
82 105
86 105
101 105
103 105
6 106
9 106
12 106
29 106
42 106
61 106
64 106
75 106
92 106
0 107
11 107
19 107
21 107
39 107
42 107
46 107
60 107
67 107
76 107
87 107
99 107
103 107
11 108
34 108
45 108
51 108
55 108
66 108
82 108
85 108
99 108
103 108
106 108
1 109
5 109
8 109
9 109
10 109
23 109
26 109
44 109
56 109
69 109
70 109
72 109
77 109
89 109
92 109
0 110
6 110
16 110
23 110
31 110
53 110
74 110
79 110
83 110
89 110
108 110
7 111
20 111
22 111
23 111
32 111
43 111
45 111
50 111
54 111
55 111
56 111
93 111
98 111
103 111
10 112
22 112
25 112
32 112
36 112
40 112
46 112
64 112
67 112
70 112
74 112
92 112
3 113
5 113
18 113
21 113
29 113
41 113
44 113
59 113
62 113
82 113
84 113
85 113
95 113
12 114
13 114
26 114
33 114
47 114
48 114
55 114
69 114
85 114
90 114
0 115
1 115
15 115
16 115
25 115
35 115
37 115
52 115
63 115
76 115
89 115
104 115
108 115
0 116
24 116
26 116
29 116
37 116
51 116
54 116
57 116
75 116
99 116
100 116
108 116
109 116
110 116
113 116
31 117
40 117
41 117
42 117
54 117
70 117
72 117
74 117
87 117
88 117
92 117
95 117
97 117
99 117
102 117
106 117
115 117
12 118
16 118
23 118
27 118
29 118
42 118
50 118
54 118
63 118
64 118
83 118
84 118
86 118
101 118
106 118
9 119
14 119
27 119
35 119
45 119
46 119
47 119
48 119
49 119
51 119
55 119
64 119
90 119
91 119
96 119
108 119
14 120
38 120
55 120
72 120
76 120
85 120
91 120
100 120
104 120
1 121
20 121
26 121
33 121
34 121
35 121
40 121
58 121
60 121
75 121
80 121
81 121
85 121
103 121
109 121
3 122
6 122
17 122
24 122
56 122
69 122
82 122
85 122
86 122
2 123
11 123
16 123
74 123
92 123
93 123
98 123
114 123
121 123
1 124
6 124
10 124
12 124
22 124
27 124
35 124
43 124
56 124
58 124
63 124
67 124
71 124
113 124
115 124
120 124
21 125
48 125
54 125
63 125
74 125
92 125
107 125
112 125
1 126
2 126
3 126
9 126
12 126
20 126
44 126
58 126
66 126
78 126
94 126
100 126
121 126
1 127
8 127
14 127
55 127
62 127
71 127
82 127
90 127
92 127
33 128
44 128
53 128
60 128
64 128
105 128
106 128
110 128
111 128
123 128
20 129
25 129
59 129
61 129
68 129
69 129
97 129
102 129
111 129
114 129
117 129
123 129
2 130
6 130
10 130
19 130
30 130
33 130
41 130
45 130
50 130
51 130
52 130
53 130
56 130
66 130
75 130
81 130
84 130
85 130
89 130
96 130
102 130
108 130
120 130
3 131
7 131
8 131
10 131
25 131
26 131
36 131
48 131
59 131
80 131
93 131
103 131
106 131
109 131
112 131
115 131
118 131
126 131
1 132
3 132
9 132
17 132
26 132
51 132
53 132
55 132
60 132
61 132
79 132
81 132
84 132
96 132
104 132
105 132
115 132
19 133
25 133
51 133
59 133
67 133
77 133
79 133
93 133
96 133
121 133
122 133
123 133
126 133
128 133
3 134
13 134
14 134
32 134
58 134
78 134
85 134
104 134
110 134
116 134
118 134
15 135
22 135
43 135
47 135
50 135
75 135
90 135
102 135
110 135
120 135
7 136
10 136
12 136
13 136
28 136
36 136
51 136
67 136
86 136
89 136
91 136
105 136
110 136
3 137
12 137
26 137
45 137
53 137
54 137
72 137
89 137
112 137
119 137
123 137
128 137
132 137
133 137
35 138
36 138
39 138
45 138
57 138
66 138
71 138
99 138
109 138
110 138
112 138
116 138
119 138
120 138
126 138
128 138
129 138
3 139
12 139
15 139
19 139
22 139
35 139
39 139
45 139
48 139
53 139
55 139
60 139
70 139
73 139
94 139
96 139
99 139
114 139
116 139
119 139
125 139
129 139
3 140
4 140
5 140
13 140
18 140
21 140
25 140
29 140
31 140
33 140
34 140
37 140
46 140
48 140
54 140
68 140
77 140
78 140
82 140
83 140
89 140
103 140
123 140
130 140
131 140
134 140
37 141
39 141
45 141
46 141
51 141
66 141
73 141
96 141
103 141
104 141
107 141
113 141
114 141
133 141
139 141
140 141
14 142
21 142
48 142
57 142
66 142
67 142
110 142
122 142
124 142
2 143
4 143
7 143
8 143
18 143
19 143
24 143
26 143
37 143
45 143
52 143
61 143
70 143
73 143
75 143
79 143
86 143
91 143
93 143
112 143
116 143
129 143
139 143
14 144
16 144
21 144
22 144
27 144
28 144
30 144
31 144
47 144
48 144
60 144
64 144
65 144
83 144
91 144
96 144
112 144
121 144
125 144
127 144
132 144
140 144
6 145
24 145
30 145
45 145
52 145
80 145
88 145
108 145
109 145
110 145
119 145
124 145
2 146
33 146
45 146
52 146
56 146
59 146
83 146
84 146
104 146
110 146
116 146
117 146
119 146
124 146
133 146
144 146
22 147
30 147
50 147
91 147
103 147
109 147
116 147
121 147
133 147
141 147
3 148
4 148
26 148
33 148
37 148
38 148
59 148
84 148
106 148
124 148
130 148
133 148
139 148
1 149
4 149
5 149
11 149
19 149
22 149
23 149
28 149
58 149
73 149
75 149
82 149
97 149
110 149
114 149
120 149
138 149
140 149
1 150
12 150
14 150
16 150
22 150
26 150
43 150
49 150
53 150
56 150
64 150
75 150
82 150
89 150
102 150
108 150
117 150
133 150
4 151
26 151
32 151
33 151
35 151
43 151
47 151
50 151
54 151
55 151
60 151
68 151
80 151
89 151
102 151
106 151
138 151
0 152
12 152
14 152
19 152
26 152
30 152
36 152
37 152
44 152
50 152
62 152
70 152
71 152
83 152
84 152
89 152
90 152
92 152
94 152
124 152
139 152
149 152
3 153
4 153
17 153
37 153
58 153
62 153
80 153
111 153
115 153
141 153
147 153
150 153
4 154
14 154
23 154
28 154
40 154
43 154
49 154
54 154
57 154
60 154
65 154
67 154
78 154
88 154
98 154
110 154
118 154
128 154
135 154
150 154
2 155
14 155
15 155
22 155
27 155
54 155
60 155
64 155
72 155
77 155
79 155
81 155
83 155
84 155
96 155
97 155
106 155
109 155
116 155
118 155
136 155
138 155
149 155
150 155
154 155
9 156
25 156
27 156
42 156
51 156
55 156
61 156
85 156
104 156
135 156
150 156
2 157
6 157
12 157
15 157
25 157
27 157
39 157
70 157
83 157
88 157
91 157
94 157
106 157
110 157
114 157
117 157
118 157
138 157
139 157
147 157
154 157
1 158
2 158
12 158
16 158
22 158
27 158
29 158
39 158
57 158
63 158
64 158
67 158
69 158
74 158
83 158
86 158
92 158
93 158
100 158
103 158
112 158
117 158
118 158
133 158
138 158
144 158
147 158
4 159
29 159
33 159
37 159
39 159
51 159
65 159
66 159
104 159
113 159
127 159
136 159
142 159
28 160
37 160
40 160
54 160
62 160
79 160
89 160
95 160
99 160
107 160
118 160
119 160
122 160
127 160
141 160
145 160
149 160
0 161
20 161
22 161
37 161
42 161
44 161
52 161
56 161
61 161
64 161
70 161
81 161
89 161
101 161
102 161
105 161
134 161
146 161
149 161
151 161
160 161
6 162
18 162
19 162
40 162
45 162
50 162
54 162
58 162
65 162
77 162
80 162
91 162
97 162
100 162
103 162
107 162
108 162
110 162
115 162
117 162
131 162
138 162
140 162
145 162
8 163
17 163
20 163
24 163
30 163
32 163
36 163
46 163
68 163
79 163
83 163
87 163
99 163
102 163
106 163
107 163
108 163
109 163
125 163
126 163
127 163
150 163
20 164
24 164
27 164
40 164
47 164
73 164
76 164
80 164
88 164
89 164
105 164
107 164
121 164
141 164
144 164
150 164
17 165
26 165
31 165
32 165
37 165
45 165
53 165
72 165
82 165
88 165
97 165
105 165
108 165
111 165
137 165
144 165
147 165
150 165
153 165
28 166
34 166
43 166
62 166
81 166
82 166
86 166
94 166
104 166
108 166
115 166
120 166
122 166
133 166
134 166
146 166
159 166
161 166
17 167
21 167
56 167
68 167
78 167
80 167
81 167
137 167
165 167
4 168
12 168
32 168
35 168
50 168
61 168
70 168
73 168
85 168
105 168
109 168
112 168
115 168
123 168
137 168
141 168
146 168
152 168
156 168
6 169
9 169
19 169
22 169
28 169
38 169
41 169
42 169
51 169
56 169
58 169
64 169
69 169
75 169
82 169
88 169
98 169
103 169
129 169
155 169
18 170
19 170
30 170
31 170
35 170
37 170
57 170
59 170
77 170
83 170
84 170
90 170
97 170
98 170
100 170
106 170
115 170
118 170
126 170
129 170
137 170
142 170
152 170
153 170
163 170
53 171
56 171
59 171
62 171
71 171
108 171
112 171
115 171
117 171
119 171
124 171
128 171
130 171
148 171
159 171
162 171
168 171
6 172
21 172
28 172
35 172
36 172
43 172
52 172
55 172
64 172
67 172
79 172
100 172
101 172
107 172
112 172
114 172
116 172
129 172
138 172
151 172
153 172
160 172
169 172
5 173
11 173
12 173
22 173
41 173
50 173
68 173
83 173
89 173
97 173
105 173
112 173
126 173
132 173
140 173
161 173
3 174
4 174
29 174
34 174
40 174
42 174
80 174
97 174
111 174
113 174
123 174
145 174
150 174
151 174
166 174
171 174
0 175
2 175
12 175
18 175
22 175
25 175
37 175
40 175
51 175
52 175
55 175
69 175
72 175
80 175
93 175
100 175
111 175
115 175
116 175
122 175
123 175
140 175
141 175
153 175
172 175
3 176
20 176
28 176
29 176
31 176
35 176
45 176
56 176
63 176
64 176
70 176
79 176
82 176
84 176
92 176
112 176
122 176
162 176
9 177
18 177
31 177
42 177
44 177
47 177
52 177
57 177
62 177
63 177
84 177
95 177
98 177
122 177
124 177
136 177
146 177
153 177
171 177
20 178
43 178
49 178
62 178
72 178
100 178
119 178
125 178
137 178
148 178
149 178
168 178
172 178
174 178
11 179
13 179
17 179
23 179
56 179
60 179
64 179
67 179
82 179
85 179
88 179
90 179
94 179
95 179
102 179
111 179
113 179
116 179
117 179
121 179
128 179
132 179
153 179
172 179
173 179
177 179
178 179
4 180
20 180
22 180
36 180
58 180
65 180
91 180
100 180
111 180
124 180
127 180
139 180
141 180
143 180
144 180
146 180
147 180
153 180
156 180
164 180
170 180
12 181
25 181
26 181
44 181
53 181
54 181
57 181
75 181
82 181
85 181
91 181
121 181
137 181
141 181
144 181
145 181
146 181
152 181
162 181
169 181
170 181
174 181
179 181
180 181
0 182
2 182
3 182
17 182
20 182
27 182
29 182
30 182
36 182
38 182
65 182
79 182
105 182
110 182
114 182
118 182
128 182
136 182
145 182
148 182
149 182
151 182
159 182
164 182
168 182
172 182
180 182
14 183
44 183
75 183
81 183
84 183
91 183
103 183
134 183
153 183
162 183
173 183
178 183
8 184
12 184
16 184
18 184
35 184
37 184
46 184
47 184
58 184
79 184
111 184
120 184
126 184
131 184
134 184
141 184
151 184
152 184
160 184
24 185
31 185
44 185
62 185
67 185
73 185
74 185
78 185
88 185
112 185
141 185
143 185
149 185
158 185
162 185
172 185
173 185
181 185
183 185
20 186
27 186
28 186
37 186
39 186
53 186
70 186
73 186
77 186
92 186
94 186
110 186
113 186
127 186
152 186
159 186
170 186
179 186
182 186
2 187
9 187
35 187
36 187
44 187
60 187
69 187
75 187
79 187
93 187
104 187
106 187
119 187
130 187
140 187
162 187
185 187
186 187
17 188
22 188
29 188
41 188
58 188
60 188
74 188
94 188
97 188
109 188
143 188
147 188
157 188
162 188
163 188
167 188
169 188
182 188
187 188
1 189
2 189
10 189
15 189
49 189
56 189
63 189
78 189
92 189
94 189
113 189
114 189
129 189
145 189
154 189
156 189
166 189
169 189
174 189
180 189
181 189
183 189
184 189
2 190
15 190
22 190
26 190
37 190
64 190
85 190
90 190
101 190
105 190
107 190
126 190
145 190
147 190
150 190
152 190
161 190
168 190
179 190
8 191
9 191
31 191
32 191
33 191
45 191
52 191
54 191
71 191
75 191
77 191
79 191
80 191
106 191
123 191
124 191
131 191
136 191
148 191
160 191
161 191
162 191
163 191
175 191
180 191
185 191
20 192
26 192
40 192
55 192
64 192
69 192
77 192
99 192
106 192
119 192
134 192
142 192
146 192
148 192
155 192
159 192
174 192
176 192
177 192
189 192
18 193
19 193
35 193
38 193
51 193
64 193
69 193
74 193
79 193
122 193
128 193
133 193
145 193
161 193
166 193
171 193
178 193
187 193
191 193
2 194
19 194
28 194
36 194
42 194
44 194
53 194
69 194
80 194
82 194
92 194
109 194
113 194
115 194
125 194
149 194
162 194
169 194
183 194
186 194
189 194
1 195
3 195
7 195
16 195
28 195
43 195
58 195
63 195
67 195
73 195
82 195
90 195
108 195
109 195
132 195
140 195
142 195
143 195
146 195
152 195
155 195
156 195
186 195
187 195
2 196
15 196
27 196
40 196
48 196
57 196
62 196
74 196
94 196
104 196
123 196
128 196
129 196
145 196
148 196
154 196
155 196
157 196
166 196
185 196
191 196
192 196
1 197
6 197
11 197
13 197
37 197
51 197
55 197
58 197
66 197
68 197
74 197
75 197
83 197
101 197
106 197
117 197
129 197
133 197
137 197
139 197
140 197
145 197
149 197
155 197
157 197
158 197
165 197
166 197
170 197
178 197
193 197
2 198
13 198
20 198
24 198
30 198
48 198
56 198
58 198
61 198
73 198
77 198
101 198
104 198
105 198
107 198
111 198
112 198
130 198
144 198
146 198
161 198
163 198
2 199
5 199
12 199
19 199
20 199
22 199
30 199
35 199
41 199
51 199
52 199
56 199
65 199
77 199
78 199
80 199
87 199
89 199
90 199
97 199
104 199
110 199
112 199
133 199
134 199
142 199
165 199
166 199
171 199
178 199
7 200
8 200
13 200
17 200
19 200
25 200
51 200
119 200
136 200
145 200
148 200
162 200
171 200
182 200
187 200
194 200
195 200
38 201
47 201
49 201
58 201
68 201
75 201
77 201
80 201
87 201
90 201
95 201
99 201
100 201
105 201
106 201
107 201
111 201
114 201
115 201
120 201
128 201
130 201
132 201
143 201
151 201
159 201
169 201
189 201
193 201
0 202
9 202
13 202
15 202
17 202
24 202
48 202
49 202
61 202
63 202
71 202
79 202
86 202
93 202
94 202
102 202
108 202
138 202
156 202
157 202
162 202
170 202
180 202
189 202
3 203
9 203
20 203
62 203
74 203
82 203
83 203
85 203
86 203
90 203
98 203
101 203
105 203
114 203
120 203
136 203
164 203
176 203
177 203
185 203
193 203
197 203
199 203
200 203
8 204
22 204
31 204
33 204
52 204
59 204
61 204
76 204
77 204
84 204
94 204
104 204
108 204
110 204
151 204
156 204
174 204
188 204
194 204
198 204
7 205
12 205
15 205
16 205
20 205
26 205
29 205
54 205
66 205
72 205
76 205
106 205
117 205
120 205
132 205
134 205
142 205
148 205
152 205
159 205
168 205
169 205
172 205
186 205
190 205
199 205
24 206
26 206
29 206
37 206
43 206
50 206
70 206
74 206
79 206
81 206
91 206
106 206
108 206
112 206
133 206
164 206
169 206
179 206
182 206
183 206
187 206
190 206
1 207
22 207
29 207
35 207
46 207
47 207
67 207
76 207
88 207
96 207
97 207
105 207
106 207
110 207
115 207
124 207
127 207
140 207
158 207
162 207
166 207
189 207
202 207
203 207
204 207
1 208
5 208
25 208
29 208
30 208
32 208
34 208
38 208
41 208
50 208
60 208
70 208
72 208
73 208
90 208
91 208
95 208
99 208
104 208
111 208
127 208
141 208
143 208
148 208
154 208
157 208
163 208
165 208
166 208
172 208
175 208
198 208
204 208
14 209
25 209
30 209
52 209
62 209
64 209
72 209
79 209
81 209
88 209
103 209
108 209
112 209
115 209
142 209
143 209
148 209
160 209
164 209
173 209
176 209
183 209
198 209
200 209
20 210
31 210
34 210
38 210
42 210
75 210
94 210
97 210
107 210
109 210
110 210
117 210
121 210
127 210
134 210
136 210
160 210
167 210
171 210
179 210
189 210
196 210
197 210
200 210
202 210
203 210
204 210
207 210
2 211
12 211
21 211
22 211
31 211
34 211
63 211
64 211
65 211
67 211
68 211
79 211
101 211
105 211
129 211
131 211
134 211
135 211
137 211
138 211
168 211
178 211
184 211
191 211
192 211
198 211
3 212
21 212
22 212
31 212
72 212
114 212
128 212
132 212
141 212
143 212
149 212
155 212
156 212
162 212
164 212
185 212
191 212
192 212
200 212
201 212
209 212
8 213
10 213
11 213
18 213
19 213
25 213
39 213
41 213
42 213
44 213
67 213
71 213
141 213
147 213
159 213
161 213
166 213
169 213
176 213
194 213
203 213
204 213
2 214
9 214
10 214
20 214
23 214
41 214
45 214
50 214
67 214
85 214
87 214
88 214
89 214
93 214
114 214
132 214
143 214
151 214
176 214
178 214
185 214
187 214
195 214
196 214
199 214
200 214
2 215
7 215
13 215
15 215
24 215
68 215
70 215
73 215
76 215
78 215
85 215
90 215
110 215
111 215
119 215
125 215
126 215
127 215
129 215
135 215
146 215
147 215
150 215
152 215
164 215
165 215
177 215
180 215
182 215
189 215
200 215
1 216
8 216
13 216
40 216
54 216
61 216
65 216
75 216
80 216
83 216
90 216
91 216
110 216
118 216
123 216
138 216
143 216
158 216
166 216
188 216
203 216
206 216
208 216
210 216
9 217
14 217
19 217
26 217
47 217
56 217
57 217
70 217
74 217
76 217
91 217
95 217
111 217
124 217
130 217
131 217
143 217
153 217
166 217
182 217
195 217
197 217
207 217
1 218
2 218
7 218
16 218
17 218
23 218
34 218
43 218
47 218
48 218
51 218
67 218
73 218
82 218
91 218
99 218
102 218
103 218
110 218
115 218
121 218
124 218
140 218
143 218
172 218
173 218
174 218
180 218
189 218
193 218
195 218
210 218
18 219
27 219
45 219
54 219
57 219
59 219
79 219
81 219
86 219
89 219
96 219
98 219
100 219
104 219
110 219
111 219
119 219
129 219
133 219
136 219
144 219
157 219
158 219
162 219
163 219
179 219
192 219
202 219
203 219
2 220
20 220
29 220
39 220
45 220
51 220
68 220
71 220
81 220
86 220
112 220
124 220
134 220
145 220
150 220
159 220
160 220
166 220
182 220
184 220
200 220
201 220
203 220
204 220
215 220
0 221
2 221
19 221
25 221
27 221
29 221
42 221
48 221
56 221
59 221
63 221
70 221
80 221
83 221
85 221
89 221
90 221
94 221
102 221
103 221
117 221
121 221
123 221
128 221
140 221
156 221
163 221
176 221
181 221
187 221
201 221
209 221
211 221
213 221
219 221
1 222
18 222
26 222
52 222
56 222
58 222
65 222
75 222
78 222
84 222
85 222
94 222
113 222
126 222
138 222
139 222
148 222
152 222
157 222
164 222
184 222
188 222
191 222
212 222
0 223
1 223
11 223
13 223
14 223
25 223
33 223
35 223
58 223
72 223
82 223
87 223
90 223
93 223
101 223
107 223
124 223
129 223
158 223
163 223
166 223
189 223
196 223
197 223
3 224
6 224
10 224
21 224
26 224
43 224
45 224
50 224
53 224
57 224
60 224
62 224
67 224
73 224
74 224
92 224
97 224
98 224
107 224
108 224
113 224
117 224
128 224
130 224
141 224
150 224
170 224
172 224
183 224
188 224
202 224
203 224
211 224
2 225
18 225
20 225
22 225
23 225
24 225
26 225
33 225
34 225
38 225
45 225
63 225
77 225
87 225
95 225
133 225
139 225
144 225
150 225
154 225
158 225
161 225
167 225
174 225
182 225
185 225
207 225
215 225
0 226
10 226
17 226
20 226
54 226
107 226
120 226
127 226
139 226
148 226
149 226
163 226
165 226
176 226
203 226
209 226
214 226
216 226
217 226
219 226
14 227
26 227
35 227
39 227
41 227
47 227
50 227
83 227
90 227
124 227
135 227
139 227
144 227
149 227
165 227
175 227
183 227
184 227
195 227
202 227
203 227
208 227
209 227
214 227
220 227
225 227
6 228
7 228
8 228
13 228
22 228
34 228
48 228
52 228
61 228
76 228
80 228
81 228
83 228
99 228
120 228
127 228
136 228
137 228
148 228
154 228
162 228
165 228
198 228
199 228
206 228
210 228
215 228
216 228
221 228
1 229
16 229
26 229
37 229
42 229
49 229
55 229
70 229
92 229
95 229
100 229
123 229
145 229
155 229
206 229
209 229
214 229
216 229
218 229
4 230
31 230
40 230
55 230
75 230
79 230
81 230
96 230
97 230
100 230
128 230
139 230
142 230
150 230
172 230
174 230
224 230
1 231
12 231
19 231
34 231
36 231
38 231
43 231
49 231
51 231
68 231
88 231
105 231
110 231
112 231
113 231
125 231
140 231
142 231
161 231
162 231
177 231
178 231
192 231
196 231
197 231
213 231
216 231
221 231
229 231
5 232
22 232
26 232
60 232
64 232
68 232
78 232
79 232
97 232
100 232
120 232
166 232
167 232
178 232
180 232
189 232
192 232
197 232
201 232
222 232
8 233
20 233
21 233
25 233
34 233
38 233
49 233
50 233
78 233
98 233
114 233
132 233
153 233
166 233
180 233
194 233
199 233
200 233
209 233
213 233
214 233
227 233
229 233
1 234
2 234
39 234
48 234
49 234
63 234
91 234
102 234
121 234
127 234
137 234
143 234
148 234
153 234
166 234
217 234
224 234
232 234
5 235
6 235
7 235
15 235
30 235
38 235
54 235
59 235
69 235
77 235
80 235
94 235
113 235
117 235
121 235
126 235
129 235
148 235
173 235
201 235
202 235
226 235
2 236
4 236
10 236
12 236
24 236
27 236
40 236
50 236
51 236
67 236
72 236
86 236
103 236
116 236
126 236
138 236
141 236
147 236
148 236
185 236
197 236
201 236
203 236
215 236
220 236
1 237
12 237
22 237
28 237
33 237
61 237
68 237
81 237
105 237
121 237
144 237
147 237
152 237
156 237
163 237
164 237
165 237
171 237
173 237
177 237
186 237
189 237
196 237
202 237
212 237
219 237
220 237
225 237
226 237
9 238
13 238
17 238
19 238
24 238
33 238
64 238
78 238
83 238
93 238
96 238
105 238
127 238
130 238
139 238
171 238
209 238
214 238
218 238
222 238
223 238
224 238
228 238
4 239
17 239
54 239
61 239
87 239
91 239
95 239
117 239
120 239
126 239
132 239
135 239
152 239
157 239
158 239
165 239
195 239
215 239
217 239
224 239
228 239
231 239
236 239
1 240
28 240
44 240
70 240
77 240
78 240
82 240
92 240
103 240
112 240
116 240
121 240
126 240
131 240
132 240
134 240
136 240
140 240
147 240
156 240
157 240
162 240
174 240
183 240
185 240
190 240
196 240
198 240
203 240
213 240
234 240
238 240
11 241
15 241
17 241
22 241
28 241
30 241
35 241
41 241
59 241
61 241
66 241
70 241
80 241
94 241
112 241
117 241
124 241
137 241
141 241
154 241
163 241
167 241
178 241
180 241
183 241
191 241
217 241
218 241
239 241
9 242
22 242
23 242
25 242
29 242
40 242
49 242
53 242
63 242
64 242
65 242
70 242
98 242
99 242
100 242
107 242
123 242
124 242
130 242
138 242
157 242
158 242
167 242
194 242
207 242
217 242
225 242
22 243
26 243
37 243
69 243
73 243
76 243
80 243
112 243
126 243
159 243
177 243
180 243
189 243
202 243
206 243
209 243
218 243
223 243
236 243
6 244
10 244
41 244
45 244
60 244
61 244
68 244
73 244
89 244
97 244
104 244
122 244
135 244
165 244
182 244
196 244
205 244
209 244
215 244
219 244
237 244
11 245
14 245
40 245
47 245
64 245
73 245
86 245
91 245
94 245
95 245
110 245
111 245
126 245
129 245
150 245
152 245
177 245
195 245
198 245
200 245
202 245
207 245
244 245
8 246
16 246
31 246
32 246
40 246
45 246
46 246
50 246
60 246
68 246
84 246
105 246
117 246
147 246
155 246
167 246
171 246
174 246
175 246
178 246
202 246
220 246
245 246
3 247
17 247
18 247
60 247
86 247
97 247
104 247
111 247
112 247
120 247
140 247
147 247
155 247
191 247
194 247
214 247
219 247
225 247
237 247
238 247
240 247
33 248
37 248
43 248
51 248
53 248
62 248
63 248
64 248
65 248
73 248
90 248
95 248
104 248
111 248
118 248
121 248
124 248
129 248
147 248
163 248
178 248
184 248
185 248
188 248
194 248
210 248
216 248
220 248
237 248
238 248
240 248
241 248
244 248
245 248
6 249
10 249
25 249
43 249
45 249
51 249
66 249
83 249
85 249
86 249
94 249
95 249
97 249
103 249
122 249
123 249
124 249
126 249
127 249
131 249
139 249
146 249
149 249
158 249
167 249
169 249
184 249
209 249
216 249
231 249
243 249
244 249
5 250
11 250
12 250
26 250
30 250
53 250
62 250
71 250
85 250
92 250
106 250
136 250
154 250
167 250
188 250
204 250
211 250
215 250
216 250
245 250
248 250
9 251
24 251
38 251
49 251
53 251
72 251
95 251
96 251
97 251
103 251
109 251
127 251
135 251
137 251
138 251
148 251
153 251
158 251
173 251
193 251
202 251
212 251
248 251
3 252
9 252
18 252
24 252
31 252
35 252
36 252
55 252
58 252
62 252
65 252
66 252
77 252
83 252
87 252
90 252
102 252
104 252
115 252
147 252
157 252
158 252
165 252
169 252
173 252
177 252
186 252
188 252
189 252
194 252
203 252
207 252
209 252
218 252
220 252
228 252
237 252
241 252
247 252
4 253
5 253
23 253
44 253
67 253
73 253
77 253
80 253
83 253
85 253
100 253
118 253
131 253
134 253
143 253
165 253
167 253
169 253
197 253
207 253
213 253
216 253
221 253
232 253
236 253
243 253
245 253
0 254
1 254
8 254
10 254
11 254
15 254
32 254
56 254
58 254
63 254
66 254
80 254
87 254
89 254
92 254
107 254
111 254
113 254
115 254
133 254
137 254
144 254
152 254
156 254
161 254
167 254
170 254
187 254
231 254
241 254
3 255
9 255
22 255
42 255
45 255
48 255
56 255
65 255
80 255
92 255
95 255
105 255
124 255
125 255
126 255
132 255
136 255
140 255
152 255
153 255
157 255
164 255
186 255
207 255
221 255
243 255
249 255
253 255
8 256
10 256
16 256
31 256
47 256
48 256
60 256
66 256
67 256
84 256
88 256
97 256
102 256
106 256
127 256
130 256
144 256
148 256
150 256
160 256
163 256
165 256
190 256
191 256
192 256
195 256
212 256
214 256
222 256
224 256
229 256
255 256
1 257
15 257
24 257
44 257
48 257
57 257
61 257
69 257
73 257
76 257
86 257
113 257
114 257
119 257
123 257
129 257
135 257
146 257
158 257
161 257
164 257
175 257
190 257
198 257
207 257
218 257
221 257
230 257
232 257
235 257
6 258
23 258
31 258
41 258
44 258
61 258
68 258
77 258
78 258
122 258
123 258
132 258
139 258
154 258
175 258
181 258
183 258
186 258
187 258
188 258
195 258
204 258
239 258
240 258
251 258
5 259
6 259
8 259
9 259
17 259
19 259
27 259
30 259
32 259
35 259
43 259
48 259
51 259
54 259
60 259
61 259
68 259
82 259
88 259
93 259
103 259
110 259
119 259
131 259
134 259
142 259
147 259
154 259
171 259
179 259
186 259
192 259
201 259
209 259
216 259
219 259
226 259
229 259
245 259
1 260
25 260
26 260
33 260
35 260
39 260
41 260
43 260
48 260
53 260
54 260
81 260
82 260
87 260
90 260
94 260
104 260
107 260
116 260
119 260
128 260
133 260
139 260
156 260
170 260
171 260
172 260
173 260
181 260
183 260
189 260
204 260
214 260
229 260
232 260
234 260
254 260
8 261
11 261
22 261
38 261
49 261
52 261
65 261
70 261
71 261
77 261
118 261
120 261
128 261
131 261
136 261
137 261
140 261
153 261
159 261
171 261
175 261
189 261
190 261
191 261
203 261
205 261
259 261
260 261
27 262
37 262
55 262
78 262
92 262
103 262
109 262
126 262
136 262
138 262
144 262
152 262
158 262
160 262
162 262
184 262
205 262
209 262
210 262
216 262
224 262
225 262
4 263
6 263
7 263
16 263
18 263
19 263
20 263
31 263
32 263
54 263
76 263
79 263
89 263
94 263
105 263
129 263
132 263
133 263
138 263
139 263
142 263
171 263
175 263
180 263
190 263
198 263
200 263
204 263
225 263
234 263
239 263
259 263
260 263
0 264
25 264
29 264
48 264
52 264
61 264
62 264
78 264
86 264
88 264
92 264
93 264
97 264
118 264
125 264
132 264
136 264
139 264
141 264
151 264
164 264
171 264
181 264
193 264
201 264
207 264
208 264
214 264
219 264
232 264
236 264
239 264
255 264
260 264
261 264
13 265
14 265
22 265
35 265
49 265
53 265
57 265
58 265
71 265
85 265
96 265
137 265
138 265
144 265
145 265
147 265
154 265
173 265
177 265
180 265
199 265
211 265
221 265
234 265
252 265
258 265
264 265
2 266
11 266
12 266
17 266
46 266
49 266
62 266
84 266
96 266
102 266
105 266
116 266
135 266
156 266
157 266
159 266
161 266
168 266
173 266
179 266
189 266
192 266
197 266
201 266
203 266
206 266
215 266
217 266
238 266
241 266
256 266
262 266
263 266
0 267
5 267
43 267
52 267
69 267
81 267
93 267
100 267
114 267
115 267
147 267
166 267
170 267
171 267
172 267
175 267
180 267
230 267
238 267
249 267
263 267
7 268
13 268
20 268
39 268
53 268
61 268
63 268
66 268
75 268
80 268
97 268
108 268
110 268
163 268
165 268
172 268
174 268
197 268
208 268
211 268
217 268
224 268
243 268
247 268
249 268
257 268
263 268
266 268
5 269
6 269
20 269
40 269
46 269
59 269
62 269
76 269
92 269
98 269
100 269
112 269
118 269
119 269
123 269
131 269
146 269
175 269
178 269
179 269
199 269
204 269
212 269
247 269
248 269
259 269
263 269
265 269
268 269
28 270
56 270
62 270
67 270
78 270
81 270
86 270
87 270
90 270
91 270
100 270
101 270
108 270
109 270
113 270
114 270
127 270
128 270
143 270
147 270
159 270
161 270
163 270
164 270
172 270
187 270
197 270
207 270
213 270
244 270
256 270
10 271
11 271
20 271
21 271
24 271
30 271
31 271
46 271
57 271
59 271
62 271
64 271
66 271
75 271
85 271
89 271
103 271
115 271
126 271
138 271
169 271
172 271
180 271
194 271
201 271
211 271
220 271
252 271
255 271
265 271
4 272
8 272
22 272
23 272
44 272
64 272
67 272
84 272
95 272
125 272
138 272
145 272
150 272
160 272
166 272
168 272
172 272
191 272
197 272
202 272
219 272
228 272
230 272
238 272
258 272
263 272
4 273
20 273
25 273
26 273
31 273
58 273
73 273
78 273
80 273
81 273
85 273
86 273
93 273
119 273
120 273
121 273
122 273
141 273
149 273
158 273
164 273
174 273
175 273
187 273
205 273
221 273
226 273
234 273
243 273
252 273
270 273
4 274
8 274
10 274
14 274
23 274
26 274
31 274
37 274
42 274
55 274
63 274
66 274
75 274
113 274
128 274
142 274
146 274
164 274
169 274
176 274
185 274
189 274
193 274
202 274
203 274
209 274
215 274
220 274
223 274
224 274
225 274
247 274
248 274
253 274
254 274
256 274
10 275
21 275
32 275
36 275
37 275
40 275
45 275
58 275
75 275
92 275
110 275
131 275
149 275
160 275
162 275
167 275
174 275
196 275
197 275
199 275
206 275
213 275
236 275
255 275
261 275
12 276
30 276
32 276
33 276
45 276
49 276
51 276
57 276
72 276
92 276
98 276
102 276
105 276
108 276
120 276
125 276
128 276
143 276
145 276
149 276
158 276
173 276
182 276
186 276
210 276
215 276
218 276
219 276
220 276
226 276
229 276
240 276
242 276
253 276
256 276
262 276
2 277
5 277
42 277
44 277
46 277
48 277
54 277
59 277
75 277
84 277
93 277
110 277
122 277
123 277
131 277
137 277
142 277
153 277
154 277
158 277
164 277
178 277
181 277
194 277
199 277
201 277
221 277
223 277
241 277
248 277
251 277
257 277
271 277
272 277
0 278
4 278
7 278
9 278
29 278
32 278
42 278
47 278
54 278
73 278
86 278
87 278
91 278
96 278
126 278
130 278
131 278
146 278
151 278
167 278
169 278
199 278
202 278
212 278
227 278
241 278
248 278
250 278
253 278
257 278
263 278
277 278
8 279
20 279
46 279
56 279
57 279
60 279
71 279
76 279
80 279
85 279
105 279
134 279
140 279
176 279
183 279
206 279
210 279
220 279
226 279
229 279
230 279
241 279
249 279
253 279
258 279
265 279
266 279
272 279
4 280
14 280
15 280
17 280
19 280
26 280
27 280
29 280
35 280
36 280
38 280
48 280
53 280
60 280
61 280
70 280
71 280
81 280
100 280
104 280
107 280
127 280
130 280
135 280
150 280
153 280
158 280
166 280
183 280
186 280
189 280
221 280
237 280
242 280
243 280
245 280
257 280
267 280
270 280
273 280
5 281
33 281
36 281
45 281
49 281
68 281
69 281
72 281
73 281
87 281
90 281
95 281
110 281
126 281
146 281
148 281
167 281
171 281
172 281
177 281
180 281
183 281
191 281
192 281
208 281
231 281
244 281
249 281
250 281
268 281
270 281
280 281
25 282
39 282
47 282
49 282
59 282
66 282
82 282
92 282
137 282
147 282
150 282
155 282
164 282
165 282
180 282
185 282
191 282
196 282
199 282
234 282
235 282
238 282
248 282
252 282
3 283
16 283
21 283
22 283
24 283
35 283
42 283
47 283
49 283
60 283
67 283
76 283
94 283
104 283
108 283
116 283
119 283
129 283
131 283
139 283
144 283
147 283
172 283
175 283
181 283
183 283
204 283
205 283
212 283
217 283
219 283
226 283
232 283
254 283
264 283
267 283
268 283
11 284
16 284
32 284
45 284
54 284
59 284
64 284
68 284
76 284
82 284
96 284
100 284
108 284
119 284
141 284
151 284
152 284
155 284
159 284
177 284
193 284
205 284
209 284
223 284
226 284
257 284
263 284
265 284
267 284
269 284
274 284
278 284
279 284
280 284
4 285
11 285
15 285
16 285
28 285
48 285
53 285
57 285
58 285
61 285
62 285
73 285
76 285
103 285
113 285
127 285
128 285
143 285
146 285
156 285
161 285
164 285
167 285
172 285
185 285
186 285
190 285
215 285
255 285
261 285
268 285
269 285
270 285
0 286
21 286
29 286
40 286
43 286
48 286
51 286
82 286
88 286
97 286
127 286
142 286
166 286
171 286
178 286
200 286
201 286
219 286
220 286
249 286
276 286
281 286
0 287
2 287
18 287
28 287
31 287
54 287
60 287
74 287
83 287
93 287
106 287
118 287
120 287
125 287
129 287
130 287
140 287
141 287
148 287
152 287
153 287
167 287
184 287
187 287
196 287
209 287
218 287
219 287
221 287
226 287
240 287
243 287
260 287
275 287
276 287
12 288
15 288
31 288
60 288
68 288
74 288
87 288
90 288
91 288
101 288
104 288
122 288
123 288
128 288
131 288
136 288
141 288
146 288
154 288
160 288
177 288
185 288
204 288
217 288
218 288
252 288
254 288
257 288
264 288
268 288
13 289
44 289
53 289
59 289
67 289
77 289
85 289
95 289
99 289
101 289
102 289
109 289
111 289
122 289
151 289
157 289
161 289
174 289
178 289
180 289
183 289
185 289
190 289
195 289
230 289
241 289
242 289
246 289
262 289
7 290
16 290
39 290
43 290
44 290
50 290
51 290
52 290
60 290
69 290
84 290
91 290
114 290
129 290
142 290
143 290
148 290
150 290
158 290
162 290
177 290
183 290
211 290
227 290
228 290
235 290
237 290
239 290
243 290
244 290
263 290
269 290
273 290
274 290
287 290
289 290
2 291
17 291
21 291
31 291
45 291
58 291
59 291
67 291
69 291
71 291
85 291
110 291
118 291
121 291
128 291
130 291
133 291
140 291
167 291
198 291
203 291
207 291
209 291
210 291
239 291
250 291
264 291
277 291
0 292
4 292
6 292
8 292
11 292
18 292
19 292
27 292
33 292
39 292
50 292
59 292
62 292
75 292
103 292
110 292
132 292
138 292
145 292
160 292
166 292
167 292
169 292
170 292
188 292
190 292
210 292
214 292
222 292
223 292
238 292
239 292
241 292
242 292
247 292
253 292
256 292
269 292
278 292
287 292
8 293
13 293
22 293
24 293
30 293
33 293
36 293
54 293
59 293
65 293
70 293
81 293
91 293
100 293
104 293
120 293
126 293
127 293
130 293
156 293
163 293
185 293
193 293
202 293
209 293
221 293
253 293
277 293
18 294
23 294
24 294
31 294
47 294
48 294
53 294
63 294
65 294
68 294
69 294
80 294
81 294
89 294
90 294
91 294
97 294
108 294
122 294
131 294
138 294
139 294
153 294
160 294
180 294
182 294
199 294
204 294
225 294
230 294
238 294
240 294
242 294
260 294
261 294
267 294
270 294
280 294
281 294
287 294
0 295
5 295
7 295
9 295
20 295
31 295
55 295
102 295
120 295
125 295
128 295
134 295
150 295
151 295
160 295
173 295
177 295
199 295
202 295
207 295
216 295
218 295
219 295
222 295
227 295
228 295
231 295
236 295
237 295
253 295
255 295
257 295
290 295
2 296
12 296
15 296
16 296
25 296
27 296
33 296
36 296
50 296
59 296
66 296
81 296
85 296
88 296
101 296
102 296
103 296
114 296
115 296
117 296
141 296
145 296
148 296
151 296
153 296
159 296
179 296
182 296
183 296
194 296
214 296
227 296
240 296
242 296
252 296
255 296
258 296
283 296
284 296
292 296
3 297
10 297
32 297
55 297
75 297
76 297
80 297
85 297
115 297
140 297
141 297
150 297
151 297
161 297
176 297
177 297
192 297
199 297
207 297
216 297
217 297
222 297
235 297
237 297
244 297
252 297
269 297
285 297
290 297
296 297
2 298
12 298
30 298
39 298
42 298
48 298
49 298
66 298
82 298
121 298
126 298
130 298
134 298
144 298
166 298
167 298
182 298
206 298
210 298
225 298
237 298
247 298
264 298
295 298
7 299
11 299
17 299
20 299
33 299
53 299
57 299
59 299
74 299
86 299
88 299
91 299
99 299
118 299
132 299
137 299
146 299
148 299
163 299
164 299
169 299
180 299
182 299
190 299
199 299
210 299
211 299
221 299
253 299
257 299
260 299
262 299
265 299
288 299
293 299
