300 5896 5
1 1 3 1 8 1 1 1 1 5 19 18 5 25 3 15 12 3 3 7 6 6 1 3 12 13 4 3 3 12 4 11 33 11 11 13 1 1 11 2 4 12 35 1 6 30 8 5 6 20 16 25 1 5 13 5 5 3 5 2 10 9 4 19 2 2 5 4 5 10 15 28 35 5 18 4 3 3 18 52 22 5 35 7 5 5 4 17 22 12 10 2 16 1 4 3 17 1 6 7 4 8 11 26 19 4 4 3 10 1 27 1 2 8 17 8 13 2 8 5 15 10 20 7 26 8 22 7 4 18 16 7 9 3 11 21 2 15 10 14 3 6 5 8 23 1 7 1 7 1 1 2 1 8 16 2 3 7 11 9 8 1 6 2 17 11 6 2 2 1 29 1 15 15 5 1 2 15 20 4 5 10 47 7 4 27 8 21 3 2 4 3 12 2 5 2 3 3 18 1 20 4 7 8 8 3 3 15 2 1 2 26 5 4 5 8 3 14 10 2 7 4 1 7 32 2 7 1 5 1 4 12 10 19 6 9 1 18 3 4 2 4 6 7 4 2 57 1 7 1 11 14 8 4 2 6 9 16 14 5 3 8 28 3 8 7 2 1 2 3 5 21 8 2 5 1 6 8 15 8 6 2 15 2 12 2 4 13 2 7 7 11 2 27 8 2 15 5 6 1
3 7
6 8
0 9
2 10
4 10
3 11
1 13
3 13
5 13
9 14
10 14
9 15
13 15
14 16
1 17
10 17
2 18
7 18
1 19
4 19
6 19
8 19
14 19
18 19
1 20
7 20
11 20
17 20
18 20
5 21
9 21
13 21
0 22
3 22
17 22
19 22
20 22
3 23
4 23
5 23
15 23
18 23
0 25
13 25
19 25
0 26
3 26
5 26
12 26
13 26
15 26
21 26
3 27
13 27
16 27
20 27
1 29
2 29
13 29
22 29
1 30
9 30
18 30
24 30
28 30
10 31
17 31
20 31
28 31
14 32
16 32
3 33
9 33
10 33
17 33
22 33
24 33
6 34
14 34
25 34
31 34
3 35
12 35
13 35
33 35
14 36
16 36
19 36
21 36
29 36
31 36
4 37
9 37
10 37
21 37
4 38
12 38
13 38
19 38
20 38
22 38
30 38
31 38
35 38
36 38
7 39
26 39
0 40
3 40
13 40
27 40
32 40
38 40
20 41
31 41
32 41
35 41
39 41
40 41
11 42
13 42
27 42
37 42
14 43
23 43
26 43
34 43
4 44
26 44
29 44
5 45
16 45
18 45
20 45
22 45
27 45
30 45
34 45
40 45
14 46
16 46
20 46
26 46
28 46
30 46
33 46
36 46
38 46
5 47
27 47
31 47
36 47
44 47
13 48
21 48
22 48
23 48
31 48
44 48
45 48
5 49
15 49
24 49
3 50
19 50
31 51
38 51
0 52
3 52
9 52
13 52
19 52
28 52
31 52
34 52
40 52
9 53
16 53
25 53
26 53
28 53
30 53
41 53
44 53
12 54
13 54
16 54
21 54
33 54
37 54
38 54
50 54
2 55
8 55
11 55
17 55
26 55
28 55
31 55
35 55
40 55
47 55
54 55
22 56
24 56
31 56
48 56
49 56
51 56
1 57
3 57
18 57
22 57
25 57
32 57
42 57
55 57
1 58
2 58
5 58
23 58
37 58
38 58
45 58
53 58
13 59
24 59
47 59
52 59
1 60
4 60
9 60
49 60
50 60
5 61
10 61
22 61
40 61
44 61
49 61
4 62
9 62
10 62
16 62
23 62
31 62
53 62
61 62
5 63
12 63
25 63
28 63
40 63
50 63
51 63
59 63
15 64
22 64
23 64
27 64
34 64
38 64
45 64
61 64
63 64
5 65
22 65
30 65
31 65
39 65
46 65
47 65
49 65
54 65
55 65
62 65
4 66
11 66
19 66
28 66
41 66
58 66
9 67
18 67
23 67
27 67
33 67
39 67
50 67
51 67
61 67
63 67
65 67
3 68
5 68
8 68
10 68
15 68
18 68
23 68
26 68
30 68
33 68
38 68
41 68
59 68
60 68
0 69
14 69
30 69
64 69
1 70
38 70
45 70
68 70
1 71
2 71
6 71
18 71
22 71
24 71
31 71
39 71
44 71
50 71
55 71
59 71
66 71
13 72
23 72
42 72
44 72
52 72
53 72
64 72
68 72
17 73
22 73
24 73
29 73
31 73
38 73
40 73
42 73
43 73
61 73
7 74
13 74
16 74
20 74
21 74
34 74
51 74
52 74
54 74
58 74
62 74
70 74
0 75
6 75
9 75
20 75
24 75
33 75
43 75
45 75
46 75
47 75
50 75
58 75
61 75
12 76
26 76
32 76
36 76
45 76
50 76
56 76
68 76
69 76
71 76
73 76
8 77
29 77
32 77
36 77
42 77
66 77
0 78
8 78
10 78
20 78
25 78
39 78
41 78
43 78
44 78
63 78
12 79
20 79
29 79
30 79
36 79
40 79
52 79
53 79
59 79
64 79
10 80
11 80
49 80
58 80
59 80
68 80
72 80
74 80
79 80
13 81
15 81
40 81
56 81
72 81
74 81
77 81
14 82
15 82
26 82
40 82
44 82
47 82
51 82
62 82
75 82
76 82
2 83
5 83
10 83
32 83
43 83
48 83
49 83
65 83
67 83
77 83
81 83
9 84
21 84
29 84
39 84
40 84
41 84
46 84
49 84
57 84
63 84
67 84
69 84
75 84
80 84
1 85
2 85
4 85
12 85
23 85
27 85
29 85
53 85
56 85
59 85
77 85
78 85
84 85
24 86
27 86
29 86
42 86
43 86
47 86
51 86
74 86
85 86
4 87
9 87
10 87
17 87
20 87
22 87
33 87
58 87
60 87
67 87
69 87
79 87
0 88
8 88
9 88
20 88
31 88
32 88
44 88
53 88
72 88
80 88
85 88
1 89
6 89
9 89
25 89
30 89
40 89
67 89
68 89
72 89
76 89
16 90
26 90
32 90
38 90
39 90
40 90
41 90
42 90
48 90
60 90
68 90
70 90
72 90
86 90
8 91
13 91
18 91
23 91
29 91
34 91
35 91
36 91
37 91
39 91
45 91
47 91
51 91
57 91
66 91
73 91
81 91
88 91
89 91
4 92
19 92
23 92
26 92
30 92
35 92
65 92
87 92
88 92
18 93
31 93
40 93
49 93
66 93
71 93
75 93
76 93
87 93
91 93
2 94
15 94
16 94
26 94
29 94
40 94
41 94
45 94
55 94
56 94
82 94
84 94
85 94
89 94
7 95
15 95
16 95
25 95
34 95
36 95
39 95
53 95
67 95
75 95
91 95
1 96
8 96
12 96
15 96
24 96
31 96
33 96
55 96
59 96
64 96
69 96
70 96
73 96
82 96
83 96
84 96
85 96
88 96
21 97
24 97
52 97
58 97
64 97
72 97
79 97
80 97
84 97
86 97
93 97
2 98
6 98
16 98
22 98
35 98
36 98
52 98
54 98
59 98
68 98
72 98
73 98
81 98
89 98
93 98
97 98
13 99
16 99
36 99
52 99
61 99
70 99
81 99
84 99
90 99
95 99
4 100
18 100
19 100
20 100
26 100
27 100
31 100
34 100
38 100
46 100
60 100
68 100
83 100
91 100
0 101
13 101
15 101
17 101
19 101
25 101
28 101
41 101
47 101
51 101
70 101
72 101
76 101
87 101
4 102
11 102
17 102
33 102
43 102
51 102
58 102
65 102
66 102
81 102
85 102
1 103
12 103
21 103
28 103
30 103
57 103
59 103
62 103
66 103
70 103
80 103
83 103
87 103
89 103
2 104
28 104
31 104
38 104
43 104
70 104
71 104
76 104
82 104
87 104
90 104
8 105
20 105
36 105
48 105
54 105
70 105
74 105
77 105
93 105
103 105
1 106
2 106
3 106
15 106
19 106
23 106
25 106
27 106
34 106
47 106
59 106
75 106
78 106
80 106
91 106
93 106
104 106
0 107
14 107
19 107
20 107
22 107
28 107
29 107
30 107
33 107
36 107
51 107
73 107
75 107
77 107
89 107
92 107
93 107
99 107
21 108
34 108
44 108
47 108
63 108
77 108
95 108
97 108
106 108
7 109
19 109
22 109
33 109
40 109
81 109
82 109
103 109
106 109
10 110
19 110
23 110
29 110
39 110
47 110
54 110
66 110
68 110
71 110
75 110
84 110
85 110
100 110
101 110
15 111
23 111
29 111
44 111
47 111
53 111
54 111
55 111
67 111
78 111
85 111
88 111
106 111
4 112
6 112
17 112
20 112
39 112
58 112
64 112
70 112
78 112
83 112
85 112
91 112
108 112
20 113
27 113
41 113
42 113
59 113
72 113
77 113
82 113
83 113
84 113
94 113
99 113
110 113
0 114
1 114
4 114
7 114
25 114
39 114
40 114
44 114
47 114
51 114
63 114
79 114
80 114
94 114
99 114
100 114
108 114
1 115
6 115
16 115
25 115
34 115
45 115
50 115
54 115
63 115
64 115
66 115
71 115
73 115
80 115
86 115
98 115
99 115
102 115
104 115
105 115
110 115
16 116
24 116
34 116
57 116
66 116
72 116
81 116
82 116
88 116
90 116
92 116
95 116
96 116
114 116
115 116
11 117
32 117
33 117
50 117
59 117
60 117
67 117
71 117
84 117
91 117
92 117
101 117
114 117
0 118
4 118
13 118
23 118
26 118
27 118
35 118
57 118
66 118
71 118
73 118
97 118
105 118
106 118
109 118
5 119
17 119
26 119
31 119
34 119
39 119
44 119
91 119
93 119
110 119
115 119
7 120
15 120
22 120
28 120
34 120
35 120
41 120
54 120
56 120
60 120
62 120
63 120
66 120
70 120
81 120
82 120
85 120
86 120
94 120
97 120
119 120
28 121
37 121
45 121
46 121
49 121
60 121
62 121
64 121
66 121
69 121
70 121
87 121
108 121
110 121
10 122
18 122
30 122
36 122
44 122
49 122
50 122
53 122
59 122
60 122
64 122
66 122
69 122
76 122
80 122
13 123
16 123
17 123
38 123
51 123
64 123
67 123
70 123
85 123
87 123
90 123
91 123
100 123
103 123
110 123
114 123
115 123
15 124
20 124
26 124
29 124
35 124
40 124
53 124
59 124
61 124
88 124
92 124
95 124
96 124
97 124
100 124
113 124
114 124
115 124
121 124
123 124
22 125
37 125
47 125
53 125
54 125
63 125
78 125
84 125
93 125
102 125
107 125
0 126
7 126
12 126
15 126
22 126
23 126
26 126
49 126
57 126
58 126
61 126
66 126
87 126
88 126
90 126
96 126
100 126
101 126
107 126
115 126
120 126
124 126
1 127
2 127
4 127
15 127
29 127
35 127
36 127
50 127
61 127
63 127
94 127
96 127
102 127
110 127
117 127
119 127
123 127
4 128
12 128
14 128
37 128
46 128
53 128
72 128
73 128
78 128
84 128
87 128
93 128
126 128
0 129
6 129
7 129
15 129
17 129
19 129
36 129
41 129
44 129
47 129
50 129
54 129
59 129
60 129
65 129
70 129
90 129
94 129
100 129
103 129
104 129
108 129
115 129
116 129
118 129
122 129
13 130
22 130
25 130
37 130
45 130
51 130
54 130
56 130
60 130
73 130
83 130
95 130
97 130
115 130
116 130
127 130
13 131
35 131
39 131
43 131
47 131
91 131
100 131
120 131
20 132
27 132
29 132
31 132
34 132
38 132
52 132
62 132
74 132
78 132
84 132
85 132
88 132
109 132
112 132
118 132
122 132
127 132
128 132
1 133
6 133
22 133
24 133
29 133
38 133
39 133
43 133
45 133
70 133
76 133
79 133
80 133
83 133
94 133
99 133
102 133
105 133
126 133
1 134
2 134
13 134
34 134
45 134
52 134
53 134
59 134
75 134
81 134
94 134
97 134
98 134
102 134
119 134
120 134
126 134
131 134
4 135
13 135
19 135
37 135
38 135
43 135
45 135
57 135
60 135
66 135
73 135
74 135
77 135
88 135
115 135
124 135
1 136
5 136
6 136
17 136
18 136
30 136
33 136
37 136
43 136
57 136
59 136
60 136
65 136
72 136
81 136
83 136
84 136
88 136
98 136
105 136
106 136
107 136
109 136
125 136
13 137
23 137
31 137
37 137
38 137
43 137
44 137
46 137
62 137
66 137
67 137
68 137
79 137
84 137
92 137
96 137
109 137
117 137
118 137
121 137
132 137
133 137
2 138
16 138
21 138
37 138
41 138
51 138
56 138
57 138
69 138
99 138
117 138
119 138
132 138
134 138
137 138
4 139
6 139
13 139
29 139
30 139
38 139
45 139
47 139
56 139
57 139
60 139
74 139
85 139
92 139
94 139
108 139
109 139
112 139
131 139
134 139
1 140
4 140
14 140
18 140
19 140
32 140
40 140
54 140
60 140
64 140
67 140
69 140
73 140
80 140
83 140
102 140
109 140
115 140
122 140
127 140
128 140
130 140
133 140
16 141
22 141
41 141
43 141
45 141
48 141
61 141
65 141
75 141
76 141
80 141
90 141
91 141
93 141
111 141
116 141
127 141
139 141
8 142
22 142
29 142
32 142
45 142
50 142
57 142
85 142
86 142
102 142
116 142
123 142
129 142
135 142
1 143
26 143
29 143
33 143
44 143
57 143
60 143
75 143
79 143
80 143
90 143
105 143
114 143
120 143
130 143
135 143
138 143
1 144
18 144
34 144
45 144
57 144
61 144
62 144
65 144
74 144
77 144
82 144
86 144
90 144
92 144
100 144
126 144
140 144
9 145
27 145
29 145
30 145
31 145
44 145
49 145
52 145
55 145
67 145
91 145
96 145
106 145
120 145
121 145
137 145
138 145
2 146
10 146
24 146
36 146
38 146
41 146
53 146
76 146
78 146
81 146
92 146
95 146
96 146
118 146
141 146
2 147
16 147
24 147
27 147
35 147
50 147
66 147
82 147
87 147
89 147
100 147
103 147
108 147
119 147
120 147
5 148
9 148
14 148
15 148
25 148
37 148
39 148
43 148
56 148
69 148
73 148
75 148
82 148
83 148
93 148
97 148
98 148
99 148
100 148
101 148
118 148
119 148
130 148
133 148
138 148
143 148
146 148
0 149
3 149
7 149
16 149
33 149
35 149
39 149
53 149
57 149
69 149
72 149
82 149
91 149
92 149
93 149
101 149
123 149
3 150
6 150
14 150
15 150
17 150
28 150
31 150
41 150
57 150
59 150
66 150
72 150
86 150
89 150
90 150
93 150
101 150
114 150
120 150
124 150
147 150
149 150
6 151
18 151
25 151
26 151
33 151
66 151
68 151
71 151
86 151
88 151
90 151
93 151
104 151
111 151
113 151
115 151
116 151
143 151
149 151
5 152
25 152
44 152
45 152
54 152
57 152
79 152
85 152
104 152
105 152
112 152
119 152
126 152
140 152
144 152
148 152
4 153
12 153
15 153
20 153
22 153
41 153
42 153
44 153
45 153
46 153
52 153
59 153
61 153
62 153
69 153
75 153
86 153
99 153
100 153
110 153
119 153
120 153
137 153
149 153
152 153
5 154
21 154
22 154
24 154
29 154
31 154
42 154
44 154
54 154
56 154
58 154
68 154
79 154
80 154
91 154
92 154
105 154
115 154
134 154
139 154
141 154
142 154
147 154
149 154
150 154
8 155
9 155
24 155
26 155
27 155
31 155
42 155
45 155
51 155
60 155
61 155
70 155
76 155
87 155
91 155
101 155
103 155
107 155
114 155
116 155
132 155
139 155
147 155
16 156
35 156
47 156
49 156
62 156
63 156
64 156
66 156
69 156
75 156
85 156
89 156
97 156
104 156
106 156
107 156
113 156
119 156
153 156
155 156
12 157
22 157
29 157
36 157
46 157
49 157
51 157
52 157
58 157
63 157
70 157
79 157
80 157
84 157
94 157
97 157
100 157
101 157
117 157
125 157
127 157
145 157
5 158
13 158
27 158
28 158
49 158
50 158
63 158
75 158
77 158
86 158
88 158
90 158
99 158
110 158
123 158
133 158
140 158
12 159
17 159
23 159
28 159
29 159
42 159
44 159
49 159
50 159
56 159
70 159
71 159
75 159
86 159
101 159
109 159
122 159
151 159
5 160
15 160
23 160
30 160
33 160
39 160
46 160
52 160
54 160
68 160
75 160
77 160
79 160
104 160
106 160
107 160
129 160
133 160
134 160
147 160
149 160
3 161
23 161
29 161
34 161
38 161
48 161
56 161
60 161
64 161
69 161
73 161
74 161
86 161
89 161
108 161
111 161
112 161
132 161
134 161
144 161
150 161
151 161
157 161
159 161
9 162
13 162
15 162
29 162
36 162
42 162
47 162
58 162
59 162
66 162
70 162
73 162
79 162
87 162
89 162
99 162
115 162
116 162
129 162
133 162
140 162
141 162
152 162
156 162
28 163
30 163
45 163
59 163
62 163
67 163
75 163
77 163
80 163
84 163
89 163
94 163
114 163
120 163
126 163
138 163
139 163
153 163
3 164
4 164
6 164
7 164
10 164
51 164
58 164
61 164
94 164
101 164
102 164
123 164
130 164
135 164
152 164
155 164
157 164
161 164
6 165
12 165
19 165
22 165
26 165
30 165
35 165
53 165
55 165
62 165
67 165
70 165
91 165
105 165
125 165
132 165
145 165
149 165
150 165
156 165
2 166
6 166
10 166
20 166
23 166
25 166
27 166
31 166
35 166
40 166
55 166
69 166
86 166
100 166
102 166
117 166
122 166
130 166
149 166
155 166
3 167
4 167
5 167
17 167
19 167
23 167
36 167
42 167
51 167
56 167
61 167
66 167
73 167
78 167
80 167
92 167
99 167
105 167
106 167
109 167
112 167
118 167
125 167
142 167
143 167
144 167
150 167
164 167
165 167
166 167
6 168
25 168
27 168
28 168
29 168
35 168
36 168
40 168
43 168
44 168
48 168
57 168
67 168
71 168
79 168
84 168
87 168
89 168
107 168
114 168
115 168
117 168
129 168
132 168
136 168
137 168
152 168
3 169
10 169
11 169
16 169
17 169
19 169
38 169
41 169
47 169
50 169
63 169
66 169
73 169
96 169
108 169
114 169
123 169
125 169
126 169
139 169
143 169
159 169
6 170
14 170
18 170
19 170
21 170
22 170
29 170
31 170
38 170
43 170
45 170
47 170
51 170
54 170
57 170
59 170
67 170
71 170
97 170
100 170
109 170
122 170
138 170
146 170
147 170
148 170
151 170
18 171
30 171
34 171
35 171
38 171
39 171
53 171
54 171
67 171
76 171
84 171
95 171
104 171
115 171
117 171
120 171
123 171
125 171
126 171
146 171
154 171
164 171
168 171
170 171
1 172
2 172
4 172
7 172
22 172
24 172
26 172
33 172
35 172
37 172
46 172
56 172
58 172
70 172
71 172
73 172
102 172
106 172
107 172
109 172
110 172
112 172
120 172
139 172
141 172
144 172
146 172
149 172
153 172
162 172
166 172
4 173
11 173
13 173
15 173
25 173
34 173
37 173
43 173
58 173
70 173
74 173
75 173
87 173
90 173
105 173
114 173
130 173
137 173
142 173
144 173
146 173
149 173
155 173
156 173
163 173
1 174
12 174
13 174
18 174
35 174
42 174
63 174
66 174
67 174
68 174
71 174
82 174
128 174
131 174
141 174
2 175
8 175
10 175
12 175
14 175
26 175
27 175
56 175
59 175
60 175
67 175
84 175
101 175
111 175
116 175
120 175
125 175
130 175
150 175
151 175
163 175
164 175
166 175
171 175
173 175
5 176
9 176
19 176
21 176
22 176
46 176
48 176
50 176
51 176
57 176
62 176
67 176
73 176
77 176
79 176
91 176
111 176
129 176
137 176
147 176
148 176
151 176
170 176
7 177
19 177
25 177
34 177
44 177
50 177
52 177
58 177
59 177
85 177
90 177
93 177
111 177
137 177
160 177
167 177
171 177
11 178
16 178
22 178
31 178
37 178
39 178
42 178
45 178
47 178
48 178
51 178
53 178
68 178
87 178
94 178
139 178
144 178
158 178
162 178
167 178
4 179
5 179
10 179
34 179
69 179
76 179
77 179
79 179
86 179
88 179
111 179
123 179
131 179
145 179
148 179
151 179
7 180
8 180
13 180
16 180
25 180
29 180
50 180
56 180
65 180
73 180
80 180
83 180
87 180
110 180
126 180
144 180
179 180
1 181
5 181
20 181
21 181
23 181
28 181
32 181
49 181
52 181
53 181
80 181
86 181
91 181
93 181
97 181
109 181
113 181
121 181
163 181
169 181
176 181
177 181
4 182
11 182
19 182
25 182
29 182
32 182
39 182
44 182
48 182
55 182
57 182
64 182
67 182
76 182
84 182
90 182
91 182
105 182
106 182
107 182
108 182
112 182
113 182
119 182
128 182
133 182
143 182
147 182
161 182
170 182
171 182
179 182
6 183
13 183
24 183
29 183
42 183
53 183
55 183
67 183
79 183
82 183
85 183
110 183
136 183
142 183
143 183
158 183
166 183
174 183
180 183
0 184
5 184
24 184
30 184
37 184
42 184
57 184
93 184
94 184
95 184
100 184
116 184
120 184
133 184
141 184
151 184
164 184
169 184
4 185
6 185
12 185
24 185
26 185
33 185
44 185
48 185
50 185
62 185
66 185
74 185
85 185
105 185
109 185
117 185
123 185
128 185
129 185
132 185
143 185
151 185
153 185
177 185
180 185
182 185
8 186
16 186
41 186
48 186
61 186
69 186
95 186
98 186
102 186
110 186
116 186
125 186
137 186
142 186
146 186
169 186
2 187
5 187
9 187
10 187
31 187
37 187
47 187
54 187
62 187
84 187
87 187
88 187
92 187
104 187
109 187
112 187
113 187
118 187
128 187
141 187
150 187
152 187
164 187
168 187
170 187
174 187
177 187
182 187
184 187
185 187
1 188
9 188
20 188
22 188
26 188
29 188
43 188
51 188
58 188
66 188
67 188
75 188
96 188
103 188
104 188
105 188
108 188
110 188
124 188
127 188
128 188
136 188
142 188
147 188
148 188
151 188
152 188
159 188
163 188
4 189
6 189
10 189
22 189
28 189
33 189
35 189
38 189
48 189
52 189
57 189
61 189
70 189
74 189
88 189
92 189
98 189
107 189
127 189
128 189
131 189
142 189
145 189
160 189
170 189
179 189
180 189
188 189
1 190
12 190
19 190
23 190
24 190
26 190
34 190
58 190
81 190
82 190
83 190
108 190
121 190
125 190
133 190
137 190
142 190
143 190
145 190
150 190
152 190
181 190
4 191
6 191
7 191
23 191
26 191
30 191
50 191
51 191
64 191
80 191
82 191
83 191
98 191
109 191
122 191
148 191
149 191
151 191
161 191
174 191
176 191
177 191
185 191
0 192
11 192
12 192
19 192
39 192
40 192
53 192
57 192
60 192
69 192
73 192
81 192
82 192
94 192
115 192
123 192
131 192
135 192
136 192
138 192
144 192
145 192
148 192
150 192
152 192
154 192
163 192
2 193
10 193
12 193
17 193
21 193
22 193
30 193
32 193
35 193
51 193
58 193
66 193
67 193
75 193
77 193
78 193
81 193
92 193
107 193
112 193
119 193
126 193
134 193
153 193
154 193
170 193
181 193
188 193
0 194
4 194
11 194
21 194
31 194
50 194
56 194
77 194
83 194
93 194
101 194
122 194
127 194
129 194
130 194
139 194
143 194
152 194
188 194
192 194
2 195
8 195
21 195
22 195
33 195
34 195
38 195
40 195
55 195
64 195
72 195
76 195
78 195
82 195
103 195
110 195
112 195
116 195
117 195
121 195
123 195
128 195
131 195
132 195
134 195
138 195
147 195
156 195
162 195
163 195
176 195
177 195
187 195
2 196
6 196
12 196
34 196
37 196
48 196
55 196
97 196
101 196
124 196
125 196
128 196
130 196
136 196
162 196
169 196
178 196
186 196
194 196
0 197
3 197
8 197
42 197
44 197
47 197
60 197
81 197
84 197
85 197
89 197
109 197
125 197
140 197
141 197
144 197
146 197
154 197
155 197
158 197
171 197
188 197
4 198
12 198
18 198
25 198
55 198
70 198
76 198
95 198
103 198
107 198
116 198
121 198
127 198
129 198
142 198
144 198
147 198
149 198
153 198
159 198
163 198
172 198
182 198
191 198
194 198
195 198
197 198
30 199
47 199
61 199
69 199
71 199
92 199
95 199
105 199
107 199
121 199
130 199
133 199
135 199
137 199
143 199
144 199
149 199
150 199
151 199
152 199
153 199
168 199
170 199
173 199
184 199
186 199
192 199
194 199
196 199
1 200
20 200
21 200
24 200
25 200
28 200
31 200
34 200
38 200
39 200
44 200
50 200
63 200
83 200
87 200
96 200
97 200
109 200
126 200
127 200
137 200
146 200
157 200
159 200
178 200
188 200
198 200
7 201
8 201
9 201
20 201
21 201
37 201
50 201
64 201
75 201
91 201
92 201
94 201
100 201
101 201
102 201
105 201
108 201
115 201
117 201
119 201
123 201
134 201
160 201
162 201
169 201
178 201
190 201
8 202
11 202
15 202
41 202
65 202
86 202
102 202
116 202
120 202
126 202
135 202
144 202
155 202
156 202
168 202
180 202
181 202
184 202
186 202
199 202
200 202
12 203
25 203
29 203
30 203
32 203
42 203
53 203
56 203
58 203
83 203
90 203
100 203
106 203
115 203
121 203
123 203
126 203
128 203
146 203
159 203
161 203
166 203
170 203
175 203
177 203
180 203
182 203
190 203
3 204
12 204
34 204
54 204
61 204
62 204
65 204
66 204
67 204
72 204
83 204
93 204
110 204
129 204
130 204
133 204
140 204
146 204
149 204
151 204
158 204
160 204
162 204
164 204
171 204
184 204
189 204
193 204
198 204
9 205
20 205
23 205
27 205
29 205
32 205
38 205
39 205
54 205
57 205
70 205
81 205
98 205
105 205
111 205
133 205
135 205
141 205
165 205
171 205
174 205
178 205
179 205
184 205
192 205
194 205
195 205
201 205
202 205
203 205
2 206
5 206
17 206
19 206
21 206
26 206
30 206
43 206
61 206
64 206
66 206
71 206
76 206
79 206
86 206
91 206
95 206
96 206
99 206
105 206
109 206
115 206
118 206
129 206
133 206
139 206
140 206
165 206
167 206
168 206
169 206
173 206
174 206
177 206
194 206
3 207
9 207
12 207
34 207
53 207
59 207
69 207
72 207
73 207
85 207
88 207
97 207
109 207
111 207
123 207
125 207
137 207
149 207
151 207
162 207
178 207
179 207
181 207
187 207
189 207
199 207
6 208
10 208
20 208
36 208
39 208
40 208
56 208
60 208
70 208
76 208
92 208
93 208
104 208
115 208
118 208
140 208
151 208
154 208
155 208
158 208
179 208
196 208
0 209
7 209
9 209
10 209
13 209
19 209
21 209
23 209
26 209
52 209
53 209
65 209
75 209
119 209
120 209
127 209
131 209
141 209
169 209
183 209
187 209
197 209
201 209
205 209
206 209
4 210
7 210
18 210
20 210
42 210
58 210
71 210
79 210
81 210
89 210
106 210
112 210
119 210
174 210
176 210
180 210
182 210
197 210
198 210
205 210
206 210
21 211
40 211
59 211
64 211
66 211
69 211
70 211
73 211
93 211
98 211
110 211
112 211
115 211
120 211
132 211
133 211
137 211
140 211
148 211
158 211
160 211
178 211
184 211
185 211
202 211
203 211
209 211
0 212
1 212
9 212
24 212
25 212
37 212
40 212
46 212
50 212
65 212
67 212
73 212
83 212
85 212
100 212
111 212
115 212
129 212
132 212
156 212
163 212
164 212
165 212
170 212
171 212
180 212
188 212
193 212
196 212
197 212
207 212
210 212
7 213
8 213
11 213
16 213
24 213
28 213
31 213
33 213
39 213
40 213
49 213
52 213
55 213
58 213
63 213
68 213
101 213
118 213
122 213
123 213
125 213
137 213
152 213
153 213
158 213
163 213
170 213
174 213
176 213
178 213
182 213
183 213
0 214
6 214
9 214
10 214
59 214
60 214
77 214
91 214
95 214
108 214
109 214
118 214
140 214
144 214
157 214
178 214
188 214
190 214
191 214
202 214
208 214
5 215
11 215
13 215
14 215
25 215
32 215
39 215
51 215
54 215
66 215
68 215
82 215
85 215
98 215
122 215
123 215
127 215
138 215
141 215
142 215
155 215
161 215
165 215
174 215
188 215
190 215
203 215
206 215
208 215
209 215
211 215
10 216
14 216
16 216
19 216
20 216
23 216
27 216
28 216
30 216
38 216
43 216
48 216
53 216
59 216
74 216
75 216
79 216
95 216
100 216
101 216
142 216
146 216
149 216
150 216
161 216
162 216
168 216
170 216
174 216
176 216
181 216
183 216
187 216
208 216
215 216
5 217
8 217
9 217
17 217
19 217
22 217
23 217
36 217
38 217
44 217
46 217
50 217
65 217
75 217
83 217
88 217
92 217
98 217
105 217
106 217
119 217
125 217
131 217
133 217
136 217
139 217
142 217
145 217
146 217
160 217
161 217
186 217
189 217
197 217
215 217
7 218
17 218
20 218
23 218
42 218
44 218
57 218
67 218
71 218
73 218
81 218
82 218
84 218
94 218
95 218
106 218
109 218
111 218
116 218
128 218
136 218
144 218
152 218
155 218
164 218
166 218
186 218
187 218
196 218
199 218
217 218
5 219
23 219
34 219
40 219
48 219
53 219
60 219
63 219
64 219
66 219
71 219
75 219
87 219
98 219
108 219
113 219
114 219
149 219
160 219
172 219
182 219
186 219
188 219
195 219
198 219
201 219
210 219
212 219
14 220
27 220
41 220
53 220
54 220
79 220
121 220
138 220
151 220
156 220
158 220
162 220
171 220
172 220
174 220
182 220
199 220
206 220
209 220
212 220
7 221
22 221
24 221
26 221
31 221
33 221
36 221
39 221
41 221
52 221
54 221
62 221
69 221
79 221
86 221
88 221
90 221
112 221
143 221
151 221
152 221
154 221
158 221
165 221
168 221
171 221
176 221
177 221
185 221
186 221
190 221
2 222
16 222
25 222
28 222
29 222
35 222
49 222
57 222
61 222
62 222
63 222
68 222
110 222
117 222
135 222
169 222
174 222
183 222
196 222
197 222
202 222
203 222
213 222
216 222
6 223
21 223
28 223
34 223
37 223
62 223
67 223
77 223
82 223
90 223
100 223
103 223
104 223
105 223
122 223
124 223
137 223
173 223
181 223
189 223
195 223
0 224
3 224
36 224
51 224
64 224
65 224
68 224
89 224
104 224
106 224
108 224
112 224
114 224
117 224
123 224
129 224
132 224
134 224
135 224
158 224
160 224
161 224
166 224
172 224
181 224
182 224
190 224
192 224
195 224
204 224
207 224
209 224
214 224
219 224
2 225
12 225
14 225
17 225
18 225
19 225
25 225
26 225
40 225
51 225
55 225
57 225
82 225
86 225
96 225
98 225
111 225
113 225
116 225
117 225
118 225
120 225
122 225
131 225
152 225
179 225
180 225
198 225
200 225
202 225
207 225
216 225
12 226
15 226
34 226
46 226
49 226
66 226
76 226
79 226
82 226
88 226
103 226
105 226
114 226
115 226
120 226
127 226
146 226
152 226
155 226
159 226
163 226
186 226
187 226
192 226
201 226
206 226
212 226
213 226
216 226
3 227
5 227
30 227
36 227
37 227
43 227
44 227
51 227
52 227
60 227
61 227
69 227
72 227
83 227
99 227
100 227
114 227
122 227
135 227
141 227
150 227
161 227
163 227
171 227
173 227
175 227
180 227
185 227
188 227
190 227
191 227
192 227
205 227
207 227
217 227
226 227
1 228
11 228
22 228
26 228
31 228
33 228
41 228
46 228
66 228
83 228
85 228
98 228
107 228
121 228
134 228
158 228
159 228
162 228
165 228
169 228
170 228
181 228
190 228
192 228
195 228
196 228
220 228
224 228
227 228
1 229
7 229
11 229
13 229
18 229
24 229
35 229
36 229
38 229
41 229
56 229
62 229
84 229
91 229
99 229
105 229
117 229
132 229
139 229
157 229
158 229
163 229
177 229
181 229
189 229
199 229
202 229
212 229
225 229
8 230
17 230
19 230
24 230
27 230
28 230
34 230
53 230
59 230
63 230
64 230
65 230
66 230
70 230
71 230
72 230
82 230
113 230
128 230
136 230
143 230
148 230
162 230
172 230
175 230
185 230
186 230
193 230
199 230
212 230
214 230
223 230
225 230
1 231
27 231
29 231
35 231
50 231
77 231
81 231
82 231
87 231
108 231
118 231
119 231
136 231
137 231
146 231
153 231
156 231
159 231
175 231
178 231
189 231
191 231
193 231
204 231
208 231
218 231
4 232
8 232
12 232
29 232
46 232
59 232
60 232
63 232
74 232
84 232
89 232
99 232
102 232
119 232
124 232
126 232
151 232
157 232
158 232
160 232
162 232
163 232
165 232
168 232
178 232
181 232
182 232
214 232
0 233
4 233
9 233
10 233
18 233
29 233
34 233
43 233
47 233
51 233
56 233
60 233
86 233
91 233
95 233
110 233
111 233
128 233
132 233
136 233
140 233
145 233
147 233
150 233
152 233
161 233
164 233
171 233
179 233
182 233
195 233
196 233
209 233
210 233
218 233
219 233
228 233
230 233
231 233
6 234
19 234
25 234
26 234
41 234
42 234
59 234
63 234
64 234
67 234
75 234
106 234
112 234
121 234
123 234
143 234
148 234
153 234
169 234
174 234
175 234
181 234
184 234
209 234
220 234
224 234
226 234
232 234
233 234
13 235
29 235
53 235
64 235
69 235
72 235
87 235
91 235
103 235
117 235
118 235
130 235
133 235
154 235
156 235
171 235
177 235
188 235
195 235
202 235
210 235
233 235
27 236
28 236
52 236
54 236
55 236
73 236
89 236
104 236
108 236
128 236
163 236
173 236
175 236
186 236
191 236
195 236
205 236
213 236
218 236
227 236
229 236
4 237
12 237
13 237
14 237
15 237
19 237
41 237
43 237
55 237
62 237
66 237
71 237
80 237
90 237
91 237
93 237
96 237
103 237
115 237
123 237
132 237
136 237
142 237
147 237
149 237
150 237
153 237
169 237
192 237
199 237
212 237
214 237
215 237
233 237
236 237
1 238
2 238
37 238
50 238
67 238
76 238
78 238
81 238
82 238
99 238
103 238
112 238
113 238
118 238
121 238
125 238
135 238
136 238
138 238
143 238
145 238
146 238
158 238
166 238
167 238
177 238
192 238
198 238
217 238
218 238
228 238
230 238
235 238
8 239
25 239
26 239
39 239
47 239
48 239
54 239
55 239
62 239
65 239
77 239
84 239
89 239
94 239
113 239
116 239
118 239
120 239
127 239
172 239
175 239
178 239
185 239
189 239
192 239
218 239
227 239
231 239
0 240
8 240
15 240
17 240
28 240
29 240
36 240
43 240
65 240
71 240
82 240
88 240
90 240
101 240
105 240
109 240
111 240
113 240
116 240
122 240
124 240
136 240
152 240
156 240
158 240
167 240
180 240
192 240
209 240
218 240
219 240
222 240
230 240
1 241
7 241
54 241
58 241
63 241
68 241
78 241
83 241
96 241
100 241
111 241
122 241
131 241
138 241
148 241
150 241
160 241
164 241
171 241
172 241
189 241
190 241
193 241
226 241
237 241
8 242
10 242
15 242
18 242
20 242
28 242
29 242
36 242
40 242
54 242
67 242
68 242
81 242
83 242
95 242
108 242
109 242
118 242
120 242
128 242
131 242
138 242
139 242
147 242
173 242
174 242
176 242
180 242
193 242
198 242
199 242
203 242
204 242
221 242
228 242
234 242
238 242
240 242
0 243
13 243
16 243
25 243
26 243
31 243
33 243
38 243
40 243
44 243
61 243
70 243
89 243
121 243
128 243
131 243
139 243
140 243
142 243
145 243
149 243
170 243
184 243
190 243
198 243
200 243
211 243
214 243
9 244
10 244
11 244
13 244
15 244
16 244
19 244
22 244
25 244
27 244
32 244
39 244
43 244
46 244
48 244
52 244
54 244
59 244
63 244
68 244
70 244
75 244
81 244
84 244
88 244
92 244
94 244
101 244
115 244
130 244
155 244
165 244
189 244
190 244
202 244
203 244
211 244
10 245
15 245
17 245
34 245
37 245
42 245
44 245
51 245
58 245
67 245
76 245
94 245
95 245
102 245
103 245
108 245
111 245
119 245
134 245
139 245
141 245
160 245
173 245
176 245
179 245
180 245
190 245
201 245
203 245
204 245
210 245
217 245
221 245
222 245
227 245
241 245
244 245
13 246
14 246
18 246
21 246
40 246
44 246
62 246
65 246
72 246
74 246
76 246
79 246
81 246
92 246
96 246
97 246
100 246
106 246
122 246
126 246
132 246
133 246
142 246
148 246
153 246
156 246
158 246
159 246
171 246
176 246
179 246
195 246
203 246
209 246
214 246
222 246
237 246
243 246
0 247
6 247
13 247
16 247
23 247
32 247
41 247
46 247
49 247
62 247
65 247
69 247
72 247
76 247
106 247
120 247
123 247
126 247
128 247
182 247
183 247
191 247
194 247
201 247
215 247
229 247
235 247
243 247
244 247
2 248
31 248
34 248
40 248
43 248
46 248
51 248
57 248
58 248
65 248
67 248
69 248
74 248
77 248
80 248
85 248
93 248
98 248
99 248
115 248
124 248
133 248
155 248
160 248
161 248
165 248
167 248
168 248
189 248
198 248
209 248
215 248
225 248
235 248
9 249
12 249
37 249
45 249
52 249
60 249
62 249
68 249
80 249
91 249
97 249
102 249
104 249
122 249
136 249
158 249
159 249
165 249
174 249
180 249
182 249
185 249
194 249
203 249
220 249
226 249
231 249
235 249
238 249
3 250
13 250
34 250
48 250
55 250
58 250
64 250
70 250
86 250
103 250
104 250
106 250
114 250
128 250
135 250
143 250
146 250
150 250
176 250
178 250
181 250
186 250
195 250
199 250
201 250
206 250
223 250
242 250
244 250
4 251
16 251
18 251
21 251
35 251
43 251
45 251
49 251
53 251
55 251
59 251
101 251
102 251
106 251
111 251
116 251
134 251
159 251
164 251
172 251
182 251
212 251
215 251
223 251
228 251
236 251
240 251
12 252
20 252
24 252
28 252
33 252
35 252
39 252
43 252
59 252
60 252
66 252
73 252
76 252
79 252
85 252
88 252
110 252
111 252
118 252
119 252
125 252
126 252
132 252
135 252
158 252
188 252
198 252
202 252
203 252
206 252
209 252
210 252
220 252
226 252
229 252
234 252
235 252
236 252
243 252
251 252
6 253
20 253
22 253
24 253
26 253
32 253
35 253
48 253
52 253
59 253
67 253
68 253
71 253
75 253
76 253
87 253
108 253
109 253
113 253
129 253
133 253
134 253
141 253
142 253
145 253
148 253
160 253
162 253
176 253
188 253
189 253
198 253
200 253
209 253
226 253
228 253
8 254
11 254
13 254
15 254
29 254
33 254
53 254
61 254
66 254
67 254
73 254
83 254
99 254
102 254
105 254
107 254
120 254
123 254
126 254
128 254
129 254
130 254
133 254
148 254
150 254
159 254
162 254
163 254
172 254
199 254
209 254
214 254
215 254
217 254
224 254
231 254
237 254
249 254
0 255
1 255
12 255
13 255
16 255
19 255
22 255
23 255
36 255
51 255
57 255
60 255
68 255
69 255
74 255
84 255
85 255
88 255
89 255
97 255
102 255
110 255
117 255
132 255
134 255
139 255
153 255
161 255
170 255
179 255
183 255
184 255
195 255
203 255
212 255
215 255
225 255
233 255
235 255
250 255
1 256
2 256
5 256
23 256
30 256
36 256
37 256
53 256
63 256
69 256
72 256
80 256
91 256
95 256
96 256
98 256
101 256
122 256
125 256
126 256
128 256
138 256
141 256
143 256
146 256
152 256
156 256
157 256
158 256
174 256
181 256
198 256
205 256
206 256
208 256
214 256
223 256
226 256
238 256
243 256
244 256
245 256
246 256
252 256
4 257
15 257
16 257
48 257
52 257
56 257
61 257
63 257
68 257
77 257
102 257
105 257
108 257
116 257
128 257
135 257
139 257
172 257
177 257
186 257
187 257
192 257
197 257
204 257
205 257
207 257
216 257
217 257
231 257
236 257
238 257
242 257
251 257
256 257
1 258
9 258
10 258
15 258
28 258
40 258
41 258
49 258
68 258
80 258
84 258
86 258
91 258
100 258
117 258
126 258
142 258
143 258
149 258
150 258
154 258
160 258
166 258
171 258
172 258
185 258
191 258
196 258
209 258
220 258
221 258
222 258
229 258
236 258
246 258
252 258
257 258
5 259
12 259
28 259
30 259
31 259
50 259
56 259
91 259
97 259
102 259
107 259
118 259
142 259
161 259
186 259
189 259
193 259
198 259
200 259
204 259
211 259
235 259
237 259
253 259
7 260
9 260
16 260
19 260
24 260
33 260
39 260
41 260
45 260
47 260
49 260
56 260
57 260
82 260
83 260
99 260
112 260
117 260
124 260
133 260
160 260
170 260
177 260
182 260
185 260
195 260
199 260
205 260
206 260
217 260
218 260
219 260
224 260
236 260
249 260
251 260
4 261
12 261
14 261
18 261
20 261
25 261
29 261
38 261
69 261
71 261
80 261
85 261
88 261
100 261
101 261
109 261
110 261
112 261
114 261
119 261
124 261
134 261
140 261
142 261
158 261
159 261
161 261
165 261
178 261
192 261
195 261
199 261
202 261
216 261
218 261
228 261
235 261
236 261
237 261
254 261
260 261
11 262
26 262
34 262
42 262
45 262
47 262
54 262
59 262
60 262
61 262
66 262
95 262
98 262
107 262
114 262
126 262
127 262
128 262
139 262
148 262
158 262
161 262
162 262
168 262
176 262
183 262
189 262
192 262
200 262
212 262
219 262
223 262
230 262
231 262
233 262
238 262
242 262
2 263
6 263
9 263
10 263
15 263
25 263
27 263
36 263
43 263
44 263
52 263
79 263
82 263
98 263
100 263
105 263
155 263
167 263
168 263
181 263
190 263
193 263
201 263
229 263
232 263
235 263
237 263
238 263
240 263
245 263
250 263
252 263
257 263
260 263
2 264
14 264
16 264
20 264
25 264
37 264
52 264
69 264
73 264
84 264
94 264
96 264
99 264
102 264
108 264
109 264
110 264
115 264
120 264
138 264
140 264
145 264
157 264
164 264
172 264
192 264
196 264
198 264
199 264
207 264
216 264
234 264
241 264
244 264
253 264
262 264
9 265
13 265
18 265
34 265
66 265
67 265
71 265
81 265
85 265
86 265
97 265
109 265
112 265
131 265
132 265
133 265
140 265
155 265
167 265
189 265
192 265
196 265
205 265
207 265
210 265
228 265
229 265
231 265
233 265
234 265
235 265
248 265
250 265
261 265
7 266
12 266
13 266
14 266
25 266
32 266
41 266
43 266
45 266
53 266
54 266
73 266
74 266
83 266
86 266
88 266
99 266
100 266
105 266
107 266
108 266
124 266
138 266
144 266
165 266
168 266
170 266
176 266
178 266
179 266
180 266
185 266
202 266
204 266
216 266
225 266
251 266
257 266
5 267
19 267
24 267
26 267
29 267
30 267
33 267
37 267
42 267
50 267
51 267
54 267
68 267
76 267
84 267
90 267
101 267
102 267
121 267
122 267
127 267
138 267
143 267
190 267
196 267
197 267
212 267
214 267
225 267
233 267
234 267
238 267
239 267
243 267
248 267
250 267
261 267
5 268
6 268
12 268
16 268
25 268
28 268
33 268
51 268
52 268
54 268
60 268
92 268
93 268
106 268
115 268
119 268
125 268
128 268
154 268
165 268
181 268
182 268
200 268
216 268
225 268
227 268
244 268
248 268
252 268
253 268
255 268
263 268
267 268
6 269
7 269
17 269
21 269
27 269
28 269
29 269
34 269
48 269
50 269
51 269
57 269
60 269
72 269
73 269
84 269
88 269
92 269
94 269
106 269
109 269
120 269
134 269
162 269
170 269
183 269
196 269
200 269
202 269
216 269
230 269
235 269
237 269
247 269
250 269
257 269
7 270
27 270
50 270
65 270
66 270
70 270
78 270
83 270
96 270
112 270
116 270
117 270
152 270
153 270
155 270
160 270
167 270
175 270
184 270
189 270
195 270
199 270
200 270
212 270
215 270
217 270
239 270
240 270
243 270
254 270
264 270
268 270
3 271
8 271
10 271
18 271
20 271
34 271
54 271
65 271
67 271
73 271
78 271
86 271
109 271
114 271
125 271
145 271
150 271
169 271
182 271
184 271
195 271
203 271
209 271
226 271
230 271
235 271
236 271
238 271
246 271
247 271
252 271
258 271
261 271
270 271
4 272
10 272
16 272
18 272
20 272
22 272
30 272
35 272
42 272
54 272
59 272
78 272
79 272
87 272
103 272
145 272
151 272
152 272
184 272
214 272
224 272
235 272
237 272
242 272
243 272
244 272
245 272
252 272
16 273
24 273
51 273
59 273
66 273
68 273
75 273
83 273
87 273
89 273
102 273
103 273
108 273
109 273
117 273
126 273
128 273
137 273
138 273
155 273
159 273
162 273
173 273
186 273
193 273
196 273
209 273
212 273
213 273
219 273
221 273
227 273
228 273
248 273
272 273
0 274
1 274
4 274
11 274
19 274
28 274
37 274
43 274
54 274
59 274
64 274
67 274
68 274
69 274
70 274
84 274
87 274
94 274
100 274
107 274
110 274
121 274
122 274
140 274
151 274
153 274
167 274
169 274
177 274
194 274
195 274
197 274
200 274
203 274
208 274
216 274
228 274
231 274
232 274
238 274
243 274
247 274
251 274
261 274
11 275
12 275
28 275
32 275
37 275
49 275
52 275
61 275
76 275
79 275
88 275
96 275
108 275
110 275
117 275
133 275
146 275
149 275
155 275
161 275
162 275
173 275
177 275
185 275
190 275
204 275
217 275
221 275
222 275
224 275
230 275
239 275
254 275
257 275
258 275
268 275
0 276
11 276
20 276
25 276
35 276
37 276
70 276
96 276
106 276
116 276
117 276
133 276
136 276
144 276
145 276
153 276
171 276
173 276
174 276
189 276
194 276
200 276
205 276
210 276
212 276
220 276
236 276
240 276
243 276
255 276
267 276
2 277
9 277
11 277
20 277
25 277
27 277
29 277
31 277
34 277
38 277
49 277
52 277
75 277
99 277
109 277
116 277
128 277
140 277
155 277
157 277
161 277
182 277
183 277
190 277
192 277
195 277
203 277
208 277
212 277
237 277
242 277
250 277
256 277
263 277
266 277
270 277
0 278
3 278
5 278
20 278
22 278
24 278
32 278
36 278
93 278
94 278
98 278
101 278
102 278
116 278
118 278
120 278
128 278
136 278
137 278
148 278
167 278
171 278
173 278
174 278
179 278
185 278
192 278
195 278
199 278
203 278
209 278
218 278
227 278
233 278
234 278
235 278
247 278
252 278
254 278
262 278
264 278
267 278
270 278
271 278
3 279
6 279
26 279
34 279
42 279
63 279
65 279
84 279
101 279
102 279
105 279
111 279
123 279
144 279
150 279
170 279
179 279
192 279
196 279
197 279
201 279
204 279
219 279
223 279
246 279
264 279
266 279
267 279
272 279
1 280
4 280
16 280
33 280
34 280
35 280
40 280
44 280
47 280
63 280
65 280
77 280
85 280
90 280
92 280
95 280
96 280
109 280
110 280
112 280
133 280
135 280
147 280
155 280
164 280
165 280
176 280
178 280
179 280
185 280
187 280
188 280
192 280
194 280
199 280
205 280
223 280
228 280
234 280
246 280
263 280
265 280
266 280
271 280
274 280
277 280
3 281
5 281
7 281
22 281
25 281
26 281
29 281
42 281
49 281
51 281
52 281
53 281
54 281
67 281
70 281
78 281
100 281
104 281
105 281
112 281
113 281
125 281
127 281
138 281
149 281
157 281
166 281
189 281
190 281
207 281
215 281
218 281
223 281
229 281
231 281
242 281
245 281
250 281
257 281
259 281
274 281
276 281
280 281
6 282
35 282
42 282
46 282
48 282
53 282
56 282
60 282
64 282
89 282
95 282
112 282
113 282
117 282
120 282
122 282
126 282
130 282
139 282
149 282
166 282
172 282
174 282
190 282
191 282
194 282
215 282
218 282
221 282
226 282
236 282
253 282
260 282
262 282
265 282
267 282
1 283
4 283
5 283
7 283
33 283
46 283
48 283
72 283
74 283
76 283
82 283
84 283
86 283
92 283
94 283
100 283
133 283
135 283
139 283
150 283
160 283
184 283
186 283
190 283
199 283
204 283
206 283
228 283
244 283
247 283
261 283
265 283
268 283
269 283
274 283
282 283
1 284
4 284
7 284
14 284
16 284
22 284
27 284
29 284
35 284
37 284
39 284
49 284
50 284
55 284
67 284
75 284
95 284
111 284
114 284
115 284
118 284
120 284
124 284
126 284
129 284
131 284
139 284
152 284
170 284
172 284
181 284
187 284
218 284
221 284
228 284
253 284
0 285
9 285
16 285
30 285
53 285
63 285
66 285
100 285
115 285
118 285
119 285
121 285
131 285
133 285
139 285
140 285
142 285
143 285
151 285
159 285
163 285
164 285
170 285
176 285
179 285
189 285
206 285
207 285
212 285
224 285
231 285
242 285
243 285
245 285
259 285
276 285
277 285
279 285
283 285
0 286
1 286
6 286
12 286
14 286
16 286
32 286
40 286
46 286
51 286
55 286
58 286
64 286
70 286
77 286
79 286
84 286
86 286
87 286
93 286
105 286
124 286
126 286
133 286
136 286
139 286
148 286
153 286
156 286
172 286
180 286
186 286
190 286
214 286
236 286
238 286
241 286
247 286
264 286
270 286
285 286
4 287
5 287
8 287
11 287
18 287
28 287
35 287
38 287
39 287
52 287
59 287
66 287
71 287
83 287
85 287
107 287
111 287
125 287
129 287
131 287
144 287
145 287
153 287
155 287
159 287
164 287
172 287
175 287
177 287
183 287
184 287
195 287
202 287
204 287
215 287
224 287
230 287
231 287
239 287
243 287
246 287
253 287
263 287
266 287
270 287
279 287
280 287
284 287
20 288
38 288
56 288
63 288
76 288
78 288
85 288
86 288
93 288
104 288
127 288
132 288
147 288
150 288
152 288
159 288
161 288
164 288
168 288
169 288
182 288
186 288
187 288
188 288
189 288
190 288
206 288
218 288
220 288
224 288
225 288
246 288
261 288
262 288
263 288
266 288
274 288
2 289
34 289
51 289
52 289
68 289
75 289
80 289
82 289
90 289
94 289
98 289
110 289
114 289
117 289
177 289
182 289
190 289
192 289
198 289
205 289
206 289
212 289
220 289
227 289
245 289
251 289
268 289
285 289
288 289
4 290
32 290
37 290
38 290
52 290
75 290
87 290
95 290
123 290
136 290
137 290
141 290
144 290
163 290
164 290
168 290
169 290
186 290
187 290
188 290
189 290
191 290
194 290
196 290
226 290
233 290
245 290
256 290
258 290
266 290
274 290
278 290
280 290
282 290
0 291
9 291
30 291
38 291
41 291
51 291
59 291
63 291
70 291
79 291
90 291
94 291
103 291
105 291
109 291
114 291
116 291
120 291
127 291
133 291
136 291
143 291
159 291
161 291
163 291
166 291
175 291
183 291
213 291
220 291
223 291
228 291
229 291
232 291
235 291
241 291
243 291
254 291
257 291
258 291
264 291
280 291
3 292
13 292
15 292
24 292
33 292
36 292
41 292
48 292
68 292
76 292
80 292
88 292
97 292
99 292
117 292
120 292
121 292
124 292
128 292
134 292
135 292
136 292
140 292
148 292
158 292
163 292
167 292
174 292
184 292
207 292
221 292
222 292
223 292
230 292
232 292
237 292
249 292
265 292
269 292
271 292
277 292
278 292
281 292
286 292
3 293
16 293
17 293
37 293
39 293
55 293
73 293
80 293
85 293
87 293
105 293
113 293
115 293
148 293
151 293
155 293
156 293
160 293
171 293
195 293
196 293
200 293
209 293
214 293
221 293
234 293
235 293
246 293
254 293
255 293
256 293
259 293
261 293
263 293
281 293
282 293
289 293
10 294
14 294
27 294
43 294
51 294
60 294
72 294
85 294
92 294
93 294
95 294
96 294
99 294
107 294
108 294
114 294
127 294
128 294
133 294
135 294
136 294
153 294
154 294
187 294
188 294
193 294
205 294
221 294
225 294
228 294
235 294
239 294
255 294
266 294
267 294
270 294
278 294
284 294
285 294
286 294
4 295
10 295
23 295
24 295
30 295
48 295
50 295
64 295
67 295
94 295
110 295
140 295
150 295
153 295
157 295
164 295
183 295
195 295
197 295
201 295
212 295
214 295
215 295
230 295
231 295
241 295
242 295
247 295
250 295
252 295
266 295
276 295
279 295
281 295
285 295
22 296
23 296
26 296
28 296
39 296
46 296
49 296
60 296
74 296
80 296
88 296
95 296
98 296
100 296
106 296
111 296
135 296
139 296
141 296
144 296
148 296
177 296
178 296
185 296
186 296
187 296
209 296
211 296
216 296
219 296
231 296
234 296
248 296
251 296
262 296
264 296
270 296
271 296
278 296
281 296
292 296
2 297
7 297
12 297
18 297
22 297
35 297
39 297
42 297
46 297
49 297
52 297
74 297
75 297
78 297
87 297
102 297
110 297
120 297
122 297
125 297
127 297
128 297
129 297
130 297
132 297
138 297
142 297
143 297
153 297
166 297
176 297
193 297
194 297
195 297
208 297
262 297
284 297
285 297
294 297
4 298
8 298
12 298
14 298
20 298
23 298
31 298
36 298
48 298
54 298
67 298
85 298
88 298
93 298
98 298
108 298
115 298
124 298
130 298
141 298
150 298
161 298
165 298
169 298
187 298
189 298
209 298
227 298
238 298
258 298
263 298
290 298
8 299
28 299
54 299
55 299
71 299
80 299
83 299
102 299
108 299
111 299
114 299
119 299
120 299
136 299
145 299
151 299
156 299
167 299
168 299
173 299
175 299
176 299
184 299
188 299
195 299
201 299
206 299
212 299
218 299
221 299
224 299
248 299
256 299
259 299
261 299
265 299
274 299
293 299
