300 8708 5
2 8 3 3 1 1 11 9 3 15 9 2 1 22 6 20 8 3 1 9 6 3 40 7 3 5 17 1 1 24 1 31 19 5 9 10 5 1 6 12 1 7 2 2 3 12 6 35 2 4 11 19 7 2 8 2 1 2 15 25 6 16 9 1 2 6 2 12 8 8 7 1 2 2 10 6 2 25 2 20 11 4 6 37 2 2 10 9 6 19 2 23 21 5 20 3 2 3 26 3 3 11 5 10 8 20 1 3 3 1 35 1 20 3 10 4 9 9 2 12 12 14 12 24 3 3 6 3 12 16 53 1 1 4 2 27 3 5 4 14 1 5 4 3 6 1 13 1 1 4 1 3 2 6 33 1 3 2 8 1 2 6 18 3 2 7 6 2 2 18 18 1 1 14 6 21 5 8 1 1 18 1 15 1 3 4 1 4 8 9 5 3 1 6 1 5 3 2 21 14 5 8 17 16 3 4 16 10 8 3 6 1 6 4 4 34 12 7 6 10 14 14 8 3 7 8 4 4 8 4 15 3 2 1 7 22 11 13 7 3 3 7 1 1 4 7 16 3 3 4 18 15 14 1 1 5 2 6 9 10 9 8 2 4 1 5 14 5 8 7 1 3 14 3 10 1 2 8 1 2 3 6 3 1 5 11 12 1 2 7 21 1 5 7 6 17 3 3 2 12
0 1
2 5
1 6
2 6
3 6
4 6
1 7
4 7
1 8
5 8
8 9
6 10
0 11
4 11
7 11
9 11
5 12
8 12
9 12
11 12
3 13
12 13
6 14
10 14
11 14
13 14
2 15
5 17
10 17
3 18
1 19
2 19
3 19
4 19
6 19
10 19
15 19
16 19
1 20
4 20
8 20
9 20
17 20
1 21
2 21
4 21
15 21
20 21
9 22
12 22
15 22
21 22
1 23
20 23
1 24
3 24
6 24
7 24
9 24
0 25
4 25
17 25
20 25
24 25
4 26
5 26
6 26
13 26
18 27
20 27
22 27
4 28
6 28
7 28
10 28
14 28
24 28
26 28
2 29
14 29
16 29
17 29
18 29
19 29
22 29
1 30
4 30
5 30
10 30
16 30
21 30
22 30
8 31
14 31
27 31
29 31
6 32
13 32
14 32
18 32
19 32
21 32
3 33
5 33
13 33
26 33
28 33
30 33
9 34
17 34
24 34
28 34
30 34
18 35
22 35
23 35
25 35
10 36
13 36
20 36
21 36
22 36
24 36
27 36
29 36
32 36
4 37
8 37
17 37
24 37
30 37
32 37
3 38
4 38
5 38
15 38
18 38
23 38
36 38
37 38
10 39
15 39
22 39
23 39
26 39
27 39
32 39
36 39
4 40
6 40
11 40
14 40
16 40
17 40
24 40
26 40
3 41
8 41
10 41
19 41
24 41
26 41
29 41
32 41
1 42
16 42
28 42
29 42
37 42
38 42
5 43
6 43
15 43
21 43
25 43
35 43
37 43
41 43
11 44
12 44
13 44
14 44
19 44
24 44
26 44
28 44
33 44
0 45
2 45
4 45
9 45
11 45
13 45
14 45
20 45
22 45
26 45
29 45
38 45
39 45
40 45
6 46
7 46
8 46
11 46
20 46
31 46
33 46
36 46
40 46
0 47
28 47
29 47
36 47
38 47
39 47
42 47
13 48
15 48
21 48
27 48
38 48
40 48
43 48
2 49
7 49
8 49
16 49
21 49
23 49
29 49
32 49
35 49
40 49
4 50
10 50
12 50
14 50
16 50
21 50
24 50
25 50
28 50
38 50
46 50
6 51
9 51
13 51
21 51
22 51
26 51
28 51
30 51
31 51
37 51
13 52
18 52
20 52
21 52
22 52
26 52
34 52
39 52
48 52
49 52
51 52
2 53
5 53
11 53
13 53
15 53
20 53
21 53
29 53
32 53
33 53
37 53
48 53
7 54
12 54
14 54
39 54
40 54
42 54
50 54
52 54
1 55
2 55
12 55
15 55
17 55
19 55
26 55
27 55
28 55
30 55
31 55
33 55
34 55
39 55
40 55
41 55
42 55
47 55
52 55
54 55
5 56
6 56
8 56
10 56
11 56
13 56
19 56
21 56
22 56
26 56
28 56
31 56
35 56
36 56
44 56
54 56
6 57
11 57
14 57
21 57
23 57
27 57
30 57
34 57
36 57
45 57
49 57
50 57
51 57
53 57
1 58
4 58
25 58
28 58
31 58
32 58
46 58
54 58
55 58
2 59
6 59
14 59
26 59
27 59
28 59
31 59
41 59
44 59
45 59
55 59
56 59
3 60
9 60
13 60
16 60
22 60
23 60
32 60
33 60
41 60
50 60
53 60
0 61
2 61
4 61
10 61
11 61
25 61
36 61
48 61
49 61
52 61
54 61
55 61
56 61
2 62
11 62
17 62
20 62
22 62
37 62
38 62
39 62
40 62
41 62
43 62
50 62
51 62
53 62
55 62
57 62
1 63
2 63
4 63
13 63
15 63
21 63
24 63
26 63
32 63
38 63
55 63
58 63
2 64
6 64
8 64
10 64
17 64
21 64
34 64
48 64
49 64
51 64
56 64
4 65
14 65
15 65
30 65
37 65
40 65
44 65
45 65
47 65
49 65
52 65
61 65
63 65
3 66
13 66
15 66
18 66
22 66
25 66
31 66
40 66
44 66
45 66
48 66
51 66
56 66
59 66
61 66
1 67
10 67
12 67
38 67
48 67
50 67
53 67
63 67
2 68
5 68
9 68
10 68
15 68
19 68
28 68
31 68
54 68
55 68
62 68
66 68
67 68
3 69
14 69
17 69
19 69
37 69
43 69
44 69
47 69
51 69
62 69
68 69
6 70
9 70
26 70
39 70
50 70
53 70
56 70
57 70
58 70
61 70
4 71
8 71
12 71
17 71
18 71
36 71
41 71
58 71
59 71
61 71
2 72
5 72
7 72
8 72
9 72
10 72
29 72
32 72
33 72
40 72
43 72
45 72
55 72
66 72
4 73
9 73
11 73
13 73
14 73
31 73
37 73
39 73
43 73
46 73
48 73
49 73
50 73
52 73
58 73
60 73
69 73
5 74
13 74
14 74
21 74
26 74
44 74
45 74
47 74
49 74
51 74
54 74
56 74
58 74
61 74
64 74
71 74
4 75
5 75
17 75
21 75
22 75
35 75
45 75
59 75
65 75
71 75
1 76
9 76
14 76
20 76
28 76
38 76
44 76
61 76
64 76
66 76
16 77
18 77
24 77
31 77
38 77
57 77
58 77
59 77
75 77
15 78
20 78
22 78
31 78
35 78
43 78
50 78
52 78
56 78
63 78
68 78
71 78
77 78
4 79
5 79
6 79
8 79
25 79
26 79
28 79
32 79
37 79
39 79
40 79
43 79
45 79
49 79
52 79
54 79
55 79
59 79
74 79
78 79
6 80
21 80
27 80
37 80
39 80
47 80
49 80
56 80
57 80
62 80
65 80
70 80
71 80
79 80
9 81
11 81
14 81
25 81
29 81
40 81
44 81
49 81
50 81
51 81
66 81
69 81
71 81
80 81
0 82
4 82
11 82
12 82
20 82
31 82
37 82
46 82
52 82
58 82
60 82
72 82
74 82
78 82
1 83
4 83
22 83
26 83
27 83
30 83
40 83
43 83
48 83
53 83
65 83
68 83
70 83
82 83
13 84
15 84
21 84
32 84
38 84
49 84
50 84
52 84
60 84
64 84
66 84
75 84
76 84
3 85
17 85
21 85
32 85
33 85
34 85
42 85
44 85
46 85
47 85
53 85
55 85
56 85
61 85
66 85
10 86
11 86
12 86
17 86
21 86
23 86
31 86
35 86
40 86
41 86
43 86
45 86
46 86
49 86
51 86
65 86
68 86
76 86
77 86
78 86
80 86
81 86
1 87
5 87
9 87
23 87
26 87
34 87
43 87
44 87
52 87
53 87
54 87
55 87
58 87
62 87
63 87
68 87
72 87
83 87
84 87
85 87
8 88
9 88
15 88
18 88
21 88
22 88
24 88
25 88
30 88
45 88
51 88
61 88
63 88
66 88
71 88
76 88
80 88
86 88
17 89
22 89
26 89
29 89
32 89
39 89
49 89
53 89
64 89
71 89
72 89
75 89
78 89
85 89
88 89
0 90
4 90
6 90
23 90
26 90
27 90
41 90
43 90
45 90
48 90
53 90
57 90
61 90
64 90
69 90
73 90
80 90
1 91
4 91
15 91
18 91
27 91
30 91
47 91
48 91
50 91
51 91
53 91
54 91
56 91
58 91
72 91
74 91
90 91
10 92
14 92
32 92
55 92
64 92
74 92
76 92
78 92
82 92
85 92
86 92
91 92
1 93
10 93
12 93
17 93
25 93
36 93
51 93
52 93
53 93
54 93
59 93
72 93
73 93
75 93
77 93
79 93
87 93
2 94
4 94
6 94
7 94
12 94
34 94
36 94
56 94
66 94
78 94
80 94
88 94
2 95
5 95
7 95
10 95
14 95
25 95
30 95
35 95
36 95
38 95
39 95
44 95
47 95
69 95
73 95
75 95
77 95
82 95
83 95
90 95
1 96
4 96
7 96
11 96
14 96
17 96
22 96
26 96
28 96
32 96
35 96
41 96
49 96
53 96
55 96
64 96
65 96
72 96
89 96
91 96
93 96
95 96
15 97
18 97
22 97
49 97
53 97
57 97
58 97
60 97
67 97
69 97
77 97
79 97
85 97
5 98
6 98
36 98
38 98
39 98
43 98
44 98
51 98
52 98
54 98
57 98
61 98
67 98
73 98
75 98
78 98
81 98
92 98
1 99
3 99
11 99
17 99
32 99
33 99
39 99
43 99
44 99
46 99
51 99
55 99
56 99
66 99
68 99
75 99
77 99
79 99
85 99
86 99
90 99
92 99
11 100
21 100
25 100
26 100
28 100
30 100
31 100
34 100
36 100
41 100
48 100
50 100
55 100
59 100
79 100
85 100
88 100
90 100
97 100
2 101
20 101
21 101
26 101
27 101
28 101
40 101
47 101
52 101
61 101
62 101
67 101
76 101
80 101
84 101
97 101
98 101
12 102
18 102
20 102
23 102
27 102
31 102
32 102
33 102
36 102
39 102
43 102
45 102
47 102
48 102
71 102
72 102
80 102
88 102
94 102
6 103
9 103
13 103
14 103
19 103
37 103
38 103
51 103
61 103
72 103
88 103
92 103
95 103
97 103
100 103
1 104
4 104
13 104
15 104
17 104
18 104
19 104
21 104
32 104
40 104
42 104
50 104
52 104
55 104
61 104
67 104
71 104
82 104
95 104
96 104
103 104
9 105
24 105
25 105
35 105
39 105
48 105
56 105
59 105
61 105
64 105
68 105
71 105
72 105
75 105
84 105
88 105
95 105
100 105
103 105
104 105
0 106
1 106
6 106
11 106
14 106
22 106
23 106
24 106
25 106
29 106
38 106
39 106
41 106
48 106
52 106
59 106
62 106
64 106
66 106
68 106
74 106
75 106
91 106
94 106
4 107
9 107
15 107
16 107
17 107
19 107
29 107
33 107
34 107
37 107
45 107
55 107
58 107
65 107
78 107
80 107
83 107
95 107
96 107
100 107
106 107
2 108
11 108
13 108
15 108
25 108
28 108
31 108
36 108
39 108
41 108
48 108
49 108
54 108
60 108
64 108
68 108
74 108
82 108
95 108
104 108
1 109
8 109
33 109
39 109
45 109
47 109
48 109
49 109
55 109
66 109
78 109
81 109
97 109
98 109
102 109
106 109
107 109
2 110
3 110
11 110
21 110
23 110
25 110
37 110
48 110
53 110
62 110
64 110
65 110
67 110
71 110
72 110
82 110
86 110
1 111
11 111
14 111
19 111
23 111
25 111
28 111
31 111
32 111
39 111
40 111
43 111
45 111
48 111
50 111
51 111
53 111
54 111
60 111
63 111
67 111
72 111
73 111
75 111
76 111
85 111
103 111
108 111
109 111
1 112
4 112
6 112
8 112
9 112
19 112
31 112
33 112
40 112
46 112
47 112
53 112
59 112
71 112
72 112
74 112
79 112
86 112
88 112
89 112
97 112
104 112
1 113
5 113
7 113
8 113
11 113
17 113
19 113
26 113
27 113
32 113
42 113
56 113
57 113
67 113
71 113
79 113
85 113
86 113
87 113
93 113
96 113
109 113
112 113
12 114
21 114
25 114
26 114
42 114
44 114
46 114
49 114
50 114
52 114
61 114
65 114
66 114
67 114
74 114
83 114
84 114
93 114
94 114
96 114
99 114
105 114
106 114
109 114
14 115
17 115
23 115
33 115
37 115
55 115
60 115
61 115
68 115
72 115
74 115
77 115
83 115
99 115
110 115
111 115
112 115
6 116
9 116
10 116
12 116
13 116
16 116
17 116
24 116
28 116
30 116
33 116
39 116
42 116
61 116
67 116
78 116
79 116
80 116
81 116
91 116
98 116
99 116
100 116
103 116
0 117
23 117
41 117
47 117
57 117
62 117
70 117
71 117
85 117
99 117
102 117
109 117
8 118
11 118
13 118
17 118
20 118
30 118
45 118
54 118
64 118
67 118
68 118
73 118
84 118
88 118
93 118
100 118
106 118
107 118
113 118
0 119
2 119
6 119
9 119
11 119
14 119
28 119
35 119
49 119
54 119
55 119
62 119
66 119
67 119
70 119
83 119
88 119
94 119
104 119
12 120
15 120
19 120
30 120
35 120
38 120
46 120
47 120
51 120
57 120
66 120
71 120
78 120
85 120
95 120
99 120
103 120
105 120
106 120
8 121
10 121
32 121
36 121
43 121
46 121
67 121
70 121
74 121
75 121
76 121
77 121
83 121
86 121
94 121
104 121
105 121
109 121
114 121
115 121
117 121
6 122
7 122
11 122
17 122
18 122
22 122
28 122
46 122
48 122
49 122
62 122
69 122
81 122
94 122
97 122
100 122
103 122
107 122
108 122
109 122
115 122
117 122
5 123
6 123
10 123
15 123
16 123
18 123
24 123
25 123
30 123
33 123
34 123
41 123
42 123
45 123
49 123
51 123
59 123
69 123
75 123
92 123
93 123
100 123
104 123
108 123
114 123
115 123
2 124
6 124
7 124
20 124
29 124
35 124
39 124
43 124
55 124
56 124
61 124
63 124
65 124
70 124
81 124
82 124
83 124
93 124
115 124
118 124
120 124
1 125
3 125
10 125
31 125
35 125
42 125
54 125
62 125
66 125
68 125
70 125
73 125
78 125
86 125
87 125
107 125
120 125
122 125
4 126
10 126
14 126
15 126
17 126
26 126
30 126
33 126
37 126
41 126
42 126
43 126
44 126
48 126
53 126
56 126
66 126
69 126
74 126
76 126
77 126
84 126
92 126
103 126
106 126
115 126
2 127
9 127
11 127
18 127
28 127
52 127
60 127
61 127
62 127
63 127
64 127
78 127
80 127
81 127
85 127
87 127
91 127
94 127
98 127
100 127
107 127
114 127
11 128
14 128
15 128
23 128
24 128
25 128
32 128
42 128
48 128
54 128
64 128
68 128
70 128
72 128
75 128
78 128
82 128
90 128
94 128
100 128
104 128
105 128
115 128
118 128
124 128
125 128
5 129
21 129
25 129
26 129
31 129
45 129
52 129
55 129
57 129
61 129
63 129
66 129
74 129
86 129
88 129
89 129
95 129
100 129
101 129
111 129
112 129
113 129
118 129
125 129
3 130
5 130
6 130
9 130
12 130
18 130
24 130
32 130
34 130
36 130
50 130
60 130
70 130
82 130
87 130
90 130
103 130
110 130
118 130
121 130
125 130
0 131
1 131
9 131
11 131
13 131
16 131
20 131
29 131
32 131
37 131
40 131
44 131
45 131
49 131
55 131
56 131
59 131
62 131
63 131
90 131
91 131
100 131
102 131
104 131
117 131
4 132
6 132
7 132
11 132
14 132
20 132
22 132
27 132
28 132
29 132
33 132
40 132
55 132
64 132
77 132
78 132
87 132
92 132
98 132
105 132
110 132
127 132
131 132
2 133
15 133
20 133
22 133
24 133
28 133
29 133
32 133
33 133
40 133
41 133
48 133
63 133
68 133
70 133
71 133
74 133
86 133
94 133
99 133
100 133
101 133
114 133
118 133
122 133
124 133
125 133
126 133
8 134
9 134
10 134
24 134
26 134
34 134
36 134
37 134
38 134
43 134
44 134
51 134
57 134
59 134
64 134
81 134
85 134
95 134
96 134
98 134
99 134
101 134
102 134
107 134
110 134
113 134
119 134
120 134
126 134
133 134
2 135
7 135
8 135
11 135
13 135
14 135
19 135
23 135
29 135
30 135
33 135
34 135
35 135
39 135
43 135
48 135
49 135
51 135
66 135
72 135
73 135
80 135
93 135
98 135
102 135
103 135
104 135
105 135
106 135
111 135
117 135
122 135
130 135
134 135
2 136
6 136
7 136
8 136
12 136
24 136
26 136
37 136
39 136
44 136
54 136
61 136
67 136
69 136
73 136
76 136
81 136
82 136
85 136
114 136
124 136
5 137
6 137
9 137
18 137
21 137
22 137
26 137
27 137
29 137
33 137
35 137
54 137
68 137
79 137
80 137
84 137
87 137
89 137
90 137
92 137
94 137
99 137
105 137
111 137
122 137
130 137
131 137
132 137
3 138
5 138
9 138
12 138
22 138
27 138
44 138
47 138
53 138
68 138
74 138
76 138
85 138
87 138
97 138
112 138
114 138
130 138
136 138
137 138
8 139
16 139
17 139
20 139
23 139
29 139
33 139
35 139
38 139
43 139
48 139
49 139
50 139
51 139
59 139
60 139
62 139
69 139
74 139
75 139
80 139
82 139
87 139
92 139
94 139
113 139
114 139
121 139
128 139
132 139
1 140
2 140
11 140
22 140
24 140
26 140
28 140
31 140
32 140
33 140
38 140
44 140
49 140
52 140
54 140
56 140
63 140
65 140
73 140
83 140
84 140
85 140
97 140
101 140
104 140
114 140
115 140
116 140
117 140
121 140
124 140
127 140
131 140
12 141
23 141
24 141
35 141
52 141
53 141
54 141
58 141
59 141
65 141
74 141
82 141
84 141
92 141
98 141
109 141
113 141
115 141
121 141
131 141
134 141
140 141
5 142
6 142
7 142
8 142
9 142
13 142
21 142
22 142
27 142
28 142
38 142
41 142
44 142
48 142
59 142
80 142
84 142
87 142
88 142
90 142
99 142
103 142
120 142
123 142
127 142
129 142
131 142
135 142
7 143
20 143
23 143
25 143
31 143
40 143
42 143
62 143
71 143
75 143
77 143
95 143
102 143
115 143
126 143
128 143
129 143
135 143
137 143
142 143
1 144
5 144
6 144
7 144
13 144
21 144
26 144
33 144
36 144
40 144
43 144
47 144
49 144
50 144
51 144
58 144
59 144
63 144
71 144
88 144
89 144
99 144
100 144
103 144
105 144
107 144
108 144
110 144
114 144
130 144
138 144
1 145
2 145
6 145
9 145
10 145
12 145
16 145
17 145
26 145
29 145
33 145
40 145
48 145
50 145
53 145
63 145
72 145
76 145
79 145
81 145
93 145
101 145
106 145
109 145
113 145
116 145
117 145
122 145
128 145
133 145
134 145
140 145
141 145
1 146
4 146
16 146
22 146
37 146
41 146
42 146
55 146
56 146
63 146
69 146
70 146
71 146
75 146
78 146
80 146
82 146
100 146
104 146
107 146
108 146
109 146
111 146
112 146
125 146
130 146
137 146
141 146
7 147
11 147
12 147
23 147
26 147
27 147
32 147
34 147
36 147
38 147
44 147
45 147
47 147
48 147
51 147
53 147
61 147
64 147
67 147
68 147
72 147
90 147
92 147
98 147
101 147
104 147
111 147
112 147
116 147
125 147
126 147
131 147
136 147
138 147
143 147
12 148
13 148
20 148
30 148
31 148
36 148
42 148
43 148
51 148
56 148
68 148
69 148
81 148
93 148
96 148
97 148
105 148
112 148
113 148
122 148
126 148
129 148
130 148
136 148
142 148
143 148
2 149
5 149
11 149
25 149
32 149
37 149
44 149
55 149
61 149
68 149
75 149
77 149
82 149
91 149
94 149
95 149
97 149
99 149
104 149
109 149
112 149
117 149
120 149
124 149
125 149
126 149
127 149
128 149
135 149
137 149
142 149
3 150
6 150
8 150
13 150
22 150
33 150
34 150
35 150
41 150
49 150
52 150
57 150
60 150
65 150
68 150
70 150
74 150
76 150
77 150
93 150
103 150
104 150
109 150
113 150
128 150
132 150
139 150
145 150
147 150
10 151
11 151
14 151
21 151
26 151
27 151
31 151
35 151
36 151
39 151
42 151
48 151
50 151
56 151
57 151
68 151
69 151
73 151
75 151
88 151
99 151
108 151
109 151
113 151
124 151
125 151
139 151
142 151
143 151
146 151
2 152
11 152
16 152
20 152
21 152
27 152
42 152
43 152
46 152
54 152
57 152
58 152
61 152
79 152
90 152
99 152
106 152
108 152
110 152
111 152
119 152
143 152
146 152
150 152
1 153
3 153
16 153
25 153
27 153
29 153
34 153
61 153
65 153
66 153
70 153
79 153
83 153
92 153
94 153
99 153
104 153
107 153
113 153
125 153
127 153
133 153
134 153
135 153
141 153
142 153
143 153
146 153
148 153
150 153
151 153
2 154
13 154
15 154
18 154
23 154
36 154
38 154
46 154
56 154
58 154
63 154
68 154
71 154
73 154
79 154
92 154
94 154
95 154
100 154
102 154
109 154
114 154
118 154
120 154
129 154
131 154
139 154
143 154
148 154
1 155
7 155
41 155
53 155
58 155
59 155
61 155
66 155
67 155
68 155
71 155
72 155
73 155
74 155
86 155
88 155
96 155
99 155
101 155
102 155
111 155
117 155
127 155
133 155
140 155
13 156
17 156
19 156
20 156
22 156
32 156
33 156
35 156
36 156
37 156
59 156
60 156
64 156
65 156
67 156
69 156
92 156
94 156
100 156
103 156
104 156
115 156
122 156
132 156
135 156
139 156
141 156
142 156
145 156
153 156
13 157
25 157
29 157
40 157
47 157
56 157
58 157
80 157
84 157
87 157
89 157
92 157
93 157
106 157
107 157
118 157
121 157
122 157
124 157
125 157
129 157
132 157
133 157
135 157
140 157
141 157
143 157
148 157
155 157
0 158
4 158
15 158
16 158
26 158
29 158
32 158
36 158
37 158
42 158
48 158
49 158
61 158
65 158
66 158
78 158
81 158
84 158
85 158
88 158
89 158
98 158
101 158
105 158
110 158
112 158
114 158
119 158
120 158
135 158
140 158
141 158
143 158
146 158
148 158
150 158
151 158
154 158
156 158
8 159
14 159
21 159
22 159
23 159
29 159
37 159
44 159
54 159
55 159
60 159
61 159
71 159
91 159
93 159
109 159
110 159
113 159
122 159
125 159
128 159
133 159
140 159
145 159
155 159
158 159
0 160
2 160
17 160
24 160
25 160
27 160
38 160
41 160
42 160
45 160
51 160
53 160
56 160
61 160
70 160
71 160
75 160
78 160
79 160
80 160
83 160
91 160
96 160
110 160
112 160
122 160
131 160
134 160
144 160
5 161
9 161
25 161
26 161
29 161
33 161
37 161
38 161
44 161
48 161
50 161
54 161
56 161
63 161
73 161
78 161
82 161
93 161
99 161
105 161
107 161
108 161
117 161
122 161
130 161
138 161
146 161
156 161
159 161
0 162
3 162
10 162
11 162
21 162
24 162
25 162
32 162
44 162
46 162
53 162
58 162
59 162
84 162
88 162
103 162
104 162
115 162
116 162
118 162
123 162
125 162
132 162
134 162
136 162
147 162
148 162
156 162
159 162
160 162
161 162
1 163
7 163
12 163
16 163
17 163
19 163
28 163
34 163
40 163
42 163
60 163
65 163
74 163
78 163
91 163
108 163
109 163
131 163
137 163
138 163
143 163
144 163
150 163
151 163
155 163
158 163
160 163
7 164
8 164
12 164
33 164
37 164
38 164
48 164
53 164
54 164
61 164
70 164
72 164
82 164
86 164
87 164
89 164
92 164
96 164
105 164
106 164
112 164
114 164
120 164
131 164
143 164
147 164
156 164
162 164
0 165
1 165
4 165
8 165
20 165
21 165
22 165
33 165
34 165
62 165
67 165
68 165
69 165
75 165
78 165
79 165
85 165
96 165
101 165
102 165
103 165
109 165
123 165
124 165
137 165
141 165
142 165
147 165
154 165
159 165
160 165
4 166
8 166
10 166
27 166
28 166
33 166
34 166
40 166
44 166
54 166
57 166
70 166
76 166
80 166
83 166
94 166
98 166
104 166
108 166
115 166
128 166
129 166
134 166
138 166
140 166
141 166
144 166
151 166
158 166
162 166
2 167
6 167
7 167
15 167
24 167
26 167
31 167
35 167
57 167
58 167
60 167
67 167
69 167
70 167
71 167
77 167
78 167
79 167
85 167
89 167
91 167
95 167
96 167
99 167
107 167
111 167
120 167
123 167
128 167
130 167
136 167
148 167
150 167
151 167
153 167
166 167
14 168
24 168
31 168
34 168
36 168
44 168
45 168
51 168
52 168
69 168
73 168
75 168
92 168
103 168
105 168
107 168
111 168
116 168
126 168
130 168
134 168
135 168
138 168
143 168
144 168
150 168
156 168
164 168
2 169
11 169
13 169
15 169
19 169
26 169
27 169
38 169
51 169
62 169
64 169
75 169
94 169
95 169
96 169
109 169
114 169
115 169
120 169
129 169
143 169
148 169
149 169
151 169
161 169
163 169
0 170
12 170
20 170
26 170
27 170
36 170
38 170
40 170
43 170
50 170
56 170
69 170
71 170
72 170
73 170
86 170
88 170
104 170
106 170
107 170
112 170
135 170
140 170
142 170
143 170
148 170
154 170
159 170
160 170
161 170
166 170
168 170
9 171
10 171
23 171
24 171
25 171
32 171
38 171
56 171
63 171
65 171
70 171
71 171
77 171
78 171
83 171
88 171
100 171
104 171
106 171
109 171
114 171
115 171
117 171
122 171
125 171
127 171
132 171
139 171
141 171
142 171
145 171
148 171
154 171
157 171
158 171
161 171
165 171
167 171
170 171
0 172
1 172
2 172
5 172
11 172
18 172
22 172
27 172
28 172
34 172
38 172
41 172
44 172
53 172
54 172
64 172
65 172
68 172
69 172
72 172
74 172
79 172
80 172
82 172
95 172
96 172
100 172
108 172
112 172
119 172
121 172
123 172
124 172
133 172
134 172
136 172
141 172
142 172
143 172
146 172
154 172
155 172
2 173
12 173
15 173
16 173
20 173
23 173
33 173
34 173
47 173
50 173
56 173
61 173
67 173
71 173
77 173
82 173
83 173
85 173
87 173
89 173
98 173
102 173
103 173
107 173
108 173
115 173
116 173
145 173
150 173
156 173
161 173
1 174
27 174
34 174
39 174
62 174
66 174
70 174
75 174
81 174
83 174
85 174
86 174
90 174
97 174
100 174
101 174
102 174
106 174
113 174
125 174
128 174
133 174
143 174
149 174
155 174
166 174
1 175
2 175
7 175
9 175
12 175
15 175
20 175
22 175
23 175
32 175
33 175
37 175
39 175
50 175
51 175
58 175
59 175
68 175
73 175
80 175
81 175
85 175
87 175
89 175
101 175
102 175
110 175
114 175
126 175
138 175
143 175
145 175
147 175
151 175
154 175
155 175
156 175
157 175
159 175
162 175
167 175
11 176
13 176
14 176
22 176
36 176
38 176
42 176
43 176
55 176
56 176
64 176
67 176
74 176
76 176
78 176
79 176
89 176
104 176
110 176
120 176
128 176
129 176
130 176
147 176
149 176
150 176
153 176
154 176
2 177
12 177
34 177
36 177
37 177
43 177
50 177
52 177
53 177
63 177
64 177
65 177
68 177
76 177
81 177
82 177
84 177
93 177
96 177
97 177
100 177
108 177
109 177
110 177
115 177
132 177
142 177
165 177
167 177
170 177
171 177
175 177
7 178
27 178
30 178
34 178
35 178
41 178
42 178
52 178
57 178
58 178
68 178
83 178
88 178
95 178
100 178
109 178
111 178
121 178
122 178
125 178
131 178
133 178
136 178
140 178
148 178
156 178
159 178
160 178
166 178
170 178
176 178
13 179
21 179
25 179
27 179
30 179
36 179
38 179
46 179
48 179
56 179
60 179
66 179
76 179
77 179
78 179
79 179
82 179
86 179
88 179
90 179
94 179
96 179
100 179
101 179
107 179
117 179
121 179
128 179
130 179
132 179
137 179
140 179
144 179
150 179
155 179
156 179
159 179
160 179
162 179
166 179
172 179
2 180
7 180
15 180
23 180
33 180
36 180
39 180
42 180
43 180
44 180
51 180
59 180
61 180
68 180
72 180
73 180
76 180
80 180
82 180
90 180
95 180
98 180
101 180
106 180
113 180
116 180
123 180
128 180
131 180
135 180
138 180
142 180
143 180
148 180
151 180
154 180
173 180
0 181
8 181
20 181
23 181
24 181
33 181
37 181
39 181
40 181
44 181
45 181
50 181
54 181
61 181
66 181
67 181
71 181
78 181
83 181
92 181
96 181
114 181
116 181
129 181
143 181
144 181
146 181
159 181
161 181
165 181
167 181
173 181
2 182
3 182
7 182
8 182
13 182
15 182
17 182
18 182
23 182
30 182
38 182
47 182
50 182
55 182
59 182
60 182
61 182
69 182
76 182
78 182
82 182
84 182
85 182
93 182
96 182
102 182
104 182
107 182
127 182
138 182
141 182
143 182
153 182
157 182
163 182
178 182
0 183
2 183
3 183
16 183
22 183
25 183
31 183
34 183
35 183
49 183
53 183
56 183
58 183
72 183
79 183
85 183
91 183
92 183
102 183
106 183
111 183
123 183
124 183
126 183
127 183
131 183
136 183
151 183
152 183
163 183
166 183
169 183
176 183
178 183
180 183
2 184
5 184
9 184
11 184
21 184
27 184
29 184
45 184
55 184
63 184
65 184
72 184
76 184
77 184
91 184
94 184
99 184
102 184
103 184
106 184
109 184
112 184
113 184
115 184
117 184
122 184
123 184
124 184
125 184
127 184
129 184
133 184
136 184
140 184
158 184
161 184
162 184
169 184
1 185
8 185
9 185
10 185
11 185
24 185
25 185
33 185
35 185
54 185
58 185
62 185
68 185
78 185
79 185
85 185
86 185
90 185
94 185
97 185
98 185
110 185
112 185
113 185
117 185
124 185
125 185
134 185
136 185
142 185
153 185
155 185
162 185
164 185
166 185
167 185
175 185
182 185
3 186
5 186
6 186
8 186
9 186
14 186
17 186
26 186
30 186
32 186
35 186
37 186
49 186
56 186
58 186
62 186
64 186
68 186
79 186
80 186
82 186
85 186
91 186
99 186
110 186
122 186
126 186
130 186
136 186
141 186
150 186
154 186
155 186
157 186
168 186
172 186
173 186
183 186
3 187
4 187
13 187
17 187
19 187
20 187
23 187
29 187
32 187
33 187
38 187
41 187
43 187
44 187
50 187
53 187
54 187
55 187
64 187
65 187
67 187
70 187
72 187
78 187
82 187
86 187
99 187
108 187
109 187
122 187
124 187
132 187
134 187
136 187
137 187
141 187
143 187
146 187
149 187
171 187
185 187
0 188
6 188
17 188
28 188
29 188
31 188
33 188
39 188
40 188
51 188
54 188
62 188
65 188
69 188
80 188
81 188
84 188
91 188
106 188
111 188
114 188
124 188
133 188
144 188
147 188
151 188
152 188
153 188
154 188
164 188
167 188
179 188
180 188
183 188
186 188
0 189
3 189
6 189
10 189
14 189
16 189
18 189
27 189
40 189
41 189
44 189
55 189
56 189
57 189
64 189
65 189
69 189
70 189
75 189
77 189
78 189
81 189
84 189
93 189
95 189
101 189
103 189
117 189
123 189
134 189
135 189
146 189
147 189
152 189
155 189
163 189
164 189
165 189
167 189
169 189
172 189
174 189
178 189
179 189
181 189
185 189
7 190
9 190
25 190
31 190
39 190
52 190
53 190
55 190
80 190
82 190
83 190
89 190
96 190
103 190
108 190
113 190
114 190
128 190
133 190
134 190
148 190
154 190
156 190
164 190
169 190
171 190
175 190
184 190
3 191
4 191
7 191
20 191
24 191
25 191
26 191
29 191
32 191
37 191
38 191
44 191
47 191
56 191
58 191
63 191
64 191
66 191
69 191
72 191
78 191
85 191
86 191
97 191
99 191
102 191
104 191
110 191
120 191
122 191
123 191
125 191
126 191
130 191
131 191
134 191
137 191
138 191
146 191
147 191
153 191
156 191
158 191
160 191
171 191
172 191
179 191
3 192
4 192
7 192
9 192
14 192
20 192
21 192
34 192
45 192
53 192
57 192
60 192
62 192
63 192
65 192
70 192
73 192
75 192
78 192
79 192
86 192
98 192
104 192
107 192
111 192
115 192
118 192
125 192
132 192
134 192
138 192
139 192
143 192
148 192
153 192
159 192
163 192
168 192
170 192
172 192
177 192
179 192
180 192
185 192
188 192
189 192
190 192
191 192
6 193
7 193
12 193
15 193
30 193
31 193
34 193
36 193
45 193
55 193
71 193
74 193
83 193
87 193
88 193
98 193
104 193
108 193
122 193
135 193
140 193
148 193
156 193
160 193
164 193
172 193
176 193
180 193
187 193
191 193
5 194
6 194
7 194
10 194
11 194
13 194
14 194
15 194
37 194
39 194
41 194
49 194
50 194
53 194
55 194
61 194
63 194
64 194
68 194
80 194
84 194
89 194
100 194
111 194
116 194
117 194
118 194
124 194
128 194
132 194
138 194
139 194
142 194
159 194
172 194
175 194
177 194
179 194
184 194
186 194
190 194
192 194
0 195
1 195
2 195
11 195
12 195
17 195
25 195
31 195
41 195
47 195
54 195
55 195
59 195
68 195
75 195
84 195
86 195
89 195
94 195
97 195
101 195
105 195
107 195
108 195
113 195
115 195
118 195
120 195
124 195
131 195
133 195
134 195
147 195
148 195
155 195
156 195
158 195
159 195
161 195
162 195
164 195
169 195
171 195
180 195
187 195
194 195
3 196
16 196
42 196
43 196
44 196
46 196
48 196
49 196
61 196
64 196
66 196
67 196
68 196
69 196
75 196
79 196
80 196
82 196
86 196
90 196
93 196
103 196
107 196
108 196
114 196
119 196
136 196
144 196
145 196
146 196
153 196
154 196
156 196
157 196
161 196
164 196
180 196
195 196
0 197
4 197
7 197
8 197
10 197
11 197
18 197
25 197
51 197
60 197
67 197
71 197
73 197
97 197
104 197
109 197
114 197
117 197
120 197
123 197
125 197
133 197
136 197
157 197
169 197
170 197
179 197
184 197
187 197
190 197
191 197
192 197
194 197
0 198
1 198
3 198
7 198
12 198
18 198
22 198
28 198
29 198
36 198
37 198
51 198
54 198
59 198
60 198
61 198
67 198
72 198
76 198
83 198
89 198
123 198
132 198
134 198
137 198
144 198
146 198
150 198
155 198
158 198
159 198
172 198
190 198
3 199
4 199
7 199
10 199
21 199
30 199
33 199
34 199
47 199
49 199
55 199
57 199
74 199
81 199
88 199
93 199
101 199
115 199
122 199
135 199
146 199
148 199
165 199
169 199
171 199
173 199
176 199
185 199
192 199
196 199
198 199
5 200
12 200
13 200
22 200
27 200
35 200
45 200
46 200
52 200
53 200
57 200
60 200
67 200
74 200
85 200
89 200
93 200
94 200
96 200
97 200
103 200
104 200
110 200
115 200
136 200
141 200
145 200
148 200
151 200
162 200
163 200
170 200
173 200
178 200
182 200
184 200
185 200
187 200
189 200
190 200
193 200
196 200
197 200
9 201
11 201
13 201
15 201
17 201
20 201
23 201
27 201
31 201
32 201
34 201
36 201
55 201
56 201
58 201
62 201
66 201
73 201
77 201
79 201
80 201
90 201
92 201
93 201
96 201
105 201
120 201
121 201
128 201
130 201
135 201
137 201
139 201
145 201
154 201
155 201
161 201
163 201
165 201
167 201
175 201
176 201
177 201
179 201
182 201
184 201
185 201
189 201
196 201
197 201
200 201
1 202
10 202
15 202
24 202
29 202
38 202
50 202
51 202
54 202
55 202
62 202
64 202
70 202
73 202
74 202
75 202
81 202
83 202
87 202
89 202
91 202
94 202
100 202
101 202
104 202
115 202
116 202
119 202
122 202
128 202
129 202
133 202
137 202
140 202
142 202
144 202
148 202
150 202
156 202
161 202
163 202
164 202
166 202
173 202
175 202
177 202
178 202
183 202
186 202
188 202
192 202
196 202
2 203
6 203
8 203
9 203
13 203
16 203
21 203
28 203
32 203
35 203
47 203
49 203
53 203
56 203
67 203
71 203
74 203
77 203
89 203
90 203
91 203
93 203
95 203
108 203
111 203
115 203
120 203
122 203
123 203
134 203
153 203
154 203
158 203
162 203
179 203
181 203
182 203
186 203
193 203
194 203
197 203
5 204
9 204
10 204
16 204
18 204
20 204
23 204
30 204
31 204
39 204
41 204
42 204
49 204
52 204
59 204
62 204
65 204
73 204
81 204
86 204
88 204
90 204
92 204
94 204
95 204
104 204
105 204
109 204
112 204
118 204
124 204
125 204
128 204
129 204
130 204
132 204
134 204
140 204
144 204
151 204
153 204
158 204
159 204
160 204
161 204
162 204
172 204
174 204
175 204
177 204
179 204
181 204
200 204
201 204
0 205
4 205
8 205
13 205
16 205
28 205
33 205
37 205
40 205
44 205
49 205
53 205
54 205
60 205
61 205
62 205
64 205
80 205
88 205
93 205
96 205
98 205
99 205
100 205
106 205
114 205
117 205
127 205
129 205
133 205
140 205
142 205
144 205
153 205
154 205
164 205
169 205
176 205
180 205
182 205
185 205
189 205
195 205
198 205
202 205
203 205
0 206
6 206
18 206
29 206
31 206
33 206
36 206
37 206
42 206
44 206
55 206
76 206
92 206
104 206
107 206
118 206
119 206
123 206
125 206
136 206
139 206
140 206
142 206
143 206
147 206
148 206
171 206
190 206
191 206
192 206
204 206
1 207
2 207
7 207
10 207
11 207
27 207
28 207
31 207
35 207
44 207
46 207
49 207
59 207
69 207
82 207
85 207
89 207
113 207
119 207
130 207
131 207
135 207
137 207
138 207
146 207
150 207
153 207
159 207
162 207
163 207
166 207
167 207
169 207
171 207
172 207
181 207
191 207
200 207
201 207
205 207
5 208
7 208
10 208
12 208
17 208
22 208
26 208
31 208
33 208
37 208
47 208
49 208
52 208
55 208
58 208
59 208
60 208
61 208
62 208
70 208
76 208
100 208
102 208
104 208
111 208
115 208
120 208
124 208
125 208
126 208
139 208
142 208
143 208
153 208
157 208
162 208
183 208
184 208
187 208
200 208
203 208
204 208
205 208
206 208
6 209
7 209
11 209
15 209
19 209
23 209
26 209
28 209
32 209
38 209
44 209
46 209
47 209
55 209
58 209
64 209
77 209
79 209
86 209
94 209
100 209
103 209
104 209
106 209
117 209
118 209
123 209
127 209
133 209
140 209
142 209
144 209
145 209
153 209
163 209
166 209
169 209
171 209
172 209
173 209
177 209
179 209
185 209
186 209
194 209
200 209
0 210
11 210
24 210
25 210
26 210
32 210
36 210
55 210
59 210
63 210
75 210
83 210
98 210
105 210
106 210
110 210
116 210
120 210
125 210
131 210
138 210
139 210
142 210
146 210
152 210
160 210
167 210
168 210
169 210
176 210
181 210
191 210
206 210
3 211
16 211
24 211
28 211
30 211
32 211
39 211
41 211
42 211
46 211
49 211
50 211
55 211
57 211
60 211
69 211
70 211
74 211
76 211
77 211
78 211
82 211
90 211
93 211
97 211
103 211
105 211
110 211
122 211
127 211
135 211
142 211
143 211
150 211
154 211
157 211
169 211
170 211
174 211
177 211
182 211
187 211
188 211
201 211
203 211
204 211
208 211
210 211
6 212
12 212
16 212
25 212
26 212
29 212
35 212
37 212
39 212
52 212
55 212
56 212
57 212
71 212
77 212
82 212
83 212
87 212
90 212
92 212
93 212
101 212
103 212
108 212
113 212
121 212
125 212
127 212
132 212
146 212
151 212
158 212
160 212
175 212
176 212
177 212
183 212
189 212
192 212
193 212
201 212
205 212
211 212
1 213
2 213
8 213
21 213
42 213
43 213
52 213
64 213
67 213
74 213
83 213
90 213
96 213
107 213
111 213
114 213
115 213
124 213
126 213
127 213
136 213
144 213
146 213
147 213
160 213
166 213
173 213
179 213
184 213
189 213
192 213
198 213
199 213
207 213
212 213
1 214
4 214
8 214
17 214
22 214
26 214
30 214
31 214
38 214
41 214
57 214
58 214
65 214
68 214
69 214
76 214
80 214
82 214
84 214
88 214
111 214
119 214
120 214
124 214
136 214
137 214
144 214
154 214
160 214
168 214
198 214
200 214
212 214
2 215
5 215
10 215
14 215
17 215
20 215
21 215
26 215
32 215
34 215
36 215
45 215
55 215
57 215
58 215
59 215
61 215
62 215
63 215
67 215
68 215
75 215
80 215
85 215
88 215
89 215
90 215
96 215
101 215
102 215
105 215
107 215
109 215
110 215
111 215
113 215
117 215
119 215
121 215
127 215
131 215
139 215
141 215
160 215
163 215
175 215
178 215
180 215
187 215
194 215
198 215
200 215
212 215
214 215
4 216
6 216
10 216
19 216
20 216
21 216
23 216
35 216
36 216
37 216
38 216
47 216
50 216
55 216
61 216
64 216
80 216
85 216
97 216
98 216
99 216
100 216
113 216
119 216
130 216
139 216
142 216
143 216
147 216
154 216
155 216
161 216
164 216
169 216
182 216
183 216
194 216
198 216
200 216
215 216
4 217
5 217
9 217
14 217
18 217
19 217
22 217
33 217
37 217
38 217
39 217
44 217
50 217
53 217
55 217
69 217
76 217
83 217
91 217
93 217
94 217
97 217
99 217
107 217
113 217
116 217
118 217
122 217
123 217
127 217
132 217
142 217
143 217
144 217
145 217
147 217
152 217
155 217
170 217
174 217
179 217
187 217
200 217
7 218
8 218
12 218
15 218
18 218
37 218
47 218
50 218
52 218
55 218
64 218
65 218
74 218
90 218
95 218
101 218
111 218
112 218
128 218
129 218
130 218
139 218
148 218
166 218
167 218
171 218
175 218
184 218
187 218
192 218
200 218
217 218
3 219
27 219
36 219
38 219
41 219
48 219
51 219
55 219
69 219
70 219
71 219
72 219
73 219
74 219
80 219
81 219
82 219
88 219
89 219
94 219
97 219
100 219
102 219
106 219
127 219
130 219
138 219
147 219
148 219
153 219
160 219
164 219
169 219
175 219
180 219
189 219
195 219
204 219
207 219
208 219
7 220
8 220
9 220
11 220
12 220
13 220
14 220
16 220
30 220
33 220
41 220
45 220
50 220
53 220
57 220
62 220
66 220
67 220
75 220
80 220
87 220
88 220
91 220
97 220
98 220
101 220
102 220
106 220
108 220
109 220
110 220
120 220
131 220
139 220
146 220
148 220
149 220
153 220
154 220
159 220
162 220
176 220
178 220
183 220
194 220
197 220
201 220
203 220
209 220
211 220
219 220
1 221
5 221
6 221
14 221
19 221
31 221
35 221
37 221
38 221
42 221
44 221
48 221
49 221
55 221
57 221
59 221
60 221
72 221
77 221
82 221
86 221
92 221
102 221
103 221
104 221
105 221
106 221
110 221
123 221
126 221
128 221
130 221
136 221
137 221
138 221
139 221
141 221
148 221
149 221
174 221
180 221
182 221
189 221
191 221
197 221
213 221
214 221
216 221
1 222
4 222
5 222
14 222
15 222
16 222
24 222
26 222
29 222
31 222
32 222
44 222
61 222
62 222
63 222
76 222
79 222
81 222
90 222
96 222
99 222
103 222
106 222
111 222
116 222
124 222
126 222
128 222
136 222
139 222
149 222
151 222
155 222
156 222
161 222
164 222
179 222
194 222
195 222
196 222
201 222
217 222
218 222
221 222
9 223
13 223
14 223
28 223
34 223
35 223
40 223
48 223
54 223
64 223
66 223
69 223
88 223
92 223
95 223
98 223
99 223
103 223
105 223
109 223
111 223
113 223
116 223
124 223
125 223
126 223
139 223
143 223
145 223
146 223
148 223
149 223
153 223
156 223
158 223
160 223
171 223
177 223
180 223
189 223
200 223
208 223
2 224
3 224
4 224
11 224
13 224
17 224
19 224
25 224
31 224
35 224
36 224
37 224
42 224
56 224
72 224
74 224
76 224
83 224
85 224
86 224
99 224
103 224
107 224
108 224
114 224
116 224
117 224
125 224
127 224
133 224
135 224
138 224
139 224
152 224
157 224
158 224
160 224
162 224
164 224
175 224
183 224
193 224
198 224
217 224
219 224
13 225
14 225
19 225
26 225
31 225
34 225
41 225
44 225
58 225
61 225
64 225
65 225
69 225
74 225
78 225
80 225
82 225
88 225
96 225
100 225
106 225
109 225
116 225
119 225
133 225
134 225
139 225
141 225
148 225
150 225
151 225
153 225
171 225
182 225
189 225
199 225
201 225
203 225
210 225
213 225
219 225
4 226
9 226
16 226
24 226
28 226
33 226
35 226
37 226
42 226
49 226
50 226
52 226
71 226
74 226
82 226
98 226
110 226
114 226
117 226
121 226
127 226
133 226
141 226
145 226
148 226
151 226
153 226
155 226
163 226
167 226
171 226
174 226
183 226
186 226
187 226
188 226
191 226
209 226
4 227
5 227
10 227
11 227
12 227
18 227
19 227
20 227
22 227
24 227
26 227
27 227
35 227
45 227
58 227
78 227
85 227
93 227
94 227
97 227
104 227
105 227
110 227
115 227
117 227
124 227
125 227
132 227
135 227
140 227
141 227
144 227
161 227
169 227
175 227
181 227
186 227
189 227
190 227
199 227
201 227
206 227
209 227
214 227
219 227
0 228
4 228
10 228
22 228
33 228
35 228
48 228
54 228
58 228
63 228
71 228
84 228
86 228
89 228
92 228
102 228
107 228
108 228
111 228
119 228
135 228
140 228
143 228
146 228
150 228
160 228
162 228
163 228
172 228
174 228
175 228
177 228
184 228
188 228
189 228
192 228
199 228
201 228
209 228
212 228
215 228
217 228
219 228
221 228
9 229
16 229
22 229
24 229
26 229
27 229
37 229
39 229
49 229
60 229
69 229
102 229
110 229
117 229
124 229
138 229
140 229
141 229
145 229
150 229
152 229
155 229
161 229
166 229
177 229
183 229
188 229
191 229
201 229
204 229
205 229
211 229
212 229
222 229
228 229
6 230
7 230
18 230
20 230
22 230
26 230
31 230
40 230
43 230
53 230
56 230
67 230
75 230
88 230
97 230
107 230
111 230
120 230
122 230
125 230
127 230
134 230
135 230
151 230
153 230
154 230
156 230
164 230
165 230
179 230
188 230
209 230
210 230
211 230
212 230
226 230
229 230
0 231
18 231
21 231
36 231
39 231
40 231
55 231
57 231
67 231
73 231
78 231
83 231
85 231
86 231
95 231
98 231
102 231
109 231
111 231
118 231
127 231
129 231
151 231
165 231
173 231
181 231
183 231
187 231
188 231
197 231
207 231
214 231
215 231
217 231
222 231
226 231
2 232
8 232
10 232
13 232
25 232
26 232
27 232
31 232
58 232
64 232
69 232
74 232
77 232
84 232
85 232
93 232
118 232
127 232
128 232
142 232
144 232
148 232
159 232
160 232
163 232
166 232
170 232
172 232
176 232
180 232
182 232
185 232
190 232
203 232
206 232
214 232
215 232
219 232
220 232
14 233
15 233
23 233
24 233
25 233
36 233
45 233
48 233
69 233
73 233
74 233
81 233
85 233
96 233
97 233
110 233
122 233
129 233
131 233
135 233
143 233
146 233
170 233
181 233
189 233
191 233
194 233
204 233
209 233
211 233
215 233
225 233
3 234
11 234
16 234
17 234
22 234
27 234
28 234
30 234
37 234
44 234
47 234
63 234
65 234
70 234
75 234
84 234
87 234
91 234
94 234
95 234
101 234
104 234
105 234
111 234
115 234
127 234
128 234
131 234
139 234
141 234
145 234
146 234
147 234
150 234
159 234
177 234
185 234
186 234
192 234
196 234
201 234
215 234
217 234
224 234
228 234
232 234
13 235
14 235
25 235
26 235
29 235
32 235
33 235
39 235
50 235
52 235
53 235
55 235
57 235
61 235
64 235
69 235
71 235
75 235
79 235
96 235
114 235
125 235
133 235
135 235
138 235
142 235
150 235
151 235
156 235
161 235
163 235
169 235
170 235
173 235
177 235
178 235
186 235
188 235
202 235
211 235
216 235
217 235
218 235
221 235
226 235
231 235
14 236
22 236
25 236
35 236
38 236
54 236
57 236
62 236
69 236
70 236
82 236
90 236
93 236
94 236
103 236
108 236
117 236
125 236
127 236
129 236
130 236
132 236
136 236
139 236
142 236
144 236
148 236
150 236
156 236
162 236
168 236
174 236
183 236
196 236
202 236
203 236
207 236
217 236
218 236
220 236
221 236
225 236
228 236
230 236
234 236
235 236
3 237
9 237
13 237
14 237
18 237
35 237
46 237
49 237
54 237
63 237
64 237
72 237
74 237
78 237
81 237
94 237
102 237
105 237
107 237
110 237
111 237
113 237
123 237
126 237
127 237
134 237
138 237
139 237
140 237
141 237
144 237
148 237
155 237
159 237
172 237
177 237
183 237
188 237
190 237
195 237
199 237
217 237
220 237
223 237
233 237
3 238
11 238
17 238
18 238
28 238
35 238
36 238
40 238
42 238
45 238
54 238
55 238
63 238
66 238
67 238
81 238
86 238
90 238
94 238
99 238
107 238
108 238
111 238
112 238
117 238
122 238
125 238
126 238
131 238
134 238
141 238
152 238
153 238
164 238
170 238
172 238
185 238
189 238
192 238
198 238
200 238
212 238
215 238
222 238
224 238
227 238
228 238
231 238
233 238
234 238
235 238
2 239
3 239
5 239
14 239
15 239
24 239
26 239
32 239
41 239
51 239
52 239
60 239
67 239
75 239
76 239
86 239
100 239
101 239
102 239
111 239
116 239
118 239
119 239
120 239
134 239
145 239
146 239
147 239
148 239
151 239
152 239
161 239
171 239
176 239
180 239
182 239
189 239
196 239
199 239
200 239
206 239
210 239
223 239
229 239
231 239
233 239
235 239
236 239
3 240
13 240
18 240
22 240
25 240
26 240
28 240
40 240
58 240
63 240
64 240
66 240
71 240
74 240
76 240
77 240
80 240
84 240
89 240
96 240
97 240
98 240
99 240
100 240
101 240
105 240
107 240
109 240
110 240
124 240
137 240
151 240
164 240
165 240
167 240
177 240
180 240
186 240
189 240
194 240
205 240
206 240
207 240
221 240
228 240
237 240
3 241
4 241
5 241
6 241
7 241
12 241
16 241
26 241
27 241
29 241
34 241
36 241
39 241
42 241
44 241
46 241
64 241
88 241
97 241
107 241
108 241
112 241
126 241
128 241
132 241
133 241
134 241
142 241
149 241
151 241
172 241
173 241
174 241
183 241
186 241
198 241
199 241
203 241
205 241
209 241
213 241
214 241
219 241
224 241
230 241
234 241
235 241
9 242
15 242
16 242
22 242
25 242
30 242
39 242
40 242
41 242
56 242
58 242
64 242
73 242
75 242
94 242
96 242
100 242
101 242
105 242
111 242
116 242
117 242
124 242
126 242
128 242
129 242
145 242
147 242
148 242
149 242
156 242
158 242
164 242
170 242
183 242
190 242
192 242
201 242
207 242
211 242
228 242
238 242
241 242
0 243
7 243
8 243
10 243
12 243
19 243
20 243
26 243
28 243
32 243
34 243
40 243
42 243
43 243
48 243
50 243
61 243
66 243
75 243
90 243
93 243
98 243
110 243
111 243
115 243
123 243
126 243
131 243
134 243
140 243
146 243
149 243
153 243
156 243
164 243
165 243
168 243
169 243
176 243
178 243
179 243
180 243
193 243
210 243
215 243
216 243
217 243
220 243
221 243
225 243
238 243
239 243
240 243
0 244
1 244
14 244
18 244
20 244
22 244
38 244
43 244
61 244
66 244
72 244
74 244
83 244
89 244
90 244
92 244
93 244
96 244
99 244
103 244
106 244
107 244
119 244
129 244
135 244
138 244
143 244
147 244
149 244
150 244
152 244
155 244
157 244
164 244
173 244
178 244
180 244
199 244
201 244
204 244
210 244
213 244
214 244
221 244
224 244
228 244
233 244
234 244
236 244
239 244
9 245
10 245
14 245
15 245
20 245
21 245
29 245
31 245
32 245
37 245
39 245
45 245
46 245
48 245
58 245
60 245
63 245
66 245
72 245
74 245
75 245
76 245
81 245
88 245
101 245
107 245
113 245
115 245
120 245
124 245
128 245
135 245
146 245
148 245
152 245
154 245
155 245
158 245
160 245
165 245
177 245
190 245
191 245
198 245
201 245
209 245
214 245
219 245
226 245
229 245
230 245
233 245
235 245
242 245
243 245
3 246
8 246
19 246
20 246
22 246
36 246
41 246
49 246
66 246
68 246
74 246
75 246
76 246
91 246
106 246
113 246
115 246
120 246
126 246
131 246
132 246
135 246
139 246
148 246
156 246
173 246
187 246
190 246
201 246
202 246
205 246
210 246
212 246
217 246
221 246
234 246
235 246
0 247
8 247
20 247
23 247
25 247
30 247
34 247
36 247
42 247
45 247
49 247
61 247
63 247
70 247
71 247
77 247
84 247
88 247
91 247
95 247
105 247
115 247
121 247
122 247
128 247
138 247
141 247
147 247
160 247
161 247
164 247
165 247
170 247
178 247
185 247
193 247
197 247
201 247
202 247
206 247
217 247
222 247
230 247
242 247
244 247
4 248
16 248
23 248
24 248
33 248
34 248
35 248
49 248
50 248
51 248
52 248
61 248
69 248
73 248
74 248
77 248
79 248
84 248
99 248
102 248
111 248
112 248
116 248
127 248
128 248
131 248
135 248
138 248
139 248
140 248
141 248
147 248
149 248
153 248
164 248
165 248
169 248
173 248
174 248
181 248
196 248
201 248
202 248
206 248
211 248
217 248
220 248
224 248
227 248
230 248
236 248
237 248
243 248
0 249
6 249
9 249
12 249
27 249
42 249
43 249
45 249
49 249
51 249
62 249
80 249
82 249
83 249
87 249
88 249
89 249
91 249
97 249
99 249
106 249
107 249
112 249
114 249
118 249
120 249
121 249
129 249
131 249
137 249
156 249
162 249
164 249
166 249
172 249
174 249
178 249
184 249
213 249
215 249
232 249
242 249
243 249
245 249
9 250
14 250
18 250
28 250
31 250
36 250
40 250
47 250
49 250
50 250
53 250
55 250
57 250
61 250
64 250
80 250
87 250
93 250
95 250
97 250
98 250
100 250
102 250
105 250
106 250
115 250
118 250
119 250
122 250
127 250
132 250
137 250
140 250
142 250
154 250
156 250
167 250
172 250
174 250
178 250
184 250
189 250
193 250
197 250
204 250
209 250
210 250
212 250
216 250
218 250
220 250
223 250
225 250
227 250
229 250
230 250
234 250
238 250
243 250
246 250
247 250
1 251
6 251
7 251
8 251
17 251
20 251
27 251
33 251
36 251
39 251
43 251
49 251
51 251
54 251
57 251
67 251
70 251
73 251
74 251
76 251
90 251
98 251
107 251
118 251
120 251
127 251
131 251
144 251
145 251
148 251
152 251
153 251
155 251
157 251
158 251
161 251
164 251
166 251
178 251
186 251
187 251
205 251
206 251
208 251
211 251
219 251
229 251
233 251
238 251
239 251
247 251
0 252
9 252
11 252
16 252
18 252
22 252
28 252
32 252
36 252
37 252
49 252
52 252
56 252
60 252
70 252
81 252
85 252
89 252
90 252
91 252
95 252
110 252
114 252
121 252
132 252
133 252
142 252
151 252
153 252
156 252
159 252
166 252
169 252
179 252
182 252
185 252
188 252
200 252
211 252
214 252
217 252
219 252
221 252
227 252
229 252
231 252
236 252
15 253
20 253
22 253
28 253
42 253
50 253
51 253
63 253
76 253
77 253
86 253
91 253
95 253
118 253
134 253
144 253
147 253
152 253
164 253
166 253
172 253
177 253
188 253
191 253
194 253
200 253
201 253
202 253
210 253
215 253
225 253
228 253
229 253
235 253
238 253
243 253
244 253
245 253
248 253
251 253
8 254
15 254
17 254
19 254
22 254
30 254
35 254
50 254
56 254
65 254
66 254
74 254
78 254
79 254
86 254
101 254
102 254
107 254
115 254
117 254
122 254
123 254
125 254
132 254
139 254
149 254
153 254
154 254
156 254
164 254
172 254
177 254
184 254
193 254
196 254
200 254
210 254
215 254
216 254
218 254
231 254
234 254
246 254
250 254
253 254
1 255
12 255
21 255
23 255
26 255
29 255
30 255
34 255
38 255
40 255
47 255
48 255
57 255
60 255
66 255
71 255
77 255
79 255
80 255
83 255
90 255
93 255
95 255
97 255
99 255
114 255
119 255
124 255
128 255
130 255
139 255
140 255
142 255
147 255
148 255
151 255
157 255
163 255
165 255
166 255
169 255
172 255
185 255
187 255
192 255
195 255
202 255
208 255
212 255
219 255
228 255
229 255
230 255
231 255
232 255
238 255
239 255
240 255
244 255
245 255
248 255
250 255
0 256
2 256
8 256
12 256
23 256
41 256
42 256
47 256
56 256
58 256
62 256
63 256
75 256
82 256
89 256
93 256
94 256
109 256
113 256
124 256
144 256
153 256
163 256
168 256
192 256
198 256
204 256
206 256
207 256
212 256
217 256
222 256
231 256
235 256
236 256
254 256
6 257
14 257
21 257
25 257
26 257
30 257
31 257
32 257
33 257
40 257
45 257
61 257
63 257
65 257
68 257
80 257
85 257
88 257
92 257
95 257
99 257
103 257
122 257
130 257
135 257
144 257
147 257
152 257
156 257
170 257
171 257
174 257
183 257
188 257
192 257
194 257
195 257
196 257
201 257
205 257
206 257
208 257
211 257
215 257
220 257
225 257
232 257
239 257
241 257
252 257
4 258
19 258
35 258
37 258
47 258
48 258
49 258
51 258
68 258
70 258
75 258
78 258
81 258
95 258
98 258
102 258
104 258
118 258
119 258
126 258
128 258
132 258
137 258
139 258
148 258
153 258
154 258
159 258
161 258
162 258
165 258
171 258
173 258
179 258
185 258
186 258
190 258
191 258
198 258
200 258
209 258
212 258
217 258
221 258
222 258
223 258
225 258
232 258
234 258
236 258
237 258
240 258
246 258
247 258
0 259
2 259
6 259
16 259
19 259
26 259
27 259
28 259
29 259
32 259
40 259
46 259
54 259
61 259
74 259
81 259
91 259
98 259
99 259
108 259
110 259
115 259
117 259
119 259
121 259
133 259
138 259
152 259
156 259
164 259
165 259
166 259
170 259
174 259
176 259
182 259
186 259
187 259
195 259
214 259
226 259
232 259
243 259
248 259
251 259
252 259
253 259
258 259
5 260
32 260
36 260
38 260
46 260
50 260
51 260
58 260
60 260
64 260
73 260
84 260
85 260
95 260
105 260
110 260
113 260
115 260
116 260
119 260
123 260
126 260
132 260
137 260
138 260
139 260
145 260
146 260
149 260
151 260
158 260
164 260
167 260
188 260
191 260
205 260
206 260
215 260
218 260
227 260
228 260
230 260
233 260
242 260
243 260
246 260
255 260
258 260
259 260
6 261
7 261
16 261
18 261
23 261
28 261
30 261
31 261
34 261
40 261
51 261
54 261
56 261
61 261
74 261
76 261
81 261
92 261
95 261
108 261
110 261
115 261
127 261
130 261
135 261
138 261
140 261
142 261
147 261
148 261
150 261
157 261
159 261
160 261
162 261
164 261
166 261
167 261
169 261
170 261
172 261
173 261
176 261
180 261
187 261
197 261
198 261
205 261
209 261
213 261
222 261
226 261
229 261
231 261
236 261
241 261
251 261
8 262
19 262
27 262
37 262
38 262
42 262
58 262
61 262
62 262
64 262
72 262
78 262
79 262
80 262
83 262
84 262
89 262
92 262
93 262
94 262
95 262
103 262
110 262
115 262
120 262
122 262
125 262
129 262
135 262
143 262
146 262
147 262
154 262
174 262
191 262
196 262
198 262
203 262
223 262
231 262
232 262
234 262
238 262
239 262
243 262
253 262
254 262
259 262
8 263
10 263
14 263
17 263
20 263
23 263
24 263
32 263
33 263
40 263
45 263
53 263
54 263
55 263
57 263
60 263
62 263
67 263
73 263
86 263
89 263
95 263
98 263
101 263
103 263
104 263
107 263
109 263
113 263
122 263
137 263
144 263
148 263
150 263
152 263
154 263
157 263
163 263
164 263
173 263
177 263
195 263
196 263
208 263
210 263
213 263
231 263
235 263
242 263
243 263
244 263
250 263
259 263
5 264
10 264
12 264
20 264
21 264
25 264
26 264
45 264
51 264
52 264
59 264
68 264
71 264
80 264
82 264
86 264
87 264
92 264
95 264
98 264
107 264
108 264
109 264
110 264
114 264
135 264
136 264
143 264
145 264
149 264
153 264
156 264
161 264
171 264
179 264
183 264
191 264
197 264
201 264
212 264
213 264
215 264
216 264
230 264
232 264
241 264
244 264
249 264
251 264
255 264
259 264
262 264
1 265
6 265
7 265
15 265
18 265
32 265
33 265
34 265
37 265
38 265
62 265
64 265
66 265
70 265
71 265
72 265
79 265
80 265
85 265
87 265
89 265
92 265
113 265
117 265
119 265
120 265
127 265
133 265
135 265
148 265
152 265
156 265
157 265
162 265
171 265
177 265
183 265
185 265
186 265
190 265
192 265
193 265
194 265
208 265
216 265
218 265
220 265
222 265
226 265
227 265
229 265
234 265
236 265
246 265
247 265
251 265
259 265
260 265
261 265
6 266
13 266
32 266
44 266
48 266
51 266
53 266
65 266
66 266
68 266
69 266
70 266
71 266
75 266
81 266
87 266
92 266
94 266
95 266
96 266
98 266
101 266
109 266
118 266
131 266
132 266
134 266
142 266
143 266
144 266
150 266
152 266
154 266
160 266
161 266
164 266
165 266
166 266
169 266
171 266
172 266
183 266
186 266
188 266
189 266
191 266
193 266
203 266
205 266
208 266
215 266
223 266
234 266
236 266
238 266
249 266
254 266
255 266
257 266
258 266
260 266
4 267
9 267
17 267
18 267
20 267
26 267
28 267
30 267
39 267
44 267
45 267
48 267
53 267
57 267
68 267
70 267
76 267
77 267
84 267
87 267
97 267
110 267
113 267
119 267
130 267
137 267
140 267
142 267
145 267
147 267
148 267
157 267
161 267
166 267
168 267
175 267
176 267
180 267
197 267
206 267
216 267
223 267
241 267
243 267
244 267
252 267
266 267
2 268
10 268
13 268
24 268
28 268
32 268
34 268
38 268
42 268
53 268
61 268
69 268
74 268
84 268
85 268
87 268
89 268
108 268
109 268
115 268
120 268
125 268
126 268
130 268
131 268
136 268
147 268
153 268
161 268
163 268
164 268
172 268
173 268
180 268
184 268
192 268
196 268
199 268
201 268
204 268
211 268
214 268
215 268
217 268
218 268
221 268
227 268
237 268
243 268
245 268
258 268
259 268
264 268
265 268
0 269
3 269
7 269
9 269
21 269
22 269
25 269
31 269
33 269
41 269
51 269
52 269
54 269
55 269
58 269
59 269
60 269
66 269
75 269
81 269
82 269
84 269
85 269
87 269
94 269
97 269
107 269
110 269
115 269
117 269
125 269
132 269
143 269
144 269
146 269
147 269
159 269
168 269
171 269
184 269
191 269
193 269
195 269
199 269
207 269
212 269
214 269
217 269
238 269
240 269
241 269
242 269
244 269
246 269
261 269
262 269
263 269
267 269
268 269
5 270
6 270
11 270
23 270
39 270
48 270
73 270
95 270
102 270
106 270
110 270
111 270
122 270
125 270
133 270
136 270
156 270
164 270
168 270
174 270
179 270
191 270
192 270
194 270
199 270
200 270
208 270
210 270
219 270
227 270
228 270
229 270
238 270
244 270
247 270
252 270
254 270
255 270
261 270
267 270
269 270
4 271
5 271
15 271
16 271
17 271
21 271
42 271
47 271
56 271
57 271
58 271
59 271
61 271
66 271
69 271
71 271
72 271
76 271
78 271
80 271
82 271
84 271
106 271
110 271
116 271
124 271
128 271
132 271
134 271
137 271
140 271
144 271
146 271
150 271
151 271
152 271
157 271
165 271
167 271
171 271
175 271
188 271
195 271
200 271
204 271
205 271
207 271
209 271
210 271
215 271
217 271
221 271
223 271
224 271
239 271
248 271
252 271
261 271
1 272
7 272
17 272
20 272
27 272
38 272
42 272
43 272
44 272
46 272
52 272
63 272
69 272
71 272
73 272
78 272
82 272
90 272
98 272
99 272
103 272
108 272
109 272
112 272
114 272
117 272
131 272
137 272
140 272
150 272
153 272
157 272
169 272
170 272
174 272
175 272
189 272
193 272
196 272
198 272
200 272
204 272
218 272
244 272
245 272
253 272
259 272
261 272
263 272
3 273
15 273
16 273
20 273
21 273
25 273
27 273
45 273
47 273
62 273
65 273
66 273
67 273
79 273
80 273
81 273
83 273
84 273
94 273
98 273
106 273
114 273
124 273
127 273
137 273
142 273
151 273
167 273
172 273
178 273
180 273
183 273
200 273
201 273
207 273
209 273
215 273
217 273
219 273
221 273
224 273
229 273
239 273
243 273
244 273
2 274
11 274
14 274
17 274
19 274
22 274
24 274
28 274
32 274
43 274
50 274
53 274
56 274
66 274
73 274
76 274
78 274
86 274
88 274
89 274
94 274
95 274
101 274
106 274
107 274
110 274
111 274
121 274
126 274
128 274
129 274
144 274
150 274
167 274
175 274
180 274
184 274
190 274
194 274
200 274
202 274
210 274
211 274
228 274
231 274
238 274
241 274
246 274
255 274
259 274
261 274
266 274
272 274
273 274
5 275
16 275
19 275
21 275
23 275
24 275
34 275
36 275
45 275
50 275
55 275
58 275
59 275
63 275
69 275
71 275
80 275
85 275
86 275
88 275
89 275
90 275
94 275
95 275
96 275
97 275
104 275
107 275
112 275
119 275
132 275
141 275
152 275
156 275
159 275
174 275
201 275
204 275
214 275
224 275
227 275
229 275
231 275
237 275
239 275
258 275
260 275
269 275
270 275
0 276
2 276
9 276
15 276
36 276
37 276
39 276
40 276
45 276
46 276
50 276
51 276
57 276
61 276
68 276
69 276
72 276
87 276
96 276
97 276
98 276
99 276
101 276
109 276
114 276
115 276
126 276
129 276
133 276
135 276
136 276
141 276
145 276
146 276
149 276
153 276
156 276
159 276
164 276
166 276
167 276
176 276
177 276
180 276
185 276
192 276
194 276
195 276
206 276
209 276
215 276
229 276
230 276
232 276
241 276
254 276
261 276
271 276
274 276
14 277
21 277
30 277
34 277
36 277
42 277
44 277
45 277
55 277
73 277
74 277
75 277
78 277
83 277
92 277
106 277
113 277
114 277
123 277
125 277
126 277
128 277
129 277
131 277
138 277
139 277
140 277
144 277
147 277
149 277
151 277
154 277
169 277
172 277
182 277
183 277
190 277
204 277
206 277
208 277
209 277
214 277
221 277
227 277
235 277
244 277
247 277
253 277
256 277
259 277
271 277
272 277
274 277
7 278
11 278
17 278
32 278
38 278
44 278
46 278
48 278
49 278
51 278
53 278
59 278
60 278
78 278
82 278
83 278
85 278
89 278
93 278
98 278
100 278
106 278
114 278
116 278
124 278
129 278
135 278
139 278
141 278
144 278
153 278
156 278
157 278
159 278
170 278
172 278
173 278
179 278
181 278
189 278
190 278
191 278
193 278
195 278
204 278
214 278
240 278
245 278
247 278
256 278
257 278
258 278
261 278
274 278
2 279
8 279
21 279
22 279
28 279
36 279
41 279
42 279
48 279
54 279
55 279
61 279
62 279
84 279
93 279
97 279
100 279
102 279
117 279
131 279
136 279
137 279
144 279
155 279
156 279
157 279
162 279
173 279
176 279
183 279
184 279
197 279
204 279
206 279
210 279
211 279
219 279
221 279
222 279
226 279
227 279
230 279
232 279
234 279
235 279
236 279
243 279
248 279
249 279
250 279
251 279
252 279
257 279
259 279
260 279
274 279
276 279
277 279
278 279
0 280
1 280
2 280
7 280
11 280
13 280
21 280
28 280
31 280
40 280
42 280
46 280
57 280
66 280
68 280
88 280
89 280
97 280
111 280
112 280
117 280
118 280
124 280
125 280
127 280
130 280
142 280
145 280
147 280
152 280
154 280
157 280
159 280
160 280
161 280
163 280
166 280
171 280
172 280
179 280
199 280
204 280
206 280
207 280
214 280
219 280
222 280
227 280
243 280
249 280
256 280
258 280
260 280
264 280
266 280
268 280
277 280
0 281
4 281
5 281
7 281
9 281
11 281
21 281
28 281
40 281
43 281
48 281
51 281
52 281
55 281
59 281
63 281
65 281
67 281
81 281
85 281
87 281
95 281
96 281
98 281
111 281
112 281
113 281
115 281
116 281
120 281
132 281
135 281
137 281
139 281
140 281
145 281
148 281
151 281
165 281
177 281
178 281
181 281
185 281
187 281
192 281
196 281
197 281
198 281
200 281
203 281
211 281
213 281
219 281
229 281
234 281
238 281
239 281
240 281
246 281
248 281
255 281
258 281
260 281
272 281
273 281
276 281
0 282
2 282
8 282
11 282
20 282
32 282
34 282
39 282
44 282
56 282
63 282
64 282
65 282
71 282
74 282
80 282
83 282
89 282
95 282
96 282
100 282
102 282
107 282
115 282
116 282
120 282
123 282
125 282
131 282
133 282
134 282
149 282
157 282
162 282
176 282
187 282
189 282
191 282
192 282
197 282
203 282
205 282
209 282
210 282
223 282
228 282
230 282
240 282
245 282
257 282
261 282
266 282
271 282
274 282
275 282
0 283
1 283
8 283
14 283
23 283
25 283
29 283
30 283
32 283
33 283
34 283
40 283
42 283
44 283
49 283
51 283
55 283
66 283
68 283
71 283
73 283
75 283
76 283
81 283
82 283
89 283
91 283
94 283
97 283
107 283
114 283
123 283
124 283
132 283
136 283
142 283
157 283
167 283
168 283
169 283
170 283
172 283
173 283
180 283
190 283
194 283
196 283
197 283
208 283
216 283
220 283
224 283
229 283
231 283
234 283
237 283
244 283
247 283
255 283
257 283
271 283
272 283
273 283
276 283
10 284
12 284
17 284
18 284
19 284
20 284
28 284
33 284
35 284
36 284
38 284
40 284
43 284
63 284
64 284
67 284
74 284
77 284
85 284
86 284
92 284
94 284
105 284
131 284
147 284
152 284
153 284
154 284
162 284
171 284
172 284
176 284
178 284
179 284
189 284
190 284
195 284
197 284
202 284
204 284
220 284
225 284
226 284
232 284
242 284
244 284
245 284
247 284
255 284
261 284
262 284
266 284
268 284
275 284
282 284
9 285
11 285
13 285
22 285
34 285
36 285
48 285
54 285
61 285
66 285
73 285
77 285
84 285
86 285
89 285
90 285
95 285
101 285
103 285
112 285
113 285
131 285
133 285
140 285
143 285
149 285
151 285
155 285
159 285
168 285
169 285
174 285
177 285
180 285
181 285
191 285
192 285
195 285
200 285
206 285
218 285
231 285
234 285
236 285
237 285
247 285
249 285
257 285
260 285
261 285
267 285
268 285
272 285
274 285
276 285
277 285
281 285
0 286
2 286
5 286
13 286
32 286
40 286
42 286
47 286
49 286
51 286
54 286
59 286
75 286
76 286
81 286
87 286
97 286
105 286
106 286
109 286
113 286
115 286
116 286
120 286
122 286
125 286
126 286
130 286
139 286
140 286
141 286
148 286
149 286
159 286
168 286
169 286
170 286
175 286
177 286
178 286
179 286
181 286
183 286
186 286
192 286
193 286
199 286
200 286
207 286
213 286
217 286
222 286
227 286
228 286
232 286
240 286
243 286
247 286
257 286
262 286
267 286
268 286
276 286
1 287
5 287
8 287
12 287
13 287
20 287
21 287
22 287
23 287
24 287
27 287
29 287
30 287
35 287
47 287
55 287
60 287
72 287
74 287
83 287
89 287
103 287
109 287
119 287
123 287
124 287
126 287
132 287
133 287
142 287
145 287
162 287
166 287
178 287
179 287
206 287
207 287
208 287
210 287
214 287
216 287
223 287
225 287
226 287
239 287
240 287
243 287
245 287
249 287
257 287
259 287
263 287
264 287
265 287
267 287
268 287
275 287
280 287
284 287
286 287
0 288
1 288
2 288
9 288
18 288
20 288
21 288
26 288
28 288
31 288
36 288
37 288
48 288
52 288
72 288
78 288
92 288
93 288
97 288
99 288
104 288
108 288
109 288
113 288
116 288
126 288
136 288
141 288
142 288
143 288
145 288
161 288
164 288
165 288
169 288
176 288
178 288
180 288
182 288
183 288
188 288
189 288
191 288
194 288
195 288
198 288
204 288
205 288
212 288
226 288
260 288
261 288
263 288
266 288
267 288
274 288
275 288
0 289
13 289
15 289
17 289
28 289
31 289
41 289
45 289
46 289
47 289
55 289
57 289
63 289
74 289
75 289
81 289
83 289
84 289
100 289
110 289
113 289
117 289
118 289
122 289
124 289
130 289
139 289
146 289
147 289
153 289
155 289
158 289
161 289
164 289
170 289
172 289
182 289
184 289
186 289
198 289
200 289
209 289
225 289
232 289
235 289
237 289
239 289
245 289
247 289
249 289
253 289
258 289
264 289
1 290
3 290
6 290
13 290
20 290
22 290
23 290
24 290
33 290
36 290
38 290
44 290
52 290
53 290
55 290
58 290
61 290
62 290
63 290
64 290
66 290
71 290
84 290
85 290
87 290
96 290
97 290
106 290
107 290
113 290
119 290
121 290
126 290
127 290
129 290
151 290
152 290
158 290
168 290
178 290
186 290
188 290
194 290
209 290
210 290
211 290
214 290
222 290
232 290
235 290
238 290
244 290
248 290
250 290
257 290
260 290
263 290
264 290
265 290
267 290
274 290
281 290
282 290
284 290
4 291
16 291
31 291
34 291
36 291
42 291
48 291
51 291
52 291
53 291
70 291
75 291
76 291
79 291
80 291
90 291
98 291
104 291
105 291
112 291
113 291
121 291
123 291
128 291
130 291
139 291
140 291
147 291
150 291
151 291
160 291
161 291
164 291
167 291
168 291
171 291
181 291
182 291
185 291
188 291
201 291
211 291
212 291
215 291
220 291
228 291
231 291
240 291
243 291
244 291
247 291
251 291
254 291
255 291
259 291
264 291
266 291
268 291
275 291
282 291
284 291
288 291
290 291
16 292
17 292
18 292
23 292
24 292
30 292
40 292
46 292
56 292
59 292
68 292
78 292
81 292
91 292
95 292
102 292
113 292
117 292
121 292
128 292
130 292
142 292
147 292
149 292
150 292
156 292
164 292
176 292
179 292
200 292
201 292
212 292
222 292
233 292
243 292
252 292
254 292
263 292
265 292
276 292
277 292
283 292
286 292
291 292
0 293
1 293
4 293
6 293
13 293
18 293
19 293
28 293
40 293
43 293
53 293
58 293
61 293
64 293
69 293
71 293
74 293
77 293
84 293
88 293
90 293
98 293
103 293
104 293
105 293
108 293
109 293
111 293
121 293
131 293
135 293
143 293
144 293
147 293
149 293
157 293
158 293
159 293
161 293
163 293
185 293
186 293
191 293
192 293
197 293
206 293
207 293
216 293
219 293
221 293
222 293
231 293
233 293
242 293
246 293
249 293
250 293
257 293
274 293
276 293
277 293
287 293
288 293
290 293
292 293
2 294
11 294
15 294
16 294
20 294
24 294
42 294
49 294
54 294
65 294
66 294
74 294
90 294
99 294
111 294
114 294
119 294
124 294
129 294
130 294
132 294
135 294
140 294
145 294
147 294
150 294
151 294
152 294
155 294
158 294
162 294
165 294
166 294
172 294
181 294
182 294
183 294
187 294
189 294
219 294
224 294
229 294
230 294
232 294
235 294
238 294
241 294
242 294
249 294
251 294
252 294
257 294
260 294
261 294
262 294
266 294
267 294
268 294
275 294
279 294
287 294
292 294
0 295
1 295
3 295
11 295
15 295
38 295
46 295
57 295
62 295
69 295
78 295
82 295
89 295
95 295
101 295
102 295
108 295
110 295
112 295
113 295
115 295
118 295
120 295
125 295
134 295
138 295
156 295
157 295
159 295
168 295
173 295
174 295
187 295
190 295
197 295
218 295
225 295
233 295
240 295
243 295
245 295
247 295
248 295
251 295
262 295
265 295
267 295
268 295
269 295
272 295
277 295
288 295
293 295
4 296
11 296
12 296
15 296
16 296
20 296
22 296
25 296
27 296
28 296
44 296
47 296
50 296
54 296
55 296
68 296
80 296
82 296
91 296
94 296
95 296
103 296
107 296
112 296
137 296
138 296
140 296
141 296
149 296
158 296
160 296
164 296
169 296
171 296
174 296
185 296
187 296
189 296
190 296
191 296
195 296
198 296
203 296
213 296
215 296
219 296
225 296
228 296
238 296
250 296
251 296
256 296
259 296
262 296
263 296
275 296
279 296
281 296
283 296
286 296
287 296
295 296
6 297
9 297
15 297
21 297
30 297
43 297
47 297
59 297
61 297
82 297
92 297
96 297
108 297
110 297
119 297
126 297
127 297
131 297
132 297
138 297
146 297
150 297
155 297
170 297
178 297
179 297
184 297
188 297
196 297
199 297
205 297
206 297
208 297
212 297
219 297
230 297
233 297
236 297
240 297
244 297
252 297
258 297
266 297
269 297
277 297
279 297
283 297
286 297
287 297
3 298
7 298
9 298
11 298
15 298
19 298
20 298
21 298
22 298
29 298
35 298
36 298
38 298
43 298
45 298
48 298
49 298
59 298
62 298
68 298
77 298
96 298
108 298
115 298
119 298
120 298
122 298
124 298
125 298
132 298
136 298
139 298
141 298
145 298
148 298
158 298
162 298
171 298
176 298
179 298
180 298
181 298
184 298
185 298
187 298
190 298
191 298
193 298
194 298
195 298
198 298
204 298
208 298
211 298
215 298
217 298
222 298
223 298
229 298
231 298
240 298
243 298
244 298
256 298
257 298
270 298
279 298
286 298
293 298
296 298
3 299
4 299
6 299
29 299
31 299
39 299
48 299
49 299
57 299
68 299
73 299
81 299
88 299
89 299
90 299
100 299
101 299
102 299
105 299
109 299
118 299
124 299
139 299
141 299
146 299
147 299
149 299
152 299
157 299
158 299
160 299
162 299
166 299
174 299
178 299
180 299
181 299
183 299
192 299
196 299
198 299
205 299
209 299
210 299
213 299
217 299
225 299
227 299
230 299
236 299
252 299
255 299
261 299
262 299
264 299
266 299
270 299
272 299
278 299
281 299
283 299
287 299
290 299
