300 4192 5
5 5 11 16 2 14 2 2 10 1 8 6 7 20 8 16 19 10 5 9 4 1 9 9 1 3 5 17 16 1 2 7 1 6 19 13 10 8 6 18 5 7 9 5 14 8 3 5 7 7 9 10 1 7 13 5 17 8 1 7 16 2 11 19 16 7 5 15 17 5 4 7 17 7 10 5 1 4 1 12 1 1 4 1 10 13 9 5 3 16 5 12 10 18 5 4 5 8 10 3 5 18 4 2 8 10 10 17 9 4 4 2 10 6 7 4 7 7 2 2 3 16 13 2 6 12 5 8 2 12 17 6 8 6 17 7 12 8 1 2 12 3 11 19 3 7 10 11 4 5 19 8 7 20 15 12 8 7 9 2 14 8 16 7 2 10 9 3 15 17 8 2 4 8 14 3 10 4 19 10 1 7 7 4 3 7 4 1 7 7 19 9 8 5 12 13 13 6 15 2 7 8 6 7 6 1 5 11 1 16 11 9 8 11 4 8 2 2 5 8 3 19 9 16 4 2 17 2 7 12 19 13 9 4 6 8 5 10 8 1 5 4 7 5 5 3 4 4 19 14 19 3 15 20 1 1 4 10 6 3 15 10 9 4 7 5 11 18 2 9 7 12 8 7 4 9 1 3 7 4 5 10 1 5 3 8 1 8 18 6 15 7 3 5 4 16 2 2 1 11
1 2
2 4
0 7
4 9
3 10
10 11
6 12
10 12
0 13
10 13
13 17
13 18
5 19
0 20
3 20
5 20
16 20
17 21
5 22
11 22
13 22
18 22
1 24
22 24
7 25
9 25
20 25
0 26
2 26
17 26
19 26
10 27
17 27
20 27
22 27
3 28
8 28
2 29
8 29
7 30
21 30
22 30
24 30
7 31
26 31
30 31
22 32
0 33
23 33
29 33
10 34
15 34
7 35
12 35
14 35
3 36
12 36
17 36
18 36
21 36
35 36
1 37
4 37
6 37
11 37
0 38
9 38
18 38
22 38
35 38
3 39
5 39
7 39
8 39
17 39
3 40
4 40
6 40
14 40
31 40
2 41
3 41
26 41
28 41
40 41
2 42
23 42
7 43
16 43
17 43
22 43
9 44
23 44
30 44
8 45
11 45
23 45
28 45
2 46
11 46
19 46
4 47
6 47
11 47
29 47
31 47
37 47
2 48
8 48
14 48
46 48
47 48
0 49
1 50
2 50
15 50
29 50
12 51
23 51
24 51
35 51
38 51
1 52
3 52
22 52
24 52
33 52
0 53
40 53
44 53
0 54
1 54
2 54
11 54
19 54
22 54
28 54
48 54
51 54
1 55
8 55
25 55
30 55
31 55
34 55
38 55
2 56
7 56
9 56
12 56
22 56
40 56
7 57
38 57
54 57
14 58
21 58
31 58
34 58
37 58
43 58
46 58
47 58
56 58
0 59
11 59
16 59
20 59
37 59
58 59
5 60
9 60
10 60
11 60
14 60
21 60
23 60
26 60
28 60
31 60
38 60
51 60
59 60
8 61
16 61
38 61
53 61
56 61
0 62
9 62
12 62
14 62
26 62
0 63
5 63
17 63
29 63
60 63
8 64
22 64
37 64
38 64
41 64
45 64
6 65
8 65
13 65
15 65
21 65
31 65
40 65
51 65
0 67
1 67
4 67
22 67
40 67
62 67
63 67
1 68
5 68
12 68
17 68
19 68
20 68
40 68
64 68
66 68
1 69
26 69
8 70
19 70
22 70
26 70
30 70
35 70
36 70
52 70
53 70
66 70
20 71
22 71
25 71
37 71
42 71
53 71
59 71
0 72
1 72
6 72
19 72
33 72
40 72
51 72
58 72
7 73
9 73
26 73
43 73
44 73
55 73
57 73
63 73
50 74
56 74
70 74
1 75
10 75
24 75
32 75
40 75
43 75
53 75
57 75
15 76
23 76
30 76
55 76
61 76
22 77
29 77
42 77
48 77
50 77
61 77
67 77
68 77
69 77
70 77
72 77
76 77
21 78
23 78
28 78
45 78
47 78
54 78
5 79
8 79
9 79
22 79
26 79
46 79
55 79
13 80
19 80
22 80
24 80
53 80
59 80
62 80
4 81
5 81
17 81
20 81
39 81
76 81
79 81
16 82
19 82
29 82
36 82
60 82
67 82
68 82
79 82
13 83
26 83
31 83
42 83
52 83
56 83
61 83
62 83
66 83
68 83
81 83
5 84
9 84
21 84
33 84
43 84
47 84
49 84
62 84
63 84
69 84
76 84
79 84
83 84
9 85
42 85
57 85
69 85
81 85
21 86
30 86
34 86
39 86
63 86
65 86
84 86
17 87
19 87
31 87
44 87
64 87
66 87
75 87
86 87
4 88
6 88
10 88
23 88
50 88
64 88
3 89
6 89
15 89
17 89
73 89
81 89
82 89
84 89
20 90
29 90
41 90
42 90
44 90
48 90
60 90
70 90
76 90
22 91
25 91
28 91
46 91
51 91
55 91
62 91
70 91
74 91
88 91
17 92
22 92
29 92
31 92
47 92
55 92
71 92
88 92
1 93
14 93
20 93
23 93
74 93
75 93
80 93
87 93
92 93
2 94
12 94
20 94
39 94
49 94
53 94
79 94
80 94
89 94
93 94
7 95
10 95
18 95
26 95
27 95
34 95
47 95
62 95
66 95
90 95
92 95
94 95
5 96
20 96
24 96
42 96
47 96
50 96
55 96
72 96
76 96
1 97
4 97
29 97
50 97
74 97
93 97
94 97
15 98
54 98
70 98
80 98
1 99
16 99
44 99
52 99
63 99
85 99
97 99
13 100
19 100
29 100
44 100
72 100
78 100
24 101
29 101
84 101
10 102
26 102
32 102
40 102
43 102
61 102
65 102
66 102
70 102
71 102
95 102
7 103
31 103
33 103
39 103
43 103
51 103
54 103
61 103
69 103
76 103
93 103
98 103
100 103
1 104
28 104
32 104
51 104
56 104
59 104
64 104
71 104
77 104
80 104
82 104
84 104
87 104
101 104
8 105
18 105
23 105
50 105
52 105
53 105
54 105
76 105
99 105
103 105
9 106
11 106
18 106
37 106
46 106
48 106
59 106
60 106
82 106
90 106
0 107
9 107
19 107
24 107
25 107
31 107
44 107
66 107
75 107
77 107
81 107
9 108
12 108
27 108
34 108
70 108
73 108
76 108
95 108
100 108
105 108
106 108
0 109
4 109
16 109
20 109
38 109
63 109
65 109
66 109
67 109
78 109
88 109
90 109
93 109
97 109
103 109
7 110
13 110
45 110
61 110
76 110
78 110
81 110
86 110
6 111
18 111
30 111
35 111
39 111
53 111
88 111
99 111
35 112
47 112
50 112
53 112
60 112
63 112
64 112
66 112
72 112
79 112
93 112
94 112
96 112
14 113
25 113
40 113
45 113
50 113
70 113
74 113
82 113
88 113
92 113
11 114
13 114
14 114
34 114
36 114
37 114
38 114
40 114
47 114
61 114
72 114
76 114
80 114
90 114
93 114
109 114
1 115
25 115
39 115
62 115
75 115
81 115
93 115
96 115
105 115
112 115
113 115
26 116
39 116
43 116
51 116
55 116
63 116
75 116
94 116
115 116
26 117
40 117
56 117
75 117
82 117
89 117
92 117
93 117
15 118
27 118
31 118
43 118
51 118
55 118
93 118
95 118
99 118
106 118
107 118
16 119
22 119
33 119
43 119
53 119
63 119
65 119
76 119
84 119
86 119
95 119
109 119
115 119
116 119
51 120
52 120
53 120
58 120
66 120
86 120
97 120
101 120
104 120
6 121
19 121
31 121
32 121
43 121
74 121
83 121
94 121
97 121
113 121
118 121
2 122
7 122
18 122
35 122
49 122
63 122
65 122
73 122
78 122
86 122
93 122
108 122
111 122
121 122
41 123
45 123
58 123
63 123
69 123
80 123
100 123
117 123
19 124
22 124
34 124
44 124
49 124
61 124
64 124
72 124
85 124
94 124
106 124
113 124
115 124
3 125
17 125
60 125
63 125
66 125
101 125
106 125
107 125
110 125
4 126
10 126
13 126
16 126
21 126
35 126
45 126
47 126
48 126
52 126
69 126
80 126
91 126
100 126
109 126
113 126
114 126
123 126
20 127
61 127
66 127
69 127
79 127
96 127
99 127
111 127
115 127
1 128
21 128
22 128
24 128
30 128
35 128
38 128
39 128
44 128
55 128
63 128
86 128
91 128
100 128
115 128
127 128
2 129
4 129
9 129
23 129
70 129
84 129
89 129
97 129
98 129
99 129
112 129
117 129
5 130
8 130
12 130
14 130
17 130
32 130
40 130
43 130
55 130
60 130
73 130
78 130
100 130
106 130
107 130
110 130
120 130
121 130
13 131
19 131
36 131
40 131
52 131
54 131
62 131
71 131
79 131
87 131
95 131
98 131
107 131
112 131
116 131
122 131
125 131
126 131
17 132
39 132
41 132
46 132
70 132
78 132
79 132
82 132
98 132
108 132
111 132
113 132
129 132
5 133
28 133
41 133
49 133
61 133
67 133
77 133
79 133
84 133
126 133
128 133
6 134
9 134
16 134
25 134
29 134
30 134
31 134
35 134
37 134
44 134
68 134
76 134
86 134
89 134
97 134
121 134
21 135
40 135
46 135
61 135
65 135
69 135
90 135
91 135
92 135
96 135
110 135
117 135
14 136
15 136
40 136
42 136
49 136
75 136
76 136
99 136
120 136
127 136
16 137
22 137
27 137
40 137
61 137
70 137
75 137
78 137
79 137
95 137
122 137
132 137
5 138
23 138
25 138
31 138
32 138
43 138
86 138
92 138
99 138
101 138
124 138
5 139
27 139
52 139
55 139
68 139
71 139
79 139
84 139
121 139
21 140
45 140
49 140
50 140
54 140
61 140
70 140
98 140
101 140
117 140
136 140
12 141
24 141
33 141
42 141
54 141
58 141
62 141
64 141
101 141
110 141
128 141
17 142
46 142
54 142
57 142
59 142
72 142
79 142
90 142
91 142
97 142
106 142
107 142
108 142
133 142
134 142
1 143
16 143
22 143
75 143
87 143
97 143
99 143
1 144
5 144
9 144
12 144
25 144
44 144
54 144
61 144
65 144
71 144
73 144
94 144
123 144
2 145
15 145
20 145
25 145
35 145
37 145
41 145
52 145
100 145
140 145
142 145
2 146
4 146
18 146
47 146
48 146
66 146
68 146
85 146
97 146
98 146
99 146
125 146
128 146
134 146
136 146
10 147
14 147
38 147
56 147
58 147
67 147
70 147
74 147
77 147
90 147
103 147
124 147
131 147
142 147
0 148
20 148
21 148
23 148
31 148
35 148
43 148
46 148
48 148
53 148
64 148
70 148
72 148
81 148
89 148
92 148
96 148
97 148
99 148
101 148
112 148
130 148
136 148
2 149
8 149
20 149
31 149
33 149
55 149
60 149
65 149
82 149
86 149
5 150
48 150
54 150
55 150
63 150
89 150
109 150
111 150
115 150
123 150
128 150
130 150
135 150
137 150
140 150
16 151
29 151
46 151
54 151
60 151
63 151
77 151
83 151
86 151
92 151
97 151
112 151
120 151
125 151
6 152
7 152
13 152
35 152
48 152
53 152
67 152
79 152
80 152
87 152
92 152
97 152
107 152
115 152
119 152
135 152
4 153
22 153
24 153
28 153
30 153
40 153
43 153
49 153
53 153
90 153
93 153
94 153
126 153
148 153
149 153
151 153
0 154
10 154
15 154
25 154
28 154
38 154
54 154
59 154
75 154
83 154
100 154
102 154
106 154
129 154
130 154
150 154
44 155
52 155
55 155
59 155
66 155
85 155
97 155
101 155
109 155
142 155
3 156
42 156
76 156
77 156
85 156
86 156
98 156
102 156
122 156
142 156
12 157
18 157
26 157
34 157
44 157
70 157
90 157
92 157
105 157
117 157
27 158
31 158
50 158
59 158
72 158
86 158
110 158
117 158
132 158
133 158
135 158
150 158
151 158
5 159
29 159
35 159
54 159
57 159
108 159
109 159
115 159
125 159
138 159
4 160
19 160
22 160
41 160
44 160
57 160
61 160
63 160
64 160
76 160
79 160
82 160
93 160
107 160
134 160
142 160
3 161
7 161
33 161
38 161
41 161
56 161
67 161
75 161
82 161
85 161
96 161
99 161
112 161
120 161
122 161
125 161
137 161
140 161
148 161
152 161
154 161
155 161
14 162
19 162
25 162
39 162
44 162
52 162
63 162
74 162
91 162
104 162
115 162
120 162
124 162
129 162
145 162
151 162
157 162
2 163
4 163
10 163
13 163
26 163
30 163
31 163
41 163
47 163
50 163
61 163
68 163
70 163
80 163
90 163
91 163
115 163
129 163
144 163
149 163
152 163
156 163
20 164
32 164
41 164
67 164
90 164
93 164
103 164
110 164
123 164
131 164
139 164
140 164
148 164
151 164
152 164
158 164
159 164
2 165
10 165
14 165
20 165
26 165
80 165
102 165
105 165
106 165
139 165
150 165
156 165
162 165
0 166
9 166
10 166
14 166
38 166
44 166
50 166
58 166
67 166
80 166
86 166
100 166
103 166
131 166
132 166
154 166
165 166
4 167
5 167
7 167
13 167
16 167
17 167
19 167
20 167
22 167
29 167
35 167
55 167
78 167
93 167
95 167
99 167
115 167
145 167
10 168
35 168
36 168
41 168
51 168
85 168
86 168
91 168
100 168
122 168
131 168
135 168
137 168
140 168
152 168
160 168
1 169
10 169
26 169
34 169
36 169
41 169
47 169
65 169
79 169
83 169
85 169
92 169
94 169
97 169
98 169
115 169
118 169
152 169
4 170
17 170
18 170
20 170
28 170
31 170
48 170
69 170
100 170
107 170
116 170
124 170
145 170
164 170
168 170
0 171
5 171
7 171
16 171
24 171
46 171
53 171
68 171
75 171
85 171
110 171
127 171
139 171
149 171
157 171
159 171
9 172
21 172
29 172
31 172
59 172
61 172
88 172
91 172
92 172
108 172
109 172
127 172
134 172
136 172
143 172
147 172
149 172
153 172
154 172
161 172
0 173
3 173
9 173
13 173
23 173
28 173
45 173
46 173
53 173
64 173
119 173
123 173
139 173
153 173
15 174
22 174
31 174
42 174
43 174
46 174
54 174
69 174
75 174
76 174
84 174
106 174
108 174
115 174
133 174
147 174
148 174
162 174
2 175
12 175
16 175
24 175
33 175
61 175
69 175
77 175
95 175
104 175
109 175
114 175
115 175
121 175
142 175
143 175
149 175
154 175
171 175
13 176
66 176
72 176
79 176
81 176
89 176
106 176
123 176
128 176
131 176
152 176
155 176
175 176
3 177
52 177
112 177
120 177
121 177
132 177
133 177
135 177
151 177
156 177
162 177
166 177
167 177
171 177
3 178
17 178
93 178
101 178
110 178
116 178
124 178
127 178
129 178
143 178
156 178
16 179
17 179
24 179
33 179
47 179
78 179
92 179
105 179
111 179
115 179
118 179
127 179
130 179
138 179
149 179
7 180
46 180
54 180
75 180
77 180
95 180
101 180
137 180
144 180
155 180
163 180
166 180
176 180
10 181
12 181
19 181
45 181
48 181
53 181
70 181
87 181
91 181
94 181
103 181
114 181
124 181
143 181
159 181
169 181
17 182
23 182
29 182
59 182
92 182
96 182
99 182
103 182
106 182
124 182
126 182
144 182
156 182
176 182
181 182
11 183
12 183
64 183
66 183
68 183
81 183
83 183
86 183
92 183
109 183
125 183
146 183
147 183
150 183
160 183
168 183
172 183
2 184
14 184
32 184
38 184
39 184
66 184
67 184
71 184
83 184
86 184
100 184
101 184
120 184
123 184
127 184
136 184
141 184
154 184
168 184
173 184
13 185
20 185
24 185
30 185
40 185
44 185
56 185
57 185
63 185
66 185
74 185
75 185
92 185
102 185
108 185
119 185
121 185
135 185
142 185
160 185
172 185
1 186
56 186
65 186
82 186
84 186
88 186
89 186
98 186
106 186
110 186
111 186
139 186
181 186
7 187
18 187
19 187
28 187
50 187
54 187
57 187
58 187
73 187
101 187
115 187
125 187
144 187
145 187
146 187
162 187
169 187
180 187
181 187
1 188
7 188
15 188
29 188
31 188
40 188
51 188
56 188
61 188
62 188
72 188
140 188
145 188
146 188
165 188
6 189
10 189
13 189
29 189
30 189
31 189
42 189
49 189
54 189
55 189
57 189
83 189
139 189
157 189
158 189
163 189
164 189
170 189
188 189
12 190
19 190
36 190
38 190
39 190
49 190
79 190
82 190
93 190
97 190
99 190
118 190
152 190
153 190
177 190
187 190
2 191
47 191
63 191
85 191
100 191
103 191
121 191
127 191
132 191
137 191
143 191
146 191
148 191
165 191
168 191
3 192
36 192
40 192
44 192
47 192
49 192
56 192
57 192
65 192
84 192
93 192
96 192
101 192
108 192
110 192
126 192
130 192
136 192
137 192
151 192
188 192
191 192
5 193
7 193
8 193
27 193
28 193
33 193
45 193
48 193
52 193
59 193
70 193
82 193
95 193
104 193
115 193
120 193
125 193
138 193
159 193
0 194
23 194
43 194
46 194
58 194
61 194
68 194
71 194
79 194
89 194
99 194
128 194
136 194
144 194
150 194
172 194
183 194
184 194
3 195
5 195
22 195
28 195
31 195
57 195
90 195
94 195
100 195
114 195
130 195
132 195
158 195
161 195
192 195
2 196
25 196
30 196
34 196
50 196
110 196
111 196
136 196
140 196
149 196
160 196
44 197
53 197
104 197
105 197
114 197
121 197
132 197
140 197
143 197
153 197
158 197
165 197
174 197
179 197
180 197
187 197
189 197
6 198
7 198
9 198
44 198
45 198
56 198
57 198
65 198
67 198
82 198
83 198
88 198
100 198
113 198
131 198
143 198
154 198
159 198
190 198
193 198
0 199
8 199
23 199
44 199
57 199
59 199
67 199
69 199
70 199
78 199
91 199
94 199
100 199
101 199
104 199
109 199
128 199
146 199
157 199
160 199
161 199
172 199
177 199
195 199
198 199
3 200
5 200
16 200
20 200
55 200
60 200
73 200
75 200
81 200
93 200
101 200
117 200
122 200
129 200
130 200
150 200
157 200
185 200
188 200
189 200
193 200
3 201
20 201
22 201
46 201
55 201
62 201
75 201
76 201
88 201
97 201
100 201
111 201
135 201
136 201
161 201
169 201
174 201
180 201
194 201
1 202
4 202
9 202
20 202
22 202
42 202
56 202
75 202
82 202
102 202
122 202
127 202
131 202
135 202
141 202
145 202
156 202
5 203
25 203
26 203
41 203
45 203
51 203
76 203
80 203
83 203
108 203
123 203
125 203
133 203
142 203
151 203
152 203
156 203
160 203
165 203
177 203
187 203
195 203
25 204
40 204
43 204
46 204
50 204
56 204
61 204
77 204
89 204
102 204
110 204
113 204
114 204
121 204
150 204
151 204
162 204
187 204
192 204
2 205
20 205
24 205
25 205
34 205
56 205
60 205
63 205
85 205
100 205
140 205
173 205
189 205
4 206
7 206
20 206
27 206
34 206
36 206
44 206
57 206
73 206
87 206
89 206
91 206
107 206
110 206
122 206
125 206
145 206
148 206
150 206
182 206
201 206
202 206
203 206
14 207
16 207
17 207
24 207
42 207
44 207
54 207
56 207
65 207
79 207
84 207
85 207
114 207
133 207
141 207
143 207
144 207
148 207
154 207
162 207
189 207
14 208
42 208
58 208
59 208
60 208
65 208
70 208
84 208
119 208
120 208
127 208
135 208
136 208
138 208
145 208
149 208
162 208
164 208
168 208
174 208
183 208
184 208
5 209
7 209
23 209
48 209
69 209
70 209
76 209
78 209
85 209
92 209
114 209
142 209
162 209
171 209
183 209
189 209
199 209
203 209
204 209
208 209
18 210
20 210
27 210
33 210
42 210
76 210
91 210
95 210
111 210
133 210
155 210
165 210
179 210
192 210
208 210
209 210
0 211
7 211
18 211
21 211
62 211
68 211
79 211
95 211
97 211
127 211
172 211
176 211
181 211
182 211
184 211
200 211
207 211
208 211
9 212
39 212
70 212
80 212
95 212
97 212
98 212
105 212
106 212
132 212
136 212
167 212
169 212
175 212
176 212
194 212
9 213
14 213
18 213
45 213
87 213
89 213
100 213
108 213
124 213
145 213
168 213
175 213
176 213
177 213
29 214
37 214
45 214
66 214
106 214
116 214
120 214
137 214
141 214
145 214
146 214
151 214
154 214
158 214
169 214
175 214
197 214
209 214
213 214
7 215
8 215
12 215
13 215
14 215
28 215
42 215
43 215
44 215
56 215
65 215
78 215
91 215
100 215
109 215
148 215
157 215
165 215
185 215
196 215
199 215
214 215
6 216
7 216
12 216
50 216
57 216
58 216
68 216
75 216
76 216
85 216
98 216
101 216
126 216
147 216
158 216
197 216
198 216
199 216
210 216
9 217
19 217
41 217
44 217
101 217
107 217
108 217
112 217
126 217
138 217
173 217
181 217
189 217
203 217
5 218
6 218
7 218
35 218
67 218
79 218
82 218
97 218
117 218
124 218
128 218
162 218
163 218
178 218
195 218
201 218
5 219
10 219
21 219
22 219
25 219
39 219
42 219
43 219
49 219
61 219
65 219
71 219
118 219
120 219
146 219
153 219
169 219
180 219
182 219
191 219
192 219
204 219
3 220
4 220
6 220
29 220
30 220
35 220
48 220
53 220
69 220
106 220
113 220
138 220
167 220
182 220
185 220
192 220
196 220
218 220
2 221
15 221
24 221
65 221
66 221
70 221
81 221
91 221
124 221
129 221
148 221
158 221
160 221
176 221
185 221
196 221
197 221
220 221
19 222
35 222
38 222
41 222
57 222
70 222
96 222
97 222
99 222
103 222
109 222
124 222
161 222
163 222
172 222
188 222
198 222
31 223
46 223
75 223
81 223
82 223
112 223
121 223
124 223
133 223
138 223
145 223
161 223
165 223
177 223
184 223
188 223
203 223
8 224
47 224
51 224
69 224
70 224
78 224
92 224
112 224
127 224
130 224
159 224
167 224
177 224
194 224
200 224
219 224
223 224
3 225
10 225
19 225
26 225
50 225
61 225
74 225
84 225
92 225
94 225
100 225
103 225
110 225
119 225
123 225
136 225
142 225
149 225
184 225
199 225
207 225
213 225
214 225
5 226
18 226
43 226
53 226
59 226
61 226
69 226
110 226
118 226
147 226
176 226
196 226
38 227
41 227
44 227
46 227
53 227
70 227
86 227
91 227
97 227
107 227
127 227
143 227
150 227
157 227
166 227
173 227
220 227
223 227
5 228
15 228
18 228
30 228
39 228
59 228
83 228
87 228
90 228
97 228
101 228
109 228
114 228
134 228
138 228
162 228
165 228
172 228
175 228
177 228
195 228
205 228
212 228
0 229
1 229
2 229
9 229
16 229
17 229
28 229
43 229
57 229
59 229
60 229
66 229
69 229
80 229
107 229
109 229
152 229
174 229
175 229
179 229
180 229
192 229
196 229
227 229
2 230
9 230
12 230
25 230
27 230
37 230
39 230
50 230
57 230
93 230
95 230
107 230
108 230
115 230
120 230
144 230
145 230
146 230
154 230
157 230
161 230
163 230
164 230
179 230
180 230
193 230
211 230
213 230
216 230
219 230
7 231
16 231
30 231
50 231
61 231
63 231
75 231
145 231
162 231
166 231
170 231
225 231
230 231
11 232
14 232
17 232
18 232
23 232
67 232
74 232
83 232
94 232
96 232
98 232
118 232
125 232
137 232
138 232
173 232
182 232
198 232
199 232
204 232
207 232
214 232
217 232
225 232
5 233
14 233
28 233
32 233
41 233
60 233
82 233
88 233
101 233
127 233
135 233
155 233
160 233
182 233
186 233
191 233
207 233
208 233
215 233
216 233
221 233
3 234
4 234
6 234
8 234
24 234
32 234
34 234
35 234
45 234
48 234
63 234
64 234
77 234
89 234
93 234
99 234
104 234
109 234
117 234
121 234
136 234
143 234
145 234
147 234
148 234
153 234
156 234
158 234
166 234
167 234
188 234
192 234
206 234
213 234
216 234
224 234
230 234
232 234
1 235
14 235
25 235
28 235
40 235
79 235
93 235
107 235
116 235
117 235
134 235
137 235
147 235
152 235
153 235
158 235
179 235
180 235
181 235
183 235
189 235
193 235
200 235
204 235
205 235
206 235
207 235
211 235
215 235
228 235
4 236
29 236
31 236
33 236
46 236
62 236
66 236
67 236
83 236
91 236
122 236
140 236
143 236
149 236
154 236
158 236
164 236
172 236
174 236
199 236
231 236
232 236
0 237
1 237
12 237
13 237
27 237
31 237
37 237
64 237
65 237
75 237
86 237
98 237
105 237
119 237
151 237
161 237
165 237
172 237
183 237
187 237
189 237
198 237
200 237
212 237
216 237
224 237
231 237
7 238
25 238
36 238
58 238
59 238
73 238
78 238
82 238
91 238
114 238
116 238
119 238
128 238
143 238
151 238
163 238
164 238
185 238
190 238
201 238
216 238
225 238
5 239
19 239
37 239
57 239
59 239
63 239
64 239
67 239
71 239
96 239
120 239
125 239
134 239
135 239
140 239
171 239
176 239
183 239
199 239
209 239
221 239
222 239
224 239
232 239
9 240
26 240
31 240
43 240
57 240
60 240
67 240
88 240
90 240
100 240
107 240
129 240
135 240
146 240
171 240
187 240
190 240
217 240
229 240
6 241
9 241
10 241
24 241
45 241
50 241
72 241
75 241
77 241
89 241
92 241
108 241
114 241
129 241
146 241
149 241
157 241
158 241
161 241
182 241
195 241
201 241
14 242
37 242
40 242
43 242
68 242
73 242
75 242
96 242
125 242
135 242
138 242
143 242
163 242
168 242
186 242
199 242
215 242
232 242
10 243
26 243
30 243
51 243
103 243
109 243
129 243
137 243
148 243
154 243
162 243
165 243
193 243
203 243
216 243
229 243
5 244
10 244
12 244
30 244
57 244
72 244
76 244
80 244
87 244
91 244
97 244
104 244
133 244
137 244
138 244
139 244
148 244
168 244
178 244
181 244
188 244
191 244
238 244
18 245
27 245
36 245
80 245
82 245
94 245
95 245
117 245
124 245
127 245
133 245
136 245
150 245
165 245
168 245
169 245
170 245
187 245
196 245
6 246
9 246
15 246
19 246
27 246
52 246
56 246
59 246
73 246
76 246
86 246
88 246
112 246
114 246
128 246
139 246
164 246
166 246
171 246
172 246
187 246
194 246
199 246
225 246
244 246
9 247
12 247
19 247
44 247
84 247
86 247
89 247
99 247
100 247
120 247
121 247
132 247
139 247
146 247
153 247
165 247
167 247
172 247
190 247
191 247
213 247
214 247
233 247
234 247
241 247
9 248
16 248
43 248
91 248
93 248
110 248
115 248
121 248
137 248
156 248
160 248
172 248
179 248
195 248
202 248
204 248
208 248
216 248
224 248
4 249
17 249
19 249
21 249
28 249
35 249
47 249
69 249
74 249
79 249
81 249
124 249
143 249
144 249
146 249
148 249
153 249
159 249
160 249
166 249
187 249
217 249
225 249
231 249
244 249
9 250
17 250
28 250
41 250
49 250
88 250
101 250
102 250
126 250
128 250
130 250
155 250
163 250
177 250
186 250
191 250
198 250
204 250
209 250
219 250
222 250
223 250
229 250
233 250
239 250
247 250
2 251
17 251
32 251
49 251
53 251
61 251
68 251
70 251
78 251
88 251
92 251
98 251
99 251
103 251
108 251
112 251
119 251
123 251
175 251
176 251
178 251
180 251
204 251
211 251
227 251
230 251
244 251
3 252
8 252
17 252
40 252
48 252
53 252
54 252
66 252
81 252
93 252
94 252
104 252
117 252
154 252
164 252
170 252
172 252
178 252
202 252
203 252
209 252
215 252
240 252
242 252
243 252
9 253
17 253
45 253
55 253
61 253
62 253
67 253
79 253
85 253
96 253
105 253
106 253
114 253
116 253
119 253
134 253
135 253
178 253
179 253
185 253
187 253
193 253
200 253
221 253
222 253
227 253
233 253
247 253
14 254
28 254
54 254
60 254
64 254
74 254
78 254
121 254
131 254
133 254
134 254
146 254
179 254
201 254
207 254
218 254
233 254
234 254
248 254
60 255
64 255
66 255
82 255
107 255
117 255
122 255
125 255
155 255
157 255
169 255
174 255
179 255
195 255
204 255
211 255
220 255
245 255
17 256
25 256
41 256
48 256
54 256
59 256
65 256
71 256
73 256
77 256
85 256
103 256
113 256
132 256
149 256
175 256
177 256
182 256
188 256
194 256
197 256
199 256
211 256
235 256
242 256
11 257
13 257
15 257
28 257
52 257
54 257
61 257
66 257
70 257
74 257
84 257
88 257
112 257
126 257
154 257
155 257
180 257
194 257
219 257
227 257
245 257
251 257
4 258
15 258
28 258
43 258
49 258
52 258
59 258
73 258
75 258
84 258
97 258
103 258
120 258
125 258
147 258
148 258
154 258
160 258
164 258
174 258
177 258
183 258
198 258
205 258
210 258
225 258
228 258
230 258
244 258
5 259
15 259
23 259
43 259
66 259
76 259
82 259
92 259
117 259
129 259
138 259
162 259
175 259
176 259
186 259
210 259
230 259
243 259
17 260
35 260
43 260
46 260
51 260
55 260
68 260
109 260
115 260
133 260
137 260
154 260
159 260
167 260
168 260
184 260
190 260
197 260
215 260
232 260
240 260
254 260
259 260
30 261
31 261
38 261
60 261
64 261
69 261
71 261
81 261
82 261
84 261
92 261
118 261
131 261
140 261
145 261
153 261
176 261
188 261
197 261
238 261
245 261
15 262
22 262
25 262
26 262
56 262
64 262
65 262
67 262
76 262
77 262
79 262
95 262
126 262
162 262
164 262
178 262
182 262
190 262
193 262
217 262
233 262
238 262
43 263
49 263
51 263
60 263
79 263
81 263
102 263
105 263
112 263
117 263
137 263
155 263
163 263
176 263
182 263
186 263
190 263
195 263
196 263
198 263
208 263
217 263
226 263
236 263
248 263
258 263
3 264
4 264
13 264
18 264
39 264
42 264
45 264
52 264
53 264
90 264
135 264
163 264
164 264
167 264
173 264
183 264
203 264
207 264
209 264
210 264
221 264
222 264
223 264
241 264
249 264
257 264
13 265
21 265
29 265
36 265
43 265
61 265
85 265
94 265
97 265
120 265
125 265
141 265
145 265
161 265
164 265
168 265
179 265
202 265
234 265
239 265
247 265
251 265
260 265
3 266
12 266
45 266
50 266
56 266
62 266
94 266
105 266
106 266
107 266
112 266
133 266
139 266
146 266
163 266
168 266
171 266
181 266
183 266
195 266
222 266
229 266
230 266
232 266
250 266
261 266
263 266
265 266
16 267
44 267
45 267
51 267
53 267
66 267
123 267
128 267
140 267
159 267
185 267
186 267
201 267
208 267
221 267
231 267
238 267
265 267
266 267
11 268
24 268
27 268
32 268
41 268
44 268
49 268
69 268
76 268
77 268
85 268
103 268
115 268
126 268
132 268
135 268
144 268
145 268
156 268
158 268
160 268
177 268
202 268
224 268
230 268
254 268
6 269
11 269
22 269
41 269
42 269
43 269
45 269
52 269
57 269
60 269
86 269
87 269
99 269
107 269
118 269
148 269
157 269
160 269
176 269
197 269
222 269
247 269
252 269
253 269
254 269
258 269
260 269
16 270
21 270
25 270
26 270
29 270
41 270
60 270
78 270
94 270
104 270
114 270
137 270
183 270
208 270
229 270
230 270
233 270
261 270
10 271
20 271
33 271
40 271
46 271
49 271
76 271
77 271
81 271
93 271
121 271
130 271
146 271
158 271
160 271
179 271
192 271
196 271
217 271
236 271
243 271
252 271
13 272
21 272
30 272
39 272
41 272
43 272
51 272
59 272
96 272
102 272
111 272
124 272
132 272
134 272
135 272
137 272
144 272
145 272
148 272
165 272
166 272
175 272
178 272
195 272
200 272
223 272
225 272
226 272
230 272
239 272
246 272
29 273
32 273
34 273
54 273
55 273
70 273
79 273
84 273
94 273
154 273
174 273
181 273
193 273
195 273
205 273
209 273
217 273
218 273
223 273
242 273
246 273
262 273
268 273
1 274
4 274
9 274
11 274
15 274
23 274
33 274
37 274
48 274
81 274
112 274
113 274
117 274
119 274
126 274
141 274
156 274
183 274
205 274
226 274
264 274
269 274
270 274
3 275
9 275
22 275
37 275
39 275
54 275
64 275
81 275
87 275
111 275
149 275
162 275
169 275
172 275
201 275
204 275
226 275
232 275
234 275
236 275
239 275
13 276
20 276
38 276
44 276
62 276
65 276
78 276
87 276
90 276
127 276
134 276
163 276
165 276
177 276
187 276
206 276
234 276
241 276
249 276
252 276
260 276
261 276
268 276
269 276
273 276
275 276
2 277
23 277
27 277
32 277
42 277
45 277
53 277
54 277
68 277
79 277
100 277
109 277
136 277
139 277
141 277
156 277
170 277
180 277
184 277
188 277
193 277
240 277
245 277
247 277
261 277
265 277
269 277
273 277
275 277
1 278
23 278
32 278
75 278
83 278
94 278
124 278
132 278
151 278
162 278
173 278
175 278
190 278
199 278
200 278
219 278
220 278
221 278
255 278
264 278
269 278
0 279
27 279
49 279
52 279
58 279
61 279
72 279
84 279
97 279
100 279
102 279
104 279
105 279
106 279
124 279
128 279
142 279
143 279
149 279
175 279
184 279
185 279
187 279
201 279
203 279
205 279
228 279
244 279
260 279
264 279
269 279
272 279
274 279
1 280
6 280
7 280
8 280
13 280
28 280
37 280
39 280
61 280
77 280
80 280
94 280
99 280
149 280
159 280
177 280
184 280
198 280
213 280
227 280
248 280
250 280
276 280
278 280
5 281
20 281
34 281
49 281
50 281
60 281
66 281
92 281
104 281
115 281
118 281
128 281
129 281
140 281
155 281
179 281
201 281
202 281
204 281
210 281
213 281
227 281
231 281
236 281
240 281
241 281
242 281
248 281
250 281
251 281
255 281
258 281
263 281
276 281
280 281
23 282
27 282
36 282
47 282
49 282
62 282
65 282
78 282
89 282
95 282
108 282
110 282
127 282
128 282
138 282
186 282
192 282
203 282
205 282
221 282
226 282
232 282
240 282
243 282
6 283
29 283
41 283
46 283
85 283
91 283
94 283
105 283
106 283
109 283
134 283
136 283
138 283
139 283
148 283
149 283
158 283
192 283
216 283
235 283
255 283
256 283
257 283
267 283
278 283
16 284
22 284
30 284
34 284
44 284
62 284
73 284
81 284
97 284
106 284
113 284
125 284
129 284
133 284
137 284
156 284
166 284
169 284
180 284
197 284
229 284
242 284
246 284
256 284
259 284
262 284
264 284
270 284
277 284
282 284
5 285
6 285
17 285
20 285
42 285
43 285
46 285
55 285
59 285
87 285
88 285
104 285
112 285
122 285
134 285
143 285
153 285
157 285
164 285
171 285
179 285
216 285
217 285
224 285
264 285
276 285
3 286
9 286
10 286
11 286
37 286
42 286
49 286
51 286
52 286
67 286
83 286
94 286
101 286
129 286
137 286
146 286
147 286
148 286
150 286
170 286
182 286
188 286
198 286
206 286
208 286
220 286
227 286
230 286
234 286
237 286
256 286
262 286
18 287
24 287
27 287
28 287
44 287
45 287
49 287
53 287
74 287
75 287
77 287
79 287
96 287
102 287
111 287
119 287
125 287
129 287
132 287
133 287
160 287
184 287
197 287
208 287
216 287
235 287
244 287
252 287
254 287
255 287
1 288
2 288
6 288
21 288
22 288
29 288
34 288
48 288
53 288
56 288
58 288
65 288
70 288
75 288
80 288
94 288
98 288
100 288
106 288
114 288
124 288
125 288
153 288
159 288
167 288
195 288
198 288
205 288
208 288
214 288
234 288
256 288
258 288
272 288
287 288
10 289
16 289
33 289
41 289
43 289
45 289
48 289
61 289
65 289
89 289
92 289
93 289
104 289
108 289
110 289
112 289
113 289
132 289
151 289
154 289
158 289
159 289
187 289
191 289
218 289
219 289
233 289
234 289
245 289
263 289
12 290
13 290
16 290
28 290
30 290
35 290
55 290
58 290
67 290
75 290
80 290
100 290
103 290
122 290
144 290
160 290
173 290
229 290
231 290
249 290
265 290
274 290
15 291
26 291
29 291
56 291
62 291
64 291
73 291
78 291
97 291
117 291
120 291
123 291
127 291
132 291
133 291
134 291
139 291
141 291
180 291
181 291
187 291
200 291
215 291
220 291
226 291
242 291
245 291
264 291
279 291
286 291
9 292
33 292
34 292
54 292
79 292
86 292
93 292
100 292
105 292
110 292
141 292
144 292
156 292
167 292
177 292
180 292
181 292
187 292
194 292
212 292
226 292
229 292
242 292
244 292
245 292
246 292
276 292
286 292
4 293
10 293
34 293
66 293
72 293
74 293
82 293
94 293
102 293
116 293
120 293
133 293
135 293
173 293
183 293
184 293
187 293
201 293
221 293
225 293
241 293
249 293
251 293
254 293
261 293
9 294
50 294
58 294
59 294
74 294
108 294
114 294
120 294
156 294
163 294
168 294
175 294
180 294
183 294
184 294
192 294
197 294
212 294
218 294
234 294
247 294
263 294
267 294
275 294
293 294
1 295
6 295
32 295
35 295
48 295
65 295
84 295
86 295
109 295
115 295
131 295
142 295
148 295
155 295
161 295
185 295
189 295
195 295
203 295
208 295
212 295
222 295
229 295
260 295
269 295
276 295
282 295
7 296
29 296
42 296
52 296
71 296
77 296
80 296
82 296
84 296
86 296
100 296
103 296
119 296
129 296
141 296
180 296
199 296
204 296
212 296
235 296
256 296
260 296
266 296
275 296
284 296
9 297
15 297
20 297
29 297
36 297
74 297
97 297
103 297
104 297
106 297
113 297
116 297
124 297
126 297
145 297
160 297
164 297
176 297
182 297
187 297
216 297
233 297
246 297
270 297
285 297
292 297
2 298
20 298
22 298
38 298
48 298
57 298
58 298
72 298
76 298
78 298
84 298
90 298
91 298
101 298
102 298
103 298
109 298
113 298
114 298
125 298
130 298
131 298
137 298
140 298
143 298
146 298
159 298
160 298
177 298
191 298
213 298
221 298
234 298
239 298
242 298
249 298
251 298
256 298
262 298
264 298
278 298
287 298
291 298
292 298
297 298
8 299
11 299
22 299
24 299
32 299
39 299
62 299
67 299
74 299
76 299
84 299
87 299
93 299
94 299
103 299
111 299
113 299
139 299
150 299
192 299
196 299
197 299
214 299
221 299
235 299
240 299
247 299
264 299
265 299
267 299
269 299
276 299
290 299
292 299
