300 6870 5
2 19 11 10 17 8 4 8 18 17 4 2 10 1 15 18 4 2 17 8 2 10 9 5 8 7 20 2 1 16 6 20 2 1 8 10 13 8 8 10 17 9 13 2 10 9 12 17 7 19 8 10 14 10 8 7 7 16 9 6 20 10 5 7 8 1 10 8 5 6 7 3 6 9 7 2 3 7 16 15 4 18 9 16 9 10 16 3 9 7 1 10 4 12 9 4 9 9 11 13 5 10 7 5 2 9 9 2 1 3 4 2 7 3 3 7 10 7 17 7 11 13 9 17 2 18 13 6 9 5 13 18 7 3 6 3 4 18 9 2 19 4 6 8 17 16 15 13 8 4 19 16 8 2 12 14 8 10 10 6 10 2 8 14 17 7 4 1 8 2 9 1 17 12 12 10 10 7 7 10 11 6 6 10 7 3 18 5 8 8 18 2 11 5 2 4 13 19 17 5 2 14 10 3 18 19 7 5 7 10 10 7 7 11 10 4 13 4 10 1 6 10 6 3 12 8 4 2 8 4 10 17 7 3 10 7 9 4 9 4 6 2 20 2 5 14 6 4 4 5 8 6 4 4 3 9 14 1 9 2 1 5 13 2 8 12 18 12 7 3 10 2 12 9 8 9 10 1 5 10 4 11 9 11 10 2 12 3 18 11 7 10 16 13 6 2 10 3 5 7
3 4
4 5
1 6
0 7
3 7
0 8
1 9
5 9
2 10
0 11
5 11
7 11
1 12
3 12
5 12
0 14
5 14
6 15
10 15
4 16
8 16
10 16
11 16
13 16
14 16
11 17
1 18
3 18
6 18
9 18
10 18
14 18
5 20
11 20
14 20
4 21
13 21
14 21
17 21
2 22
3 22
8 22
12 22
14 22
16 22
16 23
17 23
7 24
20 24
23 24
6 25
16 25
24 25
7 26
8 26
14 26
19 26
22 26
3 27
10 27
18 27
20 27
21 27
3 28
19 28
25 28
0 29
2 29
5 29
21 29
22 29
25 29
7 30
11 30
17 30
18 30
3 31
6 31
15 31
21 31
27 31
8 32
11 32
16 32
22 32
24 32
4 33
9 33
18 33
19 33
24 33
29 33
3 34
4 34
6 34
14 34
25 34
28 34
10 35
13 35
15 35
20 35
24 35
27 35
0 36
2 36
10 36
13 36
19 36
21 36
28 36
30 36
34 36
1 37
4 37
8 37
16 37
27 37
30 37
34 37
1 38
4 38
17 38
25 38
27 38
30 38
34 38
3 39
13 39
21 39
22 39
26 39
36 39
5 40
30 40
35 40
6 41
13 41
1 42
7 42
10 42
16 42
26 42
36 42
37 42
41 42
6 43
9 43
12 43
16 43
17 43
21 43
28 43
29 43
32 43
36 43
37 43
39 43
40 43
6 44
11 44
18 44
22 44
23 44
39 44
40 44
1 45
8 45
13 45
20 45
28 45
37 45
3 46
9 46
11 46
13 46
20 46
22 46
36 46
0 47
1 47
13 47
17 47
21 47
26 47
4 48
15 48
18 48
33 48
34 48
45 48
5 49
8 49
14 49
16 49
17 49
21 49
44 49
24 50
30 50
32 50
46 50
0 51
1 51
5 51
19 51
26 51
27 51
31 51
35 51
41 51
45 51
9 52
10 52
17 52
21 52
29 52
32 52
34 52
42 52
11 53
14 53
15 53
40 53
43 53
5 54
6 54
9 54
10 54
24 54
26 54
32 54
33 54
35 54
37 54
44 54
52 54
4 55
12 55
19 55
20 55
31 55
36 55
51 55
4 56
17 56
22 56
27 56
38 56
53 56
3 57
6 57
8 57
10 57
13 57
22 57
32 57
35 57
8 58
10 58
36 58
39 58
41 58
43 58
48 58
52 58
55 58
57 58
0 59
4 59
19 59
28 59
32 59
36 59
38 59
48 59
52 59
54 59
9 60
10 60
12 60
29 60
41 60
44 60
46 60
53 60
2 61
10 61
14 61
19 61
29 61
33 61
57 61
60 61
2 62
4 62
15 62
19 62
22 62
25 62
27 62
31 62
34 62
44 62
47 62
52 62
55 62
56 62
60 62
0 63
13 63
17 63
22 63
29 63
32 63
40 63
46 63
48 63
50 63
61 63
4 64
6 64
9 64
10 64
18 64
21 64
24 64
25 64
31 64
32 64
33 64
34 64
43 64
47 64
55 64
56 64
0 65
11 65
18 65
21 65
46 65
51 65
58 65
63 65
1 66
5 66
10 66
16 66
20 66
40 66
46 66
54 66
65 66
3 67
4 67
7 67
17 67
21 67
24 67
26 67
33 67
41 67
49 67
63 67
64 67
66 67
2 68
4 68
5 68
16 68
19 68
35 68
49 68
53 68
55 68
57 68
61 68
1 69
2 69
3 69
9 69
18 69
20 69
23 69
25 69
29 69
38 69
41 69
63 69
0 70
3 70
12 70
17 70
19 70
25 70
31 70
33 70
36 70
43 70
52 70
59 70
62 70
17 71
36 71
51 71
59 71
1 72
4 72
22 72
39 72
56 72
57 72
65 72
68 72
0 73
2 73
5 73
12 73
13 73
30 73
35 73
42 73
43 73
48 73
62 73
69 73
5 74
13 74
17 74
25 74
37 74
38 74
66 74
2 75
8 75
12 75
40 75
49 75
56 75
6 76
7 76
8 76
16 76
21 76
26 76
27 76
31 76
37 76
42 76
47 76
49 76
54 76
65 76
68 76
70 76
73 76
5 77
10 77
11 77
14 77
18 77
19 77
31 77
35 77
39 77
48 77
63 77
67 77
75 77
22 78
25 78
27 78
31 78
34 78
37 78
40 78
42 78
43 78
44 78
46 78
70 78
24 79
31 79
68 79
0 80
2 80
17 80
20 80
22 80
24 80
37 80
43 80
46 80
50 80
56 80
70 80
71 80
79 80
11 81
20 81
41 81
54 81
63 81
65 81
72 81
74 81
76 81
78 81
4 82
7 82
20 82
26 82
29 82
30 82
43 82
56 82
64 82
69 82
73 82
81 82
3 83
6 83
15 83
21 83
28 83
29 83
35 83
36 83
48 83
53 83
54 83
62 83
66 83
71 83
75 83
79 83
0 84
11 84
21 84
31 84
34 84
40 84
49 84
57 84
60 84
66 84
74 84
83 84
0 85
2 85
13 85
19 85
24 85
59 85
64 85
66 85
70 85
76 85
80 85
81 85
83 85
4 86
8 86
19 86
25 86
43 86
49 86
51 86
56 86
60 86
63 86
67 86
69 86
76 86
78 86
79 86
85 86
10 87
24 87
74 87
77 87
80 87
17 88
27 88
29 88
38 88
42 88
45 88
55 88
59 88
69 88
4 89
5 89
14 89
16 89
19 89
23 89
24 89
29 89
47 89
52 89
62 89
65 89
72 89
73 89
79 89
3 90
9 90
15 90
21 90
31 90
41 90
48 90
53 90
56 90
61 90
64 90
70 90
85 90
86 90
88 90
5 91
6 91
10 91
18 91
19 91
20 91
31 91
44 91
49 91
51 91
55 91
60 91
62 91
81 91
85 91
86 91
5 92
13 92
17 92
29 92
32 92
62 92
66 92
67 92
75 92
76 92
85 92
90 92
91 92
4 93
27 93
29 93
32 93
42 93
48 93
55 93
61 93
62 93
75 93
78 93
87 93
88 93
2 94
4 94
16 94
26 94
30 94
38 94
49 94
51 94
52 94
55 94
57 94
61 94
65 94
77 94
82 94
85 94
0 95
7 95
17 95
18 95
19 95
29 95
31 95
38 95
48 95
55 95
57 95
64 95
66 95
68 95
69 95
71 95
76 95
79 95
1 96
5 96
9 96
12 96
13 96
28 96
32 96
36 96
39 96
45 96
48 96
50 96
55 96
58 96
75 96
81 96
91 96
95 96
7 97
9 97
32 97
33 97
44 97
56 97
57 97
58 97
60 97
82 97
85 97
86 97
9 98
10 98
14 98
17 98
22 98
31 98
34 98
36 98
37 98
54 98
58 98
61 98
76 98
81 98
84 98
93 98
97 98
4 99
9 99
18 99
25 99
28 99
29 99
30 99
36 99
37 99
48 99
49 99
54 99
56 99
57 99
63 99
69 99
73 99
78 99
91 99
12 100
25 100
31 100
33 100
34 100
39 100
48 100
53 100
58 100
63 100
65 100
69 100
71 100
73 100
78 100
82 100
86 100
98 100
99 100
9 101
22 101
35 101
56 101
67 101
80 101
93 101
99 101
1 102
12 102
15 102
27 102
43 102
44 102
48 102
54 102
74 102
75 102
77 102
82 102
88 102
89 102
96 102
99 102
2 103
4 103
8 103
17 103
29 103
32 103
33 103
34 103
42 103
43 103
44 103
56 103
82 103
89 103
94 103
102 103
3 104
7 104
10 104
16 104
22 104
29 104
44 104
62 104
71 104
75 104
81 104
82 104
85 104
86 104
89 104
92 104
102 104
5 105
7 105
11 105
28 105
37 105
41 105
47 105
63 105
64 105
80 105
81 105
86 105
95 105
103 105
9 106
36 106
37 106
38 106
39 106
43 106
44 106
47 106
49 106
50 106
56 106
59 106
61 106
78 106
97 106
1 107
10 107
11 107
14 107
17 107
19 107
20 107
21 107
32 107
48 107
60 107
61 107
67 107
69 107
80 107
88 107
104 107
1 108
4 108
7 108
8 108
15 108
19 108
25 108
32 108
41 108
43 108
48 108
50 108
57 108
59 108
63 108
64 108
67 108
79 108
80 108
89 108
94 108
95 108
103 108
2 109
3 109
35 109
36 109
37 109
39 109
41 109
47 109
49 109
70 109
77 109
89 109
90 109
91 109
102 109
5 110
19 110
24 110
25 110
32 110
38 110
43 110
51 110
63 110
64 110
79 110
83 110
90 110
97 110
100 110
104 110
0 111
6 111
10 111
13 111
19 111
23 111
37 111
40 111
49 111
53 111
54 111
55 111
61 111
62 111
68 111
86 111
87 111
90 111
96 111
108 111
3 112
5 112
22 112
28 112
30 112
33 112
37 112
41 112
42 112
52 112
58 112
69 112
73 112
76 112
83 112
84 112
92 112
97 112
99 112
109 112
2 113
12 113
19 113
22 113
26 113
55 113
61 113
66 113
71 113
72 113
79 113
83 113
99 113
111 113
0 114
13 114
17 114
23 114
31 114
38 114
43 114
57 114
59 114
68 114
70 114
76 114
79 114
88 114
91 114
97 114
99 114
111 114
112 114
113 114
9 115
27 115
29 115
42 115
45 115
46 115
49 115
72 115
85 115
87 115
88 115
97 115
102 115
104 115
110 115
114 115
2 116
4 116
10 116
11 116
17 116
24 116
25 116
33 116
34 116
36 116
54 116
56 116
61 116
68 116
70 116
72 116
76 116
90 116
102 116
109 116
7 117
20 117
22 117
35 117
36 117
38 117
47 117
49 117
55 117
73 117
92 117
95 117
96 117
105 117
110 117
114 117
5 118
7 118
19 118
36 118
44 118
52 118
56 118
60 118
83 118
87 118
95 118
97 118
100 118
104 118
106 118
111 118
114 118
117 118
4 119
7 119
12 119
17 119
25 119
26 119
50 119
51 119
59 119
63 119
80 119
83 119
84 119
88 119
105 119
106 119
108 119
109 119
118 119
4 120
5 120
11 120
16 120
18 120
33 120
42 120
66 120
70 120
78 120
80 120
91 120
96 120
3 121
4 121
5 121
15 121
38 121
46 121
61 121
63 121
72 121
82 121
86 121
90 121
95 121
101 121
102 121
110 121
115 121
18 122
25 122
31 122
43 122
46 122
49 122
62 122
65 122
69 122
86 122
94 122
99 122
101 122
105 122
118 122
119 122
2 123
6 123
8 123
17 123
20 123
21 123
22 123
37 123
40 123
46 123
55 123
57 123
64 123
88 123
94 123
95 123
100 123
103 123
106 123
114 123
116 123
117 123
4 124
12 124
42 124
45 124
49 124
60 124
61 124
77 124
91 124
95 124
99 124
103 124
111 124
115 124
11 125
18 125
20 125
26 125
32 125
47 125
54 125
65 125
71 125
81 125
89 125
90 125
94 125
97 125
100 125
103 125
107 125
112 125
113 125
123 125
3 126
27 126
29 126
37 126
41 126
63 126
66 126
72 126
79 126
91 126
97 126
105 126
112 126
13 127
19 127
21 127
23 127
39 127
51 127
54 127
61 127
70 127
72 127
73 127
94 127
112 127
124 127
8 128
11 128
23 128
25 128
38 128
39 128
45 128
61 128
71 128
82 128
83 128
85 128
96 128
102 128
104 128
109 128
112 128
116 128
124 128
125 128
127 128
12 129
18 129
20 129
40 129
52 129
55 129
68 129
72 129
85 129
92 129
104 129
106 129
115 129
118 129
121 129
123 129
13 130
37 130
49 130
51 130
59 130
60 130
71 130
87 130
107 130
116 130
1 131
6 131
13 131
17 131
18 131
23 131
25 131
26 131
31 131
32 131
36 131
43 131
46 131
48 131
50 131
51 131
52 131
54 131
55 131
56 131
57 131
72 131
87 131
88 131
94 131
96 131
100 131
107 131
108 131
114 131
125 131
126 131
1 132
5 132
14 132
20 132
32 132
33 132
37 132
40 132
48 132
56 132
78 132
81 132
83 132
87 132
90 132
92 132
93 132
95 132
106 132
108 132
120 132
13 133
18 133
31 133
35 133
44 133
47 133
48 133
58 133
59 133
60 133
74 133
80 133
95 133
101 133
102 133
106 133
108 133
116 133
118 133
126 133
132 133
17 134
41 134
46 134
51 134
58 134
68 134
74 134
79 134
87 134
5 135
13 135
21 135
31 135
41 135
42 135
43 135
54 135
66 135
68 135
69 135
74 135
78 135
80 135
93 135
99 135
103 135
106 135
109 135
114 135
116 135
118 135
120 135
122 135
124 135
125 135
128 135
2 136
23 136
26 136
34 136
37 136
50 136
57 136
58 136
60 136
62 136
70 136
74 136
79 136
86 136
89 136
95 136
97 136
98 136
101 136
103 136
107 136
108 136
118 136
131 136
0 137
6 137
12 137
23 137
33 137
44 137
55 137
56 137
58 137
59 137
65 137
77 137
79 137
82 137
112 137
115 137
116 137
117 137
124 137
132 137
4 138
6 138
8 138
13 138
29 138
32 138
51 138
62 138
63 138
69 138
79 138
105 138
110 138
115 138
130 138
135 138
7 139
10 139
12 139
22 139
34 139
44 139
46 139
50 139
60 139
69 139
75 139
77 139
79 139
94 139
101 139
103 139
115 139
125 139
137 139
2 140
6 140
11 140
24 140
34 140
36 140
41 140
44 140
46 140
53 140
54 140
55 140
63 140
71 140
78 140
90 140
95 140
99 140
102 140
129 140
0 141
4 141
5 141
28 141
35 141
40 141
42 141
44 141
47 141
49 141
61 141
67 141
88 141
93 141
94 141
119 141
120 141
136 141
0 142
2 142
9 142
19 142
22 142
34 142
39 142
47 142
52 142
60 142
69 142
76 142
79 142
80 142
84 142
85 142
93 142
98 142
107 142
119 142
130 142
138 142
8 143
25 143
28 143
40 143
42 143
46 143
53 143
54 143
55 143
68 143
69 143
71 143
75 143
79 143
87 143
89 143
98 143
101 143
103 143
105 143
113 143
116 143
120 143
124 143
132 143
136 143
140 143
142 143
1 144
2 144
8 144
10 144
16 144
19 144
36 144
40 144
54 144
62 144
66 144
75 144
89 144
100 144
105 144
112 144
115 144
123 144
124 144
130 144
139 144
141 144
17 145
30 145
37 145
47 145
48 145
70 145
71 145
73 145
74 145
79 145
89 145
100 145
101 145
116 145
127 145
141 145
6 146
16 146
27 146
34 146
46 146
49 146
54 146
58 146
65 146
75 146
100 146
102 146
117 146
123 146
128 146
129 146
133 146
144 146
5 147
8 147
11 147
21 147
39 147
43 147
49 147
52 147
58 147
60 147
62 147
64 147
72 147
75 147
76 147
85 147
91 147
94 147
108 147
114 147
120 147
0 148
18 148
34 148
37 148
38 148
42 148
43 148
54 148
57 148
59 148
60 148
63 148
70 148
85 148
97 148
120 148
127 148
128 148
130 148
143 148
144 148
146 148
8 149
16 149
18 149
19 149
24 149
29 149
37 149
41 149
48 149
49 149
54 149
57 149
60 149
66 149
67 149
71 149
74 149
82 149
86 149
87 149
101 149
103 149
105 149
108 149
125 149
135 149
139 149
146 149
2 150
11 150
19 150
33 150
37 150
60 150
72 150
77 150
82 150
84 150
88 150
92 150
100 150
103 150
107 150
129 150
136 150
143 150
147 150
148 150
11 151
14 151
15 151
19 151
25 151
26 151
28 151
30 151
31 151
37 151
44 151
51 151
57 151
58 151
68 151
79 151
80 151
81 151
96 151
107 151
119 151
123 151
132 151
133 151
137 151
141 151
142 151
21 152
31 152
32 152
36 152
41 152
45 152
50 152
59 152
67 152
79 152
94 152
96 152
106 152
113 152
114 152
119 152
125 152
129 152
140 152
142 152
2 153
14 153
16 153
17 153
26 153
28 153
31 153
47 153
48 153
63 153
68 153
70 153
74 153
75 153
81 153
88 153
98 153
101 153
116 153
123 153
125 153
129 153
130 153
131 153
135 153
146 153
3 154
6 154
14 154
39 154
40 154
48 154
58 154
62 154
72 154
78 154
82 154
84 154
85 154
87 154
93 154
94 154
97 154
108 154
119 154
132 154
133 154
149 154
151 154
4 155
5 155
8 155
11 155
20 155
32 155
44 155
49 155
55 155
58 155
64 155
67 155
68 155
75 155
78 155
83 155
86 155
91 155
93 155
101 155
106 155
107 155
108 155
109 155
118 155
119 155
128 155
131 155
135 155
137 155
138 155
139 155
141 155
150 155
9 156
30 156
36 156
43 156
45 156
49 156
54 156
58 156
59 156
64 156
65 156
72 156
88 156
95 156
102 156
104 156
105 156
112 156
114 156
123 156
137 156
149 156
1 157
6 157
22 157
28 157
29 157
44 157
53 157
54 157
56 157
60 157
66 157
67 157
74 157
75 157
96 157
101 157
104 157
113 157
116 157
121 157
137 157
141 157
150 157
1 158
25 158
34 158
45 158
47 158
52 158
54 158
58 158
61 158
74 158
88 158
107 158
109 158
110 158
119 158
121 158
127 158
130 158
131 158
132 158
144 158
145 158
146 158
9 159
16 159
23 159
29 159
32 159
34 159
35 159
41 159
67 159
76 159
79 159
82 159
87 159
90 159
91 159
101 159
104 159
109 159
114 159
119 159
127 159
136 159
141 159
147 159
148 159
158 159
4 160
11 160
22 160
36 160
41 160
44 160
46 160
47 160
55 160
57 160
64 160
79 160
83 160
103 160
106 160
126 160
134 160
148 160
154 160
155 160
11 161
12 161
25 161
38 161
39 161
40 161
52 161
56 161
57 161
58 161
61 161
70 161
74 161
77 161
81 161
91 161
106 161
107 161
110 161
116 161
122 161
130 161
140 161
141 161
145 161
149 161
150 161
151 161
155 161
0 162
14 162
15 162
19 162
22 162
26 162
27 162
28 162
43 162
46 162
49 162
50 162
58 162
63 162
67 162
72 162
73 162
80 162
92 162
106 162
108 162
109 162
110 162
113 162
115 162
122 162
123 162
125 162
126 162
132 162
137 162
146 162
147 162
160 162
43 163
44 163
46 163
49 163
60 163
68 163
74 163
75 163
79 163
82 163
89 163
100 163
101 163
102 163
116 163
121 163
123 163
130 163
134 163
139 163
141 163
148 163
151 163
154 163
155 163
1 164
5 164
12 164
13 164
19 164
27 164
33 164
36 164
47 164
54 164
70 164
74 164
78 164
80 164
85 164
98 164
101 164
110 164
112 164
113 164
117 164
124 164
129 164
140 164
141 164
146 164
150 164
2 165
3 165
5 165
9 165
10 165
16 165
21 165
23 165
27 165
38 165
40 165
43 165
44 165
55 165
59 165
63 165
65 165
67 165
71 165
72 165
86 165
100 165
104 165
110 165
116 165
129 165
131 165
134 165
136 165
143 165
144 165
145 165
149 165
153 165
154 165
157 165
161 165
10 166
16 166
30 166
31 166
37 166
49 166
70 166
73 166
74 166
81 166
82 166
91 166
110 166
111 166
118 166
122 166
129 166
141 166
142 166
146 166
150 166
161 166
165 166
4 167
6 167
13 167
15 167
20 167
22 167
25 167
28 167
32 167
41 167
49 167
54 167
62 167
69 167
78 167
84 167
89 167
92 167
99 167
108 167
112 167
114 167
123 167
125 167
130 167
134 167
136 167
139 167
145 167
150 167
154 167
159 167
165 167
4 168
19 168
21 168
30 168
36 168
39 168
45 168
47 168
53 168
55 168
66 168
80 168
93 168
106 168
111 168
117 168
123 168
124 168
138 168
148 168
149 168
153 168
154 168
0 169
2 169
6 169
12 169
13 169
14 169
18 169
19 169
23 169
27 169
34 169
38 169
48 169
54 169
56 169
57 169
60 169
65 169
69 169
87 169
90 169
98 169
103 169
105 169
134 169
136 169
158 169
2 170
11 170
12 170
16 170
23 170
27 170
32 170
40 170
43 170
47 170
56 170
74 170
75 170
79 170
88 170
89 170
90 170
91 170
93 170
96 170
104 170
110 170
112 170
115 170
120 170
124 170
134 170
144 170
151 170
158 170
0 171
1 171
3 171
4 171
5 171
9 171
11 171
13 171
20 171
22 171
28 171
29 171
39 171
40 171
51 171
62 171
63 171
64 171
65 171
85 171
93 171
99 171
114 171
115 171
117 171
119 171
132 171
133 171
134 171
143 171
145 171
155 171
159 171
160 171
161 171
162 171
163 171
164 171
165 171
166 171
6 172
21 172
27 172
49 172
56 172
81 172
85 172
89 172
96 172
99 172
110 172
111 172
112 172
120 172
126 172
128 172
132 172
139 172
157 172
163 172
3 173
5 173
10 173
30 173
38 173
44 173
57 173
59 173
60 173
69 173
70 173
75 173
81 173
94 173
98 173
100 173
102 173
108 173
109 173
118 173
119 173
166 173
170 173
0 174
7 174
15 174
23 174
29 174
30 174
35 174
47 174
53 174
56 174
57 174
60 174
64 174
67 174
68 174
77 174
79 174
80 174
86 174
87 174
98 174
100 174
107 174
112 174
118 174
119 174
121 174
125 174
129 174
132 174
139 174
140 174
154 174
158 174
159 174
160 174
161 174
168 174
171 174
2 175
3 175
7 175
9 175
12 175
14 175
17 175
23 175
32 175
33 175
42 175
53 175
54 175
64 175
75 175
83 175
88 175
90 175
94 175
95 175
101 175
113 175
115 175
117 175
124 175
145 175
156 175
164 175
167 175
172 175
2 176
8 176
17 176
35 176
38 176
54 176
55 176
70 176
71 176
73 176
75 176
78 176
79 176
90 176
111 176
113 176
114 176
125 176
129 176
130 176
134 176
156 176
163 176
168 176
2 177
5 177
16 177
21 177
32 177
35 177
39 177
46 177
50 177
51 177
52 177
53 177
58 177
62 177
72 177
76 177
87 177
91 177
92 177
124 177
138 177
149 177
151 177
152 177
167 177
171 177
1 178
10 178
12 178
22 178
30 178
43 178
48 178
51 178
58 178
60 178
61 178
65 178
67 178
69 178
75 178
83 178
101 178
105 178
126 178
127 178
129 178
132 178
144 178
145 178
162 178
163 178
164 178
167 178
171 178
173 178
4 179
7 179
30 179
33 179
39 179
41 179
53 179
65 179
79 179
88 179
108 179
109 179
115 179
138 179
157 179
167 179
171 179
176 179
0 180
1 180
2 180
7 180
9 180
10 180
12 180
20 180
23 180
25 180
26 180
32 180
39 180
43 180
44 180
54 180
62 180
67 180
70 180
82 180
85 180
106 180
112 180
118 180
125 180
126 180
136 180
140 180
151 180
155 180
160 180
161 180
162 180
163 180
169 180
172 180
6 181
19 181
25 181
26 181
27 181
31 181
37 181
51 181
61 181
67 181
73 181
80 181
82 181
87 181
108 181
129 181
131 181
155 181
156 181
157 181
160 181
164 181
179 181
9 182
10 182
17 182
19 182
26 182
33 182
34 182
47 182
58 182
63 182
64 182
70 182
81 182
87 182
104 182
116 182
118 182
119 182
121 182
124 182
127 182
131 182
133 182
138 182
140 182
143 182
154 182
162 182
180 182
11 183
15 183
17 183
18 183
26 183
27 183
32 183
33 183
61 183
62 183
65 183
68 183
77 183
81 183
85 183
95 183
98 183
102 183
119 183
122 183
124 183
126 183
128 183
150 183
151 183
155 183
157 183
160 183
164 183
166 183
169 183
172 183
174 183
3 184
14 184
20 184
25 184
31 184
32 184
46 184
47 184
56 184
61 184
81 184
90 184
92 184
103 184
107 184
116 184
118 184
119 184
138 184
144 184
148 184
150 184
152 184
154 184
157 184
162 184
168 184
171 184
176 184
177 184
6 185
10 185
12 185
14 185
17 185
24 185
39 185
46 185
47 185
54 185
62 185
71 185
81 185
83 185
85 185
88 185
90 185
97 185
99 185
100 185
104 185
106 185
107 185
108 185
117 185
119 185
121 185
123 185
127 185
133 185
136 185
141 185
149 185
155 185
159 185
160 185
181 185
16 186
24 186
39 186
40 186
45 186
55 186
60 186
68 186
76 186
86 186
87 186
94 186
105 186
109 186
110 186
118 186
120 186
127 186
131 186
138 186
140 186
160 186
168 186
172 186
174 186
185 186
6 187
11 187
12 187
23 187
24 187
26 187
32 187
51 187
54 187
58 187
61 187
82 187
91 187
97 187
100 187
107 187
115 187
116 187
120 187
123 187
135 187
147 187
149 187
155 187
159 187
164 187
169 187
174 187
181 187
185 187
7 188
22 188
29 188
51 188
52 188
56 188
57 188
61 188
63 188
64 188
73 188
76 188
90 188
92 188
94 188
99 188
107 188
109 188
112 188
119 188
122 188
129 188
147 188
151 188
157 188
162 188
163 188
164 188
165 188
169 188
173 188
181 188
185 188
6 189
9 189
10 189
19 189
21 189
25 189
42 189
46 189
57 189
73 189
94 189
96 189
98 189
115 189
116 189
118 189
136 189
138 189
151 189
167 189
9 190
34 190
39 190
42 190
53 190
59 190
60 190
62 190
63 190
66 190
68 190
69 190
74 190
82 190
90 190
96 190
100 190
114 190
115 190
123 190
124 190
131 190
133 190
142 190
144 190
175 190
189 190
12 191
17 191
21 191
53 191
76 191
81 191
88 191
89 191
90 191
106 191
111 191
112 191
142 191
147 191
158 191
165 191
167 191
170 191
177 191
180 191
183 191
15 192
18 192
32 192
34 192
38 192
43 192
51 192
53 192
55 192
57 192
61 192
68 192
92 192
95 192
96 192
104 192
105 192
111 192
114 192
140 192
150 192
182 192
185 192
8 193
11 193
12 193
18 193
30 193
32 193
33 193
34 193
38 193
50 193
60 193
64 193
75 193
78 193
86 193
89 193
92 193
97 193
99 193
104 193
105 193
114 193
120 193
123 193
124 193
127 193
130 193
133 193
136 193
139 193
143 193
147 193
152 193
153 193
155 193
173 193
177 193
183 193
184 193
190 193
1 194
17 194
22 194
25 194
27 194
28 194
33 194
36 194
45 194
50 194
58 194
59 194
60 194
75 194
77 194
100 194
103 194
105 194
118 194
120 194
122 194
124 194
128 194
133 194
139 194
157 194
166 194
168 194
178 194
179 194
183 194
187 194
2 195
5 195
6 195
12 195
37 195
47 195
50 195
52 195
61 195
63 195
73 195
78 195
88 195
93 195
96 195
101 195
102 195
114 195
116 195
128 195
130 195
136 195
138 195
156 195
185 195
187 195
193 195
0 196
1 196
18 196
28 196
32 196
35 196
47 196
48 196
49 196
50 196
51 196
52 196
53 196
61 196
67 196
71 196
91 196
116 196
123 196
126 196
135 196
136 196
140 196
152 196
158 196
165 196
170 196
181 196
188 196
4 197
16 197
25 197
34 197
41 197
45 197
48 197
56 197
57 197
63 197
80 197
86 197
87 197
97 197
108 197
116 197
120 197
127 197
129 197
135 197
153 197
154 197
167 197
171 197
180 197
185 197
189 197
190 197
7 198
10 198
19 198
23 198
29 198
42 198
46 198
49 198
57 198
71 198
79 198
80 198
85 198
96 198
99 198
108 198
116 198
117 198
122 198
127 198
135 198
144 198
153 198
159 198
161 198
168 198
176 198
179 198
187 198
9 199
13 199
15 199
27 199
32 199
42 199
47 199
52 199
62 199
67 199
84 199
89 199
94 199
99 199
110 199
111 199
117 199
127 199
151 199
155 199
166 199
167 199
169 199
173 199
175 199
180 199
181 199
182 199
2 200
3 200
20 200
21 200
30 200
33 200
46 200
68 200
88 200
92 200
103 200
113 200
124 200
128 200
130 200
131 200
132 200
143 200
144 200
150 200
152 200
160 200
168 200
169 200
180 200
190 200
8 201
20 201
32 201
37 201
42 201
50 201
51 201
53 201
57 201
63 201
70 201
78 201
82 201
85 201
86 201
93 201
96 201
105 201
108 201
113 201
114 201
117 201
118 201
131 201
149 201
151 201
154 201
157 201
161 201
163 201
173 201
178 201
183 201
200 201
15 202
21 202
22 202
27 202
32 202
33 202
37 202
39 202
45 202
46 202
47 202
51 202
56 202
59 202
62 202
63 202
72 202
83 202
95 202
97 202
100 202
114 202
116 202
117 202
121 202
124 202
127 202
131 202
144 202
145 202
156 202
157 202
166 202
177 202
180 202
187 202
196 202
7 203
23 203
50 203
51 203
52 203
54 203
56 203
77 203
80 203
82 203
89 203
90 203
99 203
106 203
115 203
123 203
125 203
135 203
137 203
142 203
147 203
153 203
157 203
161 203
169 203
170 203
176 203
184 203
187 203
188 203
192 203
194 203
1 204
4 204
7 204
13 204
27 204
36 204
42 204
43 204
47 204
55 204
56 204
61 204
64 204
99 204
107 204
116 204
118 204
121 204
124 204
136 204
137 204
151 204
158 204
162 204
169 204
172 204
175 204
180 204
199 204
12 205
29 205
36 205
46 205
48 205
50 205
54 205
74 205
82 205
88 205
91 205
93 205
99 205
103 205
104 205
118 205
121 205
125 205
134 205
138 205
145 205
156 205
165 205
182 205
200 205
201 205
3 206
7 206
8 206
9 206
14 206
19 206
20 206
33 206
39 206
41 206
55 206
61 206
62 206
63 206
68 206
69 206
76 206
84 206
92 206
103 206
130 206
132 206
149 206
153 206
154 206
159 206
161 206
192 206
195 206
196 206
197 206
205 206
4 207
16 207
28 207
30 207
34 207
36 207
47 207
52 207
53 207
57 207
72 207
75 207
82 207
83 207
85 207
100 207
106 207
107 207
113 207
121 207
129 207
133 207
135 207
140 207
142 207
143 207
146 207
153 207
155 207
162 207
163 207
172 207
174 207
183 207
185 207
191 207
204 207
0 208
11 208
12 208
13 208
46 208
49 208
52 208
56 208
60 208
68 208
70 208
75 208
93 208
96 208
97 208
101 208
106 208
109 208
114 208
122 208
130 208
135 208
139 208
144 208
148 208
150 208
153 208
162 208
171 208
172 208
182 208
187 208
7 209
14 209
18 209
21 209
23 209
48 209
57 209
66 209
74 209
76 209
78 209
82 209
83 209
93 209
103 209
106 209
109 209
119 209
121 209
131 209
141 209
142 209
145 209
147 209
149 209
151 209
152 209
153 209
161 209
166 209
168 209
181 209
184 209
186 209
191 209
1 210
23 210
37 210
39 210
42 210
44 210
53 210
55 210
64 210
69 210
70 210
74 210
78 210
79 210
87 210
107 210
112 210
124 210
128 210
132 210
136 210
140 210
147 210
152 210
156 210
164 210
175 210
178 210
192 210
201 210
205 210
206 210
207 210
208 210
3 211
5 211
8 211
15 211
22 211
28 211
31 211
42 211
45 211
73 211
75 211
77 211
83 211
98 211
99 211
107 211
117 211
118 211
121 211
126 211
142 211
145 211
150 211
151 211
160 211
161 211
162 211
165 211
171 211
175 211
183 211
199 211
2 212
10 212
34 212
42 212
45 212
48 212
50 212
52 212
85 212
91 212
93 212
104 212
108 212
113 212
127 212
132 212
135 212
145 212
151 212
156 212
161 212
172 212
173 212
175 212
182 212
185 212
186 212
189 212
195 212
203 212
204 212
208 212
3 213
15 213
17 213
27 213
28 213
43 213
56 213
59 213
69 213
70 213
75 213
80 213
81 213
82 213
85 213
89 213
104 213
106 213
115 213
127 213
136 213
138 213
151 213
189 213
195 213
196 213
211 213
0 214
33 214
40 214
42 214
43 214
58 214
66 214
81 214
92 214
96 214
102 214
107 214
124 214
125 214
128 214
130 214
164 214
171 214
174 214
181 214
194 214
198 214
202 214
10 215
14 215
15 215
20 215
28 215
30 215
41 215
61 215
64 215
68 215
73 215
85 215
93 215
115 215
128 215
131 215
132 215
135 215
139 215
142 215
147 215
148 215
152 215
161 215
164 215
170 215
171 215
181 215
187 215
195 215
198 215
206 215
207 215
3 216
5 216
6 216
18 216
25 216
32 216
48 216
52 216
65 216
82 216
94 216
99 216
105 216
113 216
120 216
130 216
133 216
134 216
142 216
158 216
171 216
174 216
175 216
184 216
185 216
207 216
208 216
211 216
9 217
19 217
22 217
29 217
31 217
33 217
35 217
42 217
44 217
58 217
68 217
74 217
75 217
81 217
85 217
90 217
99 217
108 217
110 217
117 217
122 217
128 217
139 217
150 217
151 217
152 217
156 217
157 217
164 217
167 217
181 217
186 217
191 217
204 217
207 217
2 218
7 218
11 218
29 218
34 218
38 218
45 218
53 218
54 218
61 218
82 218
92 218
98 218
103 218
107 218
110 218
113 218
120 218
125 218
128 218
135 218
138 218
150 218
151 218
174 218
179 218
183 218
204 218
210 218
217 218
20 219
22 219
30 219
34 219
55 219
57 219
71 219
73 219
74 219
86 219
88 219
95 219
99 219
110 219
112 219
119 219
120 219
130 219
132 219
136 219
139 219
142 219
159 219
161 219
165 219
181 219
195 219
214 219
16 220
17 220
19 220
20 220
28 220
38 220
44 220
48 220
53 220
68 220
72 220
77 220
90 220
94 220
107 220
114 220
120 220
122 220
126 220
130 220
140 220
147 220
154 220
162 220
168 220
179 220
180 220
190 220
213 220
214 220
2 221
3 221
9 221
29 221
32 221
34 221
35 221
46 221
53 221
67 221
76 221
78 221
80 221
86 221
91 221
98 221
99 221
113 221
131 221
140 221
170 221
206 221
220 221
12 222
25 222
30 222
48 222
50 222
52 222
55 222
56 222
57 222
65 222
76 222
79 222
85 222
95 222
105 222
112 222
113 222
120 222
137 222
142 222
154 222
157 222
160 222
170 222
173 222
176 222
178 222
183 222
213 222
214 222
3 223
18 223
22 223
25 223
28 223
30 223
39 223
45 223
77 223
93 223
97 223
100 223
102 223
103 223
104 223
108 223
111 223
114 223
118 223
120 223
124 223
142 223
146 223
149 223
164 223
176 223
180 223
184 223
187 223
189 223
194 223
196 223
208 223
0 224
3 224
6 224
7 224
36 224
38 224
46 224
49 224
61 224
68 224
92 224
99 224
103 224
104 224
106 224
108 224
117 224
121 224
123 224
133 224
140 224
145 224
155 224
175 224
192 224
212 224
219 224
0 225
1 225
4 225
8 225
13 225
19 225
21 225
26 225
27 225
28 225
29 225
37 225
48 225
49 225
78 225
97 225
104 225
106 225
108 225
110 225
117 225
129 225
156 225
177 225
183 225
191 225
195 225
196 225
198 225
204 225
209 225
216 225
221 225
4 226
8 226
9 226
30 226
37 226
38 226
41 226
49 226
62 226
69 226
73 226
75 226
78 226
89 226
95 226
100 226
116 226
127 226
129 226
154 226
158 226
164 226
174 226
175 226
186 226
190 226
192 226
195 226
196 226
210 226
212 226
214 226
217 226
219 226
220 226
224 226
0 227
9 227
16 227
20 227
40 227
46 227
48 227
55 227
57 227
59 227
65 227
66 227
73 227
77 227
89 227
93 227
115 227
120 227
126 227
131 227
142 227
146 227
153 227
156 227
158 227
167 227
168 227
173 227
175 227
177 227
186 227
190 227
191 227
192 227
200 227
219 227
222 227
224 227
8 228
9 228
13 228
16 228
17 228
19 228
24 228
26 228
32 228
39 228
40 228
64 228
68 228
69 228
75 228
88 228
92 228
94 228
106 228
107 228
109 228
117 228
123 228
130 228
144 228
162 228
184 228
189 228
191 228
197 228
200 228
204 228
211 228
217 228
224 228
3 229
10 229
14 229
16 229
22 229
32 229
44 229
59 229
79 229
86 229
95 229
100 229
110 229
113 229
126 229
133 229
146 229
148 229
149 229
166 229
167 229
168 229
183 229
184 229
193 229
198 229
202 229
216 229
222 229
5 230
7 230
10 230
13 230
24 230
26 230
27 230
29 230
30 230
46 230
51 230
62 230
79 230
85 230
92 230
98 230
105 230
121 230
123 230
124 230
140 230
143 230
149 230
152 230
155 230
168 230
169 230
170 230
171 230
172 230
173 230
177 230
183 230
192 230
196 230
204 230
207 230
212 230
226 230
227 230
0 231
6 231
15 231
18 231
23 231
25 231
26 231
32 231
45 231
57 231
58 231
60 231
67 231
73 231
75 231
85 231
86 231
88 231
90 231
95 231
103 231
107 231
111 231
112 231
118 231
119 231
132 231
143 231
154 231
162 231
169 231
184 231
207 231
208 231
222 231
227 231
228 231
7 232
10 232
15 232
16 232
21 232
23 232
32 232
37 232
42 232
50 232
55 232
71 232
74 232
81 232
82 232
83 232
92 232
99 232
102 232
113 232
123 232
128 232
146 232
147 232
150 232
151 232
154 232
159 232
168 232
169 232
182 232
190 232
191 232
202 232
205 232
208 232
211 232
214 232
223 232
224 232
231 232
0 233
1 233
5 233
19 233
21 233
41 233
51 233
53 233
68 233
69 233
72 233
76 233
90 233
102 233
103 233
109 233
132 233
140 233
146 233
153 233
171 233
183 233
184 233
189 233
192 233
196 233
200 233
204 233
205 233
207 233
209 233
215 233
221 233
231 233
9 234
16 234
23 234
29 234
31 234
48 234
63 234
72 234
89 234
106 234
108 234
109 234
117 234
120 234
125 234
131 234
135 234
141 234
154 234
159 234
161 234
165 234
171 234
183 234
191 234
197 234
202 234
210 234
224 234
226 234
227 234
232 234
1 235
5 235
9 235
10 235
11 235
16 235
33 235
66 235
69 235
74 235
76 235
82 235
84 235
85 235
119 235
124 235
125 235
133 235
136 235
141 235
149 235
150 235
158 235
174 235
180 235
181 235
190 235
192 235
194 235
197 235
211 235
214 235
216 235
231 235
232 235
234 235
0 236
5 236
14 236
23 236
24 236
29 236
33 236
37 236
63 236
74 236
82 236
87 236
115 236
116 236
122 236
143 236
146 236
149 236
155 236
156 236
166 236
168 236
182 236
186 236
189 236
195 236
199 236
213 236
214 236
217 236
222 236
224 236
227 236
235 236
4 237
7 237
13 237
26 237
31 237
40 237
42 237
47 237
53 237
60 237
62 237
64 237
65 237
73 237
76 237
82 237
83 237
86 237
97 237
105 237
109 237
112 237
131 237
134 237
135 237
146 237
152 237
153 237
154 237
155 237
161 237
163 237
173 237
175 237
176 237
178 237
179 237
192 237
193 237
194 237
198 237
202 237
203 237
205 237
213 237
218 237
219 237
221 237
5 238
8 238
22 238
23 238
24 238
26 238
30 238
45 238
55 238
62 238
68 238
71 238
87 238
95 238
110 238
113 238
124 238
126 238
132 238
136 238
137 238
142 238
143 238
147 238
149 238
153 238
158 238
161 238
170 238
179 238
202 238
205 238
209 238
212 238
228 238
233 238
0 239
4 239
15 239
17 239
28 239
34 239
51 239
64 239
71 239
75 239
86 239
90 239
98 239
99 239
101 239
102 239
103 239
105 239
109 239
110 239
113 239
120 239
121 239
129 239
133 239
141 239
144 239
150 239
162 239
163 239
167 239
178 239
184 239
190 239
194 239
195 239
196 239
200 239
202 239
210 239
223 239
224 239
231 239
237 239
238 239
0 240
3 240
9 240
16 240
36 240
39 240
43 240
46 240
56 240
62 240
80 240
95 240
101 240
104 240
105 240
109 240
120 240
122 240
133 240
134 240
138 240
143 240
148 240
150 240
154 240
160 240
170 240
176 240
182 240
191 240
194 240
203 240
206 240
211 240
213 240
215 240
222 240
230 240
231 240
238 240
239 240
34 241
37 241
39 241
41 241
45 241
51 241
53 241
54 241
56 241
60 241
76 241
81 241
88 241
102 241
105 241
130 241
154 241
156 241
165 241
169 241
170 241
188 241
191 241
209 241
212 241
217 241
219 241
224 241
225 241
226 241
230 241
2 242
11 242
29 242
40 242
48 242
52 242
55 242
56 242
70 242
71 242
74 242
82 242
92 242
103 242
104 242
117 242
128 242
129 242
139 242
161 242
165 242
166 242
167 242
176 242
189 242
190 242
191 242
195 242
201 242
211 242
213 242
215 242
217 242
220 242
226 242
229 242
234 242
238 242
241 242
1 243
13 243
14 243
20 243
22 243
26 243
27 243
29 243
33 243
41 243
52 243
67 243
68 243
75 243
81 243
84 243
88 243
93 243
97 243
101 243
105 243
108 243
111 243
118 243
135 243
143 243
150 243
160 243
161 243
164 243
166 243
168 243
169 243
183 243
184 243
186 243
201 243
203 243
208 243
217 243
224 243
241 243
1 244
4 244
8 244
17 244
23 244
24 244
33 244
35 244
38 244
39 244
50 244
67 244
73 244
74 244
77 244
95 244
108 244
118 244
119 244
125 244
148 244
161 244
168 244
169 244
173 244
186 244
188 244
197 244
198 244
209 244
221 244
222 244
225 244
226 244
227 244
239 244
242 244
6 245
7 245
13 245
16 245
25 245
30 245
33 245
35 245
38 245
45 245
49 245
53 245
77 245
84 245
89 245
101 245
103 245
121 245
122 245
133 245
146 245
159 245
168 245
174 245
185 245
188 245
192 245
194 245
196 245
206 245
208 245
2 246
20 246
25 246
26 246
33 246
50 246
54 246
71 246
75 246
76 246
77 246
78 246
85 246
91 246
107 246
126 246
127 246
150 246
153 246
158 246
163 246
165 246
185 246
192 246
193 246
199 246
205 246
219 246
220 246
225 246
232 246
235 246
2 247
19 247
35 247
41 247
42 247
47 247
55 247
62 247
68 247
77 247
83 247
87 247
91 247
100 247
102 247
113 247
138 247
142 247
144 247
164 247
182 247
185 247
190 247
200 247
203 247
208 247
210 247
213 247
232 247
241 247
6 248
11 248
17 248
19 248
51 248
54 248
59 248
62 248
65 248
72 248
79 248
86 248
90 248
96 248
101 248
102 248
103 248
104 248
109 248
127 248
130 248
152 248
154 248
158 248
167 248
177 248
182 248
191 248
199 248
204 248
218 248
219 248
228 248
230 248
234 248
235 248
240 248
20 249
40 249
45 249
48 249
56 249
57 249
58 249
65 249
69 249
70 249
75 249
80 249
88 249
94 249
95 249
100 249
107 249
110 249
111 249
115 249
124 249
132 249
140 249
149 249
154 249
155 249
161 249
178 249
181 249
192 249
195 249
196 249
199 249
213 249
227 249
229 249
231 249
233 249
245 249
4 250
8 250
17 250
18 250
25 250
26 250
31 250
46 250
49 250
54 250
55 250
79 250
81 250
84 250
85 250
90 250
91 250
94 250
106 250
107 250
109 250
111 250
116 250
125 250
135 250
142 250
162 250
166 250
176 250
178 250
195 250
199 250
204 250
208 250
212 250
213 250
215 250
218 250
223 250
232 250
249 250
1 251
2 251
6 251
24 251
46 251
49 251
55 251
56 251
59 251
62 251
68 251
69 251
73 251
74 251
76 251
82 251
84 251
86 251
89 251
105 251
116 251
130 251
139 251
147 251
157 251
162 251
169 251
173 251
174 251
175 251
179 251
188 251
194 251
198 251
201 251
207 251
227 251
229 251
233 251
234 251
235 251
237 251
245 251
247 251
2 252
7 252
29 252
48 252
51 252
53 252
55 252
58 252
65 252
74 252
80 252
87 252
96 252
114 252
117 252
137 252
153 252
160 252
162 252
166 252
170 252
171 252
177 252
184 252
190 252
195 252
200 252
222 252
224 252
235 252
240 252
2 253
4 253
8 253
9 253
11 253
36 253
44 253
50 253
55 253
60 253
65 253
66 253
92 253
117 253
132 253
134 253
140 253
142 253
147 253
156 253
159 253
168 253
169 253
172 253
178 253
179 253
182 253
194 253
195 253
199 253
200 253
204 253
205 253
224 253
237 253
250 253
251 253
3 254
7 254
8 254
10 254
12 254
15 254
25 254
26 254
29 254
30 254
66 254
69 254
70 254
75 254
80 254
82 254
100 254
106 254
110 254
111 254
116 254
121 254
122 254
124 254
126 254
127 254
128 254
141 254
149 254
161 254
164 254
186 254
210 254
221 254
223 254
232 254
240 254
241 254
243 254
253 254
9 255
10 255
11 255
15 255
25 255
37 255
41 255
47 255
58 255
60 255
64 255
65 255
70 255
71 255
75 255
78 255
79 255
91 255
102 255
105 255
106 255
107 255
113 255
125 255
129 255
130 255
138 255
149 255
150 255
151 255
157 255
158 255
172 255
174 255
175 255
188 255
195 255
200 255
208 255
215 255
216 255
218 255
246 255
247 255
3 256
7 256
11 256
18 256
27 256
29 256
34 256
35 256
50 256
54 256
63 256
64 256
67 256
70 256
77 256
95 256
102 256
105 256
117 256
120 256
122 256
128 256
132 256
139 256
142 256
152 256
165 256
172 256
175 256
178 256
186 256
187 256
191 256
206 256
227 256
230 256
241 256
4 257
5 257
6 257
18 257
20 257
25 257
28 257
35 257
39 257
42 257
47 257
59 257
61 257
62 257
72 257
74 257
79 257
85 257
87 257
89 257
94 257
96 257
104 257
108 257
112 257
115 257
120 257
122 257
123 257
128 257
131 257
134 257
135 257
147 257
149 257
152 257
153 257
156 257
161 257
162 257
163 257
165 257
166 257
179 257
183 257
189 257
202 257
210 257
220 257
224 257
226 257
233 257
240 257
246 257
8 258
23 258
25 258
26 258
33 258
49 258
52 258
64 258
65 258
66 258
68 258
69 258
71 258
74 258
82 258
94 258
97 258
98 258
102 258
105 258
109 258
115 258
121 258
135 258
140 258
147 258
154 258
158 258
159 258
162 258
174 258
177 258
179 258
181 258
183 258
184 258
190 258
196 258
199 258
200 258
202 258
203 258
213 258
233 258
234 258
238 258
239 258
241 258
242 258
257 258
3 259
22 259
25 259
29 259
36 259
42 259
57 259
58 259
70 259
80 259
86 259
112 259
114 259
120 259
127 259
132 259
140 259
141 259
143 259
151 259
159 259
167 259
172 259
178 259
183 259
186 259
200 259
214 259
239 259
242 259
249 259
251 259
253 259
257 259
1 260
12 260
17 260
27 260
38 260
43 260
44 260
50 260
61 260
76 260
77 260
89 260
91 260
98 260
101 260
126 260
134 260
149 260
152 260
155 260
158 260
164 260
166 260
173 260
181 260
189 260
191 260
202 260
218 260
226 260
227 260
244 260
253 260
40 261
42 261
46 261
53 261
57 261
85 261
98 261
100 261
102 261
103 261
107 261
111 261
113 261
114 261
121 261
122 261
133 261
140 261
153 261
159 261
161 261
166 261
169 261
171 261
179 261
187 261
189 261
200 261
203 261
237 261
244 261
248 261
253 261
4 262
10 262
15 262
20 262
25 262
50 262
60 262
63 262
68 262
80 262
81 262
82 262
87 262
89 262
91 262
95 262
99 262
100 262
101 262
104 262
107 262
110 262
121 262
129 262
151 262
157 262
169 262
180 262
190 262
195 262
207 262
218 262
219 262
230 262
231 262
238 262
241 262
246 262
259 262
0 263
7 263
8 263
9 263
16 263
21 263
23 263
26 263
27 263
29 263
45 263
46 263
53 263
61 263
64 263
76 263
80 263
83 263
101 263
103 263
106 263
110 263
138 263
145 263
151 263
156 263
159 263
162 263
170 263
175 263
189 263
193 263
194 263
211 263
217 263
227 263
231 263
238 263
251 263
252 263
254 263
261 263
4 264
5 264
10 264
19 264
22 264
25 264
26 264
29 264
40 264
44 264
48 264
49 264
52 264
55 264
57 264
60 264
61 264
64 264
72 264
82 264
85 264
94 264
97 264
98 264
101 264
102 264
123 264
127 264
132 264
137 264
148 264
152 264
157 264
159 264
167 264
178 264
188 264
193 264
200 264
209 264
212 264
214 264
217 264
228 264
237 264
241 264
249 264
257 264
261 264
1 265
8 265
24 265
26 265
29 265
46 265
52 265
59 265
60 265
62 265
70 265
74 265
75 265
79 265
85 265
88 265
91 265
92 265
97 265
98 265
99 265
104 265
108 265
116 265
117 265
118 265
122 265
145 265
150 265
160 265
165 265
178 265
183 265
186 265
205 265
206 265
211 265
214 265
215 265
229 265
231 265
234 265
242 265
248 265
17 266
22 266
40 266
42 266
62 266
68 266
72 266
75 266
82 266
86 266
89 266
95 266
98 266
101 266
104 266
117 266
122 266
124 266
125 266
128 266
130 266
131 266
132 266
146 266
150 266
151 266
160 266
164 266
170 266
172 266
188 266
193 266
194 266
217 266
221 266
224 266
226 266
235 266
240 266
241 266
250 266
251 266
252 266
253 266
255 266
258 266
262 266
9 267
15 267
20 267
21 267
34 267
37 267
39 267
44 267
49 267
50 267
53 267
64 267
70 267
81 267
84 267
92 267
96 267
98 267
102 267
103 267
109 267
121 267
123 267
142 267
148 267
150 267
152 267
164 267
173 267
179 267
182 267
187 267
190 267
198 267
205 267
208 267
213 267
230 267
255 267
263 267
265 267
5 268
16 268
39 268
42 268
44 268
49 268
54 268
56 268
67 268
68 268
74 268
81 268
91 268
97 268
102 268
107 268
110 268
115 268
124 268
125 268
134 268
142 268
149 268
150 268
152 268
154 268
155 268
156 268
158 268
161 268
167 268
171 268
213 268
225 268
231 268
246 268
247 268
254 268
263 268
266 268
2 269
3 269
13 269
16 269
25 269
27 269
30 269
49 269
60 269
61 269
66 269
72 269
73 269
80 269
81 269
82 269
90 269
97 269
111 269
117 269
137 269
145 269
151 269
155 269
159 269
161 269
162 269
164 269
168 269
169 269
180 269
184 269
185 269
186 269
188 269
190 269
195 269
201 269
204 269
219 269
222 269
227 269
233 269
240 269
245 269
248 269
264 269
265 269
267 269
22 270
28 270
45 270
51 270
52 270
54 270
63 270
70 270
71 270
72 270
76 270
89 270
97 270
100 270
114 270
119 270
133 270
134 270
140 270
141 270
143 270
151 270
162 270
168 270
169 270
176 270
178 270
179 270
189 270
192 270
196 270
205 270
213 270
220 270
225 270
226 270
238 270
6 271
15 271
25 271
29 271
38 271
44 271
46 271
58 271
62 271
83 271
91 271
92 271
103 271
104 271
109 271
112 271
118 271
129 271
131 271
139 271
140 271
145 271
154 271
171 271
178 271
181 271
185 271
186 271
197 271
199 271
206 271
208 271
209 271
213 271
219 271
232 271
237 271
239 271
252 271
253 271
263 271
270 271
0 272
14 272
15 272
22 272
39 272
48 272
49 272
74 272
81 272
88 272
89 272
91 272
103 272
106 272
110 272
113 272
117 272
143 272
144 272
156 272
158 272
164 272
179 272
189 272
194 272
195 272
202 272
205 272
208 272
212 272
214 272
216 272
220 272
221 272
228 272
237 272
254 272
258 272
4 273
18 273
21 273
29 273
30 273
34 273
39 273
41 273
53 273
58 273
62 273
85 273
100 273
113 273
116 273
117 273
119 273
131 273
135 273
139 273
146 273
152 273
157 273
162 273
164 273
171 273
178 273
180 273
185 273
191 273
197 273
201 273
205 273
209 273
210 273
212 273
221 273
226 273
232 273
238 273
269 273
4 274
11 274
12 274
23 274
27 274
29 274
39 274
47 274
53 274
55 274
58 274
60 274
82 274
87 274
89 274
98 274
101 274
111 274
113 274
114 274
115 274
127 274
129 274
133 274
138 274
140 274
149 274
190 274
203 274
206 274
209 274
213 274
232 274
233 274
237 274
239 274
240 274
249 274
252 274
253 274
261 274
266 274
268 274
270 274
2 275
11 275
23 275
26 275
29 275
30 275
34 275
42 275
46 275
56 275
59 275
68 275
73 275
83 275
86 275
88 275
97 275
102 275
103 275
104 275
107 275
112 275
125 275
126 275
128 275
129 275
131 275
132 275
139 275
150 275
155 275
158 275
159 275
167 275
176 275
182 275
190 275
199 275
200 275
204 275
219 275
221 275
231 275
239 275
256 275
260 275
261 275
264 275
265 275
267 275
271 275
6 276
7 276
9 276
29 276
30 276
37 276
50 276
61 276
70 276
76 276
83 276
84 276
85 276
88 276
89 276
109 276
117 276
120 276
125 276
127 276
128 276
130 276
139 276
147 276
148 276
157 276
170 276
178 276
193 276
195 276
205 276
212 276
214 276
223 276
238 276
240 276
248 276
255 276
262 276
264 276
274 276
4 277
29 277
42 277
43 277
62 277
64 277
68 277
75 277
83 277
106 277
110 277
111 277
121 277
130 277
133 277
135 277
137 277
145 277
146 277
147 277
150 277
155 277
163 277
189 277
190 277
195 277
201 277
202 277
210 277
213 277
217 277
226 277
227 277
238 277
251 277
266 277
273 277
2 278
4 278
6 278
15 278
16 278
19 278
25 278
32 278
33 278
59 278
60 278
70 278
71 278
77 278
96 278
97 278
103 278
105 278
110 278
112 278
113 278
119 278
125 278
134 278
139 278
142 278
148 278
151 278
152 278
162 278
173 278
178 278
188 278
195 278
204 278
205 278
208 278
218 278
220 278
236 278
238 278
243 278
244 278
246 278
252 278
1 279
4 279
5 279
6 279
15 279
17 279
24 279
34 279
44 279
48 279
52 279
58 279
70 279
80 279
84 279
90 279
102 279
103 279
110 279
112 279
114 279
120 279
128 279
139 279
140 279
148 279
158 279
159 279
161 279
163 279
182 279
193 279
207 279
209 279
212 279
215 279
225 279
238 279
241 279
262 279
265 279
268 279
0 280
1 280
4 280
21 280
26 280
33 280
43 280
68 280
71 280
81 280
93 280
99 280
111 280
132 280
154 280
156 280
160 280
161 280
167 280
169 280
184 280
185 280
189 280
191 280
195 280
197 280
205 280
208 280
209 280
217 280
220 280
222 280
233 280
239 280
253 280
254 280
266 280
276 280
1 281
3 281
5 281
31 281
32 281
36 281
38 281
39 281
40 281
41 281
44 281
46 281
48 281
51 281
57 281
62 281
81 281
84 281
96 281
97 281
101 281
114 281
119 281
132 281
142 281
147 281
158 281
159 281
160 281
178 281
182 281
207 281
208 281
209 281
215 281
232 281
263 281
270 281
276 281
15 282
19 282
20 282
28 282
29 282
48 282
49 282
60 282
67 282
89 282
91 282
95 282
97 282
102 282
116 282
118 282
133 282
135 282
144 282
146 282
150 282
156 282
170 282
171 282
175 282
180 282
183 282
185 282
200 282
210 282
225 282
236 282
238 282
241 282
252 282
270 282
277 282
1 283
6 283
12 283
20 283
28 283
33 283
40 283
41 283
44 283
45 283
59 283
61 283
76 283
81 283
94 283
95 283
97 283
109 283
118 283
119 283
143 283
144 283
155 283
168 283
170 283
179 283
189 283
192 283
193 283
196 283
200 283
210 283
212 283
221 283
222 283
232 283
233 283
238 283
242 283
263 283
273 283
277 283
0 284
10 284
28 284
32 284
50 284
53 284
56 284
65 284
66 284
67 284
70 284
80 284
81 284
92 284
97 284
112 284
116 284
117 284
130 284
132 284
143 284
158 284
165 284
171 284
189 284
192 284
194 284
195 284
202 284
208 284
213 284
217 284
223 284
233 284
237 284
251 284
254 284
256 284
259 284
279 284
14 285
36 285
41 285
51 285
82 285
84 285
95 285
104 285
108 285
111 285
119 285
123 285
130 285
133 285
136 285
139 285
142 285
143 285
145 285
156 285
162 285
165 285
184 285
188 285
189 285
196 285
201 285
204 285
206 285
211 285
213 285
223 285
229 285
243 285
244 285
260 285
264 285
272 285
273 285
276 285
277 285
281 285
4 286
7 286
16 286
23 286
24 286
26 286
40 286
51 286
60 286
65 286
70 286
76 286
84 286
91 286
101 286
102 286
105 286
108 286
109 286
113 286
120 286
122 286
127 286
132 286
135 286
138 286
148 286
151 286
154 286
155 286
159 286
165 286
167 286
174 286
175 286
184 286
188 286
201 286
203 286
218 286
220 286
243 286
246 286
258 286
259 286
266 286
274 286
4 287
5 287
13 287
14 287
15 287
22 287
41 287
48 287
55 287
63 287
74 287
76 287
77 287
83 287
86 287
94 287
118 287
123 287
126 287
137 287
138 287
139 287
140 287
141 287
147 287
149 287
151 287
157 287
163 287
179 287
182 287
187 287
194 287
201 287
203 287
206 287
207 287
210 287
212 287
228 287
231 287
234 287
243 287
245 287
246 287
255 287
264 287
268 287
271 287
274 287
285 287
286 287
5 288
11 288
14 288
16 288
25 288
26 288
40 288
46 288
50 288
51 288
53 288
57 288
81 288
82 288
83 288
88 288
89 288
104 288
109 288
110 288
116 288
121 288
124 288
135 288
138 288
151 288
152 288
160 288
161 288
163 288
170 288
180 288
197 288
198 288
218 288
219 288
226 288
229 288
232 288
243 288
249 288
250 288
254 288
263 288
264 288
266 288
267 288
269 288
272 288
274 288
275 288
282 288
283 288
285 288
0 289
1 289
5 289
9 289
25 289
34 289
38 289
45 289
49 289
62 289
63 289
70 289
72 289
86 289
101 289
102 289
104 289
110 289
113 289
118 289
142 289
147 289
155 289
164 289
165 289
166 289
167 289
176 289
178 289
182 289
188 289
196 289
199 289
203 289
211 289
212 289
220 289
221 289
225 289
238 289
243 289
245 289
246 289
249 289
257 289
261 289
265 289
271 289
276 289
278 289
282 289
283 289
287 289
3 290
18 290
20 290
23 290
40 290
46 290
52 290
60 290
62 290
64 290
69 290
72 290
75 290
81 290
83 290
88 290
92 290
97 290
107 290
113 290
119 290
120 290
124 290
126 290
139 290
140 290
147 290
150 290
152 290
169 290
170 290
185 290
199 290
201 290
204 290
207 290
226 290
227 290
233 290
238 290
241 290
255 290
257 290
267 290
274 290
278 290
284 290
2 291
16 291
21 291
27 291
28 291
44 291
47 291
51 291
66 291
78 291
79 291
81 291
83 291
85 291
89 291
100 291
111 291
112 291
113 291
129 291
136 291
152 291
155 291
156 291
157 291
158 291
164 291
192 291
193 291
194 291
199 291
202 291
204 291
218 291
220 291
221 291
227 291
231 291
234 291
251 291
260 291
264 291
265 291
267 291
285 291
0 292
11 292
12 292
14 292
26 292
28 292
37 292
39 292
40 292
72 292
74 292
75 292
76 292
83 292
86 292
87 292
98 292
108 292
110 292
120 292
124 292
130 292
131 292
142 292
145 292
146 292
148 292
152 292
173 292
178 292
182 292
189 292
191 292
197 292
204 292
214 292
229 292
230 292
240 292
241 292
247 292
249 292
252 292
269 292
271 292
286 292
289 292
36 293
38 293
43 293
44 293
58 293
72 293
86 293
92 293
95 293
96 293
98 293
100 293
105 293
122 293
129 293
140 293
170 293
176 293
179 293
184 293
191 293
202 293
210 293
219 293
220 293
221 293
228 293
231 293
240 293
260 293
274 293
276 293
280 293
283 293
284 293
289 293
22 294
27 294
29 294
31 294
32 294
35 294
40 294
42 294
56 294
64 294
66 294
67 294
73 294
79 294
87 294
89 294
95 294
103 294
107 294
112 294
114 294
137 294
139 294
144 294
145 294
151 294
155 294
164 294
165 294
174 294
180 294
181 294
185 294
186 294
200 294
202 294
203 294
204 294
205 294
219 294
225 294
258 294
259 294
262 294
263 294
264 294
266 294
267 294
268 294
270 294
282 294
284 294
290 294
6 295
13 295
21 295
27 295
33 295
36 295
41 295
47 295
71 295
79 295
82 295
98 295
99 295
107 295
131 295
145 295
146 295
154 295
156 295
161 295
163 295
166 295
167 295
168 295
177 295
180 295
181 295
182 295
186 295
187 295
188 295
189 295
203 295
214 295
216 295
231 295
234 295
251 295
252 295
255 295
282 295
292 295
13 296
24 296
29 296
33 296
36 296
37 296
42 296
46 296
49 296
58 296
63 296
65 296
77 296
80 296
102 296
103 296
106 296
123 296
124 296
141 296
143 296
145 296
149 296
153 296
178 296
196 296
198 296
214 296
233 296
238 296
247 296
263 296
277 296
281 296
290 296
295 296
2 297
32 297
34 297
39 297
45 297
61 297
62 297
67 297
70 297
72 297
80 297
81 297
110 297
122 297
125 297
127 297
131 297
134 297
136 297
172 297
182 297
191 297
194 297
199 297
205 297
213 297
216 297
220 297
224 297
237 297
243 297
246 297
248 297
254 297
257 297
263 297
265 297
268 297
274 297
276 297
277 297
295 297
296 297
2 298
9 298
19 298
20 298
25 298
26 298
37 298
42 298
48 298
65 298
74 298
86 298
89 298
91 298
96 298
101 298
116 298
123 298
128 298
129 298
131 298
133 298
139 298
141 298
151 298
167 298
189 298
197 298
201 298
203 298
206 298
209 298
211 298
246 298
254 298
257 298
258 298
261 298
267 298
276 298
297 298
1 299
2 299
3 299
4 299
13 299
19 299
22 299
24 299
30 299
37 299
43 299
50 299
51 299
63 299
65 299
68 299
71 299
78 299
79 299
87 299
89 299
93 299
96 299
98 299
101 299
130 299
135 299
141 299
150 299
151 299
160 299
161 299
172 299
174 299
185 299
197 299
204 299
214 299
218 299
231 299
254 299
257 299
271 299
276 299
279 299
288 299
