300 6751 5
3 4 11 1 13 7 3 2 7 3 20 26 3 11 36 2 5 11 13 1 4 1 4 3 10 1 3 25 3 8 17 2 7 1 13 23 4 11 1 5 19 19 23 15 2 20 2 2 6 16 24 9 3 12 3 7 2 14 5 4 18 12 7 7 16 4 7 3 4 3 2 1 3 3 6 1 13 8 16 2 1 8 5 1 11 1 6 9 4 25 1 13 3 7 1 29 2 9 1 3 13 5 1 6 2 6 8 9 10 2 24 10 3 7 3 4 5 13 15 11 1 4 2 1 2 2 8 3 4 1 2 27 14 5 3 4 4 1 8 6 6 18 2 10 10 39 1 1 10 3 10 7 26 5 1 4 2 4 3 22 1 7 8 3 16 2 2 11 7 1 2 6 13 4 2 2 22 17 2 2 1 10 11 2 19 13 3 5 1 9 12 5 3 1 14 44 13 3 2 1 10 8 10 9 1 5 7 3 6 8 3 10 2 1 6 12 3 2 6 1 3 2 2 7 1 7 1 3 1 3 12 9 10 1 7 3 3 4 3 17 28 9 2 9 1 3 2 4 8 32 27 8 11 29 6 1 1 2 3 3 6 1 3 5 7 2 3 41 4 5 3 1 1 63 1 8 33 13 2 5 4 5 2 1 3 7 24 5 5 7 5 11 3 10 10 17 6 1 36 18
1 3
5 6
2 7
2 8
4 9
7 10
3 11
3 12
7 12
4 13
7 14
13 14
3 15
4 15
10 15
4 16
11 16
15 16
4 17
9 17
11 18
12 18
15 18
3 19
13 19
15 19
17 19
12 20
17 20
0 21
5 21
9 21
10 21
12 21
8 22
12 22
18 22
20 22
6 23
7 23
8 23
17 23
22 23
4 24
6 24
8 24
16 24
19 24
1 25
2 25
5 25
7 25
18 25
0 26
3 26
11 26
14 26
22 26
23 26
0 27
4 27
20 27
25 27
10 28
20 28
21 28
2 29
3 29
5 29
7 29
9 29
20 29
25 29
1 30
10 30
13 30
19 30
24 30
25 30
26 30
0 31
10 31
20 31
4 32
8 32
14 32
15 32
18 32
23 32
16 33
31 33
1 34
9 34
8 35
17 35
29 35
15 36
4 37
6 37
12 37
16 37
21 37
27 37
28 37
8 38
10 38
14 38
16 38
23 38
0 39
2 39
20 39
25 39
33 39
37 39
7 40
9 40
13 40
14 40
29 40
33 40
34 40
36 40
1 41
2 41
13 41
14 41
15 41
16 41
17 41
23 41
24 41
40 41
9 42
14 42
37 42
7 43
18 43
19 43
26 43
36 43
0 44
9 44
14 44
17 44
21 44
22 44
28 44
37 44
10 45
21 45
24 45
37 45
40 45
1 46
13 46
20 46
23 46
36 46
37 46
39 46
41 46
4 47
25 47
29 47
31 47
37 47
4 48
10 48
23 48
28 48
32 48
46 48
3 49
6 49
17 49
18 49
35 49
42 49
45 50
0 51
2 51
9 51
13 51
18 51
28 51
31 51
38 51
41 51
47 51
48 51
1 52
3 52
16 52
17 52
25 52
26 52
29 52
12 53
17 53
22 53
27 53
29 53
31 53
37 53
38 53
40 53
5 54
6 54
12 54
14 54
16 54
32 54
49 54
12 55
13 55
18 55
23 55
29 55
31 55
35 55
38 55
49 55
50 55
2 56
18 56
27 56
31 56
37 56
0 57
5 57
8 57
9 57
15 57
23 57
34 57
50 57
1 58
19 58
29 58
35 58
37 58
49 58
50 58
8 59
12 59
15 59
20 59
24 59
35 59
46 59
0 60
4 60
8 60
19 60
20 60
35 60
40 60
43 60
54 60
8 61
14 61
16 61
25 61
32 61
49 61
52 61
0 62
5 62
9 62
10 62
17 62
28 62
29 62
30 62
40 62
42 62
43 62
46 62
49 62
56 62
3 63
10 63
20 63
29 63
34 63
36 63
43 63
46 63
47 63
49 63
54 63
2 64
3 64
6 64
12 64
17 64
26 64
29 64
47 64
49 64
51 64
52 64
54 64
61 64
18 65
30 65
31 65
36 65
38 65
39 65
57 65
58 65
1 66
2 66
6 66
7 66
14 66
23 66
27 66
39 66
31 67
32 67
40 67
44 67
50 67
63 67
1 68
5 68
7 68
10 68
14 68
27 68
28 68
29 68
37 68
41 68
47 68
54 68
1 69
5 69
9 69
14 69
15 69
16 69
23 69
39 69
47 69
48 69
50 69
62 69
4 70
17 70
33 70
37 70
41 70
46 70
53 70
62 70
64 70
0 71
5 71
27 71
59 71
61 71
66 71
8 72
14 72
22 72
29 72
46 72
64 72
70 72
16 73
20 73
25 73
30 73
33 73
40 73
65 73
66 73
71 73
3 74
5 74
9 74
18 74
27 74
34 74
37 74
47 74
49 74
51 74
66 74
67 74
71 74
72 74
3 75
4 75
6 75
28 75
30 75
35 75
37 75
41 75
46 75
55 75
58 75
60 75
64 75
67 75
72 75
13 76
19 76
22 76
27 76
35 76
36 76
54 76
56 76
62 76
70 76
1 77
7 77
15 77
17 77
21 77
24 77
25 77
27 77
35 77
39 77
41 77
44 77
50 77
59 77
65 77
71 77
6 78
17 78
18 78
23 78
24 78
30 78
35 78
43 78
47 78
61 78
64 78
73 78
10 79
12 79
33 79
37 79
40 79
47 79
49 79
51 79
57 79
59 79
6 80
19 80
21 80
24 80
32 80
39 80
45 80
51 80
66 80
78 80
18 81
23 81
28 81
31 81
33 81
37 81
50 81
52 81
58 81
69 81
73 81
78 81
79 81
5 82
15 82
19 82
32 82
34 82
42 82
49 82
73 82
7 83
10 83
13 83
18 83
21 83
27 83
36 83
38 83
45 83
47 83
51 83
54 83
63 83
65 83
69 83
77 83
81 83
2 84
7 84
8 84
17 84
21 84
24 84
25 84
27 84
32 84
35 84
38 84
47 84
52 84
61 84
63 84
69 84
1 85
4 85
8 85
14 85
17 85
18 85
30 85
42 85
48 85
50 85
69 85
1 86
4 86
6 86
8 86
10 86
19 86
25 86
37 86
40 86
49 86
51 86
71 86
83 86
5 87
9 87
35 87
36 87
49 87
50 87
53 87
79 87
82 87
83 87
2 88
3 88
8 88
11 88
22 88
23 88
26 88
39 88
41 88
46 88
47 88
52 88
60 88
61 88
69 88
75 88
78 88
79 88
5 89
8 89
15 89
24 89
38 89
47 89
66 89
68 89
72 89
81 89
1 90
8 90
11 90
16 90
19 90
22 90
23 90
31 90
37 90
41 90
44 90
45 90
48 90
54 90
58 90
60 90
72 90
76 90
79 90
82 90
89 90
1 91
2 91
10 91
17 91
18 91
19 91
30 91
34 91
58 91
61 91
64 91
65 91
72 91
73 91
87 91
3 92
10 92
14 92
22 92
24 92
28 92
53 92
56 92
59 92
66 92
6 93
10 93
13 93
16 93
27 93
30 93
32 93
36 93
39 93
40 93
43 93
45 93
49 93
53 93
59 93
63 93
75 93
78 93
82 93
90 93
18 94
23 94
25 94
33 94
51 94
56 94
64 94
70 94
88 94
89 94
91 94
7 95
28 95
37 95
56 95
63 95
65 95
68 95
70 95
72 95
83 95
84 95
87 95
94 95
2 96
3 96
23 96
24 96
26 96
30 96
31 96
34 96
36 96
38 96
49 96
58 96
86 96
92 96
2 97
7 97
11 97
12 97
16 97
30 97
32 97
37 97
40 97
52 97
58 97
61 97
76 97
79 97
89 97
90 97
93 97
3 98
6 98
18 98
21 98
29 98
35 98
37 98
47 98
52 98
53 98
54 98
57 98
79 98
81 98
84 98
85 98
88 98
90 98
94 98
3 99
6 99
14 99
17 99
25 99
29 99
32 99
38 99
39 99
40 99
49 99
52 99
55 99
57 99
59 99
64 99
69 99
71 99
72 99
73 99
81 99
90 99
97 99
98 99
2 100
3 100
4 100
8 100
9 100
11 100
12 100
15 100
22 100
26 100
28 100
29 100
34 100
40 100
41 100
44 100
47 100
51 100
63 100
66 100
81 100
89 100
92 100
99 100
1 101
10 101
11 101
25 101
36 101
37 101
43 101
63 101
82 101
88 101
93 101
99 101
3 102
7 102
10 102
29 102
31 102
52 102
67 102
72 102
74 102
75 102
80 102
82 102
89 102
101 102
0 103
3 103
5 103
12 103
15 103
26 103
31 103
34 103
35 103
36 103
46 103
62 103
71 103
79 103
81 103
86 103
91 103
96 103
102 103
7 104
18 104
22 104
24 104
27 104
29 104
48 104
51 104
57 104
64 104
75 104
86 104
89 104
94 104
101 104
8 105
10 105
15 105
16 105
26 105
49 105
55 105
56 105
57 105
64 105
68 105
74 105
75 105
99 105
1 106
12 106
16 106
24 106
28 106
40 106
55 106
74 106
76 106
86 106
99 106
5 107
13 107
19 107
25 107
27 107
38 107
42 107
53 107
62 107
64 107
70 107
82 107
89 107
99 107
0 108
2 108
18 108
31 108
34 108
39 108
42 108
67 108
68 108
78 108
86 108
87 108
89 108
98 108
105 108
106 108
4 109
23 109
28 109
31 109
53 109
54 109
61 109
80 109
81 109
86 109
88 109
94 109
97 109
98 109
101 109
13 110
20 110
40 110
52 110
59 110
68 110
69 110
72 110
84 110
88 110
98 110
9 111
12 111
26 111
28 111
33 111
44 111
46 111
48 111
51 111
57 111
62 111
63 111
65 111
66 111
79 111
82 111
87 111
90 111
93 111
101 111
102 111
106 111
0 112
7 112
11 112
24 112
36 112
41 112
45 112
48 112
50 112
59 112
66 112
78 112
82 112
96 112
107 112
0 113
1 113
4 113
6 113
8 113
9 113
12 113
24 113
25 113
28 113
34 113
41 113
43 113
49 113
52 113
56 113
61 113
96 113
109 113
10 114
14 114
22 114
23 114
31 114
34 114
38 114
42 114
47 114
73 114
92 114
94 114
97 114
99 114
102 114
110 114
7 115
25 115
26 115
30 115
31 115
46 115
60 115
62 115
63 115
68 115
69 115
78 115
79 115
86 115
88 115
113 115
0 116
10 116
11 116
12 116
25 116
28 116
29 116
32 116
44 116
45 116
46 116
49 116
52 116
56 116
73 116
77 116
78 116
84 116
85 116
96 116
98 116
101 116
102 116
10 117
15 117
23 117
37 117
51 117
58 117
63 117
64 117
75 117
77 117
78 117
88 117
97 117
2 118
6 118
18 118
32 118
33 118
36 118
52 118
56 118
62 118
71 118
82 118
88 118
106 118
116 118
1 119
6 119
11 119
24 119
30 119
31 119
32 119
37 119
56 119
65 119
70 119
79 119
81 119
90 119
91 119
94 119
95 119
97 119
105 119
107 119
0 120
1 120
13 120
16 120
18 120
33 120
48 120
51 120
58 120
59 120
63 120
74 120
83 120
84 120
109 120
3 121
9 121
10 121
13 121
15 121
20 121
21 121
28 121
30 121
45 121
54 121
60 121
69 121
70 121
71 121
77 121
78 121
85 121
89 121
97 121
114 121
120 121
0 122
20 122
22 122
23 122
39 122
42 122
50 122
57 122
58 122
68 122
84 122
88 122
90 122
93 122
100 122
106 122
107 122
111 122
24 123
25 123
32 123
33 123
45 123
46 123
47 123
53 123
56 123
58 123
60 123
62 123
71 123
96 123
112 123
113 123
114 123
116 123
118 123
0 124
3 124
13 124
21 124
26 124
34 124
35 124
40 124
45 124
47 124
49 124
51 124
75 124
86 124
91 124
101 124
112 124
113 124
121 124
21 125
24 125
25 125
26 125
30 125
46 125
60 125
61 125
63 125
71 125
72 125
73 125
80 125
85 125
87 125
90 125
98 125
107 125
110 125
113 125
114 125
119 125
124 125
5 126
6 126
11 126
17 126
24 126
26 126
36 126
39 126
50 126
52 126
56 126
58 126
59 126
60 126
63 126
66 126
67 126
68 126
71 126
77 126
78 126
79 126
82 126
89 126
90 126
97 126
100 126
105 126
109 126
111 126
115 126
121 126
124 126
0 127
1 127
2 127
14 127
22 127
28 127
40 127
41 127
59 127
64 127
70 127
75 127
76 127
78 127
80 127
81 127
82 127
90 127
94 127
97 127
98 127
101 127
109 127
111 127
114 127
121 127
125 127
1 128
2 128
3 128
10 128
16 128
28 128
37 128
46 128
47 128
48 128
49 128
64 128
69 128
76 128
82 128
87 128
92 128
99 128
100 128
106 128
111 128
118 128
121 128
123 128
126 128
23 129
29 129
37 129
39 129
59 129
64 129
67 129
72 129
77 129
79 129
82 129
83 129
92 129
95 129
96 129
106 129
109 129
118 129
127 129
9 130
15 130
36 130
40 130
42 130
56 130
59 130
61 130
75 130
85 130
86 130
88 130
93 130
100 130
117 130
129 130
27 131
30 131
41 131
42 131
50 131
51 131
73 131
74 131
82 131
89 131
101 131
108 131
113 131
119 131
123 131
12 132
15 132
16 132
24 132
26 132
31 132
38 132
44 132
45 132
49 132
50 132
54 132
55 132
58 132
59 132
61 132
86 132
90 132
95 132
98 132
102 132
108 132
123 132
127 132
131 132
0 133
10 133
25 133
28 133
50 133
57 133
60 133
64 133
79 133
86 133
93 133
98 133
106 133
111 133
112 133
0 134
2 134
15 134
35 134
39 134
40 134
46 134
48 134
50 134
54 134
69 134
86 134
98 134
100 134
111 134
118 134
125 134
127 134
1 135
12 135
31 135
34 135
38 135
40 135
43 135
55 135
59 135
64 135
68 135
75 135
77 135
87 135
104 135
105 135
106 135
128 135
132 135
134 135
2 136
6 136
20 136
23 136
26 136
34 136
46 136
47 136
49 136
50 136
52 136
53 136
66 136
70 136
76 136
78 136
93 136
97 136
101 136
104 136
131 136
133 136
0 137
1 137
4 137
7 137
10 137
11 137
17 137
30 137
65 137
91 137
95 137
103 137
105 137
115 137
116 137
122 137
124 137
132 137
4 138
10 138
18 138
23 138
25 138
28 138
31 138
52 138
75 138
80 138
82 138
95 138
99 138
100 138
109 138
129 138
1 139
6 139
8 139
15 139
23 139
29 139
37 139
38 139
39 139
45 139
49 139
56 139
60 139
65 139
74 139
86 139
96 139
98 139
120 139
130 139
133 139
1 140
8 140
14 140
23 140
36 140
38 140
41 140
54 140
58 140
65 140
67 140
69 140
83 140
84 140
88 140
89 140
97 140
106 140
112 140
126 140
128 140
134 140
137 140
0 141
21 141
24 141
25 141
31 141
34 141
35 141
60 141
70 141
72 141
74 141
77 141
88 141
89 141
96 141
100 141
102 141
104 141
105 141
114 141
118 141
119 141
134 141
136 141
138 141
0 142
2 142
22 142
30 142
33 142
44 142
51 142
56 142
57 142
70 142
73 142
76 142
83 142
91 142
104 142
105 142
111 142
130 142
17 143
28 143
36 143
38 143
52 143
55 143
56 143
62 143
67 143
74 143
75 143
78 143
82 143
92 143
95 143
96 143
101 143
107 143
109 143
110 143
111 143
127 143
136 143
137 143
2 144
6 144
17 144
18 144
19 144
21 144
33 144
43 144
50 144
55 144
65 144
67 144
72 144
76 144
85 144
87 144
90 144
96 144
97 144
120 144
124 144
128 144
136 144
142 144
9 145
18 145
20 145
21 145
42 145
45 145
46 145
50 145
52 145
56 145
65 145
71 145
89 145
100 145
110 145
126 145
140 145
6 146
23 146
26 146
31 146
34 146
41 146
44 146
49 146
50 146
55 146
58 146
74 146
77 146
93 146
97 146
102 146
108 146
112 146
115 146
121 146
129 146
135 146
138 146
142 146
7 147
14 147
40 147
50 147
53 147
65 147
66 147
71 147
75 147
88 147
98 147
104 147
117 147
121 147
127 147
145 147
2 148
7 148
8 148
12 148
23 148
26 148
28 148
60 148
81 148
82 148
87 148
88 148
108 148
111 148
115 148
120 148
130 148
132 148
138 148
141 148
6 149
9 149
21 149
22 149
27 149
42 149
46 149
47 149
49 149
51 149
54 149
59 149
68 149
70 149
71 149
72 149
82 149
84 149
92 149
103 149
105 149
116 149
117 149
118 149
124 149
127 149
130 149
138 149
144 149
148 149
2 150
3 150
8 150
10 150
16 150
43 150
52 150
56 150
57 150
73 150
81 150
89 150
91 150
98 150
100 150
105 150
121 150
131 150
134 150
141 150
146 150
148 150
19 151
21 151
24 151
27 151
28 151
33 151
37 151
53 151
55 151
62 151
63 151
66 151
70 151
75 151
77 151
92 151
100 151
101 151
102 151
105 151
113 151
117 151
137 151
2 152
17 152
19 152
23 152
32 152
41 152
43 152
48 152
60 152
61 152
71 152
96 152
112 152
116 152
126 152
137 152
148 152
4 153
5 153
9 153
10 153
24 153
25 153
32 153
35 153
38 153
57 153
60 153
64 153
67 153
68 153
83 153
88 153
94 153
98 153
105 153
137 153
140 153
148 153
152 153
18 154
20 154
27 154
31 154
34 154
45 154
48 154
50 154
52 154
54 154
56 154
58 154
62 154
70 154
95 154
102 154
105 154
109 154
121 154
122 154
124 154
125 154
127 154
134 154
135 154
136 154
140 154
144 154
150 154
151 154
153 154
5 155
12 155
14 155
17 155
25 155
26 155
27 155
31 155
34 155
35 155
37 155
56 155
57 155
62 155
69 155
74 155
79 155
90 155
100 155
105 155
113 155
119 155
132 155
136 155
140 155
144 155
1 156
15 156
17 156
19 156
46 156
53 156
55 156
59 156
82 156
85 156
91 156
92 156
104 156
110 156
114 156
120 156
122 156
124 156
126 156
131 156
139 156
12 157
19 157
26 157
31 157
34 157
35 157
43 157
52 157
55 157
62 157
66 157
67 157
70 157
72 157
74 157
76 157
78 157
86 157
89 157
94 157
96 157
107 157
111 157
113 157
117 157
125 157
126 157
128 157
131 157
134 157
156 157
10 158
13 158
15 158
21 158
22 158
27 158
28 158
32 158
44 158
49 158
51 158
57 158
66 158
98 158
118 158
126 158
127 158
133 158
134 158
136 158
140 158
1 159
2 159
5 159
9 159
15 159
22 159
29 159
30 159
39 159
46 159
53 159
55 159
58 159
63 159
67 159
75 159
81 159
82 159
83 159
87 159
92 159
93 159
98 159
99 159
102 159
106 159
112 159
117 159
124 159
132 159
140 159
2 160
11 160
15 160
31 160
50 160
51 160
53 160
57 160
61 160
67 160
68 160
79 160
87 160
91 160
92 160
93 160
97 160
99 160
107 160
117 160
121 160
128 160
130 160
135 160
147 160
149 160
153 160
155 160
9 161
53 161
56 161
64 161
65 161
66 161
67 161
77 161
79 161
89 161
93 161
101 161
102 161
109 161
115 161
135 161
141 161
156 161
160 161
4 162
7 162
12 162
16 162
20 162
23 162
27 162
31 162
38 162
39 162
44 162
45 162
48 162
52 162
58 162
64 162
75 162
98 162
109 162
112 162
115 162
116 162
122 162
128 162
135 162
139 162
156 162
6 163
7 163
10 163
13 163
15 163
26 163
30 163
34 163
36 163
49 163
63 163
83 163
86 163
97 163
101 163
105 163
131 163
135 163
141 163
5 164
15 164
17 164
30 164
33 164
56 164
59 164
69 164
79 164
103 164
106 164
114 164
117 164
134 164
149 164
7 165
9 165
13 165
16 165
37 165
42 165
46 165
51 165
52 165
61 165
91 165
92 165
104 165
105 165
109 165
127 165
128 165
134 165
143 165
151 165
152 165
155 165
164 165
0 166
3 166
11 166
13 166
16 166
17 166
24 166
37 166
40 166
48 166
66 166
86 166
92 166
96 166
109 166
110 166
115 166
127 166
156 166
164 166
17 167
21 167
23 167
26 167
35 167
39 167
43 167
45 167
49 167
50 167
54 167
56 167
59 167
67 167
85 167
86 167
87 167
93 167
96 167
114 167
115 167
123 167
124 167
132 167
134 167
148 167
150 167
159 167
160 167
6 168
9 168
19 168
21 168
23 168
27 168
35 168
40 168
41 168
47 168
51 168
54 168
59 168
80 168
96 168
101 168
107 168
121 168
124 168
128 168
152 168
153 168
154 168
155 168
4 169
5 169
11 169
17 169
23 169
33 169
38 169
39 169
41 169
45 169
52 169
54 169
55 169
57 169
79 169
93 169
102 169
128 169
143 169
145 169
4 170
11 170
18 170
22 170
32 170
41 170
46 170
53 170
57 170
59 170
71 170
75 170
85 170
87 170
92 170
93 170
94 170
100 170
111 170
134 170
135 170
139 170
141 170
145 170
165 170
169 170
2 171
6 171
7 171
13 171
21 171
24 171
37 171
45 171
46 171
58 171
79 171
89 171
92 171
97 171
104 171
122 171
123 171
127 171
132 171
139 171
146 171
161 171
168 171
0 172
11 172
13 172
14 172
18 172
22 172
24 172
26 172
35 172
41 172
51 172
52 172
60 172
75 172
83 172
89 172
99 172
107 172
111 172
112 172
117 172
121 172
123 172
128 172
132 172
136 172
145 172
153 172
156 172
161 172
8 173
11 173
15 173
32 173
47 173
56 173
60 173
62 173
69 173
71 173
76 173
81 173
85 173
97 173
98 173
100 173
105 173
106 173
109 173
110 173
116 173
122 173
139 173
145 173
152 173
156 173
160 173
9 174
14 174
25 174
42 174
53 174
75 174
98 174
106 174
109 174
119 174
132 174
147 174
156 174
158 174
162 174
168 174
2 175
12 175
24 175
32 175
35 175
71 175
75 175
76 175
85 175
92 175
101 175
116 175
121 175
139 175
140 175
144 175
151 175
160 175
170 175
7 176
11 176
17 176
20 176
22 176
41 176
63 176
68 176
74 176
78 176
79 176
83 176
89 176
90 176
99 176
107 176
113 176
114 176
124 176
127 176
131 176
151 176
167 176
171 176
16 177
20 177
29 177
33 177
37 177
40 177
44 177
52 177
56 177
59 177
63 177
66 177
69 177
75 177
80 177
81 177
89 177
92 177
94 177
109 177
110 177
123 177
136 177
139 177
150 177
160 177
163 177
170 177
171 177
5 178
9 178
14 178
27 178
34 178
38 178
54 178
66 178
67 178
78 178
86 178
103 178
105 178
106 178
110 178
111 178
112 178
115 178
135 178
138 178
146 178
159 178
161 178
165 178
171 178
11 179
14 179
16 179
22 179
32 179
33 179
47 179
52 179
54 179
62 179
63 179
67 179
68 179
77 179
84 179
92 179
97 179
98 179
105 179
107 179
111 179
114 179
119 179
124 179
135 179
137 179
143 179
146 179
155 179
156 179
158 179
165 179
169 179
171 179
11 180
12 180
19 180
27 180
32 180
41 180
53 180
55 180
59 180
73 180
74 180
86 180
90 180
95 180
104 180
107 180
129 180
134 180
135 180
137 180
141 180
142 180
144 180
154 180
160 180
161 180
162 180
173 180
175 180
0 181
2 181
11 181
13 181
20 181
27 181
35 181
43 181
44 181
50 181
51 181
52 181
53 181
60 181
73 181
77 181
81 181
84 181
85 181
88 181
89 181
91 181
92 181
103 181
105 181
107 181
119 181
120 181
128 181
136 181
148 181
149 181
150 181
169 181
172 181
175 181
178 181
5 182
7 182
15 182
18 182
24 182
29 182
42 182
52 182
69 182
77 182
87 182
95 182
105 182
108 182
127 182
132 182
135 182
140 182
146 182
147 182
150 182
152 182
166 182
167 182
181 182
26 183
28 183
40 183
46 183
53 183
54 183
66 183
73 183
95 183
105 183
112 183
117 183
119 183
120 183
125 183
132 183
136 183
139 183
140 183
142 183
163 183
164 183
179 183
6 184
8 184
14 184
25 184
32 184
38 184
40 184
65 184
68 184
70 184
72 184
88 184
89 184
98 184
117 184
120 184
125 184
127 184
131 184
132 184
138 184
147 184
156 184
168 184
171 184
181 184
5 185
19 185
21 185
24 185
37 185
44 185
45 185
52 185
57 185
62 185
68 185
71 185
72 185
73 185
74 185
77 185
79 185
81 185
87 185
91 185
99 185
100 185
104 185
106 185
113 185
114 185
127 185
135 185
143 185
164 185
165 185
173 185
178 185
180 185
184 185
1 186
4 186
7 186
8 186
12 186
13 186
20 186
22 186
26 186
29 186
33 186
44 186
58 186
61 186
65 186
69 186
75 186
76 186
77 186
86 186
110 186
111 186
120 186
122 186
135 186
137 186
138 186
157 186
164 186
2 187
3 187
5 187
8 187
13 187
15 187
20 187
22 187
27 187
41 187
42 187
45 187
47 187
63 187
64 187
65 187
70 187
73 187
78 187
84 187
91 187
94 187
97 187
103 187
106 187
117 187
123 187
125 187
129 187
131 187
133 187
134 187
135 187
137 187
149 187
152 187
159 187
166 187
175 187
176 187
185 187
25 188
27 188
29 188
48 188
63 188
72 188
73 188
84 188
89 188
90 188
104 188
112 188
119 188
126 188
134 188
152 188
174 188
181 188
186 188
8 189
9 189
10 189
14 189
16 189
25 189
28 189
29 189
31 189
32 189
58 189
64 189
71 189
72 189
73 189
75 189
90 189
92 189
103 189
111 189
113 189
116 189
119 189
122 189
124 189
142 189
143 189
162 189
171 189
177 189
187 189
2 190
3 190
8 190
25 190
26 190
42 190
43 190
46 190
63 190
64 190
66 190
69 190
72 190
78 190
92 190
94 190
110 190
117 190
130 190
134 190
135 190
136 190
141 190
152 190
155 190
156 190
157 190
176 190
178 190
184 190
189 190
19 191
21 191
24 191
27 191
54 191
61 191
62 191
77 191
78 191
86 191
88 191
89 191
92 191
94 191
104 191
108 191
117 191
122 191
125 191
128 191
129 191
132 191
133 191
140 191
148 191
183 191
4 192
13 192
24 192
28 192
30 192
31 192
36 192
37 192
39 192
40 192
41 192
46 192
51 192
53 192
68 192
69 192
83 192
94 192
100 192
120 192
122 192
126 192
128 192
130 192
144 192
147 192
148 192
151 192
160 192
163 192
164 192
171 192
172 192
178 192
182 192
19 193
22 193
23 193
31 193
35 193
49 193
53 193
57 193
73 193
82 193
83 193
85 193
87 193
88 193
89 193
97 193
102 193
107 193
129 193
131 193
141 193
147 193
152 193
158 193
162 193
165 193
166 193
174 193
180 193
190 193
1 194
34 194
37 194
41 194
42 194
50 194
54 194
69 194
75 194
79 194
90 194
92 194
95 194
106 194
113 194
121 194
133 194
135 194
142 194
145 194
150 194
154 194
161 194
162 194
163 194
181 194
185 194
187 194
193 194
15 195
16 195
18 195
19 195
20 195
25 195
35 195
48 195
50 195
53 195
54 195
55 195
67 195
82 195
99 195
105 195
106 195
110 195
113 195
120 195
132 195
135 195
146 195
153 195
157 195
160 195
162 195
166 195
167 195
175 195
179 195
180 195
182 195
185 195
186 195
187 195
0 196
2 196
11 196
19 196
32 196
35 196
37 196
42 196
45 196
47 196
52 196
65 196
70 196
72 196
76 196
80 196
93 196
97 196
108 196
111 196
112 196
134 196
138 196
165 196
166 196
181 196
186 196
187 196
16 197
27 197
47 197
55 197
56 197
57 197
58 197
63 197
66 197
68 197
70 197
78 197
79 197
82 197
90 197
106 197
112 197
113 197
116 197
118 197
122 197
124 197
140 197
148 197
152 197
153 197
158 197
161 197
163 197
167 197
169 197
187 197
194 197
1 198
6 198
10 198
17 198
21 198
25 198
27 198
30 198
31 198
39 198
42 198
44 198
49 198
65 198
72 198
76 198
78 198
84 198
94 198
113 198
115 198
129 198
138 198
141 198
143 198
144 198
148 198
162 198
167 198
169 198
170 198
174 198
179 198
185 198
186 198
188 198
193 198
194 198
197 198
13 199
15 199
16 199
23 199
30 199
38 199
74 199
80 199
83 199
88 199
96 199
101 199
112 199
117 199
123 199
127 199
131 199
142 199
147 199
149 199
155 199
156 199
160 199
164 199
167 199
169 199
173 199
174 199
179 199
181 199
189 199
194 199
195 199
4 200
6 200
15 200
30 200
35 200
40 200
55 200
67 200
77 200
85 200
92 200
96 200
100 200
104 200
117 200
130 200
135 200
138 200
147 200
158 200
161 200
168 200
175 200
177 200
2 201
19 201
39 201
46 201
55 201
57 201
69 201
75 201
86 201
87 201
94 201
95 201
107 201
127 201
135 201
162 201
169 201
171 201
174 201
183 201
11 202
15 202
18 202
43 202
48 202
49 202
52 202
53 202
56 202
62 202
66 202
69 202
84 202
87 202
91 202
95 202
101 202
102 202
112 202
119 202
124 202
144 202
151 202
156 202
172 202
181 202
184 202
191 202
192 202
194 202
201 202
9 203
12 203
16 203
26 203
29 203
33 203
37 203
38 203
52 203
59 203
60 203
73 203
76 203
80 203
83 203
84 203
89 203
90 203
92 203
101 203
103 203
110 203
113 203
115 203
122 203
141 203
143 203
147 203
153 203
155 203
164 203
167 203
174 203
177 203
180 203
194 203
195 203
13 204
14 204
24 204
54 204
60 204
95 204
99 204
102 204
110 204
119 204
150 204
151 204
155 204
158 204
160 204
163 204
165 204
170 204
172 204
176 204
199 204
203 204
5 205
20 205
37 205
40 205
47 205
66 205
68 205
71 205
72 205
82 205
83 205
84 205
85 205
86 205
108 205
114 205
115 205
117 205
124 205
125 205
127 205
131 205
133 205
147 205
159 205
161 205
167 205
186 205
192 205
197 205
198 205
200 205
203 205
3 206
25 206
34 206
44 206
48 206
51 206
68 206
85 206
91 206
94 206
98 206
103 206
106 206
109 206
110 206
115 206
116 206
130 206
132 206
133 206
134 206
136 206
143 206
161 206
165 206
168 206
169 206
179 206
180 206
183 206
187 206
196 206
197 206
3 207
6 207
8 207
14 207
20 207
27 207
30 207
37 207
39 207
45 207
56 207
58 207
66 207
71 207
73 207
76 207
83 207
91 207
97 207
103 207
120 207
122 207
123 207
132 207
156 207
159 207
160 207
161 207
162 207
173 207
178 207
181 207
185 207
189 207
205 207
9 208
13 208
16 208
21 208
27 208
33 208
68 208
70 208
81 208
83 208
86 208
94 208
104 208
131 208
132 208
136 208
137 208
145 208
150 208
152 208
154 208
166 208
170 208
177 208
185 208
188 208
189 208
193 208
203 208
2 209
16 209
24 209
29 209
34 209
40 209
43 209
46 209
47 209
51 209
52 209
55 209
56 209
58 209
67 209
74 209
83 209
84 209
89 209
94 209
96 209
97 209
98 209
99 209
102 209
112 209
115 209
121 209
124 209
132 209
137 209
140 209
152 209
154 209
157 209
163 209
175 209
176 209
178 209
181 209
182 209
196 209
2 210
7 210
20 210
28 210
35 210
37 210
39 210
44 210
50 210
60 210
64 210
67 210
74 210
81 210
83 210
98 210
102 210
118 210
128 210
132 210
156 210
177 210
202 210
203 210
4 211
11 211
19 211
21 211
27 211
29 211
32 211
36 211
43 211
44 211
48 211
59 211
64 211
69 211
78 211
91 211
99 211
101 211
104 211
109 211
110 211
111 211
112 211
113 211
116 211
120 211
143 211
146 211
161 211
164 211
168 211
169 211
175 211
176 211
184 211
187 211
189 211
195 211
207 211
210 211
5 212
8 212
10 212
24 212
28 212
31 212
32 212
33 212
37 212
38 212
42 212
45 212
58 212
63 212
69 212
75 212
76 212
80 212
88 212
122 212
142 212
146 212
152 212
158 212
164 212
167 212
184 212
196 212
202 212
204 212
6 213
20 213
23 213
26 213
27 213
30 213
35 213
38 213
39 213
62 213
75 213
84 213
89 213
90 213
92 213
93 213
94 213
95 213
98 213
104 213
106 213
112 213
119 213
128 213
136 213
137 213
138 213
153 213
154 213
167 213
176 213
177 213
179 213
185 213
197 213
208 213
209 213
212 213
16 214
25 214
38 214
39 214
43 214
46 214
51 214
55 214
59 214
61 214
63 214
79 214
87 214
93 214
94 214
109 214
112 214
119 214
122 214
125 214
127 214
128 214
131 214
139 214
147 214
150 214
153 214
154 214
158 214
166 214
167 214
183 214
187 214
201 214
206 214
208 214
212 214
1 215
13 215
21 215
26 215
29 215
32 215
36 215
38 215
39 215
59 215
60 215
71 215
72 215
76 215
81 215
82 215
85 215
89 215
96 215
105 215
120 215
127 215
137 215
159 215
163 215
164 215
165 215
167 215
177 215
182 215
183 215
194 215
196 215
211 215
1 216
7 216
12 216
19 216
26 216
27 216
31 216
36 216
43 216
44 216
63 216
75 216
86 216
97 216
100 216
108 216
114 216
125 216
128 216
133 216
140 216
141 216
149 216
151 216
152 216
157 216
159 216
164 216
175 216
194 216
196 216
206 216
209 216
9 217
19 217
21 217
31 217
42 217
52 217
62 217
66 217
77 217
80 217
86 217
87 217
88 217
114 217
128 217
141 217
142 217
155 217
170 217
175 217
177 217
195 217
197 217
206 217
211 217
212 217
216 217
3 218
5 218
7 218
9 218
14 218
15 218
23 218
31 218
38 218
48 218
55 218
57 218
61 218
62 218
67 218
88 218
91 218
92 218
94 218
98 218
104 218
109 218
120 218
121 218
133 218
137 218
139 218
146 218
147 218
151 218
152 218
153 218
159 218
161 218
166 218
168 218
177 218
184 218
188 218
208 218
216 218
3 219
4 219
20 219
35 219
37 219
50 219
56 219
64 219
66 219
83 219
85 219
89 219
92 219
106 219
123 219
125 219
129 219
131 219
154 219
160 219
163 219
170 219
173 219
175 219
176 219
179 219
195 219
201 219
206 219
209 219
2 220
4 220
35 220
49 220
58 220
63 220
67 220
72 220
81 220
82 220
89 220
94 220
96 220
98 220
100 220
102 220
104 220
108 220
114 220
116 220
118 220
122 220
123 220
125 220
128 220
143 220
150 220
162 220
164 220
182 220
187 220
198 220
205 220
207 220
208 220
0 221
7 221
47 221
63 221
77 221
90 221
91 221
92 221
104 221
109 221
111 221
112 221
113 221
114 221
116 221
122 221
127 221
129 221
134 221
159 221
168 221
169 221
170 221
175 221
176 221
182 221
192 221
195 221
196 221
197 221
200 221
205 221
206 221
219 221
5 222
7 222
8 222
10 222
14 222
23 222
24 222
45 222
60 222
73 222
76 222
90 222
91 222
92 222
99 222
100 222
104 222
113 222
114 222
120 222
130 222
134 222
136 222
145 222
149 222
153 222
164 222
173 222
181 222
186 222
187 222
212 222
219 222
10 223
16 223
18 223
19 223
22 223
24 223
28 223
29 223
61 223
63 223
70 223
79 223
82 223
97 223
103 223
107 223
124 223
143 223
144 223
168 223
187 223
189 223
192 223
200 223
201 223
221 223
5 224
10 224
16 224
17 224
20 224
23 224
31 224
33 224
39 224
54 224
55 224
56 224
70 224
71 224
72 224
79 224
82 224
83 224
93 224
95 224
97 224
108 224
117 224
148 224
154 224
157 224
158 224
160 224
171 224
174 224
176 224
178 224
187 224
195 224
201 224
0 225
5 225
18 225
20 225
24 225
26 225
32 225
39 225
54 225
57 225
67 225
70 225
82 225
83 225
84 225
96 225
98 225
105 225
115 225
123 225
127 225
129 225
136 225
140 225
156 225
159 225
163 225
167 225
175 225
183 225
187 225
189 225
195 225
203 225
206 225
207 225
212 225
219 225
221 225
224 225
13 226
26 226
35 226
39 226
43 226
49 226
70 226
97 226
100 226
103 226
121 226
145 226
146 226
151 226
153 226
167 226
168 226
183 226
185 226
187 226
207 226
216 226
224 226
0 227
12 227
19 227
23 227
25 227
33 227
43 227
45 227
55 227
56 227
73 227
75 227
95 227
101 227
103 227
126 227
131 227
135 227
162 227
167 227
174 227
175 227
193 227
203 227
212 227
221 227
9 228
19 228
44 228
53 228
58 228
78 228
79 228
83 228
91 228
97 228
101 228
107 228
114 228
130 228
132 228
133 228
139 228
152 228
153 228
162 228
165 228
166 228
185 228
201 228
211 228
212 228
1 229
8 229
15 229
21 229
24 229
25 229
27 229
33 229
34 229
75 229
78 229
86 229
87 229
89 229
99 229
101 229
102 229
105 229
131 229
133 229
138 229
148 229
151 229
177 229
181 229
184 229
193 229
208 229
218 229
223 229
228 229
3 230
5 230
10 230
11 230
14 230
16 230
19 230
33 230
45 230
49 230
57 230
67 230
89 230
99 230
111 230
123 230
125 230
129 230
141 230
155 230
163 230
166 230
168 230
171 230
205 230
222 230
1 231
22 231
25 231
26 231
35 231
41 231
44 231
55 231
70 231
71 231
80 231
81 231
87 231
90 231
102 231
103 231
105 231
115 231
124 231
134 231
135 231
143 231
145 231
152 231
154 231
155 231
189 231
203 231
209 231
210 231
221 231
227 231
228 231
2 232
4 232
6 232
7 232
34 232
39 232
42 232
43 232
52 232
56 232
62 232
66 232
68 232
71 232
72 232
86 232
88 232
98 232
103 232
106 232
109 232
110 232
113 232
123 232
125 232
130 232
138 232
139 232
145 232
149 232
173 232
177 232
183 232
186 232
191 232
193 232
203 232
206 232
207 232
208 232
222 232
4 233
16 233
37 233
38 233
44 233
54 233
73 233
75 233
77 233
83 233
84 233
102 233
112 233
114 233
119 233
120 233
137 233
141 233
145 233
167 233
170 233
176 233
184 233
185 233
187 233
197 233
201 233
205 233
226 233
0 234
1 234
3 234
12 234
13 234
27 234
31 234
32 234
37 234
40 234
41 234
47 234
51 234
53 234
58 234
61 234
63 234
77 234
83 234
87 234
92 234
108 234
121 234
125 234
143 234
146 234
147 234
148 234
153 234
163 234
167 234
179 234
194 234
197 234
203 234
219 234
224 234
231 234
232 234
2 235
18 235
23 235
25 235
27 235
35 235
37 235
40 235
47 235
48 235
55 235
62 235
69 235
76 235
80 235
81 235
88 235
89 235
90 235
105 235
107 235
117 235
119 235
128 235
139 235
143 235
144 235
145 235
154 235
162 235
163 235
167 235
168 235
176 235
187 235
190 235
202 235
205 235
213 235
219 235
233 235
0 236
18 236
22 236
23 236
30 236
34 236
35 236
58 236
59 236
61 236
62 236
70 236
78 236
83 236
87 236
90 236
105 236
107 236
112 236
114 236
125 236
126 236
130 236
131 236
132 236
135 236
142 236
148 236
149 236
154 236
180 236
185 236
209 236
216 236
2 237
12 237
14 237
32 237
39 237
45 237
52 237
57 237
59 237
63 237
67 237
87 237
100 237
122 237
124 237
129 237
141 237
154 237
158 237
161 237
170 237
176 237
185 237
188 237
193 237
195 237
199 237
205 237
212 237
1 238
5 238
6 238
11 238
25 238
26 238
27 238
35 238
43 238
44 238
52 238
54 238
61 238
65 238
66 238
71 238
77 238
78 238
81 238
83 238
85 238
86 238
98 238
101 238
105 238
107 238
108 238
112 238
116 238
119 238
122 238
123 238
131 238
138 238
141 238
154 238
164 238
168 238
180 238
183 238
185 238
187 238
202 238
204 238
217 238
218 238
219 238
225 238
227 238
233 238
235 238
236 238
6 239
7 239
19 239
32 239
33 239
34 239
40 239
44 239
45 239
49 239
52 239
54 239
74 239
77 239
78 239
81 239
89 239
96 239
99 239
100 239
103 239
112 239
117 239
118 239
120 239
121 239
127 239
128 239
131 239
151 239
156 239
187 239
194 239
204 239
210 239
217 239
222 239
227 239
231 239
232 239
26 240
30 240
44 240
48 240
52 240
85 240
92 240
98 240
114 240
115 240
120 240
132 240
141 240
148 240
156 240
174 240
177 240
182 240
188 240
198 240
205 240
215 240
6 241
7 241
8 241
9 241
17 241
21 241
26 241
32 241
39 241
46 241
49 241
52 241
53 241
55 241
56 241
57 241
59 241
64 241
72 241
82 241
83 241
91 241
93 241
111 241
120 241
124 241
128 241
133 241
142 241
148 241
150 241
156 241
170 241
175 241
193 241
195 241
197 241
208 241
210 241
212 241
220 241
221 241
222 241
227 241
231 241
234 241
239 241
0 242
14 242
15 242
33 242
37 242
40 242
49 242
52 242
57 242
62 242
75 242
82 242
86 242
87 242
89 242
91 242
92 242
103 242
105 242
121 242
134 242
136 242
138 242
141 242
147 242
151 242
153 242
160 242
165 242
169 242
183 242
186 242
189 242
209 242
218 242
219 242
228 242
239 242
1 243
8 243
9 243
35 243
48 243
51 243
70 243
79 243
87 243
94 243
96 243
103 243
106 243
107 243
114 243
122 243
128 243
141 243
143 243
151 243
154 243
158 243
165 243
167 243
174 243
176 243
185 243
194 243
201 243
204 243
213 243
222 243
242 243
10 244
12 244
17 244
20 244
23 244
24 244
26 244
36 244
57 244
65 244
67 244
69 244
81 244
83 244
88 244
100 244
115 244
120 244
125 244
127 244
136 244
146 244
156 244
165 244
175 244
179 244
187 244
195 244
210 244
220 244
224 244
229 244
241 244
12 245
17 245
19 245
20 245
25 245
33 245
46 245
70 245
73 245
75 245
76 245
77 245
92 245
93 245
94 245
95 245
97 245
113 245
114 245
115 245
116 245
123 245
127 245
128 245
132 245
138 245
144 245
158 245
175 245
181 245
184 245
189 245
191 245
209 245
213 245
217 245
228 245
232 245
236 245
239 245
1 246
5 246
6 246
39 246
55 246
56 246
58 246
64 246
74 246
83 246
85 246
86 246
88 246
97 246
99 246
101 246
108 246
112 246
119 246
126 246
136 246
152 246
159 246
161 246
166 246
173 246
174 246
180 246
186 246
188 246
189 246
190 246
200 246
208 246
211 246
218 246
229 246
232 246
234 246
0 247
11 247
16 247
23 247
26 247
31 247
34 247
36 247
39 247
61 247
64 247
89 247
101 247
109 247
114 247
122 247
127 247
146 247
149 247
151 247
153 247
156 247
158 247
171 247
172 247
175 247
191 247
194 247
197 247
208 247
209 247
210 247
224 247
226 247
231 247
232 247
234 247
237 247
245 247
8 248
9 248
11 248
19 248
26 248
42 248
43 248
48 248
54 248
55 248
57 248
66 248
80 248
84 248
99 248
100 248
105 248
112 248
124 248
126 248
132 248
145 248
150 248
152 248
153 248
158 248
159 248
162 248
180 248
205 248
212 248
213 248
231 248
243 248
247 248
3 249
19 249
23 249
24 249
38 249
45 249
47 249
58 249
61 249
62 249
65 249
71 249
72 249
78 249
89 249
90 249
92 249
96 249
97 249
111 249
119 249
132 249
134 249
136 249
141 249
142 249
147 249
150 249
154 249
169 249
181 249
193 249
195 249
198 249
211 249
216 249
221 249
228 249
233 249
236 249
237 249
240 249
246 249
247 249
0 250
1 250
3 250
6 250
16 250
19 250
21 250
36 250
39 250
45 250
47 250
50 250
55 250
76 250
82 250
88 250
111 250
140 250
141 250
145 250
147 250
155 250
158 250
159 250
172 250
173 250
182 250
188 250
194 250
209 250
213 250
227 250
232 250
234 250
237 250
238 250
249 250
8 251
9 251
13 251
35 251
41 251
45 251
46 251
49 251
53 251
84 251
100 251
130 251
132 251
136 251
162 251
164 251
179 251
186 251
194 251
195 251
200 251
202 251
205 251
206 251
230 251
245 251
246 251
248 251
249 251
31 252
35 252
52 252
54 252
66 252
69 252
83 252
85 252
92 252
95 252
100 252
113 252
116 252
122 252
128 252
130 252
136 252
144 252
146 252
154 252
158 252
160 252
163 252
170 252
180 252
186 252
188 252
191 252
196 252
200 252
203 252
204 252
218 252
220 252
231 252
246 252
14 253
25 253
28 253
34 253
43 253
65 253
89 253
90 253
94 253
97 253
115 253
119 253
120 253
132 253
134 253
143 253
159 253
163 253
164 253
165 253
168 253
170 253
177 253
179 253
197 253
203 253
210 253
211 253
229 253
232 253
234 253
235 253
237 253
241 253
252 253
1 254
8 254
12 254
18 254
20 254
33 254
34 254
35 254
37 254
43 254
44 254
45 254
46 254
47 254
57 254
66 254
83 254
84 254
89 254
90 254
108 254
112 254
127 254
139 254
141 254
144 254
153 254
154 254
157 254
167 254
169 254
176 254
179 254
183 254
189 254
192 254
194 254
200 254
203 254
207 254
209 254
212 254
216 254
228 254
230 254
246 254
0 255
11 255
32 255
34 255
52 255
53 255
70 255
75 255
76 255
82 255
93 255
95 255
97 255
99 255
119 255
126 255
132 255
141 255
144 255
152 255
165 255
166 255
172 255
176 255
184 255
186 255
193 255
194 255
201 255
206 255
212 255
220 255
224 255
230 255
231 255
237 255
247 255
252 255
3 256
6 256
14 256
18 256
50 256
51 256
56 256
57 256
64 256
68 256
78 256
82 256
88 256
89 256
90 256
106 256
108 256
114 256
126 256
133 256
134 256
150 256
168 256
169 256
182 256
211 256
215 256
216 256
220 256
229 256
233 256
239 256
240 256
251 256
0 257
14 257
15 257
23 257
26 257
27 257
29 257
30 257
35 257
41 257
55 257
61 257
76 257
78 257
89 257
104 257
107 257
120 257
137 257
141 257
153 257
157 257
160 257
166 257
179 257
182 257
190 257
197 257
202 257
204 257
205 257
207 257
219 257
222 257
233 257
234 257
238 257
240 257
248 257
256 257
0 258
10 258
17 258
22 258
37 258
50 258
51 258
58 258
71 258
83 258
86 258
87 258
91 258
92 258
103 258
109 258
112 258
115 258
117 258
125 258
126 258
140 258
141 258
154 258
157 258
158 258
161 258
165 258
166 258
180 258
197 258
199 258
205 258
215 258
223 258
232 258
235 258
248 258
255 258
2 259
3 259
5 259
9 259
11 259
21 259
26 259
31 259
34 259
57 259
60 259
63 259
70 259
75 259
83 259
96 259
123 259
136 259
148 259
159 259
160 259
165 259
177 259
185 259
192 259
197 259
204 259
206 259
210 259
212 259
218 259
225 259
252 259
253 259
15 260
23 260
27 260
31 260
33 260
41 260
52 260
59 260
60 260
62 260
70 260
71 260
74 260
77 260
78 260
82 260
92 260
94 260
101 260
102 260
108 260
120 260
130 260
133 260
147 260
149 260
151 260
152 260
170 260
171 260
186 260
194 260
198 260
207 260
218 260
244 260
245 260
253 260
256 260
10 261
11 261
13 261
16 261
17 261
35 261
38 261
64 261
66 261
71 261
72 261
77 261
82 261
88 261
95 261
102 261
108 261
109 261
112 261
127 261
133 261
137 261
140 261
141 261
144 261
148 261
151 261
154 261
159 261
173 261
182 261
187 261
191 261
210 261
212 261
213 261
220 261
225 261
226 261
234 261
5 262
14 262
16 262
18 262
23 262
30 262
44 262
53 262
63 262
68 262
73 262
76 262
80 262
84 262
94 262
97 262
99 262
111 262
120 262
126 262
131 262
151 262
157 262
158 262
160 262
162 262
171 262
180 262
181 262
195 262
197 262
207 262
220 262
221 262
237 262
0 263
2 263
10 263
34 263
36 263
40 263
46 263
50 263
51 263
53 263
58 263
61 263
62 263
71 263
79 263
80 263
88 263
95 263
96 263
105 263
124 263
147 263
153 263
158 263
177 263
188 263
190 263
202 263
211 263
215 263
243 263
0 264
11 264
16 264
18 264
24 264
25 264
27 264
41 264
55 264
59 264
63 264
65 264
68 264
74 264
76 264
89 264
91 264
93 264
108 264
109 264
110 264
112 264
115 264
116 264
117 264
127 264
152 264
153 264
155 264
159 264
173 264
175 264
190 264
207 264
213 264
238 264
240 264
242 264
0 265
4 265
7 265
12 265
13 265
16 265
18 265
20 265
24 265
27 265
31 265
39 265
55 265
57 265
73 265
74 265
75 265
78 265
82 265
98 265
103 265
126 265
134 265
151 265
152 265
158 265
161 265
166 265
170 265
171 265
179 265
184 265
193 265
203 265
206 265
207 265
212 265
215 265
227 265
234 265
239 265
241 265
246 265
252 265
259 265
261 265
1 266
6 266
12 266
22 266
28 266
34 266
39 266
51 266
61 266
65 266
69 266
104 266
125 266
127 266
136 266
137 266
141 266
142 266
143 266
152 266
168 266
181 266
197 266
213 266
214 266
219 266
235 266
239 266
240 266
242 266
245 266
248 266
252 266
256 266
259 266
261 266
2 267
6 267
13 267
16 267
41 267
43 267
45 267
46 267
55 267
61 267
65 267
74 267
76 267
79 267
95 267
109 267
117 267
122 267
130 267
135 267
146 267
151 267
168 267
169 267
176 267
177 267
181 267
187 267
196 267
197 267
205 267
214 267
218 267
224 267
234 267
235 267
236 267
238 267
244 267
255 267
260 267
266 267
9 268
20 268
23 268
37 268
56 268
71 268
73 268
78 268
80 268
89 268
96 268
104 268
124 268
125 268
130 268
135 268
149 268
159 268
184 268
194 268
195 268
201 268
215 268
228 268
241 268
258 268
261 268
1 269
6 269
10 269
16 269
26 269
35 269
37 269
48 269
49 269
50 269
53 269
55 269
69 269
78 269
92 269
95 269
96 269
113 269
115 269
116 269
123 269
125 269
136 269
142 269
148 269
167 269
171 269
173 269
185 269
186 269
205 269
229 269
241 269
247 269
262 269
266 269
4 270
8 270
13 270
14 270
17 270
19 270
23 270
26 270
42 270
47 270
55 270
56 270
58 270
61 270
87 270
88 270
91 270
93 270
94 270
101 270
102 270
111 270
119 270
121 270
125 270
137 270
145 270
148 270
149 270
159 270
165 270
171 270
187 270
197 270
223 270
249 270
250 270
254 270
258 270
1 271
6 271
8 271
10 271
13 271
20 271
24 271
26 271
27 271
28 271
56 271
60 271
68 271
69 271
72 271
73 271
112 271
113 271
117 271
118 271
120 271
125 271
133 271
138 271
156 271
157 271
158 271
167 271
169 271
170 271
174 271
180 271
185 271
186 271
195 271
197 271
198 271
205 271
217 271
227 271
230 271
248 271
252 271
254 271
259 271
268 271
4 272
15 272
26 272
28 272
31 272
39 272
40 272
46 272
47 272
61 272
68 272
72 272
74 272
84 272
89 272
102 272
107 272
111 272
112 272
118 272
126 272
130 272
145 272
147 272
151 272
153 272
164 272
167 272
173 272
187 272
200 272
205 272
210 272
216 272
217 272
221 272
236 272
239 272
247 272
248 272
269 272
0 273
7 273
28 273
36 273
40 273
41 273
42 273
52 273
53 273
55 273
60 273
63 273
64 273
71 273
77 273
87 273
106 273
116 273
118 273
131 273
135 273
144 273
166 273
170 273
172 273
179 273
182 273
191 273
196 273
201 273
202 273
203 273
217 273
221 273
227 273
238 273
240 273
255 273
259 273
270 273
5 274
13 274
29 274
30 274
32 274
37 274
47 274
57 274
62 274
63 274
65 274
67 274
74 274
76 274
78 274
88 274
90 274
91 274
98 274
110 274
114 274
118 274
121 274
130 274
138 274
161 274
168 274
169 274
174 274
187 274
194 274
195 274
198 274
199 274
213 274
221 274
230 274
237 274
247 274
249 274
255 274
256 274
259 274
262 274
1 275
5 275
15 275
19 275
31 275
32 275
42 275
43 275
48 275
56 275
66 275
67 275
77 275
88 275
89 275
104 275
120 275
124 275
129 275
138 275
139 275
143 275
149 275
151 275
152 275
162 275
165 275
170 275
175 275
189 275
191 275
215 275
219 275
224 275
226 275
233 275
240 275
248 275
267 275
271 275
5 276
8 276
10 276
24 276
29 276
36 276
38 276
44 276
55 276
58 276
69 276
75 276
78 276
83 276
86 276
99 276
100 276
102 276
104 276
110 276
133 276
139 276
142 276
145 276
147 276
154 276
156 276
161 276
164 276
165 276
175 276
190 276
194 276
200 276
203 276
206 276
209 276
210 276
223 276
225 276
228 276
231 276
238 276
253 276
260 276
264 276
266 276
269 276
272 276
2 277
3 277
4 277
7 277
21 277
30 277
36 277
46 277
57 277
60 277
61 277
62 277
65 277
75 277
77 277
80 277
101 277
102 277
114 277
115 277
118 277
119 277
141 277
145 277
152 277
156 277
158 277
172 277
173 277
174 277
181 277
185 277
190 277
197 277
208 277
225 277
226 277
239 277
246 277
248 277
257 277
260 277
262 277
275 277
1 278
16 278
17 278
21 278
24 278
35 278
40 278
45 278
52 278
61 278
64 278
65 278
68 278
69 278
71 278
77 278
84 278
97 278
99 278
102 278
103 278
105 278
106 278
112 278
115 278
124 278
133 278
138 278
144 278
145 278
156 278
159 278
162 278
164 278
170 278
172 278
185 278
198 278
200 278
214 278
219 278
222 278
223 278
227 278
233 278
240 278
245 278
254 278
257 278
0 279
5 279
9 279
10 279
19 279
24 279
36 279
42 279
46 279
53 279
60 279
64 279
91 279
94 279
104 279
107 279
112 279
115 279
116 279
118 279
121 279
127 279
132 279
146 279
147 279
153 279
154 279
155 279
160 279
180 279
182 279
186 279
200 279
202 279
217 279
222 279
239 279
244 279
256 279
261 279
266 279
271 279
273 279
11 280
12 280
23 280
24 280
43 280
45 280
52 280
55 280
56 280
59 280
65 280
67 280
69 280
72 280
84 280
88 280
105 280
111 280
117 280
131 280
136 280
140 280
165 280
169 280
172 280
173 280
199 280
209 280
211 280
220 280
225 280
226 280
233 280
244 280
246 280
248 280
251 280
253 280
259 280
266 280
1 281
5 281
7 281
12 281
33 281
35 281
38 281
39 281
46 281
49 281
53 281
59 281
63 281
66 281
67 281
71 281
78 281
80 281
86 281
94 281
100 281
115 281
130 281
134 281
139 281
147 281
153 281
155 281
165 281
168 281
184 281
186 281
191 281
192 281
210 281
218 281
220 281
228 281
231 281
233 281
237 281
243 281
246 281
250 281
255 281
256 281
257 281
264 281
269 281
274 281
278 281
280 281
4 282
22 282
31 282
32 282
33 282
41 282
43 282
65 282
66 282
71 282
83 282
85 282
94 282
112 282
115 282
118 282
121 282
126 282
151 282
152 282
162 282
165 282
171 282
190 282
219 282
233 282
234 282
240 282
241 282
244 282
250 282
256 282
277 282
281 282
0 283
8 283
12 283
13 283
17 283
39 283
45 283
54 283
57 283
66 283
75 283
83 283
87 283
89 283
94 283
95 283
110 283
112 283
113 283
121 283
124 283
129 283
139 283
140 283
143 283
147 283
148 283
156 283
165 283
180 283
182 283
185 283
187 283
188 283
193 283
207 283
209 283
210 283
223 283
224 283
240 283
248 283
268 283
275 283
279 283
16 284
20 284
33 284
34 284
40 284
46 284
57 284
63 284
68 284
77 284
79 284
92 284
98 284
100 284
108 284
114 284
121 284
126 284
143 284
145 284
152 284
164 284
168 284
178 284
179 284
182 284
184 284
186 284
206 284
211 284
216 284
224 284
229 284
230 284
232 284
236 284
241 284
245 284
248 284
251 284
254 284
258 284
10 285
12 285
21 285
22 285
23 285
25 285
39 285
58 285
63 285
64 285
72 285
73 285
76 285
77 285
88 285
96 285
97 285
98 285
101 285
102 285
109 285
114 285
131 285
132 285
141 285
143 285
144 285
146 285
148 285
154 285
164 285
184 285
203 285
208 285
210 285
213 285
222 285
241 285
244 285
245 285
247 285
249 285
252 285
253 285
254 285
263 285
278 285
8 286
19 286
28 286
30 286
39 286
44 286
49 286
51 286
54 286
59 286
60 286
65 286
66 286
77 286
78 286
82 286
85 286
90 286
96 286
105 286
106 286
133 286
138 286
139 286
143 286
146 286
155 286
158 286
161 286
174 286
177 286
185 286
222 286
225 286
266 286
273 286
283 286
5 287
6 287
16 287
18 287
19 287
28 287
33 287
34 287
35 287
51 287
61 287
62 287
70 287
76 287
90 287
91 287
100 287
103 287
104 287
114 287
120 287
124 287
126 287
128 287
129 287
130 287
149 287
151 287
153 287
154 287
159 287
166 287
167 287
173 287
181 287
184 287
185 287
194 287
232 287
237 287
238 287
241 287
244 287
247 287
256 287
258 287
263 287
271 287
273 287
277 287
4 288
11 288
12 288
19 288
20 288
22 288
46 288
50 288
52 288
60 288
62 288
77 288
79 288
81 288
82 288
83 288
84 288
90 288
98 288
108 288
110 288
130 288
134 288
139 288
140 288
149 288
157 288
165 288
166 288
170 288
179 288
182 288
183 288
197 288
210 288
211 288
219 288
221 288
225 288
226 288
228 288
259 288
261 288
265 288
269 288
276 288
278 288
279 288
283 288
1 289
8 289
9 289
15 289
46 289
49 289
53 289
54 289
55 289
58 289
67 289
70 289
75 289
84 289
88 289
93 289
98 289
115 289
116 289
119 289
127 289
130 289
133 289
144 289
146 289
148 289
162 289
165 289
175 289
180 289
191 289
202 289
204 289
208 289
209 289
218 289
222 289
228 289
231 289
240 289
242 289
265 289
267 289
274 289
279 289
280 289
285 289
1 290
3 290
6 290
11 290
15 290
17 290
25 290
26 290
28 290
34 290
40 290
52 290
61 290
63 290
67 290
70 290
79 290
83 290
86 290
91 290
94 290
95 290
101 290
106 290
110 290
120 290
122 290
133 290
138 290
173 290
184 290
186 290
187 290
189 290
190 290
207 290
212 290
234 290
241 290
251 290
270 290
274 290
275 290
279 290
5 291
11 291
22 291
35 291
40 291
43 291
46 291
47 291
55 291
58 291
63 291
66 291
103 291
110 291
129 291
138 291
142 291
146 291
160 291
171 291
173 291
174 291
177 291
178 291
183 291
197 291
200 291
202 291
204 291
208 291
210 291
218 291
227 291
228 291
230 291
233 291
234 291
244 291
248 291
264 291
266 291
267 291
1 292
7 292
23 292
24 292
30 292
40 292
42 292
66 292
72 292
74 292
83 292
91 292
94 292
104 292
109 292
111 292
114 292
143 292
157 292
158 292
165 292
168 292
179 292
197 292
200 292
219 292
227 292
233 292
238 292
243 292
246 292
251 292
259 292
265 292
273 292
282 292
4 293
12 293
25 293
41 293
47 293
56 293
62 293
64 293
65 293
68 293
71 293
80 293
82 293
86 293
91 293
93 293
94 293
106 293
112 293
113 293
118 293
121 293
127 293
141 293
142 293
156 293
157 293
161 293
189 293
190 293
198 293
221 293
226 293
233 293
263 293
269 293
271 293
285 293
286 293
291 293
8 294
14 294
19 294
32 294
38 294
39 294
50 294
64 294
80 294
83 294
84 294
85 294
98 294
100 294
101 294
103 294
108 294
110 294
135 294
140 294
141 294
143 294
153 294
156 294
173 294
192 294
203 294
211 294
216 294
220 294
222 294
223 294
226 294
228 294
240 294
248 294
251 294
254 294
267 294
281 294
282 294
286 294
287 294
12 295
21 295
37 295
39 295
42 295
49 295
52 295
68 295
79 295
88 295
89 295
94 295
100 295
111 295
116 295
123 295
127 295
129 295
133 295
135 295
146 295
157 295
161 295
175 295
182 295
199 295
202 295
219 295
228 295
239 295
243 295
245 295
261 295
266 295
286 295
289 295
293 295
294 295
4 296
22 296
24 296
40 296
52 296
54 296
56 296
65 296
70 296
73 296
116 296
126 296
130 296
137 296
138 296
140 296
141 296
143 296
155 296
157 296
164 296
165 296
170 296
184 296
187 296
188 296
192 296
194 296
196 296
199 296
207 296
210 296
213 296
226 296
231 296
232 296
240 296
249 296
250 296
259 296
261 296
264 296
275 296
282 296
0 297
8 297
19 297
22 297
38 297
41 297
54 297
59 297
66 297
70 297
72 297
75 297
84 297
87 297
88 297
90 297
98 297
100 297
107 297
145 297
146 297
148 297
155 297
161 297
183 297
206 297
215 297
229 297
231 297
232 297
240 297
247 297
248 297
256 297
257 297
259 297
262 297
263 297
264 297
272 297
285 297
286 297
289 297
0 298
12 298
17 298
34 298
45 298
48 298
60 298
67 298
74 298
77 298
84 298
102 298
105 298
106 298
115 298
117 298
119 298
120 298
122 298
124 298
129 298
130 298
137 298
140 298
151 298
169 298
186 298
191 298
195 298
202 298
215 298
217 298
221 298
223 298
227 298
234 298
246 298
249 298
253 298
256 298
257 298
271 298
295 298
7 299
19 299
26 299
32 299
33 299
36 299
39 299
43 299
48 299
50 299
60 299
73 299
77 299
97 299
104 299
107 299
109 299
112 299
115 299
116 299
121 299
122 299
126 299
132 299
165 299
199 299
206 299
208 299
213 299
215 299
216 299
221 299
222 299
234 299
265 299
266 299
269 299
271 299
273 299
282 299
289 299
291 299
