300 9052 5
4 7 1 2 5 5 8 15 9 5 10 16 7 1 3 4 2 6 14 7 8 3 7 4 8 9 7 20 9 4 2 4 12 17 17 6 16 5 2 4 13 3 5 14 16 16 5 3 1 7 4 19 4 7 5 10 12 6 9 10 4 1 4 6 3 17 10 1 2 4 10 6 7 4 2 7 7 9 9 2 8 19 3 10 2 8 9 3 3 8 8 8 19 15 4 16 2 6 8 5 10 10 17 3 19 14 2 9 10 6 4 6 1 8 8 5 2 10 10 8 9 2 5 20 9 15 11 10 10 10 15 7 2 5 15 8 10 7 15 6 6 9 11 7 1 8 9 6 12 9 5 3 1 1 7 3 16 6 4 7 17 10 2 7 5 2 10 12 3 5 3 11 10 3 3 9 4 7 17 8 8 1 9 3 16 4 1 6 1 6 4 5 13 17 9 1 3 3 3 16 5 7 6 4 15 20 10 20 17 7 8 9 4 1 2 1 4 14 5 4 8 7 2 11 10 9 1 2 9 5 2 5 2 2 11 9 9 19 3 7 18 3 4 8 10 8 20 6 7 1 9 3 1 2 7 5 11 5 10 14 19 10 8 2 1 8 2 3 5 16 6 17 7 1 18 8 3 2 11 2 7 3 3 10 6 10 8 17 4 11 1 1 11 6 8 10 9 4 6 7
0 3
2 3
0 4
2 4
3 4
3 6
4 6
3 7
6 8
1 9
0 10
1 11
4 11
9 11
8 13
1 14
8 14
13 14
6 15
14 15
0 16
3 16
5 16
8 16
12 16
1 17
8 17
15 17
0 18
8 18
5 19
16 19
17 19
2 20
5 20
8 20
17 20
2 21
20 21
1 22
2 22
5 22
12 22
19 22
0 23
7 23
8 23
10 23
15 23
17 23
22 23
1 24
3 24
5 24
8 24
9 24
14 24
20 24
21 24
6 25
11 25
17 25
18 25
23 25
4 26
12 26
23 26
24 26
2 27
3 27
4 27
6 27
7 27
10 27
16 27
17 27
19 27
20 27
1 28
3 28
6 28
13 28
18 28
21 28
22 28
26 28
1 29
2 29
3 29
6 29
7 29
14 29
24 29
2 30
8 30
9 30
13 30
16 30
21 30
27 30
29 30
2 31
7 31
14 31
19 31
28 31
0 32
5 32
12 32
13 32
15 32
17 32
19 32
21 32
22 32
23 32
31 32
5 33
6 33
7 33
8 33
11 33
12 33
18 33
19 33
22 33
26 33
0 34
4 34
22 34
24 34
29 34
33 34
3 35
16 35
17 35
19 35
22 35
23 35
26 35
27 35
31 35
33 35
2 36
7 36
18 36
22 36
27 36
31 36
32 36
34 36
0 37
1 37
4 37
6 37
10 37
12 37
15 37
16 37
18 37
23 37
30 37
35 37
2 38
11 38
12 38
14 38
21 38
31 38
34 38
2 39
3 39
4 39
12 39
13 39
23 39
34 39
9 40
10 40
17 40
18 40
22 40
26 40
32 40
34 40
36 40
38 40
39 40
1 41
8 41
10 41
17 41
23 41
28 41
29 41
34 41
37 41
3 42
4 42
7 42
9 42
11 42
13 42
15 42
21 42
33 42
36 42
37 42
41 42
2 43
12 43
16 43
17 43
18 43
20 43
31 43
38 43
40 43
1 44
4 44
12 44
21 44
34 44
37 44
39 44
0 45
1 45
10 45
12 45
28 45
41 45
43 45
2 46
3 46
4 46
5 46
16 46
23 46
30 46
35 46
36 46
3 47
4 47
10 47
12 47
17 47
23 47
29 47
32 47
46 47
10 48
12 48
17 48
18 48
22 48
29 48
34 48
40 48
44 48
10 49
18 49
27 49
38 49
43 49
44 49
0 50
3 50
10 50
28 50
32 50
36 50
39 50
42 50
44 50
47 50
49 50
10 51
14 51
16 51
18 51
30 51
35 51
37 51
47 51
50 51
0 52
4 52
14 52
16 52
18 52
28 52
40 52
43 52
46 52
49 52
50 52
51 52
1 53
13 53
19 53
22 53
27 53
30 53
32 53
34 53
38 53
49 53
52 53
4 54
9 54
13 54
15 54
17 54
23 54
29 54
30 54
33 54
40 54
41 54
47 54
3 55
5 55
11 55
12 55
14 55
18 55
31 55
32 55
33 55
38 55
43 55
47 55
49 55
53 55
3 56
10 56
16 56
18 56
19 56
22 56
36 56
37 56
39 56
49 56
50 56
53 56
55 56
9 57
10 57
11 57
16 57
17 57
46 57
48 57
49 57
52 57
54 57
0 58
1 58
3 58
4 58
6 58
16 58
17 58
24 58
28 58
36 58
42 58
43 58
46 58
53 58
54 58
1 59
3 59
8 59
9 59
15 59
17 59
28 59
31 59
43 59
44 59
47 59
52 59
53 59
0 60
8 60
10 60
22 60
28 60
47 60
1 61
2 61
7 61
18 61
31 61
47 61
55 61
57 61
60 61
0 62
4 62
8 62
11 62
20 62
23 62
24 62
30 62
36 62
37 62
39 62
41 62
44 62
54 62
55 62
61 62
0 63
3 63
4 63
13 63
14 63
17 63
21 63
30 63
32 63
33 63
35 63
41 63
43 63
49 63
59 63
1 64
5 64
6 64
7 64
14 64
27 64
29 64
32 64
33 64
38 64
48 64
50 64
52 64
59 64
2 65
3 65
10 65
11 65
17 65
25 65
34 65
44 65
52 65
62 65
3 66
16 66
17 66
19 66
20 66
24 66
27 66
34 66
38 66
41 66
55 66
56 66
59 66
62 66
64 66
65 66
4 67
5 67
7 67
20 67
23 67
26 67
27 67
30 67
42 67
44 67
48 67
52 67
59 67
62 67
63 67
64 67
66 67
1 68
4 68
5 68
7 68
13 68
16 68
19 68
33 68
39 68
45 68
49 68
51 68
56 68
59 68
62 68
64 68
66 68
67 68
0 69
2 69
5 69
19 69
20 69
30 69
43 69
44 69
45 69
46 69
51 69
55 69
65 69
0 70
3 70
13 70
21 70
25 70
37 70
40 70
41 70
44 70
55 70
61 70
64 70
65 70
66 70
2 71
5 71
6 71
10 71
12 71
15 71
19 71
30 71
34 71
38 71
40 71
41 71
50 71
58 71
59 71
62 71
64 71
8 72
10 72
16 72
28 72
32 72
34 72
35 72
36 72
39 72
45 72
55 72
69 72
4 73
11 73
14 73
16 73
24 73
35 73
36 73
39 73
43 73
47 73
50 73
60 73
63 73
64 73
66 73
67 73
72 73
1 74
5 74
6 74
11 74
12 74
18 74
19 74
20 74
23 74
28 74
39 74
42 74
44 74
48 74
49 74
57 74
59 74
64 74
72 74
2 75
21 75
23 75
28 75
30 75
37 75
42 75
49 75
50 75
56 75
57 75
60 75
63 75
64 75
66 75
71 75
73 75
0 76
1 76
2 76
9 76
10 76
20 76
21 76
34 76
40 76
48 76
49 76
57 76
74 76
1 77
10 77
13 77
15 77
22 77
25 77
32 77
37 77
38 77
40 77
55 77
64 77
66 77
69 77
70 77
0 78
7 78
10 78
13 78
25 78
30 78
40 78
43 78
47 78
50 78
57 78
63 78
67 78
69 78
77 78
4 79
11 79
24 79
29 79
36 79
57 79
59 79
64 79
66 79
70 79
2 80
4 80
5 80
7 80
9 80
11 80
17 80
19 80
23 80
43 80
47 80
48 80
49 80
57 80
64 80
67 80
75 80
8 81
15 81
18 81
23 81
24 81
25 81
26 81
29 81
33 81
36 81
38 81
45 81
46 81
48 81
50 81
64 81
73 81
76 81
79 81
2 82
3 82
5 82
7 82
11 82
15 82
29 82
37 82
43 82
50 82
56 82
58 82
59 82
62 82
72 82
79 82
14 83
24 83
25 83
30 83
33 83
34 83
35 83
38 83
40 83
41 83
47 83
49 83
62 83
63 83
66 83
67 83
69 83
71 83
1 84
6 84
10 84
11 84
12 84
13 84
19 84
21 84
22 84
24 84
29 84
55 84
73 84
83 84
6 85
9 85
14 85
28 85
31 85
32 85
33 85
40 85
42 85
45 85
55 85
66 85
81 85
1 86
2 86
3 86
7 86
8 86
14 86
20 86
23 86
24 86
35 86
36 86
45 86
46 86
49 86
51 86
58 86
67 86
69 86
74 86
81 86
1 87
4 87
5 87
9 87
11 87
13 87
22 87
32 87
34 87
41 87
44 87
45 87
50 87
51 87
68 87
69 87
74 87
77 87
80 87
82 87
86 87
2 88
4 88
11 88
18 88
19 88
24 88
26 88
28 88
30 88
41 88
43 88
61 88
73 88
77 88
78 88
79 88
85 88
0 89
3 89
4 89
5 89
13 89
16 89
20 89
24 89
27 89
30 89
36 89
39 89
40 89
48 89
56 89
69 89
72 89
73 89
78 89
79 89
80 89
82 89
87 89
3 90
7 90
14 90
31 90
33 90
38 90
41 90
42 90
48 90
52 90
53 90
55 90
67 90
80 90
5 91
8 91
10 91
13 91
17 91
18 91
19 91
20 91
22 91
23 91
24 91
35 91
38 91
40 91
44 91
45 91
48 91
53 91
54 91
55 91
56 91
62 91
6 92
17 92
18 92
24 92
27 92
28 92
34 92
37 92
38 92
42 92
46 92
53 92
62 92
63 92
64 92
72 92
86 92
1 93
9 93
12 93
16 93
22 93
31 93
38 93
39 93
45 93
56 93
61 93
64 93
66 93
71 93
75 93
79 93
0 94
2 94
6 94
23 94
29 94
31 94
33 94
35 94
49 94
58 94
65 94
69 94
70 94
79 94
90 94
91 94
7 95
13 95
17 95
18 95
31 95
32 95
43 95
45 95
50 95
53 95
55 95
61 95
81 95
84 95
86 95
5 96
8 96
15 96
17 96
20 96
22 96
25 96
29 96
34 96
41 96
44 96
45 96
49 96
50 96
52 96
62 96
65 96
81 96
82 96
84 96
89 96
90 96
92 96
0 97
2 97
3 97
7 97
11 97
23 97
24 97
49 97
53 97
54 97
56 97
58 97
60 97
62 97
66 97
72 97
73 97
75 97
89 97
95 97
1 98
2 98
4 98
9 98
18 98
41 98
44 98
49 98
54 98
55 98
66 98
77 98
78 98
79 98
80 98
81 98
89 98
97 98
0 99
5 99
6 99
13 99
20 99
37 99
38 99
39 99
43 99
51 99
66 99
68 99
70 99
71 99
72 99
79 99
85 99
88 99
94 99
98 99
2 100
5 100
7 100
15 100
18 100
34 100
35 100
36 100
47 100
52 100
57 100
59 100
67 100
81 100
82 100
83 100
87 100
91 100
92 100
95 100
98 100
1 101
2 101
7 101
11 101
21 101
29 101
38 101
41 101
55 101
57 101
69 101
77 101
82 101
83 101
87 101
88 101
97 101
98 101
3 102
8 102
11 102
13 102
18 102
19 102
24 102
29 102
30 102
41 102
43 102
45 102
51 102
60 102
61 102
68 102
73 102
78 102
83 102
87 102
92 102
99 102
5 103
6 103
9 103
20 103
25 103
26 103
28 103
33 103
34 103
46 103
49 103
50 103
53 103
58 103
63 103
66 103
69 103
73 103
80 103
81 103
82 103
86 103
92 103
93 103
99 103
8 104
15 104
21 104
23 104
35 104
38 104
40 104
44 104
58 104
61 104
62 104
78 104
84 104
100 104
12 105
25 105
34 105
44 105
45 105
63 105
78 105
84 105
86 105
90 105
92 105
103 105
2 106
3 106
7 106
8 106
9 106
15 106
22 106
36 106
40 106
41 106
44 106
46 106
48 106
51 106
53 106
54 106
56 106
57 106
61 106
69 106
77 106
82 106
87 106
90 106
6 107
9 107
12 107
17 107
19 107
22 107
23 107
26 107
28 107
30 107
38 107
44 107
50 107
53 107
55 107
60 107
62 107
63 107
69 107
70 107
71 107
74 107
79 107
100 107
101 107
0 108
1 108
10 108
14 108
22 108
25 108
27 108
29 108
42 108
43 108
45 108
47 108
48 108
57 108
66 108
67 108
84 108
86 108
93 108
107 108
11 109
28 109
31 109
36 109
44 109
54 109
57 109
61 109
64 109
66 109
75 109
79 109
88 109
89 109
93 109
102 109
107 109
2 110
5 110
9 110
11 110
20 110
24 110
30 110
31 110
33 110
40 110
44 110
51 110
58 110
59 110
66 110
79 110
81 110
85 110
101 110
108 110
2 111
5 111
11 111
15 111
18 111
22 111
23 111
31 111
37 111
40 111
46 111
47 111
52 111
55 111
60 111
65 111
66 111
69 111
87 111
91 111
92 111
94 111
97 111
99 111
101 111
109 111
1 112
3 112
5 112
7 112
13 112
18 112
22 112
26 112
31 112
35 112
36 112
48 112
49 112
50 112
51 112
56 112
71 112
92 112
98 112
107 112
13 113
20 113
21 113
27 113
29 113
30 113
45 113
49 113
51 113
57 113
66 113
74 113
77 113
78 113
88 113
94 113
107 113
109 113
112 113
3 114
5 114
6 114
8 114
10 114
13 114
27 114
39 114
40 114
41 114
46 114
49 114
50 114
66 114
72 114
74 114
80 114
84 114
92 114
98 114
99 114
110 114
3 115
4 115
14 115
15 115
17 115
21 115
27 115
46 115
49 115
50 115
55 115
56 115
57 115
61 115
64 115
67 115
75 115
80 115
82 115
83 115
96 115
97 115
100 115
101 115
104 115
106 115
109 115
111 115
0 116
6 116
10 116
24 116
30 116
50 116
54 116
62 116
63 116
68 116
73 116
81 116
91 116
93 116
94 116
99 116
101 116
105 116
4 117
19 117
27 117
33 117
34 117
48 117
59 117
64 117
65 117
79 117
87 117
91 117
92 117
105 117
113 117
0 118
4 118
10 118
15 118
21 118
26 118
32 118
39 118
46 118
54 118
55 118
59 118
61 118
68 118
69 118
82 118
83 118
87 118
91 118
94 118
99 118
102 118
105 118
106 118
107 118
112 118
113 118
115 118
8 119
10 119
16 119
19 119
27 119
47 119
51 119
55 119
56 119
57 119
59 119
60 119
66 119
67 119
69 119
84 119
85 119
92 119
99 119
103 119
104 119
108 119
118 119
4 120
13 120
22 120
23 120
28 120
31 120
34 120
41 120
50 120
54 120
58 120
59 120
61 120
65 120
69 120
71 120
72 120
74 120
81 120
94 120
97 120
99 120
106 120
110 120
118 120
119 120
2 121
5 121
13 121
17 121
30 121
42 121
44 121
47 121
49 121
51 121
53 121
66 121
85 121
87 121
90 121
91 121
92 121
100 121
104 121
111 121
15 122
19 122
20 122
23 122
34 122
36 122
38 122
43 122
55 122
60 122
61 122
65 122
66 122
69 122
73 122
75 122
79 122
80 122
81 122
84 122
86 122
87 122
89 122
92 122
95 122
99 122
103 122
104 122
117 122
0 123
19 123
24 123
28 123
29 123
30 123
35 123
40 123
52 123
57 123
59 123
61 123
68 123
73 123
78 123
83 123
84 123
85 123
96 123
97 123
107 123
108 123
111 123
114 123
117 123
120 123
0 124
3 124
11 124
13 124
30 124
42 124
50 124
51 124
52 124
54 124
66 124
78 124
82 124
96 124
100 124
110 124
114 124
115 124
116 124
119 124
0 125
4 125
10 125
12 125
13 125
21 125
25 125
27 125
30 125
35 125
42 125
45 125
48 125
50 125
52 125
54 125
58 125
61 125
64 125
65 125
67 125
69 125
77 125
78 125
84 125
86 125
91 125
93 125
99 125
100 125
103 125
107 125
109 125
115 125
119 125
120 125
7 126
11 126
23 126
24 126
38 126
49 126
53 126
56 126
59 126
61 126
62 126
66 126
80 126
81 126
83 126
86 126
88 126
89 126
91 126
93 126
99 126
103 126
107 126
110 126
113 126
120 126
0 127
25 127
35 127
37 127
40 127
54 127
66 127
68 127
72 127
86 127
88 127
90 127
94 127
95 127
99 127
102 127
103 127
109 127
113 127
124 127
6 128
10 128
11 128
15 128
17 128
20 128
29 128
30 128
32 128
39 128
43 128
47 128
51 128
52 128
56 128
59 128
63 128
67 128
74 128
77 128
82 128
108 128
119 128
123 128
127 128
0 129
2 129
10 129
11 129
20 129
22 129
31 129
36 129
48 129
50 129
51 129
54 129
58 129
60 129
62 129
64 129
66 129
79 129
88 129
90 129
93 129
103 129
109 129
110 129
113 129
118 129
5 130
8 130
9 130
22 130
23 130
24 130
29 130
32 130
51 130
55 130
64 130
65 130
71 130
76 130
77 130
81 130
82 130
84 130
90 130
92 130
97 130
100 130
117 130
118 130
123 130
125 130
126 130
11 131
16 131
23 131
25 131
29 131
36 131
38 131
39 131
42 131
45 131
47 131
48 131
52 131
54 131
63 131
64 131
68 131
76 131
80 131
83 131
85 131
86 131
87 131
90 131
93 131
94 131
101 131
102 131
104 131
109 131
115 131
120 131
123 131
126 131
128 131
0 132
6 132
8 132
9 132
10 132
12 132
18 132
31 132
34 132
43 132
44 132
46 132
49 132
54 132
58 132
60 132
61 132
64 132
67 132
80 132
83 132
85 132
86 132
102 132
114 132
117 132
120 132
124 132
128 132
0 133
8 133
9 133
11 133
28 133
30 133
35 133
45 133
46 133
47 133
50 133
57 133
59 133
65 133
68 133
73 133
76 133
82 133
83 133
100 133
125 133
126 133
129 133
130 133
7 134
10 134
22 134
23 134
24 134
27 134
39 134
49 134
52 134
56 134
63 134
68 134
70 134
79 134
82 134
84 134
86 134
106 134
113 134
114 134
118 134
3 135
4 135
5 135
6 135
8 135
10 135
11 135
12 135
17 135
21 135
26 135
28 135
30 135
36 135
43 135
48 135
49 135
57 135
62 135
64 135
71 135
82 135
83 135
85 135
107 135
116 135
117 135
5 136
6 136
8 136
12 136
21 136
30 136
34 136
38 136
42 136
43 136
45 136
52 136
62 136
63 136
68 136
79 136
80 136
89 136
99 136
109 136
111 136
118 136
120 136
121 136
125 136
2 137
8 137
14 137
29 137
41 137
64 137
67 137
86 137
87 137
90 137
94 137
95 137
100 137
108 137
109 137
122 137
126 137
131 137
132 137
0 138
1 138
14 138
16 138
22 138
23 138
32 138
33 138
38 138
41 138
44 138
46 138
48 138
49 138
50 138
59 138
64 138
67 138
76 138
78 138
79 138
85 138
87 138
97 138
98 138
101 138
103 138
107 138
110 138
111 138
114 138
121 138
123 138
124 138
132 138
136 138
0 139
1 139
16 139
17 139
20 139
29 139
30 139
33 139
37 139
41 139
43 139
46 139
47 139
60 139
81 139
84 139
87 139
91 139
93 139
94 139
96 139
105 139
106 139
112 139
115 139
120 139
129 139
133 139
1 140
7 140
8 140
20 140
24 140
35 140
40 140
42 140
43 140
46 140
52 140
54 140
55 140
59 140
60 140
64 140
66 140
68 140
70 140
74 140
75 140
77 140
78 140
86 140
87 140
92 140
113 140
116 140
121 140
128 140
133 140
15 141
19 141
22 141
32 141
38 141
41 141
42 141
43 141
47 141
50 141
52 141
59 141
64 141
68 141
72 141
75 141
77 141
80 141
81 141
91 141
97 141
98 141
101 141
105 141
107 141
109 141
119 141
124 141
127 141
131 141
5 142
13 142
15 142
18 142
22 142
23 142
27 142
29 142
38 142
72 142
73 142
74 142
75 142
77 142
81 142
88 142
100 142
101 142
107 142
113 142
114 142
123 142
124 142
131 142
1 143
4 143
8 143
11 143
14 143
15 143
29 143
33 143
41 143
42 143
50 143
64 143
66 143
73 143
75 143
76 143
79 143
86 143
97 143
106 143
111 143
119 143
122 143
127 143
130 143
138 143
140 143
141 143
4 144
5 144
9 144
13 144
17 144
24 144
25 144
35 144
45 144
48 144
49 144
52 144
53 144
54 144
57 144
58 144
63 144
82 144
88 144
92 144
96 144
101 144
103 144
104 144
109 144
117 144
123 144
127 144
128 144
133 144
136 144
142 144
1 145
5 145
9 145
16 145
19 145
21 145
30 145
31 145
33 145
37 145
42 145
44 145
45 145
46 145
54 145
56 145
57 145
59 145
62 145
70 145
80 145
83 145
84 145
91 145
92 145
93 145
96 145
97 145
102 145
117 145
127 145
134 145
135 145
10 146
17 146
21 146
25 146
32 146
42 146
43 146
51 146
54 146
57 146
60 146
63 146
67 146
68 146
76 146
81 146
82 146
89 146
90 146
92 146
94 146
117 146
125 146
126 146
130 146
131 146
133 146
139 146
144 146
2 147
6 147
8 147
18 147
21 147
23 147
31 147
32 147
34 147
35 147
42 147
59 147
61 147
62 147
78 147
79 147
83 147
87 147
88 147
95 147
100 147
105 147
106 147
107 147
117 147
127 147
133 147
138 147
0 148
1 148
5 148
7 148
10 148
17 148
19 148
25 148
28 148
34 148
36 148
37 148
38 148
39 148
41 148
45 148
65 148
70 148
73 148
87 148
88 148
90 148
93 148
100 148
103 148
104 148
122 148
125 148
127 148
130 148
135 148
136 148
140 148
142 148
0 149
2 149
3 149
7 149
15 149
17 149
19 149
26 149
35 149
42 149
63 149
65 149
69 149
70 149
71 149
74 149
76 149
79 149
82 149
84 149
97 149
100 149
107 149
113 149
115 149
134 149
4 150
12 150
25 150
26 150
29 150
31 150
44 150
46 150
58 150
73 150
86 150
95 150
97 150
101 150
115 150
118 150
127 150
129 150
137 150
138 150
149 150
0 151
3 151
8 151
15 151
16 151
17 151
26 151
31 151
47 151
48 151
52 151
59 151
65 151
85 151
87 151
89 151
92 151
95 151
102 151
105 151
108 151
114 151
115 151
123 151
124 151
125 151
126 151
131 151
148 151
149 151
1 152
5 152
7 152
13 152
20 152
24 152
31 152
36 152
42 152
49 152
50 152
60 152
65 152
67 152
75 152
78 152
85 152
94 152
99 152
108 152
111 152
113 152
117 152
120 152
123 152
128 152
136 152
137 152
146 152
0 153
5 153
10 153
14 153
20 153
22 153
24 153
28 153
32 153
40 153
44 153
47 153
54 153
68 153
71 153
80 153
81 153
89 153
91 153
92 153
94 153
100 153
118 153
121 153
122 153
127 153
136 153
138 153
8 154
10 154
16 154
21 154
26 154
31 154
36 154
37 154
45 154
47 154
50 154
53 154
55 154
58 154
60 154
61 154
103 154
113 154
114 154
115 154
120 154
122 154
126 154
131 154
132 154
136 154
7 155
9 155
16 155
26 155
29 155
38 155
41 155
42 155
44 155
52 155
55 155
58 155
62 155
64 155
67 155
71 155
83 155
84 155
88 155
89 155
90 155
94 155
95 155
99 155
100 155
105 155
108 155
109 155
110 155
112 155
120 155
122 155
127 155
143 155
145 155
0 156
1 156
15 156
26 156
28 156
29 156
53 156
56 156
59 156
67 156
71 156
77 156
81 156
82 156
91 156
98 156
103 156
106 156
111 156
117 156
118 156
119 156
120 156
125 156
136 156
150 156
4 157
7 157
16 157
35 157
43 157
44 157
50 157
56 157
59 157
62 157
71 157
72 157
76 157
78 157
79 157
81 157
88 157
91 157
103 157
114 157
119 157
127 157
132 157
143 157
145 157
148 157
150 157
153 157
155 157
156 157
1 158
9 158
21 158
22 158
37 158
41 158
44 158
50 158
57 158
59 158
70 158
71 158
75 158
77 158
80 158
82 158
84 158
87 158
93 158
114 158
123 158
124 158
125 158
126 158
132 158
137 158
141 158
147 158
153 158
0 159
3 159
15 159
17 159
26 159
27 159
29 159
30 159
35 159
36 159
42 159
46 159
52 159
53 159
60 159
61 159
64 159
68 159
78 159
80 159
81 159
85 159
86 159
89 159
95 159
103 159
116 159
117 159
118 159
124 159
126 159
127 159
131 159
133 159
135 159
149 159
150 159
151 159
155 159
0 160
10 160
13 160
21 160
24 160
26 160
27 160
36 160
39 160
44 160
49 160
50 160
59 160
63 160
64 160
67 160
68 160
69 160
74 160
79 160
81 160
82 160
86 160
89 160
95 160
96 160
112 160
116 160
117 160
123 160
125 160
129 160
138 160
140 160
144 160
150 160
157 160
1 161
12 161
30 161
34 161
42 161
44 161
50 161
53 161
56 161
57 161
59 161
61 161
68 161
69 161
72 161
76 161
79 161
81 161
99 161
101 161
102 161
106 161
115 161
117 161
118 161
119 161
120 161
126 161
142 161
144 161
149 161
151 161
160 161
4 162
5 162
9 162
16 162
19 162
21 162
22 162
24 162
25 162
26 162
31 162
32 162
33 162
34 162
42 162
44 162
45 162
50 162
63 162
64 162
65 162
75 162
77 162
78 162
80 162
92 162
101 162
107 162
108 162
110 162
115 162
118 162
120 162
121 162
132 162
141 162
143 162
0 163
1 163
8 163
16 163
18 163
19 163
34 163
46 163
61 163
66 163
68 163
71 163
72 163
73 163
79 163
81 163
83 163
86 163
96 163
102 163
104 163
118 163
121 163
124 163
132 163
135 163
137 163
142 163
143 163
153 163
155 163
158 163
8 164
27 164
29 164
32 164
36 164
41 164
47 164
49 164
55 164
57 164
60 164
67 164
73 164
86 164
87 164
88 164
91 164
93 164
98 164
108 164
110 164
111 164
117 164
121 164
128 164
136 164
137 164
143 164
149 164
152 164
154 164
156 164
158 164
159 164
0 165
2 165
4 165
7 165
10 165
19 165
28 165
31 165
36 165
37 165
40 165
41 165
42 165
44 165
57 165
58 165
65 165
72 165
78 165
85 165
91 165
92 165
93 165
99 165
100 165
101 165
122 165
126 165
127 165
129 165
139 165
144 165
153 165
160 165
1 166
2 166
6 166
16 166
20 166
29 166
32 166
41 166
48 166
52 166
61 166
64 166
69 166
76 166
78 166
81 166
82 166
85 166
100 166
102 166
116 166
120 166
122 166
127 166
130 166
132 166
144 166
147 166
148 166
149 166
158 166
161 166
162 166
163 166
0 167
8 167
12 167
13 167
21 167
28 167
36 167
38 167
41 167
45 167
48 167
59 167
65 167
77 167
78 167
81 167
86 167
91 167
94 167
97 167
104 167
105 167
107 167
109 167
120 167
123 167
128 167
145 167
146 167
147 167
150 167
156 167
160 167
165 167
4 168
7 168
10 168
14 168
20 168
25 168
31 168
43 168
49 168
64 168
67 168
69 168
71 168
75 168
77 168
78 168
80 168
84 168
89 168
93 168
95 168
116 168
120 168
121 168
129 168
133 168
145 168
148 168
159 168
164 168
165 168
5 169
8 169
11 169
13 169
15 169
21 169
28 169
32 169
34 169
35 169
38 169
40 169
45 169
46 169
51 169
56 169
62 169
64 169
69 169
73 169
77 169
82 169
85 169
86 169
90 169
96 169
97 169
98 169
102 169
107 169
109 169
111 169
123 169
124 169
125 169
130 169
135 169
140 169
144 169
150 169
153 169
154 169
2 170
9 170
10 170
46 170
48 170
51 170
62 170
65 170
70 170
80 170
89 170
93 170
103 170
113 170
115 170
120 170
123 170
124 170
126 170
128 170
130 170
136 170
139 170
140 170
145 170
146 170
152 170
153 170
155 170
163 170
164 170
169 170
0 171
2 171
6 171
8 171
10 171
17 171
18 171
19 171
23 171
25 171
30 171
36 171
42 171
48 171
57 171
58 171
62 171
68 171
76 171
96 171
97 171
99 171
115 171
117 171
119 171
121 171
126 171
127 171
131 171
136 171
140 171
155 171
159 171
160 171
161 171
162 171
167 171
0 172
21 172
32 172
36 172
40 172
52 172
57 172
58 172
65 172
70 172
78 172
83 172
84 172
95 172
98 172
112 172
115 172
119 172
124 172
127 172
131 172
135 172
136 172
142 172
145 172
147 172
149 172
150 172
155 172
156 172
158 172
165 172
3 173
14 173
21 173
22 173
27 173
30 173
39 173
42 173
45 173
54 173
62 173
66 173
73 173
74 173
76 173
78 173
82 173
88 173
93 173
96 173
98 173
107 173
113 173
115 173
124 173
127 173
129 173
130 173
138 173
141 173
144 173
148 173
150 173
156 173
158 173
164 173
168 173
171 173
0 174
3 174
16 174
20 174
28 174
30 174
31 174
37 174
44 174
46 174
48 174
58 174
59 174
75 174
76 174
80 174
81 174
82 174
84 174
85 174
94 174
122 174
130 174
131 174
141 174
145 174
148 174
156 174
161 174
167 174
170 174
171 174
2 175
3 175
12 175
30 175
32 175
35 175
39 175
43 175
49 175
50 175
54 175
58 175
65 175
66 175
74 175
79 175
81 175
93 175
101 175
106 175
107 175
110 175
115 175
127 175
131 175
133 175
138 175
150 175
151 175
152 175
161 175
172 175
174 175
2 176
10 176
20 176
21 176
35 176
48 176
63 176
79 176
83 176
86 176
118 176
123 176
124 176
127 176
130 176
131 176
132 176
148 176
149 176
159 176
165 176
166 176
170 176
9 177
24 177
27 177
28 177
49 177
51 177
52 177
62 177
64 177
69 177
73 177
74 177
75 177
87 177
88 177
89 177
94 177
99 177
103 177
106 177
107 177
116 177
124 177
130 177
134 177
138 177
140 177
141 177
144 177
147 177
151 177
154 177
157 177
158 177
162 177
171 177
172 177
175 177
5 178
7 178
8 178
18 178
19 178
20 178
24 178
32 178
43 178
47 178
49 178
54 178
56 178
57 178
61 178
64 178
68 178
74 178
79 178
80 178
87 178
90 178
92 178
94 178
95 178
96 178
98 178
99 178
102 178
106 178
108 178
111 178
115 178
118 178
119 178
121 178
135 178
137 178
158 178
166 178
168 178
1 179
7 179
9 179
11 179
12 179
22 179
25 179
29 179
30 179
37 179
45 179
52 179
54 179
67 179
69 179
71 179
84 179
85 179
87 179
97 179
100 179
118 179
119 179
126 179
128 179
131 179
136 179
140 179
141 179
143 179
148 179
151 179
154 179
156 179
157 179
158 179
160 179
161 179
166 179
172 179
0 180
14 180
16 180
24 180
33 180
36 180
37 180
49 180
54 180
55 180
62 180
63 180
66 180
67 180
79 180
84 180
86 180
87 180
92 180
105 180
108 180
113 180
117 180
118 180
123 180
130 180
132 180
151 180
155 180
157 180
165 180
167 180
172 180
173 180
178 180
2 181
3 181
5 181
13 181
15 181
17 181
25 181
33 181
41 181
43 181
60 181
66 181
69 181
71 181
75 181
78 181
79 181
82 181
85 181
88 181
89 181
94 181
95 181
102 181
103 181
105 181
113 181
115 181
118 181
119 181
120 181
122 181
123 181
127 181
131 181
133 181
139 181
149 181
154 181
167 181
179 181
8 182
12 182
13 182
14 182
16 182
17 182
33 182
46 182
47 182
54 182
57 182
66 182
67 182
73 182
90 182
96 182
98 182
99 182
118 182
121 182
122 182
124 182
142 182
146 182
153 182
159 182
163 182
165 182
166 182
167 182
169 182
1 183
16 183
19 183
20 183
22 183
23 183
31 183
42 183
56 183
57 183
60 183
61 183
63 183
81 183
82 183
94 183
105 183
106 183
110 183
129 183
130 183
131 183
132 183
134 183
142 183
145 183
149 183
150 183
154 183
155 183
160 183
163 183
164 183
181 183
0 184
8 184
10 184
11 184
12 184
20 184
26 184
27 184
29 184
30 184
36 184
41 184
42 184
50 184
58 184
62 184
70 184
77 184
78 184
80 184
82 184
84 184
85 184
87 184
91 184
93 184
100 184
109 184
113 184
132 184
135 184
142 184
149 184
152 184
155 184
166 184
7 185
9 185
10 185
15 185
19 185
20 185
23 185
24 185
25 185
37 185
38 185
49 185
62 185
70 185
71 185
76 185
78 185
88 185
95 185
98 185
106 185
108 185
109 185
110 185
118 185
119 185
121 185
126 185
132 185
133 185
137 185
141 185
163 185
165 185
166 185
173 185
176 185
178 185
181 185
5 186
7 186
8 186
10 186
22 186
23 186
31 186
33 186
36 186
41 186
46 186
55 186
57 186
60 186
62 186
65 186
71 186
72 186
74 186
84 186
93 186
97 186
105 186
107 186
110 186
112 186
114 186
115 186
116 186
126 186
135 186
139 186
141 186
147 186
150 186
156 186
165 186
166 186
171 186
175 186
176 186
181 186
5 187
11 187
25 187
29 187
40 187
43 187
45 187
49 187
53 187
57 187
63 187
67 187
68 187
77 187
81 187
94 187
98 187
99 187
103 187
105 187
112 187
114 187
115 187
124 187
132 187
140 187
149 187
152 187
157 187
161 187
169 187
172 187
173 187
182 187
185 187
0 188
8 188
16 188
22 188
28 188
29 188
30 188
34 188
37 188
42 188
45 188
48 188
56 188
57 188
59 188
61 188
66 188
69 188
82 188
85 188
98 188
108 188
109 188
113 188
123 188
125 188
136 188
137 188
146 188
147 188
153 188
154 188
157 188
163 188
168 188
169 188
176 188
184 188
0 189
7 189
8 189
10 189
13 189
18 189
20 189
24 189
26 189
31 189
35 189
37 189
38 189
40 189
43 189
44 189
59 189
62 189
66 189
67 189
72 189
73 189
75 189
79 189
83 189
88 189
95 189
104 189
111 189
113 189
123 189
127 189
131 189
135 189
141 189
151 189
158 189
165 189
171 189
172 189
173 189
175 189
182 189
2 190
3 190
7 190
8 190
9 190
13 190
20 190
31 190
32 190
36 190
37 190
47 190
48 190
50 190
60 190
62 190
72 190
73 190
74 190
77 190
80 190
84 190
93 190
101 190
103 190
104 190
110 190
118 190
124 190
125 190
128 190
130 190
131 190
132 190
135 190
136 190
148 190
157 190
171 190
177 190
180 190
0 191
23 191
30 191
36 191
37 191
38 191
42 191
50 191
51 191
58 191
63 191
69 191
70 191
71 191
72 191
74 191
75 191
76 191
82 191
95 191
100 191
106 191
107 191
116 191
120 191
125 191
126 191
134 191
142 191
149 191
154 191
180 191
181 191
6 192
13 192
14 192
20 192
22 192
23 192
24 192
31 192
33 192
35 192
45 192
48 192
49 192
51 192
53 192
55 192
64 192
70 192
83 192
86 192
88 192
95 192
98 192
100 192
109 192
113 192
114 192
119 192
123 192
125 192
130 192
135 192
137 192
138 192
143 192
147 192
149 192
153 192
158 192
162 192
169 192
174 192
181 192
187 192
191 192
6 193
15 193
24 193
27 193
34 193
43 193
46 193
49 193
54 193
56 193
60 193
64 193
80 193
81 193
99 193
104 193
114 193
116 193
118 193
120 193
122 193
129 193
131 193
133 193
135 193
136 193
141 193
142 193
148 193
156 193
164 193
165 193
172 193
178 193
179 193
189 193
4 194
8 194
10 194
19 194
21 194
29 194
34 194
36 194
48 194
50 194
58 194
63 194
65 194
68 194
70 194
76 194
82 194
83 194
85 194
92 194
109 194
127 194
133 194
138 194
148 194
158 194
160 194
170 194
180 194
182 194
183 194
0 195
4 195
5 195
6 195
16 195
22 195
29 195
30 195
32 195
41 195
42 195
43 195
53 195
63 195
64 195
66 195
73 195
75 195
76 195
77 195
84 195
89 195
91 195
98 195
103 195
110 195
114 195
115 195
127 195
137 195
146 195
148 195
151 195
157 195
160 195
168 195
176 195
179 195
181 195
183 195
186 195
187 195
190 195
191 195
4 196
5 196
9 196
21 196
22 196
30 196
48 196
66 196
68 196
74 196
76 196
77 196
84 196
87 196
107 196
115 196
116 196
119 196
123 196
132 196
133 196
135 196
150 196
155 196
161 196
164 196
176 196
178 196
184 196
192 196
193 196
12 197
18 197
19 197
31 197
46 197
50 197
55 197
59 197
62 197
68 197
69 197
84 197
88 197
91 197
102 197
104 197
107 197
113 197
118 197
120 197
124 197
128 197
129 197
130 197
131 197
142 197
149 197
160 197
161 197
177 197
180 197
15 198
20 198
21 198
30 198
33 198
39 198
51 198
54 198
57 198
70 198
85 198
91 198
98 198
101 198
103 198
121 198
125 198
130 198
133 198
137 198
139 198
141 198
144 198
148 198
152 198
158 198
161 198
165 198
169 198
180 198
183 198
186 198
188 198
197 198
1 199
22 199
24 199
26 199
27 199
36 199
40 199
49 199
52 199
53 199
54 199
55 199
66 199
80 199
83 199
88 199
89 199
93 199
102 199
118 199
119 199
120 199
123 199
135 199
139 199
140 199
147 199
154 199
170 199
172 199
173 199
176 199
184 199
193 199
3 200
12 200
26 200
31 200
32 200
37 200
39 200
43 200
49 200
54 200
56 200
64 200
69 200
78 200
81 200
86 200
98 200
99 200
108 200
116 200
120 200
124 200
127 200
133 200
136 200
137 200
143 200
144 200
145 200
150 200
164 200
169 200
172 200
175 200
180 200
191 200
198 200
4 201
6 201
16 201
18 201
19 201
34 201
36 201
42 201
53 201
61 201
64 201
74 201
85 201
87 201
89 201
92 201
98 201
121 201
127 201
132 201
137 201
138 201
139 201
145 201
156 201
166 201
172 201
174 201
177 201
186 201
190 201
191 201
196 201
198 201
0 202
2 202
4 202
10 202
15 202
21 202
22 202
27 202
28 202
31 202
32 202
46 202
55 202
68 202
72 202
79 202
81 202
82 202
84 202
89 202
105 202
107 202
118 202
126 202
129 202
130 202
139 202
140 202
144 202
145 202
147 202
154 202
156 202
157 202
160 202
162 202
163 202
170 202
171 202
172 202
175 202
180 202
191 202
192 202
193 202
195 202
1 203
2 203
4 203
5 203
15 203
18 203
19 203
22 203
28 203
31 203
33 203
37 203
42 203
46 203
51 203
57 203
59 203
63 203
69 203
72 203
82 203
84 203
86 203
90 203
92 203
93 203
95 203
96 203
99 203
115 203
117 203
121 203
124 203
127 203
128 203
138 203
139 203
141 203
142 203
144 203
155 203
174 203
181 203
187 203
198 203
199 203
201 203
1 204
2 204
9 204
10 204
14 204
34 204
35 204
36 204
38 204
39 204
47 204
49 204
53 204
60 204
61 204
64 204
69 204
70 204
80 204
82 204
88 204
92 204
97 204
109 204
112 204
113 204
116 204
119 204
131 204
133 204
136 204
140 204
151 204
153 204
158 204
159 204
164 204
165 204
167 204
177 204
178 204
179 204
180 204
183 204
195 204
196 204
200 204
4 205
6 205
12 205
14 205
19 205
28 205
29 205
38 205
49 205
52 205
54 205
65 205
67 205
79 205
83 205
90 205
92 205
95 205
124 205
134 205
140 205
141 205
157 205
162 205
164 205
166 205
172 205
174 205
181 205
183 205
186 205
191 205
193 205
196 205
6 206
16 206
17 206
20 206
28 206
31 206
45 206
52 206
53 206
58 206
63 206
69 206
83 206
87 206
106 206
111 206
114 206
143 206
145 206
147 206
149 206
156 206
157 206
158 206
162 206
171 206
172 206
177 206
180 206
183 206
186 206
198 206
204 206
205 206
2 207
3 207
9 207
16 207
20 207
22 207
31 207
38 207
39 207
44 207
47 207
55 207
61 207
78 207
79 207
81 207
90 207
91 207
100 207
103 207
104 207
105 207
107 207
108 207
109 207
110 207
111 207
116 207
118 207
120 207
133 207
136 207
137 207
140 207
152 207
161 207
162 207
168 207
170 207
173 207
175 207
176 207
177 207
2 208
4 208
6 208
7 208
19 208
24 208
31 208
32 208
34 208
36 208
37 208
44 208
46 208
47 208
51 208
54 208
55 208
60 208
62 208
70 208
92 208
96 208
97 208
98 208
102 208
107 208
112 208
114 208
118 208
121 208
125 208
135 208
147 208
148 208
168 208
177 208
178 208
185 208
199 208
200 208
201 208
202 208
205 208
206 208
2 209
3 209
4 209
6 209
10 209
12 209
14 209
15 209
17 209
29 209
51 209
59 209
69 209
76 209
78 209
83 209
85 209
86 209
90 209
92 209
97 209
104 209
123 209
125 209
132 209
133 209
134 209
142 209
148 209
150 209
151 209
154 209
161 209
164 209
168 209
172 209
174 209
177 209
179 209
192 209
194 209
200 209
205 209
8 210
11 210
13 210
21 210
22 210
24 210
34 210
40 210
42 210
49 210
54 210
59 210
65 210
67 210
69 210
76 210
87 210
93 210
96 210
107 210
115 210
117 210
120 210
124 210
125 210
129 210
131 210
133 210
136 210
137 210
139 210
142 210
152 210
157 210
159 210
169 210
182 210
187 210
191 210
196 210
200 210
207 210
0 211
4 211
6 211
12 211
22 211
23 211
31 211
44 211
46 211
48 211
50 211
52 211
61 211
63 211
66 211
72 211
82 211
90 211
91 211
99 211
102 211
111 211
113 211
120 211
121 211
125 211
133 211
154 211
157 211
158 211
165 211
168 211
170 211
171 211
174 211
180 211
186 211
191 211
210 211
0 212
1 212
16 212
17 212
28 212
29 212
34 212
45 212
48 212
67 212
71 212
75 212
78 212
81 212
82 212
84 212
86 212
95 212
110 212
117 212
119 212
121 212
124 212
125 212
132 212
144 212
147 212
152 212
156 212
159 212
160 212
161 212
165 212
171 212
172 212
173 212
175 212
177 212
181 212
182 212
184 212
188 212
193 212
194 212
211 212
21 213
24 213
30 213
31 213
33 213
53 213
62 213
63 213
75 213
80 213
99 213
110 213
113 213
119 213
133 213
140 213
144 213
146 213
148 213
159 213
163 213
166 213
172 213
178 213
180 213
193 213
195 213
199 213
205 213
1 214
8 214
11 214
14 214
15 214
25 214
30 214
36 214
40 214
44 214
52 214
55 214
57 214
62 214
65 214
66 214
68 214
69 214
70 214
83 214
84 214
94 214
104 214
105 214
107 214
110 214
113 214
121 214
134 214
136 214
141 214
144 214
145 214
152 214
153 214
160 214
162 214
163 214
189 214
191 214
210 214
8 215
15 215
18 215
28 215
31 215
34 215
39 215
45 215
47 215
48 215
56 215
62 215
63 215
64 215
68 215
71 215
76 215
79 215
81 215
85 215
86 215
92 215
95 215
97 215
99 215
104 215
117 215
120 215
130 215
135 215
136 215
140 215
148 215
149 215
151 215
155 215
168 215
171 215
177 215
179 215
182 215
190 215
192 215
197 215
200 215
201 215
203 215
205 215
209 215
212 215
2 216
3 216
11 216
16 216
20 216
21 216
26 216
34 216
37 216
65 216
82 216
93 216
96 216
100 216
104 216
105 216
109 216
110 216
112 216
114 216
123 216
135 216
140 216
144 216
147 216
148 216
151 216
153 216
155 216
158 216
161 216
168 216
173 216
177 216
180 216
181 216
198 216
206 216
208 216
4 217
5 217
9 217
18 217
19 217
21 217
25 217
26 217
32 217
33 217
40 217
47 217
49 217
53 217
54 217
57 217
63 217
71 217
78 217
81 217
87 217
92 217
95 217
98 217
100 217
102 217
108 217
118 217
121 217
123 217
124 217
127 217
130 217
133 217
134 217
143 217
146 217
147 217
161 217
163 217
169 217
178 217
191 217
203 217
204 217
216 217
2 218
7 218
8 218
18 218
21 218
24 218
25 218
26 218
27 218
29 218
31 218
32 218
34 218
38 218
44 218
52 218
54 218
58 218
64 218
66 218
68 218
76 218
78 218
79 218
82 218
96 218
97 218
101 218
104 218
110 218
116 218
117 218
125 218
127 218
130 218
133 218
136 218
137 218
138 218
141 218
144 218
151 218
160 218
161 218
162 218
165 218
168 218
173 218
175 218
178 218
196 218
201 218
204 218
205 218
210 218
214 218
0 219
2 219
10 219
14 219
19 219
22 219
28 219
32 219
38 219
41 219
47 219
51 219
53 219
56 219
69 219
82 219
83 219
85 219
87 219
92 219
93 219
94 219
95 219
96 219
105 219
109 219
110 219
117 219
120 219
122 219
123 219
129 219
134 219
145 219
150 219
156 219
171 219
195 219
198 219
205 219
207 219
209 219
11 220
17 220
28 220
30 220
36 220
37 220
38 220
48 220
49 220
54 220
55 220
58 220
63 220
68 220
73 220
81 220
85 220
88 220
91 220
94 220
101 220
103 220
104 220
109 220
121 220
124 220
128 220
142 220
145 220
146 220
147 220
149 220
152 220
155 220
160 220
162 220
165 220
166 220
170 220
172 220
174 220
178 220
181 220
185 220
191 220
193 220
194 220
199 220
206 220
211 220
212 220
213 220
1 221
2 221
3 221
5 221
15 221
16 221
19 221
29 221
41 221
47 221
52 221
54 221
55 221
71 221
75 221
76 221
82 221
84 221
87 221
89 221
95 221
98 221
105 221
111 221
113 221
114 221
115 221
117 221
129 221
134 221
136 221
137 221
140 221
141 221
149 221
159 221
164 221
165 221
173 221
174 221
175 221
178 221
180 221
185 221
193 221
217 221
220 221
3 222
7 222
8 222
9 222
28 222
34 222
38 222
44 222
45 222
48 222
52 222
58 222
64 222
65 222
71 222
76 222
79 222
80 222
85 222
90 222
100 222
101 222
109 222
123 222
141 222
154 222
159 222
170 222
174 222
177 222
181 222
193 222
195 222
201 222
203 222
205 222
215 222
8 223
9 223
25 223
27 223
28 223
31 223
32 223
36 223
42 223
47 223
49 223
56 223
59 223
66 223
67 223
68 223
74 223
75 223
81 223
85 223
86 223
89 223
93 223
98 223
103 223
109 223
114 223
116 223
123 223
124 223
132 223
133 223
136 223
145 223
160 223
164 223
166 223
167 223
169 223
171 223
173 223
176 223
188 223
193 223
195 223
196 223
198 223
199 223
201 223
206 223
215 223
222 223
5 224
6 224
11 224
14 224
15 224
20 224
41 224
48 224
49 224
60 224
71 224
76 224
78 224
79 224
86 224
87 224
89 224
90 224
92 224
98 224
101 224
108 224
113 224
120 224
132 224
133 224
139 224
140 224
142 224
148 224
152 224
154 224
156 224
177 224
178 224
181 224
182 224
193 224
197 224
199 224
211 224
213 224
1 225
15 225
17 225
25 225
26 225
35 225
41 225
44 225
46 225
50 225
51 225
58 225
60 225
67 225
69 225
85 225
94 225
102 225
119 225
122 225
123 225
126 225
129 225
130 225
137 225
138 225
148 225
152 225
160 225
162 225
170 225
172 225
177 225
181 225
188 225
190 225
191 225
193 225
201 225
202 225
204 225
221 225
8 226
13 226
24 226
28 226
31 226
32 226
37 226
39 226
46 226
49 226
50 226
63 226
64 226
77 226
79 226
101 226
109 226
117 226
123 226
124 226
127 226
132 226
135 226
139 226
140 226
150 226
152 226
154 226
169 226
172 226
174 226
179 226
186 226
191 226
202 226
205 226
214 226
1 227
4 227
18 227
22 227
32 227
38 227
43 227
47 227
48 227
49 227
50 227
54 227
58 227
59 227
60 227
63 227
68 227
72 227
75 227
78 227
79 227
84 227
92 227
94 227
96 227
118 227
125 227
127 227
128 227
134 227
154 227
155 227
169 227
171 227
172 227
175 227
180 227
182 227
199 227
200 227
204 227
207 227
208 227
212 227
223 227
3 228
7 228
29 228
31 228
35 228
38 228
42 228
44 228
46 228
52 228
55 228
62 228
68 228
71 228
73 228
79 228
80 228
84 228
85 228
87 228
89 228
94 228
95 228
98 228
100 228
102 228
103 228
107 228
109 228
111 228
116 228
118 228
125 228
133 228
138 228
140 228
150 228
151 228
161 228
162 228
171 228
181 228
182 228
185 228
191 228
202 228
209 228
214 228
222 228
226 228
9 229
10 229
14 229
15 229
16 229
17 229
23 229
27 229
38 229
44 229
46 229
48 229
50 229
52 229
55 229
61 229
71 229
75 229
77 229
83 229
88 229
94 229
95 229
98 229
100 229
116 229
124 229
127 229
132 229
142 229
143 229
144 229
156 229
163 229
169 229
170 229
171 229
175 229
180 229
181 229
187 229
190 229
195 229
199 229
203 229
204 229
206 229
208 229
213 229
214 229
216 229
223 229
227 229
8 230
11 230
13 230
20 230
22 230
24 230
25 230
29 230
48 230
51 230
56 230
68 230
77 230
80 230
82 230
83 230
85 230
87 230
91 230
95 230
113 230
121 230
125 230
127 230
134 230
141 230
145 230
153 230
166 230
172 230
175 230
182 230
191 230
192 230
201 230
205 230
209 230
225 230
228 230
229 230
4 231
13 231
14 231
19 231
21 231
24 231
27 231
31 231
44 231
47 231
56 231
60 231
61 231
71 231
78 231
81 231
100 231
103 231
117 231
120 231
125 231
126 231
127 231
132 231
134 231
137 231
149 231
157 231
162 231
165 231
166 231
172 231
176 231
181 231
183 231
190 231
194 231
197 231
198 231
203 231
204 231
214 231
220 231
221 231
227 231
1 232
5 232
11 232
20 232
23 232
26 232
30 232
34 232
46 232
53 232
54 232
57 232
66 232
70 232
73 232
78 232
83 232
86 232
88 232
89 232
90 232
109 232
119 232
122 232
126 232
132 232
137 232
140 232
141 232
152 232
157 232
172 232
177 232
186 232
191 232
193 232
198 232
199 232
211 232
212 232
218 232
220 232
222 232
5 233
8 233
15 233
23 233
30 233
32 233
33 233
37 233
41 233
45 233
47 233
55 233
57 233
67 233
72 233
82 233
84 233
85 233
87 233
92 233
104 233
113 233
120 233
130 233
131 233
132 233
139 233
149 233
150 233
156 233
157 233
164 233
169 233
175 233
181 233
192 233
194 233
195 233
197 233
198 233
200 233
201 233
202 233
207 233
209 233
226 233
230 233
7 234
10 234
15 234
18 234
34 234
43 234
44 234
45 234
48 234
55 234
58 234
63 234
64 234
65 234
70 234
84 234
85 234
90 234
92 234
101 234
112 234
116 234
117 234
128 234
130 234
132 234
135 234
142 234
144 234
169 234
171 234
174 234
178 234
185 234
193 234
196 234
197 234
215 234
221 234
224 234
230 234
232 234
3 235
5 235
9 235
11 235
21 235
26 235
27 235
35 235
42 235
56 235
57 235
60 235
68 235
69 235
71 235
77 235
80 235
81 235
84 235
90 235
95 235
96 235
108 235
111 235
113 235
124 235
138 235
141 235
160 235
165 235
168 235
169 235
170 235
172 235
179 235
185 235
190 235
205 235
210 235
211 235
215 235
217 235
219 235
223 235
225 235
227 235
228 235
234 235
3 236
11 236
18 236
28 236
30 236
36 236
39 236
41 236
45 236
53 236
57 236
58 236
60 236
73 236
75 236
78 236
79 236
81 236
86 236
97 236
100 236
101 236
104 236
110 236
116 236
117 236
119 236
122 236
127 236
134 236
135 236
136 236
137 236
140 236
143 236
144 236
146 236
152 236
153 236
155 236
156 236
161 236
162 236
163 236
164 236
170 236
171 236
177 236
178 236
181 236
183 236
188 236
189 236
191 236
198 236
199 236
214 236
219 236
221 236
225 236
228 236
3 237
19 237
24 237
26 237
43 237
45 237
49 237
52 237
54 237
55 237
58 237
65 237
67 237
69 237
73 237
74 237
77 237
78 237
85 237
86 237
88 237
92 237
93 237
95 237
98 237
102 237
103 237
105 237
116 237
118 237
131 237
137 237
138 237
150 237
163 237
169 237
172 237
173 237
181 237
182 237
188 237
196 237
201 237
206 237
211 237
215 237
229 237
235 237
0 238
2 238
6 238
7 238
14 238
16 238
20 238
21 238
27 238
29 238
30 238
31 238
32 238
34 238
35 238
38 238
39 238
40 238
41 238
43 238
45 238
53 238
60 238
63 238
72 238
79 238
82 238
89 238
90 238
91 238
94 238
98 238
110 238
112 238
120 238
127 238
128 238
131 238
132 238
140 238
142 238
147 238
152 238
154 238
163 238
164 238
168 238
170 238
172 238
174 238
177 238
180 238
183 238
187 238
191 238
200 238
206 238
209 238
213 238
215 238
226 238
228 238
232 238
233 238
236 238
12 239
17 239
18 239
20 239
22 239
25 239
30 239
31 239
35 239
41 239
47 239
48 239
55 239
58 239
62 239
63 239
64 239
73 239
74 239
76 239
78 239
79 239
80 239
85 239
87 239
92 239
94 239
96 239
108 239
110 239
114 239
117 239
120 239
128 239
132 239
134 239
137 239
144 239
148 239
150 239
153 239
154 239
157 239
163 239
168 239
180 239
195 239
199 239
201 239
220 239
224 239
231 239
4 240
10 240
16 240
18 240
19 240
23 240
25 240
26 240
30 240
33 240
40 240
55 240
58 240
75 240
81 240
85 240
93 240
95 240
110 240
113 240
115 240
118 240
119 240
123 240
134 240
138 240
151 240
153 240
165 240
166 240
168 240
173 240
177 240
181 240
188 240
189 240
191 240
192 240
195 240
196 240
199 240
200 240
202 240
209 240
213 240
216 240
217 240
223 240
224 240
227 240
229 240
236 240
237 240
0 241
3 241
12 241
15 241
21 241
29 241
31 241
33 241
36 241
38 241
41 241
45 241
46 241
47 241
53 241
62 241
64 241
68 241
75 241
79 241
81 241
82 241
84 241
90 241
94 241
100 241
104 241
125 241
127 241
129 241
130 241
131 241
138 241
145 241
152 241
154 241
155 241
162 241
185 241
191 241
202 241
204 241
205 241
206 241
214 241
222 241
228 241
236 241
237 241
1 242
26 242
29 242
32 242
40 242
41 242
44 242
47 242
58 242
59 242
60 242
70 242
78 242
84 242
90 242
91 242
93 242
99 242
108 242
110 242
112 242
118 242
126 242
130 242
131 242
135 242
148 242
150 242
151 242
156 242
161 242
167 242
177 242
191 242
196 242
197 242
207 242
208 242
214 242
215 242
219 242
221 242
222 242
226 242
230 242
2 243
3 243
6 243
19 243
21 243
23 243
25 243
26 243
28 243
35 243
39 243
50 243
52 243
57 243
58 243
67 243
87 243
95 243
98 243
103 243
104 243
118 243
119 243
120 243
122 243
132 243
134 243
136 243
138 243
141 243
157 243
159 243
174 243
179 243
182 243
185 243
204 243
205 243
210 243
214 243
215 243
221 243
234 243
235 243
238 243
0 244
14 244
15 244
25 244
62 244
64 244
65 244
73 244
74 244
78 244
80 244
82 244
98 244
103 244
109 244
110 244
111 244
142 244
153 244
163 244
169 244
175 244
176 244
180 244
183 244
185 244
189 244
192 244
203 244
204 244
206 244
209 244
212 244
219 244
222 244
226 244
227 244
229 244
234 244
236 244
241 244
10 245
13 245
23 245
32 245
44 245
48 245
56 245
62 245
65 245
70 245
73 245
88 245
96 245
97 245
107 245
108 245
110 245
112 245
118 245
125 245
131 245
132 245
136 245
137 245
141 245
143 245
146 245
155 245
163 245
177 245
192 245
196 245
219 245
227 245
228 245
230 245
233 245
234 245
1 246
3 246
5 246
15 246
25 246
39 246
41 246
43 246
49 246
51 246
52 246
55 246
58 246
70 246
71 246
77 246
100 246
115 246
116 246
121 246
126 246
128 246
130 246
134 246
160 246
161 246
168 246
174 246
176 246
182 246
184 246
186 246
188 246
197 246
199 246
216 246
220 246
222 246
231 246
234 246
237 246
9 247
24 247
28 247
30 247
43 247
44 247
46 247
51 247
54 247
60 247
61 247
70 247
71 247
73 247
74 247
76 247
80 247
81 247
84 247
87 247
96 247
97 247
103 247
109 247
110 247
115 247
116 247
118 247
125 247
126 247
135 247
141 247
143 247
148 247
153 247
154 247
159 247
161 247
163 247
166 247
173 247
178 247
187 247
192 247
193 247
196 247
217 247
220 247
222 247
232 247
233 247
241 247
5 248
15 248
23 248
29 248
30 248
31 248
40 248
44 248
47 248
51 248
52 248
55 248
61 248
65 248
66 248
68 248
78 248
79 248
84 248
85 248
86 248
87 248
88 248
90 248
91 248
94 248
106 248
113 248
114 248
134 248
135 248
137 248
172 248
173 248
174 248
176 248
183 248
189 248
194 248
195 248
201 248
204 248
206 248
212 248
221 248
222 248
223 248
225 248
229 248
231 248
0 249
6 249
9 249
14 249
22 249
23 249
34 249
37 249
41 249
45 249
50 249
56 249
57 249
59 249
63 249
64 249
69 249
72 249
73 249
74 249
77 249
85 249
98 249
99 249
101 249
102 249
103 249
112 249
114 249
117 249
124 249
138 249
140 249
141 249
142 249
143 249
152 249
155 249
156 249
164 249
166 249
169 249
172 249
173 249
177 249
182 249
184 249
188 249
191 249
200 249
205 249
213 249
217 249
220 249
221 249
223 249
231 249
237 249
239 249
246 249
0 250
1 250
4 250
6 250
10 250
12 250
26 250
28 250
33 250
41 250
45 250
49 250
55 250
60 250
61 250
79 250
80 250
86 250
88 250
98 250
104 250
106 250
109 250
114 250
117 250
122 250
128 250
131 250
137 250
145 250
151 250
152 250
166 250
182 250
184 250
196 250
201 250
204 250
206 250
211 250
214 250
215 250
220 250
225 250
240 250
241 250
8 251
18 251
19 251
20 251
23 251
25 251
31 251
33 251
35 251
40 251
43 251
44 251
49 251
52 251
60 251
82 251
83 251
87 251
89 251
99 251
106 251
108 251
115 251
119 251
121 251
123 251
126 251
131 251
132 251
137 251
142 251
144 251
145 251
148 251
149 251
158 251
162 251
163 251
164 251
176 251
185 251
187 251
196 251
221 251
222 251
227 251
237 251
243 251
0 252
13 252
29 252
31 252
32 252
33 252
37 252
40 252
43 252
48 252
53 252
55 252
59 252
60 252
63 252
65 252
71 252
73 252
79 252
87 252
88 252
92 252
103 252
114 252
117 252
122 252
126 252
136 252
138 252
142 252
144 252
145 252
147 252
152 252
163 252
171 252
174 252
175 252
177 252
178 252
179 252
189 252
190 252
200 252
204 252
205 252
206 252
218 252
232 252
238 252
239 252
240 252
241 252
249 252
4 253
9 253
10 253
22 253
23 253
33 253
39 253
41 253
44 253
46 253
47 253
54 253
55 253
58 253
66 253
72 253
74 253
75 253
78 253
81 253
93 253
100 253
101 253
103 253
106 253
109 253
112 253
114 253
119 253
126 253
128 253
131 253
133 253
134 253
139 253
141 253
143 253
148 253
152 253
157 253
160 253
170 253
176 253
182 253
201 253
209 253
212 253
224 253
225 253
230 253
234 253
239 253
240 253
242 253
1 254
7 254
10 254
20 254
22 254
24 254
39 254
47 254
48 254
50 254
53 254
57 254
63 254
66 254
67 254
68 254
71 254
77 254
79 254
80 254
81 254
91 254
92 254
101 254
105 254
106 254
121 254
130 254
137 254
138 254
144 254
145 254
146 254
148 254
152 254
155 254
157 254
158 254
161 254
166 254
175 254
180 254
191 254
194 254
197 254
203 254
212 254
213 254
223 254
226 254
230 254
241 254
244 254
247 254
9 255
17 255
18 255
28 255
30 255
31 255
36 255
40 255
42 255
44 255
46 255
48 255
54 255
58 255
62 255
65 255
77 255
98 255
100 255
104 255
105 255
110 255
112 255
120 255
125 255
126 255
128 255
134 255
135 255
144 255
150 255
157 255
158 255
162 255
163 255
171 255
173 255
180 255
183 255
185 255
187 255
190 255
192 255
219 255
229 255
230 255
231 255
243 255
4 256
9 256
20 256
21 256
25 256
28 256
33 256
34 256
36 256
38 256
39 256
41 256
44 256
46 256
54 256
61 256
66 256
68 256
69 256
77 256
83 256
92 256
104 256
115 256
123 256
124 256
132 256
141 256
145 256
146 256
150 256
153 256
154 256
155 256
157 256
164 256
165 256
173 256
182 256
183 256
185 256
191 256
200 256
206 256
207 256
208 256
212 256
218 256
225 256
230 256
233 256
234 256
239 256
240 256
242 256
243 256
244 256
245 256
251 256
254 256
255 256
0 257
7 257
9 257
40 257
41 257
44 257
45 257
61 257
66 257
70 257
76 257
77 257
80 257
82 257
90 257
91 257
94 257
96 257
103 257
105 257
106 257
107 257
110 257
112 257
115 257
117 257
119 257
123 257
135 257
136 257
138 257
139 257
142 257
158 257
161 257
176 257
177 257
180 257
187 257
199 257
209 257
212 257
214 257
223 257
225 257
236 257
242 257
244 257
249 257
250 257
255 257
12 258
14 258
22 258
25 258
48 258
50 258
58 258
60 258
70 258
76 258
81 258
84 258
94 258
104 258
110 258
111 258
112 258
115 258
118 258
119 258
120 258
128 258
129 258
137 258
141 258
144 258
147 258
150 258
154 258
174 258
180 258
181 258
183 258
186 258
193 258
194 258
199 258
211 258
219 258
222 258
226 258
252 258
9 259
13 259
14 259
34 259
38 259
39 259
47 259
57 259
69 259
77 259
78 259
79 259
81 259
91 259
98 259
101 259
108 259
112 259
113 259
118 259
122 259
123 259
129 259
135 259
144 259
149 259
155 259
156 259
163 259
168 259
170 259
173 259
174 259
182 259
186 259
210 259
211 259
216 259
227 259
230 259
232 259
233 259
240 259
248 259
249 259
253 259
254 259
258 259
3 260
5 260
7 260
15 260
19 260
26 260
32 260
36 260
43 260
45 260
52 260
56 260
57 260
66 260
67 260
72 260
96 260
100 260
101 260
106 260
107 260
114 260
117 260
122 260
127 260
128 260
130 260
134 260
135 260
140 260
142 260
143 260
145 260
146 260
152 260
154 260
161 260
166 260
168 260
171 260
174 260
189 260
198 260
203 260
208 260
209 260
216 260
218 260
219 260
224 260
225 260
230 260
239 260
245 260
250 260
251 260
12 261
32 261
39 261
50 261
54 261
57 261
66 261
67 261
73 261
76 261
77 261
84 261
93 261
98 261
104 261
116 261
117 261
121 261
128 261
135 261
137 261
140 261
144 261
149 261
153 261
157 261
158 261
159 261
162 261
168 261
170 261
179 261
181 261
190 261
194 261
197 261
202 261
204 261
208 261
209 261
218 261
222 261
224 261
227 261
228 261
229 261
231 261
234 261
238 261
239 261
242 261
243 261
249 261
258 261
1 262
7 262
10 262
11 262
12 262
15 262
23 262
25 262
32 262
46 262
49 262
53 262
54 262
57 262
80 262
81 262
82 262
83 262
109 262
115 262
117 262
127 262
137 262
141 262
146 262
154 262
156 262
159 262
167 262
183 262
187 262
188 262
190 262
192 262
203 262
209 262
211 262
213 262
226 262
233 262
234 262
242 262
243 262
245 262
247 262
250 262
256 262
3 263
5 263
7 263
11 263
16 263
17 263
19 263
20 263
24 263
25 263
30 263
31 263
32 263
34 263
36 263
41 263
49 263
50 263
52 263
53 263
61 263
70 263
71 263
73 263
74 263
83 263
86 263
88 263
93 263
115 263
118 263
125 263
147 263
148 263
149 263
151 263
152 263
157 263
164 263
167 263
170 263
174 263
175 263
178 263
185 263
189 263
194 263
212 263
214 263
215 263
217 263
228 263
232 263
235 263
240 263
246 263
256 263
2 264
8 264
9 264
14 264
17 264
25 264
29 264
37 264
40 264
46 264
52 264
55 264
57 264
62 264
66 264
68 264
72 264
74 264
83 264
84 264
87 264
88 264
97 264
107 264
111 264
118 264
122 264
132 264
140 264
143 264
147 264
150 264
172 264
173 264
178 264
179 264
180 264
182 264
198 264
201 264
202 264
204 264
205 264
208 264
209 264
216 264
221 264
224 264
234 264
239 264
242 264
246 264
261 264
0 265
7 265
12 265
14 265
19 265
25 265
29 265
33 265
42 265
52 265
57 265
58 265
65 265
66 265
80 265
82 265
85 265
88 265
89 265
98 265
100 265
106 265
108 265
113 265
114 265
118 265
121 265
124 265
125 265
128 265
129 265
141 265
145 265
147 265
156 265
158 265
167 265
176 265
181 265
184 265
206 265
211 265
220 265
234 265
236 265
237 265
238 265
240 265
242 265
243 265
260 265
7 266
17 266
25 266
34 266
38 266
44 266
53 266
56 266
57 266
61 266
62 266
64 266
66 266
82 266
84 266
86 266
87 266
99 266
107 266
116 266
133 266
141 266
146 266
162 266
163 266
173 266
181 266
190 266
191 266
200 266
202 266
205 266
211 266
214 266
221 266
223 266
232 266
245 266
249 266
254 266
256 266
259 266
265 266
4 267
14 267
20 267
23 267
29 267
35 267
36 267
51 267
59 267
65 267
72 267
74 267
89 267
90 267
94 267
105 267
113 267
118 267
120 267
123 267
129 267
134 267
135 267
137 267
140 267
143 267
144 267
149 267
155 267
156 267
163 267
180 267
182 267
183 267
185 267
192 267
194 267
195 267
198 267
200 267
206 267
209 267
212 267
216 267
217 267
225 267
230 267
232 267
233 267
249 267
251 267
254 267
256 267
263 267
2 268
3 268
6 268
11 268
20 268
23 268
36 268
37 268
38 268
40 268
41 268
45 268
64 268
65 268
67 268
82 268
84 268
87 268
89 268
90 268
97 268
103 268
106 268
113 268
119 268
123 268
125 268
128 268
132 268
138 268
139 268
141 268
148 268
156 268
160 268
164 268
166 268
170 268
177 268
179 268
181 268
194 268
203 268
214 268
219 268
221 268
222 268
228 268
230 268
236 268
238 268
241 268
244 268
248 268
252 268
255 268
259 268
262 268
263 268
267 268
1 269
4 269
8 269
13 269
17 269
19 269
26 269
30 269
47 269
54 269
56 269
63 269
65 269
68 269
71 269
77 269
79 269
85 269
86 269
91 269
104 269
106 269
107 269
108 269
110 269
129 269
133 269
140 269
145 269
151 269
154 269
161 269
170 269
177 269
181 269
182 269
187 269
188 269
189 269
192 269
197 269
203 269
229 269
230 269
232 269
235 269
236 269
237 269
239 269
240 269
241 269
242 269
245 269
246 269
250 269
256 269
258 269
261 269
264 269
2 270
15 270
20 270
29 270
30 270
38 270
45 270
48 270
49 270
52 270
54 270
55 270
58 270
63 270
65 270
74 270
76 270
77 270
79 270
85 270
87 270
93 270
96 270
99 270
100 270
114 270
116 270
122 270
123 270
125 270
131 270
141 270
143 270
148 270
150 270
154 270
155 270
160 270
161 270
163 270
164 270
167 270
171 270
186 270
187 270
195 270
208 270
210 270
212 270
214 270
216 270
227 270
228 270
234 270
236 270
255 270
257 270
265 270
269 270
4 271
7 271
12 271
15 271
18 271
22 271
24 271
28 271
29 271
30 271
39 271
45 271
46 271
60 271
65 271
79 271
86 271
93 271
98 271
110 271
111 271
119 271
120 271
121 271
127 271
132 271
134 271
137 271
141 271
151 271
156 271
162 271
181 271
182 271
184 271
188 271
194 271
198 271
203 271
204 271
207 271
214 271
215 271
221 271
223 271
232 271
234 271
238 271
239 271
242 271
244 271
245 271
250 271
252 271
256 271
268 271
1 272
3 272
5 272
6 272
9 272
14 272
17 272
20 272
21 272
22 272
24 272
26 272
27 272
37 272
52 272
55 272
61 272
69 272
73 272
79 272
82 272
85 272
92 272
95 272
96 272
106 272
110 272
112 272
113 272
116 272
126 272
140 272
141 272
148 272
152 272
155 272
160 272
162 272
170 272
173 272
174 272
178 272
183 272
187 272
190 272
192 272
193 272
202 272
206 272
209 272
217 272
228 272
231 272
243 272
247 272
249 272
250 272
251 272
254 272
256 272
268 272
4 273
8 273
17 273
21 273
29 273
34 273
35 273
43 273
45 273
50 273
51 273
56 273
58 273
66 273
67 273
69 273
70 273
73 273
75 273
77 273
78 273
84 273
95 273
98 273
101 273
102 273
103 273
108 273
116 273
119 273
126 273
127 273
133 273
140 273
145 273
155 273
157 273
164 273
166 273
169 273
170 273
173 273
186 273
189 273
200 273
204 273
205 273
206 273
213 273
220 273
221 273
223 273
229 273
233 273
234 273
237 273
245 273
253 273
256 273
260 273
266 273
271 273
272 273
2 274
4 274
12 274
13 274
15 274
16 274
22 274
23 274
31 274
39 274
41 274
54 274
55 274
63 274
73 274
74 274
80 274
85 274
95 274
100 274
108 274
110 274
112 274
113 274
118 274
124 274
127 274
131 274
137 274
145 274
148 274
150 274
153 274
155 274
158 274
161 274
165 274
168 274
179 274
184 274
186 274
198 274
203 274
209 274
210 274
214 274
215 274
218 274
222 274
223 274
236 274
253 274
256 274
267 274
270 274
273 274
0 275
17 275
18 275
20 275
22 275
30 275
34 275
35 275
39 275
40 275
42 275
50 275
52 275
54 275
63 275
88 275
89 275
90 275
91 275
98 275
104 275
106 275
118 275
120 275
123 275
126 275
127 275
128 275
135 275
142 275
151 275
165 275
169 275
176 275
179 275
186 275
192 275
199 275
215 275
217 275
222 275
227 275
232 275
237 275
242 275
244 275
245 275
248 275
252 275
256 275
258 275
260 275
261 275
264 275
266 275
271 275
0 276
1 276
4 276
16 276
25 276
29 276
30 276
31 276
32 276
54 276
64 276
71 276
77 276
79 276
96 276
105 276
114 276
121 276
125 276
131 276
133 276
135 276
172 276
175 276
189 276
192 276
197 276
199 276
207 276
211 276
217 276
218 276
219 276
221 276
239 276
240 276
247 276
250 276
256 276
265 276
267 276
5 277
8 277
9 277
10 277
14 277
23 277
30 277
34 277
38 277
42 277
45 277
52 277
55 277
56 277
63 277
67 277
68 277
72 277
74 277
75 277
78 277
79 277
84 277
86 277
87 277
91 277
97 277
100 277
104 277
107 277
110 277
113 277
118 277
126 277
129 277
130 277
134 277
141 277
142 277
148 277
157 277
158 277
160 277
176 277
177 277
180 277
185 277
190 277
192 277
199 277
200 277
201 277
207 277
213 277
215 277
229 277
230 277
235 277
250 277
253 277
254 277
259 277
267 277
269 277
274 277
275 277
276 277
3 278
6 278
13 278
27 278
30 278
32 278
33 278
38 278
40 278
49 278
50 278
52 278
53 278
55 278
58 278
61 278
64 278
66 278
68 278
69 278
75 278
81 278
84 278
89 278
98 278
99 278
108 278
112 278
113 278
114 278
123 278
125 278
128 278
135 278
139 278
143 278
145 278
150 278
151 278
153 278
174 278
175 278
180 278
181 278
183 278
192 278
200 278
201 278
203 278
206 278
209 278
214 278
220 278
222 278
233 278
247 278
256 278
263 278
267 278
271 278
273 278
8 279
10 279
14 279
20 279
21 279
28 279
30 279
32 279
36 279
38 279
40 279
41 279
45 279
52 279
54 279
62 279
64 279
65 279
66 279
73 279
77 279
80 279
82 279
85 279
97 279
99 279
101 279
107 279
109 279
112 279
118 279
126 279
129 279
130 279
131 279
140 279
146 279
147 279
153 279
156 279
158 279
160 279
161 279
162 279
171 279
174 279
178 279
187 279
192 279
193 279
196 279
203 279
213 279
217 279
220 279
224 279
226 279
237 279
239 279
241 279
245 279
248 279
250 279
252 279
256 279
259 279
263 279
265 279
4 280
8 280
11 280
16 280
19 280
26 280
30 280
31 280
34 280
37 280
55 280
56 280
66 280
72 280
92 280
99 280
101 280
109 280
116 280
128 280
133 280
134 280
142 280
155 280
156 280
158 280
159 280
164 280
167 280
168 280
174 280
175 280
182 280
184 280
187 280
188 280
192 280
193 280
195 280
199 280
206 280
215 280
217 280
221 280
228 280
234 280
235 280
239 280
244 280
245 280
251 280
259 280
260 280
265 280
266 280
268 280
274 280
275 280
276 280
5 281
7 281
14 281
16 281
18 281
19 281
32 281
33 281
36 281
42 281
45 281
57 281
64 281
70 281
81 281
83 281
86 281
91 281
96 281
97 281
109 281
116 281
137 281
140 281
156 281
157 281
164 281
176 281
177 281
181 281
183 281
184 281
193 281
196 281
198 281
202 281
208 281
214 281
217 281
218 281
220 281
222 281
223 281
224 281
234 281
239 281
243 281
248 281
252 281
254 281
256 281
263 281
270 281
272 281
275 281
279 281
4 282
7 282
18 282
33 282
36 282
38 282
40 282
41 282
49 282
54 282
64 282
78 282
81 282
86 282
88 282
90 282
93 282
94 282
104 282
110 282
113 282
130 282
135 282
140 282
150 282
151 282
155 282
157 282
161 282
164 282
169 282
170 282
180 282
183 282
185 282
188 282
189 282
206 282
207 282
215 282
216 282
226 282
230 282
233 282
238 282
239 282
240 282
245 282
253 282
258 282
261 282
263 282
268 282
271 282
274 282
275 282
279 282
281 282
6 283
12 283
20 283
34 283
40 283
41 283
66 283
68 283
71 283
73 283
75 283
76 283
77 283
83 283
84 283
94 283
98 283
101 283
103 283
111 283
121 283
125 283
128 283
138 283
142 283
144 283
148 283
154 283
163 283
167 283
169 283
175 283
191 283
192 283
196 283
202 283
208 283
212 283
219 283
223 283
230 283
232 283
234 283
239 283
242 283
243 283
256 283
258 283
260 283
262 283
279 283
281 283
7 284
8 284
17 284
19 284
25 284
31 284
32 284
36 284
37 284
39 284
55 284
57 284
75 284
79 284
81 284
84 284
87 284
88 284
92 284
93 284
94 284
96 284
97 284
99 284
107 284
108 284
110 284
121 284
123 284
127 284
130 284
133 284
140 284
142 284
165 284
176 284
182 284
187 284
188 284
190 284
205 284
206 284
214 284
218 284
219 284
224 284
230 284
235 284
237 284
238 284
243 284
244 284
248 284
253 284
255 284
256 284
259 284
267 284
268 284
270 284
273 284
275 284
279 284
280 284
0 285
1 285
21 285
27 285
35 285
43 285
45 285
46 285
49 285
51 285
54 285
56 285
57 285
61 285
76 285
83 285
90 285
100 285
104 285
107 285
110 285
115 285
116 285
121 285
125 285
141 285
143 285
146 285
153 285
154 285
155 285
156 285
159 285
161 285
163 285
169 285
172 285
175 285
176 285
178 285
184 285
186 285
190 285
192 285
197 285
198 285
210 285
213 285
216 285
218 285
220 285
222 285
236 285
237 285
250 285
257 285
273 285
275 285
13 286
14 286
28 286
30 286
31 286
40 286
49 286
50 286
51 286
54 286
67 286
72 286
83 286
91 286
95 286
105 286
117 286
123 286
127 286
145 286
158 286
160 286
161 286
168 286
169 286
173 286
176 286
180 286
181 286
184 286
185 286
188 286
194 286
196 286
199 286
201 286
203 286
213 286
220 286
230 286
232 286
238 286
245 286
249 286
254 286
257 286
262 286
269 286
270 286
282 286
283 286
285 286
5 287
7 287
11 287
21 287
33 287
39 287
42 287
50 287
51 287
54 287
56 287
62 287
66 287
71 287
74 287
83 287
85 287
90 287
97 287
99 287
107 287
116 287
126 287
130 287
147 287
154 287
161 287
162 287
166 287
185 287
186 287
188 287
190 287
191 287
197 287
199 287
208 287
221 287
222 287
223 287
225 287
230 287
232 287
237 287
243 287
244 287
249 287
255 287
257 287
258 287
272 287
273 287
278 287
0 288
12 288
16 288
22 288
37 288
45 288
49 288
50 288
59 288
62 288
68 288
70 288
73 288
76 288
77 288
83 288
85 288
86 288
90 288
91 288
95 288
100 288
103 288
104 288
107 288
115 288
119 288
127 288
131 288
143 288
148 288
154 288
155 288
166 288
168 288
173 288
175 288
179 288
187 288
190 288
191 288
192 288
196 288
201 288
202 288
214 288
217 288
218 288
226 288
251 288
252 288
254 288
255 288
259 288
261 288
264 288
265 288
268 288
271 288
272 288
278 288
279 288
283 288
287 288
7 289
8 289
19 289
28 289
59 289
67 289
71 289
73 289
79 289
82 289
93 289
97 289
99 289
100 289
106 289
124 289
127 289
128 289
136 289
138 289
142 289
149 289
156 289
163 289
175 289
176 289
193 289
197 289
198 289
199 289
202 289
206 289
209 289
214 289
219 289
222 289
226 289
228 289
232 289
234 289
235 289
236 289
239 289
240 289
244 289
246 289
250 289
254 289
260 289
263 289
275 289
0 290
3 290
4 290
8 290
14 290
15 290
29 290
31 290
33 290
34 290
39 290
43 290
45 290
48 290
52 290
60 290
66 290
74 290
78 290
79 290
88 290
103 290
115 290
122 290
134 290
141 290
142 290
151 290
157 290
162 290
164 290
172 290
177 290
185 290
191 290
199 290
220 290
223 290
224 290
225 290
242 290
245 290
248 290
251 290
264 290
272 290
274 290
275 290
276 290
280 290
281 290
283 290
288 290
1 291
2 291
4 291
9 291
11 291
13 291
16 291
22 291
23 291
32 291
33 291
36 291
41 291
52 291
54 291
57 291
58 291
72 291
76 291
78 291
80 291
81 291
85 291
88 291
91 291
92 291
94 291
106 291
110 291
117 291
122 291
124 291
141 291
144 291
145 291
146 291
152 291
156 291
157 291
170 291
172 291
175 291
177 291
179 291
182 291
187 291
188 291
197 291
206 291
219 291
232 291
233 291
234 291
241 291
246 291
253 291
254 291
255 291
257 291
259 291
261 291
264 291
265 291
268 291
274 291
277 291
280 291
290 291
0 292
3 292
4 292
7 292
12 292
13 292
16 292
20 292
21 292
28 292
35 292
40 292
46 292
48 292
70 292
73 292
75 292
79 292
84 292
96 292
106 292
108 292
110 292
113 292
129 292
136 292
140 292
143 292
146 292
149 292
151 292
153 292
155 292
161 292
173 292
181 292
184 292
191 292
204 292
207 292
210 292
214 292
216 292
219 292
220 292
227 292
229 292
232 292
235 292
236 292
247 292
268 292
269 292
272 292
281 292
282 292
288 292
291 292
3 293
10 293
11 293
12 293
15 293
19 293
21 293
27 293
28 293
36 293
41 293
46 293
52 293
63 293
65 293
69 293
74 293
77 293
82 293
94 293
104 293
113 293
116 293
117 293
119 293
127 293
128 293
130 293
131 293
138 293
142 293
144 293
151 293
152 293
158 293
159 293
165 293
168 293
172 293
181 293
182 293
184 293
193 293
195 293
197 293
198 293
201 293
202 293
203 293
214 293
221 293
223 293
236 293
238 293
249 293
265 293
271 293
280 293
281 293
285 293
286 293
288 293
0 294
7 294
13 294
15 294
20 294
21 294
26 294
34 294
35 294
39 294
43 294
51 294
53 294
54 294
56 294
63 294
66 294
68 294
75 294
77 294
82 294
83 294
84 294
89 294
93 294
99 294
110 294
115 294
123 294
129 294
137 294
139 294
141 294
152 294
157 294
162 294
165 294
166 294
168 294
172 294
180 294
184 294
187 294
193 294
194 294
204 294
210 294
212 294
214 294
221 294
222 294
223 294
224 294
225 294
234 294
240 294
241 294
252 294
256 294
259 294
265 294
267 294
270 294
274 294
278 294
281 294
291 294
292 294
4 295
11 295
17 295
22 295
26 295
46 295
59 295
62 295
66 295
69 295
71 295
73 295
74 295
78 295
79 295
81 295
83 295
86 295
87 295
90 295
91 295
96 295
100 295
119 295
121 295
130 295
140 295
149 295
152 295
153 295
169 295
172 295
174 295
189 295
191 295
192 295
193 295
195 295
196 295
199 295
201 295
207 295
216 295
219 295
220 295
231 295
234 295
237 295
240 295
246 295
267 295
282 295
289 295
0 296
1 296
2 296
29 296
30 296
36 296
40 296
56 296
63 296
67 296
73 296
75 296
77 296
79 296
87 296
90 296
99 296
102 296
103 296
107 296
111 296
116 296
120 296
122 296
127 296
132 296
134 296
136 296
137 296
138 296
141 296
151 296
153 296
155 296
156 296
157 296
162 296
172 296
173 296
175 296
177 296
186 296
195 296
202 296
203 296
204 296
206 296
208 296
209 296
216 296
221 296
223 296
225 296
234 296
236 296
246 296
257 296
260 296
267 296
270 296
275 296
280 296
295 296
1 297
5 297
6 297
12 297
14 297
25 297
27 297
32 297
37 297
38 297
41 297
48 297
50 297
52 297
56 297
67 297
80 297
83 297
86 297
92 297
94 297
98 297
100 297
101 297
119 297
128 297
129 297
133 297
137 297
143 297
151 297
153 297
161 297
162 297
166 297
171 297
174 297
178 297
185 297
188 297
193 297
199 297
200 297
207 297
209 297
216 297
226 297
231 297
233 297
236 297
237 297
245 297
246 297
252 297
261 297
262 297
267 297
272 297
278 297
282 297
283 297
287 297
293 297
295 297
296 297
2 298
4 298
7 298
13 298
17 298
24 298
37 298
38 298
42 298
46 298
48 298
50 298
52 298
54 298
69 298
71 298
72 298
85 298
100 298
109 298
112 298
115 298
131 298
133 298
138 298
153 298
156 298
157 298
170 298
173 298
175 298
179 298
185 298
186 298
202 298
203 298
206 298
207 298
212 298
219 298
225 298
234 298
243 298
251 298
257 298
260 298
263 298
265 298
266 298
269 298
270 298
274 298
277 298
282 298
284 298
296 298
4 299
5 299
10 299
12 299
13 299
17 299
18 299
24 299
26 299
27 299
44 299
45 299
53 299
54 299
67 299
72 299
80 299
83 299
86 299
87 299
93 299
100 299
105 299
108 299
113 299
118 299
120 299
124 299
125 299
136 299
139 299
143 299
144 299
147 299
150 299
156 299
167 299
169 299
170 299
172 299
173 299
178 299
185 299
186 299
188 299
198 299
200 299
207 299
209 299
213 299
214 299
220 299
234 299
235 299
238 299
240 299
242 299
244 299
250 299
255 299
259 299
272 299
275 299
284 299
285 299
287 299
