300 3028 5
20 9 12 2 11 17 13 13 9 7 7 7 7 1 14 10 15 7 4 7 9 10 10 2 9 20 8 4 8 12 10 14 2 13 6 8 6 8 10 2 4 2 7 10 3 10 10 3 1 11 6 1 6 4 10 1 18 8 7 8 4 14 20 5 15 5 6 1 1 17 19 3 6 11 14 18 9 1 10 18 7 8 5 6 10 2 13 3 8 5 6 7 3 6 3 10 6 3 1 20 5 1 4 16 6 4 10 4 3 2 2 1 15 7 5 19 4 1 6 3 8 11 10 11 6 4 9 16 14 3 9 3 9 1 8 2 2 1 16 2 3 5 7 8 5 9 10 8 2 2 19 8 4 2 4 16 8 3 1 20 3 11 20 15 11 8 4 10 8 10 19 20 6 4 5 7 9 3 5 20 2 7 8 7 9 6 12 16 6 6 16 4 7 1 16 2 13 5 10 8 14 13 4 3 4 8 3 4 3 4 9 5 11 6 9 18 4 3 5 5 6 20 4 16 17 3 16 10 4 2 20 1 18 1 9 3 7 3 1 7 1 19 14 14 5 5 16 1 17 2 6 6 18 9 11 8 2 3 4 17 5 5 7 10 2 10 6 3 2 9 3 13 8 4 8 10 19 15 3 12 5 3 9 14 16 5 4 4 18 6 19 3 4 9 8 4 9 5 10 17
4 5
5 6
3 7
2 8
3 8
8 11
0 12
3 13
10 13
11 13
4 14
3 15
6 15
0 16
2 16
8 16
13 16
7 17
13 17
8 19
10 19
13 19
12 20
19 21
6 22
10 22
20 23
5 24
12 24
18 24
10 27
19 27
20 27
24 27
1 28
4 28
11 28
6 29
9 29
10 29
21 29
22 29
1 30
13 30
15 30
22 30
26 30
3 31
16 31
3 32
17 32
19 32
20 32
1 34
5 34
13 34
5 35
16 35
21 35
29 35
2 36
15 36
20 36
34 36
33 37
18 38
15 39
26 39
6 40
10 40
9 41
2 42
15 42
2 43
10 44
32 44
3 45
35 45
15 46
20 46
24 46
33 46
37 46
41 46
8 47
13 47
17 47
34 47
36 47
42 47
11 48
12 48
34 48
39 48
7 49
11 49
13 50
37 50
45 50
17 51
31 51
37 51
39 51
8 52
13 52
34 52
38 52
4 53
10 53
18 53
39 53
51 53
12 54
33 54
44 54
50 54
53 54
5 55
6 55
26 55
31 55
34 55
51 55
20 56
31 56
52 56
44 57
0 58
6 58
15 58
18 59
52 59
55 59
9 60
15 60
17 60
23 60
21 61
23 61
24 61
30 61
49 61
54 61
3 62
5 62
24 63
33 64
57 64
62 64
11 65
30 65
36 65
20 66
31 66
47 66
54 66
5 67
19 67
20 67
28 67
31 67
44 67
50 67
54 67
63 67
64 67
13 69
20 69
39 69
53 69
61 69
3 70
4 70
6 70
15 70
32 70
47 70
67 71
68 71
15 72
30 72
37 72
39 72
50 72
68 72
6 73
7 73
15 73
20 73
35 73
43 73
70 73
3 74
6 74
13 74
23 74
24 74
29 74
41 74
52 74
58 74
60 74
0 75
3 75
14 75
36 75
42 75
67 75
32 76
35 76
64 76
19 77
48 77
53 77
60 77
2 78
3 78
5 78
43 78
15 79
24 79
50 79
52 79
61 79
67 79
77 79
4 80
16 80
43 80
66 80
79 80
42 82
59 82
35 83
60 83
62 83
73 83
4 84
21 84
35 84
49 84
75 84
30 85
37 85
9 86
13 86
29 86
43 86
66 86
72 86
73 86
2 87
28 87
37 87
40 87
51 87
81 87
8 88
27 88
34 88
36 88
40 88
60 88
81 88
9 89
11 89
28 89
33 89
37 89
43 89
72 89
7 90
41 90
48 90
50 90
69 90
70 90
74 90
75 90
79 90
40 91
44 91
49 91
51 91
61 91
71 91
87 91
21 92
29 92
40 92
57 92
73 92
80 92
90 92
3 93
6 93
35 93
63 93
75 93
87 93
1 94
22 94
33 94
43 94
44 94
48 94
57 94
71 94
80 94
90 94
8 95
10 95
24 95
32 95
40 95
41 95
61 95
66 95
87 95
19 96
23 96
29 96
30 96
55 96
64 96
67 96
72 96
80 96
0 97
11 97
55 97
66 97
76 97
86 97
96 97
1 98
26 98
39 98
46 98
65 98
73 98
87 98
37 99
41 99
46 99
60 99
66 99
76 99
3 100
7 100
31 100
84 100
3 101
6 101
10 101
15 101
23 101
30 101
38 101
50 101
69 101
89 101
30 102
43 102
67 102
68 102
20 103
51 103
60 103
71 103
79 103
1 104
4 104
20 104
23 104
24 104
59 104
63 104
71 104
76 104
78 104
82 104
85 104
98 104
25 105
71 105
80 105
85 105
87 105
103 105
7 106
11 106
31 106
32 106
52 106
59 106
66 106
75 106
79 106
91 106
96 106
102 106
14 107
19 107
57 107
62 107
68 107
7 108
35 108
51 108
32 109
54 109
64 109
79 109
8 110
23 110
32 110
34 110
56 110
79 110
88 110
96 110
98 110
106 110
53 111
54 111
65 111
80 111
82 111
7 112
25 112
43 112
49 112
65 112
92 112
107 112
110 112
6 113
28 113
33 113
46 113
78 113
80 113
101 113
108 113
30 114
61 114
67 114
78 114
86 114
95 114
18 115
43 115
95 115
103 115
104 115
1 116
16 116
53 116
57 116
58 116
72 116
103 116
1 117
2 117
10 117
12 117
25 117
28 117
29 117
51 117
62 117
63 117
65 117
66 117
71 117
86 117
92 117
98 117
100 117
112 117
116 117
3 118
6 118
8 118
14 118
79 118
80 118
106 118
114 118
4 119
57 119
101 119
103 119
2 120
20 120
85 120
90 120
99 120
117 120
8 121
46 121
48 121
57 121
64 121
71 121
88 121
91 121
113 121
18 122
21 122
25 122
33 122
37 122
45 122
49 122
69 122
79 122
90 122
96 122
108 122
117 122
16 123
18 123
36 123
43 123
47 123
51 123
53 123
65 123
97 123
113 123
114 123
5 124
11 124
35 124
53 124
57 124
61 124
80 124
103 124
3 125
46 125
47 125
75 125
82 125
91 125
107 125
3 126
11 126
15 126
40 126
60 126
102 126
119 126
2 127
16 127
27 127
37 127
44 127
57 127
61 127
76 127
109 127
125 127
0 128
2 128
3 128
14 128
56 128
70 128
88 128
122 128
1 129
20 129
43 129
53 129
62 129
112 129
7 130
35 130
51 130
69 130
93 130
13 131
15 131
36 131
41 131
48 131
53 131
62 131
81 131
82 131
97 131
100 131
105 131
117 131
15 132
16 132
18 132
21 132
42 132
66 132
76 132
77 132
97 132
119 132
124 132
126 132
8 133
24 133
42 133
55 133
66 133
71 133
82 133
107 133
120 133
129 133
11 134
15 134
18 134
29 134
42 134
54 134
73 134
83 134
100 134
116 134
119 134
120 134
123 134
13 135
18 135
20 135
51 135
52 135
53 135
55 135
56 135
66 135
79 135
84 135
112 135
113 135
123 135
13 136
21 136
55 136
87 136
89 136
132 136
14 137
38 137
51 137
79 137
88 137
106 137
127 137
132 137
134 137
28 138
55 138
63 138
69 138
80 138
83 138
88 138
95 138
100 138
137 138
24 139
28 139
36 139
59 139
94 139
97 139
119 139
123 139
135 139
10 140
12 140
20 140
30 140
46 140
47 140
50 140
78 140
83 140
92 140
2 141
17 141
34 141
65 141
81 141
86 141
125 141
132 141
15 142
17 142
26 142
36 142
37 142
39 142
51 142
92 142
111 142
118 142
128 142
140 142
8 143
15 143
36 143
48 143
56 143
60 143
65 143
67 143
69 143
74 143
75 143
92 143
107 143
116 143
1 144
20 144
38 144
72 144
79 144
109 144
113 144
116 144
132 144
2 145
18 145
30 145
58 145
99 145
112 145
115 145
126 145
18 146
25 146
35 146
43 146
44 146
61 146
79 146
86 146
101 146
127 146
133 146
141 146
144 146
25 147
28 147
51 147
54 147
67 147
70 147
78 147
92 147
135 147
140 147
141 147
2 148
8 148
17 148
37 148
43 148
54 148
78 148
130 148
19 149
78 149
79 149
82 149
85 149
116 149
119 149
122 149
145 149
32 150
85 150
121 150
122 150
131 150
135 150
141 150
146 150
2 151
7 151
24 151
26 151
40 151
68 151
104 151
134 151
135 151
150 151
14 152
27 152
36 152
51 152
64 152
79 152
95 152
115 152
116 152
117 152
119 152
124 152
141 152
11 153
27 153
57 153
64 153
90 153
109 153
7 154
15 154
33 154
87 154
90 154
93 154
123 154
124 154
143 154
144 154
12 155
25 155
51 155
61 155
65 155
106 155
126 155
150 155
7 156
9 156
23 156
43 156
49 156
63 156
64 156
70 156
79 156
104 156
123 156
5 157
19 157
53 157
104 157
108 157
135 157
30 158
69 158
87 158
110 158
135 158
140 158
142 158
148 158
15 159
23 159
24 159
27 159
29 159
47 159
50 159
81 159
89 159
109 159
127 159
138 159
9 160
19 160
21 160
29 160
59 160
79 160
81 160
92 160
96 160
109 160
110 160
116 160
124 160
130 160
145 160
158 160
8 161
24 161
38 161
56 161
61 161
68 161
76 161
81 161
83 161
115 161
131 161
135 161
143 161
155 161
5 162
17 162
19 162
38 162
58 162
78 162
90 162
100 162
105 162
110 162
112 162
115 162
148 162
149 162
12 163
16 163
22 163
50 163
67 163
79 163
91 163
92 163
103 163
104 163
134 163
18 164
39 164
43 164
47 164
64 164
81 164
111 164
131 164
141 164
149 164
151 164
163 164
15 165
23 165
28 165
50 165
52 165
68 165
76 165
77 165
81 165
87 165
128 165
151 165
5 166
10 166
15 166
17 166
24 166
49 166
51 166
61 166
64 166
81 166
82 166
87 166
88 166
92 166
160 166
4 167
12 167
20 167
25 167
43 167
58 167
99 167
103 167
122 167
124 167
140 167
162 167
165 167
11 168
15 168
30 168
36 168
68 168
94 168
99 168
131 168
144 168
158 168
19 169
20 169
40 169
48 169
55 169
61 169
76 169
80 169
93 169
99 169
101 169
168 169
20 170
41 170
81 170
82 170
123 170
125 170
168 170
8 171
45 171
55 171
59 171
62 171
82 171
90 171
92 171
115 171
118 171
119 171
133 171
135 171
152 171
153 171
157 171
162 171
2 172
5 172
7 172
47 172
48 172
88 172
104 172
135 172
141 172
164 172
2 173
7 173
26 173
28 173
43 173
48 173
51 173
58 173
63 173
67 173
92 173
93 173
122 173
124 173
152 173
154 173
162 173
168 173
11 174
25 174
52 174
61 174
65 174
78 174
117 174
2 175
12 175
14 175
31 175
74 175
112 175
115 175
120 175
138 175
143 175
153 175
162 175
174 175
34 176
51 176
60 176
79 176
88 176
94 176
105 176
108 176
111 176
121 176
127 176
129 176
138 176
153 176
0 177
29 177
45 177
56 177
67 177
77 177
93 177
100 177
102 177
122 177
126 177
145 177
147 177
161 177
163 177
164 177
171 177
1 178
43 178
71 178
74 178
81 178
95 178
123 178
145 178
147 178
12 179
15 179
20 179
37 179
38 179
46 179
54 179
74 179
88 179
163 179
6 180
7 180
19 180
20 180
57 180
70 180
99 180
166 180
9 181
22 181
25 181
35 181
41 181
42 181
55 181
80 181
127 181
135 181
143 181
150 181
168 181
171 181
179 181
23 182
25 182
48 182
52 182
55 182
56 182
65 182
84 182
117 182
142 182
169 182
173 182
3 183
5 183
46 183
79 183
80 183
96 183
116 183
129 183
137 183
172 183
179 183
181 183
7 184
28 184
43 184
62 184
165 184
14 185
16 185
21 185
24 185
28 185
43 185
53 185
60 185
72 185
76 185
85 185
86 185
88 185
93 185
96 185
107 185
114 185
117 185
118 185
142 185
179 185
4 186
10 186
28 186
34 186
63 186
96 186
110 186
145 186
161 186
162 186
165 186
177 186
22 187
26 187
54 187
103 187
107 187
139 187
148 187
154 187
157 187
42 188
51 188
71 188
98 188
114 188
126 188
134 188
166 188
169 188
178 188
10 189
20 189
24 189
43 189
54 189
58 189
67 189
70 189
89 189
112 189
119 189
130 189
137 189
146 189
159 189
183 189
33 190
70 190
72 190
83 190
94 190
111 190
122 190
140 190
148 190
149 190
164 190
10 191
42 191
61 191
103 191
105 191
107 191
109 191
116 191
137 191
139 191
146 191
166 191
180 191
57 192
60 192
66 192
84 192
90 192
96 192
148 192
165 192
4 193
7 193
12 193
64 193
90 193
96 193
101 193
102 193
117 193
121 193
137 193
142 193
156 193
163 193
165 193
168 193
173 193
176 193
20 194
57 194
72 194
85 194
89 194
90 194
98 194
106 194
107 194
123 194
160 194
171 194
172 194
183 194
193 194
29 195
44 195
55 195
61 195
63 195
71 195
86 195
94 195
104 195
119 195
122 195
139 195
150 195
154 195
156 195
158 195
181 195
191 195
11 196
22 196
43 196
73 196
89 196
119 196
123 196
136 196
137 196
138 196
159 196
172 196
195 196
14 197
20 197
34 197
46 197
61 197
96 197
125 197
148 197
172 197
195 197
0 198
12 198
27 198
34 198
42 198
52 198
58 198
66 198
84 198
124 198
126 198
139 198
152 198
159 198
170 198
172 198
185 198
17 199
30 199
35 199
54 199
76 199
136 199
147 199
191 199
192 199
5 200
15 200
20 200
25 200
61 200
93 200
147 200
154 200
165 200
185 200
8 201
45 201
52 201
81 201
89 201
98 201
103 201
105 201
138 201
140 201
143 201
165 201
198 201
199 201
16 202
18 202
60 202
80 202
118 202
122 202
127 202
156 202
161 202
165 202
180 202
201 202
10 203
11 203
23 203
37 203
39 203
44 203
56 203
87 203
123 203
133 203
139 203
150 203
168 203
171 203
183 203
196 203
45 204
51 204
56 204
60 204
61 204
62 204
80 204
97 204
151 204
165 204
170 204
181 204
29 205
60 205
67 205
86 205
95 205
100 205
103 205
115 205
128 205
130 205
152 205
158 205
170 205
175 205
178 205
10 206
14 206
32 206
41 206
47 206
56 206
67 206
140 206
148 206
158 206
186 206
6 207
37 207
43 207
47 207
81 207
85 207
93 207
122 207
140 207
143 207
162 207
174 207
186 207
9 208
23 208
25 208
48 208
55 208
56 208
58 208
87 208
104 208
116 208
120 208
128 208
137 208
152 208
167 208
169 208
170 208
175 208
0 209
4 209
5 209
7 209
14 209
19 209
23 209
29 209
59 209
116 209
128 209
129 209
132 209
138 209
160 209
170 209
171 209
207 209
3 210
41 210
42 210
50 210
52 210
86 210
112 210
116 210
120 210
144 210
157 210
31 211
46 211
51 211
52 211
122 211
128 211
136 211
146 211
153 211
179 211
8 212
26 212
39 212
59 212
64 212
75 212
79 212
133 212
134 212
138 212
142 212
144 212
156 212
159 212
162 212
185 212
8 213
32 213
37 213
38 213
62 213
64 213
66 213
72 213
99 213
107 213
109 213
142 213
162 213
175 213
187 213
209 213
210 213
18 214
39 214
44 214
120 214
133 214
139 214
163 214
181 214
186 214
209 214
14 215
38 215
48 215
49 215
68 215
72 215
97 215
106 215
112 215
113 215
127 215
141 215
143 215
157 215
192 215
193 215
202 215
4 216
40 216
49 216
62 216
71 216
87 216
111 216
122 216
142 216
157 216
158 216
159 216
183 216
188 216
208 216
17 217
19 217
22 217
37 217
64 217
102 217
120 217
129 217
135 217
159 217
175 217
187 217
2 218
9 218
13 218
49 218
72 218
82 218
110 218
128 218
149 218
11 219
14 219
37 219
60 219
80 219
84 219
90 219
105 219
107 219
110 219
121 219
148 219
154 219
155 219
174 219
178 219
180 219
183 219
190 219
25 220
52 220
57 220
59 220
76 220
78 220
109 220
163 220
164 220
173 220
205 220
28 221
106 221
119 221
166 221
179 221
210 221
3 222
6 222
32 222
47 222
57 222
75 222
85 222
130 222
131 222
140 222
156 222
167 222
168 222
186 222
17 223
52 223
53 223
57 223
79 223
86 223
93 223
144 223
168 223
186 223
189 223
196 223
198 223
214 223
1 224
3 224
6 224
18 224
36 224
42 224
44 224
52 224
66 224
76 224
81 224
100 224
108 224
117 224
122 224
125 224
131 224
136 224
139 224
143 224
153 224
210 224
218 224
219 224
19 225
21 225
26 225
28 225
76 225
100 225
107 225
140 225
155 225
159 225
165 225
193 225
223 225
2 226
13 226
82 226
87 226
94 226
109 226
110 226
114 226
123 226
130 226
134 226
163 226
173 226
205 226
32 227
58 227
77 227
82 227
96 227
101 227
111 227
117 227
135 227
152 227
173 227
175 227
178 227
189 227
202 227
210 227
211 227
215 227
218 227
6 228
14 228
22 228
28 228
54 228
63 228
73 228
131 228
162 228
163 228
175 228
176 228
205 228
30 229
45 229
52 229
74 229
85 229
114 229
115 229
117 229
125 229
134 229
136 229
147 229
151 229
212 229
213 229
15 230
16 230
27 230
35 230
58 230
102 230
106 230
108 230
130 230
147 230
153 230
172 230
195 230
197 230
199 230
209 230
227 230
2 231
10 231
24 231
41 231
45 231
59 231
62 231
71 231
121 231
160 231
172 231
182 231
223 231
6 232
12 232
43 232
74 232
103 232
116 232
122 232
136 232
158 232
160 232
182 232
187 232
214 232
230 232
17 233
46 233
89 233
119 233
138 233
142 233
148 233
162 233
176 233
177 233
183 233
188 233
206 233
48 234
53 234
62 234
63 234
75 234
80 234
83 234
104 234
126 234
130 234
132 234
151 234
160 234
163 234
168 234
180 234
187 234
194 234
203 234
222 234
5 235
24 235
52 235
57 235
64 235
65 235
68 235
73 235
102 235
110 235
128 235
132 235
149 235
170 235
175 235
177 235
187 235
202 235
208 235
227 235
9 236
34 236
43 236
44 236
47 236
76 236
77 236
92 236
115 236
139 236
147 236
171 236
173 236
187 236
209 236
226 236
230 236
13 237
59 237
60 237
76 237
108 237
121 237
163 237
192 237
227 237
230 237
233 237
10 238
24 238
41 238
81 238
120 238
129 238
143 238
157 238
192 238
193 238
194 238
199 238
214 238
45 239
98 239
116 239
124 239
136 239
154 239
155 239
168 239
195 239
203 239
213 239
229 239
231 239
235 239
4 240
17 240
28 240
33 240
34 240
43 240
93 240
105 240
107 240
139 240
169 240
178 240
225 240
236 240
0 241
2 241
4 241
55 241
66 241
73 241
93 241
104 241
172 241
233 241
238 241
12 242
29 242
40 242
71 242
84 242
96 242
114 242
128 242
146 242
154 242
159 242
160 242
187 242
197 242
227 242
6 243
74 243
131 243
133 243
150 243
191 243
28 244
35 244
43 244
55 244
64 244
71 244
72 244
120 244
136 244
147 244
171 244
176 244
180 244
194 244
208 244
209 244
217 244
235 244
19 245
28 245
36 245
62 245
74 245
79 245
97 245
125 245
126 245
131 245
135 245
138 245
140 245
147 245
151 245
231 245
235 245
0 246
10 246
38 246
43 246
53 246
70 246
76 246
83 246
92 246
103 246
138 246
149 246
156 246
180 246
211 246
213 246
220 246
230 246
8 247
14 247
22 247
31 247
48 247
129 247
134 247
154 247
159 247
166 247
186 247
231 247
240 247
16 248
72 248
77 248
90 248
99 248
104 248
106 248
126 248
151 248
166 248
173 248
183 248
190 248
205 248
211 248
213 248
218 248
3 249
4 249
5 249
38 249
39 249
45 249
62 249
63 249
92 249
96 249
97 249
100 249
117 249
148 249
157 249
171 249
183 249
196 249
197 249
198 249
201 249
210 249
215 249
231 249
16 250
19 250
25 250
26 250
57 250
63 250
106 250
112 250
117 250
165 250
183 250
192 250
215 250
223 250
230 250
7 251
19 251
25 251
26 251
59 251
81 251
126 251
142 251
151 251
208 251
14 252
47 252
71 252
89 252
133 252
155 252
176 252
177 252
188 252
191 252
233 252
246 252
4 253
18 253
34 253
51 253
79 253
127 253
134 253
150 253
156 253
178 253
181 253
183 253
186 253
192 253
200 253
208 253
239 253
244 253
247 253
248 253
252 253
8 254
45 254
90 254
104 254
107 254
143 254
147 254
155 254
168 254
172 254
176 254
180 254
181 254
194 254
215 254
221 254
231 254
241 254
9 255
39 255
50 255
53 255
60 255
81 255
120 255
123 255
125 255
139 255
149 255
154 255
169 255
238 255
0 256
27 256
76 256
86 256
87 256
131 256
137 256
151 256
154 256
169 256
171 256
191 256
193 256
198 256
217 256
220 256
234 256
235 256
248 256
250 256
4 257
19 257
31 257
50 257
55 257
61 257
65 257
88 257
98 257
117 257
128 257
130 257
146 257
161 257
200 257
210 257
231 257
243 257
0 258
20 258
23 258
27 258
66 258
68 258
72 258
89 258
99 258
108 258
124 258
155 258
181 258
183 258
39 259
63 259
87 259
104 259
109 259
116 259
117 259
128 259
149 259
184 259
191 259
196 259
205 259
208 259
212 259
239 259
4 260
8 260
22 260
23 260
46 260
65 260
70 260
75 260
85 260
86 260
96 260
124 260
131 260
132 260
176 260
178 260
187 260
189 260
201 260
207 260
237 260
245 260
10 261
13 261
21 261
27 261
44 261
45 261
58 261
83 261
87 261
140 261
141 261
161 261
163 261
176 261
210 261
220 261
248 261
12 262
18 262
21 262
32 262
35 262
95 262
122 262
149 262
150 262
166 262
169 262
177 262
189 262
201 262
217 262
232 262
238 262
260 262
7 263
10 263
16 263
17 263
119 263
175 263
192 263
202 263
203 263
218 263
219 263
234 263
241 263
31 264
35 264
58 264
65 264
95 264
105 264
132 264
144 264
154 264
162 264
168 264
215 264
226 264
254 264
261 264
4 265
27 265
28 265
71 265
76 265
97 265
121 265
124 265
129 265
130 265
148 265
169 265
204 265
211 265
222 265
223 265
226 265
234 265
241 265
247 265
255 265
262 265
17 266
28 266
30 266
37 266
39 266
42 266
47 266
85 266
93 266
97 266
113 266
115 266
123 266
129 266
136 266
145 266
194 266
257 266
8 267
12 267
18 267
56 267
59 267
72 267
91 267
98 267
118 267
129 267
133 267
153 267
181 267
183 267
197 267
200 267
230 267
240 267
245 267
251 267
263 267
8 268
14 268
22 268
69 268
71 268
88 268
90 268
98 268
141 268
189 268
209 268
228 268
259 268
261 268
262 268
263 268
266 268
0 269
18 269
29 269
35 269
60 269
63 269
79 269
85 269
90 269
108 269
114 269
142 269
147 269
154 269
156 269
172 269
173 269
181 269
193 269
220 269
228 269
12 270
20 270
22 270
24 270
33 270
40 270
44 270
61 270
105 270
145 270
169 270
180 270
205 270
231 270
239 270
247 270
251 270
254 270
258 270
14 271
76 271
90 271
92 271
101 271
118 271
128 271
143 271
147 271
202 271
222 271
227 271
252 271
256 271
259 271
264 271
267 271
5 272
6 272
22 272
42 272
51 272
56 272
71 272
85 272
94 272
103 272
125 272
131 272
142 272
149 272
167 272
175 272
188 272
192 272
199 272
202 272
214 272
244 272
261 272
265 272
266 272
268 272
4 273
14 273
22 273
52 273
82 273
86 273
90 273
92 273
93 273
94 273
111 273
140 273
145 273
164 273
175 273
183 273
205 273
216 273
219 273
230 273
240 273
261 273
4 274
11 274
16 274
23 274
65 274
94 274
96 274
108 274
113 274
118 274
135 274
192 274
203 274
221 274
227 274
253 274
258 274
261 274
267 274
13 275
14 275
15 275
16 275
44 275
70 275
77 275
144 275
194 275
196 275
199 275
203 275
209 275
211 275
233 275
239 275
243 275
250 275
22 276
30 276
43 276
67 276
73 276
79 276
91 276
93 276
100 276
124 276
125 276
132 276
141 276
145 276
155 276
168 276
186 276
208 276
211 276
240 276
248 276
250 276
272 276
24 277
59 277
71 277
76 277
80 277
107 277
112 277
126 277
152 277
182 277
198 277
200 277
206 277
228 277
247 277
276 277
8 278
34 278
49 278
66 278
115 278
117 278
149 278
154 278
155 278
180 278
201 278
228 278
242 278
268 278
18 279
27 279
40 279
49 279
67 279
79 279
84 279
86 279
87 279
93 279
100 279
108 279
110 279
114 279
129 279
168 279
186 279
202 279
208 279
227 279
241 279
254 279
270 279
273 279
5 280
52 280
55 280
67 280
70 280
89 280
98 280
103 280
105 280
119 280
131 280
147 280
148 280
181 280
197 280
200 280
240 280
5 281
8 281
30 281
35 281
36 281
51 281
76 281
79 281
108 281
112 281
114 281
120 281
151 281
168 281
169 281
205 281
216 281
270 281
276 281
277 281
13 282
48 282
53 282
54 282
56 282
59 282
61 282
84 282
87 282
93 282
95 282
120 282
142 282
158 282
161 282
185 282
191 282
194 282
200 282
207 282
238 282
254 282
268 282
273 282
281 282
14 283
22 283
26 283
31 283
36 283
39 283
69 283
70 283
76 283
94 283
99 283
108 283
109 283
119 283
125 283
178 283
203 283
212 283
227 283
232 283
249 283
253 283
259 283
272 283
25 284
26 284
42 284
58 284
79 284
91 284
93 284
115 284
152 284
172 284
175 284
183 284
186 284
191 284
201 284
211 284
262 284
272 284
274 284
279 284
21 285
33 285
45 285
49 285
59 285
96 285
99 285
135 285
140 285
150 285
156 285
208 285
227 285
228 285
276 285
283 285
0 286
20 286
31 286
36 286
39 286
51 286
78 286
148 286
193 286
216 286
233 286
234 286
247 286
254 286
275 286
8 287
43 287
45 287
67 287
91 287
132 287
136 287
143 287
172 287
227 287
229 287
232 287
256 287
269 287
3 288
21 288
27 288
32 288
41 288
45 288
55 288
66 288
119 288
130 288
135 288
139 288
192 288
215 288
218 288
230 288
235 288
236 288
245 288
263 288
274 288
17 289
37 289
69 289
112 289
128 289
150 289
158 289
181 289
202 289
245 289
267 289
10 290
12 290
22 290
54 290
60 290
75 290
89 290
102 290
116 290
124 290
138 290
146 290
151 290
176 290
184 290
186 290
200 290
262 290
281 290
283 290
286 290
51 291
70 291
123 291
161 291
173 291
205 291
208 291
264 291
275 291
279 291
35 292
75 292
85 292
100 292
110 292
139 292
163 292
165 292
175 292
189 292
222 292
247 292
269 292
276 292
277 292
14 293
26 293
28 293
40 293
56 293
117 293
167 293
188 293
216 293
226 293
229 293
243 293
244 293
252 293
272 293
283 293
33 294
37 294
55 294
58 294
69 294
86 294
88 294
89 294
98 294
113 294
114 294
118 294
121 294
126 294
148 294
173 294
177 294
180 294
204 294
207 294
210 294
218 294
254 294
263 294
267 294
271 294
276 294
292 294
293 294
1 295
9 295
18 295
19 295
39 295
43 295
57 295
59 295
74 295
101 295
123 295
158 295
170 295
210 295
216 295
225 295
227 295
269 295
8 296
28 296
31 296
32 296
36 296
64 296
90 296
102 296
129 296
141 296
150 296
163 296
170 296
185 296
211 296
226 296
232 296
241 296
251 296
261 296
273 296
8 297
11 297
17 297
30 297
32 297
53 297
54 297
57 297
62 297
68 297
71 297
80 297
86 297
127 297
152 297
156 297
211 297
237 297
283 297
0 298
2 298
20 298
29 298
44 298
48 298
55 298
62 298
86 298
98 298
108 298
117 298
127 298
147 298
162 298
168 298
170 298
173 298
194 298
208 298
216 298
231 298
245 298
273 298
282 298
5 299
16 299
20 299
21 299
64 299
82 299
85 299
137 299
138 299
140 299
144 299
157 299
159 299
163 299
177 299
179 299
193 299
197 299
198 299
200 299
203 299
207 299
209 299
219 299
220 299
222 299
228 299
236 299
243 299
281 299
291 299
