300 4742 5
6 6 6 5 9 4 13 4 11 7 8 14 13 4 5 7 11 9 4 10 11 6 5 9 16 11 6 6 5 13 5 3 11 5 4 14 12 5 7 4 7 6 5 8 7 14 12 6 6 6 9 5 13 6 6 6 4 10 5 7 15 11 12 6 8 5 6 5 5 12 10 6 6 9 13 6 6 9 8 6 7 11 20 8 7 11 10 7 5 5 6 11 9 9 15 6 6 5 14 14 5 13 12 5 6 12 8 11 6 9 8 8 4 5 5 6 14 7 14 7 6 13 5 6 12 8 9 4 9 8 10 7 10 3 4 13 5 6 15 13 6 7 5 14 6 5 5 9 4 7 13 18 10 13 10 6 9 6 10 6 14 5 8 8 11 6 6 7 6 5 7 7 9 5 9 7 5 7 4 6 8 12 8 8 6 5 7 14 10 18 5 7 5 11 8 10 11 4 7 16 5 6 4 18 5 6 6 7 14 10 6 5 10 9 4 12 5 6 6 6 6 6 5 4 5 5 9 5 9 11 12 4 5 16 4 3 8 5 4 6 13 5 12 7 12 6 6 11 7 5 6 15 5 6 5 7 6 7 15 5 12 14 14 4 11 14 15 8 9 7 7 6 13 12 6 5 9 6 5 8 13 5 11 6 8 6 5 10 6 5 8 6 5 5 10 7 5 15 6 5
0 5
3 6
5 7
7 9
1 10
9 12
0 13
8 14
15 16
8 17
11 18
12 18
0 19
7 19
0 20
11 20
14 20
17 20
10 21
13 21
16 21
1 22
5 22
11 22
11 23
12 23
13 23
10 24
14 24
23 24
14 25
15 27
20 27
24 27
2 28
8 28
17 28
23 28
6 29
8 29
12 29
27 29
1 30
10 30
18 30
19 30
27 30
6 31
9 31
11 31
16 31
22 31
30 31
0 32
16 32
18 32
26 32
29 32
31 32
18 33
3 34
15 34
25 34
9 35
15 35
3 36
8 36
12 36
31 36
33 36
3 37
14 37
16 37
25 37
28 37
2 38
4 38
15 38
5 39
35 39
5 40
10 40
12 40
18 40
23 40
4 41
12 41
30 41
34 41
37 41
14 42
28 42
37 42
0 43
10 43
11 43
19 43
41 43
1 44
7 44
14 44
15 44
16 44
28 44
36 44
39 44
17 45
20 45
38 45
40 45
43 45
44 45
0 46
17 46
20 46
21 46
32 46
36 46
8 47
12 47
15 47
18 47
21 47
22 47
40 47
43 47
44 47
45 47
46 47
11 48
13 48
14 48
0 49
5 49
10 49
22 49
35 49
39 49
43 49
47 49
3 50
12 50
18 50
26 50
39 50
41 50
42 50
44 50
49 50
19 51
31 51
40 51
45 51
6 52
7 52
14 52
26 52
34 52
44 52
51 52
1 53
7 53
10 53
20 53
29 53
46 53
47 53
49 53
2 54
4 54
18 54
35 54
36 54
50 54
14 55
16 56
23 56
29 56
36 56
40 56
47 56
52 56
19 57
23 57
30 57
32 57
46 57
47 57
52 57
1 58
3 58
19 58
23 58
24 58
51 58
16 59
17 59
18 59
23 59
54 59
58 59
2 60
5 60
9 60
37 60
42 60
47 60
51 60
10 61
11 61
19 61
25 61
26 61
27 61
28 61
36 61
46 61
14 62
17 62
34 62
40 62
53 62
30 63
33 63
40 63
50 63
2 64
12 64
17 64
24 64
30 64
36 64
43 64
50 64
51 64
6 65
29 65
30 65
41 65
56 65
52 66
5 67
8 67
19 67
33 67
43 67
48 67
49 67
63 67
65 67
6 68
15 68
20 68
21 68
28 68
39 68
40 68
54 68
4 69
6 69
7 69
8 69
10 69
16 69
18 69
32 69
34 69
45 69
52 69
55 69
64 69
2 70
7 70
18 70
27 70
28 70
29 70
47 70
49 70
67 70
7 71
10 71
37 71
61 71
64 71
14 72
28 72
41 72
6 73
10 73
28 73
39 73
41 73
54 73
68 73
6 74
27 74
42 74
43 74
44 74
47 74
72 74
4 75
20 75
23 75
26 75
27 75
45 75
47 75
52 75
53 75
74 75
23 76
43 76
51 76
68 76
73 76
5 77
12 77
20 77
24 77
34 77
37 77
40 77
54 77
20 78
43 78
54 78
19 79
21 79
37 79
38 79
42 79
56 79
59 79
61 79
67 79
77 79
16 80
21 80
31 80
52 80
79 80
3 81
4 81
12 81
25 81
34 81
37 81
46 81
51 81
52 81
70 81
74 81
2 82
6 82
21 82
24 82
25 82
26 82
28 82
49 82
51 82
54 82
57 82
65 82
76 82
81 82
15 83
27 83
39 83
40 83
43 83
46 83
48 83
57 83
72 83
0 84
18 84
21 84
22 84
23 84
49 84
52 84
57 84
58 84
62 84
2 85
12 85
17 85
19 85
24 85
38 85
40 85
53 85
54 85
59 85
69 85
0 86
3 86
10 86
14 86
23 86
45 86
51 86
52 86
54 86
69 86
70 86
84 86
85 86
10 87
12 87
25 87
32 87
36 87
39 87
40 87
53 87
61 87
73 87
86 87
6 88
8 88
28 88
39 88
64 88
70 88
81 88
87 88
4 89
11 89
15 89
27 89
32 89
59 89
72 89
77 89
82 89
86 89
87 89
3 90
7 90
26 90
29 90
41 90
46 90
48 90
67 90
73 90
77 90
86 90
88 90
30 91
39 91
51 91
59 91
69 91
70 91
79 91
6 92
10 92
11 92
14 92
26 92
38 92
61 92
63 92
64 92
79 92
83 92
87 92
10 93
11 93
36 93
46 93
75 93
87 93
92 93
16 94
17 94
31 94
36 94
37 94
46 94
50 94
55 94
56 94
64 94
69 94
76 94
81 94
83 94
85 94
4 95
7 95
13 95
20 95
27 95
31 95
37 95
55 95
83 95
89 95
0 96
1 96
7 96
13 96
26 96
40 96
42 96
46 96
55 96
60 96
76 96
79 96
13 97
20 97
23 97
26 97
29 97
31 97
32 97
63 97
73 97
83 97
95 97
1 98
6 98
25 98
26 98
34 98
56 98
74 98
77 98
80 98
81 98
90 98
2 99
12 99
14 99
17 99
20 99
26 99
31 99
50 99
53 99
60 99
65 99
87 99
90 99
22 100
24 100
42 100
45 100
69 100
89 100
94 100
5 101
8 101
16 101
18 101
48 101
59 101
81 101
83 101
85 101
95 101
96 101
72 102
80 102
84 102
94 102
11 103
38 103
39 103
45 103
49 103
58 103
67 103
73 103
18 104
41 104
63 104
65 104
71 104
82 104
2 105
16 105
34 105
39 105
68 105
4 106
18 106
24 106
44 106
47 106
50 106
53 106
58 106
59 106
71 106
74 106
78 106
100 106
15 107
19 107
24 107
26 107
31 107
47 107
54 107
57 107
58 107
61 107
68 107
2 108
12 108
31 108
39 108
43 108
68 108
85 108
102 108
107 108
11 109
17 109
30 109
64 109
68 109
69 109
84 109
98 109
0 110
5 110
8 110
14 110
17 110
58 110
62 110
65 110
69 110
72 110
95 110
109 110
1 111
3 111
9 111
17 111
21 111
28 111
30 111
60 111
63 111
71 111
73 111
74 111
94 111
6 112
21 112
28 112
37 112
46 112
54 112
58 112
62 112
67 112
81 112
0 113
10 113
16 113
24 113
34 113
45 113
54 113
55 113
62 113
72 113
83 113
90 113
91 113
99 113
103 113
5 114
6 114
9 114
24 114
41 114
42 114
54 114
55 114
70 114
99 114
100 114
11 115
24 115
41 115
43 115
45 115
59 115
65 115
68 115
79 115
89 115
19 116
28 116
36 116
53 116
62 116
78 116
80 116
84 116
99 116
105 116
113 116
1 117
3 117
4 117
24 117
25 117
73 117
78 117
85 117
89 117
107 117
14 118
20 118
21 118
29 118
42 118
61 118
63 118
68 118
69 118
76 118
82 118
90 118
94 118
98 118
103 118
106 118
110 118
111 118
112 118
10 119
17 119
26 119
55 119
60 119
69 119
87 119
92 119
93 119
94 119
112 119
117 119
118 119
6 120
10 120
14 120
101 120
103 120
7 121
42 121
46 121
75 121
119 121
3 122
16 122
18 122
19 122
22 122
44 122
49 122
54 122
77 122
95 122
105 122
112 122
113 122
0 123
12 123
20 123
29 123
35 123
40 123
58 123
64 123
68 123
77 123
79 123
86 123
92 123
96 123
97 123
100 123
118 123
2 124
11 124
28 124
33 124
35 124
41 124
94 124
95 124
123 124
13 125
19 125
50 125
55 125
59 125
64 125
70 125
72 125
77 125
79 125
82 125
91 125
106 125
107 125
108 125
111 125
122 125
123 125
13 126
16 126
19 126
21 126
26 126
39 126
45 126
46 126
62 126
66 126
75 126
93 126
94 126
98 126
108 126
110 126
116 126
117 126
125 126
8 127
16 127
18 127
20 127
33 127
61 127
63 127
64 127
78 127
84 127
88 127
92 127
94 127
118 127
121 127
122 127
126 127
9 128
13 128
19 128
22 128
50 128
55 128
75 128
96 128
99 128
110 128
122 128
3 129
8 129
9 129
22 129
51 129
57 129
58 129
63 129
67 129
84 129
94 129
95 129
96 129
114 129
115 129
121 129
124 129
2 130
3 130
4 130
9 130
15 130
30 130
40 130
46 130
54 130
62 130
63 130
66 130
79 130
89 130
102 130
105 130
111 130
119 130
5 131
8 131
13 131
38 131
43 131
67 131
72 131
74 131
76 131
78 131
95 131
97 131
103 131
105 131
118 131
128 131
0 132
10 132
20 132
24 132
25 132
27 132
29 132
37 132
67 132
69 132
71 132
86 132
93 132
94 132
131 132
4 133
36 133
42 133
46 133
65 133
68 133
76 133
80 133
82 133
116 133
128 133
131 133
4 134
11 134
16 134
26 134
30 134
55 134
78 134
82 134
96 134
104 134
124 134
43 135
74 135
104 135
116 135
129 135
134 135
6 136
9 136
12 136
14 136
15 136
17 136
19 136
21 136
24 136
35 136
37 136
51 136
56 136
57 136
82 136
98 136
110 136
121 136
126 136
14 137
23 137
26 137
39 137
42 137
44 137
48 137
68 137
70 137
74 137
77 137
79 137
98 137
107 137
132 137
4 138
14 138
38 138
48 138
58 138
62 138
65 138
74 138
114 138
118 138
123 138
124 138
126 138
136 138
32 139
34 139
49 139
53 139
60 139
63 139
89 139
98 139
104 139
105 139
135 139
1 140
7 140
9 140
20 140
32 140
35 140
62 140
66 140
75 140
83 140
95 140
98 140
102 140
111 140
133 140
19 141
29 141
38 141
44 141
47 141
68 141
73 141
76 141
84 141
95 141
97 141
99 141
128 141
1 142
7 142
11 142
12 142
34 142
40 142
60 142
62 142
75 142
89 142
103 142
117 142
119 142
133 142
4 143
6 143
51 143
75 143
76 143
95 143
113 143
115 143
131 143
137 143
140 143
1 144
3 144
4 144
6 144
23 144
31 144
33 144
34 144
43 144
64 144
93 144
100 144
111 144
116 144
127 144
129 144
134 144
143 144
9 145
11 145
19 145
24 145
29 145
31 145
33 145
34 145
41 145
55 145
60 145
62 145
72 145
80 145
83 145
84 145
106 145
125 145
21 146
25 146
27 146
39 146
52 146
112 146
126 146
132 146
136 146
137 146
7 147
19 147
25 147
27 147
28 147
39 147
41 147
49 147
54 147
81 147
84 147
96 147
104 147
115 147
120 147
142 147
1 148
10 148
24 148
43 148
48 148
53 148
69 148
72 148
90 148
104 148
124 148
125 148
128 148
130 148
139 148
144 148
146 148
4 149
13 149
16 149
29 149
30 149
47 149
53 149
57 149
58 149
59 149
66 149
82 149
97 149
98 149
101 149
117 149
124 149
127 149
129 149
134 149
140 149
0 150
3 150
7 150
8 150
9 150
36 150
39 150
40 150
46 150
55 150
63 150
75 150
98 150
132 150
133 150
137 150
138 150
8 151
59 151
65 151
70 151
113 151
0 152
2 152
24 152
31 152
55 152
59 152
77 152
79 152
89 152
114 152
118 152
119 152
122 152
134 152
145 152
147 152
1 153
11 153
17 153
19 153
40 153
43 153
50 153
51 153
54 153
55 153
58 153
72 153
73 153
77 153
89 153
91 153
114 153
122 153
130 153
16 154
30 154
47 154
56 154
58 154
65 154
69 154
71 154
83 154
88 154
95 154
98 154
109 154
128 154
132 154
139 154
148 154
3 155
11 155
15 155
17 155
34 155
35 155
36 155
43 155
56 155
65 155
74 155
98 155
104 155
112 155
122 155
141 155
142 155
143 155
148 155
152 155
11 156
14 156
44 156
46 156
72 156
77 156
83 156
87 156
109 156
155 156
14 157
15 157
27 157
68 157
88 157
107 157
108 157
125 157
126 157
138 157
151 157
152 157
10 158
17 158
20 158
24 158
35 158
47 158
49 158
52 158
53 158
60 158
76 158
83 158
92 158
93 158
110 158
116 158
140 158
6 159
14 159
22 159
26 159
27 159
51 159
52 159
59 159
84 159
85 159
93 159
108 159
109 159
116 159
129 159
132 159
146 159
153 159
6 160
27 160
32 160
49 160
100 160
101 160
105 160
106 160
114 160
115 160
116 160
125 160
131 160
134 160
138 160
154 160
13 161
16 161
22 161
30 161
32 161
38 161
55 161
56 161
96 161
98 161
119 161
126 161
152 161
156 161
15 162
20 162
21 162
43 162
59 162
73 162
74 162
78 162
97 162
115 162
116 162
131 162
137 162
159 162
4 163
7 163
29 163
32 163
33 163
41 163
43 163
47 163
59 163
62 163
92 163
111 163
136 163
137 163
24 164
26 164
35 164
40 164
50 164
66 164
67 164
82 164
88 164
96 164
106 164
128 164
129 164
142 164
145 164
162 164
4 165
29 165
32 165
40 165
43 165
54 165
55 165
64 165
88 165
90 165
93 165
95 165
97 165
98 165
99 165
109 165
125 165
126 165
139 165
145 165
158 165
161 165
10 166
14 166
18 166
19 166
26 166
43 166
48 166
56 166
57 166
63 166
67 166
68 166
77 166
85 166
111 166
112 166
128 166
2 167
3 167
29 167
40 167
44 167
67 167
73 167
79 167
82 167
99 167
107 167
112 167
128 167
133 167
148 167
150 167
157 167
1 168
26 168
36 168
49 168
50 168
56 168
62 168
77 168
90 168
91 168
92 168
104 168
107 168
110 168
117 168
118 168
127 168
145 168
146 168
160 168
167 168
1 169
3 169
11 169
29 169
38 169
44 169
59 169
68 169
90 169
110 169
111 169
113 169
117 169
141 169
162 169
165 169
24 170
46 170
55 170
94 170
101 170
105 170
114 170
117 170
123 170
154 170
158 170
19 171
25 171
36 171
39 171
42 171
66 171
78 171
81 171
104 171
107 171
110 171
163 171
11 172
18 172
34 172
40 172
61 172
67 172
78 172
84 172
85 172
92 172
98 172
104 172
120 172
121 172
123 172
131 172
139 172
145 172
163 172
0 173
1 173
6 173
9 173
15 173
27 173
47 173
68 173
75 173
80 173
87 173
91 173
93 173
96 173
114 173
127 173
132 173
151 173
153 173
156 173
158 173
167 173
168 173
171 173
13 174
16 174
20 174
28 174
37 174
48 174
49 174
50 174
65 174
67 174
68 174
73 174
76 174
79 174
89 174
92 174
94 174
99 174
103 174
110 174
123 174
128 174
145 174
146 174
150 174
154 174
165 174
173 174
1 175
2 175
3 175
18 175
38 175
40 175
43 175
48 175
52 175
58 175
77 175
79 175
85 175
86 175
88 175
94 175
98 175
119 175
123 175
136 175
151 175
2 176
8 176
19 176
22 176
44 176
66 176
74 176
79 176
85 176
91 176
98 176
107 176
118 176
120 176
129 176
132 176
133 176
135 176
147 176
159 176
165 176
172 176
25 177
31 177
42 177
49 177
58 177
81 177
85 177
86 177
102 177
106 177
129 177
138 177
162 177
9 178
12 178
27 178
39 178
62 178
63 178
64 178
65 178
72 178
82 178
88 178
99 178
124 178
131 178
141 178
144 178
154 178
159 178
169 178
4 179
9 179
12 179
37 179
72 179
75 179
77 179
79 179
101 179
104 179
106 179
128 179
162 179
172 179
7 180
27 180
36 180
58 180
77 180
90 180
102 180
112 180
118 180
121 180
124 180
135 180
142 180
148 180
154 180
156 180
157 180
158 180
165 180
167 180
168 180
0 181
3 181
4 181
15 181
22 181
39 181
48 181
123 181
127 181
131 181
138 181
168 181
180 181
0 182
4 182
5 182
7 182
18 182
20 182
21 182
31 182
33 182
36 182
64 182
74 182
83 182
98 182
101 182
103 182
107 182
109 182
110 182
115 182
119 182
120 182
129 182
131 182
136 182
142 182
143 182
156 182
163 182
172 182
178 182
4 183
51 183
53 183
56 183
59 183
62 183
69 183
83 183
85 183
136 183
138 183
139 183
145 183
153 183
155 183
156 183
162 183
166 183
168 183
173 183
181 183
3 184
4 184
13 184
23 184
29 184
47 184
48 184
53 184
65 184
66 184
75 184
81 184
85 184
89 184
96 184
117 184
118 184
124 184
150 184
161 184
163 184
177 184
182 184
11 185
12 185
23 185
24 185
33 185
41 185
49 185
57 185
58 185
61 185
62 185
67 185
71 185
75 185
76 185
79 185
93 185
113 185
134 185
137 185
152 185
156 185
164 185
1 186
8 186
10 186
21 186
27 186
52 186
54 186
58 186
74 186
83 186
90 186
94 186
107 186
110 186
157 186
159 186
165 186
166 186
171 186
179 186
182 186
7 187
13 187
30 187
68 187
70 187
80 187
81 187
89 187
90 187
93 187
111 187
134 187
139 187
164 187
172 187
173 187
183 187
185 187
3 188
5 188
20 188
25 188
26 188
32 188
36 188
50 188
87 188
91 188
95 188
99 188
101 188
113 188
120 188
130 188
156 188
170 188
187 188
8 189
10 189
13 189
15 189
16 189
21 189
23 189
32 189
39 189
62 189
67 189
71 189
82 189
98 189
105 189
115 189
125 189
147 189
150 189
161 189
185 189
20 190
25 190
29 190
34 190
50 190
57 190
85 190
107 190
117 190
121 190
133 190
142 190
183 190
20 191
34 191
42 191
53 191
71 191
76 191
79 191
84 191
86 191
91 191
92 191
104 191
110 191
117 191
132 191
135 191
141 191
169 191
178 191
2 192
20 192
41 192
47 192
53 192
54 192
57 192
58 192
59 192
62 192
66 192
80 192
93 192
116 192
122 192
150 192
157 192
168 192
169 192
170 192
174 192
189 192
190 192
5 193
11 193
31 193
32 193
43 193
48 193
71 193
76 193
78 193
86 193
87 193
90 193
117 193
136 193
138 193
177 193
15 194
16 194
31 194
41 194
43 194
44 194
50 194
74 194
87 194
95 194
103 194
120 194
136 194
141 194
144 194
151 194
153 194
155 194
160 194
189 194
192 194
2 195
25 195
51 195
65 195
72 195
75 195
93 195
96 195
97 195
105 195
106 195
116 195
123 195
124 195
128 195
137 195
138 195
168 195
174 195
180 195
191 195
193 195
7 196
13 196
14 196
26 196
33 196
41 196
42 196
51 196
54 196
57 196
66 196
71 196
72 196
93 196
100 196
117 196
121 196
136 196
147 196
170 196
193 196
1 197
2 197
12 197
28 197
40 197
65 197
88 197
108 197
137 197
142 197
154 197
162 197
166 197
178 197
185 197
193 197
1 198
15 198
17 198
28 198
33 198
34 198
40 198
62 198
68 198
72 198
75 198
96 198
111 198
116 198
117 198
132 198
139 198
140 198
144 198
153 198
154 198
156 198
173 198
176 198
187 198
5 199
11 199
36 199
39 199
47 199
60 199
79 199
82 199
83 199
100 199
113 199
125 199
134 199
151 199
153 199
154 199
158 199
173 199
178 199
180 199
188 199
0 200
1 200
11 200
21 200
23 200
26 200
31 200
33 200
43 200
45 200
69 200
91 200
96 200
104 200
121 200
136 200
144 200
158 200
173 200
181 200
4 201
18 201
28 201
33 201
46 201
56 201
61 201
89 201
108 201
117 201
129 201
180 201
4 202
15 202
28 202
33 202
36 202
41 202
43 202
52 202
67 202
72 202
76 202
78 202
91 202
116 202
138 202
149 202
156 202
173 202
185 202
195 202
0 203
10 203
14 203
15 203
16 203
19 203
20 203
39 203
72 203
75 203
90 203
103 203
106 203
118 203
122 203
124 203
145 203
165 203
170 203
173 203
198 203
0 204
3 204
8 204
11 204
17 204
25 204
26 204
29 204
44 204
87 204
89 204
95 204
98 204
101 204
107 204
130 204
151 204
158 204
167 204
168 204
180 204
190 204
10 205
13 205
25 205
28 205
36 205
46 205
47 205
52 205
59 205
70 205
74 205
87 205
90 205
94 205
120 205
130 205
132 205
143 205
151 205
157 205
165 205
175 205
0 206
4 206
9 206
47 206
48 206
52 206
57 206
76 206
89 206
98 206
116 206
122 206
140 206
153 206
158 206
163 206
164 206
184 206
186 206
26 207
38 207
55 207
60 207
69 207
72 207
79 207
85 207
92 207
100 207
108 207
121 207
124 207
129 207
142 207
162 207
183 207
193 207
203 207
19 208
33 208
37 208
41 208
63 208
64 208
84 208
88 208
96 208
97 208
99 208
102 208
104 208
106 208
108 208
114 208
116 208
151 208
159 208
163 208
169 208
171 208
198 208
199 208
3 209
11 209
37 209
41 209
42 209
47 209
57 209
59 209
60 209
119 209
124 209
130 209
135 209
150 209
162 209
165 209
169 209
172 209
182 209
195 209
1 210
2 210
8 210
16 210
21 210
22 210
26 210
35 210
43 210
51 210
52 210
61 210
65 210
78 210
91 210
99 210
100 210
105 210
113 210
129 210
135 210
145 210
164 210
171 210
177 210
187 210
191 210
1 211
16 211
24 211
49 211
58 211
67 211
73 211
74 211
96 211
98 211
100 211
116 211
138 211
143 211
153 211
179 211
183 211
186 211
197 211
199 211
200 211
6 212
7 212
18 212
19 212
22 212
34 212
44 212
50 212
67 212
85 212
92 212
105 212
106 212
109 212
117 212
125 212
140 212
144 212
155 212
166 212
178 212
183 212
191 212
206 212
16 213
53 213
54 213
57 213
59 213
66 213
71 213
72 213
80 213
90 213
134 213
135 213
144 213
162 213
166 213
168 213
170 213
179 213
180 213
186 213
195 213
203 213
204 213
212 213
0 214
16 214
17 214
21 214
35 214
62 214
70 214
85 214
100 214
110 214
131 214
159 214
164 214
169 214
174 214
175 214
182 214
192 214
195 214
197 214
202 214
212 214
3 215
17 215
21 215
26 215
36 215
44 215
46 215
58 215
64 215
85 215
86 215
89 215
99 215
108 215
125 215
129 215
141 215
150 215
164 215
167 215
191 215
213 215
2 216
8 216
18 216
30 216
36 216
44 216
45 216
46 216
49 216
57 216
67 216
76 216
83 216
97 216
100 216
103 216
120 216
142 216
144 216
148 216
152 216
153 216
163 216
166 216
177 216
178 216
184 216
192 216
194 216
196 216
199 216
7 217
9 217
19 217
20 217
32 217
41 217
51 217
54 217
75 217
84 217
96 217
109 217
112 217
121 217
139 217
142 217
153 217
155 217
164 217
168 217
171 217
184 217
205 217
206 217
210 217
0 218
6 218
15 218
25 218
40 218
41 218
53 218
55 218
85 218
125 218
128 218
139 218
159 218
160 218
181 218
188 218
193 218
198 218
200 218
217 218
3 219
8 219
9 219
10 219
16 219
34 219
48 219
58 219
67 219
104 219
105 219
109 219
116 219
132 219
137 219
142 219
143 219
151 219
156 219
160 219
171 219
177 219
194 219
195 219
216 219
6 220
15 220
23 220
41 220
42 220
53 220
63 220
69 220
80 220
97 220
108 220
133 220
148 220
155 220
162 220
171 220
175 220
196 220
211 220
13 221
16 221
27 221
36 221
62 221
81 221
84 221
92 221
121 221
131 221
138 221
164 221
167 221
181 221
184 221
195 221
198 221
205 221
209 221
214 221
9 222
14 222
20 222
22 222
55 222
101 222
104 222
112 222
113 222
114 222
123 222
129 222
133 222
141 222
145 222
162 222
163 222
168 222
193 222
196 222
199 222
27 223
28 223
34 223
53 223
70 223
83 223
87 223
96 223
100 223
102 223
103 223
104 223
108 223
124 223
138 223
153 223
154 223
169 223
198 223
14 224
25 224
36 224
38 224
40 224
50 224
56 224
61 224
68 224
73 224
83 224
91 224
104 224
105 224
106 224
109 224
117 224
120 224
126 224
128 224
156 224
158 224
160 224
165 224
184 224
191 224
192 224
203 224
209 224
216 224
218 224
223 224
14 225
16 225
19 225
26 225
27 225
33 225
35 225
42 225
45 225
46 225
124 225
126 225
130 225
143 225
150 225
151 225
158 225
161 225
172 225
185 225
189 225
190 225
197 225
205 225
209 225
217 225
221 225
0 226
17 226
21 226
32 226
34 226
35 226
59 226
63 226
64 226
65 226
80 226
87 226
109 226
115 226
128 226
145 226
167 226
177 226
187 226
195 226
221 226
6 227
7 227
8 227
9 227
14 227
30 227
32 227
53 227
69 227
81 227
88 227
92 227
94 227
106 227
108 227
110 227
112 227
122 227
128 227
153 227
166 227
175 227
180 227
190 227
218 227
224 227
3 228
8 228
26 228
28 228
36 228
42 228
52 228
56 228
62 228
65 228
78 228
93 228
95 228
99 228
107 228
120 228
123 228
127 228
131 228
162 228
174 228
179 228
201 228
206 228
223 228
19 229
63 229
66 229
76 229
80 229
88 229
101 229
102 229
103 229
109 229
116 229
117 229
123 229
129 229
156 229
162 229
171 229
173 229
189 229
190 229
213 229
221 229
228 229
9 230
22 230
23 230
33 230
34 230
37 230
48 230
67 230
81 230
83 230
84 230
109 230
112 230
132 230
143 230
150 230
170 230
202 230
206 230
212 230
213 230
217 230
221 230
4 231
13 231
16 231
37 231
48 231
52 231
63 231
66 231
94 231
97 231
99 231
100 231
125 231
126 231
128 231
131 231
133 231
139 231
140 231
141 231
159 231
168 231
209 231
213 231
229 231
9 232
16 232
22 232
33 232
38 232
74 232
82 232
97 232
105 232
108 232
116 232
135 232
150 232
153 232
155 232
167 232
168 232
179 232
183 232
192 232
203 232
211 232
214 232
218 232
231 232
1 233
2 233
11 233
15 233
20 233
28 233
29 233
32 233
39 233
46 233
50 233
51 233
66 233
70 233
73 233
82 233
84 233
93 233
105 233
107 233
109 233
124 233
136 233
151 233
153 233
168 233
170 233
172 233
196 233
203 233
223 233
228 233
229 233
231 233
232 233
11 234
18 234
35 234
47 234
49 234
63 234
65 234
67 234
80 234
103 234
106 234
137 234
138 234
152 234
154 234
165 234
181 234
182 234
204 234
206 234
216 234
219 234
232 234
0 235
3 235
4 235
19 235
21 235
22 235
24 235
32 235
38 235
46 235
50 235
56 235
64 235
68 235
74 235
108 235
112 235
129 235
133 235
142 235
145 235
146 235
160 235
163 235
165 235
182 235
185 235
200 235
201 235
215 235
218 235
222 235
227 235
2 236
5 236
8 236
10 236
12 236
21 236
46 236
54 236
63 236
68 236
70 236
71 236
101 236
107 236
117 236
145 236
165 236
177 236
197 236
200 236
206 236
210 236
211 236
215 236
21 237
22 237
42 237
63 237
79 237
99 237
113 237
118 237
122 237
124 237
153 237
159 237
174 237
186 237
195 237
197 237
199 237
201 237
207 237
209 237
216 237
225 237
226 237
229 237
233 237
31 238
34 238
38 238
46 238
54 238
64 238
65 238
77 238
81 238
99 238
112 238
114 238
128 238
129 238
132 238
136 238
137 238
141 238
155 238
158 238
166 238
171 238
175 238
178 238
193 238
194 238
203 238
208 238
210 238
223 238
225 238
235 238
16 239
20 239
24 239
30 239
31 239
70 239
72 239
92 239
95 239
104 239
120 239
138 239
151 239
184 239
188 239
203 239
205 239
212 239
231 239
0 240
7 240
18 240
27 240
36 240
38 240
39 240
42 240
56 240
60 240
66 240
68 240
75 240
78 240
93 240
96 240
101 240
103 240
109 240
126 240
135 240
142 240
155 240
163 240
166 240
168 240
171 240
177 240
180 240
185 240
191 240
200 240
205 240
208 240
228 240
229 240
230 240
239 240
7 241
19 241
26 241
30 241
33 241
48 241
50 241
54 241
62 241
79 241
105 241
118 241
121 241
134 241
142 241
166 241
169 241
179 241
197 241
226 241
240 241
2 242
15 242
23 242
24 242
27 242
32 242
35 242
40 242
42 242
69 242
102 242
105 242
122 242
133 242
144 242
158 242
163 242
168 242
179 242
192 242
196 242
197 242
212 242
231 242
232 242
234 242
238 242
2 243
17 243
21 243
31 243
41 243
42 243
55 243
58 243
62 243
64 243
65 243
73 243
78 243
81 243
86 243
104 243
120 243
130 243
137 243
140 243
148 243
160 243
175 243
176 243
186 243
195 243
200 243
218 243
226 243
235 243
238 243
0 244
7 244
12 244
21 244
37 244
43 244
76 244
83 244
95 244
111 244
129 244
177 244
191 244
193 244
195 244
197 244
205 244
210 244
219 244
224 244
235 244
242 244
11 245
21 245
30 245
35 245
47 245
56 245
75 245
76 245
83 245
84 245
88 245
103 245
113 245
114 245
131 245
136 245
140 245
145 245
184 245
186 245
187 245
189 245
207 245
4 246
10 246
45 246
50 246
120 246
123 246
130 246
141 246
143 246
153 246
157 246
165 246
182 246
195 246
196 246
207 246
226 246
227 246
238 246
244 246
3 247
9 247
10 247
22 247
30 247
34 247
36 247
41 247
49 247
54 247
55 247
70 247
72 247
74 247
83 247
98 247
111 247
142 247
143 247
149 247
166 247
173 247
175 247
182 247
187 247
198 247
202 247
203 247
209 247
242 247
244 247
28 248
31 248
32 248
58 248
74 248
78 248
87 248
96 248
133 248
134 248
137 248
144 248
157 248
164 248
166 248
169 248
172 248
177 248
179 248
183 248
187 248
191 248
195 248
199 248
200 248
207 248
242 248
243 248
246 248
6 249
12 249
18 249
26 249
28 249
34 249
66 249
67 249
78 249
79 249
80 249
81 249
87 249
97 249
99 249
109 249
110 249
125 249
128 249
137 249
138 249
145 249
152 249
168 249
191 249
203 249
247 249
7 250
13 250
37 250
41 250
42 250
50 250
53 250
55 250
67 250
71 250
96 250
101 250
105 250
109 250
117 250
122 250
126 250
136 250
137 250
147 250
158 250
168 250
171 250
172 250
176 250
178 250
190 250
195 250
196 250
197 250
198 250
200 250
223 250
238 250
241 250
19 251
29 251
30 251
31 251
44 251
55 251
57 251
94 251
115 251
116 251
117 251
136 251
148 251
164 251
174 251
184 251
185 251
186 251
203 251
205 251
210 251
213 251
222 251
241 251
2 252
5 252
17 252
61 252
64 252
85 252
110 252
116 252
132 252
171 252
172 252
173 252
175 252
188 252
195 252
207 252
214 252
217 252
228 252
245 252
20 253
40 253
54 253
57 253
74 253
80 253
89 253
90 253
122 253
134 253
138 253
142 253
158 253
164 253
175 253
210 253
217 253
218 253
219 253
230 253
233 253
238 253
26 254
28 254
29 254
36 254
37 254
50 254
52 254
66 254
70 254
82 254
96 254
97 254
103 254
119 254
138 254
147 254
160 254
166 254
173 254
180 254
190 254
207 254
211 254
216 254
233 254
246 254
248 254
4 255
5 255
16 255
19 255
29 255
34 255
46 255
48 255
58 255
78 255
86 255
97 255
99 255
104 255
166 255
171 255
202 255
203 255
205 255
210 255
254 255
1 256
13 256
15 256
16 256
31 256
32 256
38 256
45 256
71 256
82 256
84 256
89 256
103 256
104 256
115 256
122 256
141 256
151 256
152 256
154 256
155 256
157 256
164 256
168 256
184 256
188 256
189 256
204 256
212 256
224 256
254 256
2 257
5 257
17 257
46 257
57 257
61 257
73 257
84 257
87 257
94 257
105 257
110 257
114 257
121 257
129 257
141 257
155 257
171 257
184 257
185 257
198 257
221 257
223 257
9 258
13 258
17 258
36 258
46 258
57 258
63 258
64 258
77 258
99 258
100 258
107 258
111 258
115 258
123 258
126 258
186 258
211 258
214 258
216 258
244 258
249 258
24 259
50 259
58 259
87 259
120 259
121 259
122 259
131 259
146 259
155 259
161 259
162 259
165 259
200 259
208 259
223 259
227 259
253 259
11 260
31 260
42 260
60 260
68 260
81 260
90 260
96 260
98 260
135 260
144 260
148 260
152 260
161 260
168 260
178 260
180 260
183 260
193 260
194 260
205 260
210 260
218 260
221 260
223 260
252 260
15 261
16 261
42 261
46 261
51 261
55 261
64 261
67 261
70 261
78 261
79 261
86 261
90 261
100 261
114 261
117 261
132 261
140 261
143 261
145 261
146 261
149 261
152 261
168 261
172 261
173 261
179 261
194 261
201 261
215 261
224 261
226 261
227 261
237 261
243 261
245 261
246 261
247 261
3 262
31 262
57 262
61 262
77 262
95 262
112 262
117 262
120 262
134 262
139 262
149 262
152 262
172 262
181 262
218 262
226 262
227 262
230 262
231 262
236 262
238 262
257 262
4 263
9 263
15 263
20 263
21 263
32 263
39 263
56 263
58 263
62 263
72 263
78 263
92 263
93 263
94 263
115 263
117 263
118 263
122 263
124 263
127 263
130 263
133 263
140 263
145 263
148 263
151 263
161 263
176 263
182 263
185 263
199 263
206 263
212 263
214 263
225 263
226 263
238 263
246 263
250 263
253 263
7 264
25 264
28 264
34 264
41 264
53 264
59 264
61 264
87 264
90 264
102 264
125 264
138 264
143 264
148 264
150 264
153 264
155 264
163 264
166 264
177 264
195 264
197 264
201 264
223 264
253 264
258 264
259 264
3 265
18 265
20 265
45 265
61 265
65 265
80 265
84 265
100 265
115 265
125 265
128 265
131 265
136 265
144 265
167 265
179 265
193 265
194 265
199 265
210 265
213 265
229 265
231 265
234 265
244 265
248 265
254 265
261 265
16 266
27 266
46 266
51 266
65 266
69 266
82 266
92 266
102 266
130 266
143 266
144 266
147 266
155 266
167 266
186 266
190 266
192 266
195 266
204 266
212 266
226 266
246 266
22 267
32 267
35 267
50 267
52 267
63 267
66 267
68 267
69 267
73 267
76 267
80 267
84 267
85 267
90 267
97 267
117 267
118 267
129 267
132 267
149 267
153 267
155 267
168 267
180 267
190 267
206 267
221 267
242 267
247 267
253 267
18 268
27 268
33 268
35 268
46 268
55 268
77 268
91 268
98 268
104 268
108 268
111 268
112 268
123 268
133 268
138 268
167 268
170 268
189 268
205 268
216 268
220 268
260 268
5 269
21 269
27 269
37 269
46 269
53 269
55 269
73 269
99 269
112 269
116 269
131 269
138 269
148 269
154 269
157 269
181 269
182 269
187 269
188 269
212 269
221 269
257 269
264 269
2 270
11 270
15 270
26 270
32 270
35 270
40 270
41 270
47 270
49 270
71 270
74 270
85 270
86 270
89 270
92 270
102 270
106 270
108 270
109 270
110 270
115 270
117 270
120 270
124 270
128 270
129 270
138 270
151 270
162 270
163 270
180 270
182 270
188 270
189 270
199 270
204 270
211 270
214 270
227 270
232 270
246 270
250 270
256 270
12 271
33 271
40 271
43 271
55 271
56 271
61 271
64 271
68 271
69 271
72 271
80 271
83 271
98 271
109 271
111 271
113 271
116 271
121 271
145 271
155 271
156 271
172 271
174 271
194 271
198 271
206 271
208 271
219 271
222 271
244 271
248 271
252 271
263 271
270 271
3 272
8 272
36 272
46 272
68 272
80 272
99 272
103 272
114 272
116 272
134 272
142 272
159 272
163 272
172 272
181 272
197 272
203 272
225 272
226 272
236 272
237 272
238 272
266 272
268 272
16 273
28 273
36 273
38 273
49 273
61 273
78 273
95 273
107 273
118 273
120 273
121 273
130 273
134 273
142 273
143 273
149 273
157 273
171 273
172 273
187 273
190 273
198 273
218 273
269 273
6 274
11 274
21 274
25 274
33 274
50 274
52 274
54 274
76 274
87 274
110 274
119 274
136 274
140 274
145 274
152 274
157 274
159 274
163 274
164 274
167 274
176 274
193 274
206 274
214 274
220 274
232 274
233 274
244 274
254 274
257 274
260 274
267 274
271 274
0 275
13 275
20 275
25 275
28 275
35 275
43 275
54 275
65 275
68 275
89 275
91 275
92 275
111 275
113 275
117 275
118 275
122 275
130 275
134 275
152 275
153 275
168 275
183 275
187 275
194 275
259 275
270 275
22 276
29 276
37 276
62 276
64 276
70 276
84 276
94 276
99 276
129 276
142 276
170 276
183 276
194 276
196 276
201 276
212 276
226 276
227 276
233 276
1 277
18 277
28 277
40 277
50 277
75 277
76 277
79 277
92 277
96 277
103 277
104 277
107 277
108 277
120 277
122 277
135 277
140 277
144 277
164 277
172 277
173 277
178 277
186 277
189 277
208 277
215 277
231 277
241 277
243 277
261 277
265 277
266 277
9 278
14 278
29 278
37 278
39 278
63 278
96 278
104 278
106 278
112 278
116 278
118 278
140 278
143 278
156 278
159 278
170 278
180 278
183 278
195 278
197 278
216 278
217 278
218 278
224 278
245 278
253 278
263 278
8 279
11 279
14 279
17 279
33 279
35 279
51 279
66 279
78 279
81 279
99 279
102 279
135 279
152 279
155 279
180 279
190 279
200 279
208 279
222 279
229 279
231 279
254 279
5 280
6 280
25 280
30 280
39 280
41 280
60 280
76 280
87 280
91 280
95 280
107 280
115 280
128 280
144 280
146 280
150 280
163 280
171 280
175 280
185 280
199 280
212 280
213 280
215 280
217 280
237 280
239 280
242 280
247 280
254 280
257 280
271 280
274 280
277 280
2 281
5 281
7 281
9 281
10 281
29 281
50 281
51 281
55 281
72 281
74 281
83 281
84 281
92 281
94 281
109 281
110 281
139 281
163 281
175 281
182 281
207 281
209 281
215 281
225 281
235 281
237 281
246 281
9 282
26 282
31 282
32 282
38 282
40 282
57 282
60 282
70 282
87 282
88 282
89 282
92 282
110 282
121 282
138 282
147 282
182 282
186 282
196 282
198 282
207 282
231 282
236 282
250 282
255 282
257 282
2 283
3 283
12 283
16 283
61 283
62 283
64 283
67 283
69 283
74 283
94 283
96 283
117 283
125 283
127 283
130 283
134 283
135 283
140 283
146 283
154 283
161 283
198 283
201 283
206 283
227 283
236 283
282 283
11 284
23 284
24 284
25 284
40 284
50 284
59 284
65 284
77 284
80 284
82 284
87 284
95 284
122 284
125 284
131 284
133 284
134 284
152 284
159 284
173 284
179 284
204 284
209 284
229 284
232 284
247 284
249 284
269 284
280 284
6 285
7 285
15 285
31 285
35 285
45 285
78 285
82 285
88 285
92 285
101 285
119 285
148 285
161 285
181 285
189 285
191 285
193 285
194 285
195 285
196 285
197 285
204 285
213 285
214 285
217 285
227 285
233 285
249 285
253 285
269 285
276 285
16 286
21 286
51 286
59 286
61 286
68 286
70 286
72 286
104 286
131 286
152 286
160 286
165 286
171 286
179 286
182 286
198 286
235 286
237 286
245 286
254 286
255 286
259 286
280 286
5 287
15 287
16 287
26 287
31 287
32 287
42 287
43 287
50 287
54 287
57 287
58 287
73 287
75 287
81 287
101 287
103 287
106 287
108 287
115 287
145 287
176 287
188 287
193 287
209 287
234 287
236 287
237 287
246 287
251 287
265 287
272 287
280 287
7 288
10 288
15 288
20 288
24 288
29 288
30 288
52 288
61 288
74 288
75 288
94 288
98 288
100 288
106 288
107 288
119 288
132 288
138 288
142 288
158 288
161 288
165 288
172 288
174 288
177 288
182 288
183 288
193 288
194 288
206 288
256 288
261 288
10 289
25 289
27 289
29 289
34 289
57 289
71 289
84 289
89 289
107 289
143 289
184 289
185 289
207 289
236 289
245 289
255 289
258 289
259 289
266 289
272 289
282 289
2 290
24 290
31 290
52 290
57 290
61 290
65 290
70 290
71 290
73 290
82 290
96 290
101 290
102 290
106 290
167 290
169 290
170 290
174 290
186 290
192 290
199 290
212 290
225 290
231 290
236 290
237 290
239 290
240 290
243 290
254 290
255 290
274 290
286 290
4 291
8 291
40 291
50 291
55 291
61 291
64 291
73 291
80 291
90 291
91 291
92 291
118 291
132 291
134 291
136 291
147 291
148 291
149 291
155 291
167 291
169 291
170 291
171 291
190 291
217 291
220 291
223 291
228 291
236 291
238 291
245 291
256 291
260 291
262 291
266 291
8 292
10 292
21 292
24 292
30 292
32 292
34 292
44 292
46 292
54 292
62 292
65 292
77 292
87 292
93 292
102 292
106 292
109 292
131 292
138 292
141 292
148 292
159 292
170 292
187 292
188 292
193 292
200 292
206 292
213 292
216 292
230 292
231 292
236 292
244 292
265 292
286 292
290 292
1 293
15 293
23 293
33 293
35 293
54 293
60 293
64 293
78 293
95 293
105 293
115 293
117 293
138 293
139 293
172 293
174 293
175 293
177 293
192 293
197 293
215 293
229 293
243 293
252 293
262 293
267 293
273 293
275 293
284 293
4 294
7 294
20 294
31 294
48 294
57 294
59 294
62 294
92 294
93 294
95 294
112 294
114 294
117 294
132 294
133 294
140 294
148 294
184 294
190 294
229 294
251 294
265 294
267 294
13 295
21 295
25 295
42 295
45 295
47 295
49 295
51 295
60 295
61 295
89 295
90 295
91 295
93 295
100 295
144 295
145 295
176 295
192 295
206 295
215 295
223 295
232 295
234 295
238 295
239 295
244 295
245 295
246 295
248 295
249 295
252 295
254 295
256 295
257 295
260 295
278 295
281 295
287 295
290 295
4 296
22 296
34 296
39 296
46 296
49 296
61 296
64 296
81 296
90 296
101 296
115 296
126 296
127 296
140 296
141 296
142 296
152 296
162 296
179 296
187 296
200 296
204 296
208 296
210 296
213 296
223 296
227 296
228 296
229 296
236 296
239 296
247 296
258 296
260 296
267 296
274 296
280 296
281 296
285 296
293 296
1 297
25 297
27 297
39 297
59 297
63 297
67 297
84 297
86 297
88 297
93 297
103 297
110 297
116 297
118 297
122 297
133 297
138 297
140 297
146 297
147 297
154 297
170 297
187 297
194 297
197 297
206 297
218 297
222 297
228 297
235 297
238 297
240 297
250 297
293 297
295 297
15 298
48 298
57 298
77 298
80 298
94 298
105 298
107 298
113 298
114 298
115 298
143 298
144 298
160 298
173 298
178 298
199 298
203 298
215 298
223 298
233 298
235 298
238 298
249 298
258 298
268 298
277 298
280 298
282 298
5 299
12 299
21 299
60 299
61 299
62 299
65 299
73 299
76 299
81 299
90 299
142 299
144 299
148 299
186 299
204 299
211 299
217 299
218 299
228 299
277 299
282 299
285 299
292 299
298 299
