300 8717 5
6 1 8 11 5 4 3 14 14 7 2 6 2 3 1 4 5 15 25 4 4 1 6 8 2 6 10 15 1 12 3 1 8 12 7 1 5 1 11 2 15 5 8 3 7 2 16 2 1 6 3 1 6 10 12 10 8 5 6 20 2 10 6 2 14 6 2 1 1 12 3 8 7 11 8 1 4 15 5 9 1 7 5 5 30 1 5 1 2 1 2 3 4 3 1 1 8 8 4 1 3 5 2 4 1 1 4 4 1 12 1 11 13 7 5 12 1 6 2 12 2 4 1 13 6 15 18 16 8 3 13 4 2 1 4 3 6 13 12 13 6 6 1 1 4 2 3 2 5 5 3 2 5 6 3 4 5 4 2 1 2 5 1 11 8 4 1 13 3 9 10 2 6 1 5 8 2 2 7 1 2 22 2 10 8 1 8 2 4 6 1 2 9 9 9 1 20 7 2 1 3 1 13 12 11 6 12 2 2 15 9 8 2 2 3 19 2 2 3 5 7 3 8 1 1 1 1 11 4 1 2 5 3 12 3 5 1 2 6 2 2 5 4 3 9 3 2 3 4 4 7 1 1 3 4 8 3 3 9 18 2 1 6 3 5 14 3 3 7 5 4 14 7 7 8 6 6 2 3 3 3 15 4 1 2 2 10 7 2 21 1 2 3 2 3 10 3 9 6 8
0 1
2 5
3 5
1 6
0 7
1 8
4 9
6 9
8 10
6 11
7 11
2 12
10 12
0 13
2 13
8 13
9 13
1 14
3 14
11 14
2 15
3 15
11 16
13 16
0 17
4 17
8 17
9 17
10 17
10 18
17 18
0 19
3 19
11 19
17 19
1 20
2 20
5 20
17 20
18 20
1 21
7 21
9 21
0 22
2 22
14 22
15 22
18 22
4 23
9 23
10 23
12 23
15 23
16 23
19 23
2 24
3 24
13 24
14 24
18 24
20 24
21 24
0 25
4 25
16 25
18 25
3 26
5 26
6 26
11 26
14 26
17 26
18 26
22 26
0 27
3 27
15 27
17 27
18 27
1 28
12 28
14 28
16 28
19 28
21 28
0 29
5 29
9 29
22 29
24 29
3 30
6 30
7 30
14 30
16 30
17 30
23 30
25 30
6 31
10 31
14 31
6 32
8 32
18 32
20 32
23 32
25 32
29 32
4 33
9 33
14 33
20 33
22 33
25 33
2 34
16 34
25 34
30 34
31 34
33 34
4 35
5 35
8 35
14 35
19 35
21 35
25 35
34 35
18 36
20 36
32 36
33 36
34 36
35 36
3 37
6 37
10 37
13 37
14 37
17 37
18 37
28 37
29 37
8 38
14 38
20 38
23 38
29 38
35 38
0 39
2 39
22 39
25 39
32 39
33 39
34 39
36 39
3 40
7 40
15 40
17 40
18 40
21 40
23 40
29 40
32 40
33 40
35 40
2 41
3 41
5 41
6 41
7 41
8 41
10 41
12 41
19 41
26 41
30 41
34 41
35 41
40 41
0 42
1 42
4 42
27 42
33 42
35 42
0 43
3 43
6 43
15 43
27 43
36 43
38 43
40 43
1 44
3 44
13 44
14 44
19 44
21 44
29 44
30 44
34 44
41 44
42 44
43 44
3 45
12 45
37 45
43 45
44 45
1 46
2 46
9 46
17 46
23 46
33 46
34 46
35 46
7 47
14 47
17 47
19 47
20 47
23 47
29 47
37 47
38 47
45 47
7 48
11 48
23 48
24 48
33 48
35 48
38 48
41 48
42 48
46 48
20 49
40 49
45 49
0 50
4 50
5 50
8 50
9 50
12 50
30 50
33 50
35 50
38 50
41 50
45 50
3 51
11 51
14 51
18 51
20 51
23 51
28 51
34 51
36 51
37 51
44 51
1 52
5 52
9 52
20 52
22 52
33 52
41 52
43 52
45 52
3 53
5 53
9 53
14 53
19 53
47 53
50 53
51 53
3 54
26 54
27 54
28 54
33 54
37 54
41 54
50 54
1 55
3 55
4 55
7 55
9 55
16 55
17 55
21 55
26 55
37 55
40 55
45 55
0 56
10 56
12 56
24 56
32 56
38 56
42 56
46 56
5 57
10 57
28 57
32 57
38 57
54 57
56 57
0 58
4 58
6 58
8 58
10 58
14 58
18 58
21 58
23 58
29 58
34 58
48 58
49 58
50 58
51 58
52 58
56 58
2 59
10 59
13 59
15 59
22 59
23 59
25 59
33 59
42 59
44 59
49 59
54 59
55 59
57 59
4 60
30 60
43 60
51 60
52 60
54 60
55 60
57 60
59 60
15 61
19 61
20 61
25 61
32 61
54 61
0 62
6 62
16 62
21 62
27 62
30 62
32 62
33 62
35 62
40 62
42 62
44 62
46 62
49 62
4 63
10 63
19 63
20 63
21 63
23 63
24 63
30 63
38 63
40 63
43 63
59 63
61 63
2 64
11 64
15 64
24 64
25 64
35 64
46 64
54 64
56 64
59 64
60 64
63 64
0 65
1 65
11 65
13 65
16 65
18 65
30 65
34 65
39 65
43 65
51 65
58 65
62 65
3 66
4 66
7 66
17 66
20 66
21 66
23 66
28 66
49 66
56 66
59 66
24 67
34 67
38 67
49 67
57 67
63 67
64 67
65 67
14 68
18 68
22 68
26 68
33 68
38 68
50 68
51 68
55 68
64 68
66 68
3 69
8 69
23 69
24 69
29 69
36 69
41 69
42 69
44 69
47 69
50 69
52 69
55 69
62 69
63 69
68 69
2 70
4 70
15 70
26 70
28 70
29 70
30 70
37 70
39 70
41 70
57 70
60 70
65 70
67 70
0 71
7 71
24 71
26 71
33 71
43 71
45 71
51 71
60 71
63 71
68 71
5 72
10 72
18 72
24 72
39 72
47 72
48 72
58 72
59 72
63 72
71 72
2 73
5 73
18 73
22 73
27 73
33 73
36 73
37 73
38 73
40 73
42 73
44 73
48 73
50 73
53 73
61 73
0 74
6 74
8 74
11 74
12 74
13 74
16 74
18 74
19 74
28 74
32 74
34 74
35 74
62 74
66 74
0 75
3 75
6 75
10 75
27 75
31 75
32 75
34 75
35 75
42 75
48 75
59 75
60 75
61 75
63 75
66 75
70 75
72 75
73 75
3 76
5 76
10 76
12 76
14 76
15 76
28 76
33 76
39 76
43 76
45 76
48 76
49 76
50 76
54 76
55 76
59 76
60 76
65 76
68 76
72 76
2 77
10 77
12 77
15 77
21 77
23 77
24 77
27 77
36 77
41 77
44 77
45 77
51 77
61 77
64 77
1 78
7 78
15 78
26 78
28 78
37 78
38 78
40 78
57 78
58 78
60 78
63 78
64 78
68 78
74 78
2 79
6 79
9 79
11 79
12 79
15 79
17 79
18 79
24 79
28 79
30 79
31 79
34 79
46 79
53 79
54 79
56 79
61 79
62 79
64 79
1 80
4 80
5 80
11 80
34 80
40 80
43 80
45 80
47 80
49 80
58 80
67 80
70 80
77 80
0 81
3 81
5 81
9 81
10 81
15 81
16 81
25 81
36 81
46 81
48 81
49 81
52 81
53 81
58 81
63 81
68 81
72 81
76 81
79 81
19 82
22 82
28 82
29 82
31 82
34 82
39 82
40 82
42 82
47 82
49 82
50 82
53 82
71 82
76 82
16 83
32 83
33 83
36 83
38 83
43 83
44 83
70 83
78 83
1 84
4 84
5 84
9 84
13 84
15 84
18 84
22 84
33 84
44 84
47 84
48 84
50 84
51 84
53 84
56 84
59 84
62 84
68 84
69 84
0 85
7 85
11 85
12 85
13 85
17 85
22 85
34 85
52 85
58 85
60 85
71 85
80 85
81 85
5 86
13 86
15 86
16 86
19 86
24 86
33 86
40 86
43 86
44 86
51 86
67 86
69 86
70 86
80 86
81 86
82 86
8 87
12 87
16 87
21 87
22 87
29 87
31 87
34 87
36 87
39 87
47 87
48 87
50 87
53 87
63 87
65 87
73 87
0 88
3 88
14 88
25 88
28 88
33 88
40 88
44 88
51 88
53 88
54 88
55 88
59 88
60 88
68 88
74 88
75 88
79 88
2 89
8 89
18 89
25 89
26 89
31 89
37 89
38 89
39 89
45 89
48 89
62 89
67 89
72 89
78 89
83 89
85 89
87 89
88 89
1 90
3 90
9 90
13 90
16 90
17 90
19 90
26 90
34 90
36 90
41 90
46 90
51 90
55 90
59 90
65 90
68 90
80 90
84 90
22 91
26 91
31 91
39 91
45 91
50 91
57 91
59 91
61 91
79 91
80 91
83 91
87 91
88 91
3 92
13 92
17 92
25 92
29 92
31 92
35 92
40 92
45 92
46 92
49 92
51 92
52 92
55 92
61 92
66 92
77 92
80 92
89 92
1 93
5 93
14 93
15 93
17 93
19 93
28 93
38 93
39 93
43 93
55 93
66 93
67 93
72 93
74 93
77 93
81 93
82 93
86 93
88 93
5 94
12 94
14 94
19 94
20 94
27 94
28 94
32 94
34 94
47 94
48 94
49 94
54 94
64 94
72 94
74 94
79 94
87 94
90 94
3 95
9 95
18 95
27 95
40 95
58 95
60 95
80 95
89 95
90 95
92 95
3 96
5 96
6 96
13 96
21 96
22 96
31 96
33 96
36 96
50 96
53 96
54 96
55 96
58 96
65 96
68 96
69 96
71 96
72 96
78 96
81 96
93 96
94 96
4 97
7 97
9 97
13 97
17 97
19 97
20 97
21 97
26 97
27 97
38 97
40 97
46 97
55 97
62 97
63 97
69 97
70 97
74 97
78 97
80 97
87 97
94 97
95 97
2 98
3 98
11 98
13 98
17 98
22 98
23 98
33 98
37 98
40 98
43 98
47 98
48 98
51 98
52 98
54 98
55 98
62 98
63 98
71 98
80 98
82 98
94 98
16 99
19 99
22 99
27 99
32 99
33 99
39 99
41 99
45 99
58 99
59 99
65 99
71 99
74 99
76 99
77 99
86 99
89 99
10 100
11 100
13 100
21 100
24 100
39 100
40 100
46 100
73 100
76 100
0 101
6 101
12 101
14 101
20 101
37 101
38 101
39 101
40 101
44 101
48 101
55 101
64 101
66 101
72 101
76 101
77 101
87 101
6 102
9 102
14 102
16 102
19 102
38 102
40 102
44 102
46 102
49 102
52 102
64 102
68 102
70 102
74 102
77 102
82 102
91 102
97 102
98 102
101 102
6 103
7 103
8 103
16 103
17 103
30 103
36 103
37 103
38 103
42 103
43 103
71 103
78 103
80 103
86 103
96 103
100 103
0 104
11 104
21 104
22 104
26 104
42 104
43 104
47 104
52 104
53 104
54 104
63 104
67 104
73 104
79 104
80 104
83 104
84 104
85 104
94 104
98 104
7 105
20 105
25 105
27 105
29 105
31 105
32 105
34 105
35 105
38 105
46 105
49 105
62 105
69 105
77 105
79 105
81 105
82 105
93 105
95 105
97 105
1 106
9 106
12 106
24 106
27 106
30 106
34 106
41 106
44 106
61 106
63 106
65 106
71 106
84 106
95 106
97 106
0 107
2 107
5 107
17 107
19 107
20 107
21 107
39 107
42 107
45 107
52 107
62 107
72 107
73 107
79 107
89 107
90 107
94 107
97 107
100 107
101 107
106 107
1 108
6 108
13 108
32 108
33 108
46 108
48 108
50 108
56 108
63 108
66 108
68 108
69 108
72 108
83 108
93 108
96 108
98 108
102 108
105 108
106 108
3 109
7 109
11 109
14 109
29 109
43 109
54 109
55 109
62 109
64 109
70 109
71 109
74 109
89 109
99 109
100 109
103 109
106 109
1 110
7 110
10 110
11 110
13 110
19 110
21 110
23 110
33 110
38 110
40 110
46 110
49 110
65 110
67 110
68 110
70 110
71 110
72 110
81 110
88 110
92 110
100 110
4 111
6 111
17 111
20 111
40 111
52 111
54 111
65 111
68 111
71 111
79 111
87 111
99 111
106 111
108 111
1 112
4 112
10 112
16 112
19 112
20 112
23 112
25 112
27 112
33 112
36 112
37 112
38 112
40 112
41 112
69 112
70 112
71 112
72 112
73 112
78 112
81 112
82 112
83 112
88 112
90 112
96 112
98 112
103 112
106 112
108 112
4 113
9 113
12 113
15 113
16 113
19 113
20 113
22 113
28 113
31 113
32 113
42 113
48 113
53 113
55 113
64 113
70 113
71 113
75 113
77 113
78 113
80 113
87 113
88 113
96 113
101 113
102 113
108 113
2 114
5 114
6 114
7 114
8 114
10 114
22 114
53 114
54 114
57 114
63 114
66 114
79 114
85 114
91 114
95 114
106 114
107 114
110 114
111 114
0 115
16 115
17 115
23 115
26 115
27 115
29 115
39 115
48 115
51 115
52 115
53 115
54 115
61 115
70 115
72 115
74 115
76 115
79 115
85 115
87 115
102 115
106 115
108 115
111 115
114 115
2 116
9 116
17 116
21 116
23 116
31 116
35 116
39 116
42 116
46 116
48 116
54 116
59 116
61 116
62 116
67 116
83 116
89 116
97 116
99 116
107 116
109 116
110 116
115 116
0 117
2 117
8 117
21 117
25 117
29 117
31 117
39 117
47 117
54 117
61 117
66 117
71 117
72 117
75 117
78 117
82 117
84 117
88 117
89 117
99 117
112 117
1 118
2 118
3 118
20 118
26 118
28 118
33 118
41 118
51 118
52 118
54 118
57 118
60 118
67 118
73 118
76 118
92 118
96 118
99 118
108 118
109 118
110 118
1 119
7 119
13 119
15 119
17 119
21 119
28 119
30 119
35 119
44 119
47 119
48 119
49 119
51 119
52 119
54 119
62 119
65 119
74 119
78 119
81 119
85 119
86 119
87 119
90 119
93 119
109 119
110 119
112 119
1 120
3 120
7 120
13 120
16 120
31 120
55 120
58 120
63 120
66 120
67 120
70 120
72 120
74 120
84 120
88 120
89 120
90 120
98 120
104 120
109 120
114 120
116 120
0 121
1 121
4 121
6 121
7 121
13 121
16 121
20 121
24 121
49 121
51 121
54 121
58 121
63 121
66 121
68 121
69 121
73 121
76 121
84 121
100 121
103 121
104 121
111 121
114 121
116 121
117 121
3 122
15 122
22 122
28 122
39 122
40 122
47 122
50 122
60 122
65 122
69 122
72 122
81 122
90 122
92 122
99 122
102 122
105 122
114 122
115 122
0 123
2 123
3 123
4 123
12 123
13 123
16 123
23 123
43 123
70 123
74 123
77 123
90 123
94 123
98 123
101 123
103 123
119 123
0 124
4 124
6 124
11 124
13 124
16 124
17 124
19 124
20 124
21 124
24 124
25 124
32 124
34 124
37 124
38 124
50 124
52 124
53 124
56 124
57 124
59 124
76 124
87 124
90 124
91 124
94 124
100 124
103 124
105 124
107 124
110 124
112 124
122 124
123 124
6 125
16 125
19 125
26 125
29 125
30 125
31 125
36 125
59 125
61 125
62 125
84 125
86 125
91 125
93 125
96 125
97 125
105 125
107 125
110 125
114 125
117 125
13 126
17 126
19 126
28 126
30 126
40 126
48 126
49 126
63 126
65 126
67 126
75 126
87 126
89 126
91 126
96 126
102 126
103 126
110 126
111 126
114 126
115 126
124 126
0 127
6 127
10 127
22 127
39 127
45 127
49 127
50 127
75 127
78 127
80 127
84 127
87 127
88 127
92 127
94 127
99 127
101 127
106 127
120 127
122 127
123 127
124 127
126 127
3 128
7 128
13 128
15 128
16 128
23 128
24 128
26 128
31 128
34 128
40 128
50 128
61 128
64 128
66 128
69 128
75 128
76 128
77 128
82 128
86 128
87 128
102 128
113 128
116 128
21 129
22 129
27 129
30 129
34 129
35 129
40 129
43 129
53 129
54 129
55 129
56 129
57 129
58 129
61 129
62 129
65 129
81 129
84 129
87 129
107 129
112 129
115 129
117 129
121 129
127 129
128 129
1 130
22 130
35 130
41 130
50 130
53 130
64 130
65 130
73 130
76 130
77 130
80 130
106 130
119 130
1 131
11 131
12 131
23 131
26 131
27 131
29 131
35 131
36 131
37 131
41 131
52 131
57 131
60 131
70 131
73 131
75 131
78 131
79 131
83 131
84 131
91 131
92 131
100 131
101 131
106 131
108 131
109 131
4 132
6 132
12 132
14 132
15 132
19 132
20 132
21 132
23 132
24 132
28 132
38 132
39 132
45 132
51 132
59 132
63 132
65 132
66 132
68 132
74 132
75 132
76 132
84 132
90 132
95 132
99 132
115 132
118 132
123 132
23 133
27 133
28 133
30 133
38 133
39 133
41 133
50 133
53 133
54 133
56 133
61 133
64 133
75 133
82 133
85 133
98 133
107 133
116 133
117 133
122 133
130 133
132 133
3 134
5 134
16 134
22 134
29 134
30 134
33 134
42 134
43 134
46 134
49 134
55 134
56 134
62 134
69 134
75 134
81 134
82 134
83 134
84 134
87 134
89 134
109 134
111 134
112 134
116 134
118 134
127 134
3 135
7 135
20 135
21 135
27 135
30 135
34 135
36 135
43 135
52 135
56 135
60 135
67 135
68 135
76 135
83 135
89 135
99 135
101 135
103 135
109 135
117 135
121 135
123 135
125 135
129 135
130 135
2 136
4 136
9 136
19 136
32 136
34 136
53 136
60 136
69 136
78 136
83 136
91 136
99 136
111 136
113 136
114 136
120 136
122 136
125 136
127 136
131 136
134 136
4 137
19 137
27 137
29 137
32 137
34 137
53 137
56 137
65 137
69 137
77 137
85 137
92 137
93 137
126 137
128 137
136 137
0 138
2 138
4 138
9 138
16 138
18 138
19 138
24 138
26 138
30 138
31 138
32 138
33 138
34 138
35 138
36 138
39 138
42 138
44 138
52 138
53 138
58 138
59 138
64 138
65 138
67 138
69 138
74 138
76 138
77 138
78 138
85 138
89 138
93 138
108 138
109 138
122 138
125 138
133 138
3 139
6 139
12 139
15 139
22 139
29 139
31 139
42 139
43 139
48 139
50 139
52 139
53 139
59 139
70 139
89 139
93 139
95 139
102 139
115 139
117 139
124 139
129 139
0 140
1 140
7 140
22 140
23 140
25 140
26 140
28 140
53 140
57 140
62 140
65 140
66 140
67 140
70 140
71 140
73 140
76 140
77 140
83 140
85 140
96 140
101 140
106 140
107 140
108 140
111 140
113 140
119 140
120 140
131 140
133 140
134 140
1 141
11 141
12 141
21 141
22 141
23 141
25 141
33 141
36 141
37 141
39 141
49 141
50 141
55 141
59 141
61 141
71 141
78 141
81 141
85 141
86 141
92 141
97 141
99 141
104 141
107 141
109 141
112 141
126 141
127 141
129 141
130 141
133 141
3 142
6 142
18 142
33 142
38 142
50 142
54 142
57 142
68 142
70 142
82 142
83 142
84 142
104 142
106 142
111 142
114 142
118 142
134 142
139 142
141 142
2 143
17 143
18 143
21 143
23 143
28 143
34 143
44 143
45 143
50 143
52 143
59 143
60 143
109 143
119 143
125 143
129 143
139 143
141 143
0 144
3 144
12 144
14 144
18 144
24 144
25 144
38 144
46 144
48 144
51 144
54 144
57 144
60 144
63 144
72 144
78 144
82 144
85 144
94 144
99 144
110 144
116 144
118 144
129 144
130 144
132 144
133 144
142 144
143 144
13 145
17 145
21 145
32 145
33 145
36 145
43 145
44 145
46 145
47 145
50 145
55 145
59 145
64 145
66 145
67 145
70 145
76 145
77 145
81 145
82 145
84 145
92 145
96 145
102 145
104 145
106 145
111 145
132 145
138 145
142 145
143 145
1 146
8 146
10 146
12 146
20 146
34 146
40 146
43 146
50 146
58 146
59 146
60 146
62 146
63 146
72 146
74 146
75 146
78 146
79 146
91 146
96 146
100 146
102 146
109 146
112 146
117 146
119 146
126 146
129 146
137 146
141 146
3 147
5 147
13 147
18 147
20 147
37 147
44 147
51 147
54 147
57 147
63 147
64 147
65 147
69 147
70 147
75 147
76 147
80 147
91 147
94 147
96 147
99 147
110 147
112 147
119 147
120 147
126 147
129 147
140 147
145 147
1 148
5 148
7 148
15 148
20 148
21 148
25 148
30 148
34 148
40 148
46 148
62 148
65 148
78 148
88 148
89 148
98 148
107 148
114 148
120 148
132 148
137 148
142 148
0 149
5 149
12 149
13 149
14 149
16 149
18 149
19 149
22 149
23 149
27 149
33 149
36 149
47 149
51 149
56 149
58 149
60 149
66 149
77 149
79 149
84 149
94 149
97 149
101 149
109 149
116 149
119 149
122 149
132 149
147 149
2 150
8 150
9 150
17 150
18 150
24 150
26 150
40 150
43 150
45 150
61 150
85 150
93 150
94 150
101 150
102 150
103 150
111 150
112 150
113 150
114 150
119 150
124 150
125 150
126 150
129 150
137 150
138 150
139 150
147 150
26 151
39 151
45 151
49 151
63 151
65 151
70 151
71 151
72 151
77 151
79 151
80 151
85 151
100 151
101 151
102 151
108 151
131 151
134 151
142 151
145 151
5 152
6 152
8 152
21 152
30 152
33 152
36 152
39 152
45 152
47 152
51 152
54 152
61 152
70 152
73 152
75 152
81 152
83 152
90 152
96 152
114 152
118 152
119 152
120 152
132 152
146 152
147 152
3 153
15 153
16 153
19 153
20 153
31 153
33 153
35 153
42 153
62 153
64 153
67 153
72 153
78 153
79 153
92 153
99 153
105 153
114 153
115 153
116 153
126 153
136 153
146 153
4 154
9 154
10 154
34 154
35 154
49 154
64 154
65 154
66 154
69 154
70 154
76 154
78 154
79 154
88 154
100 154
102 154
107 154
111 154
113 154
120 154
122 154
131 154
153 154
9 155
21 155
31 155
36 155
54 155
56 155
61 155
64 155
65 155
84 155
90 155
91 155
95 155
96 155
97 155
98 155
105 155
108 155
115 155
116 155
123 155
126 155
130 155
134 155
136 155
140 155
146 155
148 155
151 155
1 156
5 156
9 156
10 156
12 156
15 156
22 156
25 156
28 156
29 156
30 156
34 156
43 156
47 156
48 156
50 156
51 156
64 156
68 156
70 156
72 156
84 156
86 156
91 156
94 156
98 156
106 156
110 156
128 156
135 156
146 156
148 156
6 157
8 157
10 157
11 157
16 157
17 157
25 157
26 157
30 157
34 157
57 157
63 157
65 157
66 157
74 157
75 157
76 157
78 157
82 157
83 157
87 157
91 157
97 157
99 157
108 157
109 157
114 157
118 157
130 157
141 157
142 157
148 157
152 157
10 158
38 158
46 158
48 158
59 158
61 158
66 158
76 158
80 158
94 158
95 158
107 158
108 158
111 158
121 158
130 158
2 159
4 159
7 159
9 159
10 159
16 159
26 159
37 159
38 159
40 159
41 159
49 159
51 159
52 159
55 159
67 159
69 159
74 159
82 159
83 159
86 159
88 159
89 159
93 159
94 159
99 159
100 159
106 159
107 159
110 159
112 159
121 159
122 159
129 159
132 159
133 159
150 159
154 159
2 160
4 160
6 160
9 160
14 160
16 160
22 160
25 160
32 160
33 160
38 160
50 160
52 160
57 160
58 160
66 160
75 160
76 160
78 160
88 160
100 160
106 160
114 160
121 160
122 160
131 160
134 160
145 160
153 160
154 160
159 160
15 161
19 161
32 161
37 161
45 161
46 161
50 161
51 161
58 161
60 161
67 161
84 161
89 161
94 161
95 161
96 161
97 161
101 161
102 161
111 161
136 161
141 161
142 161
158 161
160 161
0 162
7 162
9 162
12 162
28 162
29 162
30 162
36 162
40 162
49 162
50 162
53 162
54 162
55 162
61 162
70 162
73 162
84 162
92 162
111 162
119 162
129 162
130 162
131 162
133 162
135 162
140 162
144 162
146 162
160 162
0 163
1 163
9 163
15 163
19 163
21 163
25 163
29 163
34 163
35 163
41 163
44 163
50 163
57 163
59 163
65 163
68 163
79 163
83 163
89 163
92 163
97 163
101 163
112 163
114 163
121 163
125 163
149 163
150 163
153 163
160 163
17 164
18 164
25 164
34 164
37 164
49 164
50 164
55 164
57 164
63 164
65 164
81 164
82 164
87 164
88 164
91 164
103 164
108 164
111 164
112 164
113 164
117 164
128 164
130 164
137 164
154 164
160 164
163 164
10 165
11 165
13 165
17 165
33 165
34 165
38 165
47 165
55 165
59 165
61 165
62 165
71 165
78 165
85 165
92 165
96 165
99 165
102 165
103 165
109 165
112 165
121 165
123 165
126 165
127 165
134 165
140 165
144 165
149 165
153 165
154 165
155 165
157 165
159 165
163 165
0 166
12 166
16 166
20 166
33 166
34 166
41 166
54 166
59 166
60 166
73 166
83 166
84 166
85 166
87 166
89 166
94 166
104 166
109 166
112 166
123 166
132 166
135 166
140 166
142 166
144 166
149 166
150 166
153 166
154 166
158 166
159 166
161 166
165 166
19 167
24 167
26 167
33 167
37 167
47 167
79 167
85 167
99 167
104 167
111 167
122 167
124 167
125 167
129 167
131 167
133 167
141 167
149 167
158 167
2 168
4 168
9 168
14 168
15 168
19 168
24 168
25 168
28 168
31 168
33 168
34 168
35 168
38 168
39 168
44 168
45 168
65 168
66 168
71 168
75 168
78 168
83 168
95 168
97 168
98 168
99 168
100 168
108 168
110 168
117 168
119 168
126 168
136 168
154 168
164 168
2 169
6 169
15 169
16 169
20 169
22 169
24 169
27 169
28 169
34 169
36 169
41 169
44 169
51 169
62 169
66 169
67 169
68 169
73 169
74 169
79 169
80 169
82 169
87 169
94 169
98 169
99 169
102 169
106 169
113 169
115 169
119 169
127 169
129 169
130 169
131 169
135 169
138 169
143 169
144 169
148 169
149 169
155 169
163 169
164 169
2 170
4 170
14 170
20 170
21 170
24 170
32 170
36 170
37 170
38 170
41 170
42 170
45 170
48 170
61 170
65 170
94 170
98 170
107 170
115 170
116 170
129 170
140 170
156 170
158 170
166 170
4 171
17 171
32 171
37 171
38 171
42 171
43 171
47 171
52 171
53 171
80 171
81 171
91 171
92 171
96 171
98 171
99 171
100 171
102 171
106 171
109 171
112 171
117 171
122 171
123 171
125 171
126 171
127 171
129 171
130 171
133 171
134 171
147 171
148 171
167 171
170 171
0 172
6 172
19 172
21 172
43 172
48 172
53 172
71 172
74 172
78 172
81 172
87 172
91 172
105 172
107 172
117 172
128 172
130 172
134 172
139 172
143 172
146 172
154 172
3 173
5 173
6 173
9 173
13 173
17 173
27 173
33 173
36 173
37 173
43 173
47 173
59 173
85 173
91 173
97 173
100 173
104 173
110 173
124 173
127 173
128 173
134 173
138 173
143 173
145 173
152 173
153 173
165 173
168 173
0 174
1 174
4 174
5 174
6 174
12 174
19 174
20 174
23 174
26 174
30 174
37 174
44 174
46 174
47 174
51 174
59 174
63 174
79 174
80 174
83 174
87 174
103 174
105 174
107 174
115 174
116 174
124 174
130 174
140 174
141 174
151 174
153 174
156 174
163 174
167 174
2 175
5 175
7 175
8 175
16 175
26 175
29 175
35 175
40 175
46 175
48 175
53 175
58 175
64 175
72 175
82 175
92 175
99 175
100 175
102 175
105 175
117 175
121 175
123 175
135 175
140 175
152 175
157 175
162 175
172 175
7 176
17 176
20 176
45 176
47 176
51 176
58 176
62 176
63 176
79 176
82 176
84 176
85 176
92 176
96 176
118 176
124 176
128 176
141 176
144 176
146 176
148 176
153 176
161 176
162 176
167 176
173 176
175 176
1 177
2 177
3 177
8 177
9 177
10 177
16 177
18 177
27 177
30 177
31 177
43 177
48 177
53 177
58 177
62 177
95 177
96 177
98 177
101 177
109 177
113 177
115 177
124 177
133 177
134 177
138 177
143 177
157 177
167 177
173 177
174 177
8 178
16 178
19 178
21 178
25 178
27 178
33 178
35 178
43 178
45 178
51 178
53 178
59 178
60 178
63 178
73 178
84 178
86 178
90 178
98 178
101 178
103 178
109 178
110 178
118 178
121 178
124 178
130 178
148 178
155 178
159 178
162 178
163 178
165 178
167 178
169 178
170 178
175 178
9 179
39 179
42 179
45 179
50 179
61 179
62 179
64 179
69 179
73 179
75 179
89 179
90 179
91 179
92 179
93 179
101 179
109 179
113 179
123 179
125 179
126 179
131 179
138 179
143 179
153 179
161 179
169 179
176 179
178 179
5 180
7 180
12 180
17 180
20 180
25 180
29 180
30 180
31 180
33 180
34 180
51 180
53 180
59 180
67 180
76 180
78 180
80 180
84 180
86 180
92 180
94 180
96 180
100 180
108 180
112 180
113 180
115 180
116 180
118 180
121 180
134 180
136 180
147 180
151 180
155 180
156 180
159 180
160 180
165 180
166 180
168 180
172 180
173 180
3 181
5 181
7 181
14 181
25 181
33 181
46 181
51 181
58 181
59 181
61 181
69 181
72 181
74 181
82 181
85 181
93 181
98 181
100 181
101 181
116 181
122 181
124 181
126 181
128 181
145 181
147 181
153 181
161 181
164 181
167 181
174 181
12 182
18 182
21 182
41 182
45 182
49 182
51 182
52 182
54 182
59 182
61 182
63 182
64 182
68 182
72 182
81 182
83 182
89 182
92 182
101 182
102 182
106 182
107 182
108 182
110 182
114 182
116 182
118 182
132 182
142 182
143 182
152 182
158 182
171 182
173 182
177 182
0 183
1 183
13 183
17 183
18 183
20 183
21 183
27 183
28 183
29 183
35 183
36 183
42 183
45 183
60 183
65 183
66 183
85 183
88 183
93 183
104 183
105 183
109 183
111 183
130 183
132 183
134 183
136 183
149 183
151 183
159 183
166 183
169 183
177 183
1 184
4 184
13 184
14 184
19 184
22 184
26 184
35 184
36 184
42 184
44 184
45 184
47 184
49 184
51 184
52 184
56 184
58 184
59 184
60 184
61 184
68 184
72 184
81 184
91 184
102 184
107 184
108 184
115 184
131 184
136 184
138 184
142 184
143 184
145 184
150 184
152 184
156 184
162 184
163 184
183 184
7 185
11 185
14 185
15 185
19 185
20 185
26 185
29 185
46 185
47 185
49 185
54 185
55 185
60 185
62 185
65 185
74 185
75 185
98 185
108 185
110 185
115 185
117 185
118 185
120 185
128 185
133 185
136 185
145 185
146 185
152 185
155 185
157 185
159 185
167 185
176 185
179 185
3 186
4 186
18 186
19 186
24 186
27 186
29 186
34 186
35 186
36 186
38 186
42 186
48 186
59 186
63 186
65 186
74 186
76 186
77 186
78 186
86 186
88 186
89 186
91 186
94 186
97 186
100 186
114 186
118 186
124 186
131 186
133 186
138 186
143 186
146 186
152 186
160 186
170 186
171 186
172 186
176 186
0 187
1 187
7 187
13 187
19 187
21 187
24 187
26 187
30 187
47 187
50 187
60 187
62 187
63 187
67 187
69 187
80 187
95 187
96 187
97 187
98 187
105 187
108 187
110 187
115 187
124 187
126 187
133 187
137 187
138 187
139 187
143 187
146 187
148 187
150 187
151 187
163 187
167 187
168 187
173 187
175 187
185 187
0 188
8 188
19 188
25 188
27 188
30 188
32 188
40 188
57 188
58 188
60 188
61 188
69 188
71 188
73 188
74 188
79 188
81 188
87 188
93 188
94 188
97 188
107 188
108 188
116 188
119 188
125 188
127 188
131 188
150 188
162 188
183 188
184 188
186 188
7 189
12 189
41 189
75 189
80 189
93 189
96 189
105 189
107 189
108 189
114 189
115 189
120 189
122 189
135 189
140 189
141 189
149 189
154 189
155 189
157 189
161 189
162 189
173 189
175 189
185 189
0 190
3 190
4 190
22 190
26 190
31 190
34 190
35 190
38 190
47 190
52 190
53 190
54 190
55 190
61 190
65 190
69 190
81 190
88 190
94 190
95 190
100 190
101 190
110 190
122 190
124 190
128 190
130 190
148 190
160 190
172 190
187 190
10 191
11 191
13 191
14 191
18 191
32 191
41 191
44 191
49 191
50 191
63 191
68 191
74 191
79 191
81 191
82 191
92 191
107 191
110 191
114 191
116 191
119 191
123 191
131 191
136 191
139 191
140 191
141 191
144 191
145 191
151 191
165 191
167 191
172 191
187 191
5 192
12 192
18 192
21 192
29 192
31 192
37 192
38 192
40 192
46 192
51 192
53 192
56 192
62 192
63 192
68 192
72 192
74 192
76 192
81 192
94 192
102 192
103 192
105 192
119 192
123 192
125 192
139 192
142 192
152 192
153 192
158 192
163 192
165 192
172 192
175 192
177 192
183 192
187 192
188 192
189 192
4 193
12 193
29 193
35 193
38 193
48 193
50 193
56 193
58 193
61 193
63 193
72 193
74 193
77 193
81 193
83 193
86 193
87 193
92 193
94 193
103 193
106 193
110 193
111 193
112 193
115 193
121 193
122 193
125 193
135 193
137 193
142 193
148 193
152 193
155 193
162 193
170 193
171 193
178 193
184 193
188 193
190 193
0 194
1 194
2 194
4 194
14 194
17 194
18 194
23 194
25 194
36 194
38 194
41 194
60 194
63 194
67 194
72 194
87 194
93 194
95 194
98 194
99 194
104 194
108 194
110 194
118 194
120 194
124 194
128 194
132 194
134 194
135 194
142 194
143 194
146 194
151 194
162 194
171 194
172 194
173 194
180 194
183 194
186 194
188 194
191 194
0 195
1 195
6 195
7 195
21 195
29 195
30 195
35 195
40 195
45 195
46 195
50 195
51 195
57 195
65 195
66 195
69 195
76 195
88 195
105 195
106 195
113 195
125 195
126 195
138 195
140 195
156 195
160 195
163 195
165 195
166 195
169 195
170 195
171 195
191 195
7 196
9 196
14 196
30 196
32 196
36 196
46 196
65 196
70 196
79 196
83 196
86 196
88 196
91 196
101 196
103 196
106 196
107 196
108 196
110 196
116 196
120 196
134 196
140 196
143 196
147 196
167 196
169 196
172 196
173 196
179 196
186 196
189 196
7 197
14 197
17 197
21 197
30 197
38 197
48 197
52 197
55 197
58 197
65 197
66 197
75 197
76 197
81 197
88 197
103 197
106 197
108 197
110 197
111 197
115 197
125 197
130 197
138 197
143 197
154 197
157 197
158 197
161 197
166 197
168 197
169 197
170 197
172 197
179 197
185 197
186 197
187 197
192 197
193 197
1 198
6 198
13 198
28 198
32 198
33 198
34 198
35 198
38 198
39 198
41 198
42 198
43 198
57 198
58 198
60 198
63 198
73 198
77 198
81 198
85 198
89 198
92 198
96 198
103 198
105 198
106 198
110 198
116 198
119 198
123 198
124 198
127 198
129 198
138 198
139 198
142 198
156 198
159 198
162 198
163 198
165 198
194 198
196 198
1 199
7 199
24 199
28 199
29 199
37 199
43 199
50 199
56 199
60 199
72 199
73 199
85 199
88 199
100 199
102 199
103 199
112 199
114 199
119 199
127 199
130 199
140 199
141 199
159 199
170 199
175 199
179 199
195 199
0 200
1 200
15 200
17 200
22 200
25 200
31 200
33 200
34 200
35 200
41 200
42 200
48 200
49 200
65 200
73 200
75 200
76 200
77 200
78 200
79 200
80 200
81 200
84 200
94 200
97 200
99 200
103 200
105 200
107 200
108 200
117 200
125 200
136 200
148 200
151 200
157 200
167 200
170 200
178 200
187 200
192 200
193 200
195 200
199 200
2 201
3 201
15 201
17 201
21 201
22 201
23 201
24 201
27 201
30 201
34 201
35 201
37 201
49 201
51 201
60 201
61 201
70 201
80 201
81 201
89 201
92 201
93 201
97 201
110 201
117 201
135 201
136 201
139 201
146 201
149 201
152 201
169 201
176 201
177 201
180 201
185 201
188 201
191 201
0 202
1 202
3 202
6 202
9 202
12 202
18 202
34 202
39 202
45 202
59 202
61 202
62 202
64 202
71 202
76 202
91 202
93 202
101 202
104 202
109 202
116 202
124 202
126 202
131 202
134 202
145 202
149 202
155 202
156 202
162 202
176 202
180 202
183 202
195 202
1 203
6 203
10 203
15 203
20 203
30 203
33 203
35 203
42 203
43 203
44 203
49 203
50 203
57 203
59 203
61 203
63 203
64 203
65 203
66 203
69 203
74 203
79 203
80 203
84 203
97 203
98 203
109 203
116 203
119 203
127 203
128 203
129 203
134 203
143 203
147 203
155 203
158 203
168 203
174 203
176 203
177 203
179 203
189 203
193 203
198 203
6 204
19 204
47 204
49 204
62 204
69 204
77 204
80 204
95 204
97 204
100 204
106 204
117 204
123 204
131 204
145 204
147 204
150 204
157 204
158 204
159 204
160 204
174 204
178 204
181 204
189 204
191 204
193 204
194 204
195 204
198 204
5 205
7 205
8 205
14 205
15 205
21 205
24 205
26 205
30 205
31 205
32 205
42 205
45 205
47 205
49 205
54 205
60 205
68 205
77 205
84 205
93 205
94 205
108 205
110 205
113 205
126 205
127 205
129 205
134 205
138 205
140 205
149 205
158 205
160 205
167 205
169 205
170 205
171 205
177 205
193 205
194 205
197 205
5 206
19 206
35 206
37 206
40 206
51 206
62 206
65 206
67 206
79 206
80 206
86 206
90 206
91 206
101 206
109 206
111 206
115 206
125 206
132 206
135 206
147 206
154 206
156 206
174 206
177 206
178 206
181 206
183 206
202 206
15 207
25 207
27 207
29 207
30 207
33 207
36 207
37 207
38 207
39 207
41 207
46 207
51 207
54 207
60 207
66 207
67 207
69 207
70 207
72 207
80 207
82 207
85 207
86 207
90 207
94 207
98 207
99 207
110 207
116 207
117 207
120 207
137 207
138 207
141 207
145 207
148 207
153 207
155 207
157 207
163 207
164 207
165 207
180 207
183 207
187 207
189 207
200 207
201 207
205 207
4 208
6 208
17 208
21 208
23 208
27 208
29 208
31 208
33 208
36 208
44 208
45 208
47 208
52 208
61 208
65 208
67 208
68 208
69 208
72 208
77 208
80 208
87 208
90 208
92 208
98 208
104 208
121 208
128 208
130 208
135 208
137 208
139 208
147 208
158 208
160 208
162 208
164 208
165 208
174 208
190 208
196 208
198 208
202 208
7 209
12 209
14 209
23 209
26 209
28 209
43 209
47 209
56 209
65 209
68 209
74 209
77 209
87 209
93 209
94 209
97 209
100 209
104 209
105 209
132 209
134 209
140 209
147 209
151 209
153 209
157 209
160 209
166 209
167 209
168 209
172 209
174 209
190 209
194 209
201 209
4 210
13 210
18 210
23 210
24 210
30 210
34 210
36 210
37 210
41 210
42 210
50 210
57 210
58 210
60 210
61 210
65 210
75 210
85 210
98 210
101 210
124 210
125 210
130 210
131 210
134 210
147 210
151 210
154 210
155 210
168 210
170 210
184 210
194 210
197 210
202 210
207 210
6 211
8 211
9 211
11 211
19 211
21 211
24 211
27 211
36 211
50 211
51 211
53 211
57 211
66 211
74 211
86 211
92 211
95 211
96 211
99 211
100 211
104 211
106 211
107 211
110 211
111 211
113 211
118 211
125 211
130 211
132 211
142 211
147 211
150 211
170 211
176 211
191 211
202 211
209 211
11 212
17 212
19 212
24 212
25 212
35 212
49 212
52 212
59 212
61 212
67 212
76 212
80 212
83 212
88 212
94 212
100 212
104 212
105 212
115 212
117 212
120 212
121 212
124 212
132 212
133 212
135 212
152 212
153 212
159 212
167 212
174 212
181 212
182 212
184 212
208 212
3 213
5 213
16 213
27 213
34 213
37 213
47 213
54 213
55 213
58 213
60 213
68 213
70 213
73 213
74 213
77 213
78 213
85 213
88 213
90 213
98 213
106 213
108 213
116 213
118 213
119 213
122 213
130 213
132 213
133 213
138 213
145 213
149 213
157 213
160 213
161 213
165 213
168 213
170 213
181 213
184 213
185 213
186 213
189 213
191 213
194 213
195 213
203 213
212 213
4 214
6 214
8 214
9 214
14 214
15 214
19 214
45 214
53 214
54 214
57 214
58 214
69 214
75 214
76 214
82 214
86 214
88 214
98 214
99 214
101 214
105 214
106 214
113 214
121 214
122 214
130 214
136 214
139 214
155 214
158 214
168 214
171 214
190 214
191 214
192 214
197 214
210 214
3 215
4 215
6 215
7 215
8 215
10 215
13 215
14 215
15 215
16 215
20 215
21 215
24 215
25 215
26 215
31 215
38 215
50 215
61 215
64 215
74 215
79 215
82 215
87 215
103 215
107 215
111 215
112 215
125 215
127 215
141 215
146 215
147 215
149 215
151 215
153 215
154 215
159 215
160 215
165 215
168 215
181 215
185 215
189 215
194 215
195 215
204 215
211 215
1 216
2 216
6 216
7 216
14 216
20 216
24 216
25 216
26 216
28 216
34 216
38 216
40 216
43 216
44 216
51 216
57 216
58 216
65 216
67 216
68 216
72 216
78 216
92 216
96 216
97 216
101 216
104 216
114 216
115 216
120 216
138 216
141 216
155 216
161 216
172 216
173 216
174 216
183 216
185 216
189 216
196 216
208 216
2 217
5 217
11 217
26 217
30 217
32 217
38 217
45 217
46 217
58 217
59 217
67 217
71 217
73 217
80 217
82 217
83 217
85 217
96 217
97 217
100 217
116 217
119 217
126 217
127 217
128 217
129 217
133 217
138 217
140 217
144 217
145 217
146 217
148 217
158 217
159 217
160 217
164 217
165 217
170 217
171 217
176 217
191 217
197 217
200 217
211 217
215 217
216 217
0 218
2 218
32 218
34 218
37 218
54 218
55 218
57 218
59 218
68 218
78 218
89 218
96 218
104 218
107 218
110 218
111 218
122 218
123 218
127 218
128 218
133 218
137 218
143 218
144 218
146 218
148 218
150 218
153 218
156 218
160 218
162 218
168 218
176 218
180 218
181 218
188 218
192 218
195 218
196 218
197 218
198 218
200 218
203 218
209 218
215 218
216 218
4 219
14 219
24 219
32 219
37 219
39 219
50 219
61 219
68 219
70 219
88 219
90 219
95 219
96 219
98 219
101 219
105 219
116 219
119 219
131 219
133 219
134 219
149 219
150 219
151 219
157 219
158 219
159 219
168 219
184 219
185 219
192 219
194 219
197 219
203 219
205 219
208 219
7 220
10 220
13 220
30 220
41 220
45 220
52 220
58 220
63 220
66 220
68 220
69 220
73 220
77 220
92 220
93 220
96 220
97 220
98 220
103 220
104 220
112 220
114 220
116 220
129 220
130 220
151 220
154 220
156 220
162 220
163 220
171 220
176 220
179 220
185 220
191 220
193 220
211 220
214 220
8 221
10 221
13 221
28 221
30 221
31 221
39 221
48 221
53 221
54 221
58 221
68 221
80 221
84 221
85 221
86 221
88 221
102 221
107 221
108 221
128 221
129 221
145 221
146 221
154 221
159 221
161 221
162 221
167 221
169 221
176 221
178 221
181 221
187 221
192 221
193 221
206 221
212 221
218 221
219 221
0 222
2 222
4 222
6 222
13 222
15 222
25 222
29 222
36 222
40 222
43 222
45 222
49 222
51 222
53 222
55 222
70 222
82 222
83 222
95 222
96 222
101 222
102 222
106 222
110 222
114 222
122 222
130 222
133 222
135 222
140 222
142 222
148 222
150 222
157 222
163 222
175 222
178 222
182 222
185 222
187 222
190 222
192 222
193 222
194 222
195 222
201 222
210 222
215 222
216 222
218 222
221 222
5 223
9 223
17 223
21 223
28 223
29 223
32 223
33 223
39 223
40 223
44 223
45 223
49 223
52 223
56 223
57 223
65 223
66 223
78 223
89 223
90 223
91 223
102 223
104 223
109 223
118 223
119 223
120 223
123 223
125 223
135 223
136 223
138 223
139 223
148 223
150 223
160 223
175 223
176 223
180 223
185 223
200 223
206 223
209 223
211 223
220 223
221 223
6 224
25 224
30 224
35 224
36 224
44 224
51 224
53 224
58 224
65 224
68 224
85 224
86 224
89 224
93 224
98 224
103 224
104 224
116 224
119 224
120 224
124 224
127 224
128 224
131 224
134 224
138 224
139 224
143 224
146 224
149 224
152 224
153 224
154 224
159 224
162 224
164 224
165 224
173 224
189 224
194 224
201 224
211 224
213 224
216 224
220 224
4 225
5 225
13 225
18 225
19 225
21 225
26 225
28 225
33 225
40 225
42 225
57 225
66 225
69 225
78 225
84 225
91 225
93 225
94 225
99 225
103 225
116 225
128 225
133 225
135 225
140 225
141 225
144 225
145 225
151 225
152 225
157 225
158 225
159 225
161 225
170 225
172 225
175 225
180 225
195 225
199 225
204 225
211 225
212 225
213 225
3 226
6 226
8 226
9 226
10 226
13 226
14 226
18 226
41 226
53 226
54 226
57 226
58 226
62 226
63 226
65 226
71 226
97 226
100 226
105 226
108 226
113 226
116 226
121 226
126 226
131 226
135 226
136 226
153 226
154 226
158 226
161 226
162 226
171 226
172 226
177 226
182 226
183 226
184 226
195 226
197 226
206 226
207 226
209 226
212 226
216 226
222 226
224 226
1 227
2 227
3 227
5 227
10 227
22 227
26 227
32 227
33 227
41 227
42 227
46 227
67 227
70 227
90 227
92 227
99 227
108 227
113 227
115 227
116 227
130 227
138 227
142 227
148 227
154 227
159 227
168 227
171 227
172 227
173 227
182 227
183 227
200 227
213 227
223 227
226 227
6 228
33 228
36 228
47 228
50 228
57 228
58 228
60 228
73 228
75 228
82 228
83 228
85 228
88 228
92 228
94 228
102 228
114 228
127 228
131 228
132 228
139 228
143 228
146 228
148 228
158 228
160 228
165 228
172 228
174 228
180 228
186 228
189 228
190 228
192 228
195 228
198 228
201 228
207 228
211 228
214 228
227 228
0 229
4 229
11 229
15 229
22 229
25 229
28 229
33 229
44 229
45 229
48 229
56 229
60 229
63 229
64 229
68 229
82 229
83 229
85 229
88 229
91 229
97 229
98 229
99 229
105 229
111 229
113 229
145 229
151 229
157 229
164 229
167 229
173 229
175 229
185 229
186 229
192 229
193 229
206 229
210 229
219 229
223 229
224 229
0 230
2 230
4 230
13 230
19 230
21 230
23 230
24 230
32 230
40 230
48 230
55 230
75 230
76 230
84 230
86 230
87 230
91 230
107 230
110 230
123 230
124 230
125 230
143 230
144 230
149 230
152 230
155 230
161 230
168 230
169 230
175 230
181 230
203 230
206 230
221 230
229 230
3 231
4 231
11 231
16 231
17 231
22 231
25 231
27 231
33 231
35 231
40 231
41 231
46 231
47 231
57 231
65 231
66 231
67 231
79 231
81 231
82 231
85 231
87 231
88 231
100 231
104 231
111 231
121 231
122 231
124 231
125 231
127 231
132 231
140 231
143 231
150 231
155 231
165 231
176 231
184 231
185 231
187 231
193 231
220 231
228 231
2 232
3 232
8 232
10 232
17 232
20 232
22 232
24 232
25 232
27 232
43 232
55 232
56 232
57 232
58 232
60 232
62 232
69 232
70 232
79 232
88 232
90 232
92 232
99 232
108 232
112 232
117 232
120 232
123 232
128 232
140 232
145 232
157 232
160 232
161 232
166 232
168 232
170 232
182 232
192 232
202 232
211 232
212 232
224 232
11 233
13 233
17 233
24 233
25 233
30 233
34 233
37 233
38 233
39 233
44 233
51 233
56 233
65 233
80 233
81 233
82 233
94 233
95 233
103 233
109 233
111 233
115 233
128 233
139 233
140 233
147 233
157 233
159 233
160 233
178 233
181 233
186 233
187 233
189 233
197 233
202 233
207 233
211 233
213 233
215 233
218 233
219 233
221 233
226 233
229 233
4 234
7 234
9 234
17 234
31 234
50 234
60 234
65 234
67 234
68 234
75 234
83 234
85 234
87 234
98 234
99 234
110 234
126 234
129 234
133 234
144 234
151 234
158 234
159 234
161 234
165 234
167 234
168 234
176 234
177 234
181 234
188 234
201 234
213 234
216 234
226 234
227 234
229 234
230 234
232 234
1 235
2 235
9 235
11 235
12 235
13 235
24 235
34 235
41 235
42 235
45 235
46 235
48 235
63 235
65 235
73 235
74 235
80 235
84 235
90 235
95 235
105 235
106 235
107 235
113 235
114 235
118 235
119 235
126 235
131 235
143 235
144 235
151 235
155 235
157 235
174 235
176 235
178 235
181 235
183 235
184 235
185 235
186 235
187 235
204 235
216 235
227 235
233 235
12 236
15 236
17 236
20 236
26 236
33 236
38 236
44 236
47 236
56 236
57 236
58 236
77 236
84 236
98 236
100 236
112 236
120 236
121 236
134 236
153 236
154 236
156 236
158 236
167 236
172 236
174 236
180 236
186 236
195 236
197 236
200 236
201 236
202 236
205 236
208 236
211 236
217 236
218 236
219 236
233 236
4 237
5 237
9 237
17 237
18 237
19 237
29 237
35 237
38 237
40 237
68 237
69 237
85 237
89 237
105 237
113 237
115 237
123 237
125 237
127 237
131 237
133 237
134 237
135 237
136 237
137 237
156 237
172 237
177 237
188 237
189 237
190 237
207 237
208 237
209 237
220 237
221 237
1 238
3 238
8 238
13 238
19 238
22 238
24 238
25 238
26 238
27 238
28 238
37 238
48 238
50 238
54 238
57 238
62 238
67 238
69 238
74 238
76 238
89 238
102 238
105 238
108 238
113 238
114 238
118 238
129 238
139 238
141 238
142 238
143 238
148 238
150 238
152 238
154 238
160 238
161 238
165 238
173 238
174 238
176 238
181 238
185 238
207 238
210 238
214 238
216 238
217 238
221 238
225 238
233 238
1 239
4 239
5 239
7 239
10 239
12 239
14 239
18 239
30 239
34 239
38 239
44 239
46 239
52 239
59 239
76 239
84 239
87 239
94 239
106 239
108 239
109 239
116 239
135 239
141 239
144 239
146 239
147 239
150 239
152 239
154 239
163 239
164 239
169 239
184 239
187 239
188 239
192 239
197 239
202 239
210 239
215 239
223 239
232 239
0 240
8 240
11 240
12 240
13 240
20 240
23 240
28 240
29 240
32 240
35 240
36 240
38 240
42 240
43 240
50 240
57 240
65 240
66 240
76 240
84 240
85 240
90 240
105 240
112 240
113 240
118 240
122 240
130 240
133 240
144 240
147 240
148 240
156 240
157 240
159 240
174 240
176 240
181 240
206 240
207 240
217 240
226 240
229 240
233 240
236 240
239 240
1 241
2 241
24 241
27 241
30 241
37 241
42 241
46 241
47 241
55 241
70 241
72 241
75 241
80 241
84 241
85 241
86 241
94 241
99 241
101 241
102 241
104 241
116 241
118 241
120 241
124 241
127 241
129 241
133 241
135 241
139 241
144 241
146 241
149 241
151 241
153 241
155 241
158 241
160 241
164 241
171 241
180 241
187 241
188 241
194 241
196 241
199 241
202 241
207 241
209 241
211 241
212 241
213 241
215 241
217 241
223 241
225 241
235 241
238 241
240 241
4 242
8 242
10 242
15 242
16 242
19 242
38 242
42 242
53 242
54 242
61 242
73 242
74 242
78 242
83 242
88 242
91 242
107 242
112 242
113 242
119 242
137 242
141 242
144 242
146 242
147 242
159 242
160 242
167 242
182 242
183 242
191 242
193 242
196 242
199 242
211 242
218 242
221 242
226 242
227 242
228 242
236 242
3 243
7 243
10 243
13 243
14 243
19 243
22 243
23 243
30 243
33 243
34 243
38 243
39 243
40 243
44 243
53 243
56 243
70 243
73 243
78 243
84 243
85 243
89 243
92 243
94 243
98 243
100 243
104 243
108 243
112 243
115 243
125 243
126 243
130 243
134 243
136 243
140 243
149 243
150 243
156 243
162 243
164 243
165 243
170 243
175 243
179 243
185 243
192 243
195 243
196 243
198 243
199 243
203 243
206 243
207 243
209 243
215 243
220 243
225 243
233 243
242 243
1 244
7 244
8 244
10 244
12 244
23 244
27 244
28 244
33 244
35 244
40 244
46 244
52 244
55 244
61 244
62 244
66 244
67 244
75 244
76 244
86 244
87 244
92 244
114 244
122 244
126 244
128 244
129 244
132 244
135 244
136 244
142 244
155 244
159 244
168 244
169 244
171 244
173 244
178 244
184 244
187 244
188 244
190 244
196 244
197 244
202 244
208 244
216 244
225 244
227 244
229 244
230 244
234 244
238 244
243 244
0 245
1 245
2 245
4 245
28 245
30 245
31 245
33 245
37 245
43 245
45 245
51 245
57 245
58 245
71 245
83 245
86 245
88 245
93 245
99 245
106 245
107 245
112 245
114 245
117 245
118 245
119 245
120 245
121 245
123 245
137 245
139 245
153 245
155 245
162 245
163 245
167 245
177 245
183 245
185 245
201 245
203 245
213 245
215 245
223 245
230 245
236 245
8 246
25 246
29 246
36 246
38 246
42 246
43 246
44 246
45 246
50 246
53 246
54 246
72 246
76 246
83 246
86 246
88 246
108 246
116 246
117 246
120 246
128 246
131 246
132 246
134 246
141 246
143 246
149 246
151 246
157 246
167 246
170 246
172 246
175 246
180 246
183 246
186 246
198 246
201 246
213 246
224 246
236 246
1 247
2 247
3 247
4 247
21 247
29 247
32 247
33 247
44 247
47 247
48 247
52 247
54 247
55 247
82 247
100 247
112 247
113 247
116 247
118 247
123 247
130 247
132 247
134 247
136 247
139 247
144 247
150 247
151 247
156 247
157 247
163 247
164 247
168 247
172 247
173 247
177 247
178 247
179 247
181 247
183 247
185 247
192 247
193 247
203 247
205 247
207 247
208 247
210 247
214 247
224 247
230 247
236 247
238 247
242 247
244 247
245 247
18 248
20 248
23 248
37 248
43 248
51 248
53 248
54 248
56 248
59 248
61 248
65 248
71 248
72 248
76 248
86 248
90 248
92 248
94 248
96 248
102 248
104 248
108 248
111 248
113 248
125 248
127 248
132 248
139 248
143 248
144 248
148 248
157 248
167 248
178 248
186 248
190 248
194 248
195 248
201 248
203 248
207 248
208 248
222 248
226 248
227 248
228 248
230 248
235 248
238 248
241 248
244 248
4 249
5 249
14 249
19 249
26 249
35 249
36 249
39 249
43 249
49 249
54 249
56 249
57 249
66 249
80 249
87 249
92 249
94 249
96 249
98 249
101 249
104 249
105 249
114 249
121 249
125 249
136 249
137 249
139 249
142 249
143 249
149 249
151 249
153 249
163 249
164 249
166 249
167 249
172 249
178 249
179 249
185 249
189 249
192 249
200 249
204 249
206 249
211 249
215 249
216 249
220 249
224 249
227 249
228 249
229 249
234 249
235 249
236 249
239 249
248 249
8 250
15 250
19 250
22 250
25 250
26 250
28 250
33 250
34 250
37 250
39 250
45 250
47 250
49 250
51 250
60 250
64 250
76 250
78 250
80 250
83 250
84 250
97 250
100 250
101 250
102 250
111 250
115 250
120 250
126 250
131 250
132 250
140 250
145 250
165 250
168 250
170 250
171 250
177 250
193 250
195 250
197 250
198 250
207 250
208 250
214 250
220 250
225 250
226 250
232 250
245 250
2 251
15 251
26 251
31 251
32 251
38 251
45 251
50 251
54 251
60 251
65 251
66 251
77 251
78 251
80 251
83 251
85 251
89 251
94 251
96 251
98 251
99 251
100 251
101 251
105 251
113 251
114 251
117 251
121 251
126 251
128 251
136 251
139 251
150 251
156 251
157 251
159 251
161 251
165 251
188 251
193 251
198 251
199 251
202 251
212 251
231 251
241 251
242 251
244 251
248 251
0 252
12 252
23 252
25 252
30 252
32 252
38 252
40 252
46 252
54 252
60 252
66 252
67 252
68 252
74 252
79 252
81 252
84 252
85 252
86 252
89 252
90 252
100 252
101 252
111 252
112 252
115 252
117 252
121 252
122 252
133 252
137 252
142 252
145 252
147 252
148 252
149 252
154 252
156 252
160 252
165 252
168 252
170 252
173 252
175 252
182 252
184 252
188 252
193 252
195 252
196 252
207 252
213 252
222 252
226 252
228 252
229 252
230 252
248 252
1 253
3 253
9 253
25 253
26 253
32 253
34 253
35 253
41 253
43 253
70 253
79 253
80 253
81 253
82 253
83 253
86 253
87 253
91 253
102 253
104 253
108 253
118 253
122 253
135 253
137 253
140 253
143 253
146 253
158 253
160 253
165 253
168 253
170 253
174 253
178 253
182 253
187 253
191 253
192 253
203 253
211 253
220 253
221 253
228 253
233 253
241 253
243 253
244 253
248 253
249 253
252 253
1 254
8 254
11 254
19 254
20 254
24 254
27 254
33 254
34 254
42 254
47 254
55 254
65 254
78 254
82 254
84 254
109 254
114 254
126 254
131 254
136 254
141 254
142 254
145 254
154 254
162 254
167 254
168 254
176 254
180 254
187 254
195 254
198 254
201 254
203 254
210 254
215 254
221 254
223 254
226 254
227 254
231 254
232 254
236 254
240 254
248 254
2 255
9 255
13 255
16 255
21 255
24 255
31 255
38 255
39 255
41 255
46 255
60 255
67 255
79 255
90 255
104 255
120 255
124 255
126 255
131 255
133 255
136 255
137 255
139 255
143 255
145 255
153 255
154 255
160 255
162 255
165 255
171 255
172 255
178 255
179 255
183 255
197 255
211 255
212 255
214 255
222 255
233 255
235 255
239 255
241 255
247 255
248 255
249 255
251 255
254 255
15 256
18 256
19 256
40 256
44 256
48 256
49 256
56 256
59 256
61 256
65 256
73 256
84 256
86 256
93 256
106 256
114 256
123 256
135 256
137 256
147 256
149 256
152 256
156 256
159 256
161 256
162 256
163 256
169 256
173 256
179 256
180 256
181 256
190 256
191 256
195 256
198 256
203 256
210 256
225 256
234 256
236 256
243 256
247 256
253 256
254 256
255 256
0 257
15 257
18 257
22 257
26 257
29 257
36 257
44 257
45 257
49 257
50 257
51 257
53 257
56 257
61 257
62 257
65 257
72 257
74 257
80 257
86 257
87 257
98 257
104 257
105 257
106 257
111 257
113 257
115 257
117 257
118 257
119 257
122 257
123 257
134 257
144 257
145 257
147 257
149 257
151 257
152 257
163 257
164 257
167 257
169 257
170 257
178 257
186 257
208 257
209 257
212 257
222 257
225 257
228 257
235 257
239 257
246 257
248 257
252 257
254 257
20 258
22 258
30 258
35 258
42 258
45 258
48 258
54 258
55 258
59 258
61 258
62 258
65 258
66 258
67 258
70 258
74 258
75 258
82 258
83 258
84 258
87 258
90 258
91 258
92 258
93 258
100 258
103 258
106 258
112 258
114 258
117 258
121 258
125 258
149 258
153 258
154 258
155 258
163 258
164 258
165 258
167 258
173 258
175 258
176 258
177 258
178 258
179 258
193 258
205 258
212 258
217 258
221 258
227 258
233 258
237 258
255 258
0 259
1 259
7 259
14 259
18 259
21 259
24 259
27 259
32 259
35 259
38 259
39 259
42 259
44 259
45 259
50 259
52 259
54 259
59 259
62 259
72 259
77 259
80 259
83 259
84 259
91 259
99 259
107 259
108 259
113 259
116 259
118 259
123 259
126 259
129 259
136 259
139 259
142 259
146 259
152 259
155 259
158 259
171 259
182 259
187 259
196 259
202 259
204 259
212 259
215 259
216 259
221 259
235 259
243 259
245 259
246 259
248 259
254 259
255 259
258 259
3 260
11 260
14 260
16 260
21 260
22 260
33 260
34 260
44 260
46 260
70 260
73 260
75 260
76 260
83 260
87 260
95 260
99 260
107 260
108 260
110 260
115 260
116 260
121 260
125 260
127 260
136 260
143 260
147 260
149 260
161 260
168 260
169 260
171 260
181 260
187 260
188 260
189 260
191 260
203 260
208 260
210 260
219 260
220 260
235 260
236 260
239 260
243 260
244 260
246 260
251 260
254 260
255 260
5 261
6 261
12 261
24 261
31 261
38 261
39 261
50 261
52 261
53 261
55 261
59 261
64 261
67 261
75 261
81 261
86 261
91 261
92 261
104 261
112 261
113 261
115 261
129 261
131 261
132 261
136 261
139 261
142 261
143 261
145 261
153 261
160 261
162 261
163 261
164 261
171 261
174 261
176 261
181 261
199 261
227 261
229 261
244 261
250 261
252 261
254 261
255 261
10 262
11 262
19 262
25 262
30 262
32 262
33 262
35 262
44 262
49 262
52 262
57 262
63 262
66 262
77 262
81 262
94 262
99 262
103 262
106 262
123 262
125 262
134 262
138 262
149 262
150 262
151 262
157 262
161 262
176 262
185 262
186 262
188 262
193 262
199 262
201 262
208 262
209 262
217 262
221 262
223 262
225 262
227 262
228 262
235 262
250 262
253 262
256 262
257 262
258 262
260 262
1 263
9 263
13 263
15 263
16 263
20 263
27 263
28 263
40 263
41 263
48 263
53 263
54 263
59 263
69 263
77 263
79 263
83 263
85 263
88 263
89 263
93 263
103 263
104 263
114 263
116 263
119 263
131 263
137 263
139 263
147 263
148 263
150 263
155 263
162 263
166 263
172 263
176 263
181 263
186 263
188 263
192 263
194 263
199 263
204 263
209 263
210 263
215 263
219 263
222 263
223 263
229 263
231 263
237 263
239 263
247 263
248 263
258 263
259 263
262 263
5 264
6 264
12 264
19 264
28 264
32 264
43 264
47 264
60 264
66 264
68 264
76 264
82 264
86 264
99 264
101 264
104 264
107 264
132 264
133 264
147 264
152 264
170 264
172 264
191 264
202 264
210 264
211 264
233 264
238 264
240 264
241 264
242 264
246 264
252 264
254 264
255 264
261 264
5 265
7 265
9 265
21 265
28 265
36 265
41 265
42 265
45 265
48 265
52 265
53 265
56 265
59 265
63 265
65 265
72 265
81 265
90 265
92 265
93 265
95 265
97 265
101 265
103 265
115 265
121 265
125 265
133 265
147 265
148 265
151 265
155 265
160 265
165 265
166 265
174 265
175 265
200 265
201 265
204 265
207 265
208 265
221 265
222 265
231 265
237 265
238 265
243 265
249 265
251 265
252 265
263 265
9 266
12 266
22 266
45 266
55 266
57 266
63 266
71 266
79 266
81 266
82 266
83 266
89 266
90 266
93 266
98 266
104 266
107 266
111 266
123 266
130 266
136 266
138 266
141 266
143 266
162 266
163 266
164 266
185 266
196 266
200 266
209 266
232 266
240 266
243 266
244 266
245 266
247 266
255 266
260 266
261 266
265 266
2 267
8 267
9 267
12 267
19 267
25 267
43 267
44 267
56 267
59 267
61 267
74 267
77 267
82 267
89 267
92 267
93 267
97 267
101 267
104 267
106 267
112 267
120 267
130 267
135 267
137 267
145 267
163 267
164 267
167 267
175 267
178 267
181 267
187 267
192 267
193 267
197 267
201 267
206 267
211 267
212 267
221 267
224 267
233 267
243 267
247 267
250 267
252 267
257 267
264 267
4 268
13 268
16 268
17 268
21 268
26 268
28 268
31 268
37 268
49 268
50 268
60 268
61 268
62 268
63 268
65 268
69 268
77 268
81 268
82 268
88 268
90 268
91 268
97 268
104 268
113 268
119 268
121 268
125 268
129 268
134 268
136 268
139 268
147 268
149 268
156 268
166 268
169 268
171 268
173 268
180 268
181 268
182 268
186 268
190 268
192 268
204 268
207 268
209 268
210 268
221 268
238 268
240 268
241 268
245 268
246 268
264 268
1 269
4 269
5 269
10 269
17 269
22 269
31 269
32 269
36 269
41 269
53 269
54 269
55 269
78 269
83 269
91 269
94 269
96 269
101 269
103 269
104 269
113 269
116 269
122 269
124 269
136 269
138 269
139 269
142 269
144 269
155 269
156 269
157 269
163 269
170 269
172 269
177 269
178 269
195 269
207 269
215 269
220 269
221 269
228 269
243 269
246 269
247 269
254 269
256 269
261 269
265 269
267 269
268 269
1 270
9 270
14 270
20 270
22 270
26 270
31 270
33 270
35 270
44 270
49 270
58 270
60 270
62 270
79 270
95 270
96 270
98 270
104 270
106 270
123 270
130 270
133 270
138 270
140 270
143 270
146 270
147 270
163 270
164 270
172 270
176 270
177 270
183 270
186 270
187 270
188 270
195 270
197 270
208 270
217 270
226 270
230 270
238 270
242 270
246 270
248 270
255 270
259 270
260 270
263 270
264 270
269 270
1 271
5 271
6 271
9 271
12 271
18 271
28 271
30 271
52 271
54 271
56 271
61 271
70 271
74 271
75 271
84 271
86 271
88 271
89 271
99 271
103 271
108 271
113 271
114 271
115 271
122 271
124 271
129 271
137 271
141 271
149 271
152 271
157 271
161 271
162 271
165 271
177 271
184 271
189 271
190 271
192 271
195 271
206 271
207 271
213 271
215 271
218 271
220 271
226 271
231 271
235 271
238 271
239 271
250 271
259 271
262 271
264 271
265 271
14 272
15 272
16 272
17 272
20 272
22 272
28 272
30 272
33 272
35 272
41 272
44 272
49 272
65 272
68 272
74 272
75 272
81 272
100 272
105 272
111 272
114 272
115 272
121 272
122 272
125 272
165 272
176 272
182 272
187 272
192 272
195 272
197 272
200 272
209 272
210 272
211 272
212 272
227 272
230 272
231 272
234 272
237 272
241 272
245 272
249 272
250 272
252 272
262 272
266 272
3 273
4 273
7 273
22 273
23 273
29 273
30 273
31 273
32 273
37 273
50 273
63 273
70 273
77 273
84 273
87 273
90 273
91 273
99 273
106 273
110 273
112 273
115 273
119 273
121 273
137 273
140 273
141 273
167 273
168 273
179 273
180 273
199 273
207 273
212 273
214 273
217 273
219 273
224 273
230 273
232 273
235 273
253 273
256 273
260 273
270 273
14 274
16 274
19 274
20 274
26 274
33 274
35 274
42 274
62 274
73 274
80 274
94 274
98 274
104 274
106 274
107 274
121 274
125 274
127 274
132 274
139 274
140 274
144 274
152 274
153 274
155 274
162 274
164 274
168 274
169 274
173 274
175 274
179 274
184 274
185 274
197 274
198 274
202 274
206 274
207 274
210 274
212 274
213 274
214 274
221 274
232 274
238 274
249 274
256 274
257 274
266 274
272 274
5 275
16 275
19 275
22 275
28 275
35 275
37 275
45 275
52 275
66 275
84 275
85 275
87 275
96 275
99 275
108 275
122 275
125 275
131 275
138 275
144 275
152 275
156 275
158 275
159 275
160 275
168 275
175 275
176 275
177 275
181 275
182 275
185 275
193 275
206 275
207 275
210 275
211 275
223 275
228 275
229 275
235 275
237 275
238 275
268 275
272 275
0 276
1 276
6 276
18 276
33 276
35 276
40 276
41 276
46 276
48 276
49 276
50 276
58 276
59 276
61 276
67 276
79 276
82 276
85 276
93 276
94 276
98 276
115 276
117 276
123 276
124 276
132 276
136 276
138 276
139 276
143 276
150 276
152 276
153 276
160 276
162 276
165 276
169 276
171 276
173 276
175 276
176 276
177 276
182 276
190 276
198 276
201 276
205 276
211 276
222 276
225 276
230 276
231 276
233 276
235 276
236 276
245 276
270 276
1 277
9 277
11 277
16 277
18 277
26 277
27 277
36 277
47 277
60 277
79 277
86 277
89 277
94 277
102 277
105 277
113 277
117 277
121 277
126 277
128 277
139 277
144 277
148 277
154 277
160 277
162 277
171 277
173 277
185 277
186 277
187 277
189 277
193 277
199 277
203 277
204 277
208 277
223 277
226 277
227 277
234 277
237 277
240 277
241 277
247 277
254 277
256 277
258 277
265 277
266 277
268 277
273 277
10 278
12 278
16 278
26 278
31 278
40 278
43 278
45 278
46 278
49 278
67 278
75 278
87 278
97 278
98 278
101 278
104 278
108 278
112 278
118 278
128 278
142 278
144 278
154 278
163 278
168 278
170 278
174 278
176 278
179 278
180 278
184 278
186 278
189 278
192 278
194 278
195 278
199 278
203 278
206 278
211 278
215 278
219 278
226 278
243 278
247 278
248 278
251 278
265 278
267 278
7 279
8 279
14 279
17 279
22 279
28 279
34 279
35 279
39 279
45 279
46 279
49 279
53 279
56 279
60 279
63 279
80 279
91 279
93 279
103 279
107 279
123 279
124 279
126 279
134 279
136 279
140 279
143 279
151 279
156 279
165 279
170 279
174 279
175 279
176 279
185 279
187 279
192 279
194 279
199 279
200 279
208 279
209 279
222 279
227 279
231 279
233 279
245 279
263 279
264 279
267 279
272 279
275 279
10 280
15 280
24 280
28 280
30 280
36 280
40 280
42 280
45 280
51 280
52 280
54 280
57 280
75 280
93 280
94 280
108 280
112 280
114 280
128 280
131 280
134 280
135 280
142 280
151 280
160 280
168 280
171 280
176 280
177 280
178 280
183 280
191 280
193 280
195 280
198 280
215 280
217 280
221 280
241 280
249 280
253 280
255 280
264 280
271 280
274 280
275 280
278 280
0 281
15 281
19 281
26 281
27 281
33 281
44 281
48 281
53 281
54 281
55 281
66 281
70 281
81 281
85 281
99 281
100 281
104 281
109 281
115 281
119 281
120 281
122 281
127 281
128 281
136 281
141 281
145 281
147 281
148 281
152 281
157 281
159 281
164 281
169 281
174 281
176 281
180 281
184 281
188 281
195 281
196 281
211 281
216 281
224 281
225 281
228 281
229 281
238 281
242 281
248 281
253 281
256 281
257 281
258 281
259 281
265 281
270 281
1 282
4 282
7 282
14 282
24 282
25 282
29 282
30 282
32 282
34 282
40 282
42 282
50 282
56 282
61 282
62 282
81 282
82 282
93 282
94 282
98 282
99 282
105 282
108 282
118 282
129 282
140 282
146 282
152 282
157 282
158 282
161 282
162 282
168 282
173 282
175 282
176 282
180 282
183 282
192 282
193 282
194 282
195 282
205 282
217 282
236 282
240 282
245 282
249 282
252 282
263 282
265 282
266 282
280 282
2 283
3 283
5 283
6 283
11 283
17 283
20 283
24 283
28 283
29 283
36 283
38 283
41 283
48 283
51 283
60 283
62 283
63 283
64 283
66 283
69 283
74 283
81 283
84 283
88 283
93 283
94 283
101 283
105 283
106 283
107 283
108 283
110 283
123 283
128 283
137 283
138 283
149 283
151 283
153 283
156 283
157 283
158 283
161 283
163 283
169 283
179 283
183 283
187 283
194 283
220 283
222 283
223 283
227 283
228 283
232 283
239 283
241 283
244 283
245 283
263 283
264 283
269 283
281 283
282 283
2 284
8 284
14 284
15 284
24 284
26 284
31 284
44 284
45 284
47 284
66 284
74 284
75 284
82 284
89 284
118 284
121 284
129 284
131 284
134 284
135 284
149 284
153 284
154 284
169 284
172 284
175 284
178 284
187 284
194 284
201 284
204 284
221 284
223 284
225 284
231 284
234 284
236 284
243 284
248 284
265 284
282 284
2 285
3 285
16 285
18 285
22 285
23 285
25 285
27 285
30 285
41 285
42 285
50 285
53 285
60 285
62 285
64 285
67 285
69 285
73 285
104 285
105 285
108 285
110 285
114 285
129 285
142 285
147 285
148 285
154 285
157 285
160 285
171 285
173 285
174 285
186 285
189 285
192 285
196 285
197 285
203 285
212 285
214 285
226 285
242 285
245 285
247 285
249 285
251 285
254 285
256 285
266 285
267 285
270 285
274 285
275 285
1 286
2 286
6 286
7 286
16 286
17 286
20 286
23 286
26 286
30 286
41 286
46 286
50 286
60 286
71 286
75 286
78 286
84 286
86 286
98 286
106 286
112 286
121 286
122 286
132 286
142 286
153 286
155 286
160 286
168 286
169 286
178 286
182 286
185 286
190 286
224 286
228 286
230 286
236 286
255 286
278 286
280 286
282 286
3 287
6 287
9 287
10 287
16 287
23 287
30 287
32 287
45 287
47 287
50 287
54 287
55 287
56 287
61 287
64 287
70 287
77 287
80 287
81 287
83 287
87 287
88 287
89 287
91 287
93 287
111 287
124 287
129 287
132 287
138 287
142 287
145 287
147 287
157 287
168 287
172 287
183 287
185 287
190 287
199 287
202 287
205 287
206 287
213 287
217 287
232 287
233 287
236 287
239 287
240 287
243 287
244 287
245 287
249 287
251 287
253 287
255 287
257 287
258 287
260 287
261 287
264 287
267 287
273 287
275 287
277 287
286 287
16 288
17 288
19 288
23 288
35 288
38 288
39 288
53 288
54 288
68 288
76 288
85 288
86 288
95 288
97 288
103 288
107 288
108 288
111 288
118 288
121 288
124 288
136 288
142 288
147 288
149 288
154 288
155 288
156 288
161 288
163 288
167 288
180 288
191 288
192 288
194 288
203 288
205 288
206 288
209 288
210 288
222 288
223 288
234 288
235 288
239 288
241 288
244 288
247 288
250 288
255 288
256 288
260 288
262 288
267 288
269 288
271 288
272 288
278 288
280 288
282 288
283 288
0 289
2 289
9 289
17 289
20 289
22 289
24 289
27 289
32 289
35 289
38 289
44 289
47 289
48 289
50 289
51 289
52 289
70 289
90 289
92 289
99 289
103 289
107 289
108 289
114 289
115 289
128 289
130 289
135 289
139 289
143 289
147 289
159 289
160 289
162 289
165 289
166 289
174 289
175 289
179 289
185 289
186 289
188 289
189 289
190 289
196 289
201 289
213 289
222 289
225 289
232 289
233 289
237 289
243 289
256 289
257 289
259 289
261 289
264 289
274 289
277 289
280 289
281 289
288 289
2 290
5 290
26 290
37 290
39 290
44 290
47 290
60 290
62 290
66 290
70 290
71 290
74 290
78 290
81 290
82 290
86 290
89 290
92 290
93 290
94 290
99 290
100 290
111 290
116 290
123 290
132 290
136 290
142 290
144 290
146 290
148 290
151 290
153 290
166 290
170 290
173 290
174 290
183 290
193 290
196 290
197 290
225 290
231 290
239 290
245 290
254 290
262 290
264 290
270 290
274 290
289 290
5 291
14 291
18 291
40 291
44 291
57 291
67 291
73 291
74 291
76 291
79 291
85 291
95 291
102 291
105 291
108 291
116 291
120 291
123 291
125 291
127 291
128 291
132 291
135 291
141 291
143 291
145 291
159 291
164 291
168 291
172 291
188 291
189 291
191 291
197 291
204 291
205 291
210 291
218 291
219 291
223 291
226 291
228 291
229 291
230 291
231 291
247 291
254 291
257 291
258 291
263 291
268 291
269 291
282 291
1 292
2 292
7 292
11 292
17 292
30 292
32 292
33 292
36 292
47 292
58 292
59 292
63 292
67 292
72 292
76 292
79 292
88 292
90 292
93 292
102 292
106 292
126 292
130 292
131 292
132 292
134 292
139 292
144 292
149 292
151 292
154 292
157 292
164 292
166 292
168 292
169 292
172 292
173 292
185 292
188 292
195 292
197 292
204 292
216 292
223 292
224 292
231 292
233 292
244 292
256 292
262 292
267 292
268 292
274 292
275 292
276 292
282 292
286 292
287 292
288 292
291 292
10 293
13 293
21 293
44 293
58 293
61 293
74 293
76 293
77 293
80 293
82 293
87 293
90 293
91 293
96 293
98 293
103 293
111 293
112 293
128 293
131 293
132 293
139 293
143 293
160 293
162 293
167 293
175 293
199 293
202 293
205 293
207 293
210 293
211 293
214 293
217 293
221 293
225 293
230 293
235 293
246 293
249 293
253 293
254 293
256 293
257 293
263 293
270 293
284 293
285 293
286 293
288 293
0 294
7 294
9 294
11 294
15 294
26 294
35 294
39 294
42 294
49 294
54 294
56 294
60 294
62 294
63 294
64 294
68 294
78 294
79 294
80 294
81 294
88 294
90 294
91 294
96 294
103 294
110 294
113 294
120 294
128 294
141 294
142 294
145 294
148 294
152 294
153 294
158 294
161 294
162 294
171 294
173 294
178 294
179 294
182 294
184 294
196 294
197 294
204 294
209 294
210 294
212 294
214 294
218 294
236 294
237 294
241 294
243 294
247 294
254 294
255 294
258 294
265 294
267 294
269 294
272 294
284 294
286 294
287 294
288 294
291 294
293 294
0 295
7 295
17 295
19 295
25 295
28 295
30 295
34 295
40 295
47 295
50 295
58 295
61 295
65 295
70 295
78 295
79 295
91 295
92 295
94 295
99 295
102 295
106 295
113 295
119 295
124 295
128 295
129 295
133 295
138 295
142 295
146 295
150 295
157 295
159 295
160 295
168 295
171 295
175 295
178 295
209 295
211 295
218 295
219 295
237 295
240 295
242 295
245 295
248 295
260 295
266 295
269 295
273 295
3 296
6 296
7 296
11 296
12 296
16 296
18 296
25 296
44 296
53 296
56 296
57 296
63 296
71 296
74 296
76 296
86 296
87 296
89 296
94 296
96 296
98 296
104 296
106 296
112 296
129 296
130 296
135 296
136 296
138 296
160 296
162 296
178 296
183 296
184 296
193 296
223 296
224 296
226 296
231 296
249 296
250 296
257 296
259 296
266 296
268 296
276 296
278 296
280 296
288 296
291 296
4 297
13 297
17 297
18 297
20 297
29 297
30 297
42 297
50 297
53 297
56 297
64 297
66 297
69 297
70 297
73 297
85 297
87 297
90 297
100 297
110 297
111 297
115 297
120 297
136 297
150 297
155 297
158 297
160 297
163 297
167 297
170 297
182 297
185 297
195 297
217 297
222 297
223 297
224 297
234 297
240 297
244 297
247 297
251 297
252 297
255 297
257 297
258 297
259 297
260 297
263 297
281 297
282 297
283 297
289 297
0 298
3 298
6 298
11 298
13 298
14 298
48 298
56 298
59 298
62 298
72 298
84 298
89 298
94 298
95 298
100 298
102 298
104 298
106 298
115 298
120 298
122 298
124 298
136 298
142 298
148 298
150 298
155 298
158 298
159 298
171 298
184 298
186 298
193 298
195 298
197 298
198 298
200 298
203 298
212 298
216 298
231 298
241 298
245 298
253 298
258 298
268 298
271 298
275 298
282 298
287 298
0 299
10 299
11 299
16 299
20 299
33 299
36 299
40 299
43 299
45 299
62 299
65 299
76 299
81 299
86 299
87 299
91 299
100 299
108 299
112 299
113 299
114 299
117 299
127 299
130 299
132 299
133 299
134 299
137 299
139 299
140 299
151 299
154 299
155 299
159 299
169 299
170 299
173 299
175 299
179 299
183 299
188 299
191 299
201 299
202 299
206 299
207 299
208 299
211 299
215 299
225 299
231 299
233 299
235 299
240 299
242 299
244 299
249 299
254 299
255 299
267 299
272 299
282 299
289 299
296 299
297 299
