300 4200 5
1 9 5 16 2 9 8 10 2 9 8 3 1 3 9 2 2 5 6 5 13 7 16 10 19 5 10 5 9 12 19 13 5 1 7 14 3 5 7 1 5 2 20 9 13 10 2 7 15 10 8 5 6 4 4 3 17 5 9 9 10 4 2 4 2 6 7 3 10 9 18 7 6 2 20 4 19 2 20 6 3 1 7 18 1 10 18 3 13 10 5 17 3 3 6 8 4 6 19 4 3 18 10 9 5 1 6 9 17 3 9 4 3 8 6 18 2 2 20 6 1 5 12 8 17 1 8 14 20 10 2 10 9 4 17 3 11 7 7 6 19 11 10 2 8 7 2 4 8 9 8 7 3 15 5 18 16 7 3 10 9 2 17 9 10 6 8 14 4 3 4 2 1 9 4 12 1 2 14 15 2 14 6 9 11 3 6 2 18 4 8 4 20 1 7 10 1 18 1 1 8 5 16 1 2 9 1 6 16 7 9 19 4 19 7 7 17 10 2 6 8 10 10 11 16 12 9 3 3 8 5 2 2 15 1 7 14 4 1 15 3 7 9 6 2 15 7 2 7 1 6 3 7 1 11 5 5 3 4 10 17 20 6 4 10 6 7 9 6 5 19 20 7 10 10 13 9 1 1 2 3 1 10 4 9 7 8 1 9 11 17 7 16 6 6 10 8 6 8 8
2 8
6 8
0 9
7 10
1 12
6 12
3 13
4 13
5 13
6 14
4 16
8 16
0 18
4 18
12 18
6 19
12 19
13 19
1 20
6 21
11 21
7 25
12 25
3 26
5 26
3 27
9 27
11 27
0 28
9 31
10 31
15 31
19 32
1 33
7 33
13 33
24 33
4 34
22 34
3 35
23 35
4 36
15 36
18 36
27 36
1 37
12 37
21 37
22 37
24 37
3 38
5 38
20 38
29 38
1 39
17 39
28 39
11 40
12 40
22 40
25 40
26 40
31 41
1 42
10 42
14 42
16 42
30 42
2 43
11 43
37 43
0 44
8 44
9 44
17 44
23 45
24 45
34 45
5 46
2 47
13 47
28 47
27 48
28 48
30 48
9 49
10 49
18 49
7 50
31 50
2 52
13 52
15 52
34 52
37 52
4 53
15 53
18 53
19 53
26 53
29 53
8 54
13 54
27 54
29 54
47 54
0 55
10 55
32 55
38 55
47 55
16 56
18 56
22 56
37 56
39 56
40 56
1 57
8 57
24 57
1 58
25 58
28 58
32 58
45 58
47 58
48 58
5 59
13 59
31 59
4 60
21 60
33 60
38 60
39 60
47 60
48 60
15 61
17 61
40 61
1 62
33 62
36 62
15 63
17 63
23 63
25 63
26 63
33 63
39 63
47 63
49 63
0 64
1 64
14 64
17 64
29 64
31 64
40 64
43 64
2 65
19 65
22 65
42 65
48 65
5 66
12 66
25 66
43 66
52 66
46 67
47 67
50 67
53 67
56 67
58 67
2 68
25 68
30 68
43 68
48 68
53 68
11 69
20 69
24 69
40 69
7 70
13 70
14 70
20 70
35 70
36 70
45 70
52 70
65 70
11 71
12 71
14 71
15 71
35 71
38 71
54 71
60 71
62 71
3 72
14 72
19 72
31 72
34 72
61 72
4 73
21 73
23 73
35 73
36 73
45 73
50 73
3 74
26 74
31 74
50 74
35 75
37 75
39 75
42 75
63 75
7 76
9 76
11 76
12 76
36 76
40 76
41 76
43 76
53 76
61 76
7 77
13 77
15 77
16 77
21 77
28 77
29 77
32 77
35 77
50 77
55 77
69 77
70 77
11 78
14 78
19 78
24 78
25 78
27 78
31 78
33 78
35 78
40 78
31 79
41 79
43 79
54 79
58 79
62 79
21 80
23 80
64 80
67 80
76 80
50 81
63 81
70 81
3 82
7 82
11 82
15 82
17 82
21 82
41 82
47 82
76 82
16 83
19 83
31 83
38 83
51 83
52 83
56 83
63 83
69 83
75 83
23 84
24 84
50 84
54 84
7 85
12 85
16 85
27 85
30 85
51 85
53 85
74 85
1 86
40 86
46 86
50 86
66 86
70 86
76 86
2 87
17 87
52 87
55 87
57 87
65 87
75 87
85 87
3 88
6 88
13 88
24 88
25 88
44 88
54 88
58 88
84 88
7 89
10 89
14 89
19 89
20 89
26 89
50 89
51 89
56 89
59 89
83 89
86 89
0 90
11 90
16 90
32 90
38 90
43 90
54 90
58 90
61 90
75 90
29 91
34 91
39 91
41 91
44 91
58 91
62 91
20 92
34 92
36 92
45 92
69 92
72 92
73 92
47 93
49 93
61 93
62 93
66 93
68 93
74 93
86 93
11 94
32 94
35 94
38 94
47 94
57 94
66 94
71 94
76 94
79 94
83 94
86 94
1 95
8 95
9 95
22 95
34 95
36 95
49 95
51 95
55 95
58 95
76 95
21 96
30 96
39 96
56 96
58 96
61 96
64 96
66 96
76 96
84 96
86 96
6 97
8 97
23 97
26 97
40 97
61 97
64 97
72 97
75 97
76 97
77 97
86 97
8 98
11 98
13 98
14 98
16 98
17 98
31 98
38 98
41 98
52 98
71 98
84 98
93 98
1 99
12 99
18 99
48 99
56 99
59 99
66 99
77 99
95 99
96 99
4 100
27 100
38 100
44 100
51 100
58 100
77 100
84 100
89 100
7 101
54 101
67 101
71 101
94 101
14 102
42 102
51 102
52 102
53 102
55 102
58 102
65 102
12 103
21 103
22 103
52 103
56 103
58 103
60 103
63 103
74 103
87 103
32 104
51 104
69 104
95 104
96 104
9 105
12 105
16 105
33 105
46 105
48 105
50 105
53 105
60 105
62 105
81 105
88 105
90 105
13 106
16 106
34 106
38 106
48 106
71 106
74 106
76 106
84 106
91 106
94 106
2 107
6 107
10 107
23 107
44 107
56 107
61 107
63 107
64 107
70 107
76 107
84 107
86 107
1 108
4 108
13 108
15 108
19 108
20 108
27 108
28 108
57 108
63 108
85 108
4 109
9 109
20 109
24 109
32 109
35 109
43 109
49 109
68 109
91 109
104 109
11 110
21 110
26 110
31 110
37 110
46 110
49 110
71 110
84 110
92 110
25 111
37 111
42 111
52 111
57 111
66 111
83 111
95 111
96 111
100 111
3 112
6 112
12 112
16 112
34 112
51 112
55 112
61 112
63 112
69 112
82 112
85 112
93 112
105 112
10 113
15 113
16 113
31 113
38 113
47 113
65 113
79 113
99 113
105 113
0 114
4 114
6 114
7 114
9 114
37 114
42 114
61 114
66 114
72 114
79 114
86 114
95 114
105 114
1 115
34 115
59 115
62 115
65 115
68 115
69 115
71 115
75 115
80 115
88 115
2 116
7 116
18 116
27 116
33 116
37 116
66 116
74 116
77 116
85 116
97 116
101 116
18 117
29 117
41 117
50 117
54 117
72 117
73 117
79 117
80 117
6 118
29 118
54 118
56 118
62 118
99 118
110 118
7 119
16 119
19 119
23 119
28 119
65 119
76 119
77 119
106 119
4 120
55 120
58 120
95 120
117 120
0 121
4 121
6 121
14 121
15 121
16 121
32 121
33 121
42 121
43 121
51 121
62 121
71 121
84 121
91 121
106 121
18 122
23 122
30 122
38 122
42 122
54 122
61 122
76 122
84 122
92 122
103 122
116 122
11 123
17 123
22 123
25 123
47 123
69 123
72 123
76 123
84 123
95 123
98 123
106 123
4 124
23 124
38 124
42 124
52 124
55 124
6 125
26 125
36 125
40 125
52 125
61 125
68 125
78 125
79 125
110 125
114 125
115 125
14 126
24 126
26 126
37 126
44 126
46 126
51 126
58 126
67 126
82 126
102 126
103 126
109 126
115 126
26 127
29 127
30 127
39 127
47 127
51 127
54 127
74 127
86 127
91 127
92 127
93 127
94 127
99 127
111 127
113 127
18 128
20 128
23 128
39 128
45 128
62 128
77 128
83 128
86 128
89 128
113 128
20 129
34 129
37 129
43 129
51 129
59 129
66 129
68 129
92 129
96 129
123 129
3 130
19 130
47 130
66 130
4 131
19 131
25 131
26 131
33 131
39 131
41 131
53 131
60 131
87 131
100 131
102 131
106 131
109 131
111 131
4 132
14 132
19 132
20 132
30 132
32 132
51 132
67 132
104 132
2 133
21 133
26 133
30 133
36 133
47 133
66 133
70 133
72 133
80 133
85 133
93 133
94 133
95 133
96 133
98 133
101 133
14 134
20 134
32 134
42 134
45 134
50 134
54 134
59 134
61 134
64 134
67 134
70 134
85 134
96 134
104 134
112 134
123 134
8 135
10 135
40 135
41 135
42 135
45 135
66 135
71 135
72 135
81 135
85 135
86 135
99 135
104 135
112 135
120 135
2 136
17 136
26 136
30 136
47 136
55 136
57 136
59 136
77 136
81 136
105 136
120 136
1 137
2 137
3 137
12 137
23 137
24 137
27 137
66 137
70 137
74 137
79 137
92 137
100 137
101 137
105 137
107 137
113 137
122 137
132 137
4 138
9 138
12 138
17 138
18 138
28 138
32 138
47 138
62 138
64 138
86 138
93 138
98 138
109 138
121 138
136 138
4 139
6 139
9 139
10 139
12 139
20 139
48 139
56 139
60 139
69 139
71 139
86 139
90 139
133 139
135 139
12 140
15 140
36 140
37 140
42 140
55 140
71 140
79 140
80 140
84 140
91 140
133 140
7 141
28 141
29 141
37 141
42 141
44 141
56 141
81 141
114 141
117 141
120 141
123 141
127 141
130 141
136 141
15 142
22 142
25 142
35 142
66 142
73 142
105 142
117 142
120 142
126 142
127 142
17 143
38 143
43 143
48 143
51 143
71 143
74 143
112 143
118 143
121 143
132 143
3 144
6 144
24 144
35 144
69 144
86 144
113 144
129 144
13 145
17 145
56 145
84 145
95 145
107 145
111 145
116 145
117 145
119 145
127 145
5 146
28 146
42 146
48 146
57 146
63 146
67 146
69 146
94 146
112 146
120 146
123 146
130 146
135 146
145 146
6 147
14 147
17 147
19 147
24 147
30 147
62 147
72 147
85 147
88 147
108 147
132 147
133 147
135 147
5 148
17 148
21 148
24 148
36 148
39 148
47 148
63 148
66 148
69 148
72 148
79 148
89 148
112 148
123 148
132 148
139 148
141 148
143 148
5 149
9 149
18 149
20 149
24 149
32 149
68 149
70 149
77 149
83 149
90 149
95 149
107 149
110 149
127 149
132 149
10 150
15 150
21 150
24 150
30 150
40 150
45 150
46 150
64 150
84 150
87 150
117 150
123 150
130 150
140 150
142 150
12 151
14 151
21 151
22 151
27 151
31 151
47 151
53 151
68 151
70 151
97 151
128 151
134 151
143 151
4 152
14 152
15 152
17 152
19 152
53 152
75 152
78 152
79 152
88 152
98 152
101 152
131 152
20 153
34 153
42 153
63 153
65 153
70 153
80 153
84 153
86 153
91 153
94 153
112 153
118 153
127 153
128 153
143 153
2 154
5 154
31 154
35 154
36 154
58 154
84 154
103 154
106 154
113 154
118 154
131 154
134 154
139 154
11 155
18 155
43 155
45 155
71 155
77 155
80 155
88 155
123 155
124 155
127 155
4 156
7 156
8 156
14 156
23 156
41 156
52 156
54 156
58 156
76 156
81 156
112 156
121 156
122 156
4 157
9 157
12 157
19 157
34 157
45 157
58 157
66 157
96 157
97 157
102 157
103 157
115 157
118 157
131 157
3 158
28 158
38 158
48 158
64 158
87 158
111 158
117 158
118 158
128 158
11 159
30 159
51 159
52 159
56 159
68 159
70 159
72 159
76 159
89 159
100 159
150 159
1 160
6 160
15 160
17 160
18 160
23 160
51 160
57 160
65 160
71 160
89 160
95 160
103 160
135 160
142 160
143 160
144 160
145 160
11 161
29 161
30 161
48 161
50 161
56 161
59 161
78 161
126 161
129 161
141 161
146 161
3 162
6 162
10 162
12 162
15 162
22 162
23 162
24 162
42 162
51 162
59 162
66 162
71 162
85 162
98 162
99 162
104 162
115 162
121 162
6 163
22 163
26 163
37 163
42 163
44 163
51 163
65 163
66 163
68 163
72 163
84 163
95 163
97 163
99 163
114 163
122 163
135 163
139 163
145 163
15 164
17 164
18 164
37 164
50 164
57 164
81 164
84 164
109 164
115 164
143 164
148 164
7 165
10 165
19 165
32 165
48 165
66 165
70 165
72 165
78 165
82 165
83 165
98 165
105 165
108 165
120 165
122 165
129 165
144 165
4 166
9 166
11 166
12 166
21 166
45 166
51 166
65 166
66 166
76 166
82 166
83 166
87 166
90 166
95 166
97 166
98 166
106 166
109 166
125 166
127 166
139 166
152 166
2 167
10 167
26 167
31 167
32 167
37 167
43 167
52 167
55 167
61 167
81 167
99 167
118 167
128 167
132 167
136 167
141 167
142 167
146 167
147 167
152 167
155 167
2 168
8 168
15 168
21 168
22 168
30 168
60 168
75 168
81 168
130 168
153 168
163 168
37 169
40 169
62 169
66 169
78 169
96 169
121 169
126 169
129 169
1 170
3 170
7 170
17 170
21 170
51 170
55 170
56 170
62 170
74 170
80 170
122 170
124 170
131 170
135 170
148 170
157 170
159 170
163 170
1 171
11 171
16 171
43 171
49 171
61 171
86 171
130 171
144 171
152 171
160 171
7 172
8 172
29 172
37 172
56 172
57 172
59 172
66 172
72 172
75 172
77 172
78 172
101 172
124 172
138 172
149 172
15 173
16 173
39 173
68 173
77 173
85 173
88 173
90 173
117 173
133 173
146 173
150 173
154 173
160 173
6 174
26 174
30 174
35 174
41 174
45 174
46 174
50 174
73 174
114 174
131 174
138 174
165 174
166 174
3 175
5 175
7 175
13 175
18 175
34 175
54 175
55 175
57 175
59 175
62 175
83 175
93 175
97 175
104 175
113 175
120 175
123 175
147 175
168 175
7 176
15 176
36 176
56 176
71 176
82 176
115 176
122 176
129 176
139 176
146 176
155 176
18 177
30 177
53 177
65 177
66 177
68 177
74 177
78 177
89 177
94 177
109 177
123 177
136 177
145 177
167 177
6 178
20 178
26 178
28 178
64 178
82 178
87 178
93 178
145 178
13 179
24 179
34 179
44 179
56 179
60 179
92 179
94 179
140 179
158 179
161 179
166 179
7 180
12 180
17 180
27 180
31 180
52 180
79 180
97 180
109 180
111 180
129 180
137 180
146 180
154 180
157 180
167 180
1 181
4 181
9 181
10 181
25 181
42 181
45 181
46 181
49 181
62 181
71 181
74 181
78 181
79 181
81 181
92 181
103 181
118 181
121 181
125 181
132 181
140 181
154 181
13 182
21 182
29 182
31 182
43 182
50 182
57 182
67 182
72 182
105 182
113 182
152 182
153 182
168 182
8 183
22 183
33 183
44 183
66 183
75 183
101 183
138 183
144 183
148 183
156 183
4 184
17 184
18 184
41 184
45 184
49 184
52 184
68 184
70 184
71 184
72 184
73 184
74 184
75 184
101 184
138 184
160 184
2 185
3 185
18 185
21 185
34 185
41 185
45 185
50 185
53 185
91 185
95 185
100 185
101 185
127 185
135 185
142 185
154 185
157 185
159 185
160 185
0 186
14 186
19 186
28 186
84 186
98 186
100 186
114 186
118 186
122 186
129 186
146 186
151 186
169 186
175 186
4 187
12 187
21 187
23 187
28 187
38 187
47 187
48 187
63 187
68 187
85 187
100 187
113 187
118 187
148 187
150 187
154 187
162 187
29 188
33 188
42 188
44 188
46 188
52 188
57 188
70 188
91 188
92 188
130 188
134 188
137 188
139 188
143 188
162 188
172 188
12 189
54 189
92 189
114 189
121 189
138 189
144 189
159 189
163 189
4 190
13 190
25 190
58 190
80 190
102 190
115 190
150 190
155 190
165 190
181 190
21 191
27 191
28 191
35 191
37 191
40 191
46 191
49 191
72 191
81 191
84 191
88 191
93 191
94 191
102 191
109 191
112 191
131 191
138 191
151 191
172 191
8 192
46 192
80 192
93 192
94 192
103 192
117 192
126 192
131 192
145 192
149 192
165 192
173 192
5 193
12 193
23 193
56 193
62 193
68 193
85 193
89 193
96 193
97 193
120 193
125 193
141 193
146 193
150 193
153 193
156 193
171 193
180 193
183 193
192 193
20 194
27 194
44 194
46 194
55 194
64 194
67 194
75 194
80 194
81 194
87 194
99 194
100 194
107 194
139 194
160 194
166 194
170 194
177 194
180 194
183 194
0 195
4 195
7 195
8 195
72 195
87 195
99 195
103 195
111 195
112 195
124 195
133 195
160 195
3 196
29 196
33 196
40 196
41 196
52 196
59 196
75 196
76 196
80 196
96 196
99 196
114 196
115 196
125 196
151 196
159 196
188 196
11 197
40 197
45 197
60 197
74 197
79 197
108 197
113 197
125 197
126 197
130 197
163 197
164 197
177 197
179 197
181 197
8 198
20 198
22 198
25 198
42 198
60 198
68 198
71 198
88 198
104 198
111 198
112 198
125 198
134 198
141 198
152 198
158 198
183 198
0 199
13 199
24 199
27 199
35 199
44 199
51 199
64 199
68 199
76 199
86 199
114 199
129 199
131 199
172 199
182 199
183 199
192 199
0 200
11 200
26 200
29 200
39 200
47 200
52 200
68 200
69 200
76 200
85 200
103 200
138 200
145 200
163 200
169 200
173 200
177 200
182 200
191 200
199 200
29 201
34 201
40 201
43 201
49 201
51 201
61 201
62 201
84 201
93 201
102 201
105 201
106 201
119 201
124 201
130 201
132 201
153 201
154 201
165 201
188 201
0 202
4 202
11 202
27 202
40 202
41 202
55 202
63 202
66 202
67 202
71 202
89 202
102 202
135 202
141 202
161 202
165 202
171 202
185 202
195 202
11 203
17 203
31 203
57 203
96 203
104 203
105 203
109 203
120 203
138 203
139 203
145 203
151 203
172 203
184 203
191 203
28 204
32 204
36 204
61 204
63 204
67 204
73 204
75 204
86 204
87 204
88 204
99 204
109 204
115 204
118 204
128 204
135 204
164 204
187 204
65 205
73 205
81 205
82 205
89 205
92 205
108 205
121 205
124 205
126 205
130 205
133 205
138 205
139 205
143 205
144 205
154 205
165 205
183 205
187 205
196 205
4 206
11 206
12 206
23 206
32 206
38 206
49 206
60 206
68 206
92 206
96 206
97 206
98 206
121 206
122 206
141 206
157 206
163 206
171 206
180 206
184 206
191 206
22 207
51 207
55 207
58 207
68 207
78 207
79 207
88 207
94 207
100 207
110 207
116 207
125 207
131 207
137 207
153 207
155 207
160 207
166 207
168 207
174 207
176 207
180 207
195 207
20 208
30 208
41 208
42 208
49 208
73 208
74 208
79 208
83 208
89 208
96 208
118 208
126 208
132 208
159 208
163 208
184 208
192 208
3 209
6 209
8 209
41 209
42 209
44 209
45 209
57 209
58 209
64 209
76 209
79 209
116 209
118 209
119 209
120 209
128 209
131 209
136 209
147 209
159 209
179 209
189 209
192 209
204 209
8 210
18 210
38 210
39 210
71 210
78 210
82 210
99 210
101 210
132 210
137 210
176 210
185 210
193 210
194 210
204 210
2 211
7 211
16 211
18 211
20 211
25 211
51 211
53 211
89 211
98 211
113 211
127 211
163 211
171 211
182 211
188 211
192 211
199 211
207 211
8 212
18 212
23 212
49 212
60 212
91 212
92 212
100 212
114 212
130 212
139 212
151 212
154 212
158 212
190 212
195 212
38 213
45 213
46 213
76 213
82 213
83 213
89 213
91 213
94 213
108 213
116 213
129 213
136 213
143 213
151 213
156 213
165 213
171 213
9 214
12 214
16 214
18 214
36 214
42 214
47 214
65 214
73 214
94 214
143 214
150 214
158 214
165 214
192 214
6 215
10 215
20 215
24 215
43 215
50 215
60 215
65 215
69 215
87 215
105 215
110 215
115 215
117 215
118 215
121 215
159 215
178 215
190 215
194 215
195 215
203 215
15 216
16 216
23 216
28 216
32 216
41 216
42 216
46 216
53 216
55 216
62 216
77 216
78 216
83 216
92 216
97 216
103 216
109 216
134 216
142 216
150 216
156 216
161 216
192 216
9 217
12 217
25 217
26 217
38 217
50 217
57 217
59 217
71 217
75 217
88 217
116 217
136 217
169 217
171 217
190 217
210 217
24 218
36 218
44 218
50 218
52 218
68 218
75 218
93 218
95 218
103 218
110 218
111 218
136 218
140 218
143 218
152 218
163 218
165 218
166 218
168 218
171 218
205 218
28 219
30 219
38 219
47 219
54 219
58 219
63 219
71 219
92 219
93 219
98 219
147 219
149 219
169 219
171 219
174 219
180 219
182 219
183 219
187 219
191 219
194 219
204 219
208 219
5 220
6 220
13 220
19 220
22 220
23 220
29 220
40 220
53 220
59 220
63 220
65 220
69 220
86 220
103 220
112 220
116 220
117 220
119 220
127 220
163 220
166 220
172 220
178 220
188 220
194 220
206 220
209 220
19 221
20 221
21 221
25 221
50 221
54 221
60 221
67 221
77 221
82 221
86 221
111 221
124 221
132 221
136 221
165 221
192 221
194 221
9 222
12 222
29 222
38 222
47 222
54 222
78 222
93 222
107 222
111 222
115 222
116 222
117 222
133 222
156 222
159 222
164 222
169 222
182 222
14 223
26 223
34 223
37 223
44 223
60 223
68 223
73 223
94 223
111 223
129 223
130 223
136 223
144 223
158 223
159 223
169 223
173 223
179 223
196 223
2 224
6 224
17 224
34 224
50 224
58 224
61 224
66 224
71 224
73 224
92 224
95 224
104 224
120 224
127 224
130 224
131 224
141 224
153 224
167 224
179 224
187 224
188 224
199 224
216 224
220 224
19 225
25 225
32 225
39 225
68 225
69 225
82 225
91 225
117 225
133 225
135 225
157 225
165 225
172 225
184 225
200 225
201 225
215 225
219 225
4 226
11 226
27 226
31 226
50 226
58 226
75 226
86 226
90 226
95 226
100 226
107 226
119 226
152 226
156 226
174 226
193 226
201 226
203 226
213 226
4 227
24 227
25 227
41 227
61 227
74 227
75 227
82 227
88 227
98 227
115 227
130 227
141 227
154 227
167 227
172 227
182 227
193 227
197 227
208 227
211 227
212 227
220 227
10 228
14 228
15 228
30 228
35 228
37 228
43 228
44 228
56 228
89 228
111 228
117 228
123 228
130 228
133 228
134 228
141 228
146 228
147 228
159 228
160 228
179 228
193 228
194 228
202 228
204 228
214 228
10 229
23 229
32 229
35 229
37 229
63 229
80 229
85 229
91 229
94 229
101 229
103 229
107 229
119 229
129 229
152 229
171 229
173 229
179 229
198 229
222 229
2 230
11 230
36 230
38 230
56 230
60 230
77 230
88 230
92 230
97 230
108 230
115 230
134 230
139 230
148 230
154 230
159 230
162 230
168 230
184 230
199 230
1 231
21 231
24 231
33 231
41 231
83 231
119 231
138 231
149 231
156 231
163 231
168 231
169 231
183 231
184 231
219 231
220 231
0 232
2 232
4 232
20 232
23 232
24 232
42 232
48 232
54 232
94 232
99 232
124 232
132 232
134 232
145 232
154 232
162 232
180 232
194 232
200 232
206 232
221 232
3 233
7 233
15 233
35 233
55 233
56 233
60 233
63 233
64 233
83 233
85 233
94 233
95 233
102 233
103 233
106 233
116 233
119 233
124 233
135 233
142 233
173 233
174 233
181 233
187 233
2 234
18 234
23 234
34 234
36 234
43 234
49 234
93 234
124 234
134 234
144 234
148 234
156 234
162 234
188 234
192 234
204 234
210 234
219 234
231 234
4 235
8 235
12 235
15 235
16 235
27 235
36 235
80 235
82 235
89 235
92 235
102 235
106 235
125 235
127 235
128 235
161 235
170 235
173 235
175 235
193 235
199 235
201 235
213 235
0 236
4 236
6 236
22 236
30 236
40 236
56 236
82 236
103 236
121 236
128 236
133 236
142 236
144 236
146 236
147 236
152 236
178 236
189 236
2 237
13 237
14 237
21 237
24 237
27 237
34 237
45 237
56 237
60 237
80 237
132 237
171 237
176 237
190 237
191 237
199 237
204 237
222 237
223 237
225 237
233 237
6 238
11 238
20 238
23 238
24 238
40 238
54 238
57 238
62 238
66 238
68 238
69 238
85 238
88 238
89 238
99 238
106 238
108 238
115 238
135 238
136 238
141 238
143 238
144 238
148 238
151 238
156 238
165 238
174 238
179 238
192 238
198 238
209 238
213 238
7 239
13 239
26 239
28 239
33 239
36 239
39 239
50 239
60 239
62 239
71 239
112 239
126 239
130 239
152 239
154 239
161 239
167 239
183 239
188 239
216 239
222 239
227 239
232 239
2 240
5 240
6 240
21 240
31 240
48 240
65 240
69 240
82 240
85 240
88 240
97 240
114 240
137 240
162 240
179 240
186 240
199 240
207 240
229 240
232 240
4 241
20 241
24 241
38 241
40 241
51 241
73 241
79 241
93 241
110 241
112 241
115 241
148 241
154 241
169 241
175 241
176 241
180 241
188 241
208 241
216 241
222 241
6 242
7 242
37 242
41 242
43 242
59 242
64 242
71 242
85 242
125 242
141 242
152 242
187 242
217 242
219 242
227 242
238 242
7 243
9 243
22 243
35 243
53 243
77 243
84 243
102 243
108 243
123 243
134 243
153 243
157 243
163 243
179 243
182 243
184 243
186 243
193 243
195 243
198 243
202 243
203 243
207 243
217 243
22 244
34 244
46 244
49 244
58 244
61 244
65 244
66 244
78 244
83 244
91 244
103 244
105 244
107 244
108 244
112 244
122 244
137 244
143 244
144 244
151 244
165 244
186 244
188 244
193 244
194 244
202 244
206 244
218 244
222 244
227 244
14 245
16 245
17 245
27 245
36 245
62 245
79 245
85 245
96 245
97 245
108 245
118 245
122 245
126 245
132 245
157 245
163 245
169 245
200 245
216 245
222 245
228 245
3 246
7 246
12 246
18 246
32 246
44 246
63 246
79 246
81 246
90 246
102 246
111 246
117 246
135 246
139 246
145 246
157 246
159 246
164 246
169 246
183 246
185 246
206 246
215 246
3 247
15 247
18 247
27 247
37 247
41 247
45 247
50 247
88 247
99 247
111 247
113 247
114 247
122 247
138 247
142 247
156 247
163 247
183 247
187 247
189 247
219 247
222 247
232 247
236 247
11 248
16 248
39 248
47 248
52 248
58 248
83 248
89 248
101 248
106 248
110 248
127 248
131 248
137 248
138 248
139 248
155 248
161 248
165 248
173 248
176 248
190 248
196 248
219 248
242 248
243 248
15 249
36 249
48 249
51 249
59 249
64 249
79 249
86 249
90 249
105 249
109 249
116 249
126 249
133 249
144 249
150 249
153 249
159 249
160 249
167 249
168 249
179 249
182 249
207 249
215 249
218 249
229 249
237 249
240 249
244 249
4 250
17 250
23 250
35 250
50 250
58 250
78 250
80 250
81 250
100 250
108 250
111 250
122 250
123 250
143 250
152 250
156 250
159 250
164 250
180 250
181 250
192 250
195 250
196 250
198 250
207 250
228 250
242 250
2 251
25 251
27 251
30 251
38 251
44 251
65 251
67 251
76 251
77 251
79 251
95 251
101 251
103 251
105 251
121 251
164 251
176 251
186 251
189 251
208 251
217 251
222 251
226 251
228 251
229 251
236 251
245 251
0 252
1 252
12 252
26 252
38 252
50 252
54 252
55 252
61 252
62 252
101 252
109 252
117 252
124 252
132 252
139 252
148 252
166 252
175 252
176 252
189 252
190 252
194 252
197 252
200 252
210 252
215 252
245 252
6 253
7 253
17 253
23 253
40 253
57 253
58 253
62 253
73 253
83 253
93 253
119 253
125 253
128 253
129 253
132 253
150 253
157 253
158 253
159 253
176 253
179 253
182 253
186 253
194 253
213 253
220 253
229 253
6 254
8 254
22 254
73 254
80 254
84 254
89 254
98 254
107 254
115 254
127 254
144 254
169 254
181 254
191 254
192 254
193 254
211 254
215 254
222 254
223 254
224 254
229 254
231 254
232 254
235 254
242 254
22 255
29 255
35 255
72 255
112 255
113 255
132 255
144 255
168 255
183 255
185 255
188 255
214 255
222 255
231 255
242 255
246 255
37 256
38 256
42 256
56 256
62 256
79 256
100 256
108 256
115 256
119 256
121 256
136 256
154 256
156 256
160 256
170 256
172 256
180 256
186 256
187 256
190 256
202 256
224 256
229 256
240 256
243 256
1 257
11 257
12 257
13 257
22 257
30 257
35 257
47 257
58 257
64 257
68 257
108 257
110 257
115 257
118 257
131 257
134 257
151 257
164 257
165 257
169 257
176 257
191 257
209 257
229 257
234 257
238 257
246 257
22 258
31 258
33 258
38 258
50 258
54 258
71 258
79 258
151 258
165 258
167 258
171 258
172 258
174 258
196 258
204 258
206 258
207 258
211 258
215 258
218 258
228 258
236 258
247 258
11 259
14 259
18 259
29 259
33 259
35 259
45 259
50 259
55 259
58 259
83 259
86 259
91 259
95 259
115 259
123 259
134 259
145 259
153 259
156 259
158 259
159 259
175 259
176 259
182 259
205 259
207 259
209 259
229 259
247 259
3 260
32 260
40 260
59 260
64 260
75 260
78 260
104 260
107 260
115 260
121 260
135 260
138 260
149 260
153 260
158 260
159 260
176 260
180 260
182 260
187 260
196 260
239 260
241 260
245 260
15 261
16 261
31 261
36 261
37 261
92 261
100 261
114 261
120 261
126 261
143 261
146 261
149 261
157 261
169 261
176 261
194 261
202 261
204 261
209 261
214 261
215 261
216 261
247 261
1 262
9 262
41 262
62 262
71 262
81 262
89 262
95 262
102 262
103 262
114 262
118 262
140 262
146 262
154 262
157 262
162 262
170 262
175 262
219 262
236 262
20 263
48 263
63 263
65 263
83 263
105 263
111 263
112 263
123 263
135 263
137 263
148 263
194 263
214 263
219 263
230 263
234 263
247 263
4 264
7 264
8 264
22 264
38 264
39 264
41 264
50 264
51 264
57 264
58 264
63 264
78 264
80 264
84 264
87 264
112 264
123 264
124 264
130 264
131 264
136 264
140 264
144 264
146 264
148 264
149 264
171 264
183 264
195 264
197 264
198 264
203 264
213 264
218 264
219 264
220 264
8 265
13 265
17 265
18 265
35 265
67 265
69 265
79 265
99 265
107 265
123 265
154 265
177 265
179 265
183 265
192 265
202 265
208 265
230 265
19 266
63 266
67 266
77 266
83 266
95 266
96 266
149 266
152 266
160 266
168 266
177 266
181 266
187 266
191 266
199 266
200 266
201 266
214 266
224 266
231 266
0 267
39 267
40 267
41 267
49 267
55 267
63 267
87 267
90 267
94 267
101 267
119 267
120 267
130 267
141 267
153 267
155 267
164 267
227 267
238 267
261 267
27 268
30 268
45 268
50 268
75 268
78 268
104 268
113 268
122 268
137 268
140 268
141 268
145 268
161 268
177 268
190 268
207 268
209 268
215 268
216 268
225 268
228 268
231 268
234 268
235 268
248 268
255 268
263 268
1 269
3 269
15 269
17 269
20 269
34 269
38 269
46 269
53 269
54 269
62 269
63 269
64 269
70 269
73 269
75 269
78 269
88 269
90 269
95 269
101 269
104 269
109 269
126 269
139 269
157 269
165 269
191 269
202 269
240 269
261 269
2 270
24 270
25 270
40 270
43 270
47 270
49 270
57 270
77 270
84 270
95 270
100 270
115 270
149 270
152 270
158 270
161 270
176 270
181 270
207 270
209 270
233 270
247 270
262 270
0 271
2 271
14 271
21 271
30 271
63 271
65 271
70 271
72 271
73 271
76 271
77 271
82 271
123 271
124 271
135 271
146 271
170 271
182 271
194 271
196 271
201 271
227 271
228 271
10 272
13 272
14 272
22 272
23 272
39 272
48 272
58 272
74 272
87 272
92 272
99 272
105 272
118 272
120 272
127 272
128 272
144 272
159 272
165 272
173 272
185 272
197 272
202 272
209 272
215 272
219 272
229 272
231 272
236 272
240 272
253 272
259 272
2 273
4 273
12 273
60 273
104 273
106 273
113 273
114 273
118 273
137 273
146 273
158 273
159 273
160 273
162 273
182 273
195 273
205 273
211 273
235 273
239 273
250 273
253 273
257 273
261 273
9 274
17 274
20 274
33 274
41 274
52 274
65 274
69 274
80 274
111 274
126 274
138 274
142 274
146 274
170 274
175 274
189 274
190 274
193 274
199 274
213 274
227 274
235 274
248 274
253 274
12 275
17 275
24 275
51 275
55 275
56 275
71 275
72 275
77 275
82 275
86 275
116 275
119 275
138 275
146 275
153 275
162 275
182 275
185 275
205 275
213 275
215 275
230 275
249 275
254 275
0 276
1 276
24 276
25 276
30 276
38 276
41 276
47 276
51 276
52 276
53 276
56 276
69 276
109 276
122 276
126 276
130 276
148 276
151 276
154 276
158 276
191 276
192 276
193 276
208 276
210 276
214 276
239 276
258 276
3 277
6 277
24 277
67 277
100 277
119 277
120 277
125 277
155 277
161 277
180 277
183 277
200 277
215 277
219 277
223 277
229 277
256 277
13 278
23 278
28 278
29 278
33 278
41 278
49 278
57 278
68 278
92 278
93 278
106 278
107 278
113 278
126 278
127 278
143 278
147 278
149 278
165 278
171 278
176 278
191 278
198 278
230 278
237 278
244 278
246 278
248 278
259 278
0 279
11 279
21 279
32 279
60 279
64 279
73 279
83 279
97 279
108 279
124 279
134 279
149 279
165 279
167 279
168 279
183 279
184 279
205 279
216 279
222 279
249 279
253 279
267 279
275 279
3 280
8 280
36 280
37 280
40 280
45 280
56 280
82 280
93 280
106 280
140 280
145 280
159 280
160 280
162 280
173 280
185 280
205 280
207 280
210 280
234 280
243 280
248 280
266 280
269 280
275 280
28 281
29 281
50 281
51 281
57 281
58 281
64 281
68 281
97 281
102 281
106 281
107 281
110 281
127 281
131 281
143 281
182 281
183 281
192 281
198 281
200 281
206 281
213 281
215 281
223 281
230 281
231 281
237 281
248 281
249 281
258 281
262 281
270 281
17 282
20 282
34 282
35 282
38 282
44 282
60 282
78 282
87 282
90 282
98 282
126 282
144 282
186 282
199 282
206 282
208 282
234 282
258 282
263 282
2 283
12 283
22 283
23 283
26 283
34 283
42 283
44 283
48 283
65 283
86 283
99 283
110 283
120 283
122 283
138 283
140 283
141 283
144 283
147 283
148 283
149 283
150 283
151 283
166 283
167 283
193 283
197 283
214 283
239 283
271 283
2 284
27 284
29 284
31 284
32 284
42 284
51 284
65 284
100 284
131 284
134 284
138 284
147 284
150 284
153 284
173 284
174 284
176 284
211 284
220 284
236 284
0 285
7 285
20 285
32 285
37 285
41 285
43 285
71 285
83 285
97 285
103 285
104 285
110 285
124 285
137 285
148 285
151 285
156 285
163 285
190 285
193 285
212 285
215 285
225 285
235 285
242 285
264 285
270 285
4 286
11 286
15 286
16 286
18 286
53 286
64 286
87 286
99 286
107 286
125 286
164 286
174 286
195 286
207 286
223 286
225 286
226 286
230 286
243 286
245 286
249 286
252 286
256 286
270 286
0 287
7 287
46 287
52 287
58 287
60 287
61 287
70 287
71 287
76 287
87 287
89 287
90 287
94 287
95 287
113 287
138 287
141 287
150 287
155 287
165 287
178 287
181 287
191 287
195 287
203 287
230 287
233 287
235 287
241 287
243 287
246 287
248 287
5 288
9 288
26 288
27 288
29 288
37 288
40 288
53 288
60 288
67 288
84 288
85 288
89 288
96 288
103 288
125 288
132 288
154 288
156 288
163 288
170 288
175 288
197 288
224 288
228 288
230 288
232 288
239 288
244 288
246 288
21 289
28 289
35 289
39 289
47 289
67 289
71 289
85 289
86 289
98 289
99 289
115 289
120 289
150 289
158 289
177 289
188 289
199 289
201 289
203 289
224 289
233 289
235 289
247 289
252 289
255 289
260 289
269 289
271 289
12 290
19 290
22 290
23 290
29 290
40 290
56 290
65 290
75 290
84 290
106 290
122 290
136 290
149 290
156 290
159 290
171 290
175 290
189 290
193 290
195 290
196 290
199 290
204 290
212 290
217 290
226 290
237 290
242 290
247 290
248 290
251 290
255 290
261 290
282 290
288 290
2 291
19 291
20 291
57 291
65 291
80 291
86 291
112 291
142 291
144 291
145 291
148 291
150 291
168 291
194 291
196 291
208 291
219 291
224 291
230 291
241 291
247 291
251 291
256 291
279 291
21 292
33 292
38 292
52 292
60 292
75 292
98 292
110 292
116 292
125 292
144 292
148 292
176 292
188 292
194 292
203 292
204 292
205 292
209 292
215 292
223 292
234 292
247 292
270 292
6 293
7 293
10 293
21 293
29 293
33 293
45 293
50 293
51 293
56 293
81 293
94 293
120 293
147 293
149 293
163 293
170 293
173 293
204 293
219 293
229 293
234 293
245 293
246 293
252 293
267 293
269 293
271 293
287 293
0 294
1 294
4 294
18 294
46 294
53 294
68 294
78 294
90 294
101 294
114 294
171 294
198 294
200 294
203 294
205 294
212 294
222 294
225 294
227 294
233 294
252 294
266 294
269 294
277 294
283 294
284 294
4 295
23 295
28 295
41 295
61 295
72 295
85 295
113 295
124 295
130 295
131 295
167 295
174 295
176 295
177 295
179 295
194 295
197 295
215 295
217 295
219 295
220 295
236 295
241 295
244 295
253 295
255 295
263 295
274 295
289 295
29 296
49 296
56 296
62 296
75 296
81 296
88 296
122 296
123 296
156 296
188 296
220 296
231 296
233 296
236 296
247 296
251 296
256 296
259 296
282 296
5 297
13 297
52 297
58 297
72 297
74 297
75 297
101 297
103 297
105 297
106 297
112 297
128 297
155 297
161 297
165 297
197 297
202 297
209 297
213 297
252 297
288 297
14 298
39 298
62 298
67 298
78 298
90 298
95 298
100 298
113 298
115 298
134 298
137 298
163 298
164 298
177 298
186 298
187 298
188 298
221 298
230 298
231 298
236 298
260 298
267 298
273 298
277 298
282 298
287 298
23 299
39 299
43 299
89 299
107 299
125 299
131 299
137 299
140 299
150 299
153 299
160 299
171 299
182 299
187 299
201 299
212 299
224 299
239 299
244 299
259 299
264 299
