300 3516 5
7 10 11 4 6 14 6 5 8 11 5 8 10 4 5 11 13 9 7 6 10 10 13 7 11 15 5 7 16 14 9 5 6 11 10 6 5 8 7 17 6 5 6 11 5 16 7 5 5 7 11 11 13 12 6 13 10 14 6 4 9 11 10 14 6 4 4 10 12 5 12 8 5 10 4 13 12 6 4 3 5 9 14 5 5 4 14 10 4 7 12 4 10 4 13 8 5 9 8 6 13 5 15 4 5 8 10 6 6 5 6 10 8 9 5 5 7 5 5 9 10 7 4 5 12 15 4 8 13 13 5 12 5 6 8 6 11 6 6 6 7 13 9 9 6 14 10 9 7 6 13 4 12 8 10 4 11 4 6 4 7 5 10 5 7 4 10 5 13 6 7 9 13 12 11 6 11 7 5 5 5 9 12 5 4 3 14 4 14 10 5 11 9 15 9 5 11 5 4 14 8 7 7 5 11 12 5 7 12 6 5 7 11 10 5 4 16 10 5 13 6 5 11 8 5 7 13 5 14 8 4 6 5 13 9 4 4 7 9 6 15 7 9 12 4 4 12 13 2 8 2 10 6 6 11 9 6 11 11 5 6 14 9 12 4 8 6 6 6 6 6 13 13 6 7 5 6 5 6 5 6 4 18 10 11 5 6 6 4 12 5 10 4 14 4 5 7 5 14 8
1 3
2 3
3 4
2 8
3 10
4 11
1 12
10 12
0 15
5 16
15 17
7 18
13 19
14 19
11 20
19 20
13 21
15 22
0 23
6 23
11 23
2 24
2 25
6 25
8 25
16 25
2 27
18 27
9 28
12 28
13 28
14 28
21 28
27 28
3 29
0 30
12 30
18 30
16 32
18 32
15 33
17 33
31 33
32 33
1 34
12 34
22 34
33 34
2 35
18 35
25 35
13 36
16 36
17 36
11 37
17 37
6 38
0 39
19 39
2 40
8 40
7 41
19 41
16 42
32 42
33 42
37 42
2 43
22 43
23 43
25 43
38 43
30 45
31 45
5 46
37 46
41 46
3 47
10 47
18 47
35 47
0 48
1 48
32 48
46 48
3 49
5 49
7 50
23 50
31 50
8 51
16 51
42 51
44 51
46 51
21 52
23 52
31 52
5 53
16 53
31 54
48 54
19 55
20 55
32 55
33 56
5 57
14 57
30 57
40 57
6 58
16 58
17 58
23 58
47 58
49 58
21 59
30 59
0 60
1 60
6 60
9 60
19 60
35 60
36 60
41 60
46 60
58 60
1 61
2 61
21 61
25 61
18 62
28 62
55 62
59 62
15 63
39 63
40 63
1 64
5 64
11 64
32 64
9 65
22 65
27 65
36 65
37 66
62 66
2 67
11 67
14 67
46 67
56 67
65 67
0 68
2 68
42 68
65 68
3 69
46 69
61 69
35 70
1 71
32 71
39 71
44 71
48 71
49 71
12 72
15 72
19 72
21 72
42 72
50 72
62 72
70 72
25 73
28 73
52 73
61 73
65 73
69 73
3 74
15 74
19 74
26 74
59 74
60 74
69 74
45 75
60 75
67 75
25 76
37 76
40 76
48 76
55 76
57 76
67 76
73 76
10 77
31 77
66 77
76 77
2 78
9 78
11 78
18 78
19 78
26 78
57 78
62 78
68 78
74 78
76 78
5 79
37 79
47 79
59 79
5 80
9 80
12 80
13 80
17 80
33 80
57 80
74 80
76 80
2 81
8 81
18 81
33 81
80 81
0 82
26 82
35 82
40 82
45 82
63 82
65 82
0 83
13 83
18 83
31 83
33 83
34 83
56 83
17 84
21 84
27 84
45 84
48 84
49 84
57 84
60 84
2 85
6 85
8 85
20 85
48 85
59 85
62 85
63 85
65 85
18 86
31 86
35 86
48 86
58 86
59 86
83 86
85 86
10 87
18 87
19 87
31 87
33 87
74 87
77 87
7 88
23 88
44 88
76 88
84 88
20 89
55 89
58 89
76 89
80 89
87 89
30 90
41 90
48 90
57 90
58 90
59 90
76 90
86 90
12 91
14 91
50 91
53 91
59 91
65 91
66 91
80 91
0 92
27 92
34 92
42 92
51 92
61 92
71 92
79 92
87 92
91 92
1 93
21 93
51 93
64 93
81 93
84 93
87 93
90 93
13 94
16 94
37 94
45 94
50 94
51 94
53 94
55 94
63 94
67 94
85 94
9 95
12 95
14 95
28 95
43 95
49 95
1 96
16 96
23 96
54 96
59 96
80 96
81 96
88 96
91 96
93 96
95 96
9 97
10 97
12 97
22 97
33 97
43 97
48 97
81 97
85 97
94 97
5 98
6 98
9 98
41 98
66 98
41 99
47 99
56 99
62 99
65 99
74 99
89 99
96 99
13 100
25 100
52 100
56 100
61 100
64 100
88 100
98 100
1 101
36 101
68 101
70 101
73 101
100 101
7 102
22 102
24 102
28 102
56 102
67 102
73 102
80 102
81 102
86 102
95 102
98 102
17 103
21 103
55 103
67 103
79 103
3 104
8 104
12 104
48 104
52 104
69 104
72 104
80 104
3 105
27 105
37 105
55 105
66 105
85 105
97 105
46 106
47 106
59 106
85 106
18 107
19 107
42 107
46 107
50 107
70 107
71 107
79 107
80 107
17 108
45 108
51 108
70 108
72 108
93 108
94 108
99 108
4 109
9 109
16 109
39 109
43 109
46 109
56 109
79 109
95 109
100 109
17 110
33 110
44 110
52 110
55 110
88 110
96 110
98 110
12 111
14 111
19 111
21 111
25 111
63 111
65 111
1 112
9 112
13 112
22 112
27 112
33 112
48 112
60 112
80 112
86 112
15 113
28 113
47 113
49 113
50 113
75 113
81 113
87 113
98 113
9 114
28 114
35 114
36 114
82 114
99 114
107 114
4 115
31 115
44 115
45 115
80 115
90 115
113 115
2 116
4 116
7 116
33 116
44 116
56 116
87 116
10 117
47 117
51 117
56 117
59 117
76 117
85 117
106 117
9 118
12 118
47 118
51 118
72 118
106 118
109 118
2 119
14 119
21 119
23 119
26 119
34 119
43 119
72 119
76 119
77 119
89 119
94 119
95 119
100 119
110 119
113 119
0 120
3 120
23 120
24 120
30 120
31 120
49 120
50 120
61 120
67 120
95 120
110 120
114 120
3 121
39 121
65 121
71 121
73 121
76 121
79 121
80 121
87 121
101 121
117 121
118 121
120 121
6 122
18 122
59 122
90 122
6 123
41 123
46 123
47 123
64 123
5 124
7 124
10 124
12 124
43 124
50 124
51 124
64 124
86 124
95 124
109 124
123 124
9 125
12 125
16 125
24 125
34 125
35 125
48 125
49 125
77 125
100 125
104 125
122 125
0 126
2 126
5 126
12 126
32 126
37 126
41 126
47 126
50 126
71 126
93 126
95 126
99 126
117 126
118 126
60 127
61 127
68 127
78 127
83 127
94 127
95 127
121 127
123 127
2 128
52 128
76 128
108 128
109 128
117 128
119 128
120 128
121 128
125 128
11 129
74 129
95 129
8 130
9 130
11 130
18 130
22 130
32 130
52 130
61 130
64 130
72 130
76 130
99 130
110 130
120 130
1 131
3 131
13 131
23 131
29 131
30 131
41 131
56 131
63 131
64 131
66 131
68 131
71 131
79 131
81 131
82 131
84 131
86 131
94 131
113 131
116 131
127 131
1 132
2 132
9 132
14 132
15 132
20 132
23 132
31 132
53 132
70 132
81 132
92 132
95 132
104 132
105 132
3 133
6 133
10 133
27 133
34 133
50 133
64 133
78 133
111 133
113 133
114 133
32 134
49 134
54 134
62 134
66 134
100 134
105 134
109 134
125 134
21 135
22 135
26 135
29 135
55 135
56 135
80 135
108 135
129 135
130 135
6 136
19 136
25 136
27 136
32 136
37 136
45 136
54 136
73 136
85 136
90 136
98 136
103 136
113 136
127 136
2 137
10 137
12 137
23 137
40 137
43 137
44 137
45 137
49 137
50 137
57 137
69 137
79 137
81 137
85 137
99 137
104 137
126 137
132 137
133 137
0 138
12 138
28 138
30 138
35 138
41 138
92 138
100 138
102 138
103 138
117 138
134 138
3 139
17 139
69 139
75 139
95 139
138 139
3 140
13 140
33 140
47 140
51 140
83 140
92 140
94 140
102 140
108 140
117 140
131 140
3 141
7 141
8 141
10 141
18 141
31 141
62 141
64 141
92 141
95 141
33 142
51 142
56 142
66 142
76 142
77 142
82 142
106 142
124 142
3 143
14 143
24 143
48 143
52 143
66 143
74 143
75 143
88 143
100 143
117 143
0 144
1 144
22 144
85 144
91 144
98 144
100 144
109 144
132 144
139 144
11 145
17 145
18 145
46 145
47 145
75 145
82 145
89 145
93 145
106 145
125 145
126 145
130 145
132 145
12 146
50 146
81 146
84 146
87 146
91 146
101 146
109 146
145 146
20 147
31 147
35 147
41 147
73 147
80 147
86 147
93 147
100 147
109 147
117 147
124 147
13 148
17 148
21 148
30 148
43 148
49 148
65 148
111 148
122 148
130 148
133 148
134 148
136 148
140 148
146 148
23 149
31 149
32 149
57 149
82 149
101 149
112 149
124 149
135 149
18 150
25 150
44 150
73 150
86 150
103 150
117 150
119 150
131 150
134 150
141 150
144 150
6 151
16 151
36 151
39 151
41 151
52 151
96 151
100 151
112 151
113 151
123 151
134 151
136 151
146 151
1 152
8 152
38 152
73 152
79 152
82 152
86 152
103 152
104 152
106 152
109 152
119 152
132 152
133 152
139 152
6 153
21 153
23 153
36 153
60 153
77 153
82 153
92 153
120 153
129 153
6 154
31 154
52 154
66 154
69 154
86 154
106 154
120 154
126 154
139 154
0 155
25 155
37 155
39 155
40 155
58 155
69 155
70 155
85 155
86 155
100 155
129 155
2 156
5 156
23 156
28 156
57 156
96 156
100 156
101 156
117 156
124 156
126 156
134 156
0 157
10 157
24 157
46 157
71 157
73 157
83 157
110 157
121 157
131 157
139 157
141 157
6 158
15 158
17 158
23 158
38 158
53 158
61 158
82 158
106 158
108 158
110 158
117 158
128 158
136 158
138 158
140 158
146 158
147 158
0 159
14 159
30 159
62 159
65 159
69 159
91 159
129 159
130 159
10 160
40 160
55 160
66 160
68 160
69 160
82 160
83 160
84 160
90 160
97 160
98 160
99 160
102 160
103 160
126 160
130 160
138 160
140 160
144 160
148 160
150 160
157 160
1 161
57 161
71 161
83 161
85 161
107 161
129 161
146 161
154 161
157 161
2 162
27 162
38 162
61 162
77 162
82 162
85 162
87 162
91 162
96 162
115 162
117 162
123 162
127 162
132 162
147 162
149 162
24 163
48 163
77 163
85 163
87 163
112 163
117 163
121 163
126 163
140 163
143 163
147 163
150 163
153 163
22 164
39 164
46 164
60 164
73 164
76 164
112 164
130 164
137 164
146 164
155 164
8 165
17 165
25 165
45 165
55 165
70 165
98 165
108 165
112 165
128 165
134 165
135 165
143 165
145 165
152 165
46 166
70 166
76 166
119 166
123 166
125 166
129 166
139 166
162 166
8 167
12 167
15 167
24 167
27 167
37 167
48 167
55 167
73 167
85 167
99 167
112 167
163 167
1 168
25 168
32 168
36 168
37 168
52 168
53 168
64 168
72 168
82 168
100 168
114 168
158 168
161 168
163 168
2 169
5 169
7 169
21 169
23 169
29 169
37 169
50 169
55 169
62 169
75 169
116 169
119 169
164 169
5 170
17 170
30 170
35 170
44 170
62 170
108 170
112 170
114 170
118 170
169 170
16 171
35 171
42 171
43 171
65 171
105 171
109 171
112 171
9 172
48 172
51 172
78 172
114 172
117 172
120 172
127 172
129 172
138 172
140 172
165 172
7 173
29 173
51 173
87 173
102 173
107 173
108 173
114 173
134 173
139 173
145 173
156 173
5 174
10 174
19 174
25 174
36 174
57 174
59 174
67 174
83 174
84 174
88 174
115 174
122 174
125 174
127 174
138 174
140 174
157 174
163 174
172 174
6 175
7 175
8 175
25 175
28 175
45 175
49 175
50 175
54 175
99 175
100 175
104 175
107 175
109 175
121 175
130 175
151 175
157 175
167 175
7 176
10 176
12 176
21 176
41 176
72 176
79 176
80 176
84 176
87 176
92 176
100 176
116 176
10 177
17 177
26 177
33 177
36 177
39 177
58 177
60 177
83 177
87 177
99 177
113 177
117 177
121 177
126 177
133 177
134 177
144 177
163 177
166 177
6 178
83 178
96 178
105 178
108 178
144 178
146 178
155 178
175 178
2 179
13 179
14 179
30 179
32 179
40 179
59 179
81 179
102 179
114 179
127 179
132 179
144 179
149 179
168 179
174 179
175 179
177 179
7 180
37 180
43 180
45 180
53 180
71 180
74 180
92 180
102 180
108 180
109 180
117 180
122 180
134 180
138 180
142 180
153 180
155 180
170 180
172 180
174 180
178 180
179 180
3 181
8 181
18 181
35 181
58 181
59 181
77 181
83 181
112 181
145 181
166 181
170 181
13 182
52 182
73 182
80 182
83 182
97 182
107 182
125 182
126 182
134 182
143 182
178 182
181 182
6 183
50 183
85 183
102 183
103 183
107 183
111 183
126 183
137 183
140 183
141 183
152 183
161 183
167 183
169 183
179 183
10 184
18 184
36 184
38 184
71 184
80 184
103 184
121 184
125 184
129 184
134 184
162 184
178 184
3 185
7 185
12 185
21 185
69 185
77 185
89 185
94 185
125 185
150 185
158 185
163 185
2 186
19 186
25 186
36 186
46 186
50 186
63 186
75 186
99 186
110 186
125 186
128 186
143 186
170 186
181 186
0 187
1 187
22 187
28 187
30 187
32 187
37 187
42 187
45 187
51 187
62 187
66 187
82 187
92 187
122 187
178 187
180 187
184 187
3 188
9 188
13 188
19 188
20 188
42 188
82 188
111 188
125 188
126 188
127 188
130 188
134 188
136 188
149 188
157 188
175 188
34 189
46 189
48 189
59 189
84 189
98 189
103 189
109 189
119 189
129 189
135 189
11 190
18 190
35 190
56 190
69 190
86 190
93 190
123 190
130 190
8 191
14 191
27 191
31 191
36 191
41 191
70 191
84 191
116 191
144 191
164 191
168 191
182 191
184 191
11 192
17 192
48 192
57 192
70 192
106 192
111 192
123 192
141 192
153 192
178 192
181 192
9 193
28 193
32 193
33 193
59 193
65 193
73 193
93 193
101 193
119 193
128 193
134 193
135 193
144 193
146 193
154 193
187 193
5 194
7 194
22 194
25 194
31 194
46 194
50 194
65 194
69 194
93 194
94 194
98 194
100 194
101 194
113 194
125 194
132 194
134 194
142 194
148 194
152 194
159 194
161 194
173 194
177 194
37 195
54 195
57 195
90 195
100 195
110 195
123 195
138 195
152 195
153 195
174 195
182 195
11 196
14 196
15 196
21 196
42 196
45 196
59 196
60 196
61 196
78 196
93 196
95 196
129 196
131 196
136 196
160 196
169 196
183 196
6 197
29 197
42 197
97 197
110 197
128 197
135 197
139 197
155 197
159 197
160 197
181 197
5 198
27 198
37 198
54 198
65 198
90 198
104 198
116 198
126 198
133 198
144 198
153 198
170 198
171 198
185 198
197 198
2 199
4 199
16 199
44 199
74 199
81 199
97 199
112 199
128 199
129 199
151 199
159 199
167 199
15 200
19 200
21 200
23 200
38 200
42 200
47 200
111 200
164 200
173 200
180 200
181 200
19 201
22 201
32 201
39 201
45 201
59 201
72 201
83 201
84 201
85 201
108 201
111 201
114 201
132 201
136 201
147 201
151 201
198 201
12 202
13 202
14 202
15 202
40 202
55 202
63 202
91 202
92 202
116 202
118 202
134 202
156 202
183 202
6 203
8 203
11 203
17 203
38 203
60 203
88 203
98 203
106 203
136 203
146 203
148 203
170 203
33 204
34 204
40 204
46 204
50 204
67 204
114 204
124 204
126 204
130 204
135 204
136 204
139 204
149 204
151 204
161 204
164 204
174 204
175 204
203 204
15 205
24 205
49 205
71 205
76 205
78 205
115 205
140 205
141 205
144 205
156 205
159 205
162 205
165 205
167 205
187 205
189 205
0 206
12 206
45 206
65 206
75 206
76 206
85 206
101 206
102 206
127 206
147 206
150 206
174 206
193 206
195 206
2 207
14 207
18 207
28 207
68 207
69 207
72 207
77 207
85 207
135 207
153 207
186 207
195 207
198 207
202 207
2 208
4 208
21 208
42 208
51 208
107 208
108 208
113 208
151 208
153 208
170 208
180 208
200 208
202 208
17 209
29 209
32 209
38 209
96 209
113 209
114 209
164 209
166 209
167 209
170 209
50 210
62 210
68 210
77 210
80 210
114 210
115 210
157 210
166 210
173 210
6 211
42 211
45 211
49 211
57 211
73 211
74 211
76 211
85 211
88 211
120 211
123 211
136 211
143 211
144 211
159 211
164 211
172 211
192 211
201 211
210 211
1 212
8 212
14 212
31 212
50 212
58 212
81 212
86 212
103 212
108 212
116 212
119 212
126 212
134 212
139 212
149 212
167 212
180 212
182 212
5 213
18 213
32 213
38 213
78 213
86 213
105 213
121 213
125 213
127 213
129 213
130 213
138 213
143 213
157 213
191 213
194 213
197 213
200 213
212 213
18 214
54 214
56 214
60 214
71 214
89 214
105 214
118 214
132 214
137 214
139 214
145 214
150 214
155 214
160 214
162 214
166 214
202 214
206 214
22 215
25 215
30 215
46 215
51 215
61 215
95 215
131 215
144 215
178 215
188 215
196 215
199 215
213 215
1 216
53 216
67 216
105 216
106 216
117 216
123 216
126 216
135 216
157 216
178 216
187 216
198 216
26 217
34 217
40 217
59 217
60 217
75 217
114 217
135 217
139 217
163 217
175 217
183 217
195 217
203 217
208 217
16 218
17 218
22 218
63 218
80 218
91 218
103 218
107 218
112 218
128 218
155 218
171 218
180 218
186 218
212 218
7 219
23 219
24 219
25 219
42 219
47 219
54 219
57 219
95 219
107 219
113 219
119 219
122 219
151 219
158 219
162 219
168 219
170 219
183 219
184 219
205 219
206 219
7 220
26 220
33 220
35 220
53 220
60 220
115 220
124 220
127 220
156 220
162 220
179 220
180 220
186 220
187 220
193 220
210 220
219 220
22 221
26 221
43 221
64 221
68 221
87 221
103 221
114 221
130 221
137 221
152 221
163 221
193 221
199 221
211 221
214 221
3 222
13 222
21 222
51 222
56 222
64 222
70 222
72 222
89 222
96 222
98 222
115 222
128 222
138 222
143 222
180 222
210 222
211 222
219 222
0 223
2 223
38 223
42 223
44 223
74 223
79 223
114 223
121 223
124 223
133 223
146 223
154 223
200 223
204 223
221 223
28 224
49 224
62 224
90 224
95 224
103 224
104 224
105 224
106 224
136 224
157 224
158 224
169 224
174 224
192 224
194 224
198 224
207 224
211 224
212 224
214 224
11 225
15 225
19 225
20 225
24 225
26 225
38 225
39 225
68 225
83 225
91 225
92 225
95 225
121 225
141 225
167 225
177 225
224 225
34 226
48 226
68 226
77 226
120 226
132 226
150 226
184 226
185 226
211 226
218 226
219 226
20 227
26 227
28 227
30 227
41 227
49 227
50 227
64 227
65 227
91 227
101 227
109 227
115 227
138 227
148 227
154 227
165 227
219 227
220 227
5 228
21 228
27 228
72 228
80 228
91 228
107 228
148 228
168 228
183 228
184 228
217 228
10 229
21 229
22 229
34 229
43 229
54 229
62 229
65 229
77 229
84 229
91 229
110 229
147 229
159 229
160 229
174 229
186 229
217 229
1 230
11 230
12 230
34 230
60 230
63 230
87 230
94 230
130 230
143 230
144 230
160 230
174 230
182 230
187 230
197 230
205 230
210 230
224 230
228 230
18 231
22 231
39 231
67 231
69 231
74 231
81 231
111 231
116 231
132 231
144 231
192 231
194 231
219 231
230 231
1 232
28 232
43 232
44 232
62 232
74 232
91 232
103 232
106 232
108 232
121 232
129 232
132 232
174 232
178 232
189 232
214 232
8 233
16 233
17 233
23 233
38 233
54 233
75 233
80 233
113 233
119 233
139 233
156 233
163 233
173 233
181 233
231 233
1 234
7 234
11 234
15 234
56 234
59 234
63 234
66 234
83 234
93 234
106 234
135 234
144 234
163 234
213 234
218 234
221 234
231 234
232 234
33 235
59 235
84 235
88 235
102 235
111 235
118 235
128 235
133 235
139 235
140 235
199 235
7 236
8 236
31 236
39 236
45 236
48 236
56 236
57 236
81 236
92 236
101 236
103 236
114 236
133 236
151 236
164 236
178 236
209 236
217 236
232 236
11 237
18 237
28 237
32 237
37 237
57 237
59 237
85 237
114 237
116 237
119 237
125 237
127 237
132 237
134 237
153 237
159 237
162 237
164 237
172 237
177 237
202 237
12 238
21 238
79 238
81 238
106 238
112 238
119 238
120 238
124 238
136 238
140 238
141 238
158 238
169 238
170 238
172 238
174 238
178 238
184 238
197 238
201 238
1 239
3 239
7 239
10 239
51 239
59 239
85 239
88 239
92 239
101 239
109 239
110 239
125 239
139 239
142 239
185 239
192 239
199 239
204 239
0 240
3 240
33 240
36 240
53 240
75 240
95 240
101 240
106 240
131 240
146 240
177 240
217 240
218 240
226 240
12 241
23 241
26 241
54 241
61 241
67 241
72 241
73 241
84 241
87 241
88 241
134 241
135 241
138 241
143 241
145 241
157 241
206 241
207 241
209 241
224 241
227 241
239 241
6 242
22 242
33 242
49 242
63 242
73 242
81 242
83 242
117 242
124 242
131 242
136 242
149 242
160 242
164 242
216 242
217 242
234 242
238 242
17 243
20 243
43 243
94 243
100 243
123 243
171 243
185 243
213 243
216 243
220 243
222 243
230 243
1 244
5 244
24 244
46 244
74 244
100 244
124 244
136 244
143 244
146 244
160 244
162 244
173 244
196 244
211 244
215 244
220 244
238 244
24 245
28 245
64 245
68 245
82 245
86 245
96 245
110 245
111 245
143 245
146 245
163 245
165 245
179 245
204 245
211 245
234 245
11 246
20 246
31 246
32 246
51 246
52 246
60 246
75 246
82 246
111 246
114 246
129 246
133 246
146 246
153 246
164 246
197 246
203 246
211 246
212 246
222 246
34 247
39 247
41 247
59 247
64 247
87 247
88 247
99 247
132 247
133 247
138 247
151 247
154 247
155 247
178 247
182 247
185 247
192 247
215 247
238 247
240 247
242 247
8 248
39 248
44 248
58 248
60 248
63 248
68 248
71 248
86 248
94 248
101 248
110 248
114 248
138 248
168 248
201 248
202 248
208 248
209 248
213 248
230 248
3 249
8 249
15 249
38 249
56 249
61 249
80 249
92 249
94 249
140 249
156 249
157 249
162 249
181 249
212 249
219 249
230 249
13 250
18 250
21 250
29 250
36 250
38 250
62 250
87 250
89 250
104 250
141 250
142 250
152 250
157 250
159 250
163 250
170 250
184 250
191 250
195 250
212 250
240 250
241 250
3 251
21 251
22 251
44 251
55 251
67 251
70 251
82 251
98 251
100 251
116 251
119 251
145 251
160 251
165 251
184 251
189 251
195 251
197 251
215 251
221 251
229 251
239 251
248 251
14 252
19 252
26 252
29 252
82 252
108 252
114 252
118 252
132 252
151 252
152 252
153 252
157 252
178 252
197 252
199 252
221 252
237 252
239 252
247 252
6 253
20 253
63 253
93 253
105 253
118 253
129 253
134 253
137 253
139 253
140 253
152 253
187 253
223 253
236 253
240 253
2 254
21 254
24 254
29 254
32 254
48 254
65 254
108 254
136 254
141 254
163 254
167 254
176 254
224 254
228 254
7 255
13 255
16 255
17 255
19 255
45 255
62 255
90 255
97 255
109 255
127 255
141 255
155 255
193 255
218 255
222 255
228 255
229 255
241 255
20 256
21 256
22 256
25 256
28 256
36 256
37 256
73 256
75 256
80 256
88 256
122 256
149 256
152 256
177 256
190 256
220 256
222 256
232 256
238 256
34 257
41 257
48 257
49 257
61 257
64 257
78 257
82 257
85 257
89 257
93 257
99 257
116 257
194 257
213 257
216 257
219 257
220 257
234 257
242 257
244 257
246 257
2 258
9 258
21 258
44 258
46 258
87 258
93 258
110 258
133 258
155 258
162 258
167 258
193 258
200 258
206 258
207 258
220 258
225 258
250 258
13 259
23 259
48 259
59 259
66 259
78 259
83 259
99 259
137 259
144 259
149 259
175 259
199 259
202 259
212 259
226 259
253 259
0 260
1 260
16 260
49 260
60 260
69 260
70 260
76 260
103 260
107 260
110 260
138 260
153 260
154 260
166 260
198 260
203 260
209 260
218 260
222 260
227 260
255 260
258 260
6 261
8 261
10 261
13 261
14 261
32 261
34 261
35 261
43 261
51 261
63 261
65 261
105 261
119 261
163 261
165 261
169 261
170 261
172 261
186 261
208 261
217 261
222 261
226 261
247 261
256 261
6 262
12 262
22 262
33 262
58 262
84 262
95 262
106 262
109 262
116 262
118 262
123 262
139 262
141 262
148 262
157 262
175 262
196 262
197 262
199 262
202 262
215 262
230 262
236 262
250 262
254 262
255 262
5 263
9 263
13 263
36 263
47 263
67 263
88 263
91 263
109 263
120 263
125 263
146 263
159 263
173 263
231 263
238 263
255 263
24 264
25 264
46 264
100 264
102 264
106 264
114 264
124 264
134 264
138 264
141 264
146 264
176 264
180 264
190 264
205 264
221 264
234 264
245 264
258 264
3 265
10 265
32 265
33 265
37 265
47 265
65 265
68 265
86 265
95 265
103 265
114 265
124 265
131 265
146 265
168 265
169 265
170 265
196 265
229 265
242 265
245 265
252 265
256 265
258 265
5 266
39 266
119 266
131 266
137 266
151 266
157 266
167 266
172 266
187 266
217 266
233 266
239 266
264 266
1 267
8 267
16 267
24 267
32 267
60 267
61 267
68 267
78 267
94 267
108 267
134 267
141 267
148 267
158 267
207 267
217 267
236 267
257 267
3 268
21 268
63 268
74 268
93 268
109 268
127 268
139 268
142 268
143 268
159 268
169 268
180 268
202 268
203 268
206 268
216 268
223 268
234 268
249 268
4 269
30 269
35 269
38 269
41 269
47 269
68 269
73 269
75 269
82 269
95 269
113 269
130 269
139 269
152 269
191 269
195 269
198 269
204 269
218 269
223 269
234 269
240 269
252 269
257 269
0 270
1 270
6 270
7 270
13 270
30 270
42 270
50 270
53 270
66 270
102 270
104 270
113 270
117 270
137 270
149 270
153 270
160 270
168 270
186 270
189 270
213 270
238 270
241 270
16 271
29 271
35 271
37 271
47 271
75 271
85 271
96 271
109 271
126 271
127 271
136 271
145 271
180 271
183 271
243 271
244 271
264 271
270 271
10 272
16 272
21 272
40 272
70 272
82 272
138 272
160 272
203 272
223 272
257 272
30 273
32 273
44 273
70 273
96 273
112 273
119 273
154 273
188 273
192 273
194 273
198 273
206 273
233 273
235 273
251 273
253 273
255 273
10 274
11 274
16 274
42 274
81 274
90 274
99 274
110 274
116 274
120 274
124 274
137 274
143 274
162 274
172 274
196 274
201 274
204 274
207 274
222 274
223 274
232 274
0 275
12 275
18 275
28 275
35 275
44 275
51 275
82 275
89 275
97 275
110 275
115 275
119 275
124 275
141 275
152 275
167 275
173 275
184 275
192 275
231 275
246 275
260 275
268 275
270 275
4 276
9 276
11 276
14 276
16 276
32 276
41 276
50 276
54 276
66 276
70 276
81 276
99 276
105 276
108 276
113 276
144 276
149 276
176 276
179 276
181 276
193 276
201 276
208 276
212 276
216 276
224 276
232 276
234 276
236 276
238 276
239 276
249 276
252 276
253 276
256 276
257 276
275 276
19 277
25 277
53 277
54 277
63 277
70 277
75 277
89 277
92 277
102 277
105 277
120 277
138 277
147 277
148 277
152 277
177 277
197 277
202 277
216 277
221 277
229 277
232 277
244 277
253 277
260 277
266 277
8 278
10 278
23 278
50 278
68 278
84 278
86 278
89 278
115 278
123 278
130 278
146 278
150 278
164 278
170 278
181 278
195 278
266 278
267 278
19 279
29 279
47 279
53 279
62 279
76 279
85 279
89 279
94 279
97 279
102 279
109 279
115 279
130 279
132 279
142 279
163 279
164 279
166 279
174 279
205 279
245 279
249 279
255 279
268 279
271 279
273 279
3 280
15 280
21 280
28 280
36 280
52 280
61 280
80 280
82 280
84 280
131 280
166 280
186 280
187 280
199 280
212 280
223 280
224 280
244 280
245 280
271 280
278 280
5 281
21 281
57 281
77 281
88 281
103 281
111 281
128 281
138 281
143 281
161 281
174 281
175 281
186 281
193 281
202 281
207 281
222 281
243 281
253 281
258 281
20 282
23 282
25 282
46 282
51 282
63 282
77 282
83 282
86 282
102 282
116 282
155 282
173 282
188 282
199 282
213 282
217 282
224 282
236 282
243 282
248 282
257 282
280 282
26 283
52 283
60 283
65 283
74 283
87 283
129 283
165 283
170 283
185 283
191 283
196 283
205 283
207 283
252 283
264 283
269 283
281 283
282 283
33 284
50 284
94 284
104 284
128 284
150 284
153 284
160 284
169 284
196 284
211 284
221 284
247 284
260 284
268 284
1 285
12 285
13 285
28 285
46 285
50 285
70 285
98 285
102 285
114 285
117 285
121 285
128 285
149 285
189 285
198 285
201 285
203 285
208 285
215 285
220 285
230 285
251 285
267 285
273 285
276 285
6 286
34 286
51 286
70 286
82 286
92 286
98 286
100 286
104 286
113 286
117 286
132 286
141 286
147 286
163 286
189 286
202 286
278 286
282 286
284 286
12 287
36 287
41 287
49 287
127 287
128 287
140 287
142 287
145 287
181 287
206 287
217 287
269 287
9 288
16 288
20 288
31 288
35 288
38 288
39 288
42 288
47 288
59 288
64 288
67 288
69 288
72 288
95 288
111 288
118 288
122 288
129 288
134 288
180 288
187 288
195 288
200 288
201 288
217 288
247 288
252 288
267 288
18 289
34 289
42 289
43 289
58 289
62 289
63 289
77 289
125 289
133 289
151 289
160 289
190 289
194 289
202 289
214 289
225 289
226 289
231 289
245 289
255 289
275 289
281 289
62 290
77 290
78 290
119 290
142 290
143 290
145 290
150 290
156 290
157 290
159 290
169 290
173 290
217 290
236 290
247 290
249 290
13 291
34 291
65 291
76 291
136 291
140 291
159 291
165 291
208 291
210 291
226 291
227 291
242 291
247 291
261 291
267 291
270 291
273 291
289 291
21 292
64 292
69 292
70 292
94 292
95 292
96 292
104 292
119 292
130 292
137 292
145 292
146 292
151 292
230 292
245 292
252 292
264 292
267 292
278 292
279 292
285 292
286 292
17 293
41 293
58 293
77 293
89 293
93 293
113 293
146 293
148 293
158 293
162 293
165 293
167 293
168 293
170 293
187 293
191 293
193 293
201 293
209 293
213 293
217 293
225 293
239 293
247 293
268 293
272 293
281 293
13 294
24 294
61 294
67 294
69 294
70 294
80 294
92 294
95 294
114 294
145 294
147 294
155 294
173 294
196 294
209 294
219 294
262 294
274 294
275 294
5 295
16 295
52 295
60 295
71 295
109 295
118 295
123 295
143 295
150 295
183 295
187 295
188 295
190 295
211 295
213 295
228 295
250 295
252 295
289 295
2 296
8 296
17 296
35 296
41 296
53 296
56 296
67 296
69 296
89 296
92 296
104 296
162 296
174 296
203 296
214 296
224 296
232 296
238 296
242 296
246 296
261 296
276 296
277 296
278 296
281 296
13 297
51 297
58 297
76 297
83 297
97 297
100 297
110 297
114 297
118 297
122 297
137 297
148 297
154 297
158 297
160 297
165 297
194 297
197 297
225 297
238 297
259 297
264 297
273 297
275 297
276 297
278 297
0 298
19 298
41 298
45 298
52 298
68 298
80 298
99 298
126 298
147 298
176 298
193 298
220 298
223 298
238 298
241 298
243 298
244 298
247 298
262 298
270 298
283 298
287 298
290 298
3 299
11 299
24 299
31 299
72 299
94 299
115 299
123 299
135 299
164 299
168 299
173 299
174 299
176 299
194 299
203 299
217 299
220 299
250 299
270 299
283 299
293 299
