300 2246 5
1 1 8 2 9 8 4 6 14 3 6 11 7 6 3 13 8 17 14 18 10 17 6 3 6 8 9 8 10 10 1 5 20 7 3 6 20 1 3 7 6 14 4 3 8 6 3 1 4 8 16 10 6 20 20 17 13 15 3 1 12 1 2 7 13 10 4 11 3 20 1 12 9 5 4 16 6 3 4 9 10 20 9 8 6 1 16 2 8 8 11 1 8 2 5 16 3 3 7 4 8 19 5 1 13 5 6 2 5 5 17 7 15 5 10 1 13 10 4 11 14 7 2 7 2 4 11 9 8 5 20 7 15 2 15 16 5 3 8 2 13 2 20 17 6 8 1 8 19 16 9 17 11 16 4 9 8 7 14 4 1 4 3 9 3 5 3 3 9 9 8 7 8 5 9 5 16 1 11 5 19 3 4 3 2 10 4 3 7 12 6 1 18 5 10 4 6 6 13 7 3 2 15 2 7 16 3 15 12 2 13 4 17 5 12 18 2 10 2 20 3 16 17 3 9 9 3 1 7 12 15 8 10 15 20 8 3 7 7 4 14 12 6 9 12 1 3 1 1 4 4 4 20 2 4 14 6 8 16 7 10 10 5 2 14 9 1 4 8 9 6 3 3 7 5 2 1 9 20 1 4 7 7 9 1 9 2 11 10 6 2 2 1 9 3 7 10 13 1 8
3 12
3 14
10 14
8 15
9 15
0 17
18 21
13 22
19 22
11 23
12 23
15 24
6 26
19 26
4 27
11 27
13 27
20 28
24 28
3 29
8 29
19 29
21 29
15 30
3 31
12 32
3 33
10 34
14 34
17 34
21 34
29 34
3 35
23 36
1 37
19 37
25 37
2 40
6 40
27 40
34 40
5 42
21 42
1 43
9 43
16 43
20 43
26 43
34 44
3 45
22 45
34 45
19 46
34 46
9 47
8 48
20 48
28 48
2 50
18 50
19 50
36 51
0 52
12 52
43 52
9 53
20 53
23 53
33 53
47 53
32 54
7 55
40 55
45 55
9 56
18 56
30 56
50 56
22 57
29 57
45 57
54 57
5 58
36 58
1 59
14 59
22 59
36 59
37 60
40 60
50 60
52 60
26 61
41 61
44 61
0 62
5 62
8 62
25 63
45 63
9 64
24 64
27 64
24 65
32 65
34 65
41 65
16 66
19 66
1 67
45 67
50 67
14 68
51 68
8 69
4 70
11 70
12 70
18 70
51 70
53 70
59 70
64 70
15 71
38 71
39 71
46 71
2 72
19 72
42 72
44 72
48 72
52 72
65 72
6 73
11 73
12 73
13 73
30 73
35 73
55 73
6 74
8 74
14 74
34 74
40 74
21 75
67 75
25 76
30 76
58 76
59 76
60 76
66 76
21 77
43 77
49 77
53 77
59 77
6 78
22 78
20 79
21 79
23 79
38 79
57 79
50 80
9 81
11 81
33 81
38 81
41 81
44 81
51 81
57 81
22 82
35 82
59 82
80 82
35 83
51 83
54 83
57 83
64 83
72 83
75 83
3 84
25 84
54 84
80 84
6 86
25 86
28 86
46 86
8 87
10 87
36 87
46 87
60 87
65 87
77 87
15 88
64 88
1 89
11 89
25 89
30 89
69 89
73 89
74 89
2 90
4 90
22 90
56 90
64 90
15 91
36 91
42 91
43 91
8 92
17 92
20 92
32 92
43 92
49 92
59 92
81 92
0 93
12 93
25 93
28 93
25 94
28 94
46 94
57 94
1 95
18 95
40 95
48 95
49 95
51 95
13 96
24 96
36 96
42 96
57 96
32 97
35 97
62 97
79 97
25 99
60 99
80 99
83 99
43 101
72 101
74 101
78 101
6 102
35 102
69 102
74 102
75 102
24 103
31 103
83 103
87 103
1 104
10 104
20 104
40 104
59 104
66 104
78 104
86 104
10 105
19 105
21 105
75 105
94 105
25 106
26 106
48 106
53 106
79 106
83 106
29 107
81 107
82 107
20 108
36 108
38 108
82 108
86 108
15 109
66 109
95 109
100 109
3 110
21 110
24 110
80 110
83 110
98 110
14 111
68 111
98 111
2 112
44 112
45 112
68 112
72 112
79 112
88 112
34 113
43 113
45 113
83 113
89 113
100 113
36 114
64 114
65 114
68 114
71 114
85 114
96 114
26 115
48 115
74 115
104 115
4 116
9 116
27 116
45 116
47 116
51 116
59 116
60 116
64 116
93 116
104 116
1 117
4 117
31 117
99 117
36 118
90 118
103 118
12 119
26 119
57 119
64 119
91 119
107 119
3 120
31 120
36 120
72 120
105 120
15 121
50 121
51 121
73 121
81 121
111 121
13 122
16 122
37 122
51 122
64 122
70 122
79 122
91 122
107 122
116 122
0 123
22 123
51 123
83 123
97 123
100 123
119 123
18 124
59 124
79 124
91 124
96 124
100 124
19 125
26 125
40 125
74 125
57 126
66 126
91 126
108 126
18 127
26 127
46 127
59 127
61 127
85 127
90 127
98 127
105 127
4 128
17 128
20 128
40 128
52 128
53 128
82 128
86 128
90 128
2 129
11 129
27 129
53 129
59 129
91 129
92 129
105 129
85 130
103 130
106 130
112 130
121 130
15 131
47 131
59 131
78 131
85 131
96 131
107 131
121 131
17 132
20 132
54 132
71 132
91 132
92 132
105 132
119 132
1 133
2 133
12 133
30 133
52 133
102 133
109 133
63 134
94 134
122 134
0 135
2 135
10 135
37 135
50 135
51 135
62 135
90 135
120 135
1 136
10 136
29 136
32 136
44 136
81 136
43 137
54 137
71 137
82 137
94 137
109 137
115 137
111 138
24 139
30 139
38 139
71 139
73 139
76 139
107 139
119 139
17 140
28 140
42 140
73 140
78 140
79 140
81 140
101 140
123 140
124 140
12 141
32 141
80 141
120 141
124 141
19 142
47 142
67 142
82 142
43 143
100 143
112 143
118 143
128 143
12 144
29 144
56 144
83 144
93 144
123 144
137 144
4 145
8 145
30 145
34 145
96 145
103 145
108 145
128 145
140 145
52 146
57 146
64 146
72 146
73 146
82 146
88 146
101 146
102 146
105 146
119 146
123 146
46 147
48 147
56 147
72 147
73 147
100 147
122 147
124 147
16 148
29 148
45 148
75 148
91 148
99 148
23 149
27 149
32 149
45 149
99 149
106 149
112 149
6 150
13 150
33 150
53 150
72 150
73 150
75 150
83 150
103 150
106 150
112 150
28 151
72 151
101 151
139 151
5 152
17 152
20 152
41 152
51 152
79 152
86 152
10 153
13 153
19 153
25 153
52 153
53 153
55 153
65 153
96 153
106 153
108 153
109 153
117 153
130 153
140 153
141 153
1 154
41 154
56 154
92 154
106 154
1 155
11 155
94 155
97 155
105 155
111 155
131 155
30 156
40 156
46 156
51 156
76 156
107 156
114 156
133 156
134 156
153 156
2 157
28 157
48 157
53 157
73 157
78 157
90 157
119 157
23 158
36 158
92 158
106 158
114 158
119 158
45 159
54 159
88 159
95 159
104 159
110 159
117 159
123 159
147 159
18 160
56 160
70 160
124 160
125 160
144 160
3 161
20 161
24 161
41 161
53 161
61 161
127 161
130 161
135 161
12 162
18 162
40 162
73 162
79 162
91 162
98 162
110 162
3 163
6 163
23 163
32 163
57 163
77 163
132 163
142 163
7 164
10 164
29 164
37 164
39 164
46 164
56 164
102 164
103 164
7 165
12 165
16 165
20 165
56 165
58 165
65 165
108 165
122 165
137 165
139 165
146 165
161 165
28 166
55 166
72 166
96 166
131 166
145 166
150 166
153 166
158 166
161 166
9 167
34 167
50 167
81 167
98 167
112 167
164 167
55 168
84 168
107 168
146 168
154 168
10 169
47 169
105 169
113 169
147 169
163 169
19 170
32 170
87 170
95 170
154 170
1 171
42 171
58 171
65 171
100 171
107 171
118 171
126 171
128 171
129 171
145 171
5 172
14 172
18 172
34 172
69 172
74 172
88 172
95 172
105 172
106 172
107 172
125 172
142 172
155 172
41 173
55 173
89 173
134 173
143 173
3 174
13 174
53 174
101 174
135 174
162 174
84 175
114 175
124 175
152 175
15 176
19 176
23 176
36 176
43 176
53 176
89 176
114 176
122 176
147 176
62 177
75 177
79 177
100 177
149 177
160 177
163 177
169 177
5 178
12 178
24 178
44 178
50 178
98 178
119 178
123 178
137 178
141 178
1 179
26 179
49 179
51 179
53 179
63 179
66 179
78 179
118 179
131 179
153 179
155 179
24 180
39 180
87 180
97 180
98 180
118 180
139 180
145 180
162 180
37 181
66 181
77 181
82 181
99 181
102 181
108 181
126 181
142 181
10 182
18 182
23 182
28 182
53 182
55 182
64 182
70 182
78 182
79 182
105 182
163 182
79 183
126 183
159 183
9 184
38 184
39 184
40 184
44 184
72 184
124 184
127 184
131 184
147 184
161 184
167 184
7 185
16 185
45 185
67 185
82 185
106 185
112 185
115 185
155 185
12 186
20 186
23 186
58 186
77 186
141 186
162 186
164 186
31 187
34 187
38 187
88 187
101 187
112 187
128 187
141 187
169 187
173 187
21 188
28 188
29 188
38 188
39 188
77 188
78 188
83 188
90 188
105 188
119 188
122 188
131 188
153 188
172 188
32 189
93 189
101 189
162 189
47 190
51 190
68 190
76 190
95 190
97 190
107 190
131 190
133 190
16 191
19 191
29 191
52 191
71 191
80 191
81 191
83 191
89 191
91 191
99 191
102 191
109 191
112 191
139 191
12 192
13 192
25 192
45 192
102 192
181 192
184 192
20 193
60 193
61 193
74 193
75 193
85 193
88 193
97 193
112 193
126 193
130 193
141 193
159 193
20 194
84 194
94 194
126 194
140 194
157 194
175 194
185 194
7 195
11 195
47 195
107 195
121 195
136 195
151 195
186 195
187 195
12 196
14 196
46 196
78 196
91 196
130 196
156 196
173 196
187 196
4 197
135 197
158 197
160 197
183 197
48 198
70 198
77 198
86 198
123 198
149 198
157 198
185 198
7 199
33 199
50 199
65 199
70 199
91 199
108 199
121 199
129 199
147 199
159 199
168 199
180 199
185 199
32 200
51 200
52 200
92 200
110 200
170 200
176 200
15 201
31 201
33 201
66 201
104 201
189 201
12 202
20 202
73 202
91 202
127 202
129 202
147 202
199 202
17 203
20 203
67 203
137 203
141 203
197 203
1 204
34 204
37 204
65 204
86 204
93 204
1 205
24 205
42 205
54 205
87 205
112 205
116 205
117 205
138 205
152 205
156 205
157 205
178 205
188 205
191 205
1 206
23 206
35 206
127 206
131 206
142 206
173 206
179 206
1 207
13 207
38 207
39 207
43 207
45 207
82 207
96 207
100 207
133 207
155 207
168 207
170 207
187 207
198 207
28 208
37 208
51 208
53 208
55 208
100 208
129 208
144 208
155 208
173 208
199 208
9 209
10 209
21 209
54 209
71 209
80 209
85 209
87 209
90 209
104 209
169 209
181 209
182 209
193 209
3 210
17 210
35 210
52 210
91 210
93 210
95 210
117 210
146 210
160 210
166 210
56 211
72 211
124 211
130 211
140 211
148 211
155 211
177 211
178 211
5 212
19 212
51 212
57 212
73 212
74 212
85 212
113 212
132 212
192 212
204 212
205 212
48 213
72 213
86 213
116 213
132 213
163 213
187 213
198 213
202 213
11 214
19 214
70 214
113 214
162 214
195 214
208 214
14 215
19 215
35 215
76 215
84 215
113 215
129 215
154 215
189 215
195 215
1 216
27 216
37 216
54 216
55 216
102 216
132 216
174 216
184 216
214 216
215 216
2 217
3 217
18 217
21 217
23 217
27 217
33 217
75 217
85 217
96 217
103 217
104 217
129 217
145 217
146 217
151 217
191 217
2 218
13 218
18 218
28 218
51 218
61 218
75 218
115 218
119 218
125 218
131 218
134 218
150 218
152 218
156 218
165 218
179 218
186 218
187 218
189 218
192 218
199 218
208 218
9 219
27 219
33 219
48 219
94 219
114 219
132 219
140 219
152 219
164 219
186 219
189 219
209 219
13 220
18 220
46 220
89 220
110 220
129 220
160 220
191 220
210 220
6 221
12 221
20 221
56 221
57 221
70 221
74 221
75 221
94 221
104 221
107 221
131 221
134 221
138 221
142 221
168 221
170 221
175 221
176 221
184 221
189 221
192 221
200 221
204 221
21 222
51 222
88 222
121 222
159 222
182 222
184 222
210 222
20 223
25 223
27 223
101 223
108 223
163 223
203 223
1 224
3 224
6 224
18 224
38 224
64 224
68 224
85 224
86 224
95 224
96 224
106 224
107 224
112 224
124 224
127 224
131 224
139 224
174 224
196 224
206 224
207 224
15 225
99 225
135 225
187 225
203 225
42 226
49 226
71 226
80 226
90 226
92 226
94 226
114 226
115 226
118 226
181 226
195 226
84 227
100 227
125 227
141 227
160 227
191 227
35 228
53 228
169 228
189 228
194 228
26 229
35 229
68 229
71 229
87 229
95 229
116 229
138 229
147 229
161 229
185 229
209 229
54 230
58 230
84 230
132 230
150 230
153 230
214 230
2 231
27 231
46 231
120 231
157 231
166 231
199 231
6 232
17 232
75 232
116 232
124 232
162 232
166 232
171 232
175 232
178 232
225 232
3 233
10 233
25 233
27 233
57 233
105 233
109 233
122 233
142 233
175 233
196 233
14 234
19 234
25 234
39 234
45 234
82 234
86 234
96 234
97 234
124 234
150 234
162 234
179 234
182 234
15 235
19 235
34 235
63 235
69 235
99 235
103 235
112 235
131 235
132 235
183 235
190 235
207 235
221 235
38 236
40 236
50 236
87 236
139 236
144 236
158 236
184 236
205 236
215 236
12 237
20 237
52 237
75 237
121 237
140 237
162 237
166 237
188 237
193 237
25 238
37 238
55 238
59 238
61 238
64 238
144 238
217 238
9 239
14 239
61 239
98 239
110 239
113 239
138 239
161 239
67 240
80 240
149 240
160 240
176 240
182 240
192 240
217 240
107 241
22 242
26 242
64 242
74 242
87 242
112 242
166 242
195 242
196 242
207 242
210 242
225 242
232 242
12 243
31 243
58 243
72 243
79 243
92 243
97 243
122 243
150 243
153 243
161 243
1 244
68 244
130 244
140 244
156 244
161 244
189 244
213 244
237 244
18 245
19 245
39 245
50 245
54 245
79 245
85 245
151 245
166 245
173 245
202 245
228 245
33 246
47 246
53 246
61 246
81 246
88 246
107 246
111 246
121 246
123 246
133 246
147 246
167 246
202 246
237 246
13 247
33 247
44 247
67 247
72 247
103 247
120 247
138 247
150 247
189 247
210 247
211 247
226 247
41 248
45 248
48 248
63 248
74 248
81 248
110 248
112 248
116 248
144 248
165 248
188 248
202 248
224 248
243 248
0 249
2 249
24 249
84 249
96 249
109 249
125 249
142 249
143 249
148 249
178 249
204 249
212 249
237 249
8 250
22 250
23 250
34 250
57 250
60 250
101 250
112 250
161 250
172 250
187 250
194 250
219 250
29 251
49 251
51 251
81 251
83 251
90 251
106 251
114 251
122 251
146 251
162 251
163 251
216 251
225 251
41 252
83 252
110 252
111 252
113 252
186 252
204 252
208 252
227 252
22 253
30 253
52 253
59 253
107 253
111 253
113 253
130 253
134 253
142 253
149 253
156 253
192 253
204 253
206 253
213 253
219 253
29 254
64 254
76 254
96 254
100 254
107 254
110 254
115 254
137 254
143 254
154 254
179 254
196 254
224 254
40 255
49 255
58 255
62 255
102 255
113 255
117 255
140 255
150 255
165 255
166 255
172 255
183 255
220 255
31 256
33 256
57 256
77 256
94 256
102 256
124 256
138 256
146 256
164 256
217 256
224 256
233 256
239 256
37 257
45 257
56 257
81 257
82 257
89 257
116 257
170 257
199 257
201 257
212 257
216 257
227 257
232 257
10 258
32 258
101 258
107 258
120 258
154 258
223 258
226 258
252 258
33 259
80 259
99 259
107 259
121 259
124 259
138 259
232 259
240 259
247 259
16 260
45 260
50 260
61 260
65 260
67 260
71 260
115 260
132 260
134 260
179 260
185 260
197 260
212 260
220 260
221 260
224 260
41 261
47 261
107 261
131 261
142 261
158 261
171 261
242 261
250 261
254 261
21 262
30 262
78 262
102 262
113 262
121 262
138 262
140 262
162 262
185 262
201 262
211 262
216 262
219 262
241 262
245 262
1 263
30 263
43 263
45 263
55 263
58 263
90 263
105 263
138 263
142 263
151 263
186 263
209 263
241 263
253 263
5 264
19 264
45 264
63 264
94 264
129 264
136 264
162 264
168 264
200 264
223 264
224 264
247 264
258 264
19 265
75 265
82 265
83 265
119 265
183 265
206 265
223 265
224 265
250 265
8 266
42 266
53 266
69 266
71 266
81 266
95 266
111 266
121 266
144 266
163 266
216 266
228 266
256 266
12 267
17 267
37 267
98 267
117 267
120 267
123 267
158 267
181 267
183 267
196 267
251 267
11 268
43 268
53 268
58 268
89 268
96 268
102 268
103 268
131 268
136 268
160 268
191 268
203 268
220 268
225 268
238 268
257 268
15 269
20 269
45 269
52 269
57 269
182 269
186 269
208 269
209 269
251 269
4 270
68 270
110 270
127 270
141 270
148 270
159 270
202 270
207 270
210 270
211 270
217 270
235 270
11 271
83 271
100 271
105 271
126 271
141 271
150 271
157 271
165 271
180 271
189 271
190 271
211 271
227 271
241 271
246 271
249 271
65 272
81 272
93 272
99 272
103 272
107 272
131 272
146 272
196 272
207 272
222 272
14 273
25 273
30 273
34 273
46 273
54 273
69 273
120 273
121 273
131 273
159 273
214 273
219 273
232 273
242 273
10 274
29 274
32 274
38 274
55 274
71 274
90 274
108 274
112 274
178 274
213 274
218 274
239 274
253 274
17 275
64 275
88 275
98 275
104 275
138 275
143 275
148 275
164 275
170 275
186 275
190 275
222 275
249 275
250 275
28 276
31 276
33 276
34 276
69 276
87 276
103 276
117 276
118 276
134 276
164 276
177 276
217 276
235 276
269 276
30 277
34 277
39 277
47 277
50 277
68 277
75 277
114 277
122 277
126 277
134 277
180 277
213 277
218 277
229 277
239 277
243 277
1 278
11 278
26 278
33 278
49 278
54 278
59 278
62 278
73 278
91 278
99 278
108 278
112 278
160 278
197 278
217 278
239 278
19 279
35 279
57 279
60 279
61 279
65 279
76 279
80 279
91 279
93 279
110 279
154 279
163 279
180 279
185 279
208 279
229 279
235 279
238 279
265 279
267 279
16 280
46 280
71 280
91 280
100 280
109 280
132 280
155 280
156 280
161 280
164 280
169 280
181 280
187 280
195 280
225 280
234 280
272 280
7 281
21 281
25 281
26 281
33 281
36 281
56 281
59 281
88 281
115 281
131 281
132 281
145 281
148 281
161 281
165 281
171 281
216 281
224 281
231 281
236 281
79 282
88 282
108 282
111 282
146 282
173 282
240 282
28 283
63 283
67 283
72 283
150 283
154 283
166 283
225 283
251 283
253 283
29 284
74 284
89 284
96 284
107 284
112 284
116 284
153 284
169 284
192 284
201 284
203 284
239 284
252 284
266 284
70 285
87 285
123 285
126 285
146 285
173 285
188 285
189 285
193 285
217 285
227 285
234 285
246 285
249 285
256 285
267 285
14 286
34 286
35 286
83 286
96 286
106 286
107 286
121 286
141 286
151 286
156 286
203 286
227 286
236 286
237 286
248 286
265 286
4 287
15 287
32 287
33 287
47 287
66 287
85 287
97 287
102 287
123 287
148 287
154 287
4 288
47 288
72 288
85 288
127 288
139 288
154 288
162 288
169 288
185 288
216 288
233 288
285 288
8 289
18 289
20 289
37 289
42 289
108 289
160 289
161 289
168 289
204 289
210 289
218 289
227 289
245 289
253 289
279 289
281 289
11 290
15 290
41 290
45 290
102 290
106 290
111 290
120 290
125 290
148 290
157 290
187 290
190 290
200 290
203 290
237 290
249 290
279 290
40 291
56 291
58 291
64 291
71 291
74 291
86 291
92 291
131 291
150 291
182 291
223 291
245 291
3 292
14 292
88 292
110 292
155 292
218 292
248 292
271 292
37 293
69 293
81 293
82 293
89 293
107 293
152 293
156 293
174 293
223 293
232 293
237 293
245 293
248 293
267 293
2 294
13 294
20 294
31 294
36 294
86 294
90 294
95 294
116 294
146 294
161 294
172 294
181 294
204 294
235 294
247 294
279 294
285 294
2 295
5 295
34 295
37 295
50 295
116 295
128 295
136 295
161 295
173 295
177 295
190 295
201 295
221 295
254 295
281 295
54 296
79 296
103 296
112 296
137 296
142 296
152 296
155 296
168 296
183 296
200 296
260 296
270 296
279 296
51 297
78 297
92 297
110 297
121 297
128 297
145 297
181 297
184 297
197 297
206 297
228 297
273 297
276 297
285 297
2 298
34 298
35 298
36 298
56 298
59 298
63 298
67 298
70 298
115 298
138 298
164 298
202 298
253 298
6 299
40 299
57 299
64 299
65 299
68 299
74 299
86 299
138 299
144 299
194 299
218 299
222 299
229 299
255 299
256 299
266 299
