300 3104 5
3 2 7 9 4 1 7 8 11 8 5 6 4 6 4 7 1 3 16 18 24 4 1 12 13 1 1 2 5 12 11 1 9 23 1 5 8 6 18 7 24 4 5 5 12 5 2 12 5 5 3 6 7 2 2 1 1 15 8 1 5 4 3 3 12 21 2 4 24 10 4 9 38 5 2 19 15 1 5 6 1 3 2 6 21 9 3 11 9 10 11 6 25 3 5 43 5 2 1 2 6 11 1 4 13 1 6 1 17 16 2 28 5 2 9 8 1 4 11 7 6 1 1 14 3 5 2 4 6 16 4 10 7 3 11 18 28 1 9 3 5 2 31 1 1 8 4 4 8 4 11 12 2 1 2 13 3 13 12 1 10 1 33 1 13 14 2 5 6 1 5 15 5 4 9 35 1 1 11 4 8 6 2 3 2 9 1 2 2 7 3 2 3 5 2 8 19 4 15 6 11 25 6 34 3 6 1 13 1 2 6 3 17 2 6 3 1 27 14 1 4 27 3 7 7 6 2 2 9 14 7 3 8 3 2 9 12 1 14 18 1 13 3 3 25 1 25 1 8 7 1 9 1 4 21 1 20 10 21 4 7 1 51 1 4 1 11 15 7 1 3 29 1 5 1 4 2 4 2 9 6 8 12 6 7 6 4 1 9 4 74 11 2 3 3 12 4 2 2 46
6 11
7 11
10 12
9 15
4 16
1 17
5 18
2 19
5 19
8 20
6 21
9 21
7 22
15 22
8 23
19 23
10 24
15 24
11 25
17 27
18 27
9 29
9 30
6 31
10 31
13 31
3 33
4 34
19 34
0 35
2 35
3 36
5 36
13 36
20 36
4 37
13 38
26 38
33 38
34 39
0 40
26 40
35 40
2 41
5 41
16 41
20 41
27 41
29 41
17 42
20 42
23 43
14 44
16 44
23 44
25 44
29 44
0 45
5 45
34 45
0 46
9 46
9 47
43 47
3 48
21 48
35 48
23 49
39 49
10 50
12 50
36 50
1 51
2 51
26 51
31 51
36 51
0 52
2 52
9 52
17 52
5 54
18 54
20 54
41 54
48 54
36 55
1 56
5 56
7 56
16 56
36 56
38 56
3 57
25 57
35 57
39 57
45 57
3 58
7 58
25 58
31 58
37 58
49 58
28 59
35 59
49 59
10 60
23 60
25 60
31 60
33 60
36 60
47 60
1 61
12 61
13 61
18 61
30 61
39 61
1 62
3 62
24 62
30 62
35 62
41 62
1 63
2 63
28 64
46 64
6 65
34 65
43 65
45 65
50 65
12 66
23 66
3 67
29 67
49 67
61 67
12 68
36 68
37 68
57 68
16 69
29 69
49 69
16 70
23 70
24 70
40 70
2 71
24 71
34 71
37 71
47 71
49 71
52 71
9 72
19 72
34 72
51 72
60 72
15 73
36 73
33 74
57 74
68 74
2 75
27 75
28 75
23 76
31 76
44 76
64 76
1 77
14 77
16 77
21 77
65 77
19 78
41 78
46 78
63 78
68 78
8 79
25 79
31 79
36 79
18 80
44 80
47 80
74 80
2 81
9 81
26 81
36 81
45 81
50 81
66 81
77 81
7 82
10 82
13 82
20 82
37 82
62 82
77 82
2 83
13 83
14 83
15 83
27 83
61 83
62 83
63 83
9 84
14 84
54 84
66 84
67 84
3 85
4 85
5 85
27 85
38 85
39 85
52 85
1 86
3 86
7 86
9 86
37 86
45 86
9 87
10 87
15 87
69 87
75 87
26 88
19 89
38 89
44 89
50 89
70 89
72 89
85 89
4 90
6 90
7 90
27 90
43 90
60 90
66 90
78 90
2 91
8 91
14 91
30 91
31 91
46 91
64 91
77 91
15 92
18 92
44 92
69 92
86 92
24 93
33 93
38 93
45 93
71 93
72 93
87 93
12 94
19 94
30 94
33 94
34 94
47 94
57 94
68 94
74 94
87 94
88 94
8 95
14 95
39 95
40 95
56 95
74 95
23 96
34 96
36 96
37 96
40 96
55 96
19 97
28 97
7 98
8 98
17 98
26 98
41 98
45 98
77 98
82 98
93 98
17 99
20 99
24 99
39 99
57 99
63 99
88 99
27 100
31 100
39 100
40 100
76 100
79 100
88 100
3 101
37 101
53 101
63 101
64 101
73 101
78 101
80 101
83 101
85 101
91 101
6 102
23 102
48 102
52 102
54 102
64 102
86 102
19 103
20 103
29 103
37 103
43 103
47 103
72 103
84 103
4 104
8 104
13 104
50 104
18 105
30 105
35 105
55 105
85 105
4 106
15 106
17 106
32 106
73 106
81 106
82 106
83 106
86 106
34 107
42 107
75 107
81 107
84 107
86 107
88 107
29 108
37 108
49 108
68 108
75 108
81 108
85 108
13 109
14 109
17 109
32 109
40 109
54 109
56 109
81 109
89 109
92 109
4 110
17 110
55 110
79 110
22 111
43 111
49 111
57 111
61 111
64 111
73 111
82 111
84 111
86 111
96 111
34 112
53 112
69 112
83 112
93 112
98 112
26 113
77 113
0 114
8 114
28 114
35 114
39 114
54 114
57 114
63 114
72 114
104 114
3 115
9 115
15 115
22 115
39 115
43 115
51 115
80 115
82 115
87 115
41 116
47 116
53 116
74 116
87 116
92 116
16 117
17 117
53 117
55 117
73 117
84 117
109 117
45 118
62 118
63 118
64 118
104 118
106 118
1 119
15 119
16 119
24 119
25 119
32 119
39 119
49 119
91 119
102 119
105 119
111 119
18 120
48 120
58 120
74 120
86 120
88 120
12 121
16 121
40 121
77 121
79 121
92 121
93 121
102 121
25 122
31 122
39 122
66 122
88 122
22 123
34 123
62 123
86 123
101 123
112 123
6 124
8 124
23 124
56 124
58 124
59 124
71 124
82 124
83 124
87 124
99 124
109 124
118 124
5 125
26 125
29 125
40 125
44 125
49 125
56 125
64 125
78 125
91 125
113 125
9 126
26 126
39 126
45 126
47 126
49 126
78 126
102 126
109 126
14 127
68 127
99 127
101 127
24 128
36 128
45 128
47 128
80 128
83 128
84 128
86 128
101 128
111 128
117 128
121 128
6 129
7 129
14 129
48 129
79 129
5 130
26 130
53 130
82 130
105 130
115 130
0 131
7 131
11 131
32 131
59 131
73 131
79 131
84 131
86 131
105 131
26 132
41 132
49 132
75 132
88 132
112 132
12 133
37 133
48 133
98 133
110 133
127 133
16 134
37 134
42 134
45 134
49 134
100 134
103 134
12 135
23 135
27 135
31 135
42 135
43 135
64 135
69 135
103 135
119 135
121 135
8 136
51 136
58 136
69 136
83 136
96 136
98 136
114 136
14 137
24 137
40 137
65 137
83 137
104 137
108 137
114 137
12 138
16 138
19 138
31 138
37 138
84 138
5 139
9 139
16 139
27 139
34 139
40 139
51 139
97 139
101 139
12 140
20 140
29 140
43 140
53 140
65 140
79 140
120 140
10 141
13 141
25 141
30 141
121 141
129 141
135 141
32 142
70 142
72 142
108 142
109 142
118 142
5 143
9 143
44 143
49 143
57 143
81 143
97 143
132 143
9 144
14 144
15 144
42 144
45 144
49 144
54 144
55 144
62 144
75 144
91 144
95 144
99 144
103 144
109 144
127 144
2 145
26 145
36 145
49 145
62 145
67 145
83 145
107 145
131 145
136 145
52 146
81 146
87 146
90 146
96 146
107 146
137 146
13 147
27 147
45 147
46 147
69 147
70 147
79 147
83 147
113 147
133 147
5 148
18 148
22 148
37 148
51 148
73 148
81 148
93 148
99 148
15 149
25 149
43 149
75 149
81 149
129 149
131 149
28 150
33 150
42 150
82 150
87 150
88 150
108 150
128 150
7 151
11 151
22 151
34 151
49 151
55 151
118 151
132 151
0 152
10 152
11 152
17 152
51 152
52 152
56 152
119 152
135 152
23 153
30 153
33 153
36 153
37 153
44 153
53 153
57 153
76 153
102 153
108 153
135 153
148 153
18 154
28 154
41 154
63 154
64 154
67 154
80 154
107 154
126 154
138 154
15 155
30 155
38 155
46 155
53 155
61 155
90 155
106 155
132 155
140 155
10 156
17 156
31 156
45 156
51 156
108 156
114 156
139 156
9 157
10 157
39 157
56 157
69 157
96 157
128 157
147 157
148 157
3 158
16 158
17 158
28 158
35 158
66 158
105 158
110 158
3 159
9 159
24 159
42 159
54 159
60 159
71 159
88 159
89 159
92 159
96 159
99 159
110 159
114 159
143 159
27 160
43 160
76 160
78 160
85 160
88 160
127 160
12 161
92 161
101 161
122 161
132 161
144 161
153 161
158 161
7 162
8 162
53 162
66 162
91 162
96 162
105 162
129 162
131 162
142 162
54 163
69 163
85 163
94 163
98 163
103 163
110 163
114 163
123 163
124 163
127 163
129 163
132 163
150 163
154 163
159 163
0 164
54 164
73 164
108 164
116 164
150 164
157 164
40 165
44 165
53 165
56 165
75 165
95 165
106 165
131 165
145 165
5 166
11 166
35 166
44 166
52 166
83 166
100 166
111 166
117 166
122 166
129 166
133 166
136 166
149 166
4 167
6 167
7 167
52 167
53 167
99 167
131 167
151 167
1 168
5 168
31 168
36 168
37 168
71 168
72 168
82 168
92 168
103 168
113 168
118 168
134 168
137 168
150 168
153 168
7 169
16 169
19 169
29 169
32 169
35 169
49 169
59 169
61 169
101 169
121 169
126 169
130 169
138 169
3 170
67 170
75 170
83 170
109 170
115 170
123 170
150 170
154 170
0 171
7 171
15 171
28 171
29 171
44 171
82 171
108 171
112 171
113 171
118 171
121 171
142 171
52 172
56 172
61 172
89 172
95 172
98 172
135 172
148 172
150 172
32 173
49 173
146 173
150 173
166 173
15 174
55 174
117 174
119 174
130 174
149 174
161 174
167 174
169 174
4 175
13 175
20 175
21 175
30 175
43 175
52 175
73 175
77 175
87 175
103 175
105 175
107 175
115 175
116 175
119 175
120 175
127 175
130 175
132 175
139 175
154 175
8 176
15 176
53 176
63 176
100 176
107 176
119 176
136 176
142 176
145 176
151 176
157 176
17 177
20 177
31 177
33 177
72 177
73 177
77 177
86 177
113 177
117 177
123 177
141 177
165 177
170 177
12 178
13 178
24 178
70 178
77 178
86 178
103 178
120 178
141 178
147 178
4 179
23 179
32 179
39 179
43 179
53 179
68 179
125 179
16 180
58 180
78 180
82 180
101 180
127 180
139 180
155 180
159 180
172 180
21 181
37 181
76 181
87 181
91 181
93 181
109 181
113 181
117 181
123 181
124 181
129 181
159 181
176 181
9 182
30 182
35 182
37 182
49 182
60 182
69 182
98 182
99 182
107 182
113 182
116 182
123 182
125 182
128 182
130 182
132 182
138 182
157 182
163 182
173 182
175 182
27 183
28 183
29 183
42 183
47 183
66 183
70 183
100 183
117 183
125 183
158 183
161 183
167 183
168 183
0 184
13 184
15 184
83 184
93 184
96 184
112 184
129 184
145 184
150 184
156 184
160 184
165 184
3 185
4 185
7 185
13 185
27 185
37 185
49 185
52 185
67 185
82 185
141 185
165 185
168 185
19 186
25 186
41 186
45 186
72 186
79 186
94 186
98 186
116 186
142 186
145 186
150 186
7 187
9 187
25 187
32 187
45 187
58 187
71 187
72 187
74 187
93 187
102 187
113 187
126 187
129 187
143 187
147 187
177 187
40 188
41 188
79 188
80 188
122 188
125 188
135 188
156 188
180 188
3 189
10 189
57 189
72 189
78 189
94 189
100 189
130 189
140 189
144 189
159 189
11 190
19 190
23 190
41 190
104 190
135 190
137 190
166 190
171 190
176 190
50 191
64 191
72 191
85 191
152 191
166 191
19 192
22 192
37 192
41 192
85 192
89 192
90 192
96 192
134 192
153 192
162 192
181 192
189 192
27 193
30 193
39 193
40 193
44 193
57 193
92 193
99 193
106 193
112 193
119 193
136 193
154 193
173 193
177 193
5 194
54 194
71 194
80 194
93 194
130 194
139 194
154 194
157 194
187 194
5 195
7 195
11 195
14 195
25 195
35 195
39 195
46 195
78 195
80 195
82 195
119 195
129 195
138 195
169 195
178 195
188 195
191 195
12 196
26 196
39 196
46 196
47 196
59 196
74 196
93 196
94 196
113 196
134 196
137 196
161 196
165 196
179 196
181 196
190 196
16 197
28 197
34 197
68 197
73 197
88 197
104 197
127 197
132 197
155 197
161 197
170 197
177 197
16 198
22 198
29 198
43 198
48 198
52 198
57 198
64 198
102 198
106 198
109 198
110 198
132 198
139 198
142 198
146 198
152 198
160 198
170 198
172 198
173 198
35 199
57 199
80 199
90 199
91 199
104 199
113 199
125 199
130 199
135 199
175 199
187 199
21 200
25 200
28 200
74 200
80 200
81 200
113 200
121 200
143 200
152 200
156 200
174 200
175 200
185 200
6 201
29 201
35 201
54 201
55 201
62 201
71 201
108 201
145 201
149 201
159 201
183 201
7 202
19 202
21 202
70 202
86 202
107 202
117 202
132 202
144 202
180 202
196 202
200 202
30 203
34 203
37 203
39 203
47 203
77 203
83 203
102 203
149 203
163 203
168 203
169 203
28 204
49 204
82 204
87 204
102 204
131 204
153 204
159 204
187 204
191 204
194 204
10 205
17 205
30 205
31 205
44 205
46 205
98 205
107 205
108 205
124 205
135 205
136 205
139 205
144 205
147 205
167 205
175 205
16 206
59 206
61 206
121 206
125 206
129 206
130 206
133 206
136 206
153 206
194 206
31 207
44 207
51 207
81 207
82 207
110 207
111 207
124 207
134 207
141 207
191 207
197 207
0 208
2 208
10 208
12 208
14 208
26 208
28 208
33 208
35 208
59 208
63 208
71 208
80 208
107 208
113 208
121 208
147 208
19 209
20 209
53 209
60 209
66 209
119 209
131 209
139 209
166 209
175 209
184 209
187 209
18 210
22 210
24 210
35 210
42 210
62 210
94 210
95 210
100 210
129 210
193 210
197 210
201 210
19 211
26 211
36 211
37 211
46 211
78 211
105 211
120 211
126 211
138 211
151 211
153 211
167 211
170 211
176 211
184 211
191 211
198 211
207 211
208 211
11 212
64 212
83 212
107 212
156 212
184 212
201 212
17 213
39 213
49 213
58 213
66 213
82 213
87 213
88 213
108 213
109 213
115 213
128 213
131 213
135 213
148 213
149 213
160 213
166 213
167 213
173 213
190 213
199 213
204 213
5 214
28 214
41 214
64 214
109 214
121 214
145 214
154 214
157 214
160 214
169 214
173 214
180 214
182 214
200 214
37 215
69 215
82 215
87 215
104 215
106 215
144 215
153 215
198 215
3 216
8 216
9 216
18 216
24 216
26 216
34 216
53 216
63 216
73 216
80 216
119 216
181 216
199 216
203 216
208 216
0 217
4 217
31 217
36 217
40 217
42 217
44 217
62 217
79 217
86 217
109 217
118 217
158 217
169 217
179 217
189 217
193 217
196 217
202 217
205 217
5 218
22 218
59 218
65 218
66 218
91 218
109 218
113 218
120 218
127 218
144 218
168 218
208 218
0 219
16 219
41 219
58 219
64 219
74 219
90 219
95 219
101 219
108 219
121 219
128 219
134 219
144 219
197 219
24 220
26 220
36 220
49 220
55 220
57 220
65 220
97 220
133 220
139 220
144 220
193 220
198 220
199 220
12 221
25 221
78 221
84 221
126 221
129 221
160 221
164 221
168 221
174 221
179 221
205 221
207 221
13 222
21 222
28 222
32 222
39 222
50 222
51 222
59 222
84 222
97 222
99 222
102 222
121 222
133 222
155 222
158 222
162 222
183 222
0 223
6 223
34 223
44 223
66 223
82 223
87 223
123 223
138 223
151 223
159 223
195 223
14 224
15 224
28 224
35 224
37 224
49 224
53 224
62 224
70 224
115 224
116 224
126 224
132 224
137 224
143 224
154 224
158 224
178 224
194 224
198 224
199 224
205 224
208 224
209 224
5 225
11 225
14 225
36 225
44 225
109 225
112 225
121 225
122 225
126 225
136 225
140 225
153 225
203 225
204 225
213 225
2 226
14 226
37 226
62 226
69 226
75 226
89 226
107 226
110 226
113 226
121 226
158 226
186 226
193 226
201 226
208 226
210 226
215 226
6 227
11 227
31 227
69 227
78 227
87 227
89 227
90 227
95 227
106 227
118 227
121 227
123 227
124 227
126 227
129 227
146 227
148 227
152 227
163 227
169 227
185 227
189 227
206 227
209 227
218 227
223 227
5 228
8 228
35 228
36 228
39 228
54 228
70 228
82 228
110 228
128 228
130 228
170 228
193 228
198 228
214 228
215 228
217 228
15 229
32 229
39 229
61 229
72 229
73 229
92 229
131 229
138 229
142 229
159 229
161 229
177 229
181 229
188 229
191 229
199 229
200 229
0 230
8 230
29 230
61 230
134 230
165 230
167 230
195 230
200 230
206 230
208 230
27 231
38 231
40 231
98 231
101 231
134 231
137 231
143 231
153 231
157 231
163 231
179 231
194 231
218 231
39 232
65 232
94 232
106 232
113 232
121 232
128 232
142 232
144 232
148 232
150 232
184 232
200 232
201 232
202 232
0 233
2 233
5 233
53 233
82 233
91 233
115 233
140 233
144 233
165 233
172 233
191 233
201 233
216 233
219 233
18 234
23 234
43 234
57 234
74 234
76 234
79 234
110 234
114 234
143 234
158 234
177 234
195 234
213 234
223 234
12 235
22 235
49 235
51 235
54 235
84 235
96 235
97 235
125 235
138 235
222 235
8 236
19 236
20 236
71 236
73 236
75 236
88 236
89 236
90 236
94 236
102 236
113 236
130 236
152 236
182 236
191 236
202 236
205 236
10 237
31 237
40 237
48 237
80 237
102 237
109 237
140 237
143 237
146 237
166 237
181 237
185 237
192 237
232 237
0 238
21 238
34 238
39 238
41 238
47 238
60 238
61 238
73 238
118 238
124 238
139 238
142 238
151 238
153 238
187 238
191 238
196 238
197 238
199 238
227 238
233 238
7 239
19 239
48 239
51 239
62 239
63 239
67 239
128 239
167 239
203 239
211 239
215 239
217 239
219 239
225 239
231 239
235 239
17 240
32 240
61 240
79 240
83 240
126 240
150 240
161 240
165 240
209 240
220 240
225 240
230 240
16 241
50 241
51 241
54 241
58 241
80 241
85 241
94 241
110 241
116 241
136 241
153 241
171 241
195 241
211 241
212 241
213 241
223 241
1 242
14 242
16 242
25 242
27 242
29 242
34 242
36 242
47 242
59 242
99 242
130 242
145 242
157 242
168 242
191 242
206 242
220 242
228 242
229 242
5 243
10 243
23 243
55 243
130 243
142 243
143 243
172 243
173 243
185 243
197 243
203 243
212 243
219 243
238 243
240 243
7 244
12 244
15 244
29 244
32 244
84 244
88 244
90 244
127 244
144 244
145 244
146 244
147 244
148 244
156 244
162 244
170 244
177 244
185 244
186 244
194 244
199 244
210 244
227 244
230 244
239 244
7 245
12 245
33 245
42 245
47 245
52 245
55 245
79 245
96 245
113 245
140 245
144 245
155 245
161 245
213 245
4 246
23 246
28 246
40 246
47 246
59 246
65 246
71 246
75 246
78 246
101 246
112 246
135 246
161 246
191 246
200 246
201 246
227 246
15 247
27 247
75 247
87 247
113 247
126 247
139 247
144 247
146 247
156 247
175 247
183 247
212 247
216 247
223 247
229 247
28 248
31 248
34 248
40 248
70 248
88 248
96 248
101 248
102 248
111 248
117 248
119 248
123 248
126 248
164 248
166 248
167 248
185 248
186 248
187 248
196 248
203 248
216 248
219 248
223 248
225 248
25 249
26 249
56 249
75 249
83 249
92 249
135 249
138 249
151 249
161 249
171 249
187 249
191 249
195 249
199 249
201 249
202 249
204 249
210 249
216 249
19 250
23 250
26 250
35 250
37 250
45 250
54 250
61 250
74 250
86 250
90 250
101 250
111 250
115 250
132 250
133 250
141 250
174 250
183 250
204 250
212 250
214 250
228 250
230 250
233 250
17 251
24 251
33 251
36 251
43 251
57 251
58 251
71 251
74 251
79 251
84 251
100 251
106 251
108 251
116 251
165 251
181 251
191 251
195 251
199 251
200 251
211 251
221 251
224 251
226 251
228 251
247 251
12 252
20 252
41 252
56 252
74 252
92 252
105 252
106 252
185 252
201 252
211 252
215 252
217 252
227 252
243 252
12 253
14 253
39 253
52 253
55 253
66 253
67 253
71 253
79 253
96 253
109 253
143 253
144 253
163 253
191 253
231 253
55 254
62 254
63 254
64 254
76 254
77 254
88 254
112 254
139 254
144 254
155 254
179 254
209 254
226 254
232 254
236 254
238 254
239 254
11 255
19 255
37 255
38 255
44 255
45 255
48 255
49 255
56 255
88 255
121 255
123 255
139 255
146 255
188 255
195 255
210 255
215 255
218 255
220 255
226 255
235 255
13 256
27 256
65 256
82 256
118 256
131 256
167 256
170 256
185 256
208 256
245 256
7 257
11 257
25 257
42 257
49 257
52 257
80 257
109 257
115 257
144 257
149 257
175 257
187 257
188 257
212 257
222 257
223 257
238 257
240 257
11 258
40 258
46 258
91 258
108 258
117 258
121 258
138 258
150 258
165 258
172 258
184 258
213 258
228 258
236 258
246 258
250 258
3 259
15 259
51 259
58 259
62 259
95 259
118 259
146 259
151 259
178 259
179 259
183 259
199 259
204 259
207 259
221 259
231 259
233 259
236 259
247 259
23 260
62 260
75 260
83 260
91 260
135 260
141 260
146 260
163 260
171 260
179 260
203 260
206 260
221 260
223 260
230 260
232 260
236 260
244 260
252 260
51 261
53 261
54 261
65 261
104 261
120 261
129 261
188 261
192 261
197 261
233 261
5 262
6 262
34 262
46 262
81 262
88 262
104 262
110 262
123 262
125 262
147 262
164 262
171 262
172 262
180 262
213 262
222 262
243 262
244 262
247 262
35 263
41 263
60 263
83 263
85 263
94 263
118 263
128 263
140 263
149 263
162 263
168 263
180 263
189 263
208 263
221 263
244 263
257 263
35 264
38 264
39 264
45 264
65 264
70 264
74 264
102 264
106 264
130 264
135 264
152 264
203 264
206 264
231 264
238 264
254 264
257 264
4 265
25 265
28 265
40 265
47 265
48 265
79 265
104 265
116 265
131 265
136 265
165 265
169 265
175 265
185 265
210 265
212 265
215 265
255 265
17 266
18 266
27 266
37 266
53 266
60 266
99 266
104 266
115 266
169 266
170 266
178 266
184 266
209 266
212 266
218 266
221 266
224 266
249 266
33 267
43 267
54 267
59 267
76 267
84 267
112 267
126 267
128 267
146 267
152 267
154 267
157 267
168 267
184 267
201 267
207 267
249 267
254 267
37 268
39 268
72 268
97 268
113 268
121 268
138 268
146 268
151 268
155 268
157 268
180 268
193 268
210 268
231 268
5 269
42 269
46 269
79 269
85 269
93 269
94 269
122 269
125 269
130 269
194 269
206 269
224 269
239 269
252 269
2 270
6 270
30 270
89 270
92 270
106 270
110 270
128 270
172 270
202 270
212 270
214 270
218 270
221 270
222 270
233 270
8 271
19 271
21 271
42 271
88 271
107 271
119 271
142 271
149 271
150 271
176 271
196 271
200 271
206 271
210 271
216 271
219 271
225 271
251 271
1 272
11 272
17 272
19 272
24 272
37 272
51 272
54 272
78 272
97 272
106 272
116 272
120 272
147 272
155 272
173 272
181 272
193 272
194 272
241 272
245 272
252 272
14 273
16 273
40 273
47 273
58 273
69 273
80 273
100 273
101 273
115 273
126 273
139 273
149 273
150 273
169 273
177 273
187 273
206 273
232 273
235 273
256 273
10 274
53 274
63 274
78 274
92 274
112 274
116 274
132 274
169 274
180 274
188 274
201 274
204 274
221 274
239 274
251 274
266 274
40 275
64 275
68 275
69 275
75 275
83 275
109 275
111 275
133 275
134 275
136 275
177 275
196 275
229 275
246 275
252 275
253 275
17 276
76 276
116 276
117 276
128 276
148 276
173 276
184 276
195 276
204 276
228 276
239 276
241 276
246 276
265 276
4 277
11 277
14 277
22 277
36 277
57 277
62 277
119 277
140 277
145 277
148 277
173 277
184 277
211 277
212 277
215 277
235 277
242 277
251 277
264 277
14 278
22 278
33 278
54 278
88 278
112 278
152 278
155 278
171 278
207 278
222 278
251 278
268 278
9 279
34 279
37 279
41 279
55 279
61 279
100 279
105 279
127 279
147 279
148 279
158 279
160 279
199 279
205 279
211 279
214 279
216 279
251 279
261 279
269 279
10 280
21 280
42 280
52 280
55 280
62 280
66 280
93 280
124 280
134 280
166 280
169 280
186 280
187 280
209 280
218 280
228 280
234 280
248 280
263 280
273 280
34 281
45 281
49 281
51 281
61 281
81 281
85 281
92 281
95 281
107 281
121 281
134 281
146 281
148 281
172 281
197 281
229 281
255 281
262 281
20 282
33 282
43 282
44 282
47 282
93 282
99 282
109 282
112 282
115 282
121 282
134 282
154 282
155 282
179 282
180 282
199 282
211 282
244 282
267 282
268 282
71 283
76 283
77 283
87 283
88 283
89 283
103 283
110 283
117 283
135 283
146 283
152 283
157 283
172 283
193 283
235 283
255 283
265 283
12 284
27 284
36 284
38 284
45 284
52 284
69 284
83 284
91 284
102 284
121 284
129 284
162 284
170 284
188 284
195 284
203 284
209 284
218 284
251 284
259 284
264 284
5 285
19 285
25 285
52 285
56 285
66 285
85 285
107 285
108 285
112 285
113 285
127 285
129 285
133 285
137 285
142 285
171 285
187 285
225 285
234 285
236 285
268 285
281 285
15 286
38 286
59 286
79 286
85 286
93 286
94 286
152 286
156 286
164 286
180 286
188 286
190 286
215 286
236 286
252 286
257 286
266 286
270 286
275 286
4 287
12 287
18 287
24 287
26 287
50 287
59 287
71 287
74 287
89 287
90 287
108 287
115 287
117 287
142 287
154 287
158 287
174 287
193 287
196 287
197 287
207 287
214 287
224 287
244 287
246 287
250 287
267 287
277 287
6 288
29 288
39 288
60 288
61 288
66 288
83 288
85 288
107 288
122 288
129 288
135 288
137 288
141 288
143 288
144 288
170 288
181 288
183 288
204 288
207 288
213 288
218 288
251 288
262 288
265 288
272 288
20 289
28 289
34 289
35 289
38 289
39 289
49 289
57 289
84 289
96 289
100 289
110 289
117 289
124 289
157 289
182 289
187 289
193 289
197 289
219 289
221 289
227 289
237 289
246 289
258 289
0 290
21 290
22 290
41 290
83 290
97 290
98 290
105 290
111 290
112 290
140 290
141 290
149 290
164 290
175 290
179 290
222 290
235 290
258 290
10 291
12 291
31 291
32 291
45 291
66 291
71 291
113 291
116 291
126 291
128 291
134 291
140 291
147 291
148 291
155 291
159 291
160 291
168 291
177 291
204 291
220 291
222 291
230 291
247 291
251 291
253 291
254 291
277 291
284 291
4 292
6 292
15 292
16 292
19 292
23 292
32 292
35 292
57 292
61 292
70 292
77 292
83 292
84 292
90 292
101 292
136 292
155 292
165 292
168 292
173 292
188 292
191 292
198 292
200 292
217 292
218 292
238 292
242 292
261 292
267 292
270 292
289 292
18 293
46 293
51 293
70 293
74 293
82 293
86 293
96 293
98 293
107 293
119 293
122 293
132 293
138 293
150 293
190 293
192 293
195 293
199 293
241 293
247 293
249 293
267 293
286 293
6 294
35 294
46 294
70 294
123 294
128 294
141 294
143 294
159 294
166 294
173 294
175 294
192 294
205 294
217 294
241 294
242 294
243 294
246 294
247 294
258 294
261 294
263 294
43 295
46 295
55 295
84 295
87 295
104 295
128 295
147 295
166 295
170 295
174 295
175 295
186 295
191 295
217 295
235 295
249 295
260 295
266 295
267 295
274 295
0 296
5 296
21 296
41 296
60 296
85 296
91 296
138 296
140 296
151 296
172 296
186 296
202 296
212 296
215 296
217 296
218 296
223 296
250 296
266 296
1 297
6 297
17 297
32 297
34 297
62 297
74 297
79 297
95 297
101 297
141 297
158 297
177 297
185 297
207 297
208 297
215 297
235 297
261 297
264 297
270 297
276 297
278 297
281 297
19 298
24 298
51 298
78 298
120 298
133 298
149 298
182 298
199 298
204 298
206 298
218 298
239 298
241 298
265 298
272 298
287 298
7 299
11 299
12 299
20 299
27 299
41 299
45 299
53 299
61 299
82 299
87 299
92 299
114 299
132 299
152 299
165 299
166 299
171 299
182 299
186 299
190 299
199 299
211 299
215 299
245 299
284 299
