300 3881 5
6 3 3 15 7 6 19 5 6 4 2 18 4 11 22 1 7 9 4 4 16 23 8 1 11 5 27 16 6 14 5 4 1 2 2 14 1 12 2 19 3 6 8 1 9 2 7 8 5 3 7 5 5 4 10 1 16 2 4 3 17 11 15 1 6 2 5 8 1 1 1 12 3 7 16 13 1 3 5 7 1 3 10 1 3 2 5 24 5 1 17 9 4 17 4 7 23 13 7 10 1 6 8 1 1 8 13 3 1 2 4 8 20 11 1 1 7 26 5 1 8 13 4 2 6 28 8 1 2 20 5 5 5 9 29 6 2 4 4 31 3 6 21 11 6 6 5 2 13 16 2 2 1 14 5 2 2 14 1 7 2 4 1 1 12 3 9 2 1 1 33 4 4 2 6 1 8 1 4 1 7 6 29 8 10 5 4 7 13 1 34 4 14 2 2 3 7 4 1 7 3 1 5 1 7 10 3 8 9 12 37 1 7 10 30 5 2 6 44 35 9 5 2 3 12 11 7 2 2 1 6 8 1 3 3 3 1 6 17 4 15 1 14 2 5 3 1 3 9 5 3 18 2 1 1 8 4 36 4 3 14 5 6 4 3 7 16 13 13 1 6 2 2 4 4 8 5 24 9 2 4 19 1 2 1 1 1 8 1 7 1 3 3 26 5 6 3 12 11 8
2 7
2 9
5 9
3 11
0 13
4 13
1 14
3 15
3 16
13 18
3 19
13 19
15 19
2 20
5 20
11 20
12 20
8 21
6 22
8 22
8 23
8 24
12 26
4 27
5 27
6 27
0 29
2 29
6 29
9 29
1 30
2 30
3 31
8 31
26 31
3 32
5 32
6 32
12 32
17 32
20 32
0 33
4 33
5 33
8 33
9 33
18 33
20 34
12 35
21 35
30 35
1 36
29 36
10 37
13 37
18 37
25 37
27 37
28 37
13 38
27 38
33 38
14 39
15 40
17 40
14 41
35 41
12 42
34 42
35 42
11 43
13 43
21 43
22 43
36 43
2 44
6 44
8 44
10 44
22 44
36 44
38 44
15 45
18 45
38 45
4 46
10 46
12 46
13 46
25 46
27 46
29 46
33 46
6 47
40 47
8 48
18 48
24 48
42 48
43 48
7 49
20 49
30 49
33 49
34 49
35 49
12 50
20 50
38 50
14 51
30 51
17 52
27 52
5 53
6 53
12 53
18 53
21 53
23 53
7 54
9 54
39 54
11 55
35 55
11 56
16 56
20 56
37 56
41 56
42 56
5 57
15 57
23 57
24 57
25 57
33 57
44 57
0 58
18 58
37 58
38 58
2 59
13 59
20 59
21 59
24 59
28 59
29 59
47 59
54 59
19 60
40 60
57 60
11 61
14 61
19 61
21 61
33 61
35 61
39 61
47 61
49 61
2 62
5 62
8 62
9 62
14 62
32 62
42 62
43 62
54 62
56 62
1 63
5 63
6 63
7 63
13 63
15 63
22 63
30 63
43 63
53 63
57 63
2 64
13 64
14 64
19 64
36 64
37 64
4 65
12 65
17 65
34 65
44 65
52 65
7 66
32 66
34 66
41 66
44 66
49 66
31 67
37 67
38 67
47 67
59 67
5 68
24 68
27 68
30 68
32 68
41 68
43 68
44 68
46 68
48 68
51 68
56 68
17 69
21 69
23 69
29 69
6 70
61 70
6 71
24 71
30 71
44 71
48 71
53 71
56 71
57 71
61 71
6 72
15 72
17 72
34 72
51 72
55 72
3 73
13 73
27 73
38 73
54 73
2 74
7 74
19 74
21 74
23 74
46 74
48 74
61 74
63 74
14 75
26 75
27 75
49 75
54 75
59 75
14 76
19 76
22 76
47 76
60 76
5 77
8 77
14 77
26 77
66 77
74 77
47 78
49 78
64 78
66 78
9 79
25 79
26 79
38 79
42 79
69 79
5 80
43 80
52 80
76 80
0 81
2 81
14 81
41 81
47 81
53 81
55 81
67 81
74 81
8 82
28 82
36 82
43 82
46 82
58 82
64 82
22 83
31 83
48 83
51 83
74 83
3 84
5 84
12 84
25 84
34 84
35 84
45 84
57 84
68 84
39 85
70 85
1 86
5 86
7 86
11 86
15 86
21 86
23 86
28 86
44 86
64 86
1 87
5 87
36 87
37 87
38 87
48 87
51 87
70 87
1 88
26 88
50 88
52 88
71 88
22 89
34 89
36 89
44 89
47 89
51 89
55 89
59 89
66 89
71 89
22 90
32 90
34 90
49 90
57 90
63 90
68 90
74 90
15 91
22 91
37 91
43 91
46 91
50 91
53 91
58 91
74 91
75 91
17 92
28 92
30 92
35 92
36 92
38 92
44 92
62 92
73 92
5 93
7 93
44 93
45 93
61 93
77 93
19 94
32 94
46 94
47 94
49 94
66 94
85 94
89 94
22 95
28 95
37 95
59 95
70 95
5 96
14 96
18 96
45 96
64 96
84 96
91 96
0 97
11 97
16 97
28 97
39 97
40 97
52 97
58 97
74 97
85 97
9 98
19 98
23 98
32 98
68 98
86 98
90 98
0 99
8 99
17 99
31 99
47 99
56 99
59 99
68 99
75 99
83 99
85 99
88 99
91 99
11 100
21 100
35 100
40 100
60 100
70 100
72 100
91 100
12 101
53 101
69 101
74 101
13 102
19 102
33 102
42 102
64 102
67 102
71 102
80 102
88 102
20 103
35 103
59 103
71 103
86 103
96 103
0 104
17 104
24 104
49 104
54 104
60 104
84 104
2 105
13 105
16 105
20 105
66 105
89 105
19 106
39 106
59 106
69 106
75 106
81 106
90 106
18 107
38 107
39 107
41 107
47 107
48 107
53 107
56 107
63 107
65 107
78 107
0 108
2 108
26 108
29 108
43 108
51 108
55 108
62 108
70 108
76 108
78 108
8 109
60 109
86 109
89 109
91 109
93 109
99 109
3 110
10 110
15 110
19 110
29 110
33 110
45 110
77 110
88 110
101 110
19 111
27 111
33 111
38 111
50 111
52 111
65 111
68 111
87 111
91 111
101 111
12 112
13 112
19 112
27 112
36 112
39 112
63 112
65 112
73 112
77 112
82 112
85 112
94 112
101 112
11 113
15 113
33 113
55 113
74 113
75 113
1 114
6 114
8 114
13 114
16 114
22 114
31 114
47 114
51 114
53 114
55 114
56 114
77 114
80 114
84 114
85 114
101 114
22 115
30 115
33 115
35 115
38 115
44 115
72 115
99 115
1 116
8 116
35 116
70 116
79 116
89 116
96 116
106 116
0 117
6 117
17 117
18 117
24 117
32 117
37 117
49 117
51 117
80 117
81 117
85 117
92 117
111 117
112 117
8 118
20 118
29 118
56 118
68 118
73 118
77 118
81 118
98 118
103 118
110 118
5 119
6 119
34 119
37 119
45 119
47 119
55 119
59 119
62 119
63 119
72 119
90 119
111 119
7 120
14 120
19 120
39 120
48 120
77 120
114 120
19 121
36 121
53 121
54 121
57 121
61 121
78 121
99 121
113 121
0 122
1 122
8 122
37 122
50 122
70 122
84 122
0 123
6 123
19 123
28 123
30 123
51 123
52 123
76 123
84 123
7 124
18 124
19 124
24 124
26 124
31 124
47 124
57 124
58 124
74 124
96 124
100 124
101 124
109 124
24 125
26 125
45 125
51 125
55 125
78 125
92 125
103 125
118 125
0 126
38 126
55 126
58 126
69 126
79 126
91 126
92 126
100 126
103 126
114 126
115 126
116 126
119 126
123 126
6 127
22 127
24 127
56 127
65 127
75 127
103 127
110 127
14 128
32 128
36 128
45 128
54 128
63 128
71 128
79 128
109 128
6 129
8 129
17 129
19 129
37 129
38 129
43 129
59 129
60 129
92 129
97 129
100 129
101 129
103 129
106 129
112 129
0 130
5 130
30 130
33 130
44 130
56 130
75 130
113 130
16 131
26 131
27 131
67 131
99 131
103 131
121 131
21 132
37 132
38 132
56 132
85 132
87 132
98 132
109 132
125 132
37 133
44 133
50 133
69 133
77 133
87 133
90 133
92 133
100 133
122 133
124 133
3 134
25 134
33 134
46 134
56 134
61 134
64 134
86 134
91 134
110 134
7 135
14 135
16 135
22 135
41 135
57 135
60 135
71 135
73 135
75 135
85 135
105 135
110 135
1 136
7 136
14 136
80 136
89 136
102 136
108 136
112 136
4 137
9 137
19 137
22 137
42 137
53 137
64 137
85 137
93 137
97 137
103 137
108 137
118 137
124 137
2 138
8 138
43 138
45 138
64 138
67 138
79 138
80 138
99 138
104 138
5 139
7 139
21 139
29 139
35 139
42 139
43 139
48 139
51 139
53 139
61 139
68 139
89 139
94 139
110 139
122 139
26 140
28 140
31 140
39 140
45 140
50 140
64 140
66 140
74 140
77 140
83 140
99 140
103 140
131 140
11 141
19 141
32 141
44 141
67 141
69 141
71 141
86 141
102 141
118 141
134 141
0 142
5 142
9 142
38 142
51 142
92 142
95 142
104 142
113 142
114 142
119 142
123 142
3 143
7 143
11 143
12 143
18 143
34 143
38 143
46 143
49 143
68 143
77 143
78 143
82 143
90 143
92 143
100 143
107 143
119 143
122 143
130 143
4 144
9 144
21 144
40 144
45 144
54 144
70 144
76 144
123 144
129 144
21 145
25 145
35 145
49 145
92 145
93 145
94 145
99 145
5 146
12 146
20 146
31 146
37 146
42 146
43 146
47 146
59 146
62 146
64 146
70 146
81 146
103 146
116 146
123 146
137 146
5 147
17 147
62 147
74 147
83 147
108 147
125 147
133 147
13 148
40 148
46 148
60 148
91 148
93 148
95 148
97 148
108 148
112 148
130 148
16 149
40 149
57 149
59 149
77 149
118 149
135 149
139 149
44 150
59 150
79 150
91 150
92 150
98 150
114 150
121 150
123 150
128 150
130 150
140 150
6 151
17 151
25 151
33 151
45 151
60 151
66 151
109 151
122 151
132 151
146 151
7 152
35 152
48 152
55 152
65 152
67 152
84 152
103 152
116 152
46 153
74 153
75 153
78 153
91 153
108 153
134 153
148 153
3 154
5 154
23 154
31 154
36 154
38 154
44 154
49 154
51 154
82 154
85 154
86 154
142 154
10 155
14 155
27 155
63 155
77 155
84 155
90 155
113 155
125 155
135 155
144 155
9 156
11 156
26 156
34 156
35 156
49 156
63 156
84 156
104 156
108 156
110 156
112 156
119 156
120 156
121 156
126 156
131 156
136 156
140 156
1 157
12 157
23 157
25 157
34 157
56 157
69 157
74 157
76 157
84 157
89 157
104 157
105 157
121 157
124 157
129 157
133 157
140 157
143 157
146 157
10 158
11 158
26 158
36 158
45 158
49 158
56 158
64 158
99 158
107 158
110 158
126 158
147 158
10 159
30 159
43 159
61 159
67 159
73 159
79 159
104 159
107 159
127 159
128 159
132 159
140 159
146 159
156 159
16 160
26 160
28 160
40 160
41 160
52 160
53 160
54 160
64 160
68 160
80 160
129 160
137 160
138 160
142 160
145 160
154 160
2 161
12 161
15 161
18 161
23 161
29 161
39 161
91 161
110 161
124 161
126 161
3 162
14 162
19 162
25 162
36 162
50 162
82 162
83 162
102 162
128 162
136 162
142 162
149 162
6 163
7 163
11 163
13 163
14 163
22 163
26 163
64 163
68 163
69 163
80 163
82 163
88 163
90 163
93 163
111 163
114 163
120 163
138 163
147 163
4 164
35 164
51 164
64 164
67 164
96 164
102 164
110 164
125 164
140 164
152 164
5 165
10 165
29 165
36 165
46 165
72 165
80 165
81 165
86 165
112 165
120 165
142 165
14 166
16 166
27 166
39 166
46 166
62 166
63 166
68 166
69 166
79 166
90 166
91 166
108 166
149 166
12 167
29 167
38 167
59 167
60 167
74 167
81 167
88 167
89 167
100 167
101 167
110 167
125 167
129 167
148 167
164 167
4 168
20 168
21 168
26 168
29 168
34 168
43 168
45 168
53 168
54 168
57 168
75 168
78 168
94 168
97 168
107 168
121 168
124 168
140 168
144 168
151 168
153 168
0 169
9 169
14 169
17 169
31 169
57 169
71 169
85 169
110 169
152 169
3 170
17 170
29 170
31 170
35 170
50 170
52 170
70 170
104 170
109 170
124 170
129 170
131 170
140 170
163 170
5 171
14 171
17 171
24 171
37 171
74 171
96 171
101 171
155 171
0 172
17 172
36 172
44 172
65 172
81 172
83 172
85 172
119 172
128 172
132 172
148 172
12 173
13 173
56 173
89 173
95 173
98 173
112 173
164 173
7 174
10 174
27 174
48 174
59 174
70 174
97 174
108 174
113 174
120 174
132 174
149 174
156 174
162 174
2 175
19 175
21 175
37 175
50 175
64 175
112 175
134 175
140 175
144 175
4 176
17 176
26 176
44 176
50 176
55 176
74 176
78 176
96 176
97 176
98 176
102 176
113 176
120 176
125 176
133 176
136 176
160 176
1 177
2 177
39 177
41 177
42 177
46 177
61 177
69 177
71 177
77 177
120 177
3 178
9 178
10 178
21 178
26 178
32 178
33 178
43 178
65 178
73 178
94 178
112 178
117 178
125 178
131 178
136 178
138 178
143 178
150 178
1 179
10 179
43 179
44 179
53 179
62 179
71 179
92 179
99 179
120 179
121 179
128 179
157 179
162 179
165 179
173 179
175 179
15 180
30 180
32 180
45 180
55 180
72 180
87 180
92 180
96 180
100 180
102 180
103 180
111 180
117 180
128 180
132 180
133 180
135 180
136 180
157 180
172 180
3 181
5 181
7 181
38 181
54 181
87 181
94 181
98 181
112 181
115 181
124 181
133 181
149 181
165 181
6 182
18 182
26 182
35 182
71 182
94 182
108 182
112 182
117 182
120 182
127 182
129 182
134 182
163 182
169 182
20 183
47 183
52 183
63 183
67 183
73 183
77 183
78 183
84 183
99 183
100 183
103 183
104 183
118 183
150 183
159 183
167 183
11 184
18 184
28 184
71 184
76 184
82 184
109 184
118 184
129 184
130 184
132 184
142 184
176 184
28 185
29 185
39 185
40 185
50 185
56 185
66 185
73 185
96 185
110 185
116 185
140 185
141 185
148 185
150 185
161 185
165 185
174 185
33 186
34 186
37 186
38 186
53 186
78 186
92 186
111 186
124 186
129 186
133 186
138 186
152 186
153 186
166 186
169 186
174 186
5 187
9 187
24 187
54 187
59 187
73 187
96 187
97 187
105 187
145 187
148 187
165 187
176 187
10 188
41 188
53 188
122 188
129 188
130 188
140 188
164 188
171 188
186 188
3 189
8 189
12 189
30 189
32 189
34 189
39 189
53 189
55 189
73 189
107 189
115 189
128 189
147 189
3 190
49 190
60 190
73 190
80 190
114 190
115 190
117 190
122 190
131 190
142 190
179 190
184 190
1 191
5 191
7 191
11 191
13 191
19 191
23 191
28 191
88 191
94 191
107 191
110 191
116 191
121 191
127 191
130 191
156 191
164 191
166 191
3 192
6 192
13 192
37 192
45 192
70 192
83 192
88 192
90 192
97 192
100 192
104 192
137 192
142 192
144 192
176 192
187 192
2 193
14 193
27 193
63 193
70 193
74 193
89 193
109 193
113 193
114 193
124 193
134 193
135 193
141 193
145 193
149 193
160 193
2 194
27 194
72 194
85 194
89 194
117 194
144 194
146 194
147 194
153 194
155 194
178 194
0 195
25 195
36 195
45 195
55 195
80 195
92 195
101 195
120 195
133 195
134 195
140 195
157 195
163 195
180 195
185 195
3 196
8 196
19 196
23 196
33 196
37 196
45 196
46 196
48 196
51 196
58 196
60 196
85 196
104 196
111 196
115 196
121 196
122 196
132 196
137 196
139 196
161 196
169 196
16 197
68 197
87 197
90 197
94 197
110 197
115 197
138 197
145 197
148 197
155 197
160 197
171 197
30 198
41 198
47 198
56 198
94 198
104 198
132 198
26 199
64 199
66 199
75 199
77 199
81 199
135 199
147 199
151 199
153 199
156 199
160 199
161 199
164 199
179 199
184 199
11 200
38 200
42 200
57 200
65 200
69 200
80 200
85 200
101 200
131 200
141 200
147 200
149 200
161 200
176 200
179 200
182 200
183 200
22 201
36 201
74 201
76 201
85 201
115 201
126 201
135 201
139 201
147 201
161 201
162 201
2 202
33 202
51 202
56 202
84 202
94 202
99 202
109 202
122 202
124 202
131 202
156 202
180 202
182 202
196 202
14 203
30 203
47 203
84 203
86 203
104 203
105 203
136 203
163 203
164 203
181 203
186 203
192 203
24 204
28 204
32 204
43 204
54 204
59 204
60 204
78 204
91 204
94 204
95 204
114 204
145 204
176 204
185 204
16 205
38 205
43 205
44 205
49 205
60 205
66 205
76 205
88 205
90 205
99 205
119 205
125 205
139 205
162 205
178 205
183 205
195 205
12 206
20 206
22 206
33 206
45 206
47 206
52 206
55 206
75 206
82 206
85 206
86 206
109 206
134 206
152 206
155 206
162 206
173 206
175 206
183 206
31 207
42 207
45 207
52 207
54 207
77 207
82 207
107 207
114 207
125 207
142 207
143 207
144 207
162 207
193 207
196 207
11 208
31 208
32 208
38 208
51 208
96 208
107 208
115 208
129 208
132 208
139 208
147 208
152 208
180 208
182 208
184 208
186 208
190 208
192 208
11 209
38 209
40 209
54 209
56 209
75 209
83 209
84 209
92 209
109 209
127 209
136 209
146 209
18 210
19 210
32 210
42 210
47 210
67 210
85 210
96 210
103 210
106 210
107 210
114 210
151 210
158 210
188 210
195 210
3 211
11 211
33 211
39 211
46 211
50 211
62 211
83 211
102 211
110 211
139 211
147 211
154 211
156 211
172 211
177 211
193 211
195 211
197 211
204 211
209 211
3 212
4 212
41 212
45 212
50 212
58 212
62 212
66 212
99 212
108 212
112 212
114 212
121 212
122 212
140 212
142 212
153 212
164 212
166 212
198 212
200 212
7 213
30 213
43 213
50 213
59 213
69 213
70 213
79 213
80 213
126 213
129 213
132 213
133 213
139 213
155 213
173 213
176 213
180 213
190 213
202 213
203 213
210 213
14 214
17 214
27 214
33 214
37 214
42 214
80 214
103 214
104 214
118 214
125 214
137 214
167 214
168 214
169 214
177 214
180 214
11 215
16 215
17 215
36 215
37 215
39 215
50 215
66 215
71 215
81 215
98 215
106 215
131 215
132 215
147 215
154 215
159 215
164 215
172 215
6 216
38 216
48 216
50 216
56 216
71 216
73 216
75 216
84 216
92 216
93 216
99 216
118 216
128 216
131 216
157 216
162 216
167 216
203 216
12 217
29 217
38 217
46 217
51 217
56 217
57 217
61 217
64 217
72 217
75 217
85 217
87 217
101 217
106 217
110 217
137 217
164 217
176 217
182 217
188 217
205 217
15 218
20 218
39 218
40 218
46 218
53 218
58 218
60 218
65 218
68 218
74 218
90 218
93 218
104 218
127 218
133 218
145 218
166 218
182 218
202 218
205 218
35 219
47 219
49 219
50 219
77 219
88 219
90 219
99 219
131 219
137 219
140 219
144 219
145 219
169 219
204 219
206 219
13 220
23 220
28 220
34 220
35 220
42 220
48 220
57 220
59 220
75 220
80 220
85 220
86 220
95 220
115 220
133 220
154 220
156 220
160 220
168 220
175 220
187 220
191 220
204 220
209 220
216 220
30 221
33 221
42 221
44 221
53 221
56 221
70 221
72 221
74 221
79 221
88 221
122 221
127 221
150 221
153 221
154 221
156 221
159 221
186 221
189 221
192 221
200 221
7 222
25 222
40 222
41 222
52 222
63 222
65 222
73 222
99 222
106 222
116 222
122 222
129 222
134 222
141 222
182 222
195 222
210 222
16 223
23 223
24 223
37 223
42 223
68 223
106 223
122 223
131 223
132 223
139 223
142 223
151 223
184 223
190 223
213 223
215 223
8 224
18 224
20 224
29 224
50 224
53 224
60 224
63 224
72 224
96 224
100 224
112 224
114 224
119 224
128 224
142 224
146 224
148 224
154 224
167 224
177 224
194 224
195 224
197 224
201 224
4 225
6 225
9 225
21 225
60 225
69 225
71 225
72 225
74 225
77 225
80 225
95 225
109 225
112 225
114 225
119 225
124 225
127 225
141 225
142 225
165 225
174 225
179 225
181 225
190 225
200 225
202 225
3 226
5 226
6 226
9 226
51 226
72 226
79 226
92 226
129 226
136 226
140 226
141 226
143 226
149 226
151 226
154 226
160 226
168 226
183 226
189 226
194 226
214 226
35 227
46 227
50 227
52 227
60 227
61 227
115 227
117 227
138 227
142 227
146 227
174 227
179 227
182 227
189 227
207 227
217 227
3 228
23 228
27 228
41 228
42 228
47 228
63 228
81 228
84 228
86 228
99 228
100 228
126 228
156 228
163 228
171 228
185 228
198 228
215 228
4 229
11 229
17 229
29 229
39 229
60 229
75 229
102 229
104 229
109 229
131 229
132 229
147 229
170 229
174 229
188 229
201 229
2 230
4 230
12 230
16 230
31 230
46 230
53 230
57 230
58 230
66 230
74 230
99 230
118 230
144 230
150 230
152 230
164 230
170 230
176 230
178 230
184 230
188 230
192 230
197 230
205 230
219 230
1 231
10 231
18 231
19 231
44 231
70 231
71 231
79 231
84 231
85 231
118 231
132 231
134 231
156 231
180 231
184 231
185 231
202 231
0 232
4 232
5 232
25 232
26 232
37 232
52 232
100 232
113 232
120 232
126 232
157 232
170 232
185 232
208 232
218 232
28 233
54 233
58 233
86 233
94 233
100 233
124 233
142 233
151 233
168 233
169 233
196 233
202 233
207 233
1 234
3 234
22 234
23 234
44 234
47 234
51 234
68 234
73 234
81 234
85 234
107 234
110 234
112 234
116 234
119 234
133 234
136 234
172 234
176 234
177 234
179 234
185 234
197 234
201 234
9 235
16 235
32 235
33 235
42 235
73 235
103 235
106 235
114 235
117 235
125 235
132 235
183 235
191 235
6 236
28 236
47 236
57 236
59 236
63 236
113 236
116 236
117 236
125 236
136 236
144 236
151 236
178 236
197 236
218 236
234 236
35 237
39 237
56 237
59 237
76 237
80 237
100 237
106 237
121 237
125 237
130 237
141 237
153 237
175 237
200 237
208 237
221 237
234 237
1 238
7 238
16 238
17 238
29 238
35 238
44 238
48 238
75 238
79 238
85 238
88 238
93 238
104 238
108 238
120 238
121 238
122 238
143 238
161 238
165 238
195 238
208 238
210 238
221 238
3 239
11 239
23 239
51 239
76 239
86 239
110 239
123 239
132 239
159 239
170 239
175 239
190 239
195 239
198 239
200 239
211 239
5 240
20 240
30 240
33 240
59 240
99 240
107 240
111 240
114 240
120 240
127 240
132 240
153 240
159 240
189 240
193 240
200 240
212 240
226 240
234 240
9 241
16 241
26 241
36 241
45 241
54 241
63 241
72 241
88 241
95 241
103 241
106 241
109 241
140 241
147 241
150 241
167 241
183 241
203 241
205 241
213 241
234 241
16 242
21 242
34 242
40 242
45 242
48 242
59 242
66 242
69 242
84 242
96 242
101 242
102 242
119 242
124 242
131 242
132 242
136 242
142 242
154 242
158 242
162 242
185 242
187 242
204 242
27 243
34 243
39 243
49 243
71 243
85 243
93 243
102 243
103 243
106 243
116 243
122 243
131 243
158 243
160 243
175 243
191 243
213 243
218 243
25 244
46 244
47 244
56 244
70 244
92 244
123 244
170 244
179 244
205 244
216 244
222 244
233 244
239 244
240 244
0 245
4 245
10 245
19 245
47 245
48 245
52 245
62 245
65 245
90 245
115 245
129 245
130 245
133 245
137 245
145 245
154 245
191 245
199 245
225 245
235 245
238 245
10 246
17 246
34 246
49 246
54 246
66 246
79 246
84 246
103 246
123 246
125 246
127 246
133 246
136 246
139 246
159 246
175 246
196 246
200 246
211 246
226 246
229 246
230 246
18 247
29 247
62 247
65 247
66 247
72 247
104 247
105 247
115 247
161 247
170 247
171 247
181 247
185 247
187 247
205 247
215 247
222 247
230 247
232 247
19 248
29 248
39 248
49 248
67 248
70 248
89 248
103 248
108 248
135 248
141 248
153 248
159 248
174 248
192 248
214 248
225 248
228 248
232 248
241 248
242 248
0 249
8 249
16 249
33 249
34 249
48 249
49 249
77 249
81 249
82 249
83 249
90 249
95 249
98 249
112 249
145 249
149 249
150 249
154 249
178 249
217 249
221 249
230 249
3 250
11 250
44 250
55 250
79 250
81 250
90 250
94 250
129 250
130 250
151 250
152 250
154 250
164 250
166 250
179 250
193 250
203 250
23 251
27 251
33 251
64 251
69 251
83 251
92 251
95 251
96 251
98 251
117 251
125 251
127 251
130 251
131 251
146 251
164 251
184 251
188 251
189 251
194 251
196 251
218 251
219 251
220 251
224 251
225 251
231 251
240 251
241 251
5 252
13 252
37 252
46 252
48 252
50 252
63 252
65 252
87 252
91 252
113 252
128 252
138 252
144 252
145 252
195 252
197 252
201 252
204 252
221 252
225 252
229 252
231 252
232 252
237 252
239 252
12 253
13 253
23 253
27 253
40 253
50 253
55 253
75 253
89 253
91 253
110 253
128 253
131 253
132 253
150 253
169 253
176 253
184 253
211 253
2 254
7 254
22 254
26 254
29 254
35 254
75 254
107 254
108 254
110 254
115 254
123 254
127 254
128 254
146 254
157 254
168 254
172 254
176 254
183 254
197 254
220 254
235 254
1 255
19 255
28 255
34 255
35 255
102 255
104 255
107 255
108 255
114 255
149 255
153 255
183 255
198 255
217 255
233 255
1 256
6 256
26 256
41 256
43 256
53 256
61 256
72 256
85 256
92 256
98 256
105 256
116 256
145 256
173 256
181 256
182 256
209 256
212 256
217 256
219 256
232 256
0 257
1 257
7 257
37 257
45 257
51 257
55 257
63 257
66 257
103 257
111 257
115 257
118 257
122 257
125 257
134 257
142 257
143 257
161 257
184 257
203 257
210 257
215 257
229 257
243 257
248 257
3 258
4 258
5 258
15 258
32 258
33 258
44 258
51 258
52 258
53 258
61 258
64 258
66 258
83 258
120 258
138 258
139 258
143 258
144 258
148 258
153 258
160 258
182 258
187 258
200 258
204 258
207 258
223 258
227 258
241 258
22 259
28 259
37 259
49 259
51 259
73 259
83 259
84 259
87 259
93 259
95 259
100 259
102 259
110 259
125 259
138 259
142 259
148 259
149 259
151 259
174 259
178 259
183 259
185 259
215 259
219 259
3 260
10 260
21 260
37 260
58 260
66 260
70 260
74 260
75 260
78 260
79 260
102 260
105 260
108 260
125 260
129 260
140 260
142 260
143 260
148 260
150 260
156 260
159 260
164 260
176 260
204 260
221 260
231 260
232 260
240 260
2 261
18 261
32 261
33 261
34 261
38 261
64 261
80 261
81 261
88 261
97 261
98 261
107 261
113 261
116 261
135 261
136 261
159 261
180 261
196 261
197 261
200 261
201 261
227 261
236 261
238 261
239 261
11 262
27 262
30 262
31 262
40 262
61 262
81 262
90 262
101 262
123 262
145 262
146 262
159 262
169 262
217 262
218 262
229 262
241 262
247 262
254 262
4 263
14 263
16 263
60 263
93 263
112 263
118 263
136 263
140 263
147 263
155 263
180 263
196 263
201 263
216 263
224 263
232 263
234 263
236 263
242 263
18 264
42 264
55 264
70 264
102 264
104 264
107 264
114 264
127 264
139 264
155 264
161 264
167 264
187 264
211 264
215 264
227 264
232 264
237 264
248 264
253 264
30 265
55 265
86 265
89 265
95 265
99 265
106 265
121 265
139 265
150 265
158 265
163 265
164 265
171 265
178 265
197 265
207 265
212 265
235 265
241 265
242 265
250 265
254 265
1 266
4 266
13 266
28 266
32 266
57 266
62 266
63 266
73 266
109 266
113 266
120 266
123 266
132 266
133 266
139 266
142 266
179 266
195 266
198 266
199 266
224 266
228 266
233 266
240 266
5 267
9 267
21 267
23 267
27 267
35 267
48 267
50 267
55 267
60 267
63 267
71 267
82 267
84 267
92 267
100 267
108 267
119 267
140 267
142 267
154 267
159 267
162 267
167 267
175 267
178 267
180 267
188 267
190 267
206 267
209 267
229 267
238 267
250 267
266 267
8 268
13 268
15 268
17 268
22 268
25 268
26 268
27 268
43 268
52 268
61 268
81 268
91 268
92 268
107 268
138 268
155 268
192 268
231 268
249 268
251 268
258 268
10 269
13 269
16 269
36 269
50 269
52 269
57 269
59 269
66 269
69 269
72 269
87 269
95 269
108 269
111 269
137 269
168 269
170 269
182 269
187 269
188 269
193 269
213 269
214 269
244 269
256 269
262 269
1 270
13 270
15 270
18 270
23 270
46 270
53 270
54 270
66 270
67 270
69 270
85 270
91 270
104 270
111 270
114 270
118 270
124 270
131 270
136 270
147 270
162 270
198 270
214 270
216 270
222 270
223 270
228 270
254 270
256 270
262 270
9 271
20 271
33 271
45 271
60 271
116 271
128 271
139 271
149 271
153 271
174 271
178 271
217 271
226 271
246 271
258 271
15 272
22 272
23 272
24 272
34 272
36 272
41 272
48 272
76 272
82 272
104 272
108 272
123 272
125 272
134 272
137 272
140 272
141 272
158 272
161 272
167 272
168 272
175 272
196 272
197 272
215 272
218 272
230 272
243 272
251 272
256 272
259 272
14 273
22 273
31 273
38 273
44 273
52 273
65 273
75 273
81 273
85 273
95 273
101 273
112 273
119 273
146 273
157 273
182 273
188 273
190 273
194 273
199 273
213 273
248 273
259 273
35 274
44 274
53 274
78 274
99 274
102 274
105 274
107 274
115 274
122 274
138 274
142 274
145 274
146 274
166 274
167 274
171 274
178 274
181 274
184 274
197 274
210 274
211 274
212 274
215 274
217 274
232 274
252 274
264 274
14 275
15 275
18 275
31 275
36 275
59 275
81 275
87 275
88 275
103 275
113 275
121 275
128 275
146 275
194 275
195 275
196 275
215 275
217 275
220 275
239 275
245 275
249 275
263 275
1 276
4 276
13 276
17 276
37 276
53 276
57 276
63 276
75 276
82 276
87 276
92 276
97 276
102 276
108 276
129 276
152 276
163 276
169 276
178 276
179 276
194 276
206 276
231 276
241 276
260 276
270 276
2 277
16 277
19 277
29 277
33 277
48 277
72 277
75 277
101 277
110 277
131 277
147 277
163 277
180 277
190 277
193 277
194 277
196 277
198 277
200 277
208 277
209 277
213 277
217 277
228 277
236 277
248 277
251 277
261 277
262 277
62 278
63 278
66 278
71 278
76 278
77 278
85 278
109 278
117 278
126 278
142 278
154 278
155 278
168 278
177 278
184 278
185 278
204 278
236 278
237 278
271 278
10 279
30 279
47 279
52 279
60 279
69 279
74 279
83 279
106 279
129 279
131 279
137 279
146 279
160 279
166 279
168 279
171 279
209 279
212 279
222 279
240 279
242 279
12 280
16 280
54 280
56 280
57 280
66 280
67 280
82 280
123 280
127 280
146 280
168 280
173 280
179 280
190 280
206 280
209 280
212 280
215 280
218 280
220 280
222 280
226 280
238 280
250 280
14 281
21 281
27 281
33 281
37 281
44 281
57 281
69 281
77 281
83 281
86 281
90 281
92 281
109 281
112 281
113 281
116 281
132 281
135 281
144 281
148 281
159 281
167 281
171 281
177 281
185 281
198 281
200 281
203 281
204 281
217 281
220 281
223 281
231 281
253 281
0 282
9 282
11 282
19 282
23 282
34 282
51 282
53 282
54 282
63 282
74 282
83 282
96 282
103 282
104 282
108 282
111 282
114 282
118 282
125 282
136 282
142 282
168 282
172 282
177 282
187 282
195 282
207 282
218 282
220 282
224 282
232 282
235 282
240 282
253 282
256 282
5 283
16 283
23 283
27 283
30 283
38 283
54 283
60 283
80 283
122 283
125 283
142 283
150 283
164 283
170 283
181 283
185 283
197 283
208 283
222 283
240 283
264 283
265 283
50 284
65 284
71 284
75 284
79 284
80 284
82 284
97 284
98 284
105 284
107 284
133 284
162 284
180 284
200 284
207 284
237 284
243 284
251 284
267 284
269 284
272 284
273 284
15 285
23 285
26 285
63 285
78 285
103 285
132 285
171 285
191 285
199 285
212 285
222 285
239 285
264 285
268 285
16 286
26 286
27 286
41 286
53 286
60 286
68 286
75 286
77 286
81 286
89 286
117 286
132 286
140 286
168 286
171 286
178 286
182 286
183 286
207 286
215 286
218 286
221 286
234 286
268 286
15 287
32 287
36 287
38 287
51 287
59 287
61 287
63 287
75 287
104 287
120 287
132 287
138 287
145 287
151 287
163 287
168 287
195 287
205 287
209 287
212 287
222 287
240 287
246 287
249 287
254 287
269 287
2 288
9 288
28 288
31 288
35 288
52 288
61 288
80 288
82 288
87 288
108 288
127 288
128 288
150 288
156 288
167 288
171 288
186 288
207 288
226 288
227 288
248 288
254 288
257 288
263 288
265 288
269 288
5 289
16 289
17 289
29 289
32 289
50 289
59 289
65 289
93 289
96 289
106 289
108 289
111 289
119 289
130 289
138 289
145 289
155 289
186 289
187 289
196 289
223 289
227 289
241 289
255 289
267 289
17 290
23 290
32 290
38 290
39 290
41 290
59 290
77 290
82 290
85 290
103 290
104 290
109 290
110 290
115 290
119 290
126 290
134 290
137 290
144 290
148 290
170 290
175 290
185 290
190 290
209 290
215 290
221 290
228 290
239 290
240 290
252 290
273 290
8 291
12 291
24 291
30 291
33 291
35 291
37 291
40 291
47 291
50 291
51 291
80 291
104 291
117 291
131 291
145 291
164 291
174 291
187 291
194 291
239 291
244 291
284 291
2 292
6 292
28 292
43 292
66 292
72 292
86 292
93 292
104 292
115 292
134 292
146 292
151 292
155 292
202 292
215 292
217 292
224 292
266 292
270 292
284 292
3 293
8 293
18 293
23 293
26 293
30 293
43 293
49 293
66 293
107 293
121 293
125 293
128 293
136 293
147 293
148 293
156 293
183 293
200 293
203 293
231 293
265 293
271 293
285 293
288 293
1 294
10 294
13 294
20 294
30 294
38 294
40 294
41 294
42 294
61 294
67 294
88 294
122 294
136 294
143 294
175 294
176 294
214 294
222 294
249 294
263 294
268 294
273 294
274 294
279 294
3 295
5 295
15 295
16 295
22 295
50 295
52 295
57 295
68 295
78 295
90 295
94 295
98 295
116 295
140 295
141 295
144 295
147 295
169 295
171 295
199 295
203 295
212 295
261 295
276 295
280 295
286 295
8 296
15 296
37 296
49 296
81 296
94 296
107 296
123 296
142 296
150 296
157 296
167 296
220 296
236 296
240 296
243 296
244 296
251 296
262 296
280 296
290 296
0 297
3 297
15 297
24 297
34 297
37 297
38 297
42 297
55 297
64 297
71 297
74 297
80 297
85 297
97 297
104 297
105 297
116 297
117 297
119 297
129 297
157 297
166 297
171 297
195 297
203 297
204 297
213 297
224 297
229 297
231 297
246 297
247 297
250 297
251 297
253 297
260 297
276 297
279 297
8 298
13 298
23 298
53 298
72 298
79 298
96 298
112 298
114 298
132 298
154 298
167 298
194 298
196 298
231 298
239 298
256 298
275 298
284 298
290 298
58 299
75 299
79 299
89 299
119 299
144 299
191 299
195 299
242 299
246 299
248 299
266 299
268 299
280 299
284 299
285 299
