300 8544 5
14 4 10 17 6 5 14 9 6 3 5 6 8 14 11 6 11 9 5 13 5 3 12 3 15 6 5 7 7 2 4 15 8 13 9 10 9 6 6 6 11 8 18 6 4 12 9 11 5 11 9 5 13 13 12 3 10 7 6 6 6 3 10 8 12 4 7 5 4 7 10 9 10 11 13 3 7 7 4 4 6 6 8 6 7 15 6 12 6 11 6 11 5 5 9 13 7 5 5 7 5 5 7 6 14 5 4 5 5 10 6 5 7 7 12 9 14 14 6 11 6 6 15 6 13 6 4 7 6 5 9 6 6 5 11 16 4 6 15 6 6 6 6 6 8 6 6 5 8 14 6 5 5 4 5 10 12 6 7 12 7 11 4 6 9 11 4 3 3 9 9 8 7 13 11 11 13 5 6 8 5 5 9 13 11 5 13 6 9 15 6 11 11 5 5 6 7 6 7 6 6 6 5 5 5 3 11 11 11 7 5 13 7 8 9 5 16 10 12 6 6 5 11 13 6 5 7 6 6 8 11 11 6 5 4 5 11 4 6 8 6 6 7 6 4 8 9 12 15 18 10 7 7 10 6 15 7 11 4 6 4 13 12 5 13 15 8 11 5 11 5 10 12 6 14 5 4 10 5 13 4 6 15 9 5 4 11 11 7 5 5 10 10 16 9 7 12 6 7 9
8 12
9 12
0 13
2 13
2 14
3 14
7 14
6 15
10 15
0 16
1 16
3 16
5 16
6 16
5 17
12 17
15 17
16 17
0 18
1 18
12 18
4 19
5 19
15 19
7 20
8 20
10 20
5 21
11 21
15 21
17 21
19 21
1 22
5 22
6 22
11 22
20 22
11 23
13 23
14 23
19 23
3 24
4 24
6 24
18 24
2 25
4 25
6 25
7 25
10 25
11 25
12 25
14 25
16 25
19 25
22 25
3 26
11 26
12 26
3 27
4 27
7 27
20 27
23 27
4 28
10 28
23 28
6 29
15 29
18 29
19 29
0 30
3 30
9 30
13 30
22 30
7 31
9 31
11 31
18 31
22 31
23 31
30 31
1 32
4 32
8 32
12 32
22 32
23 32
27 32
0 33
2 33
11 33
19 33
24 33
28 33
29 33
4 34
9 34
10 34
23 34
24 34
28 34
8 35
14 35
23 35
24 35
3 36
19 36
24 36
2 37
12 37
24 37
0 38
3 38
11 38
15 38
18 38
21 38
22 38
26 38
0 39
4 39
18 39
20 39
23 39
25 39
26 39
32 39
7 40
13 40
27 40
30 40
13 41
15 41
25 41
37 41
38 41
1 42
2 42
5 42
11 42
25 42
31 42
0 43
9 43
21 43
24 43
26 43
29 43
30 43
32 43
36 43
37 43
5 44
7 44
12 44
13 44
16 44
17 44
25 44
26 44
27 44
3 45
8 45
11 45
20 45
30 45
33 45
37 45
1 46
5 46
9 46
12 46
14 46
27 46
31 46
1 47
7 47
8 47
9 47
12 47
14 47
17 47
29 47
33 47
37 47
2 48
5 48
7 48
15 48
16 48
19 48
20 48
25 48
26 48
28 48
30 48
34 48
36 48
38 48
0 49
4 49
9 49
10 49
15 49
18 49
27 49
32 49
33 49
36 49
0 50
2 50
8 50
9 50
22 50
25 50
28 50
31 50
38 50
13 51
16 51
23 51
26 51
28 51
32 51
36 51
2 52
3 52
17 52
19 52
23 52
26 52
29 52
2 53
4 53
9 53
10 53
15 53
20 53
24 53
30 53
38 53
4 54
8 54
16 54
17 54
21 54
22 54
24 54
26 54
33 54
36 54
43 54
45 54
49 54
51 54
52 54
53 54
6 55
7 55
8 55
9 55
10 55
14 55
24 55
25 55
40 55
43 55
48 55
2 56
7 56
19 56
27 56
34 56
46 56
2 57
5 57
6 57
8 57
13 57
19 57
23 57
31 57
35 57
38 57
46 57
48 57
51 57
52 57
2 58
5 58
8 58
11 58
17 58
26 58
27 58
33 58
37 58
38 58
39 58
46 58
51 58
5 59
6 59
8 59
10 59
14 59
22 59
28 59
35 59
48 59
49 59
4 60
13 60
25 60
28 60
29 60
30 60
36 60
38 60
40 60
42 60
43 60
45 60
49 60
1 61
11 61
21 61
23 61
26 61
29 61
30 61
36 61
38 61
40 61
47 61
49 61
19 62
20 62
26 62
27 62
35 62
36 62
38 62
53 62
1 63
6 63
15 63
18 63
21 63
25 63
27 63
28 63
30 63
36 63
38 63
4 64
6 64
10 64
12 64
15 64
20 64
22 64
35 64
41 64
42 64
43 64
44 64
50 64
4 65
8 65
14 65
24 65
36 65
47 65
51 65
4 66
5 66
9 66
12 66
17 66
18 66
21 66
25 66
26 66
37 66
43 66
44 66
51 66
3 67
7 67
12 67
28 67
32 67
39 67
51 67
53 67
55 67
58 67
59 67
64 67
5 68
23 68
24 68
29 68
30 68
35 68
40 68
44 68
45 68
50 68
59 68
64 68
65 68
10 69
15 69
19 69
35 69
43 69
44 69
52 69
60 69
66 69
4 70
9 70
11 70
22 70
36 70
42 70
47 70
50 70
51 70
54 70
56 70
60 70
63 70
64 70
5 71
13 71
17 71
21 71
24 71
28 71
31 71
32 71
34 71
52 71
56 71
59 71
60 71
61 71
0 72
3 72
6 72
10 72
11 72
12 72
27 72
30 72
36 72
38 72
43 72
47 72
48 72
52 72
53 72
56 72
2 73
3 73
4 73
5 73
6 73
8 73
23 73
29 73
30 73
42 73
47 73
49 73
54 73
61 73
62 73
64 73
0 74
5 74
7 74
8 74
10 74
17 74
19 74
23 74
32 74
34 74
35 74
39 74
42 74
43 74
45 74
48 74
53 74
54 74
55 74
59 74
61 74
2 75
10 75
23 75
27 75
29 75
32 75
42 75
45 75
47 75
51 75
55 75
57 75
66 75
70 75
4 76
7 76
11 76
23 76
25 76
31 76
37 76
38 76
39 76
46 76
50 76
58 76
65 76
67 76
69 76
6 77
8 77
12 77
15 77
19 77
26 77
27 77
46 77
48 77
49 77
52 77
53 77
1 78
6 78
10 78
14 78
20 78
21 78
22 78
23 78
26 78
29 78
34 78
38 78
48 78
49 78
53 78
58 78
59 78
60 78
67 78
2 79
4 79
16 79
22 79
25 79
26 79
30 79
32 79
37 79
44 79
46 79
51 79
57 79
62 79
63 79
66 79
72 79
7 80
11 80
13 80
15 80
20 80
21 80
24 80
27 80
31 80
36 80
38 80
41 80
46 80
48 80
50 80
52 80
54 80
62 80
64 80
68 80
69 80
0 81
4 81
9 81
13 81
15 81
20 81
23 81
45 81
46 81
47 81
57 81
58 81
61 81
64 81
5 82
6 82
12 82
32 82
38 82
40 82
46 82
48 82
53 82
55 82
60 82
61 82
65 82
74 82
8 83
9 83
19 83
20 83
24 83
27 83
31 83
46 83
47 83
52 83
56 83
58 83
62 83
64 83
65 83
68 83
71 83
74 83
1 84
10 84
11 84
15 84
17 84
28 84
36 84
42 84
46 84
47 84
58 84
61 84
79 84
80 84
1 85
9 85
10 85
18 85
24 85
25 85
40 85
44 85
52 85
53 85
59 85
61 85
65 85
67 85
74 85
76 85
77 85
3 86
9 86
14 86
15 86
25 86
28 86
30 86
32 86
33 86
40 86
44 86
54 86
63 86
70 86
71 86
73 86
74 86
75 86
77 86
82 86
4 87
9 87
14 87
21 87
23 87
30 87
31 87
36 87
38 87
43 87
45 87
47 87
62 87
66 87
75 87
82 87
3 88
5 88
12 88
14 88
24 88
26 88
31 88
44 88
52 88
57 88
69 88
72 88
75 88
82 88
2 89
3 89
5 89
7 89
8 89
11 89
17 89
21 89
25 89
50 89
52 89
53 89
69 89
73 89
80 89
4 90
6 90
10 90
18 90
21 90
31 90
38 90
52 90
58 90
64 90
69 90
74 90
75 90
80 90
0 91
4 91
17 91
19 91
20 91
21 91
27 91
29 91
30 91
38 91
39 91
41 91
44 91
48 91
52 91
68 91
74 91
80 91
81 91
82 91
12 92
15 92
17 92
20 92
21 92
22 92
25 92
27 92
34 92
37 92
43 92
51 92
53 92
54 92
63 92
70 92
0 93
12 93
19 93
25 93
30 93
31 93
34 93
35 93
43 93
48 93
49 93
52 93
65 93
74 93
2 94
5 94
9 94
11 94
20 94
24 94
31 94
32 94
35 94
36 94
43 94
46 94
51 94
72 94
76 94
3 95
7 95
10 95
13 95
18 95
22 95
24 95
32 95
33 95
34 95
35 95
44 95
48 95
51 95
53 95
54 95
55 95
56 95
57 95
60 95
62 95
63 95
65 95
68 95
88 95
92 95
3 96
6 96
8 96
10 96
11 96
14 96
18 96
19 96
25 96
29 96
30 96
38 96
41 96
42 96
49 96
52 96
53 96
74 96
77 96
85 96
86 96
92 96
0 97
2 97
4 97
5 97
11 97
16 97
36 97
38 97
40 97
44 97
57 97
60 97
73 97
75 97
76 97
86 97
88 97
1 98
11 98
17 98
18 98
29 98
35 98
36 98
45 98
49 98
55 98
62 98
73 98
75 98
77 98
78 98
87 98
89 98
91 98
6 99
7 99
11 99
21 99
25 99
30 99
32 99
35 99
36 99
41 99
55 99
61 99
76 99
79 99
80 99
81 99
83 99
92 99
1 100
8 100
10 100
22 100
36 100
45 100
48 100
54 100
64 100
66 100
81 100
85 100
89 100
90 100
91 100
92 100
93 100
4 101
10 101
17 101
22 101
23 101
25 101
27 101
28 101
37 101
42 101
55 101
56 101
60 101
69 101
70 101
76 101
83 101
85 101
86 101
87 101
91 101
1 102
8 102
15 102
33 102
36 102
53 102
56 102
57 102
71 102
80 102
87 102
91 102
4 103
6 103
9 103
10 103
15 103
20 103
28 103
29 103
35 103
38 103
44 103
48 103
69 103
74 103
75 103
77 103
82 103
83 103
84 103
12 104
25 104
26 104
28 104
30 104
33 104
39 104
40 104
48 104
49 104
54 104
55 104
57 104
60 104
65 104
68 104
69 104
74 104
77 104
81 104
82 104
85 104
92 104
19 105
25 105
30 105
31 105
33 105
43 105
44 105
49 105
50 105
57 105
60 105
63 105
65 105
91 105
96 105
100 105
101 105
4 106
5 106
11 106
17 106
21 106
24 106
25 106
28 106
32 106
33 106
35 106
37 106
53 106
56 106
58 106
60 106
66 106
67 106
78 106
85 106
89 106
104 106
12 107
27 107
28 107
29 107
46 107
51 107
53 107
54 107
57 107
58 107
63 107
68 107
74 107
85 107
102 107
13 108
19 108
25 108
30 108
40 108
42 108
54 108
58 108
59 108
75 108
78 108
80 108
82 108
85 108
89 108
90 108
100 108
3 109
7 109
17 109
40 109
45 109
48 109
60 109
61 109
64 109
81 109
97 109
100 109
103 109
5 110
14 110
26 110
30 110
32 110
38 110
40 110
41 110
67 110
70 110
74 110
79 110
87 110
89 110
95 110
96 110
3 111
11 111
16 111
17 111
22 111
39 111
42 111
44 111
68 111
81 111
85 111
88 111
93 111
94 111
97 111
102 111
104 111
6 112
7 112
8 112
19 112
22 112
27 112
28 112
31 112
41 112
42 112
53 112
55 112
62 112
65 112
74 112
79 112
82 112
84 112
92 112
1 113
4 113
8 113
9 113
38 113
49 113
56 113
59 113
65 113
75 113
88 113
89 113
90 113
102 113
103 113
6 114
8 114
9 114
22 114
27 114
31 114
34 114
59 114
75 114
80 114
84 114
85 114
86 114
92 114
101 114
103 114
7 115
11 115
14 115
18 115
21 115
24 115
28 115
31 115
35 115
43 115
49 115
55 115
64 115
73 115
74 115
75 115
77 115
82 115
86 115
96 115
99 115
103 115
107 115
11 116
16 116
24 116
28 116
29 116
32 116
33 116
42 116
48 116
50 116
51 116
60 116
62 116
66 116
75 116
80 116
86 116
91 116
95 116
99 116
103 116
106 116
114 116
4 117
8 117
10 117
14 117
25 117
30 117
32 117
33 117
36 117
37 117
38 117
40 117
45 117
49 117
61 117
65 117
69 117
70 117
71 117
76 117
77 117
84 117
89 117
91 117
92 117
94 117
97 117
98 117
101 117
103 117
108 117
110 117
112 117
19 118
23 118
25 118
30 118
33 118
38 118
48 118
49 118
53 118
62 118
70 118
76 118
77 118
79 118
80 118
84 118
85 118
89 118
91 118
94 118
95 118
96 118
101 118
105 118
3 119
9 119
11 119
17 119
28 119
29 119
32 119
33 119
50 119
52 119
59 119
67 119
71 119
73 119
76 119
81 119
84 119
85 119
93 119
98 119
103 119
109 119
3 120
6 120
12 120
13 120
15 120
16 120
17 120
19 120
32 120
48 120
52 120
56 120
58 120
59 120
62 120
64 120
69 120
73 120
75 120
76 120
79 120
85 120
91 120
92 120
96 120
97 120
107 120
111 120
113 120
12 121
13 121
22 121
29 121
33 121
40 121
41 121
47 121
59 121
60 121
63 121
67 121
76 121
77 121
114 121
7 122
15 122
17 122
20 122
33 122
35 122
36 122
44 122
50 122
54 122
60 122
61 122
62 122
63 122
65 122
69 122
71 122
72 122
78 122
87 122
91 122
110 122
113 122
1 123
2 123
4 123
10 123
20 123
22 123
30 123
33 123
35 123
50 123
55 123
56 123
57 123
60 123
61 123
63 123
67 123
68 123
71 123
80 123
92 123
96 123
100 123
109 123
110 123
0 124
2 124
3 124
8 124
11 124
36 124
37 124
48 124
49 124
59 124
72 124
73 124
80 124
81 124
84 124
85 124
88 124
92 124
94 124
95 124
97 124
100 124
118 124
1 125
6 125
7 125
15 125
18 125
19 125
21 125
28 125
30 125
35 125
42 125
43 125
47 125
49 125
55 125
59 125
60 125
64 125
67 125
83 125
85 125
87 125
95 125
107 125
109 125
114 125
115 125
121 125
3 126
7 126
15 126
18 126
23 126
24 126
28 126
32 126
40 126
43 126
45 126
51 126
63 126
69 126
78 126
83 126
84 126
93 126
97 126
103 126
106 126
117 126
1 127
2 127
3 127
6 127
8 127
9 127
14 127
20 127
31 127
32 127
33 127
34 127
38 127
43 127
48 127
49 127
53 127
55 127
56 127
58 127
59 127
61 127
76 127
78 127
82 127
84 127
88 127
92 127
95 127
104 127
111 127
1 128
8 128
12 128
19 128
26 128
27 128
31 128
33 128
34 128
40 128
42 128
48 128
57 128
58 128
62 128
63 128
65 128
70 128
73 128
75 128
78 128
101 128
119 128
0 129
3 129
5 129
11 129
32 129
35 129
40 129
42 129
43 129
45 129
47 129
48 129
49 129
55 129
56 129
60 129
68 129
70 129
72 129
75 129
80 129
82 129
92 129
107 129
112 129
115 129
3 130
4 130
13 130
14 130
15 130
17 130
37 130
38 130
41 130
45 130
47 130
53 130
61 130
74 130
77 130
86 130
95 130
106 130
107 130
110 130
117 130
118 130
119 130
2 131
12 131
15 131
17 131
19 131
20 131
24 131
29 131
34 131
42 131
48 131
50 131
53 131
57 131
63 131
65 131
71 131
80 131
81 131
86 131
91 131
93 131
94 131
95 131
96 131
97 131
101 131
109 131
113 131
120 131
10 132
12 132
16 132
19 132
20 132
24 132
26 132
31 132
37 132
44 132
54 132
55 132
58 132
60 132
73 132
75 132
89 132
96 132
102 132
108 132
109 132
111 132
119 132
122 132
2 133
13 133
17 133
28 133
31 133
35 133
43 133
49 133
61 133
63 133
66 133
67 133
72 133
73 133
81 133
84 133
87 133
89 133
94 133
113 133
116 133
117 133
120 133
122 133
6 134
10 134
19 134
27 134
36 134
38 134
50 134
51 134
57 134
63 134
70 134
73 134
80 134
82 134
89 134
90 134
91 134
103 134
110 134
113 134
121 134
2 135
4 135
8 135
13 135
15 135
17 135
25 135
26 135
27 135
29 135
31 135
40 135
41 135
42 135
44 135
51 135
57 135
67 135
69 135
70 135
73 135
85 135
91 135
93 135
101 135
103 135
108 135
112 135
121 135
2 136
10 136
11 136
12 136
20 136
22 136
23 136
24 136
25 136
28 136
32 136
34 136
41 136
49 136
52 136
59 136
65 136
69 136
72 136
74 136
97 136
100 136
101 136
108 136
110 136
117 136
4 137
6 137
11 137
26 137
34 137
36 137
39 137
56 137
57 137
60 137
61 137
64 137
69 137
71 137
75 137
78 137
82 137
88 137
91 137
93 137
96 137
99 137
103 137
108 137
111 137
114 137
115 137
124 137
128 137
129 137
7 138
17 138
41 138
49 138
53 138
55 138
59 138
67 138
69 138
71 138
73 138
80 138
82 138
86 138
99 138
106 138
109 138
117 138
118 138
122 138
127 138
130 138
133 138
6 139
10 139
12 139
14 139
19 139
21 139
22 139
26 139
32 139
40 139
41 139
49 139
53 139
60 139
61 139
65 139
66 139
67 139
72 139
76 139
85 139
89 139
95 139
97 139
99 139
102 139
105 139
107 139
108 139
118 139
121 139
124 139
134 139
135 139
136 139
3 140
4 140
11 140
20 140
27 140
38 140
56 140
65 140
66 140
73 140
81 140
87 140
92 140
103 140
110 140
117 140
120 140
123 140
126 140
130 140
132 140
3 141
11 141
13 141
23 141
30 141
36 141
37 141
42 141
43 141
46 141
51 141
52 141
60 141
62 141
77 141
84 141
85 141
86 141
90 141
95 141
103 141
110 141
114 141
117 141
126 141
4 142
5 142
8 142
14 142
20 142
23 142
26 142
33 142
35 142
39 142
41 142
42 142
43 142
45 142
53 142
55 142
58 142
62 142
67 142
72 142
75 142
76 142
78 142
79 142
83 142
84 142
85 142
86 142
88 142
92 142
97 142
109 142
120 142
126 142
136 142
0 143
4 143
11 143
14 143
19 143
21 143
22 143
24 143
25 143
28 143
29 143
40 143
44 143
52 143
60 143
63 143
69 143
76 143
81 143
89 143
90 143
95 143
96 143
97 143
99 143
100 143
105 143
106 143
110 143
112 143
115 143
117 143
133 143
135 143
3 144
5 144
8 144
13 144
22 144
31 144
39 144
40 144
44 144
45 144
56 144
66 144
75 144
77 144
83 144
86 144
91 144
92 144
98 144
101 144
105 144
106 144
107 144
110 144
111 144
112 144
118 144
121 144
128 144
8 145
12 145
13 145
17 145
20 145
26 145
35 145
37 145
49 145
52 145
60 145
62 145
65 145
66 145
70 145
85 145
86 145
108 145
124 145
131 145
3 146
4 146
8 146
9 146
14 146
17 146
18 146
25 146
26 146
32 146
47 146
52 146
54 146
57 146
60 146
62 146
67 146
68 146
69 146
74 146
82 146
88 146
90 146
97 146
99 146
102 146
107 146
114 146
119 146
120 146
127 146
2 147
7 147
17 147
18 147
21 147
28 147
31 147
35 147
38 147
44 147
47 147
52 147
69 147
84 147
86 147
87 147
98 147
100 147
107 147
110 147
119 147
122 147
124 147
125 147
126 147
135 147
7 148
14 148
17 148
25 148
35 148
38 148
41 148
42 148
51 148
59 148
65 148
67 148
70 148
72 148
76 148
81 148
82 148
85 148
87 148
91 148
92 148
93 148
108 148
117 148
121 148
129 148
135 148
0 149
5 149
7 149
19 149
23 149
25 149
26 149
31 149
35 149
38 149
39 149
47 149
56 149
62 149
64 149
73 149
92 149
96 149
97 149
101 149
106 149
108 149
110 149
112 149
114 149
122 149
130 149
131 149
134 149
3 150
5 150
21 150
22 150
27 150
31 150
33 150
37 150
39 150
48 150
51 150
69 150
74 150
77 150
78 150
94 150
107 150
124 150
129 150
130 150
136 150
142 150
143 150
144 150
9 151
17 151
20 151
29 151
32 151
33 151
37 151
39 151
48 151
49 151
56 151
64 151
69 151
76 151
77 151
90 151
94 151
95 151
98 151
100 151
101 151
105 151
108 151
109 151
113 151
114 151
119 151
124 151
126 151
133 151
139 151
144 151
1 152
3 152
4 152
15 152
18 152
20 152
24 152
25 152
27 152
29 152
39 152
44 152
51 152
65 152
87 152
95 152
104 152
105 152
107 152
109 152
121 152
125 152
132 152
139 152
146 152
148 152
2 153
8 153
9 153
13 153
24 153
25 153
27 153
34 153
40 153
43 153
48 153
50 153
59 153
69 153
71 153
73 153
89 153
98 153
101 153
110 153
114 153
126 153
129 153
131 153
140 153
142 153
144 153
13 154
15 154
19 154
26 154
29 154
30 154
43 154
46 154
48 154
56 154
58 154
59 154
60 154
61 154
62 154
63 154
65 154
66 154
70 154
72 154
74 154
75 154
76 154
79 154
83 154
89 154
100 154
102 154
105 154
107 154
110 154
117 154
122 154
123 154
129 154
133 154
144 154
149 154
5 155
17 155
35 155
39 155
44 155
48 155
50 155
54 155
66 155
72 155
75 155
78 155
82 155
100 155
107 155
108 155
114 155
122 155
126 155
127 155
130 155
140 155
5 156
7 156
9 156
15 156
20 156
21 156
25 156
28 156
33 156
48 156
59 156
60 156
62 156
75 156
76 156
77 156
78 156
81 156
88 156
92 156
101 156
105 156
108 156
115 156
122 156
139 156
141 156
143 156
144 156
5 157
11 157
14 157
15 157
18 157
23 157
29 157
30 157
35 157
43 157
46 157
48 157
52 157
59 157
64 157
71 157
73 157
77 157
79 157
80 157
90 157
98 157
100 157
104 157
107 157
114 157
121 157
123 157
131 157
139 157
149 157
0 158
4 158
5 158
10 158
15 158
19 158
23 158
25 158
34 158
47 158
50 158
58 158
68 158
72 158
77 158
90 158
98 158
101 158
106 158
107 158
115 158
117 158
119 158
124 158
126 158
135 158
139 158
140 158
145 158
148 158
0 159
2 159
9 159
19 159
21 159
22 159
23 159
26 159
28 159
30 159
34 159
37 159
45 159
46 159
47 159
50 159
57 159
60 159
61 159
66 159
77 159
80 159
86 159
87 159
90 159
94 159
100 159
103 159
108 159
113 159
117 159
120 159
122 159
125 159
128 159
130 159
141 159
143 159
145 159
146 159
148 159
0 160
4 160
7 160
10 160
17 160
18 160
25 160
35 160
47 160
48 160
49 160
52 160
54 160
59 160
62 160
71 160
90 160
99 160
100 160
103 160
104 160
110 160
122 160
128 160
136 160
139 160
140 160
143 160
147 160
6 161
7 161
23 161
30 161
45 161
48 161
49 161
63 161
71 161
72 161
77 161
86 161
89 161
100 161
106 161
115 161
117 161
118 161
128 161
139 161
140 161
146 161
0 162
35 162
38 162
41 162
47 162
51 162
52 162
57 162
64 162
67 162
71 162
76 162
77 162
81 162
85 162
92 162
104 162
116 162
117 162
122 162
123 162
124 162
126 162
128 162
137 162
138 162
141 162
144 162
146 162
149 162
153 162
154 162
155 162
158 162
160 162
9 163
11 163
22 163
24 163
29 163
41 163
42 163
45 163
57 163
75 163
78 163
86 163
92 163
93 163
94 163
101 163
103 163
113 163
117 163
120 163
126 163
137 163
140 163
141 163
146 163
156 163
159 163
1 164
10 164
11 164
13 164
20 164
21 164
27 164
41 164
45 164
47 164
55 164
65 164
68 164
78 164
80 164
85 164
86 164
92 164
100 164
109 164
125 164
14 165
17 165
22 165
23 165
24 165
26 165
28 165
30 165
33 165
39 165
42 165
43 165
54 165
57 165
63 165
68 165
76 165
80 165
85 165
91 165
94 165
95 165
97 165
98 165
103 165
108 165
114 165
117 165
122 165
124 165
125 165
141 165
147 165
151 165
156 165
157 165
159 165
5 166
6 166
11 166
21 166
26 166
30 166
36 166
44 166
45 166
46 166
48 166
58 166
68 166
77 166
82 166
86 166
91 166
101 166
104 166
106 166
107 166
109 166
114 166
124 166
134 166
140 166
155 166
157 166
160 166
1 167
4 167
5 167
8 167
9 167
13 167
14 167
20 167
21 167
23 167
30 167
36 167
38 167
41 167
42 167
45 167
46 167
47 167
62 167
65 167
66 167
67 167
74 167
76 167
85 167
91 167
92 167
96 167
97 167
106 167
107 167
113 167
119 167
124 167
126 167
137 167
142 167
149 167
153 167
154 167
158 167
159 167
0 168
11 168
14 168
16 168
19 168
22 168
23 168
25 168
42 168
44 168
56 168
57 168
58 168
66 168
68 168
75 168
78 168
79 168
86 168
91 168
92 168
94 168
97 168
98 168
104 168
107 168
110 168
113 168
120 168
124 168
137 168
143 168
145 168
146 168
148 168
154 168
160 168
3 169
4 169
6 169
8 169
10 169
17 169
19 169
28 169
32 169
37 169
42 169
43 169
45 169
47 169
48 169
53 169
55 169
56 169
59 169
60 169
63 169
65 169
69 169
77 169
81 169
82 169
96 169
104 169
105 169
107 169
108 169
118 169
122 169
131 169
133 169
138 169
153 169
155 169
158 169
159 169
0 170
1 170
3 170
8 170
9 170
12 170
14 170
16 170
19 170
21 170
28 170
31 170
36 170
39 170
47 170
51 170
55 170
60 170
61 170
65 170
70 170
73 170
85 170
86 170
96 170
106 170
116 170
122 170
130 170
131 170
132 170
137 170
138 170
158 170
7 171
9 171
14 171
16 171
22 171
23 171
27 171
29 171
41 171
46 171
49 171
56 171
57 171
58 171
59 171
73 171
76 171
77 171
78 171
81 171
84 171
88 171
90 171
92 171
101 171
104 171
105 171
111 171
113 171
120 171
122 171
124 171
126 171
127 171
130 171
136 171
138 171
139 171
140 171
143 171
150 171
153 171
1 172
2 172
8 172
11 172
26 172
36 172
55 172
59 172
75 172
83 172
86 172
87 172
91 172
92 172
103 172
105 172
109 172
110 172
116 172
122 172
137 172
141 172
148 172
150 172
151 172
153 172
154 172
161 172
8 173
12 173
14 173
18 173
19 173
28 173
29 173
34 173
36 173
47 173
54 173
56 173
65 173
87 173
89 173
92 173
104 173
110 173
112 173
126 173
132 173
139 173
140 173
10 174
13 174
29 174
33 174
34 174
43 174
48 174
49 174
51 174
52 174
54 174
61 174
73 174
76 174
81 174
82 174
83 174
84 174
87 174
89 174
91 174
93 174
98 174
99 174
108 174
115 174
116 174
120 174
126 174
129 174
134 174
138 174
139 174
144 174
147 174
151 174
154 174
158 174
160 174
2 175
14 175
19 175
21 175
23 175
25 175
27 175
34 175
35 175
47 175
51 175
57 175
62 175
67 175
73 175
80 175
85 175
87 175
90 175
92 175
96 175
97 175
98 175
101 175
103 175
105 175
108 175
113 175
120 175
130 175
135 175
145 175
148 175
153 175
1 176
7 176
8 176
12 176
13 176
15 176
22 176
33 176
34 176
35 176
38 176
42 176
47 176
48 176
49 176
52 176
53 176
60 176
69 176
73 176
75 176
86 176
88 176
91 176
94 176
96 176
98 176
99 176
112 176
118 176
119 176
120 176
125 176
132 176
142 176
144 176
146 176
148 176
158 176
160 176
163 176
168 176
170 176
172 176
173 176
174 176
2 177
8 177
13 177
21 177
23 177
33 177
37 177
47 177
50 177
52 177
53 177
57 177
59 177
71 177
73 177
74 177
76 177
82 177
88 177
99 177
101 177
102 177
117 177
124 177
125 177
127 177
133 177
140 177
143 177
144 177
145 177
155 177
158 177
159 177
165 177
169 177
8 178
9 178
16 178
26 178
27 178
28 178
30 178
39 178
40 178
46 178
47 178
51 178
54 178
70 178
71 178
72 178
73 178
79 178
83 178
84 178
85 178
87 178
91 178
106 178
109 178
110 178
121 178
122 178
123 178
124 178
129 178
145 178
146 178
157 178
158 178
165 178
171 178
175 178
7 179
8 179
11 179
13 179
15 179
18 179
19 179
21 179
29 179
41 179
43 179
49 179
50 179
58 179
59 179
60 179
66 179
76 179
78 179
79 179
80 179
85 179
87 179
89 179
90 179
94 179
101 179
108 179
112 179
113 179
115 179
120 179
123 179
127 179
152 179
164 179
167 179
171 179
173 179
175 179
7 180
11 180
15 180
16 180
22 180
23 180
27 180
28 180
41 180
42 180
44 180
46 180
49 180
50 180
55 180
66 180
67 180
70 180
73 180
74 180
77 180
85 180
88 180
89 180
97 180
104 180
105 180
106 180
117 180
123 180
124 180
125 180
133 180
136 180
140 180
144 180
145 180
148 180
149 180
150 180
161 180
12 181
13 181
18 181
24 181
25 181
26 181
29 181
54 181
60 181
62 181
68 181
71 181
73 181
75 181
86 181
88 181
90 181
91 181
92 181
103 181
105 181
115 181
121 181
124 181
125 181
132 181
138 181
146 181
147 181
152 181
165 181
168 181
172 181
6 182
7 182
11 182
13 182
17 182
19 182
40 182
44 182
45 182
51 182
52 182
57 182
61 182
64 182
74 182
75 182
81 182
90 182
93 182
99 182
102 182
109 182
115 182
122 182
123 182
125 182
127 182
134 182
141 182
142 182
144 182
145 182
146 182
150 182
158 182
162 182
167 182
168 182
171 182
173 182
174 182
2 183
6 183
8 183
17 183
35 183
47 183
55 183
57 183
59 183
60 183
61 183
67 183
71 183
76 183
77 183
80 183
85 183
86 183
89 183
95 183
96 183
104 183
106 183
111 183
112 183
119 183
121 183
127 183
128 183
141 183
159 183
161 183
170 183
171 183
172 183
0 184
8 184
11 184
12 184
13 184
20 184
33 184
38 184
40 184
41 184
50 184
52 184
56 184
62 184
73 184
74 184
75 184
82 184
83 184
84 184
97 184
104 184
108 184
109 184
110 184
113 184
125 184
127 184
139 184
145 184
149 184
150 184
155 184
156 184
162 184
164 184
165 184
167 184
168 184
170 184
1 185
14 185
22 185
27 185
33 185
35 185
36 185
43 185
47 185
56 185
64 185
81 185
88 185
102 185
109 185
113 185
116 185
120 185
128 185
129 185
136 185
137 185
142 185
153 185
156 185
157 185
159 185
166 185
0 186
2 186
3 186
6 186
7 186
13 186
21 186
24 186
28 186
31 186
36 186
42 186
45 186
47 186
51 186
67 186
70 186
73 186
74 186
84 186
91 186
93 186
102 186
112 186
114 186
120 186
127 186
129 186
133 186
137 186
138 186
146 186
147 186
148 186
153 186
154 186
156 186
161 186
8 187
12 187
19 187
24 187
27 187
33 187
42 187
45 187
51 187
68 187
72 187
73 187
83 187
85 187
92 187
96 187
98 187
106 187
111 187
119 187
120 187
143 187
163 187
168 187
170 187
171 187
175 187
3 188
10 188
21 188
23 188
24 188
37 188
39 188
41 188
49 188
51 188
54 188
56 188
61 188
62 188
64 188
72 188
73 188
78 188
83 188
88 188
90 188
93 188
97 188
101 188
102 188
103 188
108 188
110 188
113 188
115 188
120 188
128 188
129 188
134 188
135 188
139 188
142 188
165 188
173 188
174 188
176 188
177 188
181 188
3 189
4 189
7 189
8 189
13 189
18 189
19 189
21 189
23 189
39 189
44 189
46 189
64 189
70 189
78 189
82 189
84 189
87 189
91 189
99 189
103 189
108 189
111 189
122 189
123 189
144 189
151 189
158 189
159 189
182 189
5 190
7 190
10 190
14 190
17 190
29 190
39 190
43 190
55 190
59 190
63 190
68 190
70 190
71 190
74 190
77 190
81 190
84 190
88 190
89 190
90 190
95 190
100 190
101 190
108 190
114 190
119 190
130 190
140 190
141 190
142 190
144 190
149 190
152 190
154 190
161 190
167 190
168 190
171 190
179 190
181 190
183 190
2 191
3 191
10 191
16 191
17 191
21 191
25 191
33 191
35 191
36 191
41 191
55 191
61 191
63 191
69 191
77 191
78 191
85 191
89 191
90 191
95 191
98 191
99 191
103 191
107 191
108 191
115 191
118 191
122 191
128 191
137 191
138 191
148 191
153 191
156 191
160 191
161 191
168 191
172 191
187 191
2 192
18 192
24 192
31 192
35 192
45 192
51 192
56 192
57 192
61 192
64 192
68 192
69 192
72 192
74 192
87 192
88 192
89 192
92 192
93 192
100 192
101 192
103 192
116 192
117 192
120 192
132 192
148 192
165 192
168 192
174 192
175 192
180 192
186 192
6 193
11 193
14 193
24 193
25 193
26 193
31 193
44 193
46 193
51 193
53 193
58 193
71 193
78 193
79 193
83 193
84 193
104 193
108 193
112 193
115 193
118 193
133 193
134 193
141 193
150 193
160 193
162 193
163 193
165 193
167 193
168 193
171 193
184 193
186 193
1 194
2 194
6 194
8 194
9 194
15 194
33 194
35 194
39 194
44 194
49 194
52 194
53 194
54 194
60 194
69 194
77 194
86 194
89 194
92 194
95 194
101 194
117 194
120 194
121 194
122 194
143 194
144 194
146 194
161 194
165 194
166 194
171 194
178 194
180 194
184 194
185 194
186 194
4 195
10 195
14 195
16 195
17 195
20 195
30 195
37 195
38 195
42 195
44 195
45 195
52 195
54 195
58 195
61 195
64 195
70 195
75 195
76 195
82 195
88 195
90 195
94 195
96 195
105 195
112 195
120 195
121 195
124 195
125 195
145 195
164 195
168 195
169 195
170 195
177 195
178 195
182 195
183 195
184 195
186 195
4 196
9 196
10 196
16 196
19 196
20 196
21 196
32 196
39 196
49 196
56 196
68 196
69 196
73 196
74 196
81 196
84 196
89 196
90 196
97 196
117 196
118 196
120 196
125 196
128 196
130 196
135 196
140 196
151 196
154 196
157 196
158 196
162 196
163 196
164 196
168 196
174 196
187 196
2 197
7 197
10 197
11 197
12 197
24 197
28 197
35 197
39 197
47 197
55 197
63 197
65 197
70 197
80 197
88 197
90 197
97 197
101 197
113 197
117 197
126 197
128 197
130 197
132 197
136 197
137 197
142 197
147 197
149 197
152 197
177 197
0 198
2 198
6 198
9 198
21 198
28 198
31 198
40 198
43 198
53 198
54 198
59 198
61 198
65 198
68 198
81 198
83 198
86 198
98 198
106 198
107 198
111 198
113 198
115 198
123 198
134 198
138 198
140 198
154 198
157 198
166 198
168 198
169 198
172 198
173 198
178 198
183 198
186 198
3 199
9 199
12 199
18 199
20 199
37 199
38 199
42 199
43 199
47 199
52 199
55 199
68 199
79 199
81 199
87 199
116 199
117 199
120 199
122 199
125 199
128 199
130 199
131 199
132 199
138 199
144 199
146 199
154 199
157 199
160 199
164 199
172 199
178 199
182 199
185 199
0 200
5 200
8 200
10 200
12 200
23 200
30 200
35 200
39 200
42 200
61 200
66 200
69 200
73 200
77 200
82 200
97 200
103 200
109 200
111 200
112 200
114 200
126 200
131 200
140 200
149 200
155 200
156 200
157 200
161 200
166 200
172 200
173 200
178 200
181 200
185 200
187 200
192 200
198 200
3 201
4 201
9 201
12 201
13 201
14 201
16 201
17 201
18 201
21 201
23 201
28 201
29 201
30 201
31 201
33 201
40 201
43 201
44 201
55 201
58 201
64 201
68 201
75 201
76 201
77 201
83 201
90 201
92 201
95 201
101 201
115 201
118 201
121 201
125 201
126 201
131 201
133 201
142 201
143 201
154 201
159 201
161 201
164 201
165 201
167 201
172 201
173 201
179 201
182 201
186 201
191 201
197 201
0 202
2 202
4 202
5 202
6 202
11 202
14 202
23 202
25 202
31 202
40 202
42 202
54 202
59 202
65 202
66 202
86 202
92 202
109 202
116 202
125 202
128 202
129 202
132 202
140 202
146 202
150 202
154 202
161 202
162 202
175 202
180 202
185 202
196 202
197 202
6 203
11 203
13 203
14 203
15 203
16 203
18 203
28 203
33 203
51 203
72 203
73 203
76 203
80 203
86 203
92 203
96 203
98 203
131 203
156 203
157 203
163 203
164 203
165 203
167 203
169 203
175 203
186 203
188 203
190 203
191 203
193 203
195 203
196 203
198 203
3 204
9 204
11 204
12 204
27 204
32 204
38 204
40 204
47 204
52 204
53 204
54 204
56 204
58 204
68 204
70 204
85 204
86 204
88 204
90 204
96 204
97 204
109 204
115 204
119 204
123 204
127 204
131 204
143 204
150 204
160 204
161 204
171 204
177 204
178 204
184 204
187 204
189 204
6 205
20 205
29 205
30 205
33 205
39 205
47 205
53 205
55 205
62 205
66 205
68 205
72 205
75 205
79 205
81 205
84 205
85 205
97 205
101 205
103 205
106 205
110 205
111 205
112 205
113 205
125 205
151 205
156 205
161 205
165 205
169 205
183 205
192 205
194 205
195 205
198 205
5 206
6 206
12 206
25 206
29 206
39 206
64 206
68 206
72 206
76 206
77 206
80 206
88 206
97 206
98 206
110 206
111 206
114 206
117 206
119 206
121 206
122 206
133 206
144 206
145 206
146 206
153 206
157 206
161 206
169 206
171 206
172 206
196 206
0 207
2 207
9 207
11 207
14 207
33 207
48 207
57 207
67 207
68 207
69 207
92 207
101 207
105 207
108 207
119 207
120 207
121 207
130 207
133 207
139 207
140 207
141 207
143 207
147 207
150 207
154 207
159 207
161 207
172 207
173 207
184 207
189 207
190 207
193 207
194 207
198 207
201 207
5 208
13 208
20 208
24 208
38 208
39 208
40 208
44 208
45 208
51 208
62 208
69 208
71 208
73 208
78 208
96 208
97 208
106 208
108 208
113 208
117 208
125 208
130 208
144 208
145 208
150 208
163 208
165 208
169 208
174 208
180 208
184 208
186 208
190 208
201 208
206 208
0 209
1 209
11 209
14 209
21 209
27 209
33 209
49 209
50 209
51 209
52 209
56 209
58 209
59 209
70 209
71 209
72 209
80 209
91 209
95 209
97 209
102 209
109 209
112 209
113 209
124 209
132 209
134 209
138 209
142 209
143 209
147 209
154 209
158 209
159 209
168 209
172 209
180 209
186 209
200 209
7 210
10 210
13 210
18 210
19 210
20 210
28 210
29 210
32 210
33 210
36 210
40 210
41 210
50 210
52 210
58 210
61 210
62 210
63 210
66 210
72 210
77 210
79 210
82 210
84 210
97 210
99 210
100 210
106 210
108 210
134 210
136 210
143 210
144 210
146 210
148 210
153 210
157 210
172 210
176 210
205 210
206 210
16 211
18 211
21 211
24 211
26 211
30 211
32 211
45 211
48 211
51 211
56 211
67 211
68 211
72 211
80 211
88 211
91 211
92 211
97 211
116 211
121 211
127 211
129 211
131 211
136 211
142 211
146 211
147 211
151 211
174 211
192 211
199 211
203 211
6 212
8 212
11 212
15 212
18 212
21 212
25 212
31 212
33 212
38 212
40 212
44 212
52 212
57 212
60 212
64 212
67 212
77 212
79 212
82 212
83 212
86 212
89 212
90 212
91 212
94 212
103 212
106 212
117 212
125 212
129 212
130 212
133 212
135 212
144 212
147 212
148 212
158 212
171 212
173 212
186 212
187 212
190 212
197 212
199 212
205 212
0 213
3 213
4 213
10 213
16 213
21 213
25 213
26 213
29 213
30 213
32 213
35 213
43 213
47 213
52 213
55 213
56 213
60 213
70 213
74 213
77 213
79 213
85 213
91 213
107 213
111 213
112 213
119 213
137 213
138 213
139 213
142 213
143 213
144 213
145 213
150 213
167 213
179 213
192 213
193 213
195 213
197 213
202 213
0 214
6 214
7 214
11 214
14 214
15 214
19 214
30 214
34 214
35 214
38 214
49 214
66 214
73 214
74 214
86 214
95 214
98 214
115 214
116 214
128 214
129 214
138 214
141 214
153 214
161 214
165 214
170 214
175 214
178 214
181 214
185 214
187 214
203 214
205 214
16 215
22 215
24 215
26 215
31 215
36 215
40 215
60 215
68 215
83 215
85 215
89 215
91 215
105 215
109 215
110 215
120 215
128 215
137 215
140 215
150 215
155 215
158 215
162 215
168 215
187 215
189 215
199 215
200 215
202 215
9 216
12 216
19 216
20 216
21 216
23 216
33 216
37 216
58 216
59 216
65 216
73 216
75 216
84 216
86 216
93 216
94 216
95 216
103 216
112 216
114 216
115 216
117 216
122 216
123 216
129 216
132 216
142 216
144 216
145 216
148 216
155 216
156 216
166 216
169 216
178 216
192 216
200 216
2 217
4 217
14 217
17 217
26 217
32 217
34 217
44 217
46 217
52 217
61 217
75 217
77 217
85 217
112 217
116 217
130 217
145 217
146 217
156 217
171 217
185 217
190 217
191 217
192 217
196 217
197 217
198 217
199 217
206 217
0 218
5 218
16 218
21 218
22 218
25 218
27 218
32 218
37 218
39 218
50 218
59 218
63 218
76 218
88 218
99 218
105 218
123 218
128 218
130 218
144 218
147 218
150 218
153 218
159 218
162 218
167 218
170 218
171 218
176 218
179 218
181 218
184 218
185 218
186 218
195 218
203 218
207 218
6 219
12 219
13 219
15 219
16 219
17 219
21 219
25 219
30 219
31 219
34 219
38 219
46 219
56 219
58 219
59 219
60 219
72 219
73 219
77 219
89 219
91 219
93 219
98 219
118 219
119 219
126 219
131 219
133 219
142 219
149 219
151 219
155 219
156 219
171 219
174 219
184 219
194 219
199 219
209 219
212 219
214 219
1 220
3 220
8 220
16 220
28 220
33 220
34 220
38 220
43 220
46 220
48 220
50 220
55 220
61 220
63 220
74 220
76 220
77 220
81 220
86 220
88 220
89 220
96 220
97 220
104 220
105 220
119 220
123 220
125 220
136 220
143 220
144 220
169 220
173 220
177 220
181 220
187 220
195 220
212 220
1 221
2 221
3 221
12 221
13 221
14 221
21 221
24 221
32 221
37 221
67 221
69 221
73 221
91 221
98 221
103 221
112 221
114 221
122 221
123 221
132 221
137 221
141 221
143 221
145 221
151 221
161 221
162 221
164 221
183 221
186 221
193 221
195 221
203 221
204 221
205 221
208 221
212 221
2 222
10 222
11 222
16 222
20 222
22 222
23 222
27 222
28 222
52 222
53 222
54 222
64 222
71 222
74 222
75 222
80 222
85 222
97 222
103 222
117 222
118 222
126 222
136 222
137 222
144 222
145 222
146 222
148 222
149 222
152 222
153 222
157 222
158 222
160 222
161 222
163 222
166 222
167 222
170 222
173 222
176 222
177 222
180 222
181 222
183 222
185 222
192 222
197 222
211 222
215 222
11 223
24 223
41 223
47 223
49 223
54 223
58 223
59 223
60 223
62 223
63 223
79 223
99 223
102 223
104 223
106 223
129 223
130 223
138 223
146 223
150 223
153 223
155 223
156 223
158 223
162 223
163 223
164 223
176 223
178 223
184 223
185 223
190 223
193 223
194 223
199 223
207 223
2 224
5 224
6 224
20 224
27 224
28 224
41 224
54 224
61 224
62 224
66 224
67 224
83 224
84 224
93 224
99 224
115 224
116 224
119 224
123 224
124 224
126 224
131 224
133 224
134 224
135 224
139 224
140 224
141 224
143 224
155 224
158 224
159 224
169 224
170 224
172 224
181 224
186 224
190 224
192 224
196 224
198 224
200 224
202 224
203 224
206 224
210 224
211 224
6 225
11 225
27 225
29 225
35 225
39 225
46 225
48 225
50 225
58 225
61 225
64 225
67 225
77 225
86 225
92 225
93 225
94 225
99 225
100 225
105 225
107 225
108 225
113 225
120 225
125 225
133 225
138 225
145 225
146 225
147 225
158 225
161 225
162 225
176 225
177 225
181 225
182 225
183 225
184 225
185 225
190 225
192 225
199 225
201 225
214 225
218 225
5 226
6 226
7 226
17 226
35 226
44 226
48 226
49 226
50 226
52 226
53 226
54 226
56 226
58 226
72 226
76 226
81 226
91 226
95 226
109 226
117 226
124 226
142 226
147 226
148 226
150 226
154 226
163 226
164 226
172 226
175 226
176 226
178 226
182 226
194 226
195 226
199 226
201 226
204 226
205 226
216 226
217 226
221 226
1 227
2 227
3 227
9 227
18 227
19 227
21 227
24 227
26 227
30 227
36 227
38 227
43 227
50 227
53 227
55 227
62 227
63 227
73 227
77 227
82 227
83 227
84 227
103 227
105 227
107 227
110 227
120 227
125 227
126 227
128 227
136 227
139 227
140 227
144 227
148 227
151 227
158 227
168 227
175 227
177 227
178 227
180 227
185 227
187 227
203 227
205 227
208 227
213 227
2 228
13 228
14 228
16 228
19 228
21 228
22 228
27 228
29 228
33 228
37 228
40 228
41 228
48 228
54 228
58 228
73 228
74 228
77 228
98 228
102 228
104 228
108 228
117 228
118 228
122 228
154 228
163 228
176 228
191 228
194 228
201 228
209 228
213 228
222 228
224 228
18 229
19 229
21 229
25 229
28 229
36 229
38 229
43 229
72 229
78 229
79 229
86 229
87 229
95 229
96 229
109 229
110 229
118 229
122 229
123 229
138 229
139 229
141 229
142 229
143 229
149 229
161 229
163 229
172 229
174 229
184 229
196 229
206 229
209 229
218 229
219 229
224 229
0 230
11 230
21 230
23 230
28 230
29 230
30 230
33 230
34 230
37 230
40 230
41 230
42 230
43 230
50 230
51 230
52 230
53 230
65 230
67 230
73 230
76 230
79 230
80 230
87 230
105 230
114 230
123 230
124 230
128 230
161 230
168 230
171 230
181 230
186 230
190 230
193 230
204 230
216 230
218 230
221 230
3 231
9 231
12 231
17 231
19 231
25 231
36 231
42 231
43 231
51 231
59 231
64 231
68 231
69 231
81 231
83 231
89 231
92 231
98 231
103 231
104 231
109 231
110 231
116 231
118 231
125 231
127 231
140 231
143 231
148 231
150 231
154 231
165 231
168 231
172 231
184 231
186 231
188 231
190 231
200 231
201 231
205 231
213 231
224 231
2 232
7 232
9 232
11 232
12 232
13 232
17 232
18 232
28 232
32 232
34 232
35 232
48 232
49 232
53 232
59 232
85 232
89 232
99 232
107 232
108 232
112 232
120 232
122 232
124 232
133 232
135 232
138 232
152 232
162 232
167 232
175 232
179 232
180 232
181 232
198 232
203 232
207 232
208 232
212 232
214 232
224 232
1 233
2 233
5 233
12 233
14 233
20 233
24 233
29 233
30 233
32 233
34 233
37 233
48 233
49 233
53 233
62 233
72 233
84 233
89 233
91 233
93 233
97 233
101 233
102 233
104 233
108 233
112 233
125 233
126 233
144 233
158 233
165 233
168 233
171 233
178 233
190 233
196 233
201 233
208 233
209 233
218 233
0 234
3 234
5 234
7 234
18 234
23 234
24 234
41 234
48 234
58 234
67 234
70 234
72 234
75 234
77 234
85 234
89 234
93 234
96 234
98 234
106 234
109 234
116 234
119 234
127 234
129 234
133 234
134 234
136 234
138 234
139 234
142 234
146 234
153 234
160 234
172 234
185 234
189 234
190 234
191 234
193 234
197 234
198 234
214 234
215 234
219 234
222 234
13 235
20 235
26 235
27 235
31 235
41 235
44 235
46 235
53 235
54 235
55 235
56 235
62 235
76 235
80 235
83 235
90 235
99 235
100 235
102 235
104 235
113 235
116 235
121 235
134 235
135 235
145 235
151 235
163 235
170 235
179 235
190 235
191 235
202 235
206 235
208 235
212 235
213 235
224 235
5 236
6 236
9 236
15 236
22 236
24 236
28 236
33 236
35 236
36 236
40 236
41 236
42 236
50 236
51 236
62 236
67 236
69 236
76 236
80 236
83 236
88 236
89 236
97 236
98 236
109 236
113 236
114 236
126 236
141 236
146 236
151 236
155 236
164 236
171 236
172 236
176 236
177 236
179 236
181 236
182 236
185 236
191 236
202 236
204 236
213 236
216 236
2 237
4 237
9 237
10 237
12 237
14 237
19 237
29 237
40 237
43 237
57 237
62 237
64 237
66 237
67 237
76 237
77 237
79 237
81 237
83 237
88 237
91 237
100 237
104 237
110 237
119 237
121 237
125 237
131 237
132 237
133 237
137 237
144 237
146 237
152 237
156 237
157 237
161 237
162 237
163 237
164 237
165 237
167 237
169 237
173 237
176 237
178 237
184 237
185 237
195 237
196 237
198 237
200 237
201 237
204 237
208 237
215 237
217 237
220 237
223 237
3 238
9 238
11 238
16 238
18 238
19 238
21 238
28 238
38 238
47 238
53 238
54 238
55 238
66 238
67 238
69 238
72 238
79 238
85 238
88 238
94 238
97 238
98 238
102 238
105 238
107 238
110 238
112 238
116 238
123 238
124 238
125 238
127 238
129 238
134 238
135 238
137 238
138 238
140 238
141 238
147 238
148 238
151 238
159 238
167 238
172 238
173 238
184 238
186 238
187 238
191 238
193 238
195 238
202 238
207 238
209 238
211 238
223 238
9 239
12 239
18 239
20 239
21 239
22 239
29 239
30 239
33 239
40 239
43 239
50 239
54 239
80 239
91 239
92 239
107 239
109 239
113 239
120 239
129 239
134 239
142 239
143 239
155 239
176 239
177 239
182 239
192 239
200 239
201 239
204 239
4 240
10 240
11 240
16 240
24 240
44 240
49 240
57 240
59 240
61 240
64 240
65 240
69 240
80 240
88 240
93 240
112 240
114 240
122 240
124 240
125 240
130 240
134 240
138 240
140 240
148 240
157 240
162 240
166 240
174 240
182 240
194 240
199 240
206 240
209 240
211 240
223 240
224 240
2 241
5 241
9 241
10 241
11 241
15 241
17 241
19 241
41 241
58 241
65 241
69 241
70 241
73 241
78 241
79 241
95 241
96 241
103 241
106 241
116 241
117 241
118 241
119 241
128 241
130 241
131 241
134 241
138 241
147 241
148 241
151 241
153 241
164 241
168 241
169 241
173 241
184 241
196 241
198 241
201 241
213 241
224 241
3 242
4 242
5 242
9 242
11 242
12 242
19 242
20 242
22 242
33 242
34 242
36 242
37 242
41 242
47 242
51 242
56 242
72 242
79 242
83 242
85 242
93 242
97 242
99 242
109 242
114 242
116 242
117 242
119 242
121 242
124 242
127 242
130 242
134 242
141 242
142 242
144 242
146 242
159 242
168 242
176 242
186 242
188 242
193 242
194 242
199 242
200 242
204 242
208 242
211 242
215 242
216 242
219 242
223 242
2 243
13 243
22 243
25 243
26 243
28 243
32 243
34 243
37 243
42 243
47 243
57 243
59 243
60 243
68 243
82 243
84 243
86 243
90 243
95 243
97 243
98 243
105 243
106 243
111 243
116 243
121 243
144 243
145 243
154 243
155 243
163 243
164 243
169 243
173 243
181 243
182 243
185 243
186 243
207 243
215 243
219 243
235 243
1 244
3 244
8 244
13 244
22 244
28 244
33 244
37 244
41 244
61 244
62 244
73 244
84 244
94 244
98 244
100 244
102 244
107 244
109 244
112 244
115 244
126 244
128 244
143 244
149 244
156 244
162 244
176 244
180 244
188 244
194 244
204 244
207 244
211 244
217 244
220 244
229 244
230 244
242 244
0 245
1 245
3 245
7 245
9 245
11 245
23 245
25 245
30 245
31 245
41 245
44 245
47 245
48 245
51 245
54 245
59 245
62 245
78 245
79 245
83 245
85 245
90 245
91 245
111 245
114 245
124 245
130 245
142 245
144 245
154 245
155 245
156 245
158 245
163 245
165 245
179 245
188 245
194 245
195 245
200 245
202 245
203 245
212 245
215 245
220 245
221 245
225 245
231 245
235 245
237 245
12 246
15 246
28 246
32 246
33 246
36 246
40 246
55 246
59 246
66 246
71 246
72 246
77 246
87 246
89 246
96 246
99 246
101 246
110 246
112 246
113 246
117 246
118 246
143 246
144 246
159 246
161 246
166 246
169 246
175 246
180 246
184 246
187 246
203 246
204 246
206 246
211 246
219 246
224 246
226 246
229 246
234 246
239 246
240 246
241 246
242 246
5 247
8 247
38 247
40 247
46 247
52 247
55 247
57 247
75 247
90 247
91 247
92 247
94 247
107 247
129 247
135 247
137 247
138 247
153 247
162 247
165 247
175 247
176 247
185 247
196 247
198 247
207 247
216 247
228 247
230 247
231 247
2 248
7 248
8 248
12 248
15 248
18 248
19 248
20 248
22 248
33 248
37 248
40 248
43 248
44 248
46 248
48 248
53 248
56 248
57 248
60 248
68 248
71 248
80 248
97 248
98 248
111 248
113 248
121 248
127 248
128 248
131 248
135 248
139 248
152 248
154 248
166 248
179 248
184 248
190 248
191 248
197 248
210 248
220 248
224 248
232 248
241 248
3 249
6 249
7 249
10 249
15 249
25 249
26 249
30 249
32 249
34 249
36 249
38 249
41 249
46 249
55 249
58 249
59 249
75 249
77 249
83 249
85 249
87 249
88 249
93 249
107 249
109 249
118 249
142 249
149 249
151 249
152 249
153 249
154 249
156 249
157 249
158 249
166 249
169 249
170 249
172 249
178 249
184 249
200 249
201 249
208 249
210 249
212 249
219 249
224 249
226 249
7 250
16 250
17 250
21 250
22 250
23 250
32 250
34 250
41 250
43 250
45 250
52 250
53 250
60 250
69 250
72 250
75 250
77 250
78 250
80 250
84 250
85 250
87 250
92 250
96 250
97 250
103 250
107 250
121 250
132 250
139 250
144 250
153 250
154 250
157 250
166 250
168 250
177 250
188 250
193 250
208 250
217 250
220 250
223 250
225 250
226 250
240 250
242 250
1 251
7 251
13 251
20 251
29 251
34 251
40 251
45 251
51 251
53 251
62 251
64 251
65 251
75 251
76 251
82 251
90 251
99 251
105 251
108 251
109 251
110 251
112 251
114 251
118 251
123 251
125 251
136 251
145 251
148 251
153 251
156 251
161 251
165 251
188 251
190 251
195 251
198 251
219 251
225 251
227 251
228 251
229 251
234 251
235 251
236 251
238 251
239 251
241 251
242 251
3 252
5 252
8 252
13 252
15 252
23 252
26 252
39 252
41 252
42 252
50 252
55 252
59 252
69 252
78 252
81 252
84 252
88 252
91 252
93 252
94 252
96 252
99 252
104 252
111 252
114 252
116 252
123 252
127 252
128 252
143 252
147 252
149 252
152 252
166 252
171 252
172 252
175 252
186 252
187 252
188 252
190 252
200 252
202 252
206 252
210 252
215 252
221 252
227 252
228 252
235 252
238 252
2 253
3 253
7 253
15 253
21 253
23 253
27 253
46 253
49 253
51 253
54 253
57 253
63 253
67 253
75 253
79 253
81 253
95 253
96 253
107 253
111 253
114 253
119 253
121 253
123 253
129 253
131 253
132 253
133 253
135 253
141 253
143 253
144 253
158 253
167 253
169 253
175 253
176 253
179 253
189 253
192 253
196 253
197 253
198 253
201 253
203 253
206 253
212 253
221 253
224 253
241 253
0 254
6 254
23 254
26 254
31 254
37 254
40 254
44 254
45 254
55 254
65 254
70 254
75 254
78 254
81 254
100 254
109 254
111 254
112 254
113 254
114 254
120 254
126 254
128 254
130 254
131 254
132 254
136 254
137 254
141 254
144 254
145 254
149 254
154 254
159 254
165 254
178 254
185 254
186 254
190 254
198 254
210 254
213 254
214 254
223 254
230 254
234 254
238 254
239 254
6 255
10 255
16 255
18 255
24 255
27 255
31 255
32 255
38 255
43 255
47 255
48 255
56 255
57 255
60 255
63 255
68 255
69 255
71 255
72 255
73 255
75 255
89 255
100 255
109 255
136 255
137 255
140 255
142 255
147 255
154 255
157 255
166 255
169 255
172 255
180 255
185 255
186 255
188 255
193 255
199 255
207 255
210 255
212 255
213 255
238 255
242 255
245 255
252 255
0 256
11 256
31 256
35 256
38 256
40 256
42 256
46 256
56 256
57 256
60 256
62 256
66 256
72 256
75 256
81 256
86 256
88 256
97 256
103 256
104 256
105 256
110 256
123 256
127 256
139 256
142 256
145 256
154 256
177 256
187 256
189 256
193 256
196 256
197 256
199 256
205 256
222 256
232 256
237 256
241 256
242 256
247 256
4 257
13 257
18 257
25 257
30 257
31 257
35 257
42 257
55 257
59 257
63 257
68 257
72 257
76 257
77 257
79 257
94 257
95 257
102 257
106 257
112 257
136 257
137 257
149 257
161 257
168 257
170 257
172 257
173 257
180 257
181 257
183 257
185 257
186 257
189 257
195 257
196 257
203 257
212 257
218 257
220 257
225 257
226 257
234 257
248 257
249 257
252 257
253 257
6 258
7 258
14 258
19 258
22 258
26 258
31 258
40 258
41 258
42 258
53 258
54 258
62 258
67 258
73 258
79 258
82 258
83 258
89 258
100 258
101 258
103 258
106 258
113 258
114 258
117 258
118 258
120 258
126 258
129 258
132 258
134 258
137 258
139 258
140 258
147 258
155 258
157 258
159 258
161 258
162 258
170 258
171 258
177 258
187 258
190 258
196 258
198 258
200 258
203 258
211 258
216 258
223 258
227 258
231 258
235 258
239 258
243 258
244 258
246 258
252 258
254 258
3 259
5 259
10 259
12 259
18 259
28 259
32 259
34 259
42 259
43 259
44 259
45 259
55 259
75 259
80 259
83 259
84 259
87 259
95 259
105 259
106 259
108 259
114 259
117 259
138 259
139 259
141 259
142 259
145 259
147 259
149 259
157 259
161 259
168 259
169 259
173 259
174 259
181 259
182 259
189 259
190 259
197 259
198 259
205 259
206 259
209 259
210 259
226 259
230 259
231 259
232 259
242 259
243 259
244 259
247 259
2 260
3 260
4 260
7 260
8 260
17 260
37 260
39 260
43 260
45 260
48 260
51 260
53 260
54 260
57 260
63 260
64 260
66 260
69 260
76 260
81 260
86 260
96 260
100 260
117 260
119 260
130 260
140 260
141 260
151 260
154 260
169 260
171 260
172 260
176 260
179 260
189 260
203 260
205 260
207 260
208 260
211 260
212 260
216 260
232 260
239 260
240 260
248 260
253 260
254 260
2 261
4 261
11 261
12 261
16 261
19 261
20 261
22 261
24 261
27 261
30 261
32 261
33 261
37 261
45 261
50 261
51 261
52 261
55 261
56 261
57 261
66 261
72 261
74 261
79 261
80 261
84 261
86 261
88 261
89 261
90 261
92 261
98 261
100 261
103 261
104 261
116 261
119 261
121 261
130 261
138 261
145 261
169 261
171 261
175 261
176 261
182 261
191 261
194 261
195 261
197 261
201 261
212 261
215 261
217 261
219 261
227 261
228 261
232 261
234 261
244 261
248 261
252 261
255 261
256 261
259 261
260 261
29 262
30 262
39 262
41 262
42 262
50 262
56 262
60 262
69 262
72 262
73 262
75 262
77 262
83 262
87 262
96 262
101 262
103 262
106 262
109 262
114 262
121 262
130 262
131 262
134 262
143 262
157 262
158 262
162 262
163 262
165 262
167 262
168 262
170 262
173 262
179 262
188 262
189 262
193 262
195 262
203 262
215 262
237 262
238 262
241 262
242 262
248 262
249 262
253 262
255 262
256 262
259 262
4 263
5 263
7 263
10 263
21 263
22 263
23 263
25 263
36 263
38 263
39 263
40 263
44 263
45 263
48 263
49 263
60 263
73 263
75 263
87 263
89 263
104 263
107 263
108 263
113 263
121 263
128 263
133 263
143 263
149 263
157 263
166 263
167 263
169 263
178 263
190 263
192 263
205 263
220 263
221 263
224 263
228 263
229 263
230 263
235 263
238 263
247 263
248 263
252 263
253 263
256 263
260 263
1 264
17 264
32 264
49 264
50 264
63 264
71 264
76 264
77 264
81 264
84 264
88 264
90 264
92 264
96 264
98 264
104 264
110 264
114 264
121 264
122 264
137 264
144 264
147 264
149 264
150 264
151 264
166 264
167 264
176 264
188 264
189 264
191 264
193 264
194 264
200 264
203 264
205 264
211 264
212 264
217 264
218 264
223 264
230 264
233 264
240 264
244 264
255 264
258 264
4 265
5 265
7 265
11 265
12 265
25 265
29 265
31 265
34 265
37 265
38 265
50 265
57 265
58 265
62 265
70 265
72 265
91 265
98 265
104 265
105 265
107 265
108 265
116 265
122 265
129 265
130 265
133 265
135 265
137 265
139 265
141 265
142 265
149 265
150 265
151 265
163 265
165 265
169 265
171 265
173 265
180 265
182 265
183 265
192 265
193 265
205 265
210 265
213 265
214 265
216 265
224 265
227 265
228 265
230 265
238 265
251 265
254 265
256 265
260 265
6 266
21 266
25 266
29 266
39 266
42 266
49 266
55 266
56 266
62 266
69 266
76 266
77 266
83 266
85 266
91 266
98 266
99 266
102 266
104 266
108 266
109 266
120 266
127 266
139 266
142 266
145 266
148 266
149 266
158 266
159 266
169 266
184 266
191 266
193 266
205 266
214 266
216 266
225 266
237 266
246 266
252 266
260 266
3 267
10 267
14 267
16 267
20 267
24 267
26 267
33 267
37 267
45 267
46 267
66 267
71 267
74 267
76 267
77 267
79 267
88 267
89 267
90 267
94 267
101 267
113 267
114 267
116 267
119 267
123 267
125 267
126 267
127 267
140 267
151 267
153 267
159 267
165 267
166 267
174 267
178 267
183 267
189 267
193 267
202 267
205 267
213 267
214 267
237 267
241 267
252 267
257 267
8 268
13 268
17 268
18 268
28 268
37 268
41 268
47 268
49 268
54 268
67 268
70 268
74 268
83 268
90 268
97 268
103 268
111 268
121 268
135 268
143 268
144 268
158 268
161 268
164 268
184 268
187 268
190 268
204 268
209 268
213 268
219 268
223 268
227 268
232 268
244 268
253 268
260 268
266 268
1 269
3 269
8 269
11 269
19 269
21 269
24 269
27 269
31 269
41 269
48 269
49 269
54 269
59 269
60 269
61 269
62 269
63 269
65 269
71 269
79 269
90 269
94 269
95 269
100 269
101 269
104 269
110 269
111 269
120 269
121 269
122 269
125 269
128 269
137 269
140 269
142 269
148 269
150 269
152 269
154 269
155 269
156 269
157 269
168 269
171 269
175 269
182 269
185 269
191 269
200 269
202 269
206 269
208 269
218 269
221 269
225 269
234 269
238 269
241 269
244 269
248 269
250 269
254 269
261 269
263 269
1 270
4 270
6 270
8 270
9 270
24 270
34 270
42 270
43 270
45 270
53 270
56 270
58 270
59 270
65 270
75 270
85 270
90 270
91 270
92 270
95 270
100 270
102 270
106 270
108 270
109 270
115 270
116 270
119 270
128 270
129 270
135 270
143 270
145 270
151 270
154 270
162 270
170 270
171 270
172 270
177 270
183 270
184 270
187 270
188 270
191 270
197 270
198 270
201 270
208 270
217 270
218 270
220 270
225 270
229 270
235 270
239 270
242 270
243 270
244 270
252 270
258 270
11 271
15 271
17 271
18 271
29 271
31 271
39 271
43 271
63 271
68 271
77 271
92 271
94 271
97 271
100 271
104 271
111 271
116 271
121 271
125 271
126 271
136 271
143 271
158 271
165 271
171 271
172 271
173 271
175 271
176 271
184 271
193 271
195 271
198 271
204 271
205 271
212 271
215 271
216 271
223 271
233 271
235 271
241 271
250 271
251 271
257 271
259 271
260 271
265 271
267 271
0 272
4 272
5 272
12 272
16 272
18 272
20 272
28 272
31 272
41 272
47 272
49 272
51 272
54 272
56 272
58 272
78 272
87 272
92 272
98 272
100 272
102 272
104 272
105 272
110 272
122 272
126 272
130 272
132 272
138 272
141 272
143 272
144 272
146 272
147 272
149 272
152 272
158 272
167 272
189 272
192 272
198 272
199 272
202 272
208 272
209 272
214 272
223 272
228 272
229 272
230 272
253 272
255 272
264 272
10 273
14 273
20 273
27 273
33 273
35 273
39 273
41 273
46 273
47 273
56 273
65 273
73 273
98 273
104 273
108 273
119 273
120 273
124 273
126 273
132 273
135 273
136 273
139 273
145 273
150 273
158 273
161 273
163 273
170 273
171 273
172 273
173 273
175 273
176 273
183 273
185 273
188 273
190 273
191 273
193 273
201 273
206 273
209 273
213 273
220 273
226 273
229 273
232 273
233 273
234 273
241 273
242 273
245 273
246 273
251 273
253 273
254 273
258 273
263 273
265 273
3 274
4 274
7 274
11 274
20 274
23 274
26 274
27 274
30 274
34 274
42 274
46 274
52 274
53 274
62 274
63 274
64 274
68 274
71 274
78 274
79 274
81 274
82 274
99 274
101 274
102 274
104 274
108 274
110 274
111 274
112 274
113 274
123 274
127 274
136 274
139 274
146 274
148 274
151 274
157 274
161 274
163 274
164 274
171 274
176 274
188 274
224 274
225 274
226 274
227 274
236 274
237 274
238 274
240 274
241 274
244 274
245 274
250 274
252 274
256 274
0 275
13 275
15 275
17 275
27 275
29 275
44 275
48 275
50 275
53 275
58 275
61 275
62 275
63 275
68 275
96 275
99 275
103 275
105 275
110 275
112 275
113 275
115 275
116 275
121 275
123 275
128 275
130 275
131 275
140 275
154 275
155 275
157 275
161 275
164 275
166 275
171 275
172 275
174 275
183 275
185 275
189 275
190 275
191 275
195 275
202 275
204 275
208 275
209 275
211 275
217 275
222 275
224 275
241 275
244 275
245 275
246 275
247 275
261 275
4 276
12 276
19 276
20 276
26 276
27 276
29 276
31 276
39 276
42 276
51 276
52 276
54 276
60 276
68 276
95 276
97 276
100 276
116 276
121 276
136 276
145 276
150 276
156 276
157 276
159 276
160 276
162 276
164 276
166 276
180 276
183 276
184 276
189 276
190 276
199 276
202 276
205 276
219 276
220 276
229 276
235 276
237 276
240 276
243 276
256 276
260 276
262 276
263 276
10 277
18 277
22 277
27 277
28 277
29 277
36 277
40 277
47 277
62 277
63 277
69 277
75 277
78 277
93 277
103 277
104 277
111 277
118 277
120 277
124 277
132 277
149 277
151 277
160 277
166 277
188 277
197 277
198 277
207 277
208 277
210 277
213 277
219 277
220 277
221 277
234 277
241 277
255 277
1 278
4 278
11 278
12 278
17 278
23 278
25 278
32 278
35 278
36 278
54 278
70 278
71 278
77 278
100 278
103 278
110 278
114 278
120 278
121 278
133 278
138 278
142 278
149 278
154 278
174 278
186 278
196 278
201 278
203 278
213 278
219 278
220 278
223 278
225 278
229 278
232 278
236 278
246 278
252 278
258 278
10 279
14 279
21 279
22 279
23 279
24 279
26 279
29 279
33 279
34 279
37 279
38 279
42 279
48 279
51 279
63 279
64 279
67 279
71 279
73 279
79 279
82 279
98 279
106 279
107 279
109 279
120 279
124 279
130 279
131 279
149 279
156 279
163 279
167 279
170 279
172 279
173 279
174 279
181 279
188 279
194 279
209 279
216 279
221 279
227 279
232 279
241 279
248 279
250 279
260 279
276 279
5 280
9 280
10 280
12 280
15 280
16 280
17 280
22 280
27 280
34 280
38 280
39 280
44 280
60 280
65 280
82 280
91 280
94 280
95 280
100 280
101 280
105 280
109 280
112 280
133 280
138 280
145 280
155 280
157 280
165 280
172 280
173 280
178 280
186 280
187 280
190 280
195 280
196 280
200 280
201 280
204 280
207 280
209 280
217 280
226 280
228 280
236 280
237 280
243 280
247 280
253 280
257 280
263 280
264 280
271 280
272 280
274 280
3 281
4 281
14 281
15 281
16 281
20 281
21 281
23 281
24 281
29 281
31 281
33 281
35 281
37 281
47 281
48 281
51 281
57 281
58 281
63 281
66 281
72 281
81 281
92 281
93 281
94 281
97 281
100 281
106 281
107 281
110 281
113 281
115 281
121 281
130 281
146 281
155 281
158 281
159 281
160 281
161 281
166 281
170 281
171 281
172 281
177 281
180 281
193 281
201 281
202 281
219 281
225 281
228 281
229 281
231 281
235 281
238 281
239 281
248 281
251 281
266 281
269 281
3 282
4 282
13 282
30 282
31 282
40 282
43 282
44 282
49 282
50 282
52 282
62 282
64 282
65 282
72 282
80 282
84 282
91 282
92 282
93 282
96 282
101 282
102 282
103 282
105 282
108 282
119 282
137 282
139 282
151 282
158 282
159 282
164 282
190 282
191 282
196 282
199 282
231 282
232 282
234 282
240 282
243 282
246 282
264 282
268 282
2 283
3 283
8 283
25 283
33 283
39 283
50 283
62 283
72 283
74 283
80 283
86 283
87 283
88 283
92 283
94 283
95 283
101 283
107 283
111 283
112 283
118 283
128 283
132 283
134 283
140 283
148 283
156 283
160 283
171 283
194 283
198 283
202 283
205 283
210 283
213 283
214 283
224 283
226 283
229 283
235 283
240 283
241 283
246 283
250 283
253 283
254 283
255 283
256 283
258 283
260 283
262 283
273 283
12 284
29 284
39 284
49 284
55 284
58 284
85 284
87 284
101 284
113 284
119 284
122 284
131 284
142 284
144 284
152 284
183 284
184 284
189 284
204 284
206 284
207 284
219 284
229 284
235 284
237 284
238 284
244 284
251 284
260 284
269 284
272 284
3 285
5 285
10 285
11 285
14 285
16 285
18 285
20 285
21 285
22 285
28 285
38 285
40 285
42 285
43 285
44 285
58 285
60 285
61 285
63 285
68 285
70 285
74 285
80 285
81 285
83 285
98 285
106 285
113 285
117 285
137 285
149 285
153 285
160 285
163 285
167 285
169 285
172 285
174 285
175 285
179 285
187 285
192 285
200 285
202 285
204 285
214 285
217 285
224 285
229 285
232 285
233 285
234 285
249 285
250 285
255 285
258 285
263 285
266 285
267 285
270 285
274 285
4 286
5 286
6 286
11 286
13 286
14 286
15 286
17 286
22 286
29 286
30 286
43 286
47 286
53 286
57 286
69 286
71 286
80 286
82 286
87 286
94 286
107 286
109 286
110 286
111 286
114 286
115 286
126 286
133 286
134 286
139 286
147 286
148 286
149 286
161 286
176 286
193 286
195 286
196 286
197 286
203 286
206 286
210 286
213 286
215 286
220 286
222 286
223 286
244 286
248 286
254 286
255 286
256 286
260 286
267 286
268 286
269 286
272 286
274 286
277 286
279 286
280 286
11 287
12 287
39 287
43 287
45 287
51 287
52 287
64 287
67 287
71 287
83 287
95 287
98 287
99 287
105 287
111 287
121 287
142 287
170 287
173 287
174 287
179 287
184 287
188 287
195 287
203 287
207 287
208 287
214 287
219 287
222 287
223 287
224 287
235 287
237 287
249 287
255 287
257 287
265 287
266 287
273 287
280 287
284 287
1 288
2 288
4 288
5 288
6 288
13 288
17 288
29 288
31 288
33 288
34 288
39 288
41 288
43 288
46 288
59 288
62 288
68 288
69 288
71 288
81 288
91 288
98 288
102 288
109 288
116 288
120 288
134 288
140 288
142 288
157 288
171 288
180 288
187 288
194 288
196 288
201 288
204 288
206 288
214 288
215 288
234 288
235 288
248 288
250 288
254 288
270 288
273 288
280 288
4 289
9 289
11 289
14 289
18 289
22 289
24 289
27 289
30 289
40 289
48 289
61 289
64 289
71 289
76 289
79 289
87 289
91 289
98 289
107 289
109 289
110 289
112 289
126 289
137 289
138 289
140 289
158 289
159 289
163 289
166 289
178 289
185 289
186 289
188 289
197 289
214 289
221 289
226 289
229 289
232 289
241 289
245 289
246 289
251 289
254 289
262 289
263 289
267 289
273 289
275 289
278 289
280 289
281 289
283 289
284 289
0 290
4 290
10 290
11 290
12 290
17 290
24 290
27 290
35 290
38 290
40 290
46 290
50 290
52 290
60 290
65 290
70 290
71 290
75 290
77 290
79 290
83 290
88 290
98 290
109 290
111 290
125 290
128 290
131 290
136 290
141 290
142 290
145 290
147 290
149 290
163 290
168 290
186 290
188 290
192 290
193 290
201 290
204 290
208 290
211 290
226 290
227 290
240 290
241 290
256 290
258 290
263 290
264 290
270 290
283 290
0 291
1 291
8 291
12 291
14 291
20 291
21 291
22 291
27 291
29 291
38 291
39 291
40 291
48 291
54 291
57 291
63 291
84 291
85 291
91 291
97 291
98 291
101 291
105 291
110 291
113 291
118 291
137 291
138 291
148 291
155 291
159 291
162 291
165 291
168 291
170 291
172 291
173 291
175 291
181 291
186 291
195 291
199 291
201 291
206 291
211 291
216 291
219 291
221 291
224 291
231 291
236 291
244 291
249 291
250 291
251 291
255 291
258 291
259 291
265 291
268 291
270 291
281 291
282 291
284 291
12 292
20 292
25 292
26 292
37 292
42 292
45 292
47 292
48 292
51 292
53 292
55 292
59 292
61 292
69 292
70 292
76 292
77 292
81 292
84 292
87 292
88 292
92 292
103 292
104 292
107 292
108 292
117 292
119 292
120 292
126 292
137 292
138 292
141 292
151 292
153 292
156 292
159 292
164 292
165 292
167 292
169 292
197 292
199 292
205 292
211 292
228 292
230 292
238 292
242 292
243 292
248 292
249 292
258 292
259 292
263 292
267 292
270 292
273 292
284 292
5 293
16 293
26 293
27 293
34 293
38 293
40 293
42 293
51 293
53 293
58 293
59 293
61 293
64 293
70 293
76 293
86 293
96 293
97 293
99 293
105 293
110 293
114 293
116 293
119 293
120 293
122 293
124 293
137 293
138 293
140 293
141 293
145 293
149 293
153 293
154 293
157 293
160 293
163 293
168 293
170 293
171 293
174 293
176 293
178 293
179 293
185 293
196 293
199 293
215 293
216 293
228 293
231 293
235 293
238 293
252 293
257 293
262 293
264 293
272 293
273 293
281 293
282 293
2 294
5 294
10 294
12 294
14 294
15 294
18 294
21 294
22 294
26 294
30 294
33 294
35 294
38 294
44 294
48 294
55 294
60 294
65 294
74 294
76 294
79 294
85 294
89 294
90 294
99 294
107 294
114 294
116 294
120 294
124 294
132 294
135 294
139 294
144 294
149 294
151 294
152 294
153 294
175 294
191 294
198 294
208 294
231 294
235 294
240 294
243 294
246 294
257 294
264 294
267 294
7 295
10 295
13 295
21 295
22 295
32 295
47 295
49 295
55 295
61 295
63 295
64 295
66 295
73 295
74 295
76 295
77 295
81 295
86 295
88 295
92 295
101 295
103 295
111 295
116 295
125 295
127 295
134 295
135 295
137 295
153 295
157 295
161 295
163 295
166 295
168 295
178 295
179 295
183 295
185 295
192 295
194 295
210 295
215 295
216 295
221 295
222 295
223 295
225 295
227 295
230 295
236 295
239 295
249 295
250 295
255 295
261 295
267 295
272 295
12 296
26 296
36 296
41 296
66 296
73 296
74 296
79 296
86 296
93 296
101 296
108 296
111 296
115 296
128 296
129 296
135 296
137 296
145 296
149 296
150 296
152 296
155 296
157 296
160 296
161 296
163 296
166 296
168 296
170 296
172 296
175 296
179 296
185 296
187 296
190 296
195 296
197 296
199 296
201 296
203 296
207 296
211 296
220 296
233 296
242 296
245 296
246 296
247 296
263 296
264 296
268 296
272 296
280 296
282 296
0 297
1 297
5 297
7 297
17 297
24 297
25 297
29 297
30 297
35 297
37 297
42 297
43 297
51 297
60 297
61 297
90 297
92 297
94 297
100 297
102 297
103 297
109 297
114 297
116 297
122 297
135 297
136 297
147 297
159 297
171 297
176 297
186 297
188 297
190 297
192 297
193 297
199 297
201 297
203 297
204 297
207 297
218 297
221 297
227 297
228 297
240 297
248 297
266 297
269 297
271 297
274 297
276 297
284 297
0 298
3 298
11 298
13 298
35 298
41 298
43 298
46 298
54 298
63 298
73 298
95 298
99 298
101 298
107 298
110 298
111 298
115 298
119 298
120 298
122 298
126 298
130 298
131 298
132 298
137 298
141 298
142 298
151 298
159 298
161 298
171 298
177 298
180 298
181 298
186 298
189 298
192 298
205 298
207 298
208 298
215 298
219 298
221 298
227 298
238 298
239 298
241 298
242 298
245 298
249 298
253 298
256 298
257 298
258 298
272 298
284 298
2 299
3 299
5 299
10 299
15 299
17 299
22 299
25 299
34 299
43 299
44 299
51 299
53 299
57 299
60 299
62 299
66 299
67 299
74 299
77 299
79 299
80 299
96 299
102 299
103 299
104 299
106 299
109 299
110 299
111 299
125 299
126 299
128 299
131 299
146 299
151 299
164 299
166 299
172 299
177 299
179 299
183 299
185 299
199 299
201 299
203 299
205 299
220 299
223 299
224 299
225 299
228 299
234 299
235 299
244 299
248 299
263 299
272 299
273 299
283 299
