300 7735 5
4 23 2 7 2 7 1 22 3 2 12 3 6 6 9 2 10 16 5 3 4 2 10 10 3 24 11 1 29 8 5 1 1 6 2 10 7 13 3 3 13 10 4 14 8 2 1 3 13 1 5 3 2 4 14 6 4 4 2 9 1 3 7 17 3 11 11 2 5 6 5 10 2 9 2 9 2 8 2 10 5 4 6 15 14 6 6 12 11 14 5 3 7 7 12 9 4 6 2 36 1 17 4 3 4 15 3 3 2 1 2 4 1 6 1 5 9 5 4 4 9 5 7 21 14 3 1 4 1 20 3 6 2 4 15 3 1 3 11 30 7 7 13 2 2 4 5 3 2 9 1 2 27 1 2 3 2 1 2 15 4 22 11 1 5 7 8 1 1 3 1 4 3 1 3 5 4 1 1 8 1 3 2 3 7 1 2 1 6 4 23 8 4 17 21 2 4 19 2 15 12 29 7 20 1 7 17 7 3 6 3 23 5 10 8 32 8 4 15 4 9 1 21 7 1 1 15 2 4 10 2 8 8 6 2 5 4 9 3 6 14 18 6 25 6 12 4 3 1 2 2 18 19 3 5 11 6 1 6 2 4 4 2 1 9 10 3 6 3 13 14 14 1 2 8 9 1 6 6 7 11 7 4 3 5 4 12 12 1 4 7 3 24 1 6 14 15 1 2 13
1 7
3 9
2 11
3 13
0 14
1 14
3 14
0 15
6 15
0 16
6 16
5 18
2 19
8 19
13 19
9 20
15 20
1 21
9 21
11 21
14 21
5 22
12 22
17 22
14 23
15 23
16 23
2 24
8 24
9 24
10 24
15 24
3 25
7 26
11 26
13 26
5 27
8 27
9 27
11 27
1 28
3 28
12 28
16 28
10 29
18 29
2 30
3 30
20 30
25 30
17 31
20 31
24 31
25 31
26 31
0 32
2 32
5 32
7 32
15 32
18 32
23 32
25 32
27 32
0 33
2 33
3 33
7 33
8 33
11 33
16 33
2 34
3 34
10 34
12 34
15 34
10 35
11 35
14 35
20 35
5 36
7 36
9 36
14 37
18 37
24 37
3 38
4 38
8 38
9 38
17 38
20 38
21 38
24 38
26 38
28 38
29 38
32 38
35 38
0 39
6 39
26 39
29 39
0 40
8 40
13 40
16 40
21 40
27 40
28 40
31 40
37 40
13 41
17 41
21 41
1 42
7 42
9 42
19 42
24 42
29 42
30 42
35 42
1 43
6 43
8 43
9 43
14 43
25 43
3 44
5 44
9 44
15 44
24 44
26 44
28 44
30 44
35 44
0 45
18 45
32 45
33 45
34 45
36 45
27 46
36 46
14 47
18 47
26 47
4 48
13 48
17 48
22 48
25 48
31 48
33 48
1 49
5 49
12 49
17 49
22 49
26 49
32 49
33 49
1 50
5 50
6 50
7 50
11 50
21 50
32 50
1 51
10 51
14 51
29 51
30 51
31 51
37 51
0 52
2 52
6 52
7 52
9 52
11 52
24 52
37 52
39 52
43 52
44 52
10 53
37 53
46 53
7 54
8 54
17 54
20 54
27 54
38 54
45 54
46 54
0 55
9 55
10 55
13 55
14 55
17 55
19 55
26 55
31 55
39 55
51 55
1 56
8 56
10 56
19 56
21 56
38 56
40 56
44 56
48 56
49 56
21 57
43 57
44 57
45 57
49 57
50 57
51 57
10 58
12 58
16 58
18 58
28 58
45 58
49 58
51 58
3 59
6 59
16 59
43 59
48 59
0 60
5 60
6 60
17 60
23 60
24 60
40 60
1 61
6 61
7 61
10 61
14 61
15 61
17 61
19 61
20 61
29 61
30 61
31 61
32 61
35 61
38 61
39 61
46 61
49 61
51 61
54 61
55 61
11 62
13 62
18 62
38 62
50 62
52 62
53 62
11 63
12 63
13 63
32 63
35 63
36 63
39 63
40 63
46 63
50 63
54 63
1 64
6 64
10 64
14 64
17 64
18 64
23 64
24 64
30 64
34 64
36 64
38 64
52 64
12 65
28 65
30 65
36 65
41 65
48 65
50 65
59 65
1 66
23 66
24 66
25 66
28 66
31 66
41 66
45 66
48 66
50 66
56 66
60 66
2 67
10 67
12 67
15 67
20 67
29 67
39 67
41 67
43 67
48 67
58 67
5 68
10 68
23 68
30 68
34 68
35 68
40 68
54 68
55 68
56 68
57 68
61 68
2 69
7 69
12 69
22 69
23 69
27 69
29 69
38 69
39 69
44 69
46 69
50 69
51 69
52 69
53 69
8 70
11 70
20 70
21 70
22 70
29 70
30 70
47 70
51 70
52 70
53 70
57 70
62 70
16 71
17 71
27 71
28 71
31 71
32 71
38 71
49 71
55 71
60 71
2 72
10 72
14 72
26 72
28 72
30 72
39 72
45 72
48 72
49 72
57 72
4 73
5 73
9 73
20 73
24 73
25 73
26 73
30 73
31 73
46 73
47 73
48 73
54 73
63 73
1 74
8 74
11 74
16 74
26 74
40 74
42 74
45 74
46 74
49 74
52 74
1 75
9 75
12 75
21 75
31 75
42 75
44 75
48 75
55 75
61 75
63 75
7 76
16 76
18 76
19 76
22 76
23 76
26 76
31 76
32 76
33 76
38 76
43 76
48 76
61 76
62 76
66 76
10 77
12 77
17 77
20 77
34 77
38 77
50 77
54 77
5 78
6 78
8 78
21 78
25 78
30 78
38 78
41 78
45 78
46 78
58 78
65 78
73 78
1 79
6 79
9 79
13 79
17 79
34 79
45 79
53 79
64 79
72 79
3 80
4 80
7 80
9 80
14 80
17 80
20 80
46 80
51 80
54 80
56 80
70 80
8 81
9 81
12 81
16 81
18 81
20 81
22 81
32 81
44 81
50 81
51 81
55 81
59 81
60 81
3 82
6 82
22 82
28 82
29 82
34 82
48 82
56 82
69 82
70 82
71 82
1 83
12 83
20 83
28 83
35 83
38 83
41 83
48 83
57 83
62 83
64 83
67 83
69 83
72 83
7 84
22 84
32 84
38 84
50 84
57 84
67 84
3 85
7 85
8 85
9 85
17 85
23 85
26 85
27 85
29 85
32 85
34 85
36 85
39 85
41 85
48 85
49 85
53 85
55 85
57 85
65 85
72 85
0 86
4 86
11 86
12 86
14 86
17 86
21 86
22 86
30 86
33 86
35 86
36 86
39 86
41 86
43 86
45 86
62 86
71 86
35 87
36 87
37 87
40 87
47 87
49 87
50 87
63 87
68 87
69 87
74 87
8 88
14 88
23 88
26 88
29 88
34 88
38 88
46 88
47 88
51 88
65 88
67 88
70 88
15 89
21 89
26 89
27 89
39 89
40 89
42 89
44 89
45 89
47 89
53 89
58 89
61 89
63 89
0 90
2 90
21 90
22 90
31 90
34 90
37 90
39 90
42 90
45 90
55 90
57 90
61 90
62 90
64 90
67 90
75 90
5 91
9 91
13 91
39 91
41 91
42 91
43 91
46 91
51 91
53 91
64 91
69 91
73 91
76 91
77 91
83 91
7 92
11 92
15 92
17 92
18 92
23 92
27 92
36 92
39 92
41 92
42 92
50 92
54 92
66 92
67 92
72 92
73 92
77 92
83 92
84 92
3 93
10 93
13 93
23 93
25 93
31 93
32 93
39 93
40 93
46 93
49 93
50 93
51 93
52 93
57 93
59 93
64 93
65 93
79 93
4 94
7 94
12 94
14 94
15 94
20 94
25 94
26 94
34 94
37 94
39 94
49 94
50 94
51 94
54 94
60 94
61 94
66 94
67 94
72 94
80 94
89 94
1 95
4 95
8 95
15 95
17 95
19 95
20 95
24 95
29 95
45 95
53 95
63 95
65 95
67 95
70 95
74 95
75 95
1 96
2 96
4 96
6 96
36 96
44 96
46 96
48 96
49 96
60 96
62 96
76 96
81 96
0 97
4 97
10 97
12 97
16 97
18 97
20 97
21 97
23 97
24 97
26 97
30 97
54 97
67 97
68 97
69 97
74 97
77 97
85 97
16 98
21 98
32 98
33 98
34 98
43 98
44 98
48 98
78 98
82 98
86 98
87 98
3 99
13 99
26 99
27 99
30 99
34 99
35 99
39 99
54 99
56 99
57 99
58 99
60 99
64 99
70 99
74 99
81 99
83 99
7 100
14 100
29 100
68 100
81 100
84 100
88 100
89 100
2 101
3 101
8 101
11 101
17 101
20 101
38 101
44 101
45 101
52 101
70 101
71 101
79 101
86 101
1 102
7 102
21 102
22 102
40 102
42 102
49 102
53 102
59 102
64 102
67 102
80 102
2 103
4 103
8 103
16 103
21 103
26 103
30 103
31 103
44 103
59 103
73 103
74 103
85 103
5 104
7 104
10 104
17 104
30 104
36 104
44 104
45 104
52 104
57 104
59 104
67 104
86 104
88 104
91 104
102 104
1 105
9 105
11 105
15 105
16 105
28 105
29 105
44 105
49 105
50 105
51 105
52 105
53 105
54 105
65 105
66 105
72 105
73 105
74 105
78 105
91 105
92 105
96 105
102 105
0 106
3 106
5 106
7 106
9 106
13 106
28 106
32 106
34 106
44 106
59 106
63 106
64 106
67 106
71 106
72 106
95 106
99 106
101 106
2 107
17 107
20 107
22 107
38 107
44 107
47 107
53 107
59 107
61 107
66 107
71 107
77 107
78 107
84 107
85 107
95 107
103 107
5 108
8 108
9 108
10 108
15 108
19 108
22 108
30 108
32 108
36 108
37 108
39 108
40 108
55 108
60 108
62 108
63 108
66 108
78 108
85 108
87 108
97 108
1 109
7 109
16 109
32 109
34 109
36 109
37 109
39 109
43 109
48 109
52 109
54 109
57 109
59 109
61 109
68 109
69 109
73 109
82 109
86 109
91 109
7 110
8 110
9 110
15 110
23 110
27 110
28 110
32 110
38 110
40 110
46 110
49 110
52 110
54 110
56 110
72 110
85 110
90 110
91 110
5 111
8 111
10 111
12 111
15 111
21 111
24 111
25 111
27 111
33 111
38 111
39 111
45 111
46 111
49 111
54 111
61 111
67 111
71 111
94 111
98 111
99 111
103 111
3 112
8 112
12 112
31 112
44 112
47 112
50 112
54 112
60 112
62 112
67 112
76 112
78 112
99 112
6 113
10 113
13 113
16 113
17 113
18 113
19 113
22 113
24 113
29 113
30 113
51 113
54 113
65 113
88 113
96 113
99 113
100 113
105 113
107 113
1 114
2 114
7 114
11 114
17 114
21 114
28 114
42 114
46 114
47 114
49 114
54 114
58 114
60 114
62 114
64 114
67 114
88 114
91 114
95 114
104 114
106 114
108 114
109 114
19 115
32 115
42 115
46 115
59 115
61 115
62 115
63 115
69 115
70 115
73 115
74 115
79 115
85 115
88 115
92 115
95 115
97 115
99 115
105 115
2 116
4 116
6 116
9 116
20 116
24 116
29 116
35 116
37 116
43 116
60 116
65 116
67 116
68 116
76 116
80 116
96 116
109 116
0 117
1 117
5 117
10 117
11 117
15 117
19 117
32 117
40 117
41 117
44 117
48 117
51 117
54 117
56 117
59 117
64 117
71 117
75 117
78 117
84 117
85 117
86 117
87 117
95 117
100 117
105 117
5 118
6 118
10 118
12 118
14 118
25 118
27 118
33 118
38 118
48 118
53 118
57 118
65 118
68 118
77 118
81 118
83 118
85 118
94 118
112 118
15 119
16 119
17 119
20 119
22 119
43 119
44 119
54 119
65 119
75 119
80 119
89 119
101 119
102 119
104 119
106 119
0 120
12 120
14 120
20 120
21 120
22 120
27 120
30 120
32 120
39 120
40 120
47 120
48 120
49 120
53 120
60 120
66 120
67 120
72 120
86 120
105 120
112 120
0 121
1 121
13 121
32 121
42 121
52 121
58 121
61 121
67 121
72 121
78 121
81 121
82 121
100 121
112 121
3 122
8 122
14 122
23 122
27 122
43 122
49 122
50 122
53 122
59 122
62 122
63 122
67 122
69 122
79 122
82 122
83 122
86 122
89 122
93 122
94 122
95 122
106 122
2 123
4 123
5 123
6 123
9 123
18 123
21 123
33 123
37 123
40 123
44 123
48 123
52 123
56 123
57 123
59 123
62 123
68 123
70 123
84 123
94 123
110 123
112 123
114 123
119 123
0 124
2 124
5 124
11 124
16 124
25 124
41 124
42 124
45 124
46 124
63 124
67 124
77 124
81 124
83 124
88 124
94 124
98 124
101 124
105 124
118 124
3 125
4 125
10 125
11 125
20 125
21 125
37 125
52 125
54 125
61 125
82 125
97 125
100 125
103 125
108 125
116 125
8 126
24 126
25 126
29 126
42 126
48 126
50 126
51 126
61 126
65 126
77 126
80 126
86 126
89 126
99 126
102 126
108 126
0 127
3 127
7 127
13 127
15 127
17 127
26 127
27 127
28 127
50 127
52 127
57 127
62 127
65 127
69 127
76 127
79 127
81 127
92 127
98 127
101 127
107 127
113 127
114 127
117 127
118 127
3 128
5 128
7 128
11 128
14 128
15 128
16 128
17 128
24 128
33 128
36 128
53 128
55 128
56 128
57 128
68 128
69 128
70 128
71 128
73 128
77 128
82 128
84 128
91 128
98 128
99 128
101 128
106 128
109 128
110 128
115 128
119 128
120 128
15 129
22 129
25 129
31 129
34 129
37 129
39 129
51 129
55 129
57 129
58 129
70 129
72 129
73 129
75 129
102 129
106 129
107 129
117 129
118 129
122 129
0 130
19 130
21 130
24 130
25 130
26 130
30 130
32 130
33 130
37 130
43 130
45 130
46 130
50 130
52 130
58 130
60 130
63 130
71 130
73 130
74 130
79 130
84 130
89 130
96 130
97 130
100 130
105 130
108 130
115 130
117 130
4 131
5 131
8 131
10 131
12 131
15 131
19 131
23 131
24 131
25 131
33 131
36 131
37 131
39 131
40 131
48 131
57 131
60 131
64 131
66 131
68 131
74 131
78 131
88 131
93 131
96 131
110 131
112 131
113 131
116 131
118 131
119 131
125 131
2 132
8 132
10 132
11 132
12 132
18 132
19 132
23 132
25 132
28 132
29 132
48 132
49 132
51 132
61 132
63 132
64 132
69 132
74 132
75 132
80 132
84 132
88 132
107 132
112 132
117 132
118 132
124 132
5 133
6 133
15 133
23 133
27 133
32 133
44 133
56 133
62 133
65 133
72 133
79 133
82 133
97 133
100 133
102 133
106 133
110 133
114 133
116 133
1 134
4 134
8 134
10 134
11 134
14 134
21 134
22 134
35 134
37 134
39 134
47 134
53 134
59 134
67 134
72 134
74 134
77 134
85 134
90 134
92 134
93 134
97 134
103 134
107 134
108 134
110 134
112 134
125 134
0 135
11 135
13 135
28 135
30 135
43 135
68 135
70 135
75 135
79 135
82 135
83 135
88 135
98 135
104 135
105 135
116 135
125 135
127 135
4 136
16 136
20 136
24 136
25 136
28 136
29 136
38 136
42 136
48 136
55 136
63 136
65 136
67 136
71 136
76 136
82 136
89 136
95 136
103 136
110 136
118 136
120 136
127 136
8 137
18 137
36 137
55 137
56 137
61 137
65 137
66 137
68 137
80 137
82 137
88 137
89 137
109 137
114 137
117 137
120 137
121 137
122 137
130 137
3 138
5 138
6 138
11 138
13 138
14 138
20 138
21 138
24 138
26 138
37 138
45 138
47 138
54 138
56 138
64 138
70 138
78 138
81 138
82 138
94 138
99 138
110 138
112 138
125 138
129 138
1 139
4 139
5 139
13 139
19 139
36 139
39 139
40 139
41 139
42 139
44 139
48 139
59 139
64 139
65 139
67 139
73 139
76 139
86 139
99 139
107 139
115 139
3 140
21 140
38 140
40 140
57 140
73 140
74 140
86 140
92 140
94 140
100 140
101 140
116 140
121 140
7 141
8 141
12 141
38 141
39 141
45 141
57 141
62 141
64 141
69 141
77 141
81 141
85 141
105 141
107 141
109 141
110 141
119 141
123 141
124 141
125 141
129 141
130 141
0 142
5 142
21 142
25 142
43 142
45 142
48 142
65 142
68 142
73 142
78 142
83 142
95 142
98 142
101 142
106 142
110 142
113 142
114 142
115 142
116 142
123 142
2 143
5 143
7 143
10 143
17 143
20 143
21 143
44 143
48 143
49 143
52 143
57 143
80 143
92 143
93 143
100 143
103 143
111 143
115 143
123 143
126 143
2 144
14 144
27 144
28 144
32 144
42 144
45 144
46 144
54 144
56 144
58 144
77 144
80 144
91 144
95 144
96 144
107 144
108 144
10 145
12 145
20 145
39 145
42 145
55 145
58 145
61 145
62 145
65 145
66 145
67 145
70 145
81 145
82 145
87 145
104 145
105 145
122 145
123 145
130 145
138 145
6 146
11 146
15 146
20 146
21 146
23 146
24 146
27 146
31 146
33 146
34 146
37 146
40 146
43 146
60 146
65 146
70 146
85 146
93 146
98 146
103 146
111 146
112 146
113 146
120 146
123 146
125 146
138 146
142 146
143 146
1 147
3 147
7 147
14 147
15 147
18 147
19 147
24 147
39 147
42 147
50 147
60 147
75 147
77 147
85 147
87 147
88 147
96 147
99 147
105 147
107 147
108 147
114 147
118 147
120 147
122 147
128 147
137 147
144 147
1 148
2 148
3 148
6 148
7 148
9 148
10 148
21 148
33 148
39 148
40 148
43 148
47 148
50 148
55 148
58 148
64 148
70 148
87 148
93 148
98 148
103 148
105 148
116 148
117 148
119 148
124 148
127 148
135 148
16 149
18 149
26 149
33 149
37 149
42 149
47 149
48 149
55 149
66 149
80 149
84 149
85 149
89 149
94 149
97 149
99 149
111 149
114 149
130 149
133 149
134 149
0 150
7 150
8 150
10 150
19 150
35 150
39 150
42 150
47 150
50 150
64 150
67 150
69 150
74 150
80 150
88 150
106 150
117 150
119 150
120 150
123 150
127 150
130 150
132 150
134 150
141 150
142 150
143 150
145 150
1 151
6 151
10 151
12 151
18 151
23 151
28 151
37 151
41 151
43 151
44 151
45 151
46 151
61 151
73 151
76 151
87 151
96 151
97 151
117 151
119 151
125 151
126 151
130 151
133 151
135 151
140 151
142 151
143 151
2 152
6 152
10 152
20 152
33 152
37 152
41 152
60 152
64 152
85 152
87 152
90 152
91 152
93 152
96 152
97 152
98 152
110 152
114 152
118 152
140 152
143 152
148 152
3 153
4 153
5 153
6 153
17 153
30 153
37 153
43 153
53 153
54 153
65 153
77 153
79 153
91 153
96 153
106 153
107 153
109 153
123 153
130 153
133 153
135 153
136 153
3 154
17 154
18 154
21 154
22 154
23 154
29 154
30 154
36 154
40 154
48 154
57 154
59 154
66 154
77 154
79 154
83 154
89 154
90 154
98 154
102 154
103 154
105 154
107 154
117 154
127 154
131 154
132 154
134 154
136 154
144 154
146 154
3 155
4 155
6 155
7 155
9 155
11 155
18 155
25 155
28 155
32 155
39 155
50 155
52 155
56 155
66 155
89 155
97 155
111 155
113 155
115 155
123 155
125 155
140 155
144 155
145 155
148 155
1 156
3 156
10 156
28 156
31 156
33 156
43 156
62 156
65 156
67 156
69 156
71 156
82 156
88 156
92 156
94 156
107 156
113 156
115 156
124 156
142 156
148 156
9 157
11 157
17 157
28 157
34 157
35 157
39 157
49 157
73 157
78 157
82 157
87 157
89 157
91 157
93 157
98 157
103 157
104 157
107 157
114 157
116 157
121 157
125 157
126 157
127 157
129 157
131 157
134 157
136 157
143 157
12 158
15 158
19 158
24 158
25 158
26 158
36 158
45 158
46 158
50 158
51 158
52 158
60 158
66 158
75 158
83 158
84 158
89 158
90 158
102 158
104 158
111 158
113 158
115 158
119 158
123 158
124 158
131 158
132 158
140 158
141 158
142 158
148 158
13 159
15 159
18 159
25 159
27 159
30 159
31 159
36 159
38 159
44 159
47 159
49 159
52 159
55 159
56 159
61 159
63 159
71 159
73 159
77 159
79 159
85 159
104 159
106 159
121 159
129 159
130 159
138 159
146 159
148 159
5 160
10 160
18 160
19 160
24 160
26 160
42 160
45 160
52 160
58 160
68 160
88 160
92 160
95 160
101 160
103 160
104 160
106 160
108 160
117 160
119 160
120 160
126 160
127 160
134 160
135 160
146 160
149 160
3 161
15 161
16 161
17 161
21 161
22 161
23 161
26 161
34 161
36 161
43 161
45 161
58 161
59 161
61 161
62 161
77 161
81 161
83 161
84 161
86 161
94 161
96 161
99 161
107 161
122 161
124 161
131 161
133 161
134 161
138 161
150 161
152 161
3 162
18 162
22 162
25 162
29 162
37 162
41 162
43 162
47 162
53 162
60 162
61 162
71 162
73 162
78 162
86 162
87 162
97 162
101 162
114 162
122 162
125 162
130 162
141 162
158 162
159 162
6 163
8 163
16 163
23 163
24 163
31 163
35 163
36 163
41 163
46 163
48 163
50 163
54 163
71 163
84 163
96 163
97 163
100 163
109 163
117 163
120 163
138 163
140 163
3 164
12 164
17 164
18 164
19 164
22 164
39 164
46 164
49 164
55 164
57 164
60 164
63 164
68 164
69 164
75 164
80 164
82 164
86 164
89 164
95 164
96 164
97 164
101 164
108 164
140 164
143 164
144 164
146 164
150 164
152 164
155 164
4 165
7 165
8 165
15 165
22 165
24 165
28 165
30 165
33 165
41 165
42 165
47 165
52 165
55 165
57 165
63 165
64 165
65 165
69 165
72 165
77 165
97 165
99 165
100 165
102 165
103 165
148 165
149 165
10 166
16 166
23 166
37 166
41 166
52 166
54 166
59 166
65 166
68 166
69 166
82 166
84 166
85 166
98 166
102 166
108 166
109 166
110 166
111 166
121 166
129 166
134 166
136 166
141 166
150 166
155 166
158 166
2 167
9 167
20 167
23 167
28 167
31 167
36 167
54 167
59 167
67 167
68 167
73 167
110 167
114 167
119 167
120 167
125 167
127 167
133 167
139 167
152 167
159 167
15 168
20 168
26 168
28 168
44 168
58 168
62 168
65 168
66 168
68 168
72 168
82 168
88 168
98 168
102 168
103 168
105 168
116 168
117 168
128 168
130 168
133 168
143 168
150 168
153 168
154 168
156 168
157 168
164 168
167 168
0 169
1 169
7 169
11 169
12 169
14 169
15 169
22 169
28 169
29 169
32 169
47 169
50 169
54 169
58 169
66 169
72 169
83 169
84 169
92 169
93 169
95 169
96 169
102 169
103 169
110 169
129 169
134 169
144 169
154 169
155 169
161 169
1 170
4 170
5 170
8 170
9 170
13 170
14 170
64 170
68 170
75 170
87 170
98 170
101 170
121 170
125 170
127 170
133 170
134 170
135 170
149 170
154 170
155 170
160 170
0 171
7 171
8 171
14 171
22 171
29 171
32 171
33 171
45 171
50 171
51 171
60 171
63 171
71 171
85 171
87 171
94 171
104 171
105 171
106 171
110 171
118 171
139 171
141 171
144 171
146 171
151 171
156 171
159 171
163 171
0 172
5 172
8 172
11 172
12 172
13 172
22 172
28 172
29 172
34 172
35 172
47 172
63 172
68 172
69 172
83 172
102 172
103 172
122 172
126 172
127 172
132 172
137 172
145 172
149 172
152 172
155 172
156 172
160 172
163 172
0 173
7 173
8 173
17 173
25 173
30 173
35 173
37 173
53 173
55 173
56 173
58 173
59 173
65 173
66 173
67 173
80 173
82 173
83 173
86 173
93 173
96 173
98 173
102 173
113 173
119 173
122 173
123 173
135 173
141 173
154 173
158 173
1 174
4 174
28 174
36 174
39 174
49 174
52 174
54 174
55 174
56 174
58 174
65 174
66 174
72 174
84 174
86 174
89 174
90 174
91 174
98 174
107 174
109 174
113 174
115 174
116 174
119 174
120 174
131 174
137 174
145 174
158 174
161 174
162 174
13 175
16 175
18 175
36 175
37 175
44 175
46 175
53 175
56 175
57 175
66 175
68 175
74 175
78 175
80 175
81 175
84 175
90 175
99 175
108 175
115 175
126 175
130 175
142 175
149 175
155 175
158 175
159 175
167 175
7 176
13 176
16 176
21 176
24 176
26 176
37 176
44 176
45 176
50 176
52 176
55 176
58 176
59 176
62 176
69 176
74 176
85 176
88 176
89 176
91 176
93 176
99 176
101 176
102 176
113 176
128 176
134 176
144 176
149 176
152 176
157 176
165 176
167 176
4 177
5 177
7 177
17 177
22 177
26 177
28 177
32 177
33 177
48 177
65 177
68 177
72 177
73 177
74 177
79 177
81 177
82 177
83 177
90 177
93 177
99 177
104 177
106 177
107 177
118 177
120 177
123 177
125 177
143 177
150 177
153 177
160 177
167 177
5 178
12 178
15 178
18 178
20 178
24 178
25 178
31 178
34 178
45 178
46 178
51 178
53 178
56 178
58 178
63 178
81 178
83 178
86 178
90 178
100 178
102 178
107 178
119 178
133 178
135 178
153 178
0 179
9 179
15 179
16 179
17 179
25 179
26 179
29 179
30 179
34 179
38 179
55 179
56 179
60 179
63 179
81 179
85 179
100 179
103 179
104 179
111 179
133 179
141 179
143 179
149 179
156 179
164 179
165 179
167 179
12 180
21 180
39 180
40 180
52 180
53 180
57 180
60 180
61 180
64 180
69 180
74 180
76 180
90 180
94 180
95 180
98 180
101 180
107 180
127 180
128 180
131 180
132 180
144 180
146 180
153 180
166 180
1 181
4 181
6 181
10 181
14 181
31 181
50 181
58 181
74 181
81 181
90 181
91 181
102 181
116 181
120 181
125 181
131 181
140 181
143 181
145 181
153 181
165 181
0 182
2 182
3 182
7 182
10 182
25 182
27 182
29 182
40 182
49 182
50 182
51 182
55 182
64 182
66 182
69 182
70 182
73 182
76 182
80 182
85 182
92 182
100 182
107 182
111 182
114 182
119 182
121 182
134 182
140 182
142 182
159 182
163 182
165 182
167 182
168 182
181 182
3 183
11 183
18 183
19 183
23 183
26 183
37 183
38 183
40 183
43 183
47 183
49 183
51 183
54 183
58 183
62 183
65 183
68 183
77 183
81 183
84 183
86 183
99 183
102 183
103 183
107 183
109 183
111 183
117 183
123 183
125 183
127 183
142 183
145 183
150 183
155 183
156 183
164 183
179 183
3 184
8 184
23 184
34 184
36 184
48 184
63 184
70 184
71 184
76 184
87 184
88 184
90 184
93 184
98 184
106 184
108 184
109 184
116 184
126 184
137 184
139 184
140 184
141 184
145 184
146 184
153 184
164 184
165 184
2 185
4 185
12 185
17 185
20 185
22 185
23 185
27 185
29 185
30 185
31 185
33 185
34 185
49 185
54 185
56 185
63 185
70 185
77 185
90 185
94 185
97 185
98 185
101 185
104 185
108 185
109 185
114 185
116 185
124 185
127 185
133 185
135 185
138 185
153 185
158 185
169 185
172 185
178 185
179 185
2 186
4 186
5 186
9 186
18 186
27 186
37 186
38 186
41 186
43 186
54 186
62 186
64 186
82 186
87 186
91 186
102 186
113 186
131 186
134 186
142 186
147 186
156 186
160 186
4 187
10 187
12 187
24 187
25 187
29 187
50 187
51 187
68 187
70 187
71 187
76 187
79 187
81 187
97 187
106 187
108 187
114 187
116 187
122 187
124 187
125 187
131 187
135 187
142 187
149 187
155 187
157 187
170 187
178 187
7 188
10 188
17 188
22 188
23 188
30 188
31 188
36 188
38 188
40 188
46 188
56 188
59 188
60 188
71 188
72 188
76 188
81 188
90 188
95 188
100 188
101 188
105 188
110 188
111 188
113 188
117 188
136 188
154 188
158 188
163 188
164 188
168 188
169 188
173 188
179 188
14 189
15 189
31 189
32 189
33 189
36 189
40 189
42 189
55 189
60 189
63 189
64 189
67 189
76 189
81 189
84 189
93 189
102 189
134 189
138 189
139 189
163 189
166 189
0 190
11 190
13 190
16 190
25 190
27 190
40 190
48 190
49 190
54 190
55 190
60 190
67 190
68 190
76 190
91 190
102 190
105 190
108 190
109 190
115 190
118 190
120 190
121 190
124 190
125 190
126 190
136 190
139 190
150 190
151 190
152 190
160 190
180 190
15 191
21 191
23 191
38 191
41 191
47 191
49 191
56 191
61 191
68 191
70 191
77 191
81 191
87 191
89 191
98 191
99 191
100 191
106 191
107 191
110 191
120 191
122 191
123 191
138 191
140 191
152 191
161 191
166 191
171 191
174 191
179 191
2 192
10 192
14 192
21 192
22 192
28 192
31 192
64 192
76 192
78 192
92 192
93 192
100 192
124 192
125 192
133 192
135 192
138 192
139 192
140 192
145 192
148 192
150 192
154 192
174 192
175 192
176 192
179 192
182 192
184 192
7 193
13 193
16 193
21 193
24 193
45 193
59 193
60 193
62 193
65 193
72 193
77 193
78 193
79 193
87 193
89 193
99 193
102 193
104 193
110 193
113 193
121 193
124 193
125 193
131 193
141 193
147 193
155 193
160 193
169 193
172 193
176 193
177 193
182 193
187 193
1 194
4 194
9 194
23 194
27 194
29 194
32 194
33 194
34 194
35 194
36 194
41 194
43 194
60 194
62 194
65 194
71 194
74 194
76 194
82 194
95 194
96 194
99 194
106 194
116 194
126 194
130 194
131 194
132 194
135 194
137 194
139 194
145 194
148 194
150 194
156 194
159 194
167 194
172 194
179 194
182 194
183 194
184 194
188 194
1 195
6 195
8 195
11 195
18 195
25 195
26 195
27 195
29 195
35 195
36 195
44 195
51 195
56 195
63 195
65 195
71 195
80 195
81 195
99 195
105 195
106 195
113 195
119 195
130 195
142 195
143 195
157 195
166 195
177 195
181 195
4 196
7 196
11 196
18 196
21 196
35 196
38 196
40 196
52 196
55 196
58 196
77 196
81 196
93 196
96 196
97 196
102 196
112 196
114 196
115 196
116 196
120 196
127 196
131 196
133 196
134 196
136 196
139 196
143 196
151 196
157 196
159 196
168 196
170 196
172 196
178 196
179 196
185 196
187 196
190 196
0 197
1 197
26 197
31 197
32 197
33 197
36 197
43 197
48 197
60 197
61 197
72 197
78 197
87 197
90 197
96 197
98 197
100 197
106 197
111 197
113 197
114 197
119 197
120 197
136 197
146 197
170 197
172 197
173 197
178 197
181 197
4 198
6 198
11 198
14 198
15 198
24 198
32 198
36 198
37 198
54 198
56 198
61 198
74 198
79 198
86 198
90 198
92 198
93 198
96 198
107 198
112 198
123 198
129 198
134 198
138 198
143 198
147 198
149 198
150 198
151 198
156 198
159 198
167 198
168 198
172 198
173 198
180 198
186 198
190 198
10 199
12 199
14 199
19 199
20 199
61 199
64 199
67 199
68 199
72 199
75 199
80 199
83 199
88 199
96 199
97 199
104 199
109 199
117 199
120 199
124 199
133 199
134 199
136 199
143 199
153 199
157 199
158 199
162 199
164 199
171 199
174 199
178 199
180 199
181 199
182 199
0 200
11 200
12 200
14 200
16 200
23 200
28 200
40 200
41 200
54 200
59 200
71 200
82 200
85 200
89 200
106 200
107 200
110 200
113 200
123 200
128 200
129 200
132 200
147 200
148 200
152 200
156 200
157 200
168 200
172 200
181 200
185 200
187 200
190 200
10 201
11 201
15 201
20 201
27 201
28 201
31 201
55 201
64 201
73 201
76 201
79 201
80 201
84 201
92 201
93 201
97 201
101 201
104 201
120 201
122 201
123 201
126 201
127 201
135 201
136 201
144 201
151 201
155 201
172 201
183 201
0 202
7 202
19 202
22 202
26 202
28 202
30 202
32 202
38 202
43 202
44 202
55 202
60 202
68 202
70 202
73 202
90 202
94 202
96 202
98 202
115 202
116 202
125 202
132 202
133 202
135 202
138 202
146 202
147 202
149 202
152 202
154 202
155 202
165 202
169 202
170 202
175 202
176 202
180 202
181 202
184 202
186 202
189 202
190 202
191 202
3 203
4 203
13 203
20 203
24 203
25 203
27 203
32 203
38 203
43 203
67 203
68 203
69 203
70 203
73 203
77 203
82 203
88 203
92 203
94 203
95 203
96 203
100 203
105 203
117 203
119 203
127 203
143 203
148 203
152 203
157 203
162 203
163 203
178 203
182 203
185 203
0 204
2 204
4 204
6 204
9 204
10 204
18 204
19 204
20 204
26 204
27 204
28 204
33 204
40 204
44 204
47 204
51 204
52 204
57 204
59 204
64 204
67 204
75 204
77 204
80 204
93 204
105 204
117 204
119 204
133 204
135 204
138 204
142 204
150 204
157 204
164 204
166 204
172 204
181 204
183 204
0 205
7 205
8 205
12 205
13 205
20 205
26 205
27 205
30 205
32 205
37 205
55 205
56 205
61 205
63 205
66 205
72 205
73 205
89 205
90 205
115 205
118 205
127 205
137 205
145 205
146 205
151 205
171 205
176 205
198 205
30 206
45 206
52 206
61 206
65 206
67 206
71 206
72 206
91 206
95 206
105 206
106 206
110 206
112 206
115 206
117 206
119 206
136 206
140 206
141 206
144 206
150 206
152 206
154 206
174 206
180 206
182 206
189 206
196 206
202 206
2 207
5 207
12 207
13 207
21 207
25 207
33 207
41 207
66 207
69 207
80 207
83 207
86 207
87 207
91 207
92 207
99 207
104 207
125 207
137 207
138 207
142 207
148 207
151 207
158 207
161 207
163 207
171 207
172 207
177 207
181 207
187 207
188 207
190 207
193 207
5 208
10 208
21 208
22 208
29 208
33 208
35 208
44 208
49 208
51 208
56 208
64 208
72 208
86 208
94 208
95 208
98 208
100 208
103 208
109 208
121 208
129 208
138 208
145 208
147 208
149 208
151 208
161 208
180 208
181 208
183 208
186 208
189 208
1 209
6 209
13 209
29 209
44 209
46 209
48 209
53 209
54 209
58 209
63 209
71 209
78 209
81 209
89 209
106 209
109 209
117 209
119 209
120 209
123 209
125 209
134 209
138 209
149 209
152 209
153 209
157 209
176 209
179 209
183 209
187 209
194 209
200 209
203 209
4 210
13 210
15 210
16 210
38 210
42 210
50 210
74 210
78 210
80 210
84 210
86 210
90 210
91 210
92 210
105 210
124 210
125 210
130 210
132 210
136 210
137 210
138 210
146 210
148 210
161 210
170 210
172 210
180 210
193 210
197 210
8 211
10 211
12 211
18 211
21 211
28 211
47 211
61 211
68 211
72 211
80 211
93 211
110 211
118 211
125 211
127 211
132 211
135 211
143 211
151 211
152 211
153 211
155 211
158 211
197 211
1 212
5 212
6 212
7 212
16 212
23 212
32 212
36 212
45 212
46 212
50 212
51 212
57 212
61 212
62 212
67 212
73 212
74 212
75 212
77 212
78 212
83 212
98 212
103 212
107 212
116 212
132 212
133 212
142 212
145 212
157 212
163 212
164 212
166 212
174 212
176 212
196 212
199 212
203 212
1 213
3 213
4 213
7 213
9 213
19 213
20 213
24 213
25 213
28 213
29 213
35 213
36 213
53 213
70 213
72 213
74 213
81 213
87 213
91 213
98 213
121 213
125 213
129 213
132 213
137 213
162 213
166 213
173 213
174 213
185 213
198 213
2 214
18 214
20 214
26 214
30 214
43 214
49 214
51 214
58 214
63 214
64 214
75 214
88 214
91 214
92 214
96 214
101 214
102 214
111 214
125 214
126 214
128 214
129 214
134 214
138 214
151 214
154 214
162 214
166 214
169 214
176 214
186 214
190 214
201 214
203 214
204 214
208 214
213 214
4 215
6 215
9 215
10 215
23 215
24 215
28 215
35 215
47 215
59 215
60 215
66 215
67 215
69 215
70 215
75 215
77 215
78 215
79 215
80 215
83 215
103 215
108 215
111 215
112 215
125 215
127 215
133 215
135 215
141 215
143 215
146 215
148 215
152 215
157 215
162 215
165 215
168 215
171 215
176 215
177 215
181 215
197 215
199 215
203 215
204 215
207 215
211 215
213 215
7 216
11 216
12 216
14 216
19 216
20 216
34 216
37 216
41 216
67 216
69 216
83 216
84 216
92 216
99 216
100 216
106 216
107 216
111 216
116 216
121 216
130 216
139 216
142 216
149 216
153 216
164 216
167 216
191 216
193 216
195 216
202 216
203 216
206 216
208 216
0 217
2 217
3 217
10 217
17 217
20 217
24 217
32 217
33 217
34 217
37 217
38 217
44 217
50 217
53 217
63 217
67 217
68 217
74 217
77 217
81 217
88 217
89 217
90 217
97 217
100 217
111 217
115 217
124 217
130 217
139 217
149 217
153 217
156 217
157 217
158 217
166 217
167 217
168 217
175 217
178 217
181 217
191 217
194 217
195 217
204 217
207 217
211 217
213 217
0 218
2 218
3 218
10 218
17 218
27 218
34 218
39 218
43 218
67 218
68 218
70 218
71 218
72 218
83 218
90 218
91 218
93 218
96 218
100 218
102 218
104 218
105 218
108 218
118 218
121 218
125 218
133 218
138 218
140 218
162 218
167 218
174 218
187 218
198 218
199 218
0 219
3 219
9 219
10 219
15 219
23 219
29 219
30 219
41 219
44 219
53 219
60 219
63 219
65 219
67 219
71 219
79 219
85 219
94 219
107 219
110 219
118 219
119 219
122 219
132 219
141 219
156 219
159 219
162 219
170 219
179 219
185 219
192 219
198 219
205 219
206 219
4 220
5 220
9 220
17 220
19 220
21 220
25 220
37 220
38 220
41 220
43 220
47 220
49 220
68 220
75 220
77 220
79 220
81 220
93 220
94 220
98 220
99 220
101 220
103 220
107 220
110 220
111 220
115 220
124 220
127 220
129 220
153 220
155 220
157 220
160 220
161 220
171 220
182 220
187 220
194 220
195 220
205 220
211 220
5 221
6 221
13 221
21 221
23 221
32 221
34 221
41 221
44 221
53 221
68 221
69 221
72 221
77 221
80 221
94 221
105 221
116 221
119 221
122 221
126 221
136 221
150 221
153 221
163 221
165 221
175 221
180 221
181 221
194 221
199 221
200 221
203 221
204 221
1 222
8 222
9 222
10 222
12 222
24 222
41 222
53 222
73 222
79 222
81 222
83 222
87 222
88 222
89 222
96 222
109 222
115 222
116 222
129 222
133 222
135 222
136 222
138 222
139 222
140 222
146 222
155 222
156 222
160 222
172 222
180 222
182 222
184 222
186 222
197 222
201 222
202 222
204 222
211 222
213 222
1 223
3 223
7 223
14 223
23 223
25 223
36 223
41 223
52 223
53 223
69 223
77 223
78 223
82 223
87 223
103 223
106 223
113 223
128 223
144 223
146 223
157 223
178 223
180 223
181 223
182 223
197 223
206 223
10 224
15 224
41 224
44 224
55 224
57 224
71 224
78 224
81 224
87 224
90 224
91 224
93 224
104 224
118 224
119 224
128 224
138 224
140 224
154 224
158 224
160 224
169 224
171 224
173 224
178 224
179 224
180 224
185 224
186 224
188 224
192 224
193 224
195 224
204 224
205 224
206 224
210 224
214 224
223 224
1 225
5 225
6 225
7 225
9 225
24 225
29 225
30 225
44 225
53 225
60 225
64 225
75 225
82 225
87 225
94 225
99 225
106 225
113 225
115 225
117 225
120 225
129 225
131 225
134 225
136 225
139 225
140 225
141 225
149 225
151 225
154 225
156 225
158 225
160 225
161 225
164 225
171 225
176 225
177 225
182 225
185 225
186 225
190 225
195 225
200 225
202 225
210 225
214 225
222 225
223 225
4 226
25 226
28 226
34 226
37 226
56 226
70 226
77 226
79 226
86 226
92 226
98 226
109 226
117 226
126 226
127 226
132 226
139 226
140 226
151 226
154 226
156 226
157 226
172 226
178 226
180 226
198 226
205 226
206 226
207 226
223 226
1 227
5 227
9 227
16 227
30 227
32 227
35 227
36 227
42 227
46 227
58 227
59 227
63 227
67 227
68 227
70 227
75 227
79 227
82 227
90 227
115 227
125 227
127 227
129 227
146 227
149 227
155 227
156 227
164 227
168 227
178 227
201 227
208 227
210 227
211 227
219 227
221 227
223 227
7 228
18 228
26 228
29 228
38 228
40 228
57 228
67 228
74 228
89 228
91 228
99 228
101 228
108 228
109 228
110 228
112 228
114 228
127 228
134 228
151 228
155 228
157 228
159 228
166 228
179 228
182 228
184 228
189 228
190 228
197 228
204 228
213 228
218 228
219 228
2 229
3 229
6 229
13 229
15 229
17 229
19 229
20 229
28 229
31 229
38 229
41 229
43 229
48 229
49 229
50 229
51 229
56 229
57 229
58 229
64 229
71 229
76 229
78 229
81 229
88 229
96 229
108 229
117 229
122 229
123 229
126 229
127 229
130 229
133 229
136 229
138 229
152 229
159 229
160 229
163 229
172 229
181 229
182 229
186 229
187 229
190 229
192 229
194 229
195 229
196 229
208 229
210 229
217 229
219 229
221 229
11 230
12 230
21 230
44 230
45 230
53 230
54 230
60 230
70 230
74 230
76 230
86 230
88 230
96 230
101 230
108 230
111 230
121 230
132 230
140 230
141 230
146 230
149 230
154 230
162 230
163 230
168 230
174 230
178 230
180 230
181 230
198 230
209 230
212 230
213 230
216 230
1 231
15 231
22 231
31 231
33 231
40 231
45 231
53 231
59 231
60 231
63 231
71 231
73 231
77 231
82 231
84 231
85 231
89 231
99 231
107 231
111 231
117 231
118 231
125 231
126 231
127 231
131 231
134 231
149 231
154 231
157 231
162 231
170 231
176 231
177 231
179 231
186 231
192 231
193 231
216 231
222 231
0 232
1 232
15 232
24 232
28 232
29 232
31 232
41 232
49 232
50 232
51 232
65 232
66 232
69 232
72 232
77 232
78 232
84 232
96 232
102 232
106 232
108 232
127 232
140 232
149 232
155 232
157 232
167 232
168 232
170 232
172 232
174 232
181 232
182 232
190 232
193 232
194 232
206 232
209 232
212 232
214 232
218 232
10 233
18 233
20 233
22 233
26 233
34 233
37 233
43 233
47 233
51 233
57 233
58 233
63 233
65 233
68 233
69 233
75 233
81 233
92 233
102 233
103 233
107 233
113 233
118 233
120 233
131 233
132 233
135 233
137 233
147 233
149 233
157 233
159 233
162 233
163 233
164 233
168 233
171 233
177 233
183 233
186 233
187 233
198 233
199 233
203 233
206 233
210 233
211 233
213 233
217 233
218 233
220 233
222 233
229 233
12 234
15 234
17 234
28 234
34 234
38 234
43 234
44 234
52 234
55 234
56 234
58 234
61 234
74 234
78 234
80 234
101 234
117 234
118 234
125 234
131 234
132 234
133 234
136 234
142 234
156 234
162 234
166 234
172 234
175 234
180 234
183 234
184 234
186 234
192 234
197 234
205 234
207 234
211 234
221 234
227 234
228 234
231 234
1 235
7 235
11 235
13 235
19 235
22 235
24 235
34 235
35 235
36 235
38 235
43 235
46 235
53 235
54 235
74 235
76 235
77 235
89 235
91 235
96 235
102 235
103 235
104 235
111 235
112 235
115 235
140 235
144 235
145 235
149 235
166 235
171 235
172 235
174 235
210 235
212 235
222 235
227 235
230 235
231 235
1 236
2 236
8 236
15 236
29 236
30 236
37 236
39 236
44 236
49 236
57 236
59 236
73 236
74 236
82 236
94 236
95 236
98 236
109 236
123 236
124 236
134 236
142 236
147 236
148 236
152 236
154 236
156 236
162 236
169 236
170 236
172 236
175 236
176 236
180 236
183 236
186 236
189 236
197 236
203 236
208 236
210 236
220 236
222 236
230 236
232 236
5 237
24 237
30 237
41 237
46 237
54 237
68 237
70 237
72 237
74 237
75 237
95 237
100 237
110 237
111 237
117 237
123 237
135 237
136 237
138 237
139 237
148 237
155 237
158 237
164 237
171 237
181 237
185 237
189 237
196 237
200 237
201 237
207 237
211 237
223 237
0 238
13 238
16 238
26 238
29 238
36 238
46 238
50 238
52 238
54 238
55 238
56 238
61 238
67 238
69 238
74 238
80 238
87 238
89 238
104 238
107 238
122 238
127 238
131 238
132 238
133 238
143 238
144 238
146 238
155 238
156 238
158 238
160 238
162 238
169 238
171 238
197 238
205 238
206 238
213 238
232 238
13 239
17 239
39 239
41 239
43 239
44 239
53 239
54 239
58 239
65 239
68 239
76 239
77 239
89 239
91 239
99 239
108 239
115 239
122 239
126 239
128 239
137 239
138 239
148 239
154 239
157 239
158 239
163 239
165 239
177 239
182 239
185 239
210 239
215 239
219 239
223 239
9 240
17 240
18 240
27 240
33 240
38 240
51 240
54 240
59 240
64 240
66 240
77 240
80 240
90 240
101 240
103 240
105 240
108 240
112 240
115 240
121 240
146 240
152 240
155 240
158 240
159 240
163 240
164 240
167 240
168 240
170 240
171 240
174 240
178 240
186 240
187 240
189 240
191 240
195 240
205 240
211 240
219 240
223 240
225 240
4 241
7 241
9 241
12 241
15 241
19 241
24 241
31 241
32 241
33 241
35 241
48 241
61 241
69 241
92 241
95 241
102 241
125 241
130 241
132 241
134 241
138 241
139 241
150 241
158 241
163 241
166 241
168 241
171 241
172 241
174 241
175 241
185 241
188 241
189 241
190 241
204 241
206 241
207 241
211 241
214 241
215 241
225 241
226 241
5 242
8 242
15 242
25 242
40 242
51 242
53 242
63 242
68 242
69 242
77 242
80 242
82 242
84 242
88 242
90 242
102 242
104 242
105 242
111 242
124 242
136 242
138 242
153 242
156 242
185 242
186 242
188 242
192 242
193 242
194 242
195 242
196 242
217 242
219 242
226 242
228 242
230 242
235 242
238 242
9 243
24 243
40 243
58 243
67 243
91 243
97 243
102 243
107 243
108 243
115 243
117 243
118 243
119 243
120 243
126 243
128 243
143 243
144 243
148 243
165 243
181 243
183 243
188 243
199 243
225 243
226 243
233 243
239 243
3 244
6 244
7 244
10 244
18 244
20 244
23 244
25 244
37 244
45 244
48 244
52 244
58 244
60 244
62 244
72 244
75 244
91 244
97 244
101 244
103 244
104 244
106 244
108 244
112 244
113 244
117 244
127 244
150 244
153 244
169 244
171 244
175 244
179 244
180 244
189 244
193 244
198 244
211 244
213 244
216 244
4 245
8 245
35 245
39 245
49 245
56 245
61 245
62 245
71 245
72 245
76 245
77 245
80 245
81 245
87 245
93 245
95 245
98 245
99 245
101 245
103 245
124 245
139 245
147 245
149 245
157 245
158 245
169 245
170 245
173 245
183 245
190 245
192 245
193 245
194 245
195 245
200 245
203 245
210 245
211 245
214 245
216 245
219 245
220 245
225 245
227 245
240 245
0 246
2 246
14 246
15 246
17 246
22 246
25 246
30 246
37 246
41 246
56 246
66 246
68 246
86 246
90 246
98 246
100 246
115 246
117 246
120 246
130 246
133 246
135 246
139 246
148 246
149 246
162 246
167 246
171 246
174 246
183 246
190 246
195 246
196 246
198 246
200 246
201 246
211 246
216 246
239 246
3 247
6 247
21 247
29 247
35 247
37 247
45 247
47 247
53 247
65 247
69 247
72 247
74 247
75 247
81 247
82 247
87 247
91 247
92 247
95 247
99 247
110 247
113 247
119 247
125 247
130 247
136 247
140 247
145 247
147 247
151 247
153 247
158 247
171 247
181 247
182 247
185 247
204 247
212 247
213 247
223 247
225 247
226 247
233 247
239 247
4 248
9 248
13 248
18 248
22 248
25 248
27 248
30 248
32 248
36 248
41 248
44 248
49 248
54 248
58 248
63 248
70 248
71 248
73 248
74 248
78 248
99 248
103 248
106 248
115 248
123 248
124 248
131 248
138 248
141 248
143 248
144 248
145 248
146 248
149 248
156 248
157 248
161 248
169 248
170 248
171 248
174 248
179 248
181 248
185 248
187 248
189 248
205 248
212 248
221 248
227 248
230 248
231 248
235 248
6 249
9 249
19 249
20 249
21 249
22 249
23 249
28 249
33 249
36 249
37 249
39 249
45 249
46 249
52 249
54 249
58 249
67 249
78 249
82 249
85 249
89 249
91 249
94 249
98 249
99 249
126 249
129 249
132 249
152 249
169 249
182 249
185 249
191 249
194 249
197 249
199 249
209 249
212 249
216 249
217 249
220 249
221 249
227 249
230 249
240 249
241 249
1 250
6 250
8 250
9 250
19 250
36 250
53 250
61 250
62 250
63 250
77 250
83 250
87 250
88 250
95 250
104 250
106 250
111 250
112 250
115 250
121 250
123 250
125 250
126 250
135 250
137 250
139 250
150 250
152 250
157 250
158 250
166 250
167 250
175 250
177 250
178 250
181 250
182 250
186 250
193 250
195 250
210 250
215 250
217 250
218 250
222 250
225 250
226 250
228 250
232 250
0 251
2 251
23 251
26 251
42 251
43 251
46 251
47 251
49 251
53 251
57 251
59 251
65 251
68 251
71 251
76 251
78 251
84 251
85 251
97 251
101 251
105 251
108 251
114 251
121 251
134 251
136 251
137 251
138 251
142 251
144 251
156 251
157 251
163 251
189 251
205 251
206 251
209 251
216 251
217 251
219 251
224 251
232 251
233 251
240 251
16 252
25 252
33 252
39 252
41 252
48 252
53 252
54 252
56 252
61 252
70 252
77 252
84 252
85 252
91 252
92 252
98 252
101 252
103 252
108 252
115 252
120 252
129 252
130 252
134 252
158 252
163 252
174 252
183 252
185 252
188 252
192 252
194 252
218 252
222 252
230 252
231 252
233 252
234 252
237 252
2 253
5 253
6 253
7 253
21 253
26 253
44 253
51 253
60 253
63 253
68 253
70 253
71 253
81 253
84 253
85 253
89 253
105 253
113 253
118 253
120 253
128 253
132 253
133 253
137 253
148 253
149 253
150 253
155 253
157 253
163 253
176 253
183 253
184 253
195 253
202 253
209 253
211 253
220 253
224 253
237 253
3 254
5 254
6 254
8 254
9 254
11 254
14 254
32 254
38 254
49 254
53 254
57 254
64 254
66 254
76 254
78 254
82 254
85 254
86 254
90 254
94 254
96 254
100 254
102 254
106 254
113 254
114 254
126 254
129 254
131 254
145 254
147 254
151 254
155 254
156 254
159 254
166 254
170 254
172 254
174 254
177 254
179 254
184 254
194 254
205 254
219 254
226 254
0 255
4 255
6 255
9 255
14 255
19 255
20 255
26 255
27 255
29 255
31 255
34 255
35 255
45 255
50 255
51 255
52 255
58 255
59 255
64 255
65 255
68 255
75 255
79 255
86 255
87 255
91 255
94 255
106 255
107 255
115 255
117 255
119 255
123 255
126 255
136 255
141 255
145 255
150 255
164 255
174 255
177 255
186 255
190 255
196 255
200 255
204 255
205 255
206 255
209 255
210 255
212 255
225 255
230 255
240 255
247 255
249 255
251 255
252 255
1 256
2 256
3 256
6 256
15 256
22 256
29 256
37 256
41 256
47 256
56 256
57 256
65 256
72 256
73 256
80 256
81 256
87 256
92 256
96 256
97 256
98 256
101 256
102 256
109 256
113 256
115 256
121 256
125 256
128 256
135 256
147 256
158 256
159 256
169 256
182 256
184 256
186 256
192 256
193 256
199 256
201 256
205 256
206 256
217 256
218 256
229 256
232 256
236 256
237 256
241 256
243 256
8 257
10 257
11 257
12 257
15 257
21 257
25 257
31 257
33 257
34 257
35 257
38 257
45 257
56 257
59 257
61 257
63 257
65 257
70 257
77 257
86 257
89 257
95 257
96 257
102 257
103 257
105 257
113 257
116 257
118 257
124 257
127 257
137 257
142 257
146 257
148 257
152 257
169 257
180 257
183 257
185 257
188 257
208 257
214 257
217 257
223 257
227 257
242 257
246 257
251 257
254 257
6 258
25 258
26 258
27 258
31 258
32 258
34 258
47 258
50 258
59 258
65 258
70 258
77 258
79 258
82 258
92 258
99 258
105 258
109 258
110 258
112 258
116 258
120 258
122 258
130 258
145 258
153 258
158 258
170 258
175 258
178 258
180 258
184 258
185 258
187 258
188 258
195 258
204 258
206 258
209 258
215 258
219 258
226 258
235 258
253 258
0 259
7 259
8 259
16 259
23 259
28 259
40 259
41 259
50 259
51 259
68 259
72 259
84 259
90 259
92 259
104 259
109 259
112 259
114 259
118 259
119 259
120 259
126 259
133 259
134 259
140 259
142 259
149 259
152 259
164 259
165 259
168 259
174 259
202 259
212 259
229 259
232 259
237 259
243 259
244 259
249 259
250 259
4 260
12 260
17 260
31 260
39 260
40 260
47 260
48 260
72 260
75 260
79 260
84 260
87 260
91 260
95 260
114 260
118 260
121 260
133 260
135 260
142 260
143 260
144 260
153 260
162 260
164 260
166 260
179 260
184 260
187 260
189 260
196 260
199 260
201 260
203 260
204 260
207 260
213 260
220 260
222 260
224 260
226 260
230 260
234 260
241 260
16 261
25 261
26 261
42 261
44 261
46 261
54 261
56 261
62 261
63 261
67 261
85 261
87 261
97 261
100 261
102 261
120 261
126 261
127 261
129 261
144 261
149 261
152 261
155 261
167 261
172 261
180 261
189 261
196 261
208 261
212 261
217 261
218 261
233 261
235 261
237 261
249 261
250 261
11 262
18 262
19 262
21 262
22 262
25 262
28 262
35 262
39 262
40 262
41 262
42 262
50 262
53 262
55 262
56 262
70 262
76 262
77 262
80 262
84 262
86 262
87 262
90 262
91 262
92 262
101 262
112 262
123 262
129 262
133 262
136 262
139 262
141 262
142 262
145 262
150 262
151 262
152 262
154 262
161 262
167 262
171 262
176 262
177 262
181 262
184 262
189 262
197 262
208 262
218 262
219 262
224 262
229 262
233 262
237 262
239 262
248 262
250 262
251 262
253 262
3 263
5 263
12 263
18 263
20 263
27 263
30 263
40 263
46 263
66 263
71 263
89 263
94 263
98 263
106 263
107 263
112 263
122 263
125 263
127 263
131 263
144 263
151 263
157 263
158 263
163 263
168 263
172 263
179 263
181 263
184 263
186 263
198 263
200 263
201 263
202 263
215 263
217 263
224 263
236 263
237 263
249 263
250 263
251 263
253 263
3 264
14 264
16 264
20 264
23 264
27 264
30 264
34 264
40 264
42 264
49 264
52 264
56 264
62 264
74 264
75 264
76 264
78 264
79 264
80 264
83 264
99 264
102 264
106 264
107 264
111 264
114 264
128 264
130 264
149 264
158 264
169 264
171 264
186 264
192 264
200 264
205 264
211 264
212 264
213 264
214 264
232 264
240 264
243 264
257 264
4 265
19 265
20 265
22 265
24 265
34 265
44 265
53 265
54 265
58 265
63 265
66 265
69 265
70 265
76 265
84 265
87 265
94 265
98 265
116 265
119 265
125 265
128 265
135 265
144 265
145 265
154 265
165 265
166 265
180 265
187 265
203 265
207 265
212 265
213 265
228 265
243 265
250 265
256 265
259 265
263 265
8 266
9 266
13 266
19 266
23 266
24 266
25 266
38 266
42 266
43 266
63 266
70 266
85 266
86 266
90 266
91 266
92 266
101 266
107 266
114 266
120 266
125 266
135 266
138 266
148 266
149 266
161 266
164 266
170 266
175 266
177 266
181 266
183 266
186 266
197 266
199 266
211 266
218 266
221 266
243 266
1 267
2 267
5 267
6 267
7 267
12 267
14 267
18 267
26 267
38 267
41 267
61 267
65 267
73 267
81 267
82 267
84 267
90 267
93 267
97 267
102 267
105 267
106 267
107 267
123 267
125 267
126 267
132 267
141 267
157 267
163 267
167 267
172 267
177 267
182 267
196 267
203 267
205 267
207 267
208 267
209 267
216 267
218 267
222 267
225 267
228 267
238 267
250 267
260 267
263 267
5 268
11 268
12 268
20 268
22 268
24 268
27 268
28 268
33 268
36 268
39 268
55 268
65 268
68 268
70 268
73 268
77 268
78 268
80 268
83 268
84 268
89 268
95 268
99 268
103 268
107 268
122 268
124 268
139 268
140 268
142 268
145 268
152 268
155 268
175 268
179 268
197 268
208 268
233 268
234 268
244 268
245 268
246 268
250 268
253 268
254 268
257 268
262 268
3 269
10 269
11 269
12 269
26 269
39 269
40 269
41 269
47 269
55 269
57 269
66 269
70 269
80 269
81 269
87 269
89 269
96 269
97 269
99 269
104 269
105 269
109 269
110 269
111 269
114 269
118 269
119 269
123 269
133 269
135 269
136 269
147 269
154 269
155 269
165 269
178 269
186 269
189 269
191 269
194 269
206 269
212 269
214 269
215 269
218 269
229 269
231 269
238 269
248 269
261 269
2 270
5 270
6 270
21 270
22 270
26 270
28 270
34 270
36 270
42 270
67 270
70 270
72 270
75 270
77 270
93 270
95 270
104 270
111 270
132 270
133 270
136 270
142 270
150 270
154 270
180 270
184 270
187 270
194 270
198 270
205 270
206 270
215 270
217 270
218 270
229 270
231 270
234 270
239 270
240 270
242 270
246 270
247 270
254 270
256 270
258 270
0 271
3 271
5 271
7 271
24 271
27 271
33 271
37 271
40 271
44 271
48 271
51 271
52 271
53 271
55 271
58 271
61 271
70 271
83 271
86 271
91 271
97 271
101 271
117 271
119 271
121 271
122 271
134 271
138 271
141 271
143 271
145 271
160 271
168 271
171 271
182 271
186 271
192 271
201 271
202 271
205 271
211 271
231 271
243 271
245 271
249 271
261 271
265 271
266 271
3 272
8 272
19 272
32 272
40 272
42 272
48 272
51 272
73 272
77 272
78 272
82 272
93 272
96 272
114 272
120 272
126 272
133 272
134 272
136 272
140 272
152 272
161 272
176 272
190 272
196 272
223 272
226 272
227 272
232 272
237 272
257 272
260 272
263 272
267 272
268 272
3 273
18 273
25 273
31 273
32 273
36 273
50 273
52 273
53 273
55 273
57 273
58 273
63 273
67 273
71 273
72 273
76 273
77 273
81 273
89 273
91 273
92 273
103 273
111 273
112 273
118 273
139 273
142 273
145 273
149 273
160 273
176 273
177 273
179 273
184 273
186 273
195 273
202 273
208 273
209 273
215 273
222 273
228 273
230 273
256 273
259 273
260 273
270 273
7 274
9 274
11 274
18 274
29 274
61 274
65 274
67 274
77 274
80 274
81 274
83 274
87 274
91 274
95 274
109 274
114 274
119 274
123 274
127 274
134 274
138 274
140 274
143 274
144 274
149 274
160 274
164 274
174 274
177 274
180 274
190 274
193 274
208 274
209 274
210 274
214 274
232 274
234 274
237 274
241 274
246 274
253 274
255 274
269 274
14 275
16 275
25 275
28 275
33 275
37 275
50 275
51 275
56 275
59 275
67 275
68 275
70 275
73 275
79 275
81 275
92 275
97 275
101 275
117 275
118 275
128 275
144 275
149 275
150 275
151 275
163 275
169 275
172 275
184 275
189 275
192 275
208 275
210 275
219 275
227 275
233 275
236 275
239 275
242 275
247 275
259 275
260 275
262 275
264 275
4 276
15 276
23 276
33 276
37 276
43 276
54 276
57 276
59 276
82 276
84 276
85 276
98 276
102 276
124 276
152 276
163 276
169 276
175 276
180 276
181 276
182 276
185 276
188 276
203 276
211 276
212 276
216 276
226 276
229 276
230 276
232 276
240 276
243 276
245 276
246 276
247 276
249 276
251 276
255 276
256 276
258 276
260 276
263 276
264 276
265 276
1 277
14 277
15 277
25 277
35 277
37 277
39 277
51 277
53 277
56 277
57 277
59 277
71 277
74 277
82 277
84 277
86 277
91 277
98 277
105 277
106 277
111 277
115 277
123 277
127 277
130 277
150 277
154 277
159 277
161 277
163 277
168 277
169 277
174 277
175 277
176 277
209 277
217 277
218 277
219 277
229 277
234 277
238 277
243 277
247 277
258 277
266 277
2 278
7 278
8 278
9 278
13 278
21 278
25 278
26 278
31 278
45 278
51 278
54 278
67 278
79 278
83 278
84 278
90 278
92 278
94 278
95 278
101 278
103 278
118 278
129 278
144 278
145 278
155 278
156 278
160 278
161 278
163 278
169 278
176 278
182 278
193 278
197 278
215 278
222 278
224 278
225 278
226 278
239 278
242 278
252 278
253 278
254 278
255 278
262 278
8 279
35 279
46 279
48 279
57 279
60 279
71 279
80 279
81 279
83 279
101 279
102 279
105 279
106 279
107 279
108 279
117 279
120 279
122 279
126 279
161 279
163 279
165 279
178 279
180 279
190 279
201 279
204 279
207 279
210 279
212 279
214 279
238 279
239 279
246 279
250 279
252 279
258 279
260 279
265 279
269 279
270 279
3 280
5 280
6 280
36 280
50 280
70 280
71 280
73 280
76 280
78 280
79 280
82 280
87 280
91 280
97 280
118 280
121 280
132 280
136 280
151 280
152 280
155 280
157 280
158 280
165 280
168 280
173 280
175 280
190 280
194 280
198 280
201 280
203 280
204 280
207 280
211 280
220 280
229 280
234 280
236 280
247 280
250 280
252 280
256 280
9 281
19 281
22 281
33 281
35 281
37 281
43 281
44 281
47 281
49 281
56 281
58 281
61 281
69 281
79 281
90 281
92 281
97 281
105 281
109 281
114 281
121 281
126 281
132 281
138 281
139 281
166 281
179 281
183 281
184 281
186 281
205 281
211 281
214 281
226 281
243 281
248 281
250 281
252 281
260 281
262 281
264 281
2 282
4 282
6 282
24 282
29 282
30 282
36 282
40 282
52 282
65 282
70 282
74 282
77 282
81 282
87 282
89 282
96 282
99 282
101 282
102 282
104 282
105 282
111 282
113 282
125 282
129 282
146 282
147 282
150 282
151 282
161 282
165 282
178 282
183 282
190 282
196 282
202 282
203 282
206 282
211 282
214 282
226 282
238 282
240 282
248 282
252 282
254 282
255 282
266 282
270 282
6 283
7 283
13 283
24 283
25 283
39 283
42 283
45 283
48 283
49 283
57 283
66 283
69 283
72 283
94 283
97 283
112 283
114 283
122 283
126 283
133 283
135 283
143 283
150 283
155 283
157 283
163 283
168 283
172 283
177 283
199 283
207 283
212 283
216 283
220 283
221 283
225 283
228 283
229 283
230 283
236 283
251 283
257 283
4 284
18 284
21 284
23 284
25 284
26 284
36 284
41 284
48 284
49 284
57 284
58 284
61 284
63 284
65 284
66 284
70 284
73 284
83 284
85 284
89 284
91 284
92 284
101 284
106 284
120 284
122 284
133 284
138 284
156 284
160 284
201 284
202 284
204 284
205 284
211 284
216 284
217 284
223 284
227 284
234 284
237 284
240 284
241 284
243 284
244 284
257 284
262 284
264 284
267 284
29 285
33 285
41 285
42 285
45 285
47 285
57 285
61 285
75 285
80 285
82 285
83 285
85 285
88 285
94 285
97 285
102 285
108 285
111 285
128 285
136 285
145 285
156 285
173 285
176 285
181 285
197 285
199 285
212 285
229 285
231 285
235 285
251 285
257 285
259 285
269 285
279 285
282 285
9 286
14 286
17 286
18 286
24 286
26 286
27 286
31 286
39 286
47 286
52 286
69 286
75 286
83 286
88 286
91 286
93 286
96 286
101 286
102 286
116 286
127 286
135 286
136 286
139 286
141 286
156 286
158 286
162 286
173 286
180 286
189 286
194 286
202 286
203 286
208 286
212 286
214 286
216 286
232 286
236 286
238 286
249 286
260 286
263 286
264 286
266 286
267 286
273 286
275 286
277 286
282 286
4 287
6 287
7 287
14 287
32 287
34 287
40 287
43 287
46 287
49 287
50 287
60 287
63 287
64 287
71 287
86 287
99 287
100 287
112 287
119 287
131 287
136 287
137 287
139 287
140 287
147 287
157 287
158 287
159 287
167 287
171 287
175 287
180 287
183 287
184 287
186 287
191 287
194 287
204 287
206 287
217 287
222 287
223 287
226 287
228 287
237 287
238 287
242 287
245 287
247 287
265 287
266 287
269 287
272 287
277 287
5 288
13 288
14 288
16 288
17 288
26 288
29 288
51 288
71 288
80 288
82 288
87 288
89 288
91 288
95 288
108 288
109 288
111 288
121 288
126 288
132 288
133 288
134 288
136 288
142 288
157 288
163 288
168 288
171 288
178 288
180 288
187 288
197 288
199 288
206 288
207 288
210 288
212 288
220 288
225 288
230 288
233 288
237 288
245 288
251 288
257 288
268 288
270 288
272 288
274 288
275 288
279 288
7 289
10 289
13 289
19 289
22 289
28 289
32 289
39 289
40 289
48 289
58 289
76 289
80 289
90 289
93 289
94 289
96 289
101 289
106 289
109 289
110 289
114 289
121 289
126 289
138 289
151 289
159 289
160 289
169 289
180 289
183 289
184 289
185 289
208 289
212 289
218 289
220 289
221 289
228 289
229 289
234 289
238 289
244 289
251 289
256 289
267 289
269 289
270 289
272 289
273 289
279 289
2 290
4 290
10 290
12 290
13 290
17 290
29 290
32 290
35 290
46 290
49 290
52 290
55 290
57 290
65 290
78 290
87 290
93 290
95 290
97 290
99 290
104 290
107 290
110 290
124 290
133 290
140 290
142 290
151 290
152 290
155 290
162 290
163 290
170 290
171 290
183 290
188 290
189 290
190 290
194 290
198 290
202 290
203 290
207 290
229 290
232 290
240 290
241 290
244 290
247 290
249 290
251 290
256 290
257 290
263 290
269 290
275 290
276 290
282 290
1 291
2 291
7 291
8 291
12 291
15 291
16 291
17 291
42 291
45 291
55 291
56 291
68 291
77 291
81 291
86 291
87 291
88 291
92 291
94 291
95 291
105 291
108 291
114 291
119 291
124 291
140 291
144 291
158 291
164 291
166 291
167 291
168 291
172 291
182 291
183 291
198 291
201 291
204 291
206 291
212 291
217 291
232 291
235 291
236 291
242 291
247 291
250 291
261 291
268 291
271 291
274 291
277 291
6 292
7 292
9 292
10 292
13 292
14 292
19 292
20 292
24 292
38 292
40 292
49 292
50 292
52 292
72 292
78 292
79 292
81 292
87 292
91 292
93 292
97 292
98 292
101 292
102 292
111 292
118 292
130 292
132 292
136 292
142 292
152 292
154 292
168 292
169 292
170 292
171 292
172 292
177 292
184 292
185 292
200 292
203 292
223 292
226 292
242 292
244 292
245 292
255 292
256 292
257 292
259 292
266 292
274 292
275 292
276 292
277 292
283 292
284 292
1 293
2 293
5 293
6 293
7 293
14 293
28 293
29 293
32 293
34 293
35 293
45 293
49 293
58 293
59 293
64 293
68 293
72 293
77 293
78 293
85 293
87 293
100 293
101 293
105 293
109 293
112 293
114 293
126 293
127 293
129 293
133 293
137 293
149 293
150 293
156 293
164 293
167 293
174 293
178 293
184 293
195 293
196 293
212 293
216 293
224 293
229 293
236 293
238 293
239 293
247 293
251 293
258 293
274 293
275 293
284 293
4 294
5 294
8 294
9 294
33 294
41 294
45 294
47 294
61 294
65 294
67 294
68 294
71 294
73 294
76 294
78 294
81 294
97 294
105 294
110 294
112 294
114 294
116 294
120 294
125 294
139 294
149 294
153 294
167 294
171 294
175 294
176 294
177 294
179 294
180 294
181 294
182 294
184 294
200 294
201 294
206 294
219 294
233 294
239 294
246 294
253 294
256 294
270 294
275 294
278 294
280 294
281 294
284 294
6 295
8 295
15 295
34 295
39 295
44 295
49 295
65 295
69 295
70 295
76 295
88 295
110 295
113 295
120 295
122 295
123 295
142 295
150 295
151 295
157 295
161 295
173 295
179 295
187 295
189 295
194 295
199 295
200 295
201 295
203 295
207 295
213 295
216 295
227 295
250 295
256 295
257 295
275 295
280 295
281 295
287 295
290 295
2 296
3 296
4 296
19 296
21 296
25 296
26 296
27 296
32 296
40 296
43 296
44 296
61 296
62 296
70 296
71 296
72 296
73 296
79 296
81 296
82 296
83 296
88 296
92 296
93 296
99 296
102 296
107 296
116 296
118 296
138 296
154 296
158 296
165 296
169 296
171 296
192 296
197 296
204 296
213 296
214 296
215 296
219 296
237 296
238 296
244 296
249 296
257 296
267 296
268 296
272 296
277 296
3 297
5 297
7 297
14 297
23 297
31 297
34 297
44 297
45 297
46 297
51 297
74 297
75 297
85 297
101 297
105 297
107 297
110 297
111 297
116 297
117 297
119 297
120 297
123 297
129 297
148 297
166 297
169 297
172 297
190 297
202 297
220 297
223 297
226 297
234 297
236 297
241 297
243 297
263 297
270 297
274 297
276 297
278 297
280 297
281 297
287 297
4 298
15 298
16 298
17 298
18 298
21 298
23 298
27 298
28 298
29 298
33 298
38 298
45 298
47 298
53 298
60 298
65 298
72 298
77 298
82 298
83 298
87 298
90 298
92 298
94 298
111 298
115 298
118 298
128 298
131 298
139 298
140 298
141 298
146 298
155 298
157 298
168 298
171 298
177 298
188 298
192 298
194 298
197 298
198 298
213 298
217 298
220 298
228 298
236 298
243 298
254 298
256 298
258 298
262 298
263 298
274 298
279 298
281 298
282 298
288 298
0 299
4 299
10 299
11 299
12 299
16 299
19 299
21 299
34 299
35 299
37 299
38 299
42 299
51 299
52 299
68 299
83 299
92 299
97 299
102 299
103 299
108 299
109 299
110 299
115 299
118 299
126 299
127 299
128 299
150 299
152 299
158 299
163 299
168 299
172 299
179 299
180 299
181 299
190 299
191 299
200 299
204 299
206 299
207 299
211 299
218 299
221 299
230 299
238 299
255 299
261 299
268 299
272 299
275 299
278 299
282 299
