300 5000 5
1 6 2 2 12 5 5 2 5 14 1 27 19 13 15 4 2 22 18 4 4 7 11 2 1 3 6 3 2 2 8 10 1 2 15 8 3 32 5 1 1 1 37 9 1 3 6 5 4 6 4 4 8 8 23 9 20 2 25 15 3 2 3 5 5 1 7 17 3 7 12 4 10 12 4 6 3 2 17 1 13 1 42 8 2 12 2 22 30 8 28 5 5 2 5 3 2 1 8 2 2 28 9 6 13 5 30 6 6 22 3 6 1 17 1 6 4 5 27 43 1 4 6 10 6 8 2 1 9 7 3 1 7 1 4 2 9 10 3 30 1 18 19 7 20 9 2 8 7 6 1 3 13 1 1 4 2 3 3 3 14 4 3 1 1 2 8 1 1 15 1 3 12 13 2 5 7 1 7 1 8 1 3 1 9 5 13 6 11 19 17 7 3 14 7 23 4 2 4 1 5 11 3 31 3 5 3 3 18 1 12 15 2 5 10 8 3 8 24 12 17 7 4 3 5 6 6 1 5 10 7 1 1 5 1 4 8 4 1 4 4 10 1 8 6 3 4 1 4 21 55 17 3 5 5 4 1 1 2 24 11 8 10 1 16 2 9 1 7 6 1 3 26 27 4 10 8 3 3 5 7 1 23 7 11 10 3 5 1 7 2 1 6 5 8 1 1 2 8 1
2 11
4 11
9 11
10 11
2 12
7 12
0 13
9 13
2 14
9 15
9 16
10 16
3 17
7 17
5 18
8 19
9 19
1 20
2 20
8 20
1 21
0 23
1 24
3 24
9 24
12 24
20 24
23 24
1 25
3 25
14 25
20 25
8 26
9 26
23 26
1 27
8 27
18 27
11 28
20 28
0 29
13 29
14 29
20 29
23 29
0 30
1 30
7 30
11 30
12 30
18 30
20 30
6 31
4 32
27 32
29 32
30 32
11 33
0 34
1 34
15 34
18 34
20 34
23 34
24 34
12 35
17 35
24 35
0 36
11 36
13 36
15 37
20 37
21 37
28 37
15 38
23 38
3 39
8 39
10 39
16 40
25 40
30 40
37 41
17 42
22 42
8 43
31 43
1 44
2 44
13 44
23 44
26 44
28 44
29 44
37 44
38 44
1 45
6 45
15 45
21 45
27 45
34 45
9 46
18 46
20 46
34 46
37 46
9 47
17 47
24 47
5 48
8 48
6 49
16 49
17 49
22 49
28 49
30 49
47 49
2 50
7 50
13 50
23 50
38 50
40 50
6 51
29 51
30 51
34 51
35 51
37 51
22 52
23 52
25 52
30 52
5 53
9 53
17 53
22 53
38 53
39 53
17 54
20 54
33 54
34 54
46 54
47 54
9 55
24 55
37 55
39 55
44 55
47 55
3 56
5 56
7 56
8 56
13 56
35 56
46 56
16 57
39 57
41 57
2 58
11 58
21 58
29 58
31 58
38 58
50 58
15 59
16 59
19 59
31 59
40 59
46 59
22 60
30 60
54 60
9 61
22 61
25 61
26 61
41 61
45 61
51 61
54 61
1 62
18 62
41 62
55 62
56 62
0 63
25 63
29 63
30 63
50 63
53 63
4 64
45 64
48 64
3 65
25 65
37 65
53 65
56 65
5 66
6 66
20 66
32 66
53 66
12 67
22 67
24 67
32 67
45 67
57 67
3 68
32 68
38 68
54 68
56 68
3 69
22 69
53 69
57 69
62 69
63 69
67 69
68 69
0 70
8 70
11 70
14 70
41 70
44 70
46 70
11 71
13 71
25 71
26 71
38 71
44 71
68 71
15 72
48 72
60 72
63 72
65 72
14 73
40 73
48 73
54 73
10 74
19 74
39 74
42 74
46 74
47 74
65 74
10 75
19 75
24 75
29 75
46 75
60 75
0 76
5 76
7 76
21 76
32 76
48 76
49 76
32 77
47 77
52 77
60 77
61 77
65 77
5 78
7 78
9 78
25 78
31 78
36 78
38 78
62 78
63 78
65 78
66 78
69 78
77 78
3 79
10 79
16 79
25 79
37 79
39 79
72 79
10 80
23 80
41 80
43 80
48 80
71 80
74 80
77 80
2 81
15 81
23 81
24 81
33 81
41 81
43 81
45 81
51 81
62 81
63 81
74 81
8 82
33 82
37 82
54 82
56 82
65 82
75 82
76 82
77 82
6 83
21 83
26 83
27 83
28 83
32 83
40 83
41 83
46 83
57 83
67 83
8 84
9 84
10 84
12 84
24 84
26 84
27 84
29 84
40 84
42 84
62 84
68 84
74 84
76 84
20 85
28 85
36 85
40 85
41 85
53 85
57 85
67 85
4 86
20 86
21 86
22 86
24 86
43 86
44 86
68 86
0 87
17 87
23 87
28 87
47 87
49 87
51 87
72 87
77 87
80 87
3 88
6 88
15 88
23 88
46 88
50 88
66 88
77 88
78 88
5 89
16 89
26 89
33 89
45 89
53 89
64 89
76 89
0 90
25 90
27 90
30 90
33 90
37 90
41 90
51 90
63 90
67 90
0 91
32 91
38 91
40 91
47 91
54 91
57 91
59 91
64 91
66 91
70 91
74 91
75 91
82 91
83 91
12 92
27 92
29 92
38 92
56 92
63 92
68 92
73 92
79 92
82 92
1 93
7 93
9 93
26 93
34 93
43 93
48 93
55 93
60 93
4 94
5 94
8 94
22 94
23 94
57 94
61 94
71 94
0 95
10 95
19 95
20 95
21 95
43 95
57 95
62 95
63 95
68 95
78 95
83 95
22 96
31 96
37 96
44 96
50 96
54 96
64 96
70 96
76 96
85 96
4 97
22 97
35 97
42 97
48 97
60 97
62 97
65 97
66 97
4 98
6 98
10 98
20 98
31 98
33 98
34 98
52 98
55 98
79 98
82 98
10 99
40 99
41 99
72 99
1 100
2 100
6 100
12 100
15 100
25 100
26 100
27 100
43 100
46 100
58 100
82 100
96 100
97 100
0 101
13 101
45 101
50 101
57 101
63 101
88 101
6 102
21 102
33 102
63 102
65 102
75 102
84 102
97 102
4 103
7 103
8 103
10 103
20 103
21 103
33 103
42 103
46 103
49 103
57 103
58 103
67 103
68 103
75 103
87 103
92 103
95 103
11 104
22 104
23 104
45 104
50 104
54 104
60 104
67 104
6 105
11 105
23 105
30 105
31 105
32 105
39 105
44 105
47 105
48 105
53 105
60 105
66 105
73 105
1 106
4 106
7 106
14 106
15 106
20 106
25 106
45 106
57 106
62 106
65 106
69 106
78 106
85 106
86 106
92 106
1 107
4 107
5 107
9 107
10 107
16 107
23 107
24 107
25 107
30 107
32 107
33 107
38 107
41 107
43 107
59 107
92 107
93 107
98 107
5 108
21 108
29 108
45 108
53 108
65 108
67 108
84 108
93 108
96 108
97 108
1 109
4 109
21 109
28 109
30 109
47 109
48 109
87 109
101 109
108 109
25 110
42 110
65 110
70 110
71 110
79 110
82 110
84 110
93 110
0 111
7 111
24 111
31 111
32 111
33 111
39 111
43 111
63 111
86 111
91 111
95 111
97 111
0 112
18 112
20 112
24 112
48 112
55 112
58 112
66 112
77 112
80 112
84 112
97 112
102 112
105 112
106 112
2 113
5 113
7 113
38 113
90 113
91 113
98 113
14 114
15 114
19 114
20 114
37 114
46 114
55 114
56 114
65 114
70 114
76 114
85 114
86 114
98 114
101 114
0 115
17 115
19 115
23 115
25 115
31 115
48 115
49 115
76 115
83 115
87 115
96 115
99 115
106 115
108 115
6 116
9 116
28 116
39 116
40 116
60 116
61 116
72 116
86 116
108 116
16 117
39 117
41 117
53 117
54 117
62 117
66 117
85 117
96 117
104 117
8 118
9 118
10 118
46 118
59 118
64 118
66 118
69 118
80 118
86 118
94 118
98 118
112 118
115 118
4 119
8 119
15 119
19 119
26 119
29 119
31 119
32 119
47 119
49 119
55 119
58 119
59 119
72 119
83 119
94 119
98 119
1 120
3 120
13 120
16 120
26 120
33 120
41 120
47 120
55 120
67 120
71 120
82 120
103 120
111 120
112 120
115 120
0 121
2 121
11 121
24 121
54 121
90 121
91 121
103 121
115 121
4 122
24 122
31 122
41 122
44 122
65 122
66 122
67 122
94 122
96 122
105 122
115 122
0 123
1 123
4 123
45 123
53 123
55 123
16 124
30 124
36 124
37 124
52 124
56 124
61 124
71 124
79 124
86 124
103 124
105 124
13 125
29 125
39 125
44 125
54 125
56 125
57 125
76 125
80 125
81 125
94 125
97 125
98 125
101 125
104 125
111 125
2 126
24 126
49 126
52 126
80 126
87 126
93 126
104 126
111 126
115 126
4 127
5 127
16 127
25 127
33 127
34 127
43 127
58 127
75 127
76 127
92 127
94 127
106 127
109 127
1 128
12 128
22 128
48 128
51 128
53 128
57 128
62 128
64 128
82 128
83 128
97 128
114 128
0 129
3 129
5 129
22 129
41 129
50 129
52 129
60 129
73 129
79 129
107 129
110 129
116 129
117 129
124 129
4 130
12 130
22 130
24 130
27 130
34 130
36 130
62 130
64 130
68 130
76 130
79 130
82 130
84 130
87 130
94 130
100 130
103 130
8 131
11 131
13 131
48 131
63 131
89 131
92 131
96 131
97 131
111 131
123 131
0 132
14 132
16 132
18 132
28 132
38 132
41 132
44 132
46 132
69 132
82 132
125 132
127 132
5 133
23 133
29 133
38 133
47 133
52 133
55 133
57 133
68 133
0 134
8 134
20 134
42 134
49 134
58 134
66 134
69 134
70 134
85 134
108 134
120 134
126 134
127 134
6 135
15 135
17 135
27 135
33 135
47 135
53 135
54 135
59 135
72 135
73 135
98 135
104 135
118 135
124 135
128 135
14 136
23 136
26 136
28 136
43 136
46 136
52 136
57 136
71 136
73 136
78 136
92 136
103 136
104 136
106 136
110 136
9 137
12 137
15 137
18 137
22 137
29 137
30 137
41 137
57 137
60 137
76 137
81 137
103 137
24 138
27 138
28 138
34 138
42 138
51 138
52 138
57 138
62 138
67 138
78 138
89 138
91 138
112 138
137 138
14 139
16 139
18 139
21 139
27 139
28 139
34 139
37 139
41 139
64 139
76 139
113 139
127 139
128 139
132 139
135 139
136 139
137 139
3 140
11 140
13 140
15 140
27 140
38 140
47 140
53 140
60 140
65 140
86 140
103 140
107 140
108 140
114 140
123 140
125 140
1 141
8 141
10 141
12 141
26 141
30 141
33 141
39 141
40 141
69 141
73 141
74 141
112 141
113 141
117 141
119 141
121 141
0 142
14 142
16 142
17 142
21 142
29 142
30 142
36 142
38 142
40 142
43 142
46 142
54 142
55 142
56 142
62 142
80 142
99 142
106 142
124 142
129 142
137 142
11 143
16 143
47 143
53 143
65 143
67 143
81 143
82 143
94 143
107 143
108 143
113 143
17 144
23 144
33 144
39 144
43 144
45 144
48 144
50 144
56 144
65 144
72 144
86 144
105 144
109 144
125 144
1 145
11 145
14 145
32 145
33 145
36 145
39 145
49 145
52 145
61 145
63 145
78 145
88 145
95 145
100 145
103 145
108 145
110 145
112 145
117 145
123 145
131 145
16 146
29 146
34 146
47 146
49 146
52 146
63 146
71 146
81 146
87 146
92 146
93 146
94 146
96 146
103 146
105 146
110 146
126 146
128 146
3 147
10 147
18 147
26 147
60 147
62 147
74 147
88 147
94 147
95 147
103 147
105 147
114 147
18 148
20 148
40 148
41 148
46 148
53 148
68 148
70 148
73 148
76 148
80 148
89 148
94 148
124 148
126 148
131 148
6 149
7 149
12 149
22 149
25 149
27 149
45 149
55 149
62 149
78 149
86 149
95 149
96 149
97 149
102 149
114 149
124 149
13 150
24 150
25 150
35 150
37 150
39 150
49 150
53 150
69 150
72 150
74 150
77 150
82 150
95 150
96 150
112 150
113 150
115 150
120 150
121 150
135 150
145 150
6 151
13 151
31 151
70 151
122 151
134 151
0 152
2 152
10 152
12 152
24 152
25 152
28 152
29 152
33 152
39 152
95 152
106 152
110 152
113 152
123 152
130 152
6 153
23 153
37 153
41 153
42 153
55 153
79 153
86 153
91 153
108 153
111 153
116 153
119 153
146 153
8 154
30 154
32 154
40 154
46 154
55 154
61 154
82 154
96 154
112 154
113 154
116 154
124 154
138 154
141 154
143 154
19 155
21 155
28 155
34 155
39 155
48 155
64 155
71 155
78 155
80 155
81 155
85 155
86 155
88 155
90 155
101 155
104 155
122 155
124 155
133 155
141 155
144 155
147 155
9 156
10 156
22 156
23 156
26 156
31 156
32 156
37 156
43 156
55 156
57 156
59 156
60 156
62 156
73 156
78 156
83 156
89 156
93 156
102 156
125 156
134 156
135 156
139 156
6 157
14 157
26 157
29 157
31 157
43 157
51 157
57 157
59 157
62 157
65 157
73 157
86 157
96 157
123 157
134 157
140 157
0 158
9 158
13 158
18 158
47 158
55 158
58 158
61 158
70 158
73 158
79 158
83 158
91 158
101 158
108 158
111 158
113 158
143 158
144 158
145 158
14 159
16 159
36 159
63 159
65 159
71 159
88 159
89 159
102 159
103 159
108 159
122 159
125 159
129 159
131 159
133 159
137 159
141 159
1 160
3 160
13 160
28 160
32 160
37 160
41 160
43 160
53 160
60 160
66 160
67 160
71 160
72 160
79 160
87 160
93 160
95 160
111 160
112 160
115 160
119 160
122 160
133 160
10 161
11 161
16 161
30 161
35 161
38 161
39 161
45 161
51 161
60 161
62 161
65 161
69 161
77 161
92 161
95 161
105 161
107 161
108 161
116 161
128 161
137 161
153 161
156 161
2 162
13 162
26 162
42 162
48 162
49 162
53 162
67 162
69 162
72 162
129 162
138 162
139 162
144 162
148 162
158 162
4 163
5 163
15 163
20 163
26 163
30 163
39 163
40 163
58 163
85 163
88 163
99 163
113 163
116 163
120 163
122 163
123 163
129 163
136 163
137 163
140 163
146 163
150 163
159 163
14 164
21 164
27 164
31 164
38 164
43 164
47 164
55 164
62 164
64 164
68 164
71 164
102 164
105 164
107 164
123 164
138 164
159 164
2 165
13 165
20 165
35 165
40 165
41 165
42 165
49 165
59 165
67 165
82 165
94 165
132 165
0 166
5 166
8 166
17 166
28 166
32 166
35 166
37 166
55 166
63 166
70 166
77 166
86 166
87 166
98 166
108 166
113 166
115 166
118 166
121 166
123 166
147 166
150 166
154 166
36 167
37 167
39 167
87 167
93 167
100 167
103 167
115 167
118 167
123 167
135 167
139 167
140 167
147 167
148 167
156 167
2 168
17 168
26 168
66 168
70 168
76 168
95 168
136 168
154 168
155 168
9 169
10 169
22 169
24 169
51 169
56 169
62 169
86 169
91 169
98 169
105 169
108 169
110 169
114 169
126 169
133 169
139 169
153 169
155 169
3 170
7 170
8 170
16 170
17 170
37 170
44 170
47 170
66 170
100 170
118 170
123 170
124 170
139 170
147 170
155 170
156 170
158 170
0 171
9 171
11 171
14 171
29 171
30 171
56 171
60 171
72 171
100 171
105 171
108 171
111 171
143 171
149 171
151 171
0 172
15 172
23 172
44 172
45 172
50 172
54 172
60 172
67 172
69 172
77 172
88 172
93 172
122 172
128 172
144 172
147 172
150 172
159 172
161 172
7 173
13 173
15 173
33 173
39 173
41 173
57 173
67 173
70 173
72 173
93 173
101 173
113 173
132 173
134 173
146 173
150 173
161 173
3 174
9 174
19 174
31 174
33 174
34 174
68 174
72 174
83 174
95 174
97 174
99 174
106 174
116 174
119 174
124 174
126 174
128 174
136 174
137 174
143 174
147 174
158 174
166 174
168 174
169 174
4 175
10 175
24 175
30 175
33 175
48 175
63 175
65 175
75 175
79 175
80 175
92 175
93 175
94 175
95 175
99 175
124 175
126 175
128 175
142 175
150 175
156 175
160 175
161 175
162 175
163 175
3 176
11 176
26 176
36 176
38 176
60 176
67 176
78 176
91 176
99 176
102 176
114 176
122 176
132 176
134 176
138 176
153 176
155 176
166 176
1 177
5 177
15 177
17 177
19 177
34 177
37 177
57 177
68 177
74 177
77 177
99 177
100 177
106 177
107 177
112 177
126 177
132 177
134 177
137 177
169 177
5 178
16 178
29 178
33 178
36 178
56 178
71 178
73 178
92 178
93 178
98 178
105 178
110 178
122 178
130 178
141 178
145 178
165 178
168 178
173 178
177 178
3 179
13 179
15 179
29 179
30 179
38 179
48 179
65 179
78 179
85 179
90 179
94 179
95 179
97 179
102 179
112 179
113 179
117 179
135 179
159 179
169 179
14 180
22 180
31 180
44 180
45 180
62 180
66 180
76 180
78 180
105 180
107 180
113 180
118 180
137 180
148 180
14 181
39 181
44 181
61 181
83 181
107 181
122 181
162 181
170 181
7 182
27 182
33 182
55 182
60 182
72 182
81 182
113 182
122 182
132 182
135 182
172 182
19 183
30 183
57 183
59 183
61 183
62 183
77 183
86 183
105 183
112 183
116 183
124 183
139 183
154 183
170 183
174 183
1 184
3 184
6 184
14 184
19 184
29 184
36 184
37 184
46 184
66 184
69 184
78 184
121 184
131 184
147 184
175 184
15 185
32 185
60 185
61 185
62 185
70 185
75 185
82 185
86 185
89 185
101 185
108 185
111 185
117 185
121 185
123 185
127 185
128 185
130 185
133 185
152 185
154 185
155 185
157 185
173 185
174 185
4 186
13 186
18 186
28 186
29 186
56 186
57 186
69 186
75 186
92 186
98 186
105 186
129 186
141 186
155 186
157 186
159 186
5 187
13 187
42 187
47 187
51 187
53 187
63 187
67 187
89 187
92 187
93 187
98 187
104 187
110 187
126 187
136 187
140 187
145 187
149 187
156 187
158 187
165 187
12 188
26 188
37 188
43 188
46 188
63 188
77 188
107 188
109 188
114 188
119 188
120 188
122 188
140 188
146 188
149 188
157 188
167 188
1 189
8 189
15 189
26 189
36 189
59 189
72 189
85 189
90 189
98 189
99 189
102 189
115 189
145 189
148 189
149 189
150 189
1 190
5 190
8 190
14 190
21 190
24 190
43 190
56 190
90 190
94 190
107 190
116 190
119 190
126 190
147 190
152 190
157 190
177 190
5 191
8 191
30 191
32 191
40 191
49 191
74 191
80 191
89 191
92 191
95 191
98 191
103 191
108 191
111 191
117 191
138 191
153 191
165 191
173 191
174 191
176 191
177 191
187 191
3 192
7 192
10 192
11 192
36 192
39 192
40 192
48 192
59 192
91 192
96 192
97 192
101 192
108 192
110 192
116 192
146 192
178 192
185 192
188 192
33 193
46 193
47 193
68 193
80 193
83 193
102 193
132 193
140 193
150 193
158 193
175 193
1 194
2 194
41 194
42 194
58 194
62 194
66 194
72 194
87 194
88 194
108 194
111 194
119 194
128 194
151 194
156 194
160 194
174 194
178 194
183 194
4 195
6 195
22 195
25 195
26 195
29 195
41 195
44 195
56 195
60 195
66 195
67 195
72 195
76 195
82 195
104 195
107 195
116 195
123 195
154 195
166 195
180 195
186 195
189 195
8 196
12 196
17 196
29 196
37 196
39 196
41 196
44 196
61 196
80 196
89 196
103 196
106 196
111 196
121 196
126 196
141 196
147 196
164 196
165 196
171 196
16 197
18 197
19 197
24 197
35 197
40 197
53 197
54 197
61 197
69 197
81 197
86 197
102 197
136 197
140 197
142 197
152 197
163 197
164 197
171 197
181 197
183 197
184 197
6 198
24 198
31 198
43 198
49 198
52 198
53 198
54 198
55 198
74 198
77 198
78 198
82 198
87 198
91 198
95 198
101 198
102 198
107 198
116 198
121 198
126 198
133 198
134 198
157 198
170 198
183 198
11 199
15 199
22 199
28 199
38 199
41 199
51 199
52 199
57 199
61 199
62 199
73 199
83 199
96 199
102 199
111 199
113 199
116 199
123 199
130 199
134 199
140 199
144 199
159 199
164 199
170 199
182 199
188 199
3 200
4 200
5 200
9 200
13 200
14 200
35 200
40 200
41 200
44 200
50 200
52 200
54 200
67 200
70 200
80 200
81 200
84 200
91 200
126 200
134 200
138 200
140 200
142 200
177 200
179 200
198 200
14 201
36 201
49 201
61 201
81 201
128 201
145 201
149 201
150 201
171 201
175 201
176 201
177 201
181 201
184 201
190 201
197 201
9 202
10 202
26 202
38 202
59 202
62 202
125 202
131 202
142 202
157 202
159 202
160 202
162 202
165 202
1 203
24 203
35 203
39 203
47 203
48 203
52 203
57 203
66 203
77 203
78 203
90 203
96 203
109 203
122 203
131 203
137 203
138 203
149 203
150 203
158 203
159 203
163 203
167 203
178 203
188 203
11 204
26 204
47 204
71 204
79 204
95 204
119 204
128 204
134 204
146 204
150 204
159 204
163 204
179 204
183 204
195 204
6 205
28 205
30 205
51 205
58 205
77 205
79 205
84 205
101 205
103 205
104 205
107 205
108 205
126 205
141 205
145 205
148 205
152 205
157 205
166 205
1 206
4 206
23 206
36 206
41 206
47 206
54 206
62 206
70 206
76 206
84 206
90 206
99 206
123 206
130 206
133 206
144 206
149 206
151 206
155 206
162 206
182 206
194 206
197 206
0 207
8 207
15 207
20 207
31 207
35 207
42 207
51 207
52 207
53 207
56 207
57 207
71 207
75 207
82 207
83 207
86 207
93 207
112 207
126 207
127 207
137 207
138 207
154 207
159 207
162 207
166 207
170 207
175 207
181 207
192 207
194 207
196 207
0 208
6 208
25 208
26 208
54 208
56 208
71 208
83 208
104 208
151 208
159 208
162 208
163 208
175 208
176 208
192 208
193 208
199 208
201 208
19 209
30 209
37 209
39 209
42 209
51 209
52 209
71 209
74 209
75 209
85 209
89 209
92 209
122 209
123 209
125 209
126 209
128 209
158 209
166 209
192 209
193 209
196 209
198 209
200 209
201 209
203 209
16 210
31 210
42 210
49 210
56 210
57 210
61 210
85 210
98 210
101 210
106 210
107 210
108 210
109 210
119 210
124 210
127 210
133 210
135 210
146 210
155 210
164 210
183 210
189 210
195 210
199 210
200 210
4 211
14 211
26 211
29 211
35 211
39 211
41 211
45 211
47 211
61 211
63 211
76 211
113 211
114 211
118 211
128 211
138 211
142 211
147 211
149 211
160 211
161 211
164 211
186 211
197 211
201 211
204 211
205 211
9 212
21 212
22 212
27 212
39 212
78 212
87 212
99 212
103 212
113 212
121 212
132 212
146 212
181 212
187 212
198 212
204 212
22 213
34 213
35 213
50 213
52 213
96 213
101 213
102 213
114 213
115 213
129 213
141 213
146 213
150 213
152 213
153 213
163 213
167 213
169 213
183 213
186 213
195 213
0 214
13 214
33 214
59 214
65 214
67 214
79 214
82 214
83 214
85 214
105 214
125 214
151 214
152 214
157 214
158 214
161 214
163 214
168 214
171 214
197 214
203 214
1 215
13 215
17 215
53 215
55 215
61 215
69 215
74 215
75 215
97 215
100 215
101 215
103 215
106 215
109 215
115 215
117 215
140 215
145 215
146 215
163 215
171 215
178 215
187 215
197 215
10 216
16 216
17 216
30 216
32 216
43 216
45 216
47 216
50 216
51 216
58 216
65 216
68 216
78 216
93 216
103 216
110 216
113 216
123 216
131 216
140 216
164 216
171 216
177 216
187 216
196 216
204 216
5 217
9 217
40 217
51 217
64 217
95 217
98 217
115 217
128 217
137 217
138 217
146 217
150 217
154 217
157 217
163 217
184 217
207 217
211 217
7 218
17 218
22 218
33 218
35 218
51 218
57 218
60 218
81 218
90 218
98 218
99 218
104 218
105 218
111 218
125 218
136 218
143 218
149 218
155 218
159 218
162 218
170 218
179 218
3 219
4 219
13 219
52 219
57 219
61 219
63 219
76 219
84 219
89 219
93 219
96 219
98 219
99 219
138 219
151 219
156 219
160 219
171 219
181 219
185 219
201 219
202 219
206 219
211 219
0 220
12 220
16 220
20 220
71 220
97 220
109 220
111 220
116 220
128 220
130 220
139 220
143 220
148 220
150 220
163 220
169 220
170 220
180 220
4 221
8 221
12 221
14 221
17 221
26 221
34 221
37 221
38 221
44 221
79 221
89 221
99 221
100 221
108 221
115 221
129 221
132 221
154 221
164 221
168 221
173 221
179 221
187 221
190 221
191 221
199 221
203 221
209 221
210 221
211 221
3 222
6 222
20 222
30 222
31 222
33 222
36 222
63 222
70 222
74 222
75 222
76 222
77 222
90 222
105 222
108 222
114 222
118 222
124 222
128 222
129 222
137 222
146 222
149 222
152 222
159 222
168 222
170 222
177 222
187 222
188 222
199 222
202 222
205 222
207 222
209 222
1 223
17 223
21 223
26 223
43 223
55 223
57 223
61 223
64 223
73 223
101 223
104 223
109 223
124 223
147 223
148 223
155 223
172 223
176 223
185 223
195 223
0 224
7 224
10 224
22 224
23 224
34 224
57 224
59 224
62 224
94 224
109 224
114 224
124 224
144 224
155 224
168 224
171 224
172 224
173 224
178 224
180 224
193 224
195 224
197 224
10 225
20 225
21 225
29 225
45 225
58 225
65 225
74 225
101 225
108 225
119 225
135 225
143 225
145 225
149 225
150 225
156 225
160 225
164 225
180 225
188 225
199 225
202 225
13 226
14 226
22 226
23 226
26 226
37 226
43 226
48 226
52 226
75 226
87 226
91 226
108 226
120 226
124 226
131 226
136 226
138 226
144 226
151 226
179 226
182 226
184 226
195 226
209 226
216 226
17 227
56 227
64 227
71 227
73 227
74 227
89 227
94 227
95 227
104 227
105 227
122 227
130 227
134 227
135 227
144 227
153 227
155 227
156 227
159 227
172 227
175 227
185 227
187 227
199 227
213 227
215 227
221 227
222 227
15 228
36 228
38 228
47 228
49 228
65 228
75 228
78 228
85 228
87 228
89 228
93 228
108 228
119 228
122 228
130 228
132 228
137 228
149 228
158 228
161 228
165 228
176 228
177 228
185 228
189 228
196 228
218 228
219 228
226 228
6 229
30 229
31 229
32 229
49 229
55 229
58 229
67 229
68 229
71 229
78 229
85 229
86 229
122 229
127 229
130 229
132 229
152 229
156 229
160 229
171 229
177 229
184 229
189 229
226 229
3 230
8 230
17 230
33 230
45 230
48 230
52 230
54 230
67 230
68 230
91 230
97 230
102 230
112 230
122 230
125 230
134 230
143 230
154 230
161 230
171 230
176 230
215 230
225 230
3 231
9 231
11 231
16 231
17 231
20 231
23 231
30 231
37 231
62 231
64 231
67 231
72 231
79 231
81 231
104 231
107 231
108 231
112 231
114 231
116 231
137 231
145 231
158 231
170 231
171 231
182 231
193 231
197 231
199 231
203 231
214 231
0 232
20 232
40 232
42 232
51 232
54 232
61 232
90 232
93 232
98 232
102 232
105 232
126 232
129 232
131 232
156 232
161 232
171 232
174 232
185 232
186 232
187 232
196 232
221 232
222 232
16 233
19 233
22 233
33 233
43 233
51 233
65 233
79 233
80 233
87 233
98 233
111 233
113 233
115 233
118 233
125 233
135 233
146 233
155 233
163 233
166 233
175 233
178 233
184 233
193 233
197 233
210 233
218 233
226 233
12 234
14 234
36 234
44 234
55 234
57 234
69 234
85 234
95 234
98 234
104 234
112 234
115 234
119 234
136 234
141 234
142 234
146 234
163 234
167 234
172 234
181 234
192 234
195 234
206 234
213 234
219 234
226 234
4 235
12 235
13 235
16 235
17 235
31 235
53 235
58 235
74 235
76 235
90 235
92 235
98 235
103 235
106 235
113 235
115 235
118 235
124 235
125 235
133 235
136 235
173 235
178 235
182 235
186 235
224 235
227 235
10 236
11 236
14 236
21 236
32 236
44 236
45 236
53 236
78 236
84 236
102 236
124 236
133 236
140 236
149 236
174 236
180 236
182 236
186 236
202 236
206 236
219 236
229 236
0 237
1 237
5 237
7 237
13 237
44 237
50 237
55 237
64 237
78 237
80 237
84 237
101 237
110 237
120 237
124 237
139 237
144 237
147 237
156 237
162 237
163 237
179 237
181 237
187 237
188 237
196 237
209 237
210 237
219 237
10 238
21 238
29 238
54 238
55 238
63 238
65 238
78 238
85 238
88 238
95 238
96 238
103 238
119 238
129 238
130 238
134 238
138 238
144 238
157 238
161 238
165 238
170 238
173 238
202 238
214 238
233 238
3 239
11 239
12 239
13 239
33 239
53 239
88 239
96 239
113 239
122 239
123 239
135 239
147 239
148 239
151 239
155 239
158 239
170 239
174 239
186 239
200 239
5 240
14 240
18 240
29 240
34 240
35 240
38 240
43 240
47 240
51 240
94 240
95 240
102 240
104 240
121 240
128 240
133 240
144 240
146 240
148 240
165 240
187 240
196 240
200 240
208 240
226 240
228 240
10 241
26 241
32 241
39 241
41 241
43 241
47 241
66 241
79 241
84 241
91 241
92 241
96 241
105 241
109 241
113 241
116 241
124 241
125 241
128 241
131 241
139 241
157 241
162 241
166 241
176 241
181 241
205 241
16 242
40 242
41 242
43 242
44 242
58 242
59 242
62 242
63 242
64 242
66 242
86 242
88 242
89 242
93 242
111 242
113 242
123 242
126 242
131 242
146 242
148 242
160 242
161 242
165 242
178 242
179 242
192 242
226 242
228 242
232 242
21 243
24 243
28 243
31 243
34 243
40 243
44 243
59 243
72 243
74 243
81 243
85 243
88 243
93 243
112 243
155 243
163 243
166 243
167 243
172 243
175 243
185 243
202 243
205 243
207 243
209 243
217 243
13 244
16 244
21 244
22 244
26 244
34 244
42 244
50 244
68 244
76 244
98 244
114 244
130 244
132 244
146 244
149 244
150 244
158 244
166 244
171 244
192 244
193 244
217 244
227 244
230 244
7 245
14 245
20 245
29 245
42 245
44 245
45 245
59 245
66 245
71 245
78 245
86 245
89 245
90 245
92 245
105 245
107 245
118 245
137 245
138 245
139 245
140 245
150 245
160 245
165 245
194 245
200 245
0 246
3 246
6 246
14 246
19 246
24 246
27 246
55 246
63 246
64 246
80 246
89 246
90 246
94 246
124 246
125 246
130 246
136 246
146 246
158 246
171 246
174 246
175 246
193 246
195 246
199 246
202 246
204 246
209 246
8 247
12 247
14 247
36 247
39 247
40 247
60 247
68 247
71 247
78 247
83 247
96 247
112 247
116 247
117 247
123 247
124 247
127 247
132 247
152 247
155 247
159 247
160 247
178 247
181 247
195 247
200 247
215 247
6 248
21 248
22 248
26 248
47 248
50 248
53 248
56 248
62 248
63 248
66 248
70 248
93 248
102 248
111 248
123 248
130 248
131 248
145 248
179 248
184 248
191 248
195 248
196 248
199 248
207 248
212 248
219 248
222 248
223 248
233 248
2 249
7 249
9 249
16 249
19 249
33 249
44 249
51 249
57 249
65 249
79 249
106 249
110 249
115 249
123 249
127 249
139 249
144 249
146 249
149 249
157 249
182 249
185 249
194 249
196 249
207 249
208 249
210 249
214 249
219 249
2 250
10 250
20 250
21 250
36 250
38 250
44 250
48 250
50 250
59 250
68 250
75 250
81 250
115 250
119 250
122 250
154 250
164 250
165 250
172 250
175 250
181 250
222 250
224 250
227 250
238 250
3 251
17 251
18 251
30 251
38 251
43 251
44 251
47 251
50 251
54 251
60 251
66 251
68 251
73 251
74 251
83 251
87 251
88 251
90 251
99 251
111 251
114 251
116 251
122 251
127 251
145 251
150 251
177 251
180 251
182 251
205 251
222 251
241 251
247 251
6 252
41 252
59 252
63 252
72 252
74 252
88 252
95 252
99 252
115 252
116 252
120 252
129 252
136 252
137 252
170 252
173 252
184 252
200 252
213 252
218 252
235 252
246 252
249 252
19 253
25 253
45 253
46 253
47 253
49 253
50 253
69 253
85 253
96 253
97 253
101 253
117 253
132 253
136 253
154 253
156 253
157 253
160 253
163 253
168 253
185 253
199 253
207 253
208 253
215 253
238 253
247 253
1 254
4 254
5 254
10 254
38 254
46 254
50 254
60 254
61 254
64 254
67 254
70 254
94 254
95 254
101 254
112 254
119 254
120 254
127 254
133 254
138 254
152 254
155 254
156 254
170 254
180 254
187 254
193 254
199 254
205 254
210 254
228 254
230 254
236 254
242 254
3 255
16 255
31 255
42 255
61 255
78 255
92 255
98 255
99 255
101 255
107 255
111 255
112 255
128 255
135 255
143 255
144 255
155 255
167 255
171 255
172 255
187 255
189 255
190 255
193 255
196 255
228 255
233 255
245 255
4 256
16 256
19 256
26 256
27 256
29 256
39 256
59 256
60 256
61 256
62 256
64 256
67 256
80 256
96 256
108 256
110 256
129 256
141 256
157 256
158 256
159 256
177 256
192 256
195 256
196 256
206 256
230 256
231 256
246 256
4 257
8 257
12 257
18 257
22 257
54 257
65 257
66 257
83 257
87 257
104 257
113 257
116 257
121 257
126 257
132 257
136 257
139 257
182 257
184 257
186 257
195 257
200 257
248 257
0 258
22 258
29 258
34 258
41 258
68 258
76 258
82 258
88 258
104 258
108 258
110 258
126 258
127 258
133 258
137 258
139 258
142 258
159 258
162 258
164 258
181 258
184 258
190 258
224 258
225 258
227 258
239 258
248 258
249 258
2 259
10 259
16 259
17 259
18 259
20 259
26 259
46 259
47 259
57 259
64 259
66 259
72 259
73 259
90 259
109 259
126 259
131 259
139 259
140 259
144 259
147 259
150 259
164 259
182 259
184 259
185 259
194 259
200 259
203 259
211 259
228 259
231 259
238 259
243 259
10 260
15 260
18 260
41 260
58 260
60 260
62 260
65 260
81 260
95 260
96 260
103 260
118 260
119 260
125 260
127 260
137 260
152 260
159 260
163 260
174 260
186 260
188 260
239 260
247 260
3 261
34 261
40 261
45 261
53 261
59 261
62 261
72 261
76 261
79 261
88 261
91 261
92 261
100 261
117 261
136 261
139 261
143 261
166 261
172 261
174 261
175 261
176 261
196 261
198 261
225 261
239 261
246 261
247 261
249 261
252 261
257 261
15 262
17 262
20 262
21 262
29 262
37 262
40 262
54 262
60 262
65 262
99 262
102 262
107 262
112 262
113 262
118 262
123 262
160 262
161 262
169 262
185 262
199 262
211 262
212 262
217 262
234 262
253 262
17 263
19 263
26 263
30 263
37 263
41 263
45 263
46 263
55 263
61 263
70 263
72 263
102 263
113 263
148 263
151 263
152 263
161 263
187 263
189 263
198 263
200 263
203 263
206 263
214 263
223 263
228 263
239 263
242 263
243 263
254 263
2 264
3 264
4 264
6 264
11 264
17 264
19 264
20 264
23 264
29 264
38 264
39 264
40 264
44 264
50 264
51 264
111 264
129 264
161 264
166 264
175 264
179 264
188 264
190 264
216 264
219 264
248 264
250 264
0 265
4 265
9 265
11 265
12 265
25 265
46 265
54 265
59 265
69 265
73 265
82 265
83 265
91 265
105 265
108 265
110 265
116 265
119 265
122 265
143 265
145 265
148 265
149 265
173 265
185 265
192 265
194 265
213 265
219 265
223 265
243 265
246 265
249 265
253 265
11 266
18 266
19 266
24 266
38 266
45 266
59 266
64 266
86 266
108 266
113 266
123 266
126 266
131 266
144 266
167 266
171 266
173 266
179 266
194 266
195 266
196 266
214 266
221 266
231 266
3 267
7 267
35 267
47 267
49 267
65 267
80 267
84 267
93 267
95 267
103 267
108 267
114 267
116 267
128 267
133 267
141 267
145 267
157 267
161 267
171 267
181 267
189 267
190 267
195 267
212 267
216 267
219 267
245 267
248 267
6 268
9 268
10 268
30 268
39 268
40 268
50 268
51 268
53 268
56 268
86 268
97 268
105 268
114 268
121 268
124 268
125 268
152 268
154 268
163 268
167 268
188 268
204 268
206 268
212 268
224 268
230 268
240 268
243 268
256 268
3 269
7 269
16 269
19 269
31 269
36 269
40 269
42 269
58 269
60 269
66 269
73 269
85 269
103 269
112 269
118 269
122 269
146 269
147 269
150 269
172 269
176 269
178 269
180 269
199 269
200 269
201 269
203 269
207 269
212 269
239 269
242 269
247 269
259 269
263 269
2 270
21 270
24 270
29 270
34 270
35 270
36 270
58 270
59 270
75 270
76 270
81 270
91 270
93 270
95 270
101 270
103 270
113 270
116 270
132 270
139 270
144 270
175 270
190 270
201 270
208 270
213 270
216 270
224 270
225 270
251 270
254 270
256 270
260 270
266 270
27 271
31 271
37 271
60 271
66 271
87 271
93 271
94 271
95 271
107 271
111 271
120 271
121 271
136 271
142 271
163 271
166 271
184 271
187 271
192 271
206 271
207 271
239 271
249 271
252 271
0 272
4 272
8 272
24 272
31 272
35 272
48 272
56 272
58 272
60 272
63 272
85 272
97 272
108 272
111 272
122 272
123 272
126 272
130 272
131 272
145 272
150 272
155 272
175 272
177 272
180 272
184 272
211 272
216 272
234 272
236 272
246 272
260 272
262 272
10 273
18 273
21 273
22 273
37 273
39 273
49 273
52 273
79 273
102 273
123 273
127 273
132 273
137 273
140 273
141 273
148 273
151 273
153 273
155 273
159 273
161 273
162 273
167 273
175 273
186 273
199 273
200 273
203 273
205 273
209 273
223 273
239 273
262 273
266 273
0 274
25 274
26 274
30 274
36 274
59 274
61 274
88 274
102 274
105 274
107 274
110 274
137 274
150 274
152 274
158 274
165 274
167 274
184 274
195 274
214 274
220 274
225 274
243 274
246 274
250 274
264 274
16 275
23 275
51 275
59 275
66 275
76 275
93 275
97 275
108 275
115 275
117 275
120 275
124 275
128 275
151 275
153 275
170 275
171 275
176 275
179 275
180 275
185 275
190 275
196 275
197 275
210 275
220 275
222 275
231 275
233 275
237 275
238 275
252 275
266 275
8 276
15 276
29 276
36 276
37 276
47 276
58 276
62 276
69 276
71 276
77 276
86 276
87 276
89 276
93 276
98 276
110 276
119 276
124 276
129 276
141 276
144 276
147 276
151 276
155 276
161 276
170 276
173 276
175 276
191 276
195 276
199 276
210 276
219 276
238 276
244 276
245 276
1 277
14 277
26 277
36 277
38 277
40 277
43 277
44 277
46 277
47 277
66 277
77 277
81 277
90 277
98 277
105 277
114 277
117 277
123 277
127 277
132 277
139 277
144 277
155 277
161 277
163 277
175 277
189 277
205 277
220 277
222 277
247 277
256 277
262 277
14 278
26 278
27 278
35 278
38 278
39 278
68 278
82 278
91 278
93 278
103 278
104 278
127 278
129 278
148 278
155 278
156 278
164 278
165 278
173 278
188 278
190 278
194 278
201 278
218 278
219 278
223 278
224 278
226 278
241 278
259 278
20 279
26 279
28 279
30 279
32 279
33 279
34 279
52 279
55 279
59 279
60 279
63 279
67 279
82 279
86 279
88 279
93 279
102 279
105 279
119 279
120 279
121 279
129 279
136 279
147 279
148 279
149 279
169 279
172 279
174 279
180 279
208 279
211 279
215 279
220 279
227 279
237 279
248 279
11 280
13 280
21 280
23 280
33 280
39 280
43 280
44 280
67 280
71 280
78 280
82 280
85 280
95 280
112 280
116 280
117 280
129 280
157 280
159 280
175 280
176 280
195 280
196 280
198 280
229 280
234 280
260 280
263 280
267 280
11 281
14 281
18 281
40 281
52 281
55 281
61 281
63 281
79 281
83 281
85 281
91 281
96 281
99 281
119 281
144 281
147 281
155 281
169 281
175 281
190 281
193 281
202 281
205 281
212 281
214 281
232 281
235 281
236 281
244 281
245 281
252 281
254 281
260 281
264 281
0 282
15 282
19 282
23 282
25 282
33 282
39 282
52 282
65 282
70 282
78 282
87 282
92 282
110 282
117 282
137 282
140 282
142 282
154 282
163 282
167 282
174 282
185 282
189 282
190 282
193 282
202 282
208 282
213 282
230 282
231 282
232 282
260 282
0 283
1 283
7 283
10 283
11 283
12 283
17 283
32 283
42 283
59 283
72 283
77 283
84 283
96 283
97 283
101 283
114 283
115 283
125 283
131 283
146 283
174 283
197 283
200 283
201 283
215 283
221 283
227 283
233 283
235 283
236 283
249 283
252 283
266 283
278 283
279 283
281 283
13 284
31 284
44 284
60 284
61 284
72 284
76 284
77 284
100 284
102 284
108 284
110 284
115 284
127 284
128 284
142 284
144 284
160 284
163 284
184 284
186 284
194 284
198 284
202 284
228 284
232 284
233 284
240 284
255 284
264 284
266 284
277 284
11 285
13 285
44 285
54 285
59 285
61 285
62 285
84 285
88 285
94 285
106 285
125 285
129 285
137 285
140 285
159 285
170 285
178 285
199 285
211 285
218 285
224 285
246 285
248 285
249 285
253 285
257 285
262 285
279 285
5 286
12 286
16 286
18 286
27 286
37 286
57 286
79 286
95 286
103 286
104 286
113 286
115 286
116 286
120 286
122 286
125 286
137 286
140 286
141 286
144 286
155 286
157 286
161 286
181 286
192 286
207 286
211 286
219 286
226 286
231 286
235 286
246 286
254 286
270 286
281 286
10 287
13 287
22 287
29 287
32 287
37 287
48 287
54 287
75 287
77 287
80 287
93 287
99 287
123 287
132 287
136 287
176 287
178 287
184 287
201 287
205 287
218 287
226 287
228 287
247 287
267 287
268 287
9 288
11 288
20 288
26 288
33 288
41 288
51 288
52 288
72 288
86 288
87 288
95 288
99 288
102 288
104 288
115 288
119 288
123 288
126 288
134 288
144 288
156 288
162 288
174 288
189 288
190 288
191 288
201 288
211 288
215 288
224 288
226 288
233 288
247 288
263 288
273 288
281 288
2 289
12 289
22 289
27 289
38 289
41 289
49 289
66 289
70 289
78 289
83 289
84 289
97 289
101 289
106 289
116 289
131 289
132 289
133 289
138 289
139 289
142 289
148 289
173 289
180 289
199 289
215 289
220 289
223 289
250 289
251 289
261 289
267 289
274 289
275 289
10 290
15 290
25 290
42 290
46 290
47 290
50 290
57 290
76 290
78 290
80 290
84 290
97 290
102 290
104 290
120 290
126 290
127 290
134 290
136 290
144 290
147 290
166 290
167 290
169 290
177 290
183 290
184 290
186 290
190 290
198 290
206 290
207 290
230 290
244 290
250 290
258 290
265 290
274 290
12 291
24 291
48 291
57 291
72 291
74 291
115 291
136 291
143 291
144 291
155 291
161 291
173 291
175 291
178 291
197 291
209 291
213 291
223 291
225 291
229 291
230 291
231 291
258 291
266 291
268 291
277 291
279 291
3 292
24 292
35 292
51 292
61 292
70 292
75 292
76 292
87 292
93 292
120 292
128 292
142 292
165 292
180 292
186 292
207 292
218 292
227 292
240 292
264 292
2 293
9 293
29 293
40 293
51 293
68 293
71 293
78 293
83 293
87 293
94 293
117 293
131 293
132 293
146 293
163 293
164 293
167 293
179 293
182 293
185 293
187 293
205 293
212 293
231 293
239 293
255 293
257 293
258 293
264 293
267 293
268 293
291 293
44 294
60 294
67 294
87 294
109 294
127 294
134 294
137 294
146 294
157 294
169 294
175 294
178 294
182 294
187 294
192 294
193 294
194 294
200 294
213 294
214 294
217 294
219 294
236 294
260 294
268 294
285 294
291 294
8 295
17 295
21 295
23 295
29 295
37 295
44 295
45 295
53 295
54 295
57 295
63 295
83 295
84 295
85 295
87 295
102 295
104 295
105 295
108 295
124 295
132 295
135 295
137 295
139 295
155 295
157 295
173 295
183 295
186 295
5 296
7 296
31 296
43 296
45 296
46 296
54 296
67 296
71 296
73 296
74 296
77 296
79 296
82 296
91 296
95 296
106 296
114 296
136 296
144 296
147 296
158 296
161 296
167 296
174 296
179 296
186 296
194 296
197 296
221 296
234 296
235 296
237 296
238 296
240 296
255 296
259 296
260 296
271 296
276 296
281 296
8 297
23 297
34 297
38 297
46 297
48 297
74 297
80 297
103 297
105 297
107 297
108 297
112 297
117 297
122 297
125 297
126 297
132 297
133 297
137 297
149 297
154 297
157 297
184 297
208 297
212 297
213 297
231 297
242 297
244 297
251 297
260 297
262 297
268 297
10 298
42 298
47 298
52 298
63 298
68 298
72 298
79 298
81 298
83 298
85 298
95 298
102 298
117 298
126 298
136 298
147 298
153 298
156 298
160 298
162 298
180 298
182 298
183 298
186 298
197 298
201 298
220 298
223 298
224 298
228 298
234 298
242 298
243 298
254 298
256 298
260 298
261 298
272 298
288 298
5 299
7 299
10 299
29 299
37 299
41 299
45 299
53 299
58 299
65 299
83 299
86 299
90 299
95 299
101 299
119 299
127 299
129 299
135 299
152 299
155 299
160 299
169 299
173 299
175 299
176 299
181 299
193 299
203 299
214 299
218 299
222 299
223 299
230 299
236 299
258 299
262 299
268 299
271 299
276 299
277 299
283 299
290 299
