300 6687 5
5 2 5 5 7 1 19 5 9 3 11 1 4 7 1 9 3 4 3 1 3 3 3 4 6 1 6 14 2 3 1 5 5 7 4 4 18 10 4 8 6 2 5 1 2 6 2 15 9 2 20 19 1 4 8 6 4 16 1 5 7 7 6 3 4 2 4 8 2 23 8 9 1 1 2 5 4 3 3 4 1 5 6 22 5 7 1 6 5 20 8 3 2 1 2 3 4 1 18 8 17 6 5 4 13 9 2 10 5 3 2 2 11 15 9 3 1 2 14 2 8 11 4 1 1 1 5 5 5 16 1 3 35 5 15 1 4 5 1 8 2 4 7 1 2 3 22 1 3 3 9 9 8 1 1 2 6 1 8 5 2 12 3 15 2 7 9 1 4 5 12 1 3 2 13 8 6 1 9 2 3 7 1 6 14 6 7 3 1 14 8 12 2 19 22 2 3 24 10 10 3 4 2 10 1 1 15 1 7 7 6 5 4 1 5 3 1 6 12 6 4 3 1 6 16 4 3 1 6 5 1 3 1 4 1 7 2 22 2 1 14 13 1 14 3 8 1 4 2 2 7 1 9 2 1 1 5 19 6 1 2 2 3 1 10 6 4 5 21 6 1 4 13 10 4 1 8 5 12 13 2 2 3 5 12 2 2 1 1 2 8 2 2 2 9 9 11 5 2 11
1 4
1 7
0 8
0 9
8 10
0 11
0 12
8 12
9 12
1 13
4 13
5 13
6 13
0 14
4 16
10 16
15 17
8 18
9 18
13 18
3 19
6 19
15 19
5 20
13 20
14 20
16 20
6 21
7 21
11 21
19 21
3 22
10 22
11 22
17 22
0 23
3 23
6 23
11 23
16 23
20 23
9 24
14 24
7 25
10 25
14 25
19 25
21 25
23 25
24 25
8 26
18 26
3 27
4 27
13 27
25 27
13 28
16 28
18 28
22 28
23 28
24 28
6 29
21 29
9 30
20 30
4 31
9 31
18 31
26 31
27 31
28 31
29 31
11 32
17 32
18 32
20 32
2 33
7 33
10 33
14 33
5 34
11 34
16 34
23 34
28 34
32 34
11 35
20 35
22 35
29 35
32 35
33 35
34 35
6 36
11 36
12 36
14 36
15 36
22 36
25 36
28 36
0 37
25 37
28 37
29 37
1 38
2 38
7 38
17 38
23 38
27 38
28 38
31 38
36 38
5 39
8 39
9 39
12 39
15 39
19 39
20 39
21 39
30 39
1 40
3 40
6 40
10 40
15 40
27 40
30 40
35 40
36 40
37 40
39 40
4 41
5 41
7 41
13 41
16 41
22 41
29 41
36 41
38 41
39 41
3 42
15 42
16 42
17 42
28 42
29 42
38 42
39 42
40 42
4 43
10 43
18 43
26 43
29 43
38 43
40 43
0 44
18 44
19 44
0 45
4 45
25 45
33 45
2 46
7 46
22 46
31 46
33 46
44 46
11 47
14 47
17 47
19 47
25 47
40 47
0 48
4 48
19 48
24 48
30 48
39 48
40 48
41 48
42 48
1 49
11 49
14 49
17 49
20 49
22 49
24 49
34 49
9 50
11 50
18 50
24 50
33 50
34 50
37 50
42 50
23 51
41 51
48 51
49 51
2 52
12 52
14 52
15 52
16 52
28 52
36 52
38 52
51 52
0 53
1 53
10 53
17 53
27 53
35 53
40 53
41 53
44 53
48 53
52 53
1 54
3 54
4 54
5 54
20 54
24 54
28 54
39 54
40 54
42 54
48 54
49 54
0 55
7 55
17 55
24 55
26 55
50 55
6 56
11 56
24 56
28 56
34 56
52 56
53 56
10 57
14 57
26 57
30 57
44 57
49 57
55 57
12 58
15 58
24 58
26 58
28 58
55 58
56 58
1 59
4 59
5 59
8 59
10 59
11 59
17 59
18 59
25 59
31 59
39 59
51 59
53 59
57 59
58 59
0 60
1 60
7 60
18 60
20 60
30 60
35 60
41 60
46 60
57 60
3 61
7 61
16 61
19 61
25 61
33 61
40 61
41 61
45 61
46 61
53 61
58 61
1 62
6 62
24 62
25 62
29 62
34 62
35 62
40 62
44 62
51 62
7 63
10 63
12 63
15 63
16 63
36 63
46 63
47 63
49 63
2 64
8 64
11 64
14 64
23 64
25 64
27 64
31 64
40 64
50 64
61 64
6 65
9 65
15 65
16 65
19 65
27 65
30 65
37 65
45 65
52 65
57 65
60 65
1 66
19 66
20 66
24 66
27 66
35 66
43 66
44 66
46 66
49 66
6 67
11 67
12 67
19 67
20 67
27 67
39 67
48 67
53 67
63 67
64 67
38 68
39 68
56 68
64 68
1 69
9 69
10 69
15 69
17 69
19 69
25 69
36 69
46 69
59 69
13 70
14 70
22 70
45 70
64 70
1 71
4 71
8 71
10 71
11 71
12 71
18 71
21 71
22 71
26 71
40 71
46 71
52 71
62 71
18 72
20 72
22 72
24 72
36 72
39 72
40 72
44 72
45 72
47 72
50 72
53 72
55 72
64 72
6 73
8 73
41 73
49 73
53 73
54 73
59 73
7 74
8 74
13 74
14 74
23 74
24 74
32 74
37 74
46 74
10 75
14 75
20 75
23 75
45 75
50 75
52 75
67 75
69 75
71 75
26 76
31 76
33 76
39 76
45 76
51 76
54 76
59 76
64 76
8 77
14 77
25 77
31 77
32 77
37 77
45 77
48 77
76 77
40 78
46 78
50 78
51 78
56 78
60 78
63 78
66 78
69 78
4 79
7 79
8 79
13 79
17 79
19 79
26 79
33 79
34 79
44 79
45 79
46 79
51 79
52 79
53 79
68 79
73 79
75 79
0 80
8 80
13 80
30 80
31 80
37 80
40 80
55 80
56 80
68 80
74 80
75 80
78 80
79 80
10 81
16 81
31 81
33 81
44 81
52 81
66 81
80 81
1 82
6 82
7 82
11 82
13 82
29 82
40 82
49 82
53 82
54 82
58 82
70 82
79 82
3 83
4 83
6 83
7 83
24 83
25 83
40 83
45 83
47 83
48 83
57 83
59 83
63 83
68 83
73 83
8 84
23 84
27 84
37 84
46 84
49 84
50 84
61 84
74 84
3 85
4 85
14 85
17 85
27 85
32 85
41 85
47 85
48 85
51 85
59 85
60 85
62 85
72 85
75 85
81 85
1 86
7 86
13 86
18 86
32 86
35 86
40 86
43 86
45 86
51 86
53 86
55 86
60 86
67 86
71 86
80 86
84 86
15 87
55 87
57 87
58 87
63 87
6 88
23 88
25 88
27 88
29 88
36 88
49 88
50 88
51 88
52 88
54 88
75 88
76 88
81 88
1 89
2 89
13 89
17 89
28 89
29 89
31 89
34 89
37 89
42 89
46 89
47 89
52 89
53 89
54 89
59 89
60 89
68 89
69 89
72 89
2 90
13 90
15 90
18 90
31 90
35 90
36 90
41 90
42 90
46 90
53 90
60 90
62 90
65 90
68 90
71 90
73 90
77 90
81 90
83 90
84 90
89 90
22 91
25 91
36 91
48 91
52 91
53 91
73 91
79 91
82 91
4 92
5 92
6 92
7 92
8 92
11 92
13 92
17 92
34 92
35 92
36 92
55 92
65 92
74 92
76 92
77 92
81 92
83 92
3 93
4 93
8 93
29 93
40 93
48 93
62 93
85 93
89 93
1 94
20 94
24 94
29 94
35 94
38 94
41 94
44 94
57 94
69 94
76 94
78 94
81 94
92 94
0 95
12 95
18 95
24 95
26 95
34 95
35 95
37 95
45 95
61 95
65 95
67 95
69 95
72 95
80 95
84 95
94 95
2 96
5 96
13 96
37 96
53 96
60 96
68 96
71 96
81 96
84 96
88 96
92 96
3 97
7 97
27 97
37 97
38 97
43 97
50 97
54 97
55 97
62 97
63 97
71 97
80 97
91 97
96 97
1 98
11 98
14 98
26 98
28 98
38 98
42 98
47 98
48 98
54 98
59 98
63 98
65 98
66 98
70 98
96 98
4 99
13 99
20 99
22 99
26 99
27 99
30 99
34 99
39 99
41 99
49 99
50 99
53 99
56 99
57 99
70 99
76 99
84 99
85 99
88 99
98 99
1 100
12 100
31 100
39 100
57 100
60 100
65 100
71 100
72 100
78 100
79 100
84 100
86 100
88 100
90 100
99 100
22 101
32 101
36 101
62 101
76 101
84 101
85 101
86 101
93 101
95 101
96 101
97 101
13 102
21 102
24 102
26 102
29 102
34 102
41 102
45 102
46 102
47 102
88 102
95 102
0 103
11 103
15 103
16 103
26 103
27 103
31 103
32 103
44 103
47 103
55 103
64 103
67 103
79 103
83 103
85 103
90 103
91 103
99 103
102 103
0 104
1 104
7 104
10 104
36 104
46 104
47 104
59 104
70 104
74 104
83 104
84 104
89 104
91 104
99 104
101 104
102 104
103 104
20 105
27 105
37 105
38 105
46 105
50 105
66 105
71 105
73 105
87 105
91 105
104 105
1 106
4 106
11 106
12 106
14 106
16 106
24 106
39 106
44 106
51 106
59 106
66 106
81 106
84 106
97 106
100 106
102 106
4 107
14 107
17 107
18 107
25 107
30 107
32 107
38 107
46 107
47 107
52 107
54 107
63 107
70 107
71 107
72 107
77 107
90 107
91 107
103 107
1 108
6 108
7 108
11 108
15 108
16 108
33 108
38 108
41 108
48 108
58 108
59 108
68 108
71 108
80 108
82 108
86 108
87 108
89 108
95 108
97 108
4 109
8 109
15 109
17 109
25 109
28 109
29 109
31 109
38 109
57 109
59 109
69 109
71 109
72 109
76 109
82 109
85 109
89 109
91 109
1 110
8 110
12 110
14 110
17 110
22 110
43 110
48 110
57 110
62 110
70 110
71 110
72 110
81 110
89 110
4 111
24 111
40 111
49 111
51 111
54 111
87 111
91 111
93 111
96 111
109 111
3 112
4 112
13 112
16 112
24 112
25 112
27 112
28 112
32 112
38 112
46 112
50 112
56 112
66 112
67 112
89 112
95 112
99 112
104 112
10 113
12 113
15 113
18 113
25 113
42 113
49 113
53 113
61 113
64 113
76 113
92 113
96 113
97 113
102 113
5 114
7 114
14 114
20 114
26 114
31 114
36 114
40 114
43 114
53 114
60 114
62 114
68 114
73 114
85 114
92 114
100 114
2 115
7 115
11 115
21 115
27 115
28 115
30 115
32 115
38 115
45 115
46 115
57 115
79 115
87 115
88 115
94 115
100 115
105 115
108 115
112 115
11 116
27 116
37 116
54 116
62 116
63 116
85 116
95 116
97 116
108 116
109 116
110 116
0 117
2 117
10 117
11 117
21 117
22 117
37 117
38 117
40 117
41 117
49 117
50 117
60 117
62 117
113 117
18 118
19 118
28 118
29 118
41 118
49 118
50 118
62 118
63 118
68 118
71 118
113 118
6 119
9 119
13 119
31 119
36 119
37 119
39 119
41 119
74 119
80 119
83 119
98 119
103 119
104 119
113 119
117 119
0 120
2 120
5 120
9 120
19 120
27 120
30 120
44 120
45 120
46 120
53 120
54 120
55 120
61 120
71 120
75 120
78 120
81 120
82 120
88 120
96 120
98 120
108 120
114 120
10 121
17 121
24 121
25 121
36 121
46 121
53 121
55 121
60 121
78 121
79 121
80 121
84 121
87 121
91 121
95 121
103 121
114 121
116 121
120 121
0 122
1 122
6 122
13 122
22 122
31 122
32 122
34 122
36 122
40 122
43 122
46 122
47 122
51 122
56 122
59 122
69 122
70 122
86 122
99 122
119 122
4 123
16 123
20 123
23 123
33 123
40 123
48 123
59 123
68 123
69 123
75 123
90 123
95 123
100 123
108 123
113 123
115 123
3 124
5 124
16 124
27 124
28 124
30 124
33 124
40 124
65 124
69 124
73 124
82 124
83 124
85 124
91 124
102 124
104 124
105 124
107 124
118 124
120 124
12 125
16 125
18 125
20 125
25 125
29 125
69 125
70 125
78 125
82 125
96 125
105 125
107 125
116 125
118 125
120 125
121 125
2 126
15 126
24 126
27 126
30 126
35 126
45 126
46 126
48 126
62 126
65 126
71 126
72 126
83 126
97 126
108 126
7 127
11 127
21 127
34 127
40 127
45 127
47 127
50 127
65 127
73 127
75 127
78 127
80 127
83 127
86 127
94 127
99 127
100 127
102 127
106 127
0 128
7 128
12 128
22 128
41 128
42 128
49 128
53 128
56 128
73 128
78 128
81 128
96 128
97 128
98 128
108 128
111 128
126 128
12 129
35 129
52 129
63 129
65 129
70 129
75 129
87 129
93 129
100 129
104 129
105 129
106 129
111 129
124 129
19 130
26 130
45 130
52 130
53 130
74 130
77 130
82 130
84 130
87 130
90 130
96 130
97 130
105 130
108 130
110 130
122 130
5 131
7 131
17 131
23 131
24 131
25 131
30 131
45 131
51 131
59 131
71 131
75 131
86 131
91 131
103 131
107 131
113 131
11 132
13 132
16 132
24 132
29 132
32 132
36 132
37 132
50 132
58 132
81 132
88 132
98 132
103 132
112 132
113 132
122 132
130 132
13 133
16 133
26 133
35 133
39 133
47 133
48 133
65 133
69 133
70 133
71 133
72 133
77 133
91 133
98 133
101 133
102 133
111 133
112 133
129 133
1 134
7 134
19 134
20 134
36 134
41 134
48 134
63 134
65 134
74 134
76 134
77 134
78 134
105 134
114 134
116 134
123 134
125 134
128 134
129 134
0 135
1 135
6 135
10 135
18 135
24 135
34 135
43 135
46 135
60 135
70 135
77 135
79 135
82 135
89 135
91 135
96 135
111 135
114 135
115 135
132 135
0 136
4 136
7 136
16 136
21 136
55 136
59 136
65 136
72 136
74 136
84 136
99 136
109 136
120 136
129 136
135 136
3 137
6 137
8 137
14 137
15 137
21 137
28 137
34 137
40 137
41 137
44 137
46 137
48 137
60 137
77 137
80 137
82 137
85 137
89 137
90 137
91 137
97 137
111 137
122 137
125 137
131 137
134 137
1 138
4 138
11 138
12 138
19 138
25 138
32 138
34 138
36 138
43 138
47 138
49 138
56 138
63 138
66 138
82 138
84 138
89 138
94 138
99 138
105 138
107 138
121 138
128 138
131 138
135 138
5 139
7 139
10 139
22 139
29 139
33 139
35 139
42 139
62 139
64 139
72 139
78 139
81 139
84 139
92 139
97 139
99 139
110 139
120 139
128 139
132 139
1 140
14 140
33 140
37 140
40 140
45 140
62 140
73 140
75 140
83 140
91 140
94 140
96 140
104 140
117 140
137 140
1 141
29 141
32 141
45 141
48 141
51 141
68 141
69 141
82 141
83 141
85 141
94 141
99 141
136 141
138 141
9 142
10 142
11 142
19 142
20 142
27 142
34 142
35 142
40 142
42 142
47 142
56 142
63 142
64 142
69 142
84 142
86 142
100 142
105 142
117 142
122 142
123 142
128 142
133 142
4 143
7 143
8 143
15 143
18 143
25 143
29 143
30 143
31 143
40 143
49 143
58 143
77 143
78 143
93 143
102 143
132 143
138 143
141 143
0 144
4 144
7 144
15 144
17 144
21 144
38 144
54 144
66 144
71 144
76 144
84 144
88 144
91 144
96 144
98 144
100 144
101 144
102 144
103 144
106 144
107 144
118 144
128 144
131 144
135 144
141 144
3 145
11 145
13 145
24 145
26 145
36 145
49 145
58 145
65 145
70 145
73 145
75 145
80 145
81 145
82 145
101 145
110 145
117 145
125 145
129 145
5 146
20 146
40 146
54 146
56 146
64 146
85 146
87 146
91 146
96 146
97 146
112 146
117 146
119 146
120 146
128 146
130 146
132 146
136 146
139 146
140 146
143 146
145 146
0 147
10 147
12 147
26 147
31 147
34 147
38 147
47 147
49 147
54 147
60 147
72 147
83 147
97 147
101 147
107 147
109 147
112 147
117 147
124 147
128 147
131 147
132 147
137 147
138 147
7 148
9 148
15 148
17 148
22 148
34 148
61 148
62 148
64 148
68 148
75 148
87 148
90 148
96 148
103 148
107 148
116 148
118 148
123 148
128 148
129 148
138 148
146 148
147 148
2 149
8 149
10 149
19 149
20 149
22 149
28 149
47 149
52 149
57 149
59 149
72 149
76 149
105 149
111 149
123 149
125 149
126 149
132 149
133 149
145 149
148 149
8 150
10 150
12 150
14 150
18 150
32 150
37 150
39 150
45 150
51 150
54 150
56 150
68 150
85 150
96 150
103 150
104 150
114 150
117 150
123 150
127 150
129 150
132 150
142 150
143 150
144 150
149 150
7 151
26 151
33 151
36 151
41 151
55 151
60 151
64 151
67 151
72 151
74 151
81 151
86 151
87 151
105 151
107 151
109 151
111 151
112 151
129 151
131 151
139 151
145 151
149 151
28 152
33 152
35 152
36 152
49 152
57 152
58 152
60 152
61 152
68 152
69 152
74 152
80 152
81 152
98 152
105 152
107 152
112 152
130 152
138 152
149 152
0 153
33 153
44 153
50 153
68 153
74 153
80 153
89 153
97 153
99 153
106 153
109 153
112 153
118 153
120 153
130 153
131 153
137 153
140 153
21 154
27 154
33 154
35 154
41 154
50 154
54 154
71 154
78 154
110 154
111 154
112 154
113 154
117 154
119 154
121 154
134 154
144 154
149 154
150 154
151 154
11 155
18 155
24 155
25 155
26 155
37 155
47 155
53 155
59 155
60 155
69 155
76 155
78 155
79 155
86 155
93 155
100 155
101 155
103 155
104 155
107 155
114 155
119 155
127 155
141 155
145 155
154 155
2 156
3 156
8 156
10 156
12 156
31 156
34 156
37 156
42 156
51 156
61 156
72 156
79 156
97 156
98 156
108 156
121 156
142 156
145 156
147 156
151 156
153 156
155 156
1 157
2 157
4 157
7 157
10 157
14 157
17 157
18 157
24 157
27 157
28 157
35 157
47 157
50 157
59 157
60 157
63 157
70 157
77 157
86 157
87 157
96 157
99 157
100 157
102 157
104 157
109 157
116 157
120 157
124 157
127 157
129 157
131 157
136 157
142 157
151 157
156 157
0 158
10 158
13 158
17 158
27 158
31 158
41 158
45 158
62 158
63 158
67 158
71 158
75 158
79 158
83 158
84 158
92 158
93 158
95 158
100 158
101 158
108 158
112 158
115 158
119 158
125 158
126 158
127 158
134 158
147 158
148 158
152 158
7 159
15 159
18 159
27 159
38 159
39 159
42 159
43 159
49 159
55 159
58 159
59 159
78 159
81 159
85 159
91 159
110 159
115 159
124 159
128 159
135 159
145 159
152 159
153 159
155 159
158 159
7 160
12 160
40 160
46 160
54 160
55 160
67 160
69 160
96 160
104 160
105 160
115 160
116 160
120 160
123 160
130 160
135 160
139 160
142 160
145 160
152 160
11 161
14 161
15 161
16 161
40 161
51 161
53 161
57 161
73 161
74 161
98 161
109 161
117 161
119 161
120 161
122 161
134 161
135 161
140 161
11 162
17 162
23 162
27 162
29 162
36 162
39 162
42 162
45 162
48 162
50 162
52 162
61 162
70 162
76 162
78 162
84 162
113 162
124 162
130 162
132 162
133 162
138 162
139 162
159 162
12 163
17 163
22 163
23 163
25 163
27 163
35 163
38 163
42 163
47 163
48 163
63 163
75 163
86 163
93 163
96 163
98 163
109 163
110 163
111 163
112 163
118 163
121 163
133 163
149 163
154 163
156 163
1 164
5 164
6 164
7 164
11 164
13 164
15 164
24 164
44 164
71 164
73 164
90 164
92 164
94 164
97 164
105 164
109 164
117 164
121 164
137 164
142 164
152 164
162 164
163 164
1 165
4 165
6 165
11 165
18 165
27 165
31 165
36 165
50 165
54 165
64 165
66 165
67 165
70 165
77 165
79 165
82 165
85 165
87 165
91 165
93 165
97 165
105 165
112 165
124 165
144 165
156 165
160 165
9 166
10 166
11 166
32 166
38 166
53 166
54 166
66 166
74 166
86 166
93 166
96 166
99 166
111 166
116 166
124 166
132 166
137 166
155 166
164 166
10 167
23 167
29 167
30 167
47 167
59 167
66 167
70 167
72 167
75 167
80 167
85 167
101 167
107 167
118 167
119 167
130 167
136 167
137 167
140 167
161 167
163 167
5 168
7 168
10 168
12 168
40 168
46 168
49 168
52 168
59 168
63 168
78 168
83 168
85 168
87 168
88 168
105 168
106 168
108 168
109 168
111 168
115 168
120 168
121 168
126 168
132 168
136 168
142 168
145 168
152 168
162 168
164 168
166 168
5 169
6 169
32 169
33 169
34 169
37 169
40 169
44 169
46 169
58 169
59 169
67 169
71 169
77 169
98 169
103 169
117 169
118 169
119 169
124 169
128 169
137 169
143 169
164 169
7 170
11 170
13 170
17 170
24 170
25 170
29 170
31 170
34 170
36 170
40 170
51 170
55 170
57 170
70 170
73 170
74 170
75 170
77 170
81 170
91 170
94 170
101 170
106 170
110 170
113 170
118 170
127 170
128 170
155 170
1 171
8 171
14 171
36 171
39 171
40 171
43 171
51 171
52 171
56 171
58 171
63 171
78 171
85 171
91 171
93 171
98 171
111 171
116 171
118 171
125 171
129 171
139 171
145 171
146 171
153 171
165 171
169 171
0 172
12 172
13 172
14 172
15 172
19 172
21 172
32 172
38 172
58 172
63 172
64 172
65 172
68 172
71 172
73 172
83 172
87 172
92 172
95 172
96 172
99 172
106 172
118 172
120 172
138 172
141 172
164 172
170 172
17 173
20 173
21 173
23 173
35 173
38 173
43 173
47 173
50 173
51 173
52 173
68 173
76 173
78 173
85 173
91 173
113 173
129 173
132 173
136 173
145 173
146 173
0 174
14 174
20 174
25 174
26 174
29 174
35 174
42 174
50 174
58 174
60 174
63 174
69 174
71 174
72 174
73 174
91 174
95 174
105 174
110 174
123 174
132 174
137 174
142 174
170 174
172 174
2 175
17 175
30 175
34 175
38 175
42 175
46 175
50 175
55 175
56 175
60 175
67 175
69 175
82 175
83 175
86 175
108 175
109 175
113 175
122 175
126 175
132 175
133 175
141 175
160 175
6 176
16 176
25 176
44 176
47 176
53 176
62 176
72 176
73 176
75 176
77 176
79 176
83 176
91 176
93 176
96 176
99 176
108 176
109 176
119 176
120 176
125 176
129 176
135 176
139 176
149 176
150 176
159 176
166 176
169 176
170 176
22 177
33 177
36 177
42 177
45 177
48 177
62 177
63 177
64 177
72 177
80 177
84 177
89 177
97 177
104 177
109 177
114 177
120 177
124 177
129 177
131 177
133 177
137 177
144 177
155 177
159 177
11 178
21 178
27 178
32 178
40 178
41 178
43 178
49 178
59 178
70 178
74 178
84 178
90 178
94 178
95 178
102 178
105 178
108 178
110 178
113 178
121 178
126 178
131 178
132 178
133 178
135 178
156 178
158 178
159 178
172 178
175 178
176 178
5 179
6 179
22 179
23 179
35 179
37 179
44 179
50 179
53 179
59 179
78 179
79 179
93 179
108 179
114 179
117 179
121 179
154 179
155 179
162 179
164 179
168 179
171 179
173 179
16 180
17 180
20 180
28 180
43 180
46 180
61 180
77 180
88 180
96 180
100 180
104 180
106 180
107 180
111 180
115 180
119 180
126 180
130 180
144 180
148 180
149 180
151 180
152 180
157 180
161 180
167 180
172 180
178 180
6 181
16 181
28 181
38 181
42 181
43 181
46 181
48 181
58 181
73 181
74 181
75 181
78 181
79 181
80 181
89 181
107 181
112 181
123 181
131 181
136 181
155 181
156 181
162 181
170 181
180 181
0 182
2 182
7 182
9 182
16 182
18 182
25 182
26 182
31 182
32 182
33 182
41 182
49 182
50 182
51 182
57 182
68 182
83 182
92 182
98 182
103 182
105 182
109 182
112 182
118 182
122 182
140 182
146 182
159 182
160 182
172 182
177 182
180 182
5 183
6 183
9 183
12 183
22 183
25 183
30 183
34 183
43 183
45 183
46 183
47 183
55 183
58 183
68 183
73 183
77 183
83 183
84 183
92 183
109 183
131 183
136 183
144 183
167 183
177 183
3 184
4 184
22 184
24 184
33 184
39 184
43 184
49 184
51 184
55 184
57 184
60 184
62 184
66 184
76 184
88 184
103 184
110 184
111 184
113 184
119 184
122 184
123 184
128 184
129 184
143 184
157 184
159 184
169 184
171 184
172 184
175 184
176 184
20 185
39 185
42 185
48 185
51 185
55 185
56 185
57 185
62 185
72 185
89 185
94 185
103 185
112 185
119 185
128 185
132 185
143 185
156 185
158 185
172 185
175 185
0 186
13 186
15 186
16 186
18 186
20 186
21 186
24 186
32 186
38 186
39 186
42 186
46 186
62 186
66 186
68 186
72 186
79 186
80 186
90 186
94 186
99 186
111 186
119 186
135 186
141 186
154 186
156 186
0 187
1 187
4 187
6 187
13 187
27 187
32 187
37 187
52 187
62 187
73 187
78 187
81 187
84 187
88 187
99 187
101 187
107 187
110 187
115 187
129 187
137 187
148 187
151 187
158 187
160 187
168 187
185 187
4 188
11 188
48 188
54 188
60 188
65 188
77 188
89 188
94 188
96 188
103 188
111 188
118 188
150 188
168 188
170 188
180 188
2 189
3 189
5 189
8 189
9 189
19 189
26 189
50 189
54 189
57 189
65 189
68 189
75 189
77 189
80 189
82 189
104 189
106 189
107 189
116 189
118 189
120 189
123 189
144 189
149 189
151 189
152 189
165 189
170 189
172 189
184 189
188 189
4 190
8 190
11 190
14 190
23 190
57 190
63 190
68 190
75 190
76 190
79 190
82 190
88 190
106 190
118 190
119 190
123 190
124 190
152 190
158 190
174 190
18 191
29 191
52 191
54 191
58 191
68 191
69 191
70 191
71 191
87 191
89 191
113 191
135 191
139 191
146 191
150 191
152 191
159 191
160 191
173 191
177 191
179 191
17 192
19 192
26 192
32 192
36 192
51 192
59 192
64 192
69 192
71 192
85 192
86 192
88 192
100 192
102 192
109 192
116 192
118 192
132 192
133 192
142 192
144 192
145 192
154 192
157 192
159 192
163 192
175 192
4 193
8 193
15 193
16 193
17 193
25 193
26 193
37 193
49 193
60 193
67 193
75 193
82 193
87 193
96 193
102 193
103 193
105 193
109 193
110 193
111 193
124 193
139 193
150 193
151 193
156 193
158 193
163 193
171 193
186 193
188 193
21 194
28 194
29 194
36 194
40 194
41 194
61 194
62 194
64 194
65 194
75 194
90 194
95 194
98 194
105 194
116 194
130 194
131 194
134 194
141 194
142 194
144 194
155 194
159 194
166 194
182 194
183 194
185 194
187 194
189 194
193 194
6 195
13 195
16 195
19 195
43 195
49 195
61 195
65 195
71 195
72 195
75 195
77 195
82 195
91 195
100 195
104 195
105 195
112 195
113 195
117 195
135 195
137 195
148 195
156 195
158 195
161 195
163 195
165 195
170 195
193 195
16 196
22 196
23 196
38 196
58 196
60 196
69 196
77 196
86 196
89 196
98 196
100 196
108 196
109 196
112 196
118 196
120 196
126 196
132 196
152 196
155 196
157 196
158 196
165 196
167 196
169 196
172 196
178 196
191 196
195 196
1 197
12 197
17 197
24 197
27 197
66 197
73 197
81 197
82 197
90 197
106 197
110 197
111 197
113 197
131 197
132 197
136 197
139 197
145 197
156 197
162 197
188 197
1 198
9 198
15 198
30 198
38 198
57 198
62 198
66 198
67 198
69 198
81 198
83 198
96 198
108 198
110 198
119 198
126 198
132 198
134 198
149 198
150 198
154 198
156 198
158 198
164 198
2 199
3 199
10 199
16 199
31 199
38 199
43 199
50 199
53 199
78 199
80 199
87 199
88 199
96 199
98 199
100 199
104 199
122 199
128 199
131 199
140 199
145 199
153 199
155 199
174 199
184 199
194 199
4 200
7 200
17 200
22 200
25 200
26 200
36 200
42 200
52 200
59 200
73 200
81 200
87 200
88 200
89 200
91 200
92 200
93 200
100 200
105 200
112 200
129 200
135 200
139 200
146 200
150 200
164 200
167 200
172 200
174 200
178 200
198 200
19 201
20 201
24 201
26 201
59 201
68 201
76 201
86 201
121 201
122 201
135 201
136 201
170 201
172 201
173 201
190 201
197 201
198 201
200 201
8 202
10 202
14 202
16 202
21 202
34 202
48 202
49 202
68 202
74 202
81 202
82 202
91 202
97 202
99 202
102 202
103 202
106 202
108 202
117 202
120 202
123 202
133 202
145 202
151 202
156 202
160 202
175 202
181 202
184 202
187 202
191 202
194 202
201 202
3 203
8 203
37 203
46 203
53 203
58 203
59 203
64 203
66 203
67 203
68 203
75 203
81 203
84 203
88 203
102 203
105 203
106 203
107 203
109 203
122 203
136 203
152 203
157 203
163 203
165 203
183 203
201 203
202 203
24 204
25 204
38 204
40 204
42 204
46 204
53 204
54 204
63 204
70 204
74 204
78 204
89 204
90 204
95 204
102 204
105 204
111 204
114 204
117 204
119 204
133 204
142 204
152 204
158 204
160 204
162 204
164 204
171 204
173 204
185 204
189 204
194 204
196 204
203 204
3 205
4 205
21 205
30 205
31 205
33 205
36 205
38 205
47 205
63 205
76 205
80 205
85 205
89 205
103 205
106 205
112 205
113 205
115 205
124 205
134 205
137 205
144 205
147 205
148 205
154 205
160 205
166 205
168 205
174 205
175 205
181 205
204 205
10 206
24 206
45 206
47 206
50 206
52 206
58 206
60 206
70 206
77 206
89 206
96 206
103 206
107 206
113 206
119 206
128 206
129 206
139 206
142 206
161 206
168 206
179 206
180 206
181 206
182 206
188 206
204 206
3 207
8 207
10 207
22 207
24 207
31 207
41 207
64 207
65 207
67 207
68 207
80 207
88 207
91 207
96 207
97 207
108 207
119 207
124 207
125 207
128 207
145 207
164 207
166 207
171 207
172 207
194 207
197 207
203 207
205 207
11 208
14 208
15 208
19 208
22 208
23 208
24 208
33 208
35 208
38 208
45 208
57 208
86 208
88 208
115 208
133 208
141 208
154 208
158 208
168 208
169 208
190 208
191 208
197 208
17 209
19 209
33 209
37 209
38 209
41 209
47 209
57 209
60 209
61 209
64 209
66 209
68 209
72 209
79 209
90 209
96 209
107 209
115 209
117 209
123 209
137 209
145 209
148 209
149 209
150 209
151 209
156 209
158 209
160 209
163 209
168 209
170 209
177 209
181 209
188 209
189 209
12 210
15 210
16 210
20 210
21 210
42 210
51 210
58 210
63 210
72 210
79 210
85 210
88 210
89 210
98 210
102 210
106 210
108 210
115 210
117 210
120 210
127 210
130 210
143 210
181 210
188 210
190 210
207 210
10 211
12 211
15 211
17 211
46 211
47 211
53 211
58 211
64 211
80 211
88 211
90 211
91 211
93 211
108 211
110 211
112 211
117 211
122 211
126 211
147 211
149 211
154 211
160 211
169 211
177 211
179 211
184 211
198 211
208 211
5 212
18 212
22 212
27 212
30 212
46 212
47 212
54 212
55 212
65 212
66 212
69 212
73 212
83 212
87 212
94 212
95 212
107 212
108 212
113 212
132 212
139 212
141 212
142 212
154 212
164 212
168 212
176 212
177 212
178 212
182 212
195 212
196 212
203 212
1 213
4 213
9 213
10 213
14 213
15 213
20 213
25 213
28 213
30 213
59 213
63 213
72 213
77 213
84 213
90 213
95 213
107 213
114 213
117 213
126 213
128 213
146 213
153 213
164 213
165 213
177 213
178 213
182 213
187 213
190 213
198 213
202 213
206 213
208 213
211 213
212 213
13 214
22 214
26 214
29 214
30 214
31 214
34 214
35 214
64 214
81 214
85 214
90 214
97 214
122 214
147 214
149 214
162 214
189 214
191 214
196 214
198 214
205 214
206 214
0 215
2 215
8 215
12 215
17 215
21 215
24 215
26 215
29 215
40 215
44 215
48 215
54 215
55 215
58 215
67 215
75 215
78 215
81 215
86 215
128 215
129 215
142 215
147 215
150 215
161 215
163 215
179 215
187 215
190 215
207 215
209 215
4 216
13 216
14 216
18 216
27 216
34 216
35 216
38 216
44 216
50 216
54 216
56 216
61 216
64 216
65 216
66 216
68 216
69 216
73 216
76 216
88 216
107 216
118 216
130 216
136 216
139 216
144 216
145 216
146 216
171 216
172 216
176 216
179 216
182 216
187 216
188 216
189 216
196 216
207 216
208 216
214 216
14 217
20 217
25 217
30 217
31 217
35 217
37 217
43 217
50 217
52 217
56 217
69 217
93 217
97 217
101 217
102 217
113 217
115 217
126 217
131 217
136 217
153 217
155 217
160 217
161 217
176 217
184 217
191 217
199 217
3 218
12 218
17 218
28 218
29 218
34 218
38 218
55 218
58 218
63 218
64 218
65 218
68 218
76 218
81 218
91 218
106 218
108 218
110 218
141 218
152 218
171 218
179 218
181 218
188 218
193 218
197 218
201 218
203 218
208 218
213 218
215 218
1 219
34 219
38 219
42 219
43 219
44 219
54 219
69 219
72 219
76 219
82 219
92 219
94 219
95 219
97 219
128 219
130 219
133 219
135 219
136 219
152 219
153 219
168 219
170 219
172 219
180 219
181 219
184 219
187 219
191 219
218 219
10 220
11 220
18 220
38 220
40 220
48 220
50 220
60 220
61 220
64 220
72 220
79 220
90 220
106 220
119 220
123 220
126 220
129 220
131 220
144 220
159 220
163 220
164 220
176 220
185 220
188 220
191 220
194 220
196 220
197 220
202 220
203 220
205 220
210 220
216 220
15 221
16 221
27 221
28 221
29 221
58 221
61 221
70 221
72 221
79 221
80 221
83 221
103 221
105 221
109 221
127 221
142 221
143 221
149 221
156 221
172 221
178 221
181 221
190 221
194 221
196 221
198 221
214 221
218 221
0 222
2 222
3 222
18 222
46 222
48 222
53 222
57 222
58 222
63 222
69 222
72 222
80 222
83 222
94 222
105 222
106 222
107 222
112 222
115 222
124 222
127 222
135 222
147 222
152 222
153 222
160 222
162 222
182 222
185 222
186 222
188 222
190 222
193 222
196 222
199 222
203 222
205 222
3 223
6 223
11 223
17 223
18 223
22 223
27 223
31 223
34 223
35 223
51 223
58 223
69 223
71 223
86 223
95 223
96 223
98 223
112 223
125 223
135 223
140 223
145 223
152 223
153 223
175 223
184 223
185 223
186 223
191 223
195 223
196 223
199 223
200 223
203 223
209 223
211 223
222 223
1 224
12 224
23 224
33 224
40 224
42 224
48 224
50 224
52 224
54 224
55 224
57 224
58 224
62 224
70 224
74 224
75 224
87 224
96 224
97 224
107 224
112 224
123 224
132 224
136 224
137 224
138 224
148 224
165 224
169 224
176 224
179 224
185 224
187 224
191 224
193 224
197 224
199 224
203 224
204 224
205 224
7 225
8 225
9 225
23 225
34 225
35 225
38 225
49 225
51 225
59 225
63 225
64 225
76 225
94 225
95 225
97 225
107 225
112 225
115 225
116 225
119 225
124 225
132 225
134 225
135 225
143 225
144 225
148 225
150 225
160 225
161 225
178 225
205 225
224 225
4 226
6 226
7 226
9 226
18 226
21 226
23 226
24 226
29 226
31 226
32 226
36 226
51 226
55 226
66 226
67 226
74 226
84 226
98 226
108 226
111 226
113 226
115 226
117 226
118 226
119 226
121 226
123 226
125 226
130 226
131 226
157 226
159 226
160 226
164 226
176 226
178 226
184 226
196 226
198 226
1 227
18 227
20 227
24 227
44 227
51 227
54 227
69 227
85 227
111 227
116 227
117 227
118 227
120 227
125 227
130 227
143 227
145 227
157 227
167 227
169 227
176 227
184 227
186 227
188 227
196 227
200 227
205 227
217 227
223 227
225 227
226 227
3 228
6 228
7 228
15 228
40 228
48 228
50 228
58 228
64 228
66 228
71 228
76 228
81 228
98 228
119 228
122 228
133 228
136 228
147 228
158 228
163 228
170 228
173 228
177 228
181 228
186 228
198 228
203 228
207 228
209 228
210 228
217 228
221 228
227 228
18 229
28 229
35 229
44 229
54 229
67 229
72 229
75 229
82 229
106 229
111 229
115 229
116 229
131 229
134 229
141 229
164 229
165 229
170 229
181 229
186 229
189 229
192 229
196 229
219 229
226 229
2 230
3 230
8 230
10 230
13 230
16 230
18 230
24 230
31 230
38 230
49 230
66 230
76 230
81 230
83 230
89 230
90 230
112 230
129 230
133 230
134 230
136 230
138 230
153 230
156 230
174 230
181 230
185 230
186 230
188 230
199 230
209 230
220 230
223 230
9 231
11 231
14 231
21 231
26 231
29 231
31 231
40 231
46 231
48 231
49 231
56 231
63 231
65 231
73 231
80 231
82 231
88 231
97 231
104 231
107 231
108 231
110 231
126 231
135 231
138 231
139 231
141 231
142 231
150 231
154 231
159 231
161 231
168 231
182 231
197 231
199 231
203 231
205 231
210 231
213 231
214 231
217 231
223 231
229 231
3 232
6 232
32 232
39 232
51 232
54 232
65 232
67 232
71 232
89 232
95 232
96 232
98 232
106 232
107 232
114 232
117 232
122 232
135 232
149 232
176 232
178 232
185 232
189 232
195 232
209 232
211 232
213 232
214 232
222 232
225 232
0 233
3 233
13 233
30 233
33 233
35 233
40 233
53 233
54 233
59 233
74 233
75 233
79 233
80 233
87 233
89 233
93 233
97 233
106 233
107 233
115 233
128 233
131 233
134 233
136 233
137 233
141 233
164 233
176 233
202 233
0 234
4 234
16 234
50 234
61 234
87 234
92 234
95 234
96 234
97 234
99 234
103 234
116 234
121 234
141 234
157 234
170 234
174 234
175 234
176 234
185 234
206 234
207 234
215 234
220 234
229 234
230 234
11 235
12 235
19 235
22 235
30 235
32 235
33 235
34 235
45 235
50 235
56 235
58 235
62 235
78 235
84 235
87 235
88 235
111 235
115 235
117 235
134 235
138 235
154 235
156 235
158 235
159 235
161 235
167 235
171 235
172 235
179 235
180 235
189 235
204 235
205 235
206 235
217 235
229 235
232 235
0 236
4 236
5 236
15 236
16 236
21 236
28 236
30 236
31 236
53 236
61 236
74 236
81 236
88 236
89 236
97 236
108 236
142 236
157 236
162 236
166 236
168 236
177 236
181 236
183 236
185 236
187 236
193 236
196 236
204 236
206 236
209 236
211 236
216 236
233 236
3 237
13 237
18 237
43 237
54 237
58 237
105 237
108 237
116 237
125 237
130 237
136 237
146 237
152 237
153 237
159 237
161 237
178 237
187 237
196 237
205 237
222 237
225 237
226 237
234 237
12 238
20 238
24 238
35 238
40 238
41 238
44 238
46 238
54 238
59 238
63 238
66 238
68 238
93 238
95 238
102 238
107 238
109 238
111 238
128 238
133 238
138 238
142 238
150 238
166 238
170 238
179 238
201 238
214 238
215 238
223 238
224 238
229 238
236 238
1 239
11 239
38 239
39 239
41 239
45 239
46 239
50 239
52 239
61 239
65 239
71 239
75 239
77 239
85 239
86 239
88 239
91 239
95 239
98 239
107 239
111 239
112 239
113 239
119 239
122 239
133 239
144 239
155 239
161 239
163 239
168 239
189 239
190 239
200 239
204 239
213 239
214 239
217 239
218 239
220 239
7 240
25 240
26 240
28 240
30 240
48 240
56 240
61 240
62 240
82 240
88 240
89 240
102 240
109 240
110 240
111 240
116 240
120 240
126 240
145 240
160 240
165 240
182 240
190 240
198 240
201 240
209 240
210 240
211 240
214 240
217 240
222 240
13 241
21 241
34 241
35 241
57 241
64 241
65 241
67 241
75 241
90 241
96 241
101 241
105 241
112 241
131 241
133 241
156 241
160 241
164 241
167 241
196 241
211 241
214 241
217 241
219 241
229 241
232 241
239 241
1 242
4 242
7 242
12 242
15 242
17 242
25 242
50 242
54 242
57 242
60 242
64 242
72 242
79 242
80 242
92 242
96 242
100 242
103 242
113 242
119 242
121 242
128 242
131 242
133 242
136 242
137 242
144 242
145 242
150 242
153 242
157 242
158 242
164 242
165 242
167 242
176 242
177 242
182 242
183 242
188 242
193 242
204 242
207 242
226 242
232 242
3 243
7 243
9 243
10 243
17 243
23 243
25 243
27 243
32 243
36 243
37 243
42 243
44 243
55 243
65 243
85 243
88 243
92 243
100 243
119 243
120 243
127 243
128 243
129 243
137 243
141 243
154 243
161 243
167 243
171 243
193 243
197 243
200 243
207 243
214 243
231 243
238 243
12 244
14 244
17 244
18 244
21 244
24 244
32 244
34 244
37 244
40 244
41 244
42 244
44 244
54 244
60 244
65 244
68 244
72 244
74 244
75 244
79 244
91 244
100 244
106 244
109 244
118 244
119 244
148 244
149 244
150 244
153 244
156 244
169 244
182 244
192 244
205 244
207 244
208 244
211 244
220 244
223 244
227 244
232 244
237 244
9 245
10 245
12 245
15 245
19 245
22 245
35 245
36 245
39 245
49 245
52 245
54 245
63 245
66 245
77 245
82 245
91 245
96 245
103 245
108 245
110 245
117 245
119 245
125 245
127 245
129 245
136 245
140 245
142 245
145 245
153 245
156 245
161 245
164 245
172 245
187 245
200 245
202 245
214 245
215 245
227 245
241 245
11 246
16 246
28 246
31 246
35 246
40 246
41 246
42 246
58 246
63 246
66 246
67 246
68 246
69 246
72 246
73 246
75 246
77 246
78 246
84 246
91 246
92 246
94 246
102 246
127 246
128 246
140 246
141 246
146 246
147 246
151 246
152 246
156 246
158 246
167 246
170 246
177 246
185 246
196 246
197 246
212 246
214 246
216 246
228 246
232 246
240 246
244 246
245 246
4 247
12 247
31 247
58 247
70 247
71 247
74 247
80 247
95 247
96 247
98 247
102 247
104 247
110 247
111 247
143 247
148 247
161 247
201 247
204 247
226 247
240 247
0 248
16 248
44 248
48 248
49 248
50 248
51 248
52 248
55 248
56 248
65 248
71 248
74 248
90 248
98 248
101 248
104 248
108 248
110 248
113 248
121 248
123 248
125 248
126 248
129 248
130 248
141 248
150 248
164 248
168 248
182 248
189 248
195 248
197 248
208 248
210 248
213 248
226 248
237 248
245 248
1 249
13 249
20 249
21 249
28 249
29 249
40 249
46 249
64 249
67 249
72 249
82 249
88 249
94 249
99 249
110 249
113 249
121 249
141 249
144 249
149 249
159 249
161 249
170 249
173 249
180 249
186 249
201 249
213 249
225 249
228 249
240 249
245 249
248 249
9 250
11 250
17 250
21 250
26 250
40 250
47 250
49 250
53 250
64 250
67 250
103 250
108 250
110 250
112 250
114 250
137 250
154 250
161 250
167 250
168 250
170 250
174 250
180 250
185 250
200 250
212 250
213 250
221 250
223 250
230 250
240 250
241 250
242 250
248 250
4 251
20 251
26 251
28 251
33 251
35 251
44 251
50 251
53 251
55 251
58 251
65 251
66 251
67 251
69 251
81 251
83 251
86 251
97 251
103 251
106 251
108 251
118 251
128 251
132 251
134 251
136 251
137 251
140 251
144 251
146 251
157 251
165 251
171 251
174 251
178 251
187 251
200 251
204 251
222 251
227 251
229 251
231 251
247 251
5 252
9 252
12 252
18 252
23 252
30 252
40 252
56 252
59 252
64 252
80 252
82 252
85 252
91 252
105 252
114 252
117 252
121 252
127 252
128 252
130 252
141 252
143 252
152 252
153 252
159 252
163 252
179 252
186 252
188 252
189 252
201 252
207 252
214 252
223 252
225 252
226 252
240 252
241 252
242 252
243 252
248 252
251 252
0 253
3 253
8 253
9 253
16 253
22 253
30 253
35 253
37 253
39 253
45 253
48 253
51 253
76 253
82 253
85 253
86 253
100 253
102 253
104 253
105 253
109 253
123 253
130 253
146 253
151 253
152 253
169 253
194 253
202 253
205 253
210 253
216 253
218 253
223 253
228 253
230 253
235 253
0 254
7 254
8 254
17 254
32 254
43 254
49 254
50 254
51 254
53 254
55 254
56 254
59 254
74 254
82 254
102 254
110 254
114 254
124 254
129 254
130 254
131 254
134 254
136 254
142 254
149 254
150 254
158 254
164 254
166 254
184 254
186 254
199 254
211 254
223 254
225 254
226 254
233 254
239 254
251 254
253 254
5 255
9 255
29 255
35 255
39 255
66 255
74 255
95 255
98 255
111 255
113 255
114 255
115 255
127 255
130 255
132 255
133 255
134 255
140 255
147 255
167 255
170 255
176 255
193 255
195 255
212 255
216 255
229 255
234 255
240 255
241 255
250 255
252 255
254 255
29 256
41 256
51 256
53 256
63 256
66 256
68 256
70 256
74 256
80 256
90 256
91 256
96 256
98 256
104 256
108 256
110 256
112 256
120 256
138 256
142 256
147 256
161 256
166 256
173 256
192 256
205 256
208 256
227 256
252 256
25 257
28 257
31 257
36 257
43 257
47 257
48 257
52 257
56 257
68 257
82 257
90 257
96 257
99 257
111 257
123 257
126 257
138 257
142 257
154 257
160 257
167 257
177 257
179 257
193 257
197 257
198 257
201 257
202 257
206 257
218 257
232 257
245 257
252 257
253 257
11 258
16 258
20 258
30 258
31 258
42 258
48 258
57 258
59 258
67 258
69 258
73 258
76 258
77 258
81 258
85 258
88 258
89 258
93 258
97 258
101 258
104 258
105 258
110 258
112 258
128 258
131 258
141 258
142 258
145 258
146 258
154 258
162 258
171 258
176 258
180 258
184 258
197 258
198 258
201 258
208 258
213 258
224 258
227 258
235 258
239 258
249 258
251 258
253 258
7 259
15 259
31 259
49 259
58 259
63 259
65 259
72 259
82 259
86 259
93 259
94 259
100 259
105 259
113 259
126 259
128 259
146 259
147 259
150 259
154 259
159 259
167 259
169 259
177 259
189 259
221 259
223 259
232 259
241 259
256 259
258 259
5 260
8 260
12 260
14 260
20 260
22 260
27 260
34 260
52 260
55 260
78 260
80 260
92 260
99 260
105 260
109 260
111 260
124 260
130 260
132 260
145 260
149 260
150 260
156 260
159 260
161 260
164 260
168 260
181 260
182 260
188 260
189 260
198 260
206 260
208 260
213 260
214 260
220 260
229 260
236 260
240 260
247 260
250 260
252 260
258 260
7 261
24 261
25 261
31 261
44 261
47 261
48 261
55 261
56 261
64 261
68 261
71 261
72 261
74 261
81 261
85 261
86 261
89 261
99 261
122 261
125 261
127 261
130 261
134 261
135 261
145 261
152 261
153 261
154 261
157 261
181 261
182 261
183 261
189 261
196 261
199 261
200 261
203 261
204 261
206 261
214 261
218 261
223 261
228 261
241 261
248 261
252 261
258 261
259 261
260 261
4 262
5 262
14 262
19 262
22 262
24 262
25 262
26 262
27 262
35 262
37 262
47 262
51 262
54 262
62 262
70 262
95 262
105 262
112 262
116 262
122 262
124 262
142 262
146 262
161 262
176 262
184 262
186 262
191 262
223 262
226 262
228 262
235 262
239 262
243 262
254 262
256 262
16 263
17 263
18 263
21 263
23 263
41 263
48 263
50 263
53 263
64 263
65 263
70 263
71 263
75 263
80 263
81 263
83 263
86 263
92 263
98 263
99 263
110 263
116 263
120 263
122 263
133 263
140 263
157 263
163 263
172 263
181 263
188 263
191 263
194 263
205 263
223 263
229 263
236 263
253 263
257 263
258 263
2 264
36 264
41 264
43 264
45 264
55 264
73 264
77 264
90 264
102 264
104 264
108 264
125 264
129 264
131 264
132 264
133 264
137 264
139 264
141 264
148 264
158 264
162 264
163 264
167 264
170 264
185 264
235 264
236 264
237 264
247 264
250 264
251 264
252 264
256 264
261 264
5 265
6 265
7 265
19 265
31 265
35 265
43 265
47 265
56 265
60 265
76 265
80 265
87 265
95 265
119 265
128 265
129 265
131 265
150 265
154 265
158 265
168 265
174 265
175 265
176 265
180 265
196 265
198 265
200 265
205 265
221 265
229 265
236 265
239 265
244 265
260 265
10 266
21 266
31 266
38 266
39 266
41 266
58 266
60 266
68 266
71 266
84 266
93 266
94 266
96 266
108 266
121 266
128 266
131 266
132 266
143 266
144 266
145 266
146 266
154 266
161 266
162 266
179 266
187 266
193 266
211 266
216 266
225 266
227 266
230 266
232 266
233 266
242 266
243 266
244 266
252 266
265 266
1 267
8 267
19 267
26 267
51 267
52 267
66 267
75 267
87 267
91 267
102 267
118 267
130 267
134 267
142 267
143 267
145 267
147 267
148 267
150 267
151 267
159 267
162 267
188 267
191 267
193 267
197 267
204 267
228 267
234 267
235 267
250 267
258 267
262 267
264 267
265 267
5 268
9 268
12 268
18 268
23 268
26 268
31 268
32 268
42 268
45 268
54 268
84 268
94 268
97 268
105 268
126 268
131 268
135 268
140 268
144 268
150 268
154 268
156 268
162 268
163 268
164 268
169 268
178 268
196 268
197 268
206 268
214 268
234 268
246 268
264 268
0 269
3 269
11 269
12 269
18 269
21 269
26 269
28 269
45 269
53 269
68 269
73 269
81 269
82 269
83 269
94 269
101 269
114 269
120 269
122 269
137 269
152 269
159 269
162 269
165 269
167 269
168 269
175 269
178 269
196 269
198 269
201 269
219 269
220 269
222 269
228 269
232 269
234 269
235 269
248 269
258 269
265 269
0 270
1 270
11 270
13 270
19 270
40 270
41 270
63 270
68 270
89 270
92 270
101 270
103 270
109 270
114 270
117 270
121 270
124 270
126 270
130 270
134 270
145 270
156 270
193 270
205 270
208 270
216 270
219 270
221 270
233 270
243 270
248 270
257 270
258 270
259 270
261 270
263 270
266 270
0 271
7 271
16 271
17 271
51 271
54 271
56 271
57 271
74 271
85 271
88 271
103 271
111 271
113 271
115 271
119 271
125 271
132 271
145 271
146 271
149 271
152 271
167 271
173 271
180 271
195 271
201 271
214 271
222 271
223 271
233 271
234 271
237 271
243 271
255 271
258 271
260 271
261 271
262 271
265 271
266 271
1 272
3 272
7 272
11 272
14 272
17 272
18 272
22 272
39 272
40 272
43 272
52 272
53 272
57 272
59 272
65 272
72 272
75 272
88 272
91 272
109 272
125 272
126 272
133 272
144 272
155 272
156 272
158 272
161 272
164 272
173 272
177 272
183 272
198 272
200 272
204 272
216 272
217 272
218 272
221 272
222 272
239 272
245 272
246 272
250 272
254 272
271 272
0 273
2 273
4 273
6 273
12 273
15 273
38 273
49 273
56 273
65 273
70 273
72 273
86 273
97 273
98 273
101 273
112 273
113 273
119 273
127 273
129 273
130 273
137 273
138 273
141 273
150 273
152 273
160 273
161 273
170 273
174 273
181 273
193 273
195 273
207 273
214 273
215 273
236 273
244 273
251 273
252 273
256 273
265 273
271 273
2 274
3 274
5 274
6 274
27 274
28 274
30 274
36 274
39 274
49 274
60 274
68 274
69 274
77 274
82 274
83 274
84 274
93 274
99 274
104 274
106 274
107 274
114 274
130 274
134 274
146 274
151 274
155 274
160 274
172 274
175 274
178 274
181 274
189 274
207 274
211 274
230 274
231 274
239 274
240 274
243 274
247 274
255 274
263 274
265 274
5 275
19 275
20 275
22 275
32 275
36 275
44 275
46 275
50 275
65 275
68 275
71 275
75 275
79 275
82 275
85 275
90 275
94 275
107 275
109 275
129 275
131 275
135 275
136 275
147 275
150 275
156 275
157 275
164 275
165 275
167 275
176 275
189 275
191 275
200 275
205 275
207 275
212 275
214 275
218 275
222 275
233 275
236 275
239 275
244 275
255 275
259 275
18 276
20 276
29 276
32 276
33 276
37 276
45 276
84 276
115 276
127 276
129 276
152 276
161 276
162 276
166 276
172 276
176 276
183 276
185 276
187 276
192 276
196 276
199 276
202 276
210 276
212 276
214 276
224 276
233 276
235 276
237 276
239 276
250 276
259 276
270 276
273 276
275 276
0 277
2 277
6 277
10 277
12 277
22 277
24 277
29 277
36 277
38 277
43 277
47 277
50 277
53 277
58 277
82 277
93 277
94 277
119 277
127 277
130 277
142 277
143 277
152 277
153 277
160 277
183 277
187 277
202 277
207 277
208 277
213 277
219 277
225 277
228 277
238 277
244 277
248 277
268 277
271 277
9 278
22 278
27 278
38 278
42 278
54 278
58 278
66 278
75 278
77 278
78 278
85 278
90 278
92 278
110 278
115 278
129 278
137 278
153 278
159 278
162 278
167 278
170 278
176 278
184 278
186 278
187 278
194 278
205 278
206 278
209 278
211 278
226 278
230 278
235 278
242 278
253 278
259 278
262 278
265 278
272 278
276 278
7 279
16 279
20 279
24 279
33 279
41 279
50 279
58 279
59 279
65 279
66 279
71 279
75 279
82 279
95 279
114 279
120 279
140 279
142 279
145 279
151 279
153 279
157 279
159 279
166 279
170 279
178 279
187 279
215 279
222 279
225 279
233 279
247 279
249 279
254 279
261 279
0 280
6 280
10 280
22 280
32 280
43 280
44 280
54 280
55 280
57 280
59 280
65 280
74 280
87 280
112 280
115 280
133 280
143 280
150 280
154 280
158 280
159 280
161 280
174 280
180 280
198 280
208 280
211 280
217 280
226 280
231 280
235 280
243 280
247 280
255 280
257 280
260 280
2 281
3 281
9 281
16 281
17 281
20 281
57 281
58 281
72 281
75 281
106 281
130 281
132 281
160 281
179 281
185 281
187 281
188 281
190 281
191 281
212 281
225 281
234 281
238 281
243 281
250 281
252 281
264 281
266 281
270 281
273 281
9 282
19 282
48 282
53 282
77 282
94 282
98 282
104 282
111 282
124 282
145 282
147 282
174 282
181 282
183 282
184 282
202 282
215 282
219 282
224 282
234 282
248 282
265 282
273 282
275 282
279 282
1 283
6 283
25 283
35 283
41 283
67 283
90 283
94 283
95 283
100 283
108 283
115 283
121 283
134 283
135 283
137 283
148 283
150 283
156 283
159 283
162 283
167 283
175 283
182 283
203 283
209 283
210 283
211 283
216 283
232 283
253 283
255 283
0 284
7 284
55 284
60 284
86 284
89 284
90 284
107 284
114 284
115 284
117 284
120 284
122 284
139 284
149 284
155 284
157 284
164 284
169 284
176 284
180 284
188 284
195 284
202 284
203 284
206 284
216 284
217 284
223 284
228 284
231 284
233 284
238 284
240 284
246 284
270 284
272 284
283 284
11 285
21 285
22 285
44 285
61 285
62 285
68 285
70 285
81 285
85 285
89 285
90 285
91 285
97 285
104 285
107 285
123 285
148 285
149 285
157 285
160 285
178 285
188 285
191 285
194 285
201 285
206 285
224 285
226 285
244 285
250 285
252 285
260 285
266 285
3 286
4 286
5 286
6 286
15 286
27 286
28 286
31 286
37 286
39 286
41 286
44 286
61 286
62 286
71 286
86 286
90 286
106 286
129 286
130 286
136 286
141 286
143 286
146 286
150 286
156 286
165 286
167 286
171 286
172 286
179 286
187 286
203 286
210 286
225 286
227 286
231 286
236 286
240 286
246 286
258 286
259 286
268 286
1 287
4 287
12 287
15 287
16 287
18 287
24 287
25 287
27 287
36 287
39 287
43 287
48 287
49 287
51 287
55 287
63 287
73 287
81 287
83 287
89 287
101 287
124 287
144 287
147 287
151 287
155 287
160 287
165 287
168 287
172 287
173 287
174 287
175 287
176 287
179 287
184 287
194 287
200 287
201 287
204 287
210 287
212 287
217 287
219 287
225 287
227 287
234 287
235 287
237 287
247 287
261 287
265 287
269 287
270 287
280 287
282 287
6 288
7 288
11 288
12 288
16 288
23 288
24 288
34 288
37 288
39 288
48 288
54 288
55 288
61 288
78 288
84 288
87 288
88 288
91 288
101 288
133 288
134 288
138 288
139 288
141 288
150 288
151 288
169 288
170 288
177 288
178 288
187 288
208 288
216 288
221 288
224 288
225 288
226 288
229 288
236 288
241 288
244 288
247 288
251 288
271 288
286 288
2 289
7 289
23 289
30 289
33 289
39 289
43 289
44 289
53 289
65 289
82 289
90 289
97 289
116 289
120 289
123 289
130 289
133 289
135 289
149 289
160 289
171 289
180 289
183 289
191 289
200 289
201 289
202 289
208 289
213 289
214 289
217 289
226 289
227 289
238 289
240 289
262 289
264 289
267 289
276 289
288 289
3 290
7 290
11 290
13 290
15 290
18 290
33 290
35 290
47 290
50 290
51 290
55 290
68 290
72 290
79 290
81 290
87 290
95 290
97 290
121 290
128 290
134 290
137 290
139 290
144 290
147 290
153 290
154 290
157 290
175 290
177 290
191 290
202 290
209 290
212 290
216 290
219 290
224 290
235 290
236 290
240 290
251 290
255 290
256 290
273 290
274 290
276 290
278 290
281 290
9 291
11 291
14 291
20 291
35 291
40 291
45 291
59 291
60 291
61 291
63 291
69 291
72 291
84 291
85 291
88 291
94 291
98 291
101 291
112 291
117 291
118 291
134 291
143 291
145 291
149 291
157 291
173 291
174 291
181 291
184 291
201 291
208 291
213 291
214 291
228 291
232 291
235 291
241 291
242 291
243 291
247 291
265 291
0 292
5 292
13 292
14 292
16 292
18 292
32 292
42 292
56 292
58 292
60 292
64 292
66 292
96 292
98 292
107 292
109 292
111 292
114 292
118 292
120 292
126 292
135 292
145 292
148 292
150 292
161 292
173 292
177 292
180 292
191 292
206 292
224 292
226 292
228 292
240 292
245 292
253 292
255 292
257 292
266 292
267 292
275 292
290 292
7 293
25 293
28 293
30 293
35 293
38 293
39 293
79 293
86 293
89 293
93 293
95 293
108 293
117 293
132 293
146 293
150 293
153 293
156 293
158 293
161 293
174 293
176 293
181 293
187 293
190 293
196 293
198 293
201 293
202 293
205 293
206 293
213 293
215 293
217 293
219 293
222 293
226 293
231 293
240 293
243 293
255 293
267 293
271 293
287 293
9 294
21 294
24 294
27 294
34 294
53 294
58 294
64 294
86 294
107 294
132 294
142 294
144 294
152 294
154 294
159 294
163 294
177 294
181 294
188 294
193 294
195 294
196 294
198 294
204 294
208 294
229 294
236 294
249 294
260 294
263 294
267 294
268 294
278 294
15 295
16 295
27 295
34 295
38 295
43 295
57 295
59 295
61 295
73 295
74 295
75 295
106 295
114 295
116 295
124 295
149 295
154 295
157 295
158 295
159 295
163 295
171 295
172 295
176 295
184 295
192 295
195 295
209 295
213 295
228 295
232 295
233 295
235 295
236 295
245 295
256 295
268 295
273 295
279 295
280 295
286 295
288 295
291 295
292 295
2 296
5 296
24 296
27 296
32 296
41 296
55 296
81 296
88 296
89 296
90 296
91 296
122 296
127 296
147 296
149 296
152 296
155 296
157 296
161 296
181 296
188 296
192 296
196 296
198 296
206 296
209 296
215 296
228 296
234 296
236 296
237 296
240 296
242 296
246 296
252 296
261 296
265 296
276 296
278 296
288 296
6 297
10 297
13 297
35 297
37 297
41 297
42 297
52 297
61 297
63 297
67 297
75 297
84 297
96 297
103 297
111 297
114 297
128 297
143 297
149 297
156 297
158 297
171 297
176 297
183 297
188 297
200 297
212 297
220 297
228 297
235 297
236 297
239 297
240 297
242 297
267 297
268 297
281 297
285 297
291 297
292 297
294 297
5 298
7 298
48 298
55 298
71 298
85 298
96 298
103 298
104 298
115 298
117 298
122 298
129 298
130 298
142 298
143 298
151 298
153 298
163 298
173 298
195 298
200 298
213 298
214 298
218 298
225 298
229 298
239 298
242 298
244 298
246 298
254 298
260 298
295 298
12 299
17 299
25 299
30 299
33 299
48 299
51 299
55 299
62 299
63 299
79 299
82 299
85 299
103 299
121 299
124 299
137 299
149 299
153 299
154 299
155 299
156 299
159 299
174 299
180 299
191 299
204 299
217 299
226 299
233 299
240 299
249 299
265 299
270 299
273 299
277 299
282 299
290 299
291 299
294 299
