300 4710 5
15 19 29 6 17 1 8 49 25 16 14 2 20 7 2 6 15 12 8 10 21 6 4 20 5 10 7 1 2 12 1 7 1 14 3 1 2 7 3 5 9 9 10 10 2 4 4 9 4 7 13 4 1 9 23 17 2 38 19 32 1 10 16 6 54 6 23 1 10 8 3 1 4 3 1 7 25 21 4 41 4 1 18 25 2 2 13 17 17 37 19 21 7 8 12 5 15 6 9 3 8 20 12 4 55 4 9 10 2 7 23 6 2 17 13 4 28 9 10 32 11 5 8 3 6 6 2 32 4 3 30 7 3 7 4 6 10 3 2 9 12 7 2 11 11 1 6 11 12 11 2 2 4 11 21 9 19 5 2 2 5 25 2 9 23 9 29 1 3 12 16 6 7 14 13 29 3 13 5 7 5 26 3 20 18 10 31 16 29 10 10 1 40 7 3 1 3 4 4 11 3 21 4 10 27 5 4 16 21 4 21 14 3 8 4 2 6 5 13 24 5 4 4 1 4 1 10 18 13 30 16 3 9 1 1 3 7 6 2 23 5 2 9 11 3 1 2 8 7 12 4 3 16 9 1 15 1 22 12 3 1 5 7 32 10 14 5 7 1 2 5 6 2 6 6 23 3 33 14 4 3 2 40 13 2 4 13 3 5 7 19 11 5 21 2 10 19 11 2 19
0 4
2 4
3 6
6 7
2 8
3 10
0 12
9 12
1 14
2 14
3 15
14 16
1 18
3 18
5 18
11 18
3 19
5 19
6 19
1 20
9 20
3 21
7 22
20 23
21 23
3 24
0 25
10 25
14 25
6 26
12 26
6 27
12 27
14 27
17 27
8 28
17 28
19 28
3 29
14 29
20 29
26 29
12 30
13 30
15 30
16 30
22 30
26 30
18 31
14 32
16 32
10 33
20 33
28 33
4 34
9 34
30 34
3 36
18 36
22 36
27 36
35 36
11 37
16 37
19 37
30 37
18 38
25 38
6 39
7 39
36 39
11 40
14 40
24 40
28 40
34 40
2 41
17 41
25 41
31 41
33 41
39 41
0 42
3 42
4 42
9 42
18 42
19 42
38 42
41 42
3 43
8 43
13 43
14 43
21 43
22 43
25 43
4 44
11 44
17 44
23 44
26 44
32 44
42 44
1 45
8 45
13 45
17 45
26 45
35 45
16 46
23 46
43 46
44 46
17 47
24 47
32 47
39 47
2 48
8 48
26 48
30 48
35 48
46 48
15 49
17 49
18 49
35 49
38 49
40 49
41 49
43 49
47 49
48 49
9 50
29 50
33 50
49 50
10 51
15 51
18 51
31 51
35 51
40 51
44 51
8 52
43 52
13 53
21 53
22 53
30 53
32 53
33 53
34 53
46 53
52 53
13 54
19 54
29 54
30 54
44 54
45 54
50 54
0 56
3 56
17 56
26 56
36 56
14 57
28 57
34 57
46 57
47 57
53 57
7 58
16 58
19 58
27 58
31 58
38 58
5 59
11 59
24 59
41 59
43 59
51 59
56 59
2 60
17 60
19 60
20 60
48 60
49 60
0 61
4 61
23 61
25 61
27 61
28 61
33 61
40 61
47 61
29 62
32 62
33 62
41 62
45 62
57 62
6 63
13 63
16 63
17 63
34 64
56 64
0 65
6 65
11 65
31 65
57 65
59 65
60 65
62 65
64 65
6 66
12 66
23 66
45 66
57 66
59 66
64 66
0 67
4 67
6 67
12 67
17 67
43 67
46 67
48 67
62 67
5 68
8 68
21 68
22 68
24 68
27 68
29 68
39 68
47 68
52 68
14 69
15 69
24 69
30 69
45 69
47 69
48 69
52 69
56 69
57 69
68 69
9 70
10 70
14 70
16 70
18 70
21 70
36 70
51 70
53 70
3 71
4 71
11 71
15 71
25 71
54 71
63 71
8 72
15 72
22 72
24 72
26 72
39 72
43 72
48 72
57 72
60 72
9 73
37 73
38 73
50 73
58 73
11 74
15 74
21 74
29 74
32 74
36 74
38 74
43 74
47 74
58 74
15 75
42 75
49 75
63 75
66 75
74 75
2 76
7 76
16 76
24 76
26 76
28 76
63 76
65 76
67 76
69 76
74 76
3 77
5 77
8 77
41 77
0 78
8 78
13 78
17 78
20 78
26 78
31 78
52 78
58 78
60 78
62 78
69 78
15 79
33 79
42 79
45 79
48 79
60 79
66 79
68 79
15 80
22 80
25 80
33 80
41 80
72 80
19 81
20 81
48 81
51 81
69 81
70 81
72 81
3 82
12 82
19 82
20 82
23 82
30 82
44 82
46 82
51 82
61 82
75 82
2 83
3 83
7 83
12 83
20 83
55 83
59 83
68 83
6 84
23 84
24 84
25 84
29 84
37 84
60 84
77 84
5 85
6 85
17 85
23 85
26 85
40 85
41 85
43 85
50 85
51 85
65 85
70 85
77 85
4 86
32 86
34 86
41 86
56 86
66 86
70 86
76 86
3 87
4 87
15 87
19 87
25 87
32 87
35 87
44 87
46 87
56 87
59 87
78 87
30 88
40 88
49 88
63 88
74 88
6 89
7 89
8 89
17 89
40 89
48 89
50 89
62 89
71 89
75 89
76 89
83 89
3 90
15 90
16 90
21 90
29 90
32 90
36 90
41 90
44 90
9 91
14 91
31 91
32 91
39 91
47 91
53 91
80 91
81 91
85 91
86 91
2 92
12 92
25 92
30 92
36 92
37 92
44 92
56 92
66 92
76 92
78 92
4 93
25 93
44 93
46 93
47 93
58 93
61 93
62 93
64 93
66 93
71 93
72 93
6 94
10 94
15 94
17 94
26 94
71 94
1 95
9 95
13 95
15 95
23 95
30 95
48 95
51 95
66 95
69 95
78 95
87 95
4 96
7 96
17 96
21 96
49 96
66 96
74 96
80 96
90 96
2 97
10 97
26 97
35 97
40 97
41 97
47 97
48 97
60 97
67 97
73 97
75 97
96 97
35 98
42 98
59 98
71 98
76 98
79 98
84 98
5 99
16 99
18 99
36 99
47 99
62 99
63 99
86 99
22 100
28 100
31 100
38 100
40 100
41 100
50 100
58 100
90 100
96 100
14 101
16 101
18 101
53 101
58 101
63 101
67 101
75 101
77 101
81 101
93 101
7 102
18 102
20 102
39 102
46 102
53 102
54 102
67 102
75 102
84 102
97 102
5 103
9 103
10 103
14 103
26 103
27 103
29 103
44 103
53 103
58 103
59 103
64 103
80 103
85 103
99 103
8 104
13 104
17 104
23 104
29 104
39 104
43 104
57 104
58 104
65 104
67 104
73 104
77 104
86 104
91 104
12 105
13 105
18 105
37 105
39 105
58 105
69 105
10 106
15 106
29 106
46 106
59 106
62 106
67 106
82 106
89 106
0 107
54 107
57 107
63 107
64 107
106 107
6 108
16 108
31 108
43 108
45 108
48 108
85 108
93 108
94 108
97 108
4 109
11 109
29 109
31 109
42 109
49 109
62 109
67 109
75 109
88 109
3 110
6 110
15 110
32 110
49 110
52 110
63 110
68 110
73 110
77 110
79 110
102 110
103 110
106 110
108 110
26 111
28 111
32 111
45 111
50 111
60 111
63 111
72 111
73 111
81 111
97 111
99 111
109 111
0 112
1 112
9 112
12 112
36 112
49 112
68 112
71 112
95 112
96 112
2 113
8 113
23 113
26 113
35 113
39 113
52 113
54 113
58 113
67 113
76 113
88 113
103 113
1 114
3 114
36 114
63 114
72 114
79 114
81 114
92 114
106 114
112 114
1 115
3 115
12 115
19 115
31 115
42 115
47 115
48 115
68 115
79 115
81 115
92 115
103 115
108 115
112 115
8 116
32 116
61 116
80 116
87 116
101 116
103 116
112 116
22 117
25 117
48 117
58 117
69 117
95 117
100 117
0 118
6 118
29 118
30 118
33 118
38 118
42 118
47 118
57 118
62 118
65 118
79 118
87 118
103 118
108 118
34 119
80 119
92 119
97 119
106 119
109 119
110 119
114 119
5 120
23 120
26 120
43 120
49 120
56 120
61 120
78 120
86 120
90 120
104 120
6 121
16 121
28 121
40 121
49 121
55 121
67 121
74 121
77 121
81 121
4 122
5 122
7 122
15 122
17 122
26 122
28 122
29 122
30 122
49 122
53 122
54 122
59 122
60 122
69 122
84 122
85 122
87 122
94 122
104 122
113 122
119 122
6 123
9 123
23 123
28 123
29 123
31 123
33 123
39 123
42 123
49 123
50 123
51 123
52 123
58 123
60 123
62 123
63 123
75 123
80 123
84 123
95 123
98 123
110 123
116 123
8 124
34 124
38 124
41 124
45 124
46 124
49 124
59 124
63 124
66 124
72 124
81 124
94 124
96 124
109 124
110 124
120 124
121 124
20 125
26 125
30 125
34 125
37 125
48 125
56 125
61 125
66 125
70 125
75 125
0 126
10 126
19 126
27 126
36 126
54 126
55 126
66 126
67 126
101 126
122 126
123 126
20 127
21 127
33 127
37 127
39 127
55 127
56 127
86 127
89 127
95 127
97 127
98 127
15 128
41 128
83 128
99 128
111 128
116 128
9 129
56 129
57 129
64 129
69 129
71 129
74 129
77 129
83 129
109 129
117 129
128 129
4 130
10 130
22 130
26 130
29 130
30 130
42 130
51 130
52 130
65 130
77 130
81 130
83 130
90 130
103 130
124 130
9 131
15 131
38 131
48 131
50 131
58 131
62 131
68 131
83 131
86 131
98 131
104 131
112 131
114 131
121 131
13 132
14 132
17 132
22 132
27 132
34 132
43 132
60 132
61 132
64 132
99 132
127 132
131 132
5 133
40 133
45 133
57 133
63 133
71 133
88 133
94 133
107 133
122 133
3 134
4 134
10 134
26 134
27 134
28 134
29 134
33 134
36 134
37 134
39 134
51 134
56 134
66 134
83 134
93 134
98 134
109 134
126 134
7 135
9 135
25 135
34 135
37 135
44 135
62 135
64 135
67 135
86 135
102 135
103 135
116 135
121 135
132 135
13 136
20 136
24 136
27 136
34 136
44 136
52 136
59 136
63 136
80 136
88 136
94 136
125 136
132 136
9 137
13 137
18 137
38 137
41 137
54 137
72 137
75 137
80 137
92 137
103 137
110 137
114 137
17 138
21 138
24 138
33 138
47 138
61 138
82 138
98 138
101 138
106 138
112 138
130 138
132 138
2 139
13 139
63 139
67 139
73 139
78 139
88 139
108 139
125 139
133 139
27 140
30 140
40 140
63 140
78 140
105 140
120 140
122 140
128 140
134 140
39 141
65 141
74 141
98 141
102 141
105 141
109 141
110 141
1 142
2 142
38 142
50 142
81 142
82 142
85 142
87 142
97 142
99 142
111 142
113 142
126 142
20 143
59 143
63 143
66 143
69 143
71 143
88 143
97 143
111 143
122 143
136 143
14 144
15 144
16 144
22 144
23 144
25 144
47 144
52 144
58 144
65 144
72 144
74 144
89 144
95 144
105 144
107 144
14 145
23 145
25 145
36 145
51 145
59 145
84 145
95 145
96 145
124 145
128 145
129 145
135 145
137 145
2 146
7 146
9 146
13 146
19 146
21 146
25 146
41 146
43 146
50 146
68 146
79 146
81 146
85 146
87 146
95 146
100 146
117 146
133 146
9 147
32 147
33 147
35 147
38 147
48 147
51 147
52 147
91 147
95 147
109 147
115 147
117 147
123 147
135 147
137 147
143 147
146 147
0 148
2 148
11 148
18 148
29 148
32 148
61 148
74 148
81 148
86 148
95 148
97 148
105 148
131 148
133 148
136 148
137 148
147 148
0 149
15 149
22 149
30 149
41 149
45 149
54 149
64 149
66 149
73 149
100 149
102 149
125 149
145 149
148 149
1 150
8 150
12 150
17 150
26 150
27 150
39 150
47 150
66 150
85 150
88 150
105 150
108 150
124 150
126 150
138 150
14 151
25 151
30 151
41 151
50 151
59 151
75 151
102 151
106 151
119 151
121 151
123 151
126 151
129 151
130 151
132 151
2 152
10 152
22 152
31 152
33 152
42 152
46 152
47 152
54 152
60 152
76 152
81 152
85 152
96 152
98 152
102 152
106 152
119 152
150 152
1 153
14 153
16 153
23 153
30 153
32 153
44 153
54 153
68 153
73 153
84 153
86 153
97 153
100 153
101 153
105 153
107 153
134 153
10 154
18 154
31 154
32 154
36 154
53 154
59 154
61 154
74 154
79 154
80 154
91 154
96 154
102 154
132 154
136 154
142 154
143 154
18 155
19 155
22 155
39 155
42 155
53 155
57 155
60 155
79 155
84 155
85 155
92 155
94 155
112 155
126 155
131 155
142 155
149 155
16 156
32 156
45 156
47 156
58 156
70 156
99 156
107 156
115 156
124 156
128 156
143 156
9 157
16 157
17 157
20 157
21 157
28 157
42 157
46 157
66 157
69 157
76 157
83 157
86 157
98 157
112 157
122 157
130 157
142 157
151 157
154 157
9 158
14 158
43 158
44 158
52 158
53 158
69 158
74 158
79 158
89 158
90 158
98 158
110 158
112 158
115 158
125 158
137 158
148 158
155 158
15 159
25 159
37 159
39 159
59 159
74 159
78 159
100 159
107 159
156 159
2 160
12 160
16 160
17 160
33 160
36 160
58 160
62 160
63 160
82 160
102 160
107 160
127 160
130 160
132 160
147 160
159 160
8 161
10 161
11 161
18 161
21 161
58 161
65 161
92 161
94 161
106 161
112 161
122 161
138 161
155 161
5 162
7 162
37 162
38 162
45 162
59 162
64 162
66 162
81 162
91 162
93 162
126 162
131 162
132 162
136 162
140 162
148 162
151 162
160 162
17 163
18 163
46 163
61 163
72 163
86 163
95 163
98 163
107 163
114 163
120 163
122 163
126 163
137 163
141 163
148 163
153 163
156 163
10 164
13 164
17 164
28 164
29 164
31 164
33 164
38 164
55 164
63 164
64 164
71 164
81 164
91 164
98 164
108 164
129 164
2 165
8 165
25 165
68 165
96 165
122 165
124 165
141 165
155 165
162 165
8 166
13 166
24 166
32 166
47 166
57 166
70 166
91 166
93 166
110 166
112 166
122 166
125 166
132 166
133 166
134 166
135 166
137 166
139 166
154 166
159 166
161 166
18 167
26 167
29 167
34 167
37 167
45 167
48 167
54 167
55 167
71 167
74 167
76 167
78 167
88 167
99 167
115 167
119 167
144 167
152 167
155 167
1 168
2 168
12 168
20 168
34 168
39 168
44 168
46 168
47 168
53 168
66 168
70 168
71 168
86 168
110 168
117 168
131 168
148 168
151 168
155 168
156 168
164 168
0 169
17 169
31 169
34 169
47 169
64 169
69 169
77 169
78 169
81 169
89 169
95 169
97 169
98 169
111 169
117 169
121 169
134 169
156 169
2 170
11 170
31 170
39 170
41 170
43 170
56 170
69 170
76 170
96 170
106 170
114 170
115 170
116 170
136 170
145 170
5 171
9 171
13 171
14 171
41 171
49 171
61 171
66 171
71 171
94 171
97 171
98 171
125 171
145 171
155 171
164 171
165 171
170 171
23 172
51 172
59 172
86 172
91 172
94 172
127 172
131 172
132 172
133 172
147 172
151 172
155 172
160 172
163 172
170 172
4 173
13 173
21 173
26 173
40 173
46 173
54 173
60 173
63 173
69 173
74 173
83 173
93 173
109 173
118 173
128 173
134 173
144 173
148 173
150 173
157 173
162 173
12 174
15 174
16 174
30 174
49 174
51 174
55 174
58 174
60 174
75 174
78 174
91 174
95 174
100 174
107 174
110 174
112 174
119 174
120 174
125 174
141 174
143 174
154 174
166 174
9 175
13 175
21 175
37 175
38 175
53 175
61 175
73 175
90 175
134 175
135 175
142 175
149 175
168 175
3 176
27 176
41 176
44 176
46 176
65 176
84 176
122 176
133 176
153 176
166 176
167 176
169 176
10 177
38 177
39 177
47 177
50 177
53 177
79 177
82 177
85 177
86 177
106 177
112 177
113 177
125 177
131 177
152 177
153 177
154 177
163 177
166 177
168 177
5 178
15 178
18 178
20 178
29 178
30 178
33 178
37 178
40 178
48 178
49 178
54 178
56 178
58 178
79 178
113 178
130 178
131 178
146 178
147 178
149 178
156 178
46 179
59 179
68 179
73 179
78 179
79 179
81 179
92 179
113 179
131 179
134 179
178 179
12 180
22 180
23 180
33 180
38 180
65 180
84 180
88 180
89 180
95 180
129 180
142 180
152 180
4 181
9 181
10 181
49 181
62 181
68 181
69 181
78 181
91 181
94 181
111 181
115 181
126 181
134 181
149 181
151 181
152 181
156 181
158 181
174 181
175 181
14 182
16 182
22 182
25 182
27 182
39 182
51 182
56 182
69 182
78 182
81 182
82 182
98 182
106 182
126 182
130 182
139 182
156 182
179 182
181 182
18 183
22 183
25 183
31 183
55 183
62 183
65 183
83 183
90 183
104 183
108 183
134 183
141 183
145 183
149 183
150 183
152 183
153 183
161 183
162 183
165 183
174 183
182 183
4 184
5 184
11 184
12 184
15 184
23 184
35 184
49 184
58 184
59 184
68 184
81 184
83 184
92 184
94 184
97 184
110 184
115 184
119 184
121 184
130 184
142 184
146 184
148 184
167 184
173 184
174 184
177 184
179 184
4 185
22 185
25 185
26 185
27 185
29 185
46 185
52 185
53 185
89 185
91 185
103 185
108 185
109 185
110 185
117 185
120 185
121 185
125 185
126 185
138 185
163 185
179 185
2 186
7 186
8 186
10 186
21 186
28 186
35 186
72 186
82 186
85 186
88 186
101 186
105 186
132 186
182 186
1 187
11 187
26 187
30 187
38 187
75 187
76 187
79 187
95 187
125 187
127 187
135 187
142 187
149 187
152 187
163 187
170 187
174 187
183 187
27 188
57 188
67 188
74 188
90 188
99 188
114 188
118 188
141 188
144 188
149 188
158 188
160 188
164 188
181 188
185 188
18 189
32 189
38 189
50 189
54 189
58 189
59 189
75 189
83 189
84 189
86 189
99 189
125 189
126 189
127 189
140 189
149 189
158 189
162 189
166 189
175 189
176 189
1 190
8 190
34 190
36 190
37 190
74 190
78 190
82 190
86 190
104 190
106 190
107 190
109 190
110 190
154 190
161 190
163 190
166 190
171 190
178 190
1 191
4 191
18 191
20 191
23 191
50 191
62 191
64 191
68 191
82 191
83 191
97 191
100 191
101 191
121 191
139 191
144 191
145 191
161 191
163 191
164 191
165 191
170 191
173 191
179 191
3 192
13 192
15 192
19 192
38 192
45 192
73 192
84 192
99 192
109 192
110 192
150 192
167 192
169 192
178 192
179 192
181 192
188 192
190 192
5 193
7 193
15 193
37 193
41 193
45 193
58 193
63 193
68 193
79 193
85 193
108 193
114 193
115 193
118 193
129 193
142 193
144 193
148 193
160 193
165 193
167 193
184 193
187 193
190 193
7 194
15 194
20 194
45 194
52 194
72 194
77 194
89 194
92 194
95 194
105 194
112 194
115 194
117 194
122 194
125 194
135 194
137 194
139 194
143 194
148 194
160 194
162 194
167 194
188 194
4 195
17 195
21 195
24 195
30 195
33 195
46 195
51 195
60 195
80 195
88 195
93 195
94 195
100 195
106 195
113 195
120 195
121 195
128 195
129 195
134 195
138 195
140 195
153 195
166 195
169 195
183 195
191 195
4 196
35 196
40 196
64 196
67 196
78 196
87 196
125 196
158 196
174 196
181 196
11 197
20 197
25 197
26 197
27 197
34 197
35 197
40 197
44 197
48 197
50 197
52 197
64 197
73 197
74 197
80 197
98 197
107 197
134 197
7 198
17 198
24 198
26 198
30 198
31 198
60 198
64 198
101 198
104 198
115 198
119 198
132 198
134 198
147 198
158 198
163 198
164 198
174 198
178 198
184 198
195 198
196 198
3 199
27 199
28 199
35 199
36 199
51 199
67 199
84 199
87 199
92 199
94 199
105 199
125 199
129 199
132 199
145 199
146 199
148 199
155 199
162 199
182 199
193 199
6 200
26 200
28 200
33 200
34 200
36 200
38 200
77 200
94 200
105 200
123 200
130 200
149 200
152 200
154 200
157 200
161 200
169 200
175 200
186 200
188 200
2 201
13 201
20 201
26 201
34 201
66 201
95 201
111 201
115 201
126 201
129 201
134 201
141 201
154 201
155 201
156 201
164 201
10 202
11 202
17 202
24 202
36 202
38 202
45 202
69 202
82 202
109 202
123 202
127 202
131 202
132 202
169 202
175 202
186 202
195 202
8 203
26 203
47 203
51 203
95 203
97 203
108 203
137 203
140 203
147 203
159 203
170 203
183 203
185 203
186 203
188 203
202 203
14 204
16 204
20 204
21 204
27 204
44 204
58 204
62 204
63 204
90 204
94 204
99 204
125 204
138 204
145 204
150 204
151 204
175 204
176 204
182 204
190 204
5 205
14 205
74 205
75 205
84 205
87 205
97 205
99 205
127 205
156 205
180 205
193 205
200 205
6 206
13 206
16 206
31 206
43 206
62 206
70 206
81 206
98 206
99 206
107 206
119 206
129 206
139 206
176 206
178 206
6 207
22 207
31 207
83 207
84 207
94 207
96 207
114 207
119 207
121 207
143 207
154 207
162 207
166 207
169 207
179 207
191 207
202 207
11 208
29 208
31 208
40 208
49 208
55 208
75 208
78 208
80 208
102 208
114 208
126 208
128 208
150 208
155 208
175 208
181 208
187 208
206 208
8 209
15 209
23 209
35 209
40 209
51 209
54 209
72 209
85 209
98 209
106 209
120 209
126 209
132 209
142 209
153 209
155 209
161 209
164 209
172 209
178 209
197 209
14 210
19 210
33 210
68 210
70 210
90 210
99 210
120 210
136 210
142 210
143 210
151 210
204 210
15 211
27 211
32 211
38 211
45 211
48 211
68 211
73 211
76 211
88 211
92 211
119 211
123 211
128 211
129 211
131 211
167 211
177 211
188 211
191 211
198 211
207 211
9 212
22 212
30 212
39 212
43 212
46 212
75 212
92 212
96 212
104 212
108 212
114 212
117 212
136 212
137 212
150 212
163 212
172 212
175 212
181 212
6 213
7 213
9 213
16 213
29 213
49 213
64 213
71 213
79 213
84 213
85 213
111 213
116 213
124 213
130 213
138 213
161 213
173 213
178 213
183 213
185 213
187 213
198 213
209 213
0 214
1 214
8 214
9 214
10 214
27 214
29 214
30 214
43 214
44 214
52 214
64 214
77 214
78 214
88 214
110 214
143 214
153 214
154 214
184 214
185 214
190 214
198 214
204 214
208 214
211 214
20 215
34 215
37 215
43 215
44 215
52 215
68 215
72 215
75 215
78 215
82 215
123 215
126 215
132 215
133 215
136 215
140 215
150 215
171 215
177 215
213 215
6 216
14 216
17 216
20 216
39 216
55 216
96 216
99 216
105 216
117 216
141 216
156 216
158 216
180 216
183 216
191 216
201 216
203 216
204 216
205 216
3 217
32 217
38 217
40 217
88 217
91 217
102 217
119 217
123 217
132 217
146 217
164 217
193 217
204 217
213 217
215 217
0 218
18 218
25 218
32 218
36 218
54 218
58 218
64 218
65 218
69 218
81 218
88 218
101 218
108 218
165 218
177 218
183 218
193 218
202 218
209 218
2 219
28 219
30 219
49 219
53 219
78 219
106 219
110 219
129 219
136 219
144 219
163 219
167 219
169 219
180 219
185 219
191 219
192 219
193 219
198 219
199 219
9 220
12 220
22 220
23 220
28 220
39 220
44 220
51 220
52 220
56 220
72 220
74 220
95 220
101 220
119 220
122 220
131 220
141 220
142 220
146 220
155 220
161 220
165 220
169 220
181 220
186 220
189 220
12 221
37 221
44 221
46 221
47 221
61 221
74 221
81 221
92 221
94 221
113 221
121 221
144 221
163 221
190 221
191 221
202 221
209 221
210 221
2 222
5 222
7 222
9 222
18 222
22 222
27 222
31 222
32 222
57 222
61 222
73 222
75 222
89 222
90 222
94 222
102 222
117 222
124 222
144 222
154 222
162 222
165 222
171 222
183 222
203 222
207 222
208 222
5 223
17 223
23 223
44 223
46 223
48 223
54 223
58 223
59 223
60 223
101 223
111 223
115 223
117 223
124 223
151 223
162 223
163 223
165 223
166 223
174 223
187 223
188 223
189 223
190 223
193 223
195 223
202 223
204 223
209 223
215 223
0 224
2 224
3 224
7 224
19 224
27 224
54 224
59 224
67 224
85 224
95 224
99 224
142 224
156 224
158 224
168 224
173 224
180 224
181 224
186 224
193 224
212 224
217 224
13 225
23 225
41 225
43 225
45 225
53 225
64 225
71 225
78 225
80 225
93 225
95 225
139 225
143 225
145 225
168 225
173 225
181 225
185 225
186 225
201 225
222 225
223 225
10 226
12 226
22 226
32 226
57 226
80 226
83 226
84 226
89 226
96 226
106 226
129 226
138 226
140 226
150 226
154 226
178 226
191 226
202 226
209 226
212 226
218 226
23 227
30 227
34 227
50 227
52 227
65 227
75 227
78 227
80 227
85 227
92 227
102 227
106 227
110 227
111 227
121 227
150 227
152 227
156 227
167 227
175 227
176 227
181 227
186 227
188 227
190 227
195 227
210 227
2 228
15 228
22 228
29 228
36 228
37 228
52 228
72 228
86 228
88 228
91 228
96 228
105 228
113 228
117 228
118 228
147 228
148 228
164 228
171 228
177 228
179 228
221 228
1 229
18 229
25 229
28 229
39 229
44 229
49 229
50 229
52 229
83 229
90 229
97 229
104 229
112 229
117 229
118 229
123 229
130 229
146 229
147 229
154 229
159 229
160 229
176 229
191 229
199 229
200 229
203 229
207 229
219 229
223 229
6 230
14 230
23 230
24 230
36 230
61 230
74 230
75 230
85 230
92 230
99 230
100 230
114 230
148 230
156 230
157 230
161 230
176 230
177 230
178 230
184 230
186 230
192 230
193 230
221 230
15 231
17 231
24 231
34 231
54 231
65 231
67 231
85 231
95 231
96 231
99 231
111 231
112 231
114 231
130 231
135 231
157 231
165 231
177 231
183 231
202 231
206 231
221 231
229 231
3 232
5 232
13 232
16 232
43 232
46 232
50 232
51 232
56 232
57 232
72 232
86 232
90 232
94 232
100 232
102 232
112 232
113 232
135 232
139 232
147 232
155 232
166 232
170 232
197 232
202 232
205 232
207 232
214 232
227 232
2 233
16 233
36 233
75 233
77 233
82 233
83 233
84 233
89 233
104 233
117 233
120 233
121 233
148 233
162 233
166 233
173 233
182 233
187 233
193 233
194 233
202 233
224 233
3 234
4 234
7 234
8 234
24 234
25 234
40 234
51 234
67 234
74 234
77 234
84 234
90 234
96 234
104 234
112 234
167 234
168 234
175 234
179 234
185 234
188 234
196 234
201 234
218 234
222 234
227 234
230 234
11 235
12 235
20 235
36 235
38 235
40 235
42 235
50 235
98 235
100 235
109 235
112 235
117 235
122 235
131 235
145 235
157 235
161 235
185 235
188 235
200 235
205 235
212 235
217 235
224 235
234 235
11 236
16 236
19 236
29 236
31 236
36 236
49 236
52 236
54 236
58 236
77 236
97 236
122 236
134 236
136 236
139 236
144 236
155 236
159 236
163 236
209 236
218 236
220 236
6 237
14 237
26 237
39 237
43 237
72 237
80 237
87 237
97 237
110 237
116 237
117 237
128 237
132 237
134 237
137 237
138 237
150 237
175 237
193 237
203 237
221 237
227 237
230 237
2 238
7 238
30 238
32 238
35 238
41 238
50 238
52 238
53 238
68 238
84 238
101 238
108 238
139 238
144 238
151 238
159 238
162 238
164 238
176 238
177 238
179 238
183 238
195 238
201 238
204 238
226 238
237 238
9 239
25 239
40 239
76 239
104 239
109 239
124 239
130 239
160 239
162 239
166 239
179 239
183 239
195 239
199 239
203 239
204 239
205 239
213 239
8 240
22 240
23 240
24 240
43 240
44 240
47 240
56 240
65 240
95 240
99 240
108 240
109 240
113 240
142 240
147 240
183 240
187 240
191 240
193 240
216 240
235 240
18 241
21 241
28 241
32 241
38 241
40 241
41 241
48 241
52 241
61 241
62 241
76 241
81 241
87 241
113 241
116 241
146 241
157 241
158 241
187 241
191 241
204 241
209 241
224 241
231 241
236 241
1 242
8 242
11 242
23 242
26 242
54 242
59 242
62 242
94 242
96 242
113 242
121 242
136 242
140 242
144 242
152 242
174 242
176 242
177 242
178 242
186 242
192 242
199 242
200 242
208 242
220 242
223 242
226 242
231 242
233 242
4 243
9 243
13 243
14 243
15 243
27 243
34 243
38 243
54 243
111 243
113 243
118 243
119 243
128 243
136 243
150 243
161 243
166 243
171 243
173 243
174 243
194 243
209 243
233 243
237 243
16 244
24 244
27 244
34 244
43 244
59 244
60 244
75 244
96 244
98 244
105 244
114 244
126 244
131 244
136 244
137 244
143 244
144 244
150 244
157 244
160 244
172 244
190 244
195 244
200 244
203 244
208 244
17 245
21 245
38 245
52 245
60 245
65 245
78 245
86 245
97 245
99 245
103 245
104 245
111 245
124 245
129 245
132 245
134 245
135 245
142 245
149 245
152 245
168 245
169 245
186 245
199 245
200 245
207 245
240 245
0 246
2 246
46 246
47 246
50 246
53 246
55 246
66 246
91 246
92 246
93 246
102 246
105 246
130 246
138 246
147 246
162 246
170 246
209 246
226 246
228 246
239 246
1 247
19 247
26 247
63 247
85 247
87 247
109 247
138 247
139 247
152 247
162 247
168 247
171 247
188 247
201 247
202 247
206 247
226 247
227 247
231 247
244 247
0 248
8 248
24 248
25 248
30 248
35 248
38 248
56 248
61 248
63 248
71 248
72 248
77 248
94 248
99 248
118 248
123 248
155 248
177 248
179 248
192 248
206 248
208 248
215 248
238 248
246 248
2 249
5 249
10 249
16 249
18 249
19 249
23 249
41 249
43 249
50 249
66 249
70 249
86 249
88 249
103 249
107 249
108 249
117 249
120 249
122 249
127 249
135 249
137 249
147 249
151 249
154 249
155 249
156 249
163 249
173 249
178 249
183 249
185 249
192 249
194 249
200 249
202 249
204 249
205 249
237 249
1 250
3 250
5 250
7 250
9 250
12 250
15 250
22 250
24 250
45 250
52 250
54 250
64 250
68 250
74 250
81 250
84 250
91 250
94 250
116 250
118 250
123 250
131 250
133 250
149 250
155 250
158 250
191 250
192 250
203 250
205 250
208 250
216 250
227 250
2 251
8 251
33 251
40 251
45 251
49 251
65 251
70 251
80 251
82 251
84 251
86 251
87 251
94 251
100 251
119 251
120 251
124 251
141 251
150 251
190 251
195 251
199 251
206 251
213 251
216 251
221 251
222 251
224 251
230 251
234 251
0 252
9 252
22 252
23 252
39 252
44 252
51 252
63 252
71 252
77 252
78 252
79 252
119 252
124 252
131 252
133 252
137 252
151 252
152 252
172 252
179 252
189 252
200 252
207 252
209 252
211 252
225 252
234 252
236 252
244 252
246 252
251 252
27 253
31 253
56 253
62 253
78 253
81 253
85 253
86 253
88 253
89 253
91 253
126 253
137 253
150 253
157 253
180 253
181 253
190 253
203 253
218 253
227 253
239 253
240 253
245 253
8 254
9 254
19 254
28 254
30 254
31 254
37 254
47 254
53 254
57 254
63 254
74 254
75 254
77 254
104 254
109 254
116 254
120 254
124 254
133 254
134 254
161 254
164 254
168 254
173 254
225 254
12 255
17 255
33 255
45 255
49 255
61 255
84 255
86 255
87 255
88 255
97 255
107 255
111 255
132 255
137 255
156 255
165 255
171 255
172 255
182 255
190 255
213 255
236 255
3 256
7 256
24 256
31 256
32 256
63 256
73 256
85 256
87 256
88 256
95 256
99 256
140 256
151 256
171 256
176 256
186 256
204 256
210 256
211 256
217 256
228 256
234 256
240 256
242 256
250 256
253 256
2 257
5 257
10 257
11 257
67 257
68 257
71 257
78 257
95 257
99 257
113 257
120 257
126 257
144 257
168 257
171 257
173 257
176 257
193 257
195 257
205 257
212 257
237 257
242 257
3 258
12 258
15 258
23 258
29 258
42 258
53 258
74 258
78 258
86 258
102 258
106 258
108 258
134 258
135 258
153 258
161 258
180 258
226 258
230 258
252 258
257 258
1 259
2 259
22 259
29 259
37 259
41 259
42 259
58 259
62 259
83 259
89 259
105 259
110 259
119 259
128 259
137 259
140 259
158 259
162 259
163 259
187 259
190 259
204 259
218 259
219 259
221 259
245 259
257 259
2 260
4 260
8 260
28 260
31 260
38 260
48 260
68 260
105 260
107 260
113 260
116 260
125 260
129 260
147 260
152 260
154 260
162 260
167 260
177 260
179 260
190 260
191 260
198 260
201 260
215 260
223 260
227 260
1 261
5 261
22 261
23 261
39 261
81 261
109 261
112 261
119 261
124 261
132 261
141 261
147 261
152 261
154 261
163 261
166 261
169 261
175 261
176 261
181 261
182 261
185 261
186 261
187 261
200 261
205 261
213 261
215 261
227 261
228 261
231 261
234 261
11 262
35 262
40 262
68 262
74 262
86 262
90 262
91 262
92 262
95 262
96 262
106 262
129 262
135 262
141 262
144 262
169 262
177 262
179 262
197 262
200 262
204 262
206 262
221 262
230 262
232 262
239 262
249 262
2 263
5 263
6 263
8 263
34 263
61 263
70 263
71 263
93 263
95 263
122 263
133 263
137 263
139 263
144 263
158 263
169 263
170 263
175 263
176 263
180 263
199 263
200 263
216 263
220 263
224 263
227 263
228 263
233 263
0 264
6 264
11 264
33 264
41 264
49 264
60 264
64 264
66 264
78 264
83 264
84 264
108 264
119 264
123 264
145 264
147 264
150 264
151 264
159 264
161 264
163 264
168 264
176 264
180 264
182 264
186 264
189 264
203 264
237 264
251 264
256 264
259 264
14 265
26 265
28 265
78 265
91 265
115 265
119 265
122 265
128 265
149 265
151 265
179 265
181 265
183 265
186 265
226 265
240 265
259 265
4 266
20 266
30 266
40 266
43 266
48 266
52 266
53 266
60 266
62 266
68 266
69 266
75 266
78 266
87 266
92 266
116 266
166 266
167 266
174 266
196 266
205 266
236 266
244 266
248 266
254 266
265 266
3 267
16 267
30 267
38 267
48 267
53 267
67 267
80 267
82 267
88 267
94 267
101 267
104 267
130 267
132 267
142 267
147 267
168 267
170 267
177 267
193 267
203 267
207 267
209 267
220 267
229 267
239 267
246 267
257 267
258 267
5 268
13 268
17 268
21 268
26 268
40 268
50 268
53 268
56 268
70 268
75 268
90 268
100 268
108 268
113 268
133 268
138 268
156 268
168 268
172 268
173 268
205 268
255 268
258 268
264 268
4 269
9 269
51 269
55 269
58 269
63 269
65 269
71 269
74 269
79 269
83 269
91 269
92 269
126 269
128 269
137 269
144 269
150 269
156 269
166 269
170 269
172 269
177 269
183 269
193 269
214 269
239 269
248 269
257 269
262 269
264 269
267 269
18 270
33 270
47 270
62 270
65 270
68 270
71 270
85 270
89 270
100 270
105 270
115 270
123 270
124 270
134 270
136 270
139 270
141 270
146 270
150 270
155 270
160 270
161 270
166 270
175 270
179 270
196 270
202 270
208 270
212 270
218 270
219 270
220 270
240 270
249 270
254 270
267 270
3 271
20 271
33 271
34 271
37 271
44 271
51 271
78 271
95 271
103 271
107 271
133 271
134 271
136 271
138 271
155 271
169 271
174 271
199 271
226 271
240 271
247 271
252 271
260 271
4 272
9 272
15 272
29 272
31 272
73 272
75 272
81 272
85 272
112 272
145 272
146 272
150 272
160 272
164 272
186 272
199 272
205 272
215 272
244 272
249 272
257 272
19 273
23 273
34 273
40 273
46 273
68 273
75 273
77 273
84 273
87 273
98 273
107 273
113 273
119 273
132 273
161 273
174 273
177 273
188 273
193 273
214 273
226 273
230 273
237 273
239 273
242 273
246 273
260 273
4 274
5 274
14 274
40 274
44 274
46 274
65 274
88 274
106 274
109 274
116 274
124 274
151 274
185 274
246 274
252 274
258 274
268 274
0 275
10 275
13 275
26 275
46 275
71 275
83 275
92 275
97 275
115 275
122 275
134 275
137 275
154 275
169 275
183 275
186 275
229 275
238 275
269 275
1 276
8 276
13 276
16 276
25 276
41 276
44 276
45 276
49 276
98 276
111 276
116 276
120 276
128 276
138 276
151 276
154 276
155 276
162 276
169 276
187 276
191 276
195 276
205 276
212 276
232 276
245 276
250 276
269 276
9 277
15 277
22 277
25 277
26 277
34 277
39 277
75 277
76 277
85 277
97 277
98 277
99 277
107 277
125 277
145 277
146 277
148 277
149 277
155 277
158 277
160 277
166 277
177 277
183 277
208 277
219 277
222 277
229 277
240 277
249 277
254 277
276 277
12 278
16 278
34 278
35 278
39 278
50 278
57 278
58 278
104 278
106 278
107 278
115 278
119 278
128 278
159 278
164 278
169 278
178 278
181 278
182 278
185 278
197 278
211 278
219 278
222 278
225 278
244 278
251 278
262 278
270 278
274 278
1 279
26 279
28 279
44 279
62 279
68 279
94 279
99 279
103 279
106 279
110 279
118 279
121 279
147 279
160 279
161 279
169 279
175 279
192 279
194 279
196 279
198 279
201 279
209 279
213 279
221 279
222 279
261 279
265 279
267 279
269 279
10 280
56 280
57 280
58 280
60 280
66 280
75 280
85 280
88 280
91 280
104 280
109 280
129 280
136 280
163 280
165 280
175 280
180 280
190 280
204 280
206 280
211 280
237 280
256 280
258 280
20 281
21 281
24 281
41 281
67 281
83 281
84 281
98 281
105 281
113 281
114 281
119 281
128 281
139 281
147 281
150 281
168 281
169 281
171 281
185 281
196 281
207 281
212 281
220 281
228 281
234 281
240 281
244 281
264 281
271 281
0 282
11 282
23 282
38 282
41 282
46 282
56 282
60 282
68 282
74 282
101 282
119 282
143 282
154 282
155 282
159 282
160 282
163 282
185 282
217 282
218 282
244 282
249 282
257 282
272 282
280 282
3 283
6 283
10 283
19 283
21 283
28 283
32 283
39 283
42 283
55 283
59 283
61 283
77 283
81 283
93 283
102 283
103 283
105 283
119 283
124 283
127 283
131 283
142 283
146 283
147 283
155 283
161 283
166 283
187 283
205 283
226 283
228 283
244 283
252 283
259 283
270 283
276 283
2 284
8 284
17 284
29 284
39 284
78 284
81 284
99 284
103 284
105 284
112 284
119 284
121 284
125 284
135 284
140 284
146 284
149 284
156 284
172 284
183 284
187 284
193 284
194 284
204 284
221 284
223 284
230 284
241 284
255 284
256 284
258 284
265 284
268 284
273 284
276 284
277 284
279 284
0 285
4 285
24 285
51 285
52 285
58 285
70 285
82 285
88 285
100 285
117 285
127 285
131 285
134 285
142 285
152 285
170 285
178 285
182 285
193 285
197 285
203 285
207 285
214 285
243 285
251 285
263 285
271 285
280 285
15 286
16 286
17 286
23 286
32 286
33 286
74 286
76 286
77 286
83 286
87 286
96 286
101 286
106 286
107 286
132 286
142 286
155 286
159 286
184 286
198 286
204 286
207 286
216 286
217 286
235 286
236 286
266 286
268 286
269 286
5 287
24 287
29 287
30 287
39 287
41 287
48 287
56 287
57 287
62 287
63 287
66 287
83 287
96 287
98 287
126 287
131 287
142 287
159 287
160 287
169 287
175 287
205 287
213 287
226 287
238 287
239 287
241 287
256 287
258 287
265 287
267 287
277 287
16 288
24 288
26 288
35 288
44 288
49 288
52 288
54 288
56 288
68 288
75 288
77 288
81 288
84 288
88 288
89 288
92 288
111 288
187 288
188 288
189 288
210 288
223 288
227 288
233 288
242 288
248 288
251 288
262 288
283 288
1 289
8 289
13 289
16 289
20 289
24 289
35 289
45 289
51 289
53 289
58 289
59 289
65 289
70 289
78 289
85 289
86 289
114 289
131 289
139 289
155 289
166 289
171 289
180 289
187 289
203 289
205 289
206 289
211 289
215 289
255 289
260 289
261 289
277 289
279 289
283 289
287 289
1 290
2 290
5 290
8 290
10 290
17 290
24 290
50 290
52 290
57 290
71 290
90 290
110 290
138 290
144 290
148 290
161 290
162 290
169 290
171 290
177 290
180 290
185 290
199 290
207 290
208 290
221 290
225 290
230 290
256 290
276 290
282 290
289 290
2 291
11 291
16 291
20 291
27 291
29 291
49 291
67 291
73 291
81 291
93 291
113 291
114 291
135 291
155 291
159 291
165 291
183 291
195 291
196 291
198 291
210 291
233 291
242 291
243 291
248 291
255 291
281 291
6 292
37 292
50 292
53 292
60 292
63 292
65 292
69 292
89 292
99 292
104 292
110 292
117 292
118 292
121 292
124 292
131 292
134 292
139 292
164 292
166 292
176 292
181 292
189 292
191 292
200 292
217 292
222 292
233 292
234 292
244 292
270 292
277 292
283 292
291 292
2 293
11 293
14 293
31 293
36 293
40 293
55 293
104 293
105 293
123 293
124 293
147 293
152 293
177 293
192 293
194 293
195 293
196 293
209 293
216 293
231 293
233 293
255 293
257 293
264 293
272 293
2 294
9 294
11 294
20 294
25 294
37 294
39 294
40 294
66 294
97 294
109 294
120 294
134 294
145 294
153 294
156 294
159 294
160 294
166 294
186 294
195 294
196 294
209 294
211 294
237 294
244 294
280 294
285 294
288 294
289 294
4 295
20 295
22 295
36 295
49 295
55 295
106 295
108 295
110 295
123 295
142 295
166 295
185 295
191 295
194 295
222 295
224 295
225 295
226 295
235 295
238 295
240 295
259 295
273 295
283 295
286 295
289 295
35 296
47 296
51 296
58 296
66 296
69 296
73 296
84 296
89 296
115 296
119 296
129 296
149 296
150 296
157 296
164 296
167 296
180 296
187 296
190 296
198 296
212 296
214 296
243 296
275 296
281 296
289 296
25 297
60 297
71 297
74 297
75 297
92 297
99 297
102 297
142 297
143 297
150 297
159 297
182 297
201 297
205 297
206 297
213 297
215 297
223 297
241 297
254 297
268 297
274 297
287 297
295 297
2 298
16 298
20 298
24 298
28 298
29 298
38 298
39 298
56 298
58 298
73 298
87 298
93 298
146 298
148 298
154 298
165 298
170 298
187 298
193 298
207 298
220 298
221 298
222 298
228 298
236 298
242 298
245 298
247 298
252 298
253 298
259 298
273 298
277 298
282 298
284 298
15 299
16 299
17 299
22 299
29 299
35 299
50 299
56 299
74 299
81 299
85 299
87 299
104 299
125 299
127 299
132 299
137 299
138 299
145 299
161 299
165 299
174 299
177 299
183 299
196 299
204 299
214 299
218 299
236 299
240 299
243 299
264 299
265 299
275 299
277 299
284 299
290 299
296 299
