300 1540 5
2 5 4 7 19 8 6 18 20 5 7 2 4 10 9 8 9 7 10 13 16 6 3 2 16 7 7 3 10 10 5 5 8 15 1 18 16 8 10 3 17 7 10 2 3 2 5 1 2 7 6 18 7 1 9 18 6 3 11 16 8 6 3 6 1 6 5 8 1 10 19 1 7 18 5 3 1 3 9 6 6 5 7 2 5 16 1 1 7 4 3 11 7 3 5 2 19 6 6 12 6 8 1 2 10 19 9 2 2 9 12 17 3 6 3 10 9 1 8 14 19 4 8 19 7 2 1 6 7 6 7 18 6 10 4 18 9 8 3 11 3 4 7 2 18 17 14 1 10 6 7 4 6 8 10 12 8 17 8 1 14 10 1 2 8 1 13 18 8 13 10 17 19 14 8 3 8 17 16 5 10 10 9 1 5 6 4 11 3 7 3 1 11 11 17 3 10 3 15 10 17 8 3 19 7 18 5 7 2 4 13 2 7 17 9 7 8 4 9 16 13 8 3 1 8 2 2 6 7 4 2 9 16 4 7 18 3 6 4 8 17 7 1 8 2 12 2 2 6 3 10 2 16 8 4 2 20 17 8 4 7 10 13 4 12 16 2 15 2 10 5 6 2 2 1 17 20 2 8 13 17 6 8 3 3 1 5 4 5 11 20 6 10 9 6 7 9 14 18 15
12 14
1 15
11 19
12 20
19 21
13 22
18 23
8 24
11 26
18 27
5 28
24 29
26 29
12 30
2 31
6 31
21 31
21 32
19 33
10 34
18 34
19 34
26 35
8 36
15 36
12 37
26 37
29 39
10 40
9 41
19 41
27 41
6 42
22 42
33 42
9 43
9 44
3 46
33 46
31 48
20 49
33 49
1 50
14 50
15 50
16 50
25 51
9 52
12 52
16 52
19 52
27 52
29 52
46 52
8 54
18 54
28 54
37 54
33 55
28 57
7 58
11 58
18 58
55 58
32 59
43 59
19 60
22 60
18 61
44 61
51 61
1 62
5 62
10 62
41 62
53 62
19 63
10 64
24 64
53 64
1 65
6 65
8 65
24 65
0 66
16 66
44 66
54 66
40 67
62 68
64 68
15 69
43 69
54 69
56 69
46 70
58 70
60 70
0 71
6 71
20 71
39 71
1 72
19 72
35 72
53 72
55 72
65 72
70 73
67 74
54 75
63 75
34 76
62 76
5 77
39 77
2 78
22 78
32 78
60 78
67 78
28 79
43 79
56 79
68 79
74 79
6 81
44 81
47 81
76 81
22 82
72 82
2 83
3 83
46 83
56 83
78 83
33 84
15 85
53 86
55 86
71 86
76 86
56 87
86 87
5 88
11 88
12 88
54 88
58 88
35 89
47 89
81 89
87 89
27 90
6 91
88 91
7 92
33 92
41 92
85 92
78 93
10 94
13 94
57 94
88 94
8 95
66 95
8 96
36 96
53 96
63 96
88 96
77 97
90 97
4 98
24 98
31 98
36 98
66 98
88 98
78 99
33 100
73 100
17 101
46 101
7 102
50 102
1 103
17 103
89 103
2 104
9 104
51 104
56 104
32 105
8 106
11 106
92 106
3 107
15 107
103 107
6 108
28 108
31 108
84 108
85 108
105 109
9 110
12 110
22 110
34 110
50 110
69 110
72 110
77 110
108 110
15 112
28 112
37 112
59 112
68 112
80 112
55 113
32 114
8 115
10 115
17 115
63 115
81 115
105 115
109 115
0 116
16 116
26 116
76 116
85 116
88 116
91 116
111 116
12 117
48 117
86 117
114 117
1 118
9 118
67 118
76 118
79 118
3 119
14 119
0 121
24 121
35 121
67 121
77 121
25 122
33 122
43 122
82 122
83 122
107 122
20 123
25 123
31 123
103 123
120 123
44 124
81 124
88 124
111 124
20 125
88 125
108 125
39 126
47 126
86 126
93 126
99 126
13 127
22 127
77 128
84 128
13 129
119 129
30 130
42 130
48 130
66 130
74 130
98 130
124 130
129 130
18 131
81 131
87 131
90 131
110 131
111 131
122 131
129 131
54 132
65 132
105 132
125 132
89 133
119 133
124 133
9 134
25 134
27 134
49 135
77 135
83 135
99 135
124 135
51 136
56 136
64 136
86 136
134 136
11 137
6 138
33 138
55 138
70 138
92 138
121 138
20 139
125 139
4 140
35 140
70 140
127 140
130 140
2 141
15 141
17 141
21 141
74 141
117 141
3 142
21 142
60 142
104 142
38 143
59 143
60 143
142 143
19 144
31 144
52 144
61 144
66 144
123 144
133 144
36 145
91 145
139 145
74 146
86 146
115 146
145 146
48 147
63 147
66 147
79 147
103 147
110 147
1 148
14 148
15 148
16 148
59 148
105 148
2 149
4 149
36 149
63 150
95 150
103 150
52 151
58 151
138 151
36 152
48 152
110 152
115 152
34 153
40 153
104 153
106 153
124 153
52 154
63 154
92 154
27 155
48 155
0 156
86 156
111 156
131 156
136 156
26 157
59 157
63 157
86 157
140 157
146 157
154 157
75 158
105 158
118 158
129 158
157 158
13 159
40 159
93 159
104 159
106 159
7 160
33 160
42 160
108 160
19 161
40 161
66 161
95 161
112 161
139 161
158 161
59 162
72 162
103 162
106 162
113 162
141 162
148 162
154 162
17 163
25 163
44 163
128 163
83 164
96 164
100 164
117 164
139 164
162 164
1 165
5 165
21 165
135 165
8 166
14 166
43 166
83 166
89 166
13 167
57 167
77 167
87 167
142 167
148 167
46 168
65 168
86 168
125 168
88 169
101 169
107 169
146 169
164 169
167 169
61 170
69 170
99 170
115 170
119 170
130 170
9 171
33 171
42 171
63 171
66 171
75 171
87 171
110 171
170 171
10 172
73 172
128 172
135 172
160 172
161 172
171 172
10 173
53 173
74 173
88 173
89 173
104 173
132 173
135 173
137 173
151 173
6 174
28 174
78 174
94 174
109 174
121 174
134 174
32 175
157 175
10 176
14 176
16 176
20 176
24 176
36 176
44 176
68 176
174 176
41 177
77 177
166 177
27 178
60 178
86 178
90 178
123 178
143 178
173 178
8 179
81 179
99 179
104 179
45 180
49 180
73 180
101 180
114 180
166 180
70 181
93 181
98 181
149 181
171 181
18 182
43 182
84 182
99 182
124 182
142 182
154 182
29 183
33 183
47 183
65 183
100 183
120 183
129 183
130 183
146 183
181 183
39 184
65 184
75 184
114 184
132 184
142 184
151 184
179 184
23 185
43 185
59 185
66 185
122 185
128 185
131 185
175 185
180 185
1 186
45 186
52 186
136 186
168 186
176 186
183 186
184 186
28 187
51 187
52 187
76 187
81 187
137 187
152 187
166 187
178 187
13 188
47 188
105 188
108 188
116 188
158 188
25 189
32 189
69 189
131 189
162 189
167 189
42 190
53 190
91 190
115 190
161 190
165 190
19 191
36 191
62 191
79 191
130 191
136 191
154 191
164 191
175 191
20 192
35 192
79 192
105 192
115 192
141 192
54 193
63 193
93 193
181 193
1 194
19 194
38 194
80 194
83 194
126 194
127 194
128 194
131 194
132 194
140 194
148 194
173 194
9 195
34 195
39 195
127 195
191 195
9 196
30 196
43 196
50 196
111 196
112 196
133 196
195 196
74 197
108 197
121 197
138 197
163 197
15 198
78 198
84 198
130 198
172 198
8 199
11 199
15 199
59 199
60 199
69 199
81 199
82 199
136 199
139 199
146 199
68 200
109 200
161 200
178 200
13 201
52 201
63 201
89 201
133 201
146 201
166 201
172 201
21 202
39 202
73 202
90 202
138 202
155 202
201 202
11 203
12 203
33 203
34 203
47 203
76 203
95 203
111 203
26 204
49 204
112 204
157 204
169 204
178 204
136 205
177 205
188 205
204 205
25 206
50 206
70 206
75 206
83 206
84 206
101 206
126 206
21 207
38 207
45 207
63 207
93 207
170 207
48 208
54 208
73 208
94 208
143 208
162 208
165 208
198 208
18 209
21 209
19 210
71 210
74 210
155 210
192 210
9 211
15 211
16 211
27 211
102 211
133 211
139 211
24 212
38 212
92 212
108 212
150 212
178 212
0 213
43 213
48 213
99 213
138 213
178 213
198 213
23 214
47 214
54 214
65 214
71 214
169 214
28 215
36 215
37 215
40 215
53 215
117 215
129 215
170 215
23 216
46 216
64 216
68 216
95 216
103 216
176 216
22 217
44 217
81 217
187 217
213 217
27 218
48 218
60 218
113 218
146 218
158 218
169 218
181 218
193 218
205 218
98 219
103 219
129 219
145 219
166 219
183 219
203 219
6 220
14 220
24 220
141 220
169 220
206 220
217 220
3 221
13 221
20 221
78 221
101 221
145 221
149 221
180 221
199 221
1 222
22 222
34 222
44 222
53 222
80 222
90 222
149 222
174 222
203 222
35 223
37 223
40 223
68 223
86 223
87 223
92 223
117 223
118 223
124 223
128 223
154 223
168 223
198 223
72 224
110 224
176 224
212 224
218 224
17 225
20 225
31 225
58 225
72 225
107 225
121 225
148 225
165 225
178 225
223 225
34 226
39 226
47 226
75 226
90 226
132 226
211 226
6 227
25 227
32 227
48 227
76 227
119 227
122 227
131 227
162 227
223 227
30 228
97 228
108 228
168 228
178 228
181 228
193 228
198 228
210 228
213 228
217 228
96 229
103 229
122 229
140 229
152 229
153 229
178 229
1 230
19 230
32 230
65 230
96 230
129 230
131 230
148 230
180 230
198 230
35 231
89 231
91 231
121 231
175 231
183 231
188 231
44 232
53 232
73 232
161 232
177 232
222 232
11 233
48 233
55 233
66 233
81 233
109 233
129 233
144 233
146 233
192 233
195 233
196 233
206 233
95 234
115 234
136 234
159 234
207 234
221 234
190 235
15 236
17 236
61 236
94 236
111 236
120 236
138 236
166 236
68 237
96 237
103 237
117 237
125 237
177 237
228 237
74 238
125 238
186 238
219 238
226 238
232 238
161 239
185 239
215 239
49 240
77 240
84 240
120 240
126 240
161 240
201 240
210 240
219 240
11 241
30 241
55 241
87 241
91 241
107 241
109 241
112 241
143 241
170 241
175 241
177 241
178 241
188 241
195 241
201 241
215 241
216 241
25 242
46 242
121 242
166 242
174 242
191 242
193 242
216 242
235 242
40 243
57 243
75 243
79 243
86 243
87 243
109 243
118 243
154 243
203 243
234 243
239 243
3 244
46 244
60 244
106 244
125 244
204 244
206 244
228 244
39 245
96 245
141 245
192 245
238 245
242 245
25 246
50 246
78 246
80 246
87 246
96 246
105 246
123 246
148 246
207 246
214 246
239 246
33 247
126 247
218 247
244 247
54 248
62 248
72 248
80 248
101 248
111 248
117 248
138 248
164 248
177 248
186 248
187 248
234 248
239 248
2 249
82 249
87 249
166 249
3 250
13 250
32 250
37 250
41 250
73 250
121 250
125 250
162 250
200 250
16 251
53 251
122 251
131 251
137 251
148 251
155 251
235 251
239 251
248 251
14 252
101 252
120 252
238 252
1 253
17 253
45 253
72 253
100 253
155 253
159 253
172 253
250 253
52 254
68 254
130 254
169 254
203 254
221 254
10 255
19 255
25 255
79 255
87 255
102 255
104 255
159 255
169 255
170 255
179 255
228 255
230 255
236 255
70 256
71 256
91 256
115 256
146 256
154 256
224 256
249 256
4 257
18 257
49 257
51 257
52 257
64 257
73 257
128 257
136 257
194 257
212 257
235 257
23 258
69 258
97 258
129 258
137 258
163 258
167 258
249 258
15 259
28 259
46 259
112 259
136 259
141 259
163 259
184 259
252 259
257 259
81 260
95 260
180 260
247 260
252 260
26 261
37 261
43 261
70 261
74 261
98 261
119 261
122 261
155 261
202 261
62 262
114 262
125 262
165 262
227 262
4 263
20 263
21 263
52 263
94 263
170 263
30 264
40 264
112 264
170 264
218 264
98 265
111 265
114 265
171 265
201 265
204 265
232 265
240 265
252 265
37 266
40 266
55 266
81 266
89 266
188 266
52 267
112 267
115 267
130 267
138 267
150 267
159 267
168 267
169 267
201 267
202 267
217 267
241 267
256 267
21 268
22 268
52 268
88 268
139 268
142 268
158 268
161 268
179 268
224 268
5 269
13 269
33 269
74 269
112 269
125 269
136 269
142 269
159 269
160 269
164 269
181 269
186 269
213 269
216 269
0 270
1 270
12 270
53 270
72 270
84 270
89 270
138 270
141 270
205 270
251 270
265 270
41 271
44 271
68 271
103 271
150 271
202 271
216 271
223 271
228 271
243 271
268 271
85 272
104 272
108 272
149 272
214 272
219 272
0 273
53 273
100 273
143 273
146 273
164 273
210 273
265 273
15 274
94 274
97 274
119 274
143 274
150 274
220 274
246 274
18 275
20 275
48 275
67 275
88 275
90 275
97 275
113 275
115 275
117 275
126 275
151 275
165 275
240 275
257 275
44 276
63 276
75 276
107 276
110 276
170 276
183 276
187 276
207 276
245 276
3 277
4 277
5 277
30 277
58 277
59 277
79 277
93 277
99 277
109 277
210 277
258 277
16 278
31 278
35 278
56 278
58 278
67 278
96 278
136 278
153 278
156 278
166 278
213 278
218 278
245 278
250 278
94 279
127 279
139 279
140 279
143 279
264 279
276 279
6 280
77 280
126 280
153 280
203 280
237 280
265 280
13 281
28 281
35 281
73 281
131 281
141 281
169 281
186 281
192 281
208 281
264 281
266 281
12 282
56 282
63 282
72 282
103 282
149 282
190 282
214 282
233 282
18 283
46 283
53 283
91 283
129 283
143 283
173 283
210 283
214 283
259 283
278 283
29 284
51 284
86 284
153 284
171 284
186 284
191 284
198 284
199 284
243 284
246 284
66 285
80 285
113 285
130 285
136 285
156 285
205 285
56 286
92 286
113 286
118 286
145 286
179 286
181 286
182 286
247 286
9 287
219 287
247 287
252 287
253 287
13 288
62 288
72 288
90 288
164 288
215 288
221 288
253 288
265 288
65 289
98 289
128 289
147 289
169 289
209 289
210 289
215 289
268 289
273 289
279 289
282 289
13 290
65 290
100 290
105 290
107 290
222 290
8 291
26 291
27 291
52 291
55 291
75 291
90 291
119 291
122 291
160 291
210 291
261 291
48 292
49 292
66 292
67 292
77 292
113 292
128 292
138 292
161 292
234 292
254 292
30 293
54 293
55 293
64 293
70 293
107 293
130 293
136 293
234 293
238 293
266 293
25 294
61 294
64 294
65 294
67 294
71 294
80 294
102 294
195 294
229 294
235 294
264 294
275 294
20 295
23 295
104 295
112 295
171 295
178 295
213 295
259 295
261 295
278 295
290 295
15 296
80 296
111 296
116 296
130 296
137 296
144 296
156 296
206 296
289 296
33 297
88 297
135 297
144 297
181 297
195 297
215 297
245 297
259 297
260 297
39 298
103 298
122 298
144 298
195 298
202 298
213 298
2 299
28 299
43 299
68 299
117 299
170 299
186 299
206 299
219 299
297 299
