300 587 5
2 4 5 24 6 4 29 5 1 24 4 8 29 4 6 1 3 13 4 10 14 9 7 15 20 5 11 3 4 8 1 2 11 2 3 5 11 2 6 8 4 22 10 2 2 7 23 1 2 1 21 1 2 6 4 4 3 8 20 10 2 29 2 25 1 10 9 19 13 4 4 1 10 14 10 1 6 18 14 3 16 1 3 3 5 6 2 16 8 30 14 13 7 4 11 2 8 4 3 7 3 1 33 2 6 2 2 4 9 17 4 4 5 3 17 6 17 8 20 3 5 11 20 5 12 5 4 6 13 6 7 3 10 1 4 2 5 11 33 7 1 6 5 24 15 1 7 9 8 9 7 11 29 6 5 2 2 5 1 1 17 2 16 23 14 3 3 5 9 12 20 4 13 11 4 4 11 2 15 17 17 23 12 10 5 4 3 8 15 3 11 7 11 12 1 4 1 3 1 6 1 5 1 1 1 3 21 8 7 2 6 3 7 2 13 3 1 15 2 7 3 2 9 34 1 9 20 35 5 2 14 7 3 14 4 2 4 6 6 47 9 1 5 1 8 3 6 2 5 4 7 11 1 14 2 1 2 36 4 1 15 1 25 14 6 4 2 11 23 1 1 5 2 3 16 2 1 5 5 2 40 8 18 5 3 4 6 8 8 6 9 18 7 12 8 6 18 22 3 1
2 5
10 12
0 13
13 15
16 20
25 26
6 28
10 28
6 32
18 34
23 34
9 35
17 42
21 42
39 44
19 45
15 51
27 51
2 52
31 53
52 56
35 57
44 58
41 60
31 63
41 63
62 64
15 66
38 66
45 66
3 67
65 69
16 70
18 70
32 70
51 71
52 71
12 74
5 75
21 76
18 77
61 77
0 79
62 79
23 80
55 81
14 82
46 84
70 84
22 85
55 86
68 87
43 88
70 89
54 91
0 92
4 92
54 92
68 93
18 96
70 97
92 97
58 98
56 99
22 101
56 102
75 102
20 103
75 103
91 103
8 104
94 104
103 104
21 105
28 105
55 105
71 105
77 105
52 106
71 106
40 107
84 107
103 107
15 110
55 110
89 110
97 110
104 110
97 111
25 112
54 114
111 114
15 115
27 115
69 115
94 115
31 116
71 116
28 117
61 117
100 117
103 117
78 118
8 119
20 120
61 120
40 121
105 121
70 122
80 122
82 122
104 122
42 124
48 124
118 124
49 126
64 127
92 127
93 127
103 128
125 128
5 129
21 129
45 129
72 129
93 129
65 130
69 130
128 130
26 131
114 131
70 132
130 132
98 133
115 133
116 133
92 134
70 135
91 136
124 137
3 138
69 138
108 138
25 139
135 139
41 140
68 140
91 140
13 141
10 142
121 142
0 143
13 143
48 143
70 143
35 144
22 145
25 146
51 146
80 146
49 147
99 147
144 147
136 148
138 148
31 149
123 149
144 149
3 151
107 151
16 152
1 153
105 153
19 154
59 154
93 158
124 160
155 160
63 161
68 161
70 161
139 162
6 163
16 163
116 164
8 165
14 165
43 165
104 166
150 166
65 167
131 167
137 167
11 168
49 168
135 168
151 168
161 168
88 169
125 169
43 170
119 170
48 171
149 172
163 172
18 173
163 173
145 174
95 175
149 175
154 175
153 176
53 177
61 177
20 178
42 178
45 178
35 179
127 179
4 180
122 181
160 181
164 181
57 182
63 182
160 183
31 184
106 184
158 184
39 185
26 186
44 186
60 186
171 186
131 187
132 187
165 187
172 187
5 188
6 188
149 188
163 188
172 188
174 188
92 189
143 189
39 190
88 190
0 192
159 192
64 193
94 193
155 193
20 194
30 194
130 194
147 194
26 196
48 198
179 198
40 199
165 199
172 199
194 199
7 200
24 200
41 200
77 200
84 201
199 201
113 202
117 202
129 202
131 202
191 202
52 203
77 203
24 205
168 205
21 206
171 206
201 206
49 207
153 207
187 207
203 207
32 208
73 208
193 208
66 209
121 209
190 209
195 209
82 210
133 210
162 210
36 211
97 211
145 211
172 211
201 212
13 213
34 213
177 213
200 213
13 214
27 214
24 215
205 215
134 216
136 216
171 216
15 217
95 217
188 217
15 218
76 218
78 218
3 219
108 219
159 219
175 219
194 219
199 219
123 220
140 220
151 220
161 220
40 221
105 221
154 221
8 222
10 222
119 222
208 222
215 222
17 223
100 223
124 223
143 223
139 224
194 224
75 225
96 225
110 225
123 225
154 225
168 225
129 226
161 226
193 227
216 227
40 228
86 228
151 228
152 228
68 229
154 229
5 230
122 231
130 231
133 232
222 232
21 233
33 233
226 233
5 234
157 234
198 234
227 234
141 235
146 235
25 236
28 236
71 236
101 236
133 236
188 236
9 237
37 237
135 237
176 237
184 237
216 237
215 238
217 238
106 239
238 239
32 240
60 240
40 241
93 241
229 241
79 242
82 242
209 242
237 242
6 243
20 243
24 243
61 243
153 243
71 244
113 244
129 244
157 244
77 245
150 245
3 246
89 246
121 246
167 246
185 246
201 246
175 247
185 247
240 247
146 248
152 248
180 249
212 249
40 250
213 250
249 250
81 251
92 251
104 252
55 253
102 253
117 253
135 253
210 253
103 254
194 254
250 254
83 255
163 255
230 255
240 255
253 255
68 256
96 256
189 256
67 257
242 257
68 258
166 258
175 258
210 258
257 258
197 259
205 259
255 259
36 260
223 260
96 261
253 261
31 262
33 262
70 262
78 262
126 262
160 262
220 262
232 263
126 264
159 264
118 265
145 265
154 265
94 266
96 266
210 266
73 267
77 267
78 267
80 267
160 267
233 267
13 268
79 268
62 269
137 269
145 270
21 271
109 271
216 271
224 271
9 272
11 272
56 272
70 272
204 272
18 273
23 273
142 273
176 273
43 274
109 274
165 275
202 275
204 275
213 275
233 275
67 276
234 276
269 276
275 276
28 277
30 277
147 277
214 277
19 278
49 278
149 278
40 279
87 279
192 279
195 279
13 280
26 280
81 281
118 281
167 281
69 282
107 282
138 282
78 283
165 283
168 283
131 284
134 285
226 285
243 285
251 285
55 286
78 286
238 286
8 287
103 287
181 287
237 287
61 288
107 288
139 288
74 289
113 289
78 290
96 290
136 290
152 290
216 290
220 290
22 291
54 291
130 291
241 291
253 291
192 292
213 292
291 292
7 293
51 293
67 293
80 293
242 293
246 293
77 294
86 294
66 295
74 295
159 295
205 296
22 297
37 297
49 297
81 297
183 297
206 297
36 299
67 299
82 299
127 299
169 299
171 299
210 299
227 299
