300 2092 5
19 5 10 8 20 20 9 8 5 7 17 10 4 6 9 5 5 10 6 10 18 5 15 19 16 4 15 13 18 2 16 10 9 11 8 7 6 6 8 4 4 5 1 5 12 5 10 4 2 12 2 20 11 10 2 10 9 15 15 12 4 2 18 8 10 10 9 15 20 4 8 9 6 1 20 10 16 10 19 20 12 1 20 14 4 2 9 1 2 2 20 2 1 7 7 4 8 9 18 2 1 19 11 12 3 6 7 2 17 3 5 5 9 9 15 9 8 13 17 9 17 14 6 6 1 11 4 12 18 4 4 8 3 1 17 6 6 6 4 1 3 8 8 6 3 10 4 2 1 6 16 9 7 11 8 3 16 16 4 8 2 10 19 1 8 7 2 5 19 7 12 5 10 10 1 10 13 16 4 9 6 7 2 6 18 8 10 2 10 7 14 10 3 8 7 7 5 3 8 10 1 14 10 9 8 7 19 1 10 18 4 4 1 7 2 10 12 8 9 17 2 1 2 3 3 19 18 1 18 17 20 14 6 3 6 6 2 9 3 9 1 1 6 7 8 4 20 9 8 7 7 3 7 2 1 5 10 5 2 12 9 5 5 2 13 7 2 16 17 12 5 4 10 5 11 4 13 16 11 1 10 2 10 7 12 11 8 16 10 12 9 16 3 2 10 4 10 10 6 10
1 8
2 13
6 14
4 18
5 20
2 21
3 21
4 21
10 21
21 22
8 23
14 23
19 24
21 24
14 25
21 25
14 27
17 27
28 30
0 31
12 31
16 32
7 35
31 37
11 38
10 40
20 40
22 40
1 41
17 41
34 41
12 44
27 44
37 44
13 45
14 45
16 45
1 46
2 46
12 46
32 46
37 46
16 47
21 47
30 48
6 49
35 49
41 49
27 50
35 50
41 50
6 51
14 51
16 51
35 51
12 52
22 52
27 52
6 54
15 54
22 54
42 54
46 54
49 54
1 55
38 55
49 56
27 57
49 57
50 57
5 58
42 58
43 58
52 58
45 59
54 59
9 60
31 60
43 60
51 60
0 61
40 61
60 61
34 62
42 62
50 62
1 63
21 63
48 63
10 64
16 64
27 64
31 64
52 64
2 65
19 65
33 65
48 65
52 65
24 66
29 66
37 66
59 66
18 67
25 67
62 67
64 67
66 67
4 68
13 68
30 68
14 69
41 69
0 70
29 70
39 70
3 71
36 71
42 71
66 71
11 72
24 72
66 72
36 73
12 75
17 75
35 75
42 75
50 75
7 76
20 76
27 76
30 76
73 76
8 77
8 78
18 78
47 78
68 78
71 78
32 79
66 79
12 80
49 81
51 81
79 81
13 82
22 82
39 82
70 82
21 83
23 83
45 83
2 84
10 84
17 84
22 84
68 84
70 84
77 84
78 84
8 85
31 85
33 85
54 85
57 85
76 85
56 86
85 86
30 87
40 87
16 88
51 88
54 88
55 88
67 88
71 88
75 88
0 89
3 89
10 89
23 89
35 89
42 89
54 89
58 89
64 89
0 90
11 90
44 90
53 90
9 91
24 91
25 91
38 91
67 91
80 91
1 92
74 92
85 92
4 93
54 93
62 93
87 93
14 94
41 94
46 94
52 94
61 94
69 94
70 94
84 94
12 95
28 95
44 95
48 95
51 96
82 96
83 96
18 97
42 97
59 97
72 97
74 97
2 98
6 98
46 98
49 98
50 98
64 98
79 98
82 98
9 99
15 99
18 99
50 99
23 100
46 100
59 100
62 100
16 101
27 101
33 101
36 101
66 101
74 101
11 102
14 102
20 102
21 102
33 102
41 102
55 102
82 102
84 102
85 102
8 103
12 103
30 103
43 103
53 103
57 103
70 103
83 103
22 104
33 104
53 104
54 104
77 104
85 104
101 104
12 105
17 105
44 105
52 105
91 105
37 106
39 106
91 106
98 106
104 106
19 107
87 107
92 107
100 107
24 108
26 108
47 108
69 108
10 109
26 109
41 109
47 109
73 109
102 109
7 110
53 110
58 110
66 110
0 111
15 111
81 111
8 112
29 112
35 112
50 112
72 112
89 112
17 113
20 113
75 113
89 113
97 113
106 113
4 114
45 114
103 114
108 114
8 115
33 115
34 115
106 115
42 116
43 116
71 116
73 116
75 116
94 116
23 117
41 117
77 117
103 117
104 117
14 118
16 118
23 118
26 118
88 118
92 118
106 118
9 119
26 119
38 119
44 119
53 119
79 119
87 119
3 120
11 120
75 120
98 120
114 120
10 121
14 121
24 121
44 121
48 121
86 121
99 121
102 121
15 122
62 122
65 122
76 122
85 122
90 122
108 122
7 123
21 123
83 123
91 123
94 123
48 124
90 124
97 124
109 124
119 124
35 125
37 125
38 125
39 125
48 125
67 125
82 125
84 125
24 126
63 126
71 126
91 126
105 126
111 126
32 127
90 127
93 127
98 127
102 127
119 127
18 128
24 128
47 128
58 128
77 128
91 128
95 128
96 128
117 128
7 129
64 129
80 129
86 129
97 129
100 129
12 130
16 130
44 130
58 130
62 130
74 130
95 130
117 130
0 131
6 131
41 131
74 131
82 131
113 131
115 131
117 131
11 132
15 132
17 132
23 132
41 132
98 132
104 132
120 132
16 133
47 133
51 133
59 133
97 133
56 134
90 134
126 134
10 135
14 135
22 135
28 135
34 135
45 135
46 135
51 135
52 135
89 135
7 136
58 136
83 136
87 136
23 137
29 137
56 137
62 137
96 137
103 137
112 137
115 137
0 138
96 138
99 138
110 138
116 138
0 139
52 139
84 139
87 139
91 139
97 139
8 140
9 140
50 140
77 140
102 140
124 140
126 140
23 141
57 141
59 141
63 141
98 141
138 141
5 142
56 142
71 142
108 142
109 142
13 143
35 143
42 143
86 143
114 143
115 143
116 143
126 143
91 144
110 144
129 144
5 145
36 145
53 145
68 145
95 145
128 145
132 145
138 145
1 146
78 146
101 146
111 146
130 146
137 146
0 147
12 147
18 147
31 147
47 147
58 147
79 147
94 147
111 147
131 147
138 147
144 147
1 148
7 148
54 148
86 148
93 148
98 148
100 148
116 148
119 148
130 148
1 149
14 149
29 149
41 149
60 149
82 149
94 149
98 149
136 149
140 149
65 150
78 150
105 150
109 150
132 150
135 150
0 151
4 151
14 151
46 151
90 151
131 151
134 151
28 152
68 152
78 153
103 153
109 153
128 153
10 154
34 154
44 154
50 154
87 154
100 154
132 154
16 155
22 155
38 155
42 155
83 155
125 155
141 155
146 155
8 156
12 156
24 156
121 156
124 156
20 157
40 157
41 157
92 157
105 157
112 157
126 157
14 158
20 158
90 158
112 158
119 158
124 158
137 158
35 159
40 159
52 159
67 159
73 159
142 159
7 160
19 160
22 160
39 160
61 160
104 160
107 160
139 160
150 160
11 161
47 161
53 161
58 161
88 161
101 161
126 161
160 161
26 162
124 162
131 162
143 162
154 162
158 162
0 163
18 163
50 163
73 163
128 163
129 163
146 163
33 164
63 164
89 164
91 164
136 164
147 164
150 164
40 165
82 165
83 165
11 166
19 166
36 166
48 166
63 166
82 166
105 166
132 166
154 166
9 167
41 167
63 167
133 167
164 167
15 168
31 168
45 168
60 168
68 168
85 168
110 168
132 168
155 168
159 168
8 169
20 169
53 169
67 169
68 169
79 169
90 169
103 169
124 169
127 169
129 169
131 169
153 169
155 169
30 170
87 170
90 170
144 170
154 170
9 171
163 171
13 172
22 172
53 172
75 172
76 172
117 172
120 172
123 172
167 172
5 173
7 173
19 173
39 173
55 173
77 173
82 173
106 173
141 173
155 173
22 174
25 174
28 174
30 174
48 174
59 174
86 174
126 174
157 174
166 174
3 175
10 175
29 175
47 175
60 175
142 175
82 176
133 176
160 176
57 177
80 177
90 177
99 177
163 177
28 178
47 178
67 178
89 178
120 178
124 178
166 178
36 179
51 179
65 180
86 180
164 180
170 180
173 180
9 181
38 181
79 181
85 181
98 181
108 181
110 181
127 181
132 181
151 181
2 182
32 182
35 182
38 182
39 182
41 182
46 182
49 182
52 182
55 182
67 182
77 182
98 182
123 182
131 182
142 182
146 182
148 182
176 182
57 183
94 183
95 183
98 183
116 183
125 183
180 183
181 183
11 184
32 184
57 184
76 184
81 184
91 184
99 184
123 184
124 184
131 184
136 184
167 184
1 185
21 185
55 185
82 185
122 185
137 185
160 185
164 185
9 186
28 186
65 186
67 186
69 186
71 186
79 186
81 186
89 186
121 186
141 186
2 187
49 187
53 187
81 187
148 187
153 187
165 187
18 188
32 188
69 188
94 188
100 188
102 188
123 188
131 188
135 188
144 188
148 188
151 188
163 188
18 189
21 189
33 189
122 189
128 189
135 189
144 189
150 189
171 189
12 190
48 190
53 190
78 190
140 190
179 190
11 191
27 191
40 191
54 191
57 191
69 191
152 191
177 191
181 191
29 192
33 192
94 192
122 192
178 192
9 193
25 193
45 193
54 193
79 193
84 193
88 193
152 193
6 194
24 194
28 194
34 194
81 194
107 194
108 194
134 194
163 194
177 194
182 194
33 195
49 195
68 195
83 195
149 195
176 195
177 195
191 195
57 196
64 196
99 196
136 196
148 196
157 196
170 196
10 197
35 197
40 197
75 197
105 197
134 197
161 197
166 197
173 197
188 197
12 198
15 198
31 198
81 198
88 198
118 198
123 198
124 198
136 198
147 198
158 198
170 198
185 198
194 198
196 198
24 199
50 199
92 199
107 199
133 199
190 199
191 199
12 200
25 200
36 200
40 200
45 200
50 200
54 200
87 200
162 200
172 200
181 200
182 200
183 200
187 200
198 200
11 201
24 201
41 201
56 201
69 201
89 201
143 201
147 201
55 202
71 202
98 202
114 202
137 202
182 202
22 203
24 203
69 203
102 203
131 203
133 203
147 203
149 203
16 204
41 204
95 204
101 204
122 204
126 204
143 204
153 204
171 204
189 204
193 204
202 204
4 205
12 205
47 205
61 205
62 205
102 205
105 205
116 205
163 205
175 205
196 205
6 206
37 206
54 206
62 206
67 206
95 206
115 206
119 206
121 206
126 206
129 206
138 206
150 206
155 206
180 206
182 206
8 207
36 207
38 207
55 207
85 207
86 207
114 207
142 207
194 207
27 208
38 208
106 208
109 208
111 208
114 208
121 208
122 208
133 208
161 208
164 208
178 208
6 209
30 209
39 209
49 209
57 209
60 209
75 209
135 209
186 209
198 209
1 210
9 210
37 210
49 210
61 210
98 210
182 210
10 211
11 211
25 211
38 211
52 211
55 211
59 211
60 211
98 211
108 211
150 211
183 211
194 211
17 212
18 212
40 212
131 212
134 212
145 212
163 212
177 212
185 212
0 213
13 213
24 213
25 213
31 213
38 213
46 213
48 213
101 213
114 213
118 213
145 213
183 213
195 213
207 213
18 214
25 214
37 214
42 214
66 214
78 214
126 214
127 214
142 214
157 214
168 214
204 214
8 215
17 215
45 215
81 215
128 215
132 215
204 215
8 216
9 216
72 216
78 216
83 216
125 216
129 216
139 216
196 216
213 216
13 217
15 217
27 217
65 217
86 217
104 217
175 217
194 217
200 217
208 217
22 218
81 218
87 218
102 218
120 218
128 218
140 218
163 218
184 218
191 218
210 218
28 219
80 219
93 219
99 219
125 219
127 219
132 219
148 219
152 219
190 219
192 219
199 219
5 220
15 220
16 220
45 220
56 220
87 220
105 220
133 220
161 220
168 220
19 221
47 221
134 221
137 221
188 221
189 221
192 221
201 221
11 222
81 222
114 222
124 222
127 222
131 222
137 222
184 222
11 223
70 223
101 223
108 223
111 223
124 223
128 223
152 223
156 223
180 223
198 223
203 223
44 224
63 224
64 224
69 224
81 224
126 224
136 224
143 224
148 224
172 224
185 224
203 224
218 224
5 225
29 225
61 225
79 225
96 225
182 225
195 225
213 225
77 226
82 226
93 226
118 226
140 226
195 226
208 226
0 227
32 227
172 227
195 227
198 227
224 227
15 228
66 228
70 228
82 228
89 228
105 228
109 228
121 228
122 228
186 228
201 228
208 228
47 229
69 229
86 229
87 229
130 229
169 229
175 229
183 229
211 229
222 229
66 230
93 230
111 230
117 230
138 230
21 231
23 231
26 231
62 231
109 231
137 231
167 231
173 231
184 231
187 231
198 231
20 232
21 232
50 232
56 232
60 232
67 232
81 232
95 232
114 232
131 232
150 232
159 232
171 232
185 232
209 232
3 233
22 233
52 233
75 233
99 233
119 233
152 233
203 233
205 233
30 234
72 234
103 234
126 234
145 234
162 234
214 234
223 234
229 234
5 235
29 235
39 235
43 235
102 235
104 235
109 235
120 235
143 235
164 235
188 235
191 235
214 235
11 236
13 236
16 236
24 236
45 236
52 236
75 236
80 236
99 236
114 236
124 236
157 236
160 236
178 236
181 236
219 236
222 236
223 236
234 236
4 237
7 237
42 237
59 237
77 237
107 237
108 237
144 237
150 237
162 237
184 237
189 237
223 237
11 238
105 238
175 238
213 238
76 239
93 239
94 239
126 239
149 239
194 239
1 240
91 240
92 240
102 240
117 240
130 240
140 240
150 240
233 240
63 241
125 241
143 241
168 241
193 241
205 241
230 241
18 242
32 242
47 242
99 242
108 242
151 242
203 242
37 243
81 243
96 243
102 243
114 243
123 243
135 243
136 243
149 243
155 243
195 243
197 243
218 243
30 244
39 244
45 244
50 244
54 244
100 244
103 244
126 244
177 244
186 244
188 244
192 244
195 244
232 244
240 244
9 245
28 245
37 245
44 245
59 245
66 245
90 245
102 245
110 245
118 245
169 245
188 245
214 245
232 245
6 246
38 246
89 246
119 246
140 246
144 246
219 246
226 246
0 247
7 247
43 247
56 247
61 247
67 247
73 247
85 247
93 247
117 247
129 247
164 247
182 247
189 247
225 247
238 247
20 248
21 248
48 248
61 248
65 248
67 248
88 248
91 248
112 248
130 248
135 248
144 248
155 248
183 248
199 248
212 248
213 248
242 248
43 249
60 249
76 249
105 249
127 249
133 249
134 249
156 249
157 249
240 249
21 250
38 250
98 250
119 250
141 250
150 250
151 250
164 250
192 250
195 250
197 250
215 250
224 250
230 250
8 251
17 251
27 251
34 251
36 251
47 251
50 251
53 251
115 251
120 251
121 251
122 251
145 251
186 251
197 251
200 251
228 251
230 251
245 251
246 251
5 252
74 252
82 252
83 252
86 252
89 252
124 252
147 252
166 252
171 252
208 252
248 252
250 252
251 252
3 253
40 253
62 253
84 253
102 253
138 253
198 253
202 253
218 253
220 253
222 253
236 253
1 254
40 254
61 254
75 254
85 254
87 254
88 254
142 254
172 254
174 254
252 254
30 255
81 255
82 255
104 255
116 255
146 255
191 255
197 255
206 255
207 255
230 255
10 256
27 256
67 256
77 256
107 256
115 256
121 256
154 256
163 256
166 256
176 256
180 256
181 256
213 256
225 256
232 256
236 256
241 256
13 257
22 257
86 257
100 257
161 257
167 257
170 257
179 257
190 257
206 257
208 257
209 257
47 258
51 258
70 258
84 258
146 258
187 258
210 258
236 258
4 259
19 259
21 259
43 259
49 259
64 259
102 259
103 259
108 259
120 259
121 259
125 259
126 259
129 259
149 259
151 259
153 259
165 259
196 259
235 259
15 260
26 260
181 260
194 260
197 260
214 260
239 260
22 261
38 261
81 261
84 261
110 261
121 261
130 261
142 261
149 261
181 261
190 261
192 261
250 261
1 262
12 262
128 262
133 262
156 262
161 262
231 262
234 262
247 262
250 262
254 262
9 263
82 263
98 263
117 263
139 263
145 263
172 263
190 263
225 263
237 263
12 264
48 264
102 264
118 264
136 264
170 264
178 264
69 265
71 265
72 265
76 265
77 265
89 265
110 265
137 265
140 265
231 265
236 265
11 266
72 266
101 266
127 266
143 266
244 266
8 267
40 267
54 267
71 267
89 267
97 267
101 267
103 267
119 267
149 267
177 267
179 267
207 267
214 267
219 267
228 267
232 267
254 267
85 268
86 268
97 268
103 268
131 268
136 268
137 268
140 268
157 268
162 268
190 268
200 268
205 268
234 268
244 268
3 269
16 269
31 269
32 269
53 269
94 269
97 269
140 269
157 269
181 269
191 269
213 269
215 269
218 269
235 269
11 270
43 270
67 270
151 270
152 270
158 270
248 270
11 271
32 271
34 271
41 271
43 271
75 271
86 271
100 271
125 271
153 271
171 271
172 271
196 271
199 271
241 271
260 271
24 272
27 272
46 272
58 272
86 272
131 272
145 272
152 272
157 272
166 272
171 272
200 272
230 272
2 273
63 273
75 273
93 273
131 273
176 273
180 273
189 273
244 273
266 273
272 273
37 274
49 274
86 274
109 274
127 274
130 274
133 274
149 274
204 274
245 274
257 274
3 275
82 275
116 275
131 275
140 275
193 275
235 275
236 275
249 275
254 275
1 276
21 276
29 276
36 276
84 276
93 276
129 276
140 276
175 276
208 276
219 276
225 276
244 276
256 276
10 277
20 277
30 277
61 277
70 277
127 277
139 277
171 277
212 277
271 277
12 278
36 278
100 278
112 278
120 278
139 278
181 278
215 278
238 278
7 279
33 279
75 279
102 279
105 279
110 279
161 279
181 279
234 279
260 279
272 279
12 280
17 280
26 280
45 280
46 280
50 280
100 280
130 280
147 280
151 280
156 280
164 280
171 280
196 280
235 280
38 281
94 281
95 281
96 281
141 281
163 281
164 281
184 281
191 281
201 281
251 281
254 281
258 281
261 281
273 281
279 281
3 282
30 282
44 282
65 282
72 282
75 282
99 282
120 282
122 282
155 282
241 282
246 282
259 282
269 282
274 282
10 283
26 283
54 283
59 283
89 283
146 283
149 283
160 283
211 283
214 283
225 283
262 283
266 283
12 284
21 284
68 284
70 284
77 284
100 284
102 284
105 284
111 284
126 284
146 284
199 284
211 284
275 284
0 285
56 285
58 285
60 285
110 285
114 285
125 285
226 285
233 285
235 285
276 285
3 286
74 286
122 286
166 286
197 286
200 286
215 286
229 286
259 286
272 286
15 287
34 287
47 287
69 287
152 287
176 287
191 287
205 287
235 287
246 287
247 287
251 287
261 287
1 288
36 288
116 288
129 288
138 288
145 288
156 288
157 288
190 288
238 288
254 288
262 288
272 288
23 289
24 289
25 289
60 289
61 289
99 289
124 289
139 289
147 289
163 289
177 289
199 289
207 289
278 289
17 290
18 290
34 290
35 290
37 290
67 290
124 290
143 290
155 290
167 290
190 290
268 290
280 290
1 291
7 291
12 291
39 291
62 291
85 291
89 291
93 291
125 291
145 291
161 291
175 291
185 291
192 291
208 291
244 291
255 291
260 291
275 291
286 291
25 292
55 292
123 292
149 292
166 292
180 292
184 292
185 292
286 292
40 293
68 293
71 293
84 293
94 293
111 293
120 293
198 293
212 293
222 293
252 293
284 293
7 294
43 294
69 294
71 294
114 294
135 294
136 294
186 294
198 294
207 294
208 294
216 294
228 294
247 294
256 294
10 295
15 295
30 295
56 295
58 295
131 295
134 295
140 295
168 295
200 295
211 295
221 295
224 295
238 295
248 295
259 295
275 295
25 296
75 296
128 296
129 296
194 296
266 296
281 296
295 296
49 297
71 297
91 297
131 297
147 297
165 297
194 297
253 297
260 297
296 297
5 298
9 298
63 298
87 298
139 298
142 298
184 298
206 298
234 298
237 298
251 298
264 298
267 298
22 299
33 299
68 299
98 299
101 299
112 299
133 299
140 299
159 299
180 299
215 299
256 299
