300 5152 5
3 7 8 7 4 5 6 1 1 2 11 6 4 3 8 10 5 8 5 9 2 14 11 5 4 27 6 6 12 36 13 10 6 1 7 9 4 1 2 2 16 6 2 4 18 4 2 4 8 12 1 22 13 12 1 4 4 8 2 7 9 6 9 3 1 24 6 6 4 23 11 4 3 7 2 6 5 24 5 1 1 3 1 16 10 1 4 20 2 4 10 28 6 1 18 4 7 10 3 1 3 16 28 5 8 6 1 9 3 1 5 6 4 2 11 19 1 1 4 5 1 2 4 1 13 15 1 5 1 28 1 7 8 9 15 5 1 4 2 4 5 7 7 2 8 21 2 5 18 2 7 11 3 2 7 1 2 43 21 1 4 8 10 10 5 3 3 5 8 1 6 6 2 37 11 1 12 2 2 17 11 2 2 4 5 8 10 1 17 4 1 36 4 5 9 9 1 5 24 11 2 4 2 2 3 6 17 6 7 19 4 6 12 2 4 1 1 6 2 15 3 1 3 35 7 8 25 2 4 13 12 2 2 10 11 6 19 21 2 13 34 4 4 18 8 4 1 7 6 9 10 12 20 3 10 6 10 8 6 7 2 1 4 2 27 16 5 4 21 6 6 5 4 24 14 1 2 12 15 10 16 2 1 6 5 11 4 20 8 3 6 2 3 3 4 1 1 6 5 7
1 7
4 7
7 10
12 13
13 14
9 15
4 16
7 16
0 17
1 17
2 17
1 18
9 18
16 18
2 19
3 19
9 19
11 19
17 19
1 20
8 20
18 21
5 22
8 22
13 22
16 22
20 22
17 23
1 24
8 24
12 24
2 25
4 25
5 25
11 25
24 25
0 27
4 27
11 27
24 27
26 27
0 28
22 28
1 29
7 29
12 29
25 29
26 29
28 29
0 31
6 31
7 31
12 31
17 31
24 31
25 31
14 32
1 33
20 33
23 33
4 34
21 34
22 34
29 34
17 35
30 35
3 36
10 36
14 36
19 36
34 36
8 37
12 37
25 37
11 38
23 38
24 38
25 38
0 39
7 39
20 39
21 39
22 39
24 39
29 39
36 39
26 40
31 40
39 40
14 41
34 41
36 41
39 41
21 42
24 42
10 43
17 43
38 43
22 44
36 44
41 44
1 45
3 45
14 45
15 45
20 45
31 45
36 45
8 46
10 46
22 46
35 46
37 46
41 46
2 47
3 47
5 47
13 47
15 47
17 47
26 47
32 47
18 48
24 48
27 48
34 48
45 48
24 49
39 49
44 49
5 50
7 50
8 50
11 50
37 50
38 50
39 50
40 50
41 50
47 50
2 51
4 51
6 51
24 51
25 51
29 51
32 51
40 51
47 51
5 52
9 52
11 52
16 52
19 52
30 52
0 53
13 53
17 53
26 53
31 53
45 53
22 54
30 54
47 54
2 55
29 55
47 55
49 55
6 56
16 56
21 56
30 56
31 56
33 56
42 56
2 57
4 57
17 57
24 57
32 57
49 57
11 58
22 58
28 58
33 58
36 58
51 58
0 59
2 59
4 59
11 59
33 59
37 59
49 59
53 59
55 59
28 60
31 60
43 60
51 60
54 60
57 60
58 60
59 60
26 61
35 61
48 61
51 61
55 61
1 62
4 62
6 62
12 62
38 62
42 62
51 62
8 63
23 63
45 63
51 63
55 63
57 63
3 64
13 64
20 64
24 64
32 64
37 64
45 64
58 64
19 65
24 65
36 65
38 65
53 65
64 65
4 66
8 66
13 66
33 66
42 66
44 66
49 66
53 66
61 66
63 66
0 67
13 67
29 67
37 67
45 67
48 67
10 68
12 68
31 68
55 68
58 68
59 68
3 69
5 69
16 69
22 69
23 69
25 69
37 69
44 69
59 69
65 69
25 70
27 70
28 70
39 70
45 70
55 70
62 70
8 71
10 71
19 71
24 71
26 71
32 71
38 71
44 71
46 71
47 71
52 71
55 71
9 72
14 72
28 72
32 72
39 72
43 72
47 72
5 73
8 73
10 73
12 73
22 73
60 73
63 73
4 74
11 74
21 74
23 74
27 74
29 74
32 74
39 74
50 74
54 74
4 75
5 75
13 75
17 75
19 75
27 75
38 75
48 75
57 75
61 75
65 75
66 75
13 76
17 76
22 76
37 76
40 76
57 76
71 76
8 77
13 77
16 77
19 77
20 77
28 77
36 77
37 77
40 77
45 77
50 77
58 77
63 77
69 77
74 77
76 77
13 78
15 78
17 78
18 78
21 78
26 78
27 78
34 78
53 78
58 78
62 78
69 78
77 78
2 79
5 79
14 79
18 79
24 79
38 79
49 79
50 79
56 79
69 79
3 80
9 80
14 80
17 80
31 80
32 80
37 80
54 80
70 80
14 81
17 81
46 81
61 81
67 81
77 81
2 82
4 82
7 82
46 82
54 82
63 82
5 83
14 83
29 83
31 83
34 83
48 83
72 83
76 83
5 84
7 84
11 84
17 84
22 84
43 84
48 84
55 84
60 84
65 84
70 84
75 84
8 85
12 85
38 85
40 85
50 85
53 85
58 85
75 85
76 85
83 85
19 86
20 86
23 86
26 86
28 86
34 86
48 86
55 86
57 86
7 87
31 87
43 87
50 87
54 87
55 87
67 87
3 88
21 88
42 88
44 88
50 88
54 88
78 88
79 88
12 89
15 89
16 89
35 89
41 89
43 89
50 89
52 89
67 89
69 89
70 89
79 89
82 89
87 89
9 90
27 90
34 90
37 90
40 90
41 90
48 90
56 90
67 90
73 90
74 90
3 91
9 91
12 91
14 91
30 91
31 91
41 91
65 91
84 91
85 91
5 92
7 92
11 92
12 92
14 92
18 92
22 92
26 92
29 92
34 92
39 92
45 92
63 92
67 92
74 92
81 92
87 92
90 92
7 93
15 93
29 93
59 93
76 93
77 93
80 93
83 93
1 94
3 94
22 94
23 94
43 94
52 94
66 94
68 94
69 94
76 94
0 95
3 95
16 95
28 95
36 95
37 95
39 95
57 95
64 95
71 95
79 95
82 95
89 95
14 96
24 96
28 96
38 96
49 96
51 96
56 96
64 96
65 96
67 96
82 96
95 96
4 97
27 97
39 97
51 97
55 97
58 97
65 97
74 97
92 97
93 97
94 97
95 97
5 98
6 98
8 98
14 98
18 98
23 98
43 98
52 98
53 98
95 98
1 99
5 99
10 99
15 99
18 99
19 99
32 99
33 99
42 99
51 99
55 99
72 99
93 99
11 100
14 100
15 100
36 100
38 100
56 100
60 100
65 100
76 100
96 100
4 101
7 101
22 101
27 101
38 101
41 101
50 101
52 101
57 101
68 101
69 101
70 101
85 101
98 101
99 101
9 102
13 102
18 102
26 102
41 102
42 102
59 102
63 102
74 102
86 102
2 103
9 103
25 103
34 103
35 103
50 103
54 103
65 103
84 103
96 103
100 103
102 103
20 104
32 104
34 104
35 104
64 104
65 104
69 104
74 104
93 104
98 104
5 105
21 105
27 105
43 105
52 105
71 105
79 105
95 105
1 106
9 106
11 106
13 106
15 106
29 106
34 106
35 106
45 106
52 106
58 106
60 106
64 106
74 106
81 106
87 106
90 106
92 106
102 106
3 107
17 107
19 107
21 107
27 107
35 107
41 107
50 107
58 107
61 107
81 107
85 107
90 107
94 107
103 107
13 108
15 108
32 108
64 108
75 108
78 108
101 108
13 109
19 109
24 109
37 109
38 109
41 109
43 109
52 109
59 109
68 109
76 109
83 109
87 109
90 109
99 109
107 109
1 110
7 110
13 110
20 110
26 110
27 110
36 110
50 110
53 110
54 110
58 110
63 110
64 110
66 110
73 110
75 110
76 110
79 110
98 110
109 110
6 111
15 111
31 111
36 111
39 111
41 111
60 111
64 111
74 111
84 111
85 111
89 111
92 111
99 111
106 111
107 111
108 111
110 111
0 112
3 112
4 112
14 112
28 112
40 112
45 112
78 112
90 112
1 113
16 113
39 113
45 113
47 113
50 113
66 113
70 113
81 113
87 113
98 113
108 113
112 113
6 114
17 114
23 114
29 114
30 114
33 114
40 114
58 114
59 114
60 114
75 114
78 114
96 114
2 115
3 115
4 115
8 115
11 115
16 115
18 115
31 115
41 115
44 115
58 115
59 115
62 115
71 115
85 115
89 115
99 115
100 115
101 115
110 115
0 116
12 116
18 116
19 116
35 116
41 116
54 116
55 116
62 116
67 116
68 116
70 116
72 116
79 116
101 116
104 116
1 117
2 117
4 117
11 117
12 117
29 117
37 117
40 117
41 117
52 117
70 117
78 117
84 117
112 117
115 117
30 118
36 118
38 118
41 118
42 118
44 118
47 118
49 118
61 118
74 118
78 118
89 118
102 118
106 118
107 118
0 119
7 119
8 119
15 119
42 119
47 119
50 119
58 119
66 119
70 119
72 119
74 119
81 119
104 119
117 119
9 120
10 120
16 120
38 120
60 120
61 120
65 120
66 120
81 120
82 120
94 120
115 120
118 120
8 121
11 121
24 121
35 121
53 121
57 121
64 121
66 121
68 121
69 121
71 121
75 121
84 121
95 121
97 121
101 121
102 121
108 121
110 121
111 121
11 122
15 122
34 122
35 122
38 122
39 122
50 122
55 122
68 122
78 122
95 122
102 122
104 122
113 122
6 123
21 123
30 123
42 123
47 123
58 123
60 123
67 123
72 123
76 123
80 123
82 123
89 123
96 123
97 123
103 123
119 123
4 124
31 124
38 124
41 124
54 124
65 124
69 124
71 124
78 124
84 124
13 125
27 125
28 125
33 125
36 125
77 125
78 125
80 125
88 125
89 125
94 125
97 125
101 125
103 125
9 126
25 126
32 126
50 126
54 126
56 126
71 126
75 126
77 126
84 126
97 126
102 126
114 126
115 126
5 127
7 127
9 127
18 127
21 127
46 127
47 127
54 127
56 127
83 127
86 127
87 127
101 127
102 127
108 127
111 127
13 128
16 128
20 128
22 128
26 128
31 128
35 128
39 128
45 128
52 128
56 128
61 128
91 128
92 128
95 128
97 128
101 128
102 128
103 128
104 128
105 128
110 128
118 128
5 129
16 129
18 129
19 129
39 129
52 129
53 129
62 129
66 129
67 129
68 129
82 129
88 129
89 129
96 129
106 129
109 129
121 129
1 130
2 130
26 130
52 130
55 130
57 130
63 130
65 130
70 130
72 130
80 130
91 130
96 130
97 130
100 130
113 130
115 130
119 130
120 130
125 130
0 131
3 131
6 131
20 131
21 131
25 131
28 131
41 131
48 131
55 131
82 131
94 131
113 131
118 131
126 131
5 132
6 132
12 132
15 132
19 132
21 132
22 132
27 132
28 132
53 132
54 132
89 132
101 132
102 132
103 132
106 132
108 132
111 132
127 132
7 133
21 133
26 133
32 133
72 133
97 133
110 133
122 133
9 134
11 134
21 134
23 134
24 134
47 134
49 134
51 134
54 134
72 134
79 134
85 134
94 134
100 134
101 134
108 134
120 134
124 134
129 134
131 134
10 135
13 135
26 135
41 135
55 135
71 135
72 135
93 135
101 135
105 135
113 135
117 135
124 135
130 135
7 136
30 136
40 136
45 136
49 136
50 136
60 136
69 136
77 136
118 136
119 136
120 136
134 136
1 137
5 137
13 137
17 137
27 137
32 137
46 137
68 137
76 137
90 137
95 137
100 137
101 137
103 137
105 137
107 137
118 137
126 137
127 137
128 137
129 137
133 137
8 138
9 138
26 138
28 138
30 138
45 138
49 138
67 138
78 138
82 138
89 138
105 138
119 138
128 138
7 139
10 139
23 139
25 139
53 139
56 139
62 139
68 139
72 139
78 139
133 139
138 139
14 140
18 140
32 140
42 140
48 140
49 140
94 140
117 140
138 140
0 141
11 141
22 141
33 141
45 141
52 141
65 141
70 141
92 141
94 141
101 141
102 141
127 141
3 142
7 142
8 142
17 142
32 142
34 142
36 142
37 142
41 142
44 142
56 142
57 142
63 142
70 142
71 142
75 142
100 142
104 142
105 142
117 142
128 142
137 142
11 143
13 143
33 143
54 143
75 143
90 143
94 143
97 143
106 143
109 143
114 143
118 143
126 143
128 143
132 143
16 144
18 144
19 144
21 144
36 144
38 144
39 144
42 144
54 144
57 144
58 144
73 144
94 144
108 144
120 144
142 144
5 145
6 145
18 145
27 145
33 145
36 145
39 145
52 145
57 145
71 145
83 145
104 145
111 145
118 145
123 145
138 145
139 145
141 145
3 146
5 146
9 146
11 146
12 146
13 146
15 146
18 146
40 146
61 146
64 146
109 146
127 146
10 147
16 147
27 147
28 147
47 147
56 147
60 147
63 147
71 147
78 147
87 147
106 147
122 147
134 147
144 147
4 148
24 148
33 148
37 148
71 148
96 148
97 148
100 148
103 148
104 148
112 148
115 148
121 148
123 148
130 148
147 148
2 149
9 149
14 149
24 149
32 149
36 149
42 149
45 149
51 149
63 149
68 149
79 149
82 149
83 149
86 149
87 149
90 149
91 149
106 149
109 149
121 149
126 149
127 149
131 149
135 149
8 150
17 150
23 150
25 150
27 150
43 150
53 150
67 150
69 150
72 150
74 150
87 150
96 150
101 150
102 150
108 150
113 150
118 150
119 150
125 150
130 150
141 150
3 151
8 151
18 151
33 151
34 151
48 151
75 151
94 151
102 151
129 151
135 151
147 151
6 152
8 152
14 152
40 152
44 152
60 152
69 152
71 152
88 152
96 152
98 152
108 152
111 152
124 152
133 152
148 152
1 153
18 153
33 153
36 153
38 153
62 153
71 153
72 153
73 153
116 153
118 153
140 153
141 153
144 153
34 154
66 154
70 154
77 154
78 154
84 154
91 154
93 154
106 154
121 154
131 154
141 154
152 154
153 154
9 155
13 155
18 155
31 155
35 155
58 155
69 155
73 155
105 155
128 155
131 155
140 155
147 155
149 155
3 156
14 156
37 156
49 156
53 156
57 156
64 156
75 156
79 156
92 156
102 156
124 156
127 156
128 156
6 157
14 157
17 157
21 157
23 157
40 157
50 157
63 157
69 157
72 157
85 157
89 157
107 157
108 157
121 157
122 157
123 157
141 157
145 157
30 158
34 158
43 158
50 158
71 158
73 158
76 158
87 158
106 158
115 158
117 158
120 158
138 158
2 159
5 159
12 159
21 159
32 159
41 159
75 159
79 159
100 159
107 159
112 159
119 159
121 159
21 160
28 160
29 160
31 160
52 160
58 160
59 160
65 160
87 160
96 160
101 160
102 160
105 160
106 160
123 160
126 160
127 160
139 160
146 160
147 160
153 160
155 160
16 161
17 161
43 161
45 161
74 161
77 161
80 161
94 161
111 161
117 161
118 161
119 161
130 161
133 161
137 161
142 161
145 161
156 161
2 162
8 162
23 162
33 162
39 162
43 162
48 162
54 162
57 162
87 162
91 162
97 162
104 162
133 162
148 162
154 162
157 162
2 163
6 163
10 163
20 163
26 163
37 163
42 163
43 163
45 163
63 163
68 163
69 163
71 163
74 163
81 163
83 163
90 163
98 163
112 163
117 163
121 163
137 163
8 164
11 164
21 164
27 164
32 164
40 164
55 164
66 164
68 164
76 164
89 164
98 164
99 164
101 164
108 164
111 164
124 164
131 164
135 164
146 164
156 164
157 164
161 164
15 165
31 165
33 165
34 165
39 165
45 165
47 165
62 165
66 165
71 165
97 165
109 165
127 165
128 165
139 165
144 165
4 166
19 166
27 166
29 166
44 166
45 166
52 166
54 166
66 166
73 166
89 166
103 166
108 166
128 166
138 166
149 166
153 166
159 166
161 166
164 166
17 167
27 167
28 167
32 167
45 167
50 167
55 167
58 167
59 167
75 167
94 167
112 167
113 167
114 167
116 167
119 167
121 167
140 167
166 167
12 168
13 168
17 168
20 168
34 168
38 168
57 168
58 168
61 168
95 168
96 168
104 168
114 168
141 168
143 168
151 168
161 168
48 169
52 169
57 169
62 169
63 169
67 169
88 169
97 169
106 169
119 169
121 169
128 169
129 169
132 169
145 169
153 169
14 170
27 170
32 170
36 170
42 170
49 170
56 170
67 170
69 170
73 170
81 170
93 170
113 170
128 170
144 170
146 170
152 170
153 170
164 170
10 171
16 171
18 171
23 171
24 171
26 171
27 171
28 171
33 171
38 171
42 171
48 171
50 171
51 171
67 171
69 171
70 171
87 171
90 171
94 171
101 171
103 171
107 171
123 171
137 171
140 171
145 171
165 171
1 172
18 172
33 172
41 172
46 172
53 172
69 172
71 172
75 172
78 172
96 172
105 172
107 172
111 172
117 172
118 172
128 172
132 172
135 172
146 172
160 172
165 172
0 173
2 173
30 173
32 173
34 173
39 173
46 173
55 173
57 173
64 173
85 173
102 173
110 173
123 173
131 173
137 173
158 173
165 173
170 173
8 174
14 174
16 174
21 174
25 174
44 174
47 174
48 174
63 174
64 174
68 174
80 174
95 174
98 174
102 174
107 174
109 174
111 174
119 174
122 174
127 174
128 174
147 174
148 174
152 174
153 174
154 174
160 174
166 174
172 174
24 175
33 175
39 175
52 175
56 175
58 175
80 175
89 175
97 175
101 175
103 175
108 175
112 175
114 175
118 175
124 175
130 175
132 175
145 175
154 175
160 175
162 175
14 176
18 176
35 176
36 176
37 176
73 176
74 176
77 176
79 176
81 176
95 176
96 176
98 176
99 176
108 176
119 176
131 176
137 176
145 176
153 176
16 177
19 177
25 177
61 177
63 177
67 177
68 177
71 177
72 177
80 177
86 177
94 177
103 177
106 177
107 177
119 177
136 177
143 177
146 177
147 177
149 177
157 177
163 177
174 177
2 178
7 178
9 178
16 178
18 178
23 178
56 178
63 178
70 178
77 178
98 178
99 178
104 178
117 178
123 178
124 178
142 178
151 178
152 178
3 179
19 179
45 179
47 179
58 179
93 179
96 179
99 179
103 179
107 179
109 179
111 179
119 179
131 179
133 179
146 179
161 179
164 179
174 179
16 180
21 180
23 180
26 180
32 180
41 180
50 180
54 180
66 180
76 180
81 180
82 180
87 180
97 180
98 180
100 180
101 180
107 180
113 180
146 180
148 180
179 180
11 181
40 181
43 181
60 181
82 181
84 181
87 181
134 181
137 181
149 181
155 181
156 181
158 181
162 181
166 181
167 181
168 181
172 181
2 182
6 182
11 182
12 182
14 182
22 182
26 182
28 182
36 182
38 182
52 182
53 182
61 182
65 182
85 182
92 182
101 182
117 182
123 182
125 182
130 182
132 182
175 182
0 183
1 183
4 183
22 183
39 183
47 183
48 183
61 183
68 183
91 183
92 183
99 183
110 183
111 183
117 183
123 183
134 183
138 183
145 183
147 183
164 183
169 183
170 183
179 183
13 184
15 184
16 184
24 184
27 184
42 184
51 184
72 184
76 184
85 184
88 184
95 184
96 184
106 184
108 184
110 184
128 184
133 184
148 184
152 184
160 184
166 184
5 185
30 185
47 185
57 185
68 185
81 185
96 185
106 185
130 185
136 185
144 185
168 185
169 185
170 185
173 185
174 185
16 186
22 186
31 186
32 186
35 186
41 186
46 186
49 186
78 186
83 186
91 186
106 186
107 186
138 186
143 186
154 186
169 186
175 186
183 186
11 187
12 187
17 187
18 187
19 187
25 187
27 187
40 187
65 187
71 187
76 187
85 187
87 187
102 187
104 187
106 187
118 187
129 187
151 187
179 187
182 187
10 188
17 188
18 188
22 188
34 188
36 188
56 188
61 188
62 188
63 188
116 188
131 188
134 188
142 188
149 188
172 188
175 188
177 188
180 188
14 189
43 189
57 189
70 189
72 189
74 189
80 189
104 189
111 189
118 189
119 189
143 189
147 189
161 189
177 189
4 190
14 190
21 190
30 190
39 190
49 190
77 190
78 190
83 190
87 190
90 190
100 190
101 190
105 190
106 190
112 190
117 190
139 190
142 190
147 190
150 190
153 190
158 190
163 190
186 190
24 191
26 191
27 191
40 191
46 191
51 191
52 191
53 191
56 191
72 191
76 191
112 191
122 191
127 191
129 191
132 191
140 191
141 191
148 191
151 191
158 191
163 191
164 191
169 191
184 191
189 191
8 192
17 192
38 192
40 192
41 192
51 192
55 192
56 192
58 192
63 192
66 192
85 192
96 192
97 192
129 192
130 192
132 192
138 192
143 192
144 192
152 192
158 192
172 192
175 192
178 192
187 192
189 192
18 193
19 193
35 193
55 193
60 193
67 193
75 193
91 193
108 193
113 193
115 193
123 193
124 193
127 193
137 193
139 193
142 193
153 193
170 193
171 193
172 193
173 193
174 193
183 193
9 194
10 194
27 194
39 194
47 194
51 194
54 194
57 194
74 194
75 194
84 194
110 194
116 194
129 194
145 194
150 194
151 194
160 194
164 194
189 194
192 194
1 195
10 195
17 195
20 195
26 195
29 195
36 195
38 195
43 195
47 195
48 195
62 195
68 195
78 195
90 195
91 195
96 195
106 195
117 195
119 195
141 195
142 195
147 195
149 195
159 195
162 195
169 195
172 195
176 195
192 195
194 195
21 196
33 196
43 196
51 196
67 196
70 196
77 196
78 196
83 196
86 196
87 196
89 196
95 196
110 196
119 196
120 196
126 196
167 196
177 196
189 196
7 197
12 197
15 197
18 197
19 197
20 197
22 197
24 197
29 197
48 197
58 197
59 197
69 197
70 197
74 197
87 197
88 197
92 197
106 197
108 197
113 197
115 197
116 197
125 197
135 197
136 197
149 197
179 197
186 197
192 197
5 198
10 198
17 198
26 198
31 198
40 198
50 198
63 198
74 198
83 198
89 198
112 198
116 198
160 198
170 198
174 198
181 198
182 198
185 198
191 198
1 199
19 199
23 199
24 199
32 199
34 199
46 199
50 199
76 199
87 199
91 199
106 199
120 199
122 199
126 199
127 199
134 199
138 199
151 199
177 199
178 199
192 199
17 200
20 200
49 200
77 200
81 200
92 200
102 200
107 200
114 200
127 200
128 200
129 200
139 200
145 200
151 200
154 200
162 200
182 200
183 200
185 200
186 200
187 200
196 200
198 200
7 201
33 201
35 201
36 201
46 201
54 201
60 201
63 201
88 201
92 201
106 201
111 201
126 201
133 201
139 201
171 201
175 201
183 201
187 201
191 201
12 202
28 202
30 202
54 202
63 202
73 202
78 202
89 202
95 202
127 202
130 202
147 202
154 202
160 202
161 202
164 202
200 202
6 203
10 203
19 203
24 203
31 203
41 203
49 203
67 203
71 203
73 203
84 203
98 203
107 203
109 203
117 203
152 203
157 203
160 203
161 203
164 203
171 203
177 203
6 204
11 204
31 204
41 204
57 204
58 204
77 204
88 204
94 204
106 204
113 204
121 204
127 204
134 204
140 204
144 204
145 204
160 204
171 204
191 204
192 204
195 204
196 204
202 204
16 205
30 205
33 205
38 205
41 205
56 205
57 205
59 205
60 205
66 205
72 205
83 205
123 205
132 205
135 205
137 205
153 205
156 205
161 205
178 205
185 205
193 205
194 205
195 205
196 205
204 205
5 206
9 206
12 206
16 206
17 206
37 206
38 206
47 206
58 206
66 206
74 206
79 206
80 206
89 206
90 206
102 206
117 206
147 206
149 206
155 206
162 206
168 206
186 206
191 206
197 206
13 207
20 207
23 207
36 207
39 207
40 207
48 207
56 207
62 207
77 207
84 207
91 207
100 207
111 207
137 207
141 207
146 207
148 207
156 207
157 207
176 207
191 207
25 208
30 208
35 208
40 208
41 208
45 208
55 208
59 208
91 208
111 208
119 208
121 208
130 208
142 208
147 208
155 208
159 208
160 208
185 208
188 208
204 208
5 209
41 209
60 209
69 209
71 209
83 209
91 209
99 209
103 209
118 209
119 209
120 209
137 209
138 209
147 209
149 209
161 209
171 209
172 209
184 209
188 209
193 209
200 209
202 209
4 210
8 210
9 210
11 210
14 210
19 210
30 210
35 210
47 210
49 210
50 210
58 210
61 210
100 210
121 210
129 210
135 210
142 210
147 210
154 210
182 210
196 210
206 210
208 210
8 211
21 211
31 211
33 211
50 211
57 211
61 211
66 211
68 211
77 211
100 211
105 211
117 211
131 211
137 211
140 211
145 211
11 212
26 212
36 212
50 212
52 212
63 212
74 212
77 212
88 212
90 212
93 212
115 212
123 212
140 212
146 212
154 212
173 212
188 212
193 212
194 212
9 213
12 213
13 213
18 213
24 213
26 213
48 213
58 213
69 213
81 213
89 213
99 213
110 213
113 213
121 213
128 213
134 213
157 213
162 213
177 213
184 213
188 213
196 213
206 213
207 213
7 214
16 214
19 214
36 214
43 214
44 214
48 214
58 214
75 214
112 214
132 214
134 214
156 214
158 214
167 214
172 214
183 214
186 214
11 215
12 215
20 215
29 215
32 215
39 215
41 215
53 215
54 215
60 215
61 215
62 215
63 215
67 215
76 215
87 215
99 215
100 215
101 215
105 215
139 215
162 215
174 215
185 215
193 215
198 215
200 215
206 215
209 215
4 216
9 216
16 216
25 216
34 216
49 216
51 216
57 216
71 216
72 216
81 216
86 216
88 216
97 216
105 216
114 216
116 216
122 216
137 216
138 216
151 216
153 216
173 216
188 216
191 216
205 216
209 216
32 217
37 217
53 217
57 217
58 217
91 217
93 217
111 217
122 217
143 217
146 217
175 217
204 217
209 217
210 217
14 218
32 218
36 218
51 218
52 218
71 218
76 218
97 218
99 218
105 218
106 218
112 218
114 218
143 218
149 218
151 218
154 218
160 218
174 218
177 218
192 218
203 218
217 218
0 219
7 219
10 219
12 219
26 219
34 219
35 219
51 219
57 219
59 219
64 219
78 219
86 219
105 219
119 219
127 219
135 219
137 219
149 219
162 219
163 219
182 219
198 219
199 219
210 219
217 219
11 220
22 220
23 220
33 220
41 220
43 220
45 220
51 220
61 220
71 220
84 220
86 220
89 220
93 220
96 220
100 220
109 220
110 220
116 220
118 220
119 220
146 220
147 220
169 220
195 220
200 220
207 220
217 220
4 221
8 221
12 221
15 221
23 221
37 221
59 221
60 221
64 221
65 221
68 221
87 221
96 221
99 221
106 221
108 221
142 221
148 221
153 221
166 221
170 221
181 221
187 221
192 221
195 221
210 221
2 222
15 222
17 222
20 222
47 222
58 222
68 222
78 222
90 222
91 222
95 222
96 222
119 222
134 222
135 222
136 222
143 222
151 222
164 222
187 222
190 222
196 222
202 222
204 222
206 222
208 222
210 222
212 222
217 222
9 223
46 223
54 223
66 223
71 223
75 223
77 223
86 223
99 223
109 223
114 223
124 223
128 223
141 223
142 223
156 223
160 223
172 223
176 223
179 223
182 223
194 223
202 223
206 223
4 224
6 224
45 224
59 224
71 224
85 224
90 224
91 224
106 224
112 224
135 224
142 224
155 224
170 224
173 224
174 224
177 224
185 224
198 224
206 224
21 225
36 225
63 225
64 225
74 225
80 225
82 225
97 225
98 225
106 225
115 225
116 225
128 225
129 225
135 225
163 225
173 225
185 225
192 225
197 225
202 225
207 225
8 226
22 226
28 226
30 226
49 226
68 226
84 226
95 226
99 226
116 226
121 226
128 226
139 226
141 226
145 226
159 226
163 226
168 226
175 226
182 226
211 226
214 226
219 226
1 227
5 227
22 227
24 227
27 227
31 227
34 227
40 227
41 227
51 227
52 227
56 227
60 227
74 227
76 227
82 227
84 227
99 227
111 227
116 227
118 227
120 227
122 227
155 227
158 227
161 227
163 227
168 227
172 227
182 227
184 227
188 227
194 227
202 227
205 227
206 227
219 227
17 228
18 228
45 228
46 228
55 228
58 228
73 228
78 228
95 228
102 228
110 228
131 228
138 228
160 228
165 228
166 228
172 228
183 228
197 228
205 228
222 228
14 229
19 229
20 229
22 229
23 229
24 229
36 229
44 229
76 229
80 229
89 229
90 229
104 229
107 229
110 229
115 229
121 229
127 229
153 229
155 229
158 229
166 229
172 229
179 229
180 229
219 229
224 229
21 230
34 230
41 230
53 230
70 230
71 230
95 230
106 230
115 230
125 230
133 230
135 230
143 230
145 230
160 230
165 230
167 230
174 230
198 230
200 230
201 230
202 230
217 230
218 230
0 231
3 231
5 231
32 231
59 231
60 231
73 231
77 231
85 231
88 231
89 231
124 231
126 231
148 231
162 231
175 231
184 231
190 231
206 231
228 231
2 232
21 232
27 232
33 232
34 232
43 232
45 232
64 232
72 232
86 232
91 232
98 232
103 232
104 232
106 232
115 232
116 232
117 232
118 232
133 232
136 232
143 232
152 232
156 232
157 232
208 232
218 232
220 232
222 232
224 232
228 232
2 233
33 233
36 233
58 233
67 233
73 233
77 233
82 233
88 233
97 233
101 233
105 233
107 233
113 233
115 233
119 233
133 233
137 233
142 233
149 233
154 233
155 233
157 233
184 233
185 233
223 233
231 233
5 234
9 234
10 234
11 234
14 234
16 234
32 234
38 234
39 234
46 234
47 234
49 234
57 234
59 234
63 234
72 234
81 234
86 234
96 234
102 234
104 234
127 234
131 234
139 234
150 234
163 234
165 234
173 234
176 234
185 234
188 234
197 234
198 234
211 234
230 234
1 235
8 235
18 235
19 235
23 235
27 235
33 235
38 235
54 235
57 235
67 235
74 235
80 235
105 235
112 235
113 235
117 235
118 235
125 235
127 235
135 235
137 235
156 235
162 235
165 235
177 235
178 235
193 235
194 235
195 235
198 235
208 235
222 235
7 236
11 236
20 236
22 236
50 236
60 236
67 236
74 236
77 236
79 236
81 236
82 236
87 236
90 236
101 236
107 236
113 236
114 236
120 236
122 236
125 236
133 236
134 236
148 236
152 236
171 236
173 236
174 236
180 236
191 236
193 236
194 236
198 236
7 237
19 237
26 237
55 237
59 237
90 237
95 237
112 237
114 237
121 237
134 237
137 237
139 237
144 237
150 237
151 237
155 237
187 237
190 237
211 237
18 238
27 238
44 238
55 238
67 238
69 238
78 238
81 238
92 238
94 238
98 238
99 238
107 238
108 238
115 238
123 238
139 238
143 238
152 238
156 238
158 238
180 238
184 238
191 238
196 238
216 238
225 238
230 238
6 239
40 239
43 239
44 239
58 239
72 239
83 239
93 239
94 239
95 239
101 239
112 239
118 239
120 239
136 239
148 239
164 239
176 239
200 239
217 239
218 239
230 239
232 239
0 240
27 240
30 240
31 240
42 240
46 240
56 240
66 240
74 240
75 240
79 240
82 240
87 240
90 240
95 240
100 240
113 240
119 240
124 240
130 240
133 240
137 240
144 240
150 240
162 240
165 240
167 240
172 240
176 240
200 240
208 240
210 240
214 240
228 240
229 240
237 240
1 241
3 241
14 241
21 241
28 241
29 241
41 241
53 241
58 241
64 241
67 241
87 241
89 241
96 241
98 241
104 241
109 241
110 241
111 241
117 241
128 241
129 241
134 241
142 241
143 241
152 241
163 241
182 241
192 241
201 241
211 241
214 241
218 241
0 242
5 242
6 242
17 242
34 242
41 242
42 242
48 242
50 242
89 242
109 242
110 242
117 242
120 242
122 242
160 242
168 242
172 242
204 242
212 242
213 242
224 242
228 242
231 242
241 242
2 243
11 243
36 243
39 243
46 243
55 243
106 243
115 243
138 243
153 243
159 243
160 243
173 243
179 243
211 243
227 243
232 243
239 243
242 243
26 244
37 244
40 244
43 244
49 244
63 244
68 244
77 244
80 244
87 244
100 244
113 244
122 244
124 244
125 244
130 244
133 244
139 244
151 244
155 244
157 244
158 244
159 244
160 244
175 244
236 244
0 245
1 245
15 245
17 245
26 245
27 245
30 245
38 245
39 245
41 245
54 245
78 245
94 245
96 245
111 245
125 245
140 245
159 245
161 245
165 245
174 245
188 245
202 245
204 245
220 245
234 245
236 245
237 245
16 246
18 246
34 246
57 246
59 246
64 246
67 246
75 246
80 246
81 246
112 246
138 246
147 246
166 246
173 246
185 246
186 246
193 246
203 246
211 246
213 246
219 246
231 246
232 246
4 247
6 247
7 247
10 247
14 247
21 247
28 247
32 247
33 247
38 247
42 247
43 247
49 247
59 247
60 247
61 247
62 247
65 247
67 247
89 247
98 247
111 247
121 247
128 247
140 247
141 247
147 247
155 247
158 247
163 247
170 247
190 247
194 247
200 247
13 248
14 248
25 248
42 248
53 248
56 248
77 248
81 248
88 248
89 248
90 248
92 248
96 248
117 248
127 248
128 248
131 248
149 248
166 248
173 248
177 248
178 248
179 248
185 248
191 248
195 248
204 248
206 248
213 248
218 248
222 248
245 248
5 249
12 249
18 249
21 249
48 249
59 249
67 249
70 249
71 249
81 249
102 249
103 249
106 249
107 249
110 249
118 249
132 249
133 249
154 249
162 249
166 249
175 249
185 249
188 249
197 249
203 249
205 249
206 249
214 249
217 249
244 249
247 249
18 250
21 250
28 250
32 250
35 250
50 250
71 250
74 250
82 250
86 250
94 250
113 250
136 250
150 250
173 250
190 250
221 250
237 250
40 251
44 251
59 251
62 251
69 251
78 251
109 251
115 251
116 251
128 251
159 251
175 251
180 251
193 251
202 251
203 251
220 251
223 251
5 252
12 252
27 252
43 252
44 252
48 252
49 252
57 252
58 252
67 252
75 252
88 252
91 252
99 252
103 252
108 252
110 252
116 252
120 252
139 252
140 252
141 252
146 252
149 252
154 252
157 252
167 252
179 252
183 252
195 252
200 252
203 252
212 252
221 252
226 252
239 252
243 252
248 252
4 253
11 253
24 253
55 253
63 253
66 253
73 253
74 253
78 253
86 253
94 253
109 253
113 253
121 253
129 253
135 253
145 253
147 253
148 253
149 253
150 253
178 253
182 253
191 253
193 253
200 253
211 253
222 253
227 253
228 253
242 253
245 253
3 254
5 254
12 254
20 254
35 254
40 254
42 254
43 254
56 254
72 254
73 254
82 254
86 254
92 254
99 254
107 254
114 254
118 254
122 254
131 254
134 254
144 254
186 254
198 254
203 254
208 254
213 254
214 254
217 254
229 254
232 254
244 254
250 254
5 255
11 255
15 255
34 255
49 255
57 255
61 255
71 255
73 255
83 255
102 255
105 255
121 255
135 255
136 255
145 255
149 255
158 255
161 255
169 255
171 255
188 255
195 255
205 255
211 255
214 255
233 255
237 255
28 256
32 256
38 256
39 256
56 256
85 256
94 256
100 256
106 256
108 256
120 256
122 256
123 256
124 256
129 256
132 256
148 256
150 256
156 256
160 256
163 256
170 256
180 256
186 256
200 256
203 256
221 256
8 257
22 257
28 257
36 257
43 257
44 257
49 257
60 257
71 257
82 257
87 257
91 257
98 257
100 257
101 257
106 257
107 257
110 257
123 257
152 257
154 257
157 257
162 257
167 257
170 257
187 257
195 257
199 257
254 257
13 258
17 258
22 258
36 258
47 258
75 258
86 258
89 258
118 258
147 258
169 258
185 258
191 258
192 258
197 258
205 258
212 258
218 258
225 258
252 258
255 258
257 258
24 259
25 259
30 259
35 259
56 259
74 259
85 259
89 259
97 259
108 259
122 259
123 259
136 259
141 259
142 259
147 259
158 259
161 259
166 259
172 259
185 259
190 259
208 259
212 259
215 259
220 259
232 259
233 259
237 259
243 259
254 259
256 259
3 260
16 260
43 260
46 260
69 260
70 260
88 260
91 260
92 260
105 260
111 260
114 260
117 260
129 260
136 260
137 260
145 260
148 260
153 260
159 260
161 260
166 260
172 260
177 260
183 260
188 260
193 260
205 260
212 260
219 260
220 260
229 260
242 260
243 260
255 260
4 261
25 261
54 261
61 261
62 261
63 261
64 261
68 261
69 261
75 261
77 261
79 261
87 261
88 261
129 261
144 261
161 261
168 261
170 261
172 261
201 261
216 261
228 261
235 261
237 261
258 261
1 262
33 262
55 262
61 262
69 262
81 262
89 262
99 262
151 262
166 262
170 262
178 262
186 262
194 262
195 262
198 262
200 262
203 262
212 262
223 262
227 262
230 262
232 262
236 262
241 262
252 262
17 263
18 263
21 263
31 263
38 263
57 263
61 263
62 263
63 263
65 263
66 263
70 263
72 263
78 263
93 263
97 263
105 263
109 263
141 263
142 263
148 263
161 263
181 263
192 263
206 263
223 263
239 263
246 263
248 263
249 263
250 263
259 263
10 264
15 264
17 264
47 264
66 264
72 264
80 264
81 264
87 264
103 264
104 264
107 264
110 264
116 264
125 264
134 264
136 264
138 264
143 264
158 264
170 264
179 264
191 264
195 264
197 264
199 264
208 264
218 264
230 264
249 264
11 265
49 265
50 265
59 265
63 265
69 265
70 265
75 265
81 265
83 265
88 265
94 265
97 265
107 265
109 265
129 265
143 265
164 265
177 265
190 265
196 265
217 265
220 265
235 265
239 265
245 265
247 265
253 265
257 265
261 265
12 266
13 266
39 266
41 266
45 266
50 266
64 266
70 266
72 266
73 266
79 266
86 266
94 266
95 266
102 266
124 266
128 266
134 266
141 266
152 266
154 266
168 266
173 266
182 266
183 266
197 266
205 266
206 266
209 266
210 266
214 266
230 266
235 266
245 266
247 266
250 266
259 266
261 266
265 266
41 267
46 267
55 267
59 267
77 267
78 267
84 267
98 267
101 267
114 267
122 267
135 267
136 267
149 267
161 267
173 267
176 267
178 267
193 267
205 267
218 267
219 267
227 267
228 267
234 267
253 267
258 267
31 268
32 268
53 268
54 268
60 268
84 268
95 268
108 268
109 268
126 268
169 268
197 268
207 268
209 268
211 268
239 268
241 268
248 268
249 268
253 268
254 268
262 268
2 269
10 269
14 269
20 269
26 269
31 269
33 269
42 269
49 269
51 269
52 269
60 269
67 269
78 269
93 269
95 269
96 269
99 269
101 269
102 269
105 269
109 269
121 269
124 269
127 269
132 269
148 269
152 269
167 269
174 269
190 269
193 269
201 269
214 269
224 269
249 269
262 269
0 270
3 270
19 270
26 270
30 270
34 270
59 270
79 270
92 270
97 270
105 270
107 270
114 270
116 270
125 270
133 270
134 270
146 270
169 270
183 270
192 270
222 270
227 270
229 270
238 270
241 270
242 270
244 270
248 270
5 271
9 271
13 271
15 271
24 271
29 271
54 271
56 271
89 271
96 271
99 271
104 271
112 271
113 271
119 271
128 271
144 271
145 271
158 271
160 271
167 271
168 271
173 271
191 271
196 271
197 271
199 271
210 271
212 271
216 271
234 271
237 271
268 271
6 272
31 272
33 272
35 272
58 272
63 272
85 272
98 272
104 272
123 272
127 272
141 272
152 272
158 272
169 272
174 272
185 272
186 272
190 272
201 272
224 272
227 272
235 272
239 272
248 272
259 272
266 272
2 273
16 273
19 273
22 273
39 273
42 273
53 273
72 273
74 273
82 273
86 273
87 273
95 273
97 273
107 273
132 273
133 273
167 273
171 273
178 273
185 273
188 273
189 273
190 273
195 273
196 273
203 273
206 273
215 273
228 273
234 273
251 273
265 273
271 273
27 274
39 274
44 274
48 274
50 274
57 274
62 274
67 274
78 274
85 274
87 274
90 274
95 274
96 274
98 274
114 274
121 274
123 274
126 274
134 274
141 274
150 274
159 274
160 274
167 274
180 274
181 274
196 274
198 274
201 274
216 274
230 274
245 274
248 274
255 274
256 274
2 275
10 275
17 275
26 275
27 275
35 275
51 275
54 275
76 275
100 275
101 275
103 275
108 275
117 275
120 275
151 275
155 275
157 275
187 275
202 275
204 275
212 275
224 275
254 275
261 275
263 275
269 275
272 275
13 276
17 276
80 276
81 276
82 276
83 276
90 276
91 276
99 276
106 276
118 276
130 276
134 276
138 276
144 276
146 276
157 276
171 276
173 276
181 276
185 276
211 276
213 276
230 276
231 276
232 276
235 276
258 276
259 276
47 277
60 277
72 277
82 277
85 277
104 277
105 277
107 277
136 277
152 277
155 277
160 277
164 277
166 277
169 277
181 277
190 277
192 277
194 277
217 277
233 277
242 277
256 277
263 277
18 278
26 278
28 278
37 278
42 278
50 278
59 278
60 278
65 278
75 278
81 278
93 278
101 278
105 278
115 278
116 278
123 278
126 278
143 278
166 278
190 278
193 278
198 278
230 278
232 278
233 278
235 278
237 278
238 278
250 278
251 278
256 278
272 278
1 279
6 279
7 279
12 279
14 279
27 279
29 279
30 279
31 279
33 279
44 279
46 279
48 279
57 279
67 279
71 279
72 279
82 279
106 279
109 279
116 279
118 279
127 279
134 279
144 279
147 279
153 279
157 279
162 279
166 279
168 279
182 279
183 279
203 279
209 279
247 279
261 279
262 279
270 279
271 279
5 280
13 280
29 280
34 280
52 280
58 280
64 280
81 280
88 280
121 280
130 280
135 280
139 280
154 280
165 280
175 280
183 280
195 280
200 280
205 280
216 280
236 280
238 280
246 280
249 280
255 280
262 280
270 280
2 281
4 281
8 281
13 281
15 281
48 281
52 281
55 281
57 281
58 281
59 281
79 281
87 281
114 281
124 281
145 281
163 281
174 281
180 281
181 281
187 281
197 281
201 281
212 281
236 281
246 281
247 281
256 281
273 281
280 281
8 282
12 282
19 282
37 282
42 282
44 282
53 282
67 282
71 282
72 282
73 282
74 282
88 282
102 282
107 282
108 282
121 282
126 282
131 282
137 282
152 282
171 282
220 282
223 282
225 282
239 282
244 282
256 282
263 282
268 282
271 282
5 283
7 283
9 283
18 283
22 283
49 283
51 283
52 283
53 283
54 283
57 283
66 283
69 283
80 283
91 283
107 283
115 283
117 283
120 283
125 283
139 283
142 283
143 283
163 283
166 283
167 283
182 283
188 283
192 283
196 283
199 283
203 283
204 283
206 283
214 283
220 283
233 283
245 283
258 283
260 283
264 283
282 283
6 284
7 284
14 284
17 284
23 284
26 284
32 284
34 284
38 284
44 284
45 284
46 284
51 284
70 284
80 284
88 284
93 284
106 284
109 284
120 284
131 284
140 284
144 284
149 284
154 284
160 284
164 284
178 284
194 284
196 284
206 284
210 284
211 284
234 284
252 284
257 284
262 284
274 284
279 284
1 285
19 285
22 285
39 285
52 285
68 285
78 285
79 285
80 285
89 285
104 285
106 285
107 285
114 285
116 285
129 285
137 285
157 285
164 285
168 285
171 285
190 285
194 285
200 285
207 285
211 285
226 285
232 285
236 285
243 285
247 285
258 285
268 285
281 285
282 285
5 286
11 286
14 286
16 286
34 286
56 286
58 286
67 286
70 286
71 286
79 286
83 286
98 286
106 286
110 286
111 286
121 286
141 286
143 286
175 286
188 286
190 286
194 286
200 286
208 286
210 286
219 286
223 286
229 286
230 286
233 286
251 286
256 286
261 286
266 286
269 286
272 286
285 286
4 287
8 287
10 287
19 287
22 287
35 287
77 287
92 287
97 287
106 287
108 287
140 287
149 287
167 287
169 287
194 287
214 287
220 287
228 287
238 287
250 287
251 287
259 287
261 287
284 287
5 288
7 288
30 288
38 288
46 288
50 288
54 288
57 288
83 288
100 288
131 288
140 288
143 288
150 288
175 288
176 288
178 288
214 288
223 288
227 288
257 288
265 288
277 288
1 289
2 289
3 289
29 289
36 289
40 289
45 289
60 289
76 289
96 289
113 289
114 289
141 289
143 289
151 289
153 289
154 289
157 289
158 289
175 289
178 289
184 289
193 289
202 289
208 289
209 289
237 289
240 289
243 289
265 289
266 289
273 289
282 289
283 289
284 289
7 290
13 290
18 290
20 290
35 290
38 290
40 290
49 290
52 290
64 290
68 290
78 290
83 290
86 290
91 290
96 290
101 290
115 290
123 290
155 290
166 290
176 290
189 290
190 290
195 290
213 290
219 290
221 290
228 290
247 290
254 290
280 290
0 291
8 291
19 291
25 291
28 291
35 291
46 291
51 291
89 291
92 291
100 291
106 291
107 291
109 291
128 291
143 291
149 291
190 291
201 291
207 291
208 291
214 291
216 291
230 291
237 291
251 291
263 291
274 291
14 292
16 292
41 292
60 292
61 292
81 292
95 292
116 292
127 292
133 292
142 292
147 292
148 292
153 292
159 292
164 292
202 292
214 292
220 292
224 292
239 292
256 292
272 292
273 292
282 292
285 292
7 293
17 293
27 293
28 293
57 293
102 293
114 293
144 293
148 293
151 293
154 293
156 293
157 293
163 293
173 293
174 293
203 293
208 293
218 293
229 293
235 293
255 293
265 293
273 293
277 293
279 293
7 294
14 294
26 294
55 294
61 294
76 294
81 294
89 294
91 294
96 294
120 294
144 294
152 294
165 294
170 294
171 294
186 294
194 294
200 294
203 294
224 294
236 294
253 294
266 294
274 294
276 294
283 294
288 294
6 295
9 295
12 295
14 295
19 295
25 295
27 295
28 295
42 295
45 295
47 295
53 295
72 295
77 295
80 295
84 295
88 295
96 295
113 295
121 295
124 295
127 295
154 295
185 295
186 295
198 295
199 295
216 295
217 295
229 295
267 295
277 295
4 296
24 296
28 296
32 296
33 296
42 296
48 296
54 296
75 296
82 296
89 296
96 296
109 296
115 296
124 296
149 296
158 296
159 296
162 296
179 296
191 296
192 296
197 296
201 296
202 296
223 296
232 296
236 296
240 296
249 296
250 296
257 296
259 296
261 296
267 296
269 296
277 296
286 296
289 296
291 296
3 297
9 297
10 297
19 297
44 297
50 297
55 297
58 297
82 297
92 297
93 297
94 297
106 297
109 297
112 297
121 297
128 297
167 297
168 297
175 297
177 297
193 297
199 297
202 297
211 297
220 297
228 297
231 297
233 297
250 297
257 297
258 297
272 297
273 297
291 297
4 298
10 298
34 298
38 298
46 298
52 298
60 298
70 298
74 298
78 298
87 298
106 298
109 298
120 298
131 298
132 298
138 298
156 298
165 298
166 298
171 298
174 298
202 298
204 298
207 298
211 298
226 298
233 298
238 298
267 298
268 298
276 298
280 298
285 298
2 299
4 299
10 299
11 299
41 299
43 299
44 299
45 299
55 299
57 299
62 299
63 299
66 299
70 299
73 299
83 299
90 299
91 299
92 299
123 299
126 299
132 299
152 299
154 299
158 299
164 299
167 299
180 299
194 299
196 299
198 299
201 299
227 299
229 299
240 299
242 299
243 299
245 299
252 299
265 299
269 299
276 299
293 299
294 299
297 299
