300 3886 5
20 19 4 4 13 9 9 3 10 6 3 14 15 5 4 18 6 18 4 11 6 10 2 7 5 1 4 10 5 8 7 1 8 6 17 16 5 8 2 18 2 9 7 10 10 3 8 10 9 3 5 19 5 4 12 3 2 5 7 10 12 6 1 4 20 15 4 4 14 5 3 19 9 10 17 1 4 15 6 5 18 2 3 9 19 1 18 2 10 3 15 10 12 9 10 20 6 1 1 10 6 9 1 9 10 7 8 9 3 7 6 8 3 2 3 6 4 8 5 2 4 3 20 13 9 8 6 17 5 9 5 3 9 3 10 9 13 20 7 11 7 3 4 6 5 10 5 2 9 4 6 7 6 10 9 14 8 3 9 11 10 6 13 1 4 5 7 16 9 10 1 16 7 6 7 4 9 8 5 7 5 3 1 8 7 1 2 18 15 2 2 7 7 7 8 20 10 5 17 3 7 8 1 18 13 8 7 6 7 1 1 19 12 17 6 4 3 3 17 4 7 6 8 6 13 7 14 2 4 19 8 2 6 4 11 8 5 9 20 9 7 3 8 4 2 1 4 20 20 20 8 2 4 1 5 1 7 19 13 2 7 10 8 4 20 3 10 5 12 5 6 2 1 9 1 18 4 19 7 3 10 9 8 3 9 7 20 7 5 6 12 7 1 1 8 1 8 17 7 9
0 8
7 8
1 10
4 11
3 12
8 12
7 13
11 13
8 14
0 15
7 16
0 17
2 17
5 17
2 18
6 19
8 19
18 19
5 20
6 20
7 20
10 20
15 21
17 21
1 23
21 23
4 24
3 25
19 26
21 26
24 26
0 27
4 27
11 27
22 27
24 27
26 27
7 28
16 28
19 28
8 29
16 29
0 30
28 30
10 31
11 31
14 31
15 31
15 32
8 33
32 33
13 34
14 34
2 35
23 35
26 35
22 36
29 36
32 36
35 36
16 37
27 37
33 37
34 37
4 39
7 39
8 39
23 39
18 41
20 41
31 41
7 42
13 42
33 42
35 42
4 43
8 43
24 43
34 43
39 43
41 43
5 44
27 44
28 44
41 44
2 45
17 45
3 46
30 46
33 46
18 47
28 47
29 47
5 48
16 48
22 48
43 48
0 49
5 49
7 49
9 49
18 49
22 49
32 49
33 49
35 49
5 50
19 50
17 51
25 51
46 51
48 51
50 51
2 52
16 52
27 52
40 52
48 52
49 52
51 52
3 53
9 53
22 53
30 53
39 53
52 53
4 54
11 54
3 55
23 55
26 55
49 55
51 55
20 56
28 56
37 56
12 57
38 57
50 57
9 58
11 58
17 58
20 58
24 58
30 58
33 58
43 58
54 58
21 59
58 59
15 60
20 60
28 60
48 60
5 61
20 61
30 61
34 61
51 61
59 61
2 62
33 62
53 62
11 63
53 63
7 64
11 64
34 64
42 64
9 65
24 65
25 65
42 65
49 65
62 65
63 65
16 66
27 66
28 66
32 66
37 66
42 66
7 67
13 67
26 67
34 67
42 67
44 67
45 67
57 67
64 67
65 67
0 68
3 68
8 68
24 68
38 68
48 68
57 68
58 68
63 68
0 69
14 69
19 69
24 69
60 69
62 69
5 70
21 70
28 70
41 70
66 70
4 71
5 71
8 71
41 71
54 71
64 71
67 71
2 72
15 72
16 72
24 72
37 72
42 72
45 72
51 72
67 72
68 72
70 72
33 73
39 73
45 73
2 74
24 74
30 74
57 74
59 74
65 74
1 75
2 75
16 75
32 75
37 75
52 75
69 75
8 76
11 76
24 76
30 76
47 76
56 76
59 76
68 76
69 76
4 77
21 77
25 77
41 77
73 77
3 78
30 78
38 78
41 78
45 78
73 78
74 78
75 78
9 79
15 79
29 79
33 79
55 79
3 80
25 80
34 80
44 80
54 80
56 80
64 80
70 80
7 81
17 81
23 81
50 81
71 81
76 81
16 82
20 82
49 82
60 82
65 82
67 82
76 82
7 83
17 83
27 83
42 83
53 83
59 83
34 84
41 84
53 84
3 85
41 85
50 85
51 85
60 85
62 85
73 85
9 86
40 86
45 86
59 86
67 86
68 86
81 86
84 86
34 87
36 87
39 87
41 87
52 87
64 87
66 87
83 87
16 88
28 88
29 88
54 88
65 88
67 88
79 88
9 89
12 89
32 89
34 89
35 89
49 89
60 89
62 89
75 89
78 89
84 89
48 90
64 90
68 90
75 90
2 91
3 91
9 91
29 91
33 91
59 91
66 91
11 92
25 92
27 92
40 92
55 92
14 93
23 93
26 93
27 93
35 93
38 93
39 93
66 93
71 93
74 93
86 93
3 94
31 94
22 95
40 95
41 95
90 95
6 96
13 96
21 96
24 96
33 96
50 96
59 96
80 96
0 97
9 97
25 97
26 97
56 97
61 97
73 97
86 97
93 97
6 98
7 98
22 98
24 98
41 98
64 98
2 99
6 99
15 99
39 99
46 99
66 99
71 99
73 99
74 99
91 99
95 99
29 100
58 100
71 100
78 100
79 100
3 101
6 101
39 101
42 101
48 101
69 101
90 101
2 102
5 102
15 102
33 102
44 102
55 102
62 102
68 102
81 102
95 102
5 103
7 103
16 103
41 103
42 103
60 103
63 103
73 103
92 103
96 103
5 104
14 104
19 104
26 104
37 104
43 104
59 104
66 104
84 104
36 105
37 105
41 105
54 105
66 105
79 105
92 105
35 106
43 106
51 106
69 106
85 106
98 106
19 107
24 107
44 107
47 107
63 107
84 107
89 107
6 108
9 108
15 108
17 108
39 108
55 108
56 108
68 108
73 108
76 108
77 108
78 108
87 108
3 109
11 109
13 109
20 109
22 109
37 109
42 109
45 109
51 109
55 109
63 109
68 109
73 109
77 109
93 109
32 110
37 110
44 110
45 110
48 110
74 110
101 110
21 111
22 111
36 111
42 111
43 111
67 111
68 111
75 111
81 111
87 111
90 111
108 111
6 112
12 112
31 112
54 112
62 112
71 112
91 112
103 112
106 112
109 112
110 112
3 113
11 113
16 113
21 113
26 113
36 113
43 113
72 113
77 113
93 113
99 113
109 113
2 114
4 114
26 114
27 114
72 114
8 115
10 115
12 115
14 115
15 115
28 115
52 115
60 115
61 115
75 115
91 115
93 115
96 115
101 115
0 116
7 116
16 116
17 116
27 116
48 116
49 116
57 116
58 116
71 116
100 116
23 117
25 117
26 117
34 117
42 117
71 117
93 117
103 117
6 118
11 118
22 118
31 118
37 118
48 118
49 118
69 118
94 118
101 118
106 118
116 118
3 119
4 119
7 119
10 119
17 119
33 119
39 119
62 119
78 119
107 119
5 120
13 120
17 120
46 120
64 120
67 120
74 120
83 120
85 120
88 120
96 120
119 120
3 121
7 121
24 121
37 121
41 121
52 121
58 121
69 121
83 121
88 121
117 121
1 122
7 122
30 122
41 122
44 122
64 122
70 122
114 122
2 123
10 123
15 123
16 123
22 123
38 123
49 123
53 123
59 123
65 123
68 123
73 123
75 123
76 123
82 123
88 123
95 123
111 123
113 123
115 123
3 124
10 124
13 124
27 124
30 124
33 124
38 124
45 124
48 124
50 124
53 124
69 124
80 124
82 124
93 124
97 124
107 124
50 125
59 125
79 125
104 125
6 126
18 126
23 126
35 126
36 126
44 126
45 126
65 126
68 126
91 126
98 126
104 126
107 126
4 127
27 127
30 127
35 127
53 127
57 127
63 127
71 127
93 127
100 127
113 127
25 128
30 128
35 128
48 128
65 128
76 128
80 128
92 128
95 128
101 128
104 128
106 128
8 129
16 129
27 129
34 129
43 129
47 129
58 129
60 129
62 129
63 129
69 129
80 129
107 129
1 130
22 130
26 130
28 130
34 130
41 130
57 130
59 130
61 130
78 130
80 130
90 130
91 130
93 130
103 130
28 131
30 131
32 131
51 131
87 131
103 131
128 131
0 132
19 132
23 132
25 132
29 132
31 132
45 132
54 132
57 132
77 132
96 132
101 132
119 132
11 133
26 133
39 133
42 133
59 133
73 133
114 133
117 133
119 133
6 134
11 134
17 134
51 134
69 134
75 134
109 134
114 134
4 135
7 135
12 135
15 135
23 135
26 135
33 135
36 135
48 135
63 135
66 135
70 135
72 135
88 135
89 135
92 135
103 135
109 135
131 135
8 136
15 136
33 136
34 136
48 136
52 136
61 136
96 136
103 136
110 136
129 136
10 137
28 137
45 137
53 137
58 137
80 137
110 137
111 137
121 137
122 137
129 137
131 137
2 138
44 138
49 138
61 138
68 138
69 138
86 138
98 138
107 138
112 138
114 138
134 138
17 139
41 139
64 139
71 139
82 139
99 139
100 139
131 139
12 140
27 140
38 140
57 140
68 140
71 140
76 140
108 140
129 140
136 140
41 141
43 141
49 141
53 141
60 141
79 141
80 141
95 141
99 141
105 141
119 141
128 141
131 141
3 142
6 142
16 142
25 142
42 142
54 142
57 142
73 142
98 142
111 142
131 142
141 142
12 143
16 143
27 143
36 143
41 143
45 143
47 143
62 143
75 143
82 143
89 143
111 143
113 143
123 143
133 143
135 143
15 144
21 144
42 144
56 144
59 144
103 144
105 144
113 144
125 144
127 144
128 144
136 144
14 145
31 145
36 145
42 145
52 145
59 145
80 145
82 145
85 145
103 145
113 145
118 145
123 145
134 145
137 145
141 145
3 146
6 146
13 146
16 146
23 146
29 146
36 146
43 146
76 146
83 146
118 146
136 146
141 146
143 146
144 146
5 147
24 147
26 147
71 147
101 147
115 147
119 147
130 147
142 147
13 148
32 148
42 148
59 148
70 148
79 148
90 148
114 148
130 148
132 148
134 148
7 149
8 149
12 149
13 149
23 149
38 149
62 149
70 149
77 149
82 149
89 149
115 149
117 149
121 149
132 149
135 149
5 150
7 150
11 150
19 150
43 150
60 150
100 150
107 150
114 150
115 150
118 150
119 150
9 151
24 151
29 151
41 151
43 151
65 151
74 151
77 151
80 151
93 151
102 151
116 151
124 151
135 151
143 151
144 151
11 152
24 152
39 152
40 152
52 152
54 152
59 152
64 152
71 152
75 152
82 152
91 152
98 152
104 152
108 152
112 152
114 152
117 152
138 152
142 152
143 152
5 153
6 153
7 153
8 153
37 153
46 153
66 153
72 153
74 153
86 153
94 153
96 153
101 153
110 153
115 153
118 153
127 153
130 153
4 154
24 154
27 154
37 154
57 154
59 154
69 154
86 154
90 154
112 154
131 154
136 154
143 154
146 154
149 154
1 155
13 155
24 155
46 155
49 155
54 155
58 155
71 155
72 155
131 155
135 155
137 155
139 155
12 156
19 156
25 156
40 156
65 156
70 156
102 156
115 156
123 156
132 156
147 156
2 157
19 157
23 157
38 157
76 157
77 157
87 157
88 157
110 157
119 157
124 157
131 157
132 157
146 157
4 158
17 158
21 158
30 158
37 158
50 158
52 158
55 158
58 158
68 158
78 158
84 158
148 158
62 159
64 159
83 159
90 159
114 159
115 159
126 159
129 159
150 159
12 160
23 160
24 160
31 160
49 160
55 160
58 160
81 160
111 160
133 160
141 160
146 160
156 160
28 161
45 161
50 161
55 161
76 161
83 161
91 161
115 161
129 161
155 161
15 162
20 162
31 162
44 162
65 162
80 162
96 162
128 162
149 162
154 162
156 162
157 162
11 163
23 163
25 163
34 163
57 163
70 163
71 163
74 163
75 163
83 163
86 163
93 163
100 163
130 163
134 163
145 163
146 163
154 163
160 163
11 164
21 164
71 164
72 164
74 164
79 164
87 164
100 164
108 164
130 164
140 164
149 164
163 164
7 165
25 165
33 165
36 165
51 165
53 165
54 165
90 165
91 165
98 165
104 165
119 165
126 165
137 165
148 165
151 165
158 165
36 166
47 166
70 166
82 166
87 166
101 166
105 166
116 166
139 166
158 166
13 167
17 167
71 167
124 167
127 167
131 167
132 167
162 167
163 167
27 168
48 168
53 168
59 168
65 168
77 168
105 168
106 168
117 168
124 168
125 168
131 168
133 168
149 168
150 168
158 168
166 168
0 169
22 169
23 169
25 169
28 169
30 169
37 169
54 169
62 169
67 169
72 169
100 169
128 169
133 169
145 169
8 170
27 170
43 170
55 170
56 170
75 170
82 170
84 170
96 170
99 170
104 170
108 170
110 170
113 170
125 170
126 170
131 170
139 170
147 170
150 170
163 170
166 170
27 171
33 171
36 171
76 171
83 171
86 171
87 171
100 171
106 171
109 171
113 171
145 171
165 171
3 172
25 172
34 172
43 172
51 172
57 172
65 172
81 172
89 172
97 172
102 172
107 172
114 172
136 172
169 172
1 173
6 173
16 173
26 173
35 173
41 173
55 173
68 173
96 173
102 173
103 173
124 173
130 173
134 173
142 173
144 173
151 173
160 173
13 174
16 174
21 174
40 174
51 174
53 174
57 174
77 174
88 174
90 174
99 174
101 174
105 174
109 174
120 174
125 174
135 174
136 174
139 174
146 174
167 174
170 174
16 175
32 175
33 175
37 175
40 175
61 175
83 175
86 175
95 175
118 175
128 175
133 175
137 175
147 175
5 176
8 176
10 176
13 176
19 176
20 176
32 176
40 176
43 176
45 176
52 176
70 176
72 176
92 176
121 176
139 176
165 176
166 176
170 176
20 177
27 177
34 177
49 177
63 177
66 177
75 177
91 177
136 177
143 177
155 177
172 177
175 177
18 178
48 178
53 178
63 178
78 178
81 178
89 178
91 178
96 178
105 178
111 178
138 178
145 178
19 179
43 179
45 179
48 179
90 179
95 179
99 179
110 179
111 179
119 179
121 179
123 179
128 179
129 179
167 179
6 180
13 180
30 180
31 180
36 180
38 180
46 180
47 180
97 180
133 180
135 180
161 180
163 180
168 180
5 181
9 181
23 181
28 181
32 181
41 181
49 181
57 181
61 181
105 181
114 181
120 181
141 181
144 181
157 181
168 181
53 182
74 182
84 182
92 182
112 182
126 182
133 182
144 182
156 182
158 182
176 182
32 183
42 183
50 183
67 183
80 183
82 183
105 183
139 183
140 183
142 183
182 183
3 184
15 184
36 184
40 184
47 184
60 184
75 184
102 184
112 184
114 184
126 184
162 184
0 185
2 185
4 185
25 185
31 185
32 185
34 185
41 185
46 185
75 185
83 185
86 185
91 185
98 185
102 185
105 185
107 185
125 185
131 185
132 185
146 185
149 185
153 185
164 185
168 185
173 185
2 186
5 186
28 186
30 186
74 186
93 186
94 186
104 186
122 186
128 186
145 186
151 186
180 186
3 187
9 187
30 187
55 187
61 187
76 187
94 187
105 187
106 187
120 187
129 187
133 187
154 187
165 187
11 188
15 188
21 188
25 188
39 188
57 188
75 188
78 188
100 188
119 188
124 188
131 188
163 188
182 188
9 189
55 189
58 189
59 189
73 189
74 189
75 189
79 189
81 189
88 189
96 189
97 189
112 189
127 189
129 189
153 189
156 189
164 189
172 189
182 189
3 190
5 190
8 190
20 190
23 190
54 190
69 190
72 190
81 190
83 190
95 190
108 190
121 190
137 190
171 190
173 190
4 191
11 191
32 191
36 191
38 191
48 191
55 191
61 191
71 191
90 191
100 191
101 191
105 191
106 191
110 191
111 191
114 191
120 191
125 191
128 191
140 191
146 191
148 191
162 191
172 191
25 192
38 192
40 192
54 192
61 192
67 192
72 192
101 192
106 192
109 192
125 192
127 192
133 192
135 192
170 192
174 192
182 192
186 192
188 192
19 193
23 193
24 193
35 193
41 193
48 193
83 193
95 193
120 193
176 193
185 193
189 193
15 194
24 194
27 194
31 194
41 194
56 194
63 194
72 194
81 194
85 194
105 194
110 194
126 194
128 194
140 194
153 194
165 194
166 194
167 194
168 194
178 194
15 195
21 195
24 195
29 195
37 195
40 195
59 195
66 195
88 195
93 195
112 195
121 195
134 195
137 195
139 195
155 195
164 195
175 195
181 195
185 195
2 196
21 196
22 196
25 196
40 196
41 196
67 196
94 196
99 196
109 196
137 196
144 196
162 196
168 196
174 196
177 196
189 196
11 197
14 197
22 197
30 197
35 197
58 197
59 197
67 197
98 197
103 197
115 197
132 197
134 197
139 197
155 197
157 197
168 197
0 198
4 198
9 198
12 198
46 198
61 198
76 198
81 198
118 198
120 198
126 198
127 198
164 198
169 198
172 198
173 198
190 198
4 199
5 199
16 199
40 199
53 199
70 199
82 199
84 199
95 199
99 199
106 199
108 199
109 199
130 199
147 199
155 199
158 199
167 199
176 199
25 200
26 200
28 200
61 200
97 200
99 200
121 200
126 200
132 200
135 200
152 200
163 200
165 200
3 201
8 201
16 201
20 201
24 201
35 201
45 201
47 201
68 201
91 201
97 201
98 201
109 201
123 201
128 201
130 201
143 201
153 201
177 201
179 201
3 202
13 202
20 202
32 202
51 202
53 202
61 202
68 202
85 202
93 202
97 202
106 202
115 202
125 202
126 202
145 202
150 202
153 202
166 202
183 202
1 203
5 203
8 203
10 203
21 203
37 203
53 203
58 203
82 203
91 203
108 203
120 203
121 203
124 203
125 203
152 203
176 203
177 203
178 203
1 204
12 204
13 204
76 204
82 204
84 204
92 204
106 204
122 204
135 204
143 204
145 204
149 204
159 204
161 204
185 204
188 204
189 204
195 204
13 205
37 205
66 205
89 205
120 205
121 205
133 205
149 205
171 205
200 205
204 205
7 206
28 206
32 206
33 206
50 206
53 206
58 206
93 206
111 206
113 206
127 206
134 206
142 206
147 206
164 206
178 206
190 206
198 206
199 206
205 206
34 207
37 207
54 207
108 207
131 207
146 207
147 207
164 207
169 207
183 207
198 207
201 207
0 208
2 208
3 208
20 208
24 208
32 208
42 208
71 208
75 208
80 208
98 208
100 208
126 208
128 208
130 208
149 208
157 208
161 208
162 208
206 208
3 209
13 209
14 209
38 209
40 209
76 209
81 209
86 209
99 209
114 209
124 209
146 209
165 209
174 209
30 210
32 210
53 210
80 210
82 210
89 210
94 210
101 210
111 210
112 210
123 210
135 210
149 210
159 210
165 210
9 211
12 211
22 211
30 211
44 211
61 211
69 211
81 211
104 211
116 211
146 211
149 211
181 211
186 211
197 211
208 211
25 212
36 212
45 212
52 212
66 212
71 212
85 212
92 212
103 212
123 212
141 212
152 212
165 212
178 212
185 212
207 212
30 213
34 213
40 213
47 213
48 213
56 213
57 213
100 213
111 213
127 213
141 213
146 213
149 213
162 213
175 213
186 213
192 213
193 213
200 213
204 213
206 213
210 213
2 214
8 214
35 214
51 214
57 214
62 214
66 214
82 214
90 214
108 214
111 214
114 214
115 214
159 214
161 214
185 214
195 214
206 214
209 214
8 215
28 215
35 215
46 215
47 215
51 215
76 215
88 215
142 215
187 215
191 215
192 215
198 215
6 216
33 216
34 216
44 216
48 216
53 216
55 216
62 216
74 216
80 216
81 216
82 216
85 216
90 216
115 216
118 216
133 216
140 216
151 216
163 216
182 216
189 216
197 216
14 217
15 217
22 217
44 217
54 217
64 217
68 217
71 217
75 217
79 217
80 217
84 217
100 217
104 217
117 217
148 217
151 217
158 217
190 217
194 217
3 218
13 218
17 218
18 218
20 218
24 218
29 218
35 218
37 218
63 218
84 218
90 218
104 218
105 218
130 218
145 218
153 218
163 218
171 218
172 218
184 218
191 218
196 218
14 219
18 219
23 219
32 219
48 219
63 219
69 219
97 219
106 219
112 219
123 219
129 219
138 219
155 219
157 219
163 219
166 219
168 219
169 219
184 219
202 219
211 219
7 220
10 220
19 220
38 220
43 220
56 220
66 220
93 220
102 220
113 220
118 220
161 220
165 220
169 220
173 220
176 220
180 220
189 220
191 220
192 220
201 220
207 220
8 221
9 221
12 221
22 221
28 221
72 221
80 221
88 221
108 221
111 221
124 221
130 221
146 221
160 221
171 221
175 221
191 221
194 221
0 222
12 222
37 222
41 222
46 222
67 222
75 222
141 222
148 222
164 222
170 222
177 222
198 222
211 222
212 222
220 222
6 223
8 223
34 223
39 223
48 223
52 223
62 223
72 223
110 223
124 223
128 223
156 223
162 223
164 223
165 223
171 223
184 223
190 223
204 223
209 223
217 223
220 223
5 224
7 224
27 224
59 224
85 224
105 224
107 224
111 224
134 224
159 224
161 224
171 224
182 224
183 224
189 224
209 224
4 225
8 225
14 225
18 225
30 225
69 225
72 225
79 225
80 225
96 225
100 225
106 225
114 225
142 225
143 225
169 225
173 225
174 225
189 225
207 225
218 225
23 226
26 226
36 226
48 226
49 226
63 226
66 226
67 226
73 226
79 226
83 226
84 226
105 226
112 226
120 226
123 226
124 226
130 226
160 226
170 226
185 226
212 226
218 226
222 226
9 227
15 227
16 227
20 227
23 227
36 227
44 227
65 227
76 227
94 227
105 227
118 227
158 227
208 227
16 228
23 228
26 228
47 228
57 228
105 228
109 228
116 228
131 228
134 228
135 228
159 228
165 228
186 228
190 228
192 228
4 229
18 229
29 229
39 229
49 229
57 229
76 229
84 229
90 229
91 229
102 229
109 229
111 229
132 229
146 229
177 229
181 229
187 229
193 229
15 230
16 230
21 230
31 230
55 230
60 230
75 230
86 230
92 230
108 230
119 230
121 230
127 230
135 230
137 230
147 230
153 230
156 230
159 230
162 230
166 230
167 230
179 230
183 230
197 230
203 230
207 230
210 230
216 230
219 230
221 230
229 230
4 231
6 231
15 231
16 231
41 231
73 231
79 231
86 231
99 231
102 231
106 231
116 231
131 231
141 231
147 231
168 231
190 231
209 231
214 231
225 231
1 232
9 232
23 232
25 232
29 232
41 232
58 232
80 232
82 232
86 232
102 232
112 232
162 232
178 232
194 232
202 232
213 232
222 232
230 232
231 232
1 233
27 233
45 233
52 233
66 233
86 233
94 233
96 233
98 233
113 233
115 233
117 233
120 233
143 233
144 233
153 233
158 233
160 233
166 233
168 233
197 233
200 233
5 234
16 234
42 234
63 234
69 234
89 234
96 234
97 234
122 234
131 234
142 234
174 234
177 234
180 234
181 234
203 234
226 234
229 234
2 235
5 235
17 235
30 235
31 235
44 235
47 235
50 235
53 235
77 235
81 235
101 235
111 235
115 235
116 235
117 235
125 235
139 235
150 235
153 235
168 235
186 235
191 235
224 235
225 235
13 236
15 236
36 236
40 236
49 236
54 236
73 236
80 236
92 236
117 236
120 236
124 236
135 236
140 236
143 236
146 236
148 236
161 236
175 236
190 236
196 236
201 236
206 236
223 236
226 236
0 237
3 237
22 237
27 237
33 237
35 237
70 237
78 237
81 237
95 237
97 237
110 237
116 237
122 237
136 237
157 237
170 237
184 237
193 237
194 237
217 237
228 237
0 238
11 238
13 238
26 238
27 238
38 238
55 238
68 238
81 238
88 238
92 238
100 238
110 238
118 238
124 238
149 238
159 238
164 238
220 238
5 239
38 239
45 239
62 239
70 239
74 239
78 239
116 239
120 239
125 239
135 239
142 239
150 239
163 239
174 239
184 239
200 239
208 239
214 239
217 239
4 240
17 240
29 240
57 240
68 240
72 240
83 240
119 240
122 240
136 240
139 240
141 240
152 240
163 240
171 240
180 240
183 240
209 240
210 240
218 240
235 240
3 241
12 241
19 241
22 241
49 241
63 241
72 241
84 241
95 241
99 241
103 241
111 241
126 241
141 241
143 241
189 241
225 241
2 242
17 242
18 242
19 242
27 242
43 242
57 242
62 242
66 242
74 242
83 242
101 242
134 242
149 242
165 242
181 242
188 242
190 242
214 242
224 242
226 242
230 242
240 242
10 243
17 243
19 243
23 243
30 243
31 243
34 243
35 243
38 243
47 243
71 243
74 243
89 243
104 243
105 243
106 243
118 243
166 243
169 243
184 243
198 243
215 243
222 243
14 244
18 244
33 244
40 244
44 244
52 244
89 244
105 244
115 244
129 244
134 244
141 244
149 244
151 244
168 244
171 244
182 244
201 244
211 244
219 244
222 244
229 244
19 245
42 245
55 245
69 245
87 245
94 245
102 245
108 245
114 245
115 245
121 245
134 245
139 245
140 245
151 245
205 245
209 245
223 245
238 245
243 245
244 245
0 246
5 246
9 246
15 246
19 246
30 246
33 246
89 246
121 246
154 246
169 246
184 246
205 246
209 246
212 246
218 246
227 246
28 247
33 247
36 247
61 247
67 247
69 247
70 247
83 247
86 247
107 247
123 247
130 247
150 247
152 247
160 247
163 247
194 247
197 247
4 248
16 248
19 248
24 248
62 248
64 248
65 248
71 248
74 248
75 248
85 248
91 248
94 248
105 248
117 248
126 248
127 248
129 248
147 248
153 248
166 248
201 248
206 248
221 248
224 248
236 248
238 248
2 249
15 249
16 249
20 249
44 249
52 249
60 249
64 249
83 249
86 249
87 249
93 249
96 249
107 249
120 249
126 249
135 249
139 249
141 249
165 249
183 249
192 249
207 249
211 249
215 249
228 249
235 249
245 249
6 250
10 250
18 250
45 250
94 250
143 250
165 250
177 250
182 250
193 250
200 250
215 250
219 250
239 250
240 250
243 250
246 250
11 251
14 251
32 251
35 251
54 251
60 251
90 251
96 251
101 251
108 251
117 251
133 251
183 251
184 251
186 251
197 251
227 251
241 251
11 252
17 252
19 252
36 252
50 252
71 252
79 252
80 252
90 252
95 252
102 252
110 252
117 252
168 252
174 252
192 252
203 252
204 252
213 252
247 252
248 252
1 253
12 253
52 253
68 253
98 253
99 253
102 253
113 253
128 253
130 253
147 253
155 253
201 253
216 253
225 253
226 253
233 253
9 254
27 254
44 254
88 254
125 254
132 254
141 254
144 254
173 254
195 254
211 254
234 254
248 254
249 254
3 255
5 255
6 255
13 255
25 255
61 255
84 255
90 255
93 255
98 255
119 255
121 255
122 255
131 255
143 255
145 255
176 255
209 255
230 255
0 256
28 256
32 256
43 256
51 256
60 256
69 256
70 256
77 256
80 256
106 256
135 256
137 256
143 256
150 256
162 256
169 256
195 256
230 256
232 256
245 256
247 256
250 256
1 257
33 257
34 257
35 257
48 257
60 257
103 257
114 257
136 257
138 257
152 257
153 257
156 257
161 257
165 257
183 257
205 257
211 257
217 257
2 258
32 258
37 258
39 258
53 258
72 258
77 258
78 258
81 258
94 258
105 258
111 258
115 258
139 258
141 258
144 258
177 258
196 258
197 258
206 258
207 258
210 258
214 258
228 258
16 259
18 259
57 259
63 259
89 259
90 259
92 259
93 259
96 259
105 259
107 259
116 259
126 259
139 259
163 259
165 259
208 259
210 259
215 259
225 259
231 259
7 260
10 260
21 260
25 260
27 260
30 260
47 260
57 260
73 260
76 260
79 260
90 260
115 260
117 260
122 260
125 260
135 260
144 260
148 260
155 260
175 260
179 260
192 260
201 260
206 260
208 260
212 260
220 260
238 260
246 260
256 260
6 261
27 261
28 261
29 261
32 261
58 261
63 261
66 261
76 261
77 261
96 261
102 261
105 261
112 261
123 261
135 261
138 261
147 261
162 261
166 261
170 261
199 261
200 261
205 261
218 261
222 261
242 261
248 261
6 262
10 262
19 262
29 262
51 262
53 262
54 262
60 262
75 262
111 262
116 262
122 262
123 262
132 262
133 262
145 262
156 262
165 262
191 262
203 262
215 262
243 262
260 262
11 263
32 263
42 263
90 263
96 263
97 263
106 263
138 263
152 263
159 263
160 263
168 263
169 263
172 263
173 263
203 263
217 263
236 263
1 264
2 264
5 264
14 264
22 264
27 264
37 264
46 264
47 264
61 264
67 264
86 264
96 264
101 264
114 264
120 264
122 264
142 264
151 264
160 264
170 264
172 264
178 264
195 264
220 264
225 264
227 264
232 264
234 264
239 264
255 264
258 264
15 265
16 265
17 265
30 265
44 265
48 265
82 265
86 265
95 265
103 265
115 265
140 265
142 265
144 265
158 265
181 265
209 265
222 265
253 265
264 265
4 266
12 266
17 266
57 266
78 266
80 266
83 266
95 266
118 266
130 266
142 266
143 266
144 266
154 266
166 266
168 266
197 266
209 266
226 266
234 266
236 266
238 266
244 266
247 266
33 267
56 267
66 267
69 267
74 267
85 267
88 267
112 267
178 267
199 267
206 267
208 267
219 267
222 267
245 267
256 267
7 268
14 268
44 268
50 268
77 268
90 268
102 268
119 268
120 268
127 268
129 268
133 268
134 268
151 268
158 268
159 268
167 268
186 268
188 268
193 268
200 268
226 268
230 268
239 268
252 268
260 268
265 268
1 269
11 269
14 269
17 269
45 269
47 269
57 269
60 269
73 269
88 269
91 269
102 269
113 269
116 269
121 269
130 269
134 269
143 269
151 269
163 269
168 269
169 269
200 269
202 269
221 269
230 269
246 269
254 269
255 269
259 269
9 270
10 270
60 270
70 270
71 270
94 270
96 270
111 270
113 270
126 270
133 270
149 270
163 270
174 270
184 270
195 270
199 270
200 270
203 270
204 270
207 270
248 270
258 270
264 270
265 270
15 271
34 271
45 271
51 271
53 271
60 271
82 271
95 271
103 271
120 271
124 271
135 271
139 271
140 271
155 271
163 271
185 271
186 271
190 271
203 271
206 271
221 271
241 271
264 271
11 272
12 272
13 272
41 272
43 272
44 272
52 272
64 272
68 272
74 272
76 272
90 272
104 272
114 272
150 272
187 272
203 272
216 272
234 272
256 272
263 272
19 273
23 273
40 273
42 273
43 273
48 273
89 273
93 273
108 273
122 273
142 273
163 273
170 273
172 273
174 273
176 273
178 273
216 273
241 273
252 273
255 273
257 273
265 273
269 273
9 274
13 274
22 274
26 274
35 274
46 274
100 274
104 274
109 274
120 274
136 274
140 274
162 274
177 274
179 274
185 274
191 274
198 274
205 274
225 274
235 274
238 274
245 274
254 274
273 274
8 275
11 275
14 275
23 275
28 275
36 275
44 275
50 275
68 275
73 275
87 275
88 275
92 275
101 275
111 275
127 275
165 275
184 275
210 275
217 275
230 275
274 275
4 276
26 276
33 276
59 276
99 276
111 276
130 276
195 276
204 276
215 276
239 276
259 276
18 277
24 277
30 277
44 277
47 277
52 277
70 277
71 277
114 277
130 277
141 277
166 277
170 277
181 277
190 277
207 277
210 277
223 277
230 277
250 277
254 277
262 277
266 277
3 278
5 278
18 278
43 278
50 278
58 278
60 278
62 278
82 278
101 278
123 278
134 278
142 278
145 278
148 278
166 278
171 278
174 278
182 278
205 278
209 278
226 278
228 278
232 278
252 278
255 278
262 278
266 278
271 278
276 278
0 279
7 279
8 279
11 279
21 279
30 279
56 279
59 279
62 279
100 279
108 279
117 279
119 279
128 279
135 279
145 279
149 279
160 279
164 279
176 279
180 279
189 279
190 279
195 279
196 279
231 279
261 279
7 280
23 280
26 280
40 280
42 280
50 280
56 280
70 280
94 280
119 280
123 280
212 280
251 280
263 280
276 280
277 280
2 281
13 281
26 281
32 281
47 281
61 281
68 281
74 281
93 281
94 281
108 281
121 281
134 281
151 281
155 281
175 281
183 281
188 281
218 281
222 281
227 281
232 281
239 281
280 281
23 282
24 282
28 282
48 282
56 282
72 282
73 282
80 282
82 282
122 282
130 282
162 282
185 282
189 282
191 282
202 282
228 282
231 282
236 282
240 282
257 282
267 282
271 282
273 282
4 283
18 283
20 283
24 283
32 283
34 283
42 283
47 283
74 283
87 283
127 283
133 283
138 283
139 283
142 283
158 283
180 283
185 283
201 283
208 283
214 283
244 283
248 283
266 283
1 284
15 284
21 284
49 284
51 284
64 284
81 284
88 284
94 284
130 284
134 284
136 284
157 284
166 284
175 284
218 284
225 284
237 284
238 284
240 284
244 284
252 284
266 284
278 284
1 285
3 285
12 285
20 285
25 285
38 285
39 285
59 285
85 285
92 285
119 285
139 285
145 285
154 285
164 285
180 285
206 285
221 285
231 285
234 285
237 285
254 285
257 285
262 285
12 286
21 286
28 286
35 286
36 286
43 286
47 286
54 286
71 286
90 286
101 286
103 286
138 286
163 286
168 286
172 286
176 286
179 286
201 286
202 286
224 286
247 286
263 286
267 286
22 287
30 287
43 287
50 287
62 287
73 287
93 287
111 287
115 287
124 287
142 287
160 287
164 287
167 287
175 287
202 287
256 287
266 287
281 287
2 288
7 288
9 288
18 288
42 288
47 288
58 288
65 288
80 288
84 288
99 288
118 288
141 288
155 288
167 288
172 288
183 288
223 288
227 288
228 288
260 288
268 288
269 288
5 289
8 289
30 289
37 289
75 289
91 289
103 289
120 289
133 289
144 289
146 289
149 289
163 289
176 289
179 289
191 289
194 289
232 289
252 289
21 290
52 290
54 290
58 290
72 290
80 290
91 290
121 290
132 290
138 290
155 290
167 290
210 290
212 290
214 290
231 290
236 290
241 290
268 290
279 290
282 290
10 291
12 291
18 291
29 291
31 291
39 291
57 291
78 291
90 291
94 291
95 291
98 291
115 291
117 291
132 291
141 291
146 291
174 291
182 291
191 291
195 291
214 291
232 291
239 291
240 291
245 291
251 291
262 291
265 291
272 291
280 291
289 291
6 292
13 292
26 292
32 292
35 292
39 292
68 292
89 292
91 292
105 292
109 292
123 292
125 292
142 292
182 292
191 292
195 292
217 292
220 292
247 292
262 292
0 293
5 293
15 293
31 293
36 293
59 293
83 293
92 293
130 293
145 293
156 293
196 293
197 293
207 293
209 293
229 293
241 293
279 293
5 294
10 294
14 294
26 294
32 294
41 294
58 294
79 294
101 294
124 294
129 294
137 294
138 294
149 294
152 294
165 294
181 294
194 294
196 294
199 294
259 294
263 294
278 294
287 294
20 295
34 295
45 295
49 295
53 295
54 295
90 295
92 295
93 295
101 295
103 295
109 295
133 295
142 295
145 295
146 295
148 295
150 295
155 295
173 295
177 295
199 295
225 295
239 295
242 295
243 295
244 295
254 295
256 295
263 295
269 295
287 295
292 295
1 296
3 296
6 296
38 296
40 296
41 296
43 296
44 296
46 296
80 296
87 296
99 296
100 296
112 296
113 296
121 296
122 296
151 296
161 296
163 296
172 296
174 296
177 296
180 296
183 296
189 296
200 296
208 296
209 296
220 296
226 296
240 296
241 296
291 296
2 297
27 297
33 297
37 297
49 297
59 297
61 297
66 297
72 297
92 297
120 297
124 297
134 297
138 297
144 297
167 297
230 297
242 297
249 297
262 297
272 297
276 297
283 297
31 298
39 298
50 298
52 298
59 298
61 298
63 298
87 298
89 298
93 298
95 298
102 298
113 298
142 298
147 298
154 298
167 298
170 298
174 298
178 298
182 298
211 298
219 298
222 298
224 298
226 298
229 298
232 298
235 298
239 298
251 298
285 298
291 298
3 299
4 299
17 299
36 299
37 299
64 299
74 299
92 299
93 299
119 299
132 299
136 299
156 299
168 299
171 299
177 299
183 299
202 299
203 299
207 299
211 299
213 299
224 299
230 299
