300 4390 5
3 2 1 4 2 33 2 16 9 4 8 7 2 7 3 4 1 2 1 2 3 3 3 4 4 7 4 1 10 1 1 3 2 14 3 3 1 12 1 2 2 4 2 6 2 11 7 3 8 17 25 40 19 8 7 10 5 2 3 3 10 1 6 4 4 11 1 11 3 5 4 3 41 21 6 12 1 5 5 21 2 1 3 5 3 5 4 34 5 1 7 4 1 6 16 16 32 6 10 9 12 17 4 1 6 1 19 12 1 11 8 9 1 10 5 2 5 6 8 1 27 6 2 8 6 3 5 12 2 7 9 2 3 1 3 16 7 4 4 17 5 1 9 4 2 41 18 15 9 25 3 2 9 3 3 6 3 29 4 8 12 1 7 22 5 30 13 25 1 1 4 18 5 3 1 19 13 2 24 1 3 7 5 9 1 14 3 9 1 2 6 18 22 4 7 26 4 5 8 9 3 5 2 2 24 4 6 1 24 3 3 7 1 12 1 31 21 3 3 17 22 3 3 3 4 9 5 1 1 5 4 1 14 8 8 9 6 2 1 3 2 2 8 13 2 1 9 3 18 25 4 22 14 10 13 12 2 6 1 11 15 9 1 55 41 2 3 4 11 7 6 2 2 1 3 5 28 7 12 4 27 3 5 9 1 2 6 5 1 3 8 3 3 9 17 4 1 24 1 28
0 3
2 5
5 7
0 8
5 8
7 11
10 11
5 12
5 13
4 16
0 18
9 18
17 18
1 19
7 19
15 19
12 20
14 20
1 21
7 21
14 22
5 23
11 23
22 24
11 25
24 25
5 26
13 26
22 26
5 27
11 27
24 27
10 28
11 28
18 28
14 29
19 29
9 30
10 30
2 31
23 31
1 33
2 33
7 33
8 33
26 33
28 33
31 33
5 34
12 34
13 34
22 34
4 35
13 35
15 35
10 36
15 36
18 36
25 36
1 37
34 37
14 38
33 38
34 38
37 38
3 39
15 39
24 39
25 39
1 40
3 40
6 40
11 40
14 40
0 41
2 41
8 41
12 41
23 41
24 41
29 42
36 42
1 43
18 43
21 43
6 44
10 44
18 44
19 44
21 44
27 44
36 44
2 45
11 45
29 45
30 45
32 45
15 46
16 46
32 46
34 46
45 46
4 47
22 47
37 47
38 47
4 48
19 48
20 48
37 48
38 49
40 49
2 50
4 50
14 50
36 50
45 50
22 51
23 51
34 51
36 51
42 51
4 52
13 52
23 52
26 52
32 52
12 53
18 53
37 53
38 53
40 53
51 53
15 54
36 54
43 54
5 55
30 55
42 55
44 55
48 55
53 55
2 56
8 56
24 56
30 56
35 56
43 56
44 56
54 56
2 57
3 57
5 57
8 57
9 57
10 57
12 57
21 57
25 57
26 57
48 57
7 58
12 58
17 58
19 58
33 58
41 58
43 58
44 58
46 58
47 58
48 58
49 58
17 59
36 59
45 59
57 59
1 60
9 60
36 60
49 60
0 61
9 61
32 61
36 61
45 61
48 61
51 61
5 62
7 62
26 62
49 62
1 63
3 63
28 63
34 63
35 63
36 63
47 63
50 63
51 63
1 64
7 64
9 64
13 64
41 64
43 64
44 64
62 64
0 65
14 65
24 65
35 65
44 65
57 65
12 66
14 66
18 66
32 66
40 66
61 66
62 66
0 67
2 67
13 67
16 67
23 67
31 67
32 67
42 67
45 67
51 67
52 67
54 67
61 67
6 68
34 68
43 68
46 68
55 68
57 68
61 68
2 69
4 69
9 69
22 69
25 69
31 69
34 69
46 69
51 69
56 69
64 69
1 70
9 70
23 70
26 70
42 70
49 70
58 70
68 70
6 71
8 71
10 71
24 71
48 71
53 71
0 72
3 72
9 72
17 72
21 72
24 72
28 72
47 72
56 72
11 73
15 73
26 73
35 73
37 73
40 73
52 73
55 73
7 74
15 74
30 74
33 74
41 74
45 74
53 74
58 74
67 74
7 75
21 75
28 75
40 75
41 75
0 76
3 76
5 76
25 76
26 76
36 76
48 76
53 76
56 76
62 76
67 76
70 76
11 77
12 77
44 77
57 77
60 77
28 78
31 78
39 78
42 78
58 78
4 79
9 79
14 79
21 79
25 79
32 79
43 79
53 79
61 79
68 79
73 79
3 80
9 80
13 80
20 80
37 80
54 80
58 80
71 80
73 80
74 80
75 80
78 80
2 81
27 81
34 81
41 81
45 81
53 81
68 81
72 81
4 82
19 82
20 82
30 82
32 82
42 82
44 82
46 82
50 82
4 83
8 83
53 83
55 83
60 83
67 83
3 84
18 84
26 84
34 84
52 84
68 84
70 84
14 85
19 85
37 85
39 85
43 85
46 85
62 85
63 85
68 85
11 86
22 86
42 86
49 86
52 86
53 86
61 86
69 86
25 87
42 87
47 87
59 87
60 87
78 87
3 88
31 88
49 88
54 88
76 88
77 88
1 89
4 89
12 89
18 89
25 89
31 89
35 89
53 89
59 89
70 89
83 89
34 90
42 90
48 90
66 90
87 90
9 91
11 91
20 91
38 91
64 91
71 91
73 91
0 92
8 92
12 92
35 92
40 92
43 92
44 92
57 92
65 92
86 92
37 93
48 93
81 93
87 93
0 94
6 94
7 94
9 94
27 94
30 94
37 94
38 94
44 94
62 94
71 94
93 94
15 95
21 95
22 95
30 95
32 95
33 95
45 95
53 95
84 95
24 96
26 96
30 96
46 96
58 96
2 97
28 97
31 97
58 97
73 97
78 97
90 97
92 97
93 97
5 98
6 98
12 98
16 98
25 98
27 98
58 98
76 98
87 98
94 98
15 99
79 99
85 99
88 99
98 99
26 100
31 100
32 100
41 100
42 100
57 100
64 100
87 100
89 100
8 101
19 101
26 101
40 101
47 101
48 101
57 101
62 101
69 101
71 101
88 101
91 101
96 101
2 102
12 102
36 102
46 102
50 102
55 102
68 102
77 102
94 102
98 102
17 103
42 103
43 103
45 103
78 103
79 103
86 103
3 104
4 104
6 104
15 104
17 104
31 104
40 104
21 105
24 105
40 105
50 105
51 105
62 105
65 105
79 105
86 105
93 105
99 105
100 105
22 106
26 106
32 106
35 106
37 106
43 106
53 106
59 106
62 106
68 106
91 106
1 107
19 107
36 107
41 107
42 107
60 107
95 107
0 108
6 108
14 108
15 108
16 108
19 108
22 108
26 108
43 108
44 108
49 108
50 108
51 108
65 108
98 108
99 108
105 108
107 108
1 109
7 109
9 109
13 109
25 109
32 109
42 109
44 109
56 109
59 109
61 109
74 109
88 109
94 109
23 110
30 110
35 110
47 110
56 110
57 110
61 110
64 110
65 110
82 110
91 110
100 110
26 111
30 111
46 111
69 111
82 111
83 111
98 111
21 112
30 112
51 112
57 112
65 112
76 112
94 112
99 112
100 112
105 112
111 112
9 113
15 113
25 113
34 113
39 113
42 113
51 113
80 113
86 113
94 113
97 113
102 113
0 114
3 114
5 114
14 114
17 114
18 114
25 114
31 114
37 114
45 114
84 114
87 114
95 114
96 114
98 114
100 114
4 115
8 115
23 115
27 115
35 115
59 115
64 115
69 115
71 115
79 115
86 115
101 115
3 116
6 116
14 116
58 116
60 116
66 116
102 116
103 116
105 116
3 117
7 117
16 117
17 117
20 117
24 117
32 117
66 117
82 117
86 117
93 117
97 117
107 117
3 118
8 118
20 118
22 118
39 118
49 118
62 118
65 118
84 118
89 118
106 118
0 119
7 119
10 119
29 119
37 119
59 119
74 119
83 119
96 119
2 120
4 120
6 120
52 120
58 120
78 120
79 120
84 120
103 120
4 121
6 121
15 121
19 121
24 121
27 121
36 121
39 121
40 121
69 121
81 121
86 121
96 121
103 121
117 121
3 122
22 122
23 122
26 122
45 122
55 122
72 122
100 122
102 122
103 122
105 122
117 122
1 123
3 123
19 123
41 123
45 123
46 123
49 123
55 123
68 123
76 123
82 123
97 123
98 123
106 123
110 123
43 124
50 124
56 124
64 124
69 124
76 124
77 124
83 124
86 124
107 124
114 124
19 125
36 125
57 125
70 125
83 125
90 125
123 125
0 126
2 126
12 126
18 126
70 126
72 126
88 126
101 126
8 127
11 127
27 127
38 127
40 127
42 127
55 127
69 127
76 127
80 127
84 127
89 127
90 127
104 127
120 127
0 128
2 128
8 128
23 128
43 128
50 128
59 128
73 128
79 128
85 128
95 128
101 128
104 128
116 128
10 129
12 129
16 129
17 129
22 129
52 129
62 129
90 129
104 129
127 129
4 130
5 130
26 130
42 130
57 130
79 130
80 130
91 130
110 130
121 130
9 131
18 131
20 131
22 131
26 131
62 131
64 131
77 131
83 131
85 131
92 131
106 131
123 131
13 132
19 132
26 132
32 132
38 132
55 132
67 132
71 132
72 132
81 132
82 132
83 132
96 132
114 132
117 132
21 133
23 133
33 133
49 133
66 133
71 133
72 133
78 133
83 133
89 133
97 133
98 133
99 133
103 133
105 133
106 133
120 133
124 133
8 134
10 134
15 134
18 134
32 134
35 134
43 134
45 134
51 134
58 134
90 134
91 134
98 134
106 134
115 134
126 134
130 134
6 135
8 135
37 135
72 135
78 135
89 135
93 135
98 135
103 135
114 135
116 135
129 135
2 136
22 136
53 136
56 136
84 136
93 136
112 136
114 136
129 136
5 137
37 137
61 137
65 137
66 137
82 137
94 137
113 137
120 137
130 137
31 138
35 138
70 138
95 138
103 138
111 138
115 138
120 138
3 139
11 139
25 139
27 139
46 139
55 139
73 139
83 139
90 139
92 139
96 139
98 139
128 139
134 139
14 140
28 140
30 140
43 140
65 140
84 140
100 140
105 140
109 140
128 140
10 141
16 141
29 141
61 141
63 141
65 141
87 141
89 141
110 141
112 141
121 141
132 141
14 142
19 142
21 142
45 142
46 142
57 142
64 142
68 142
69 142
78 142
84 142
85 142
87 142
91 142
96 142
101 142
102 142
130 142
9 143
13 143
23 143
24 143
56 143
68 143
75 143
94 143
103 143
107 143
121 143
125 143
130 143
134 143
138 143
0 144
6 144
22 144
26 144
34 144
42 144
48 144
49 144
63 144
81 144
84 144
87 144
89 144
93 144
98 144
137 144
1 145
16 145
23 145
36 145
52 145
61 145
63 145
64 145
70 145
94 145
118 145
144 145
3 146
15 146
16 146
21 146
24 146
32 146
35 146
43 146
48 146
60 146
94 146
98 146
109 146
123 146
126 146
143 146
7 147
12 147
18 147
41 147
54 147
69 147
73 147
74 147
80 147
82 147
106 147
125 147
126 147
128 147
129 147
130 147
134 147
137 147
141 147
144 147
13 148
26 148
28 148
57 148
62 148
81 148
87 148
92 148
108 148
116 148
125 148
126 148
127 148
130 148
131 148
133 148
135 148
15 149
27 149
28 149
35 149
44 149
48 149
52 149
63 149
74 149
79 149
82 149
88 149
92 149
110 149
121 149
2 150
6 150
12 150
46 150
57 150
76 150
92 150
117 150
118 150
119 150
140 150
143 150
0 151
33 151
72 151
82 151
83 151
88 151
95 151
100 151
108 151
123 151
12 152
38 152
40 152
55 152
68 152
74 152
77 152
79 152
98 152
108 152
119 152
126 152
129 152
140 152
0 153
30 153
33 153
34 153
42 153
45 153
57 153
95 153
100 153
104 153
114 153
118 153
120 153
123 153
145 153
151 153
25 154
26 154
33 154
41 154
49 154
62 154
73 154
75 154
81 154
84 154
89 154
97 154
113 154
116 154
118 154
151 154
4 155
10 155
13 155
15 155
20 155
26 155
38 155
39 155
45 155
60 155
61 155
68 155
73 155
74 155
90 155
113 155
116 155
135 155
146 155
4 156
5 156
8 156
16 156
18 156
29 156
41 156
42 156
83 156
84 156
88 156
108 156
109 156
110 156
118 156
122 156
131 156
140 156
146 156
155 156
8 157
13 157
15 157
22 157
23 157
35 157
45 157
49 157
58 157
60 157
79 157
83 157
84 157
90 157
103 157
108 157
130 157
133 157
137 157
139 157
146 157
148 157
155 157
12 158
44 158
46 158
54 158
62 158
65 158
79 158
87 158
92 158
113 158
137 158
142 158
8 159
24 159
34 159
43 159
49 159
54 159
59 159
65 159
79 159
82 159
94 159
103 159
106 159
116 159
134 159
139 159
0 160
21 160
32 160
40 160
50 160
52 160
56 160
67 160
78 160
124 160
145 160
146 160
10 161
60 161
65 161
67 161
70 161
80 161
84 161
88 161
100 161
101 161
104 161
119 161
125 161
143 161
152 161
160 161
9 162
16 162
24 162
25 162
49 162
66 162
77 162
107 162
111 162
113 162
118 162
129 162
141 162
154 162
160 162
25 163
40 163
53 163
62 163
71 163
77 163
80 163
82 163
87 163
100 163
109 163
126 163
130 163
144 163
147 163
148 163
156 163
29 164
35 164
37 164
38 164
43 164
44 164
51 164
58 164
63 164
73 164
85 164
92 164
103 164
113 164
115 164
120 164
124 164
142 164
143 164
6 165
33 165
37 165
60 165
77 165
85 165
103 165
108 165
116 165
120 165
130 165
141 165
15 166
22 166
24 166
35 166
36 166
47 166
49 166
50 166
79 166
106 166
122 166
130 166
165 166
16 167
17 167
18 167
19 167
40 167
48 167
60 167
66 167
80 167
88 167
91 167
100 167
104 167
108 167
110 167
125 167
154 167
158 167
19 168
32 168
46 168
51 168
70 168
78 168
88 168
93 168
95 168
110 168
125 168
136 168
151 168
162 168
8 169
9 169
12 169
51 169
61 169
67 169
89 169
93 169
99 169
110 169
113 169
115 169
118 169
121 169
122 169
128 169
130 169
145 169
149 169
161 169
2 170
20 170
29 170
61 170
96 170
104 170
109 170
113 170
127 170
160 170
0 171
6 171
12 171
17 171
20 171
33 171
34 171
58 171
71 171
75 171
79 171
80 171
81 171
85 171
88 171
89 171
103 171
120 171
124 171
138 171
139 171
151 171
165 171
6 172
22 172
29 172
37 172
64 172
68 172
79 172
91 172
96 172
99 172
100 172
107 172
123 172
137 172
139 172
154 172
156 172
168 172
1 173
10 173
31 173
44 173
45 173
54 173
55 173
62 173
67 173
74 173
84 173
101 173
103 173
104 173
124 173
131 173
148 173
150 173
8 174
12 174
16 174
21 174
27 174
29 174
35 174
37 174
61 174
62 174
70 174
87 174
118 174
122 174
134 174
135 174
137 174
138 174
139 174
141 174
158 174
173 174
38 175
51 175
53 175
65 175
66 175
68 175
75 175
85 175
91 175
100 175
118 175
124 175
158 175
161 175
41 176
75 176
76 176
79 176
80 176
84 176
90 176
96 176
104 176
107 176
109 176
117 176
121 176
132 176
136 176
142 176
149 176
154 176
159 176
165 176
172 176
9 177
11 177
23 177
24 177
32 177
33 177
35 177
49 177
60 177
70 177
72 177
82 177
85 177
115 177
122 177
140 177
143 177
158 177
6 178
18 178
23 178
33 178
38 178
39 178
62 178
71 178
79 178
80 178
87 178
93 178
95 178
125 178
126 178
147 178
148 178
157 178
169 178
175 178
0 179
7 179
19 179
21 179
27 179
38 179
45 179
63 179
69 179
92 179
98 179
100 179
102 179
111 179
112 179
115 179
145 179
5 180
14 180
23 180
42 180
54 180
58 180
72 180
79 180
80 180
99 180
109 180
112 180
120 180
124 180
127 180
128 180
133 180
140 180
141 180
153 180
160 180
165 180
176 180
1 181
6 181
10 181
20 181
21 181
50 181
62 181
75 181
80 181
81 181
85 181
88 181
103 181
107 181
112 181
135 181
138 181
145 181
151 181
153 181
170 181
3 182
8 182
15 182
26 182
28 182
42 182
43 182
47 182
54 182
55 182
68 182
70 182
71 182
79 182
82 182
85 182
95 182
98 182
104 182
109 182
125 182
128 182
136 182
137 182
151 182
154 182
10 183
30 183
31 183
38 183
107 183
111 183
148 183
149 183
155 183
159 183
160 183
168 183
173 183
2 184
13 184
18 184
36 184
45 184
48 184
53 184
80 184
109 184
114 184
116 184
118 184
119 184
145 184
150 184
163 184
172 184
19 185
22 185
45 185
63 185
78 185
81 185
88 185
90 185
97 185
104 185
116 185
136 185
158 185
160 185
161 185
168 185
175 185
182 185
183 185
14 186
19 186
35 186
52 186
55 186
60 186
62 186
70 186
84 186
88 186
92 186
93 186
97 186
105 186
130 186
153 186
156 186
157 186
161 186
173 186
0 187
1 187
5 187
13 187
25 187
26 187
42 187
43 187
50 187
51 187
56 187
61 187
64 187
84 187
86 187
92 187
109 187
113 187
125 187
129 187
134 187
150 187
158 187
168 187
7 188
12 188
14 188
16 188
41 188
52 188
64 188
73 188
76 188
82 188
118 188
122 188
131 188
139 188
151 188
154 188
157 188
164 188
165 188
169 188
172 188
1 189
30 189
43 189
49 189
69 189
101 189
132 189
141 189
146 189
161 189
178 189
1 190
2 190
10 190
19 190
27 190
29 190
32 190
33 190
45 190
50 190
56 190
57 190
63 190
67 190
87 190
104 190
118 190
135 190
141 190
156 190
10 191
13 191
19 191
23 191
34 191
40 191
46 191
56 191
62 191
72 191
86 191
91 191
108 191
148 191
150 191
152 191
157 191
158 191
160 191
166 191
169 191
170 191
174 191
190 191
10 192
12 192
13 192
19 192
36 192
38 192
39 192
40 192
47 192
59 192
63 192
77 192
103 192
108 192
110 192
118 192
137 192
144 192
145 192
147 192
150 192
4 193
8 193
15 193
21 193
22 193
31 193
35 193
69 193
82 193
97 193
116 193
123 193
128 193
138 193
188 193
190 193
23 194
24 194
59 194
68 194
69 194
79 194
80 194
81 194
83 194
87 194
113 194
125 194
127 194
149 194
158 194
163 194
166 194
171 194
184 194
6 195
7 195
14 195
24 195
29 195
32 195
45 195
65 195
80 195
85 195
87 195
97 195
102 195
122 195
157 195
158 195
172 195
179 195
2 196
4 196
13 196
58 196
59 196
67 196
90 196
99 196
107 196
115 196
116 196
127 196
130 196
132 196
136 196
145 196
147 196
151 196
153 196
154 196
163 196
185 196
188 196
6 197
31 197
35 197
59 197
81 197
83 197
85 197
110 197
115 197
120 197
134 197
144 197
151 197
153 197
185 197
192 197
196 197
36 198
44 198
50 198
51 198
66 198
75 198
80 198
81 198
84 198
87 198
89 198
101 198
104 198
111 198
113 198
114 198
118 198
125 198
133 198
140 198
175 198
2 199
3 199
27 199
31 199
42 199
45 199
50 199
59 199
68 199
84 199
99 199
101 199
102 199
112 199
121 199
152 199
154 199
160 199
172 199
180 199
183 199
190 199
68 200
88 200
89 200
121 200
159 200
171 200
183 200
186 200
35 201
39 201
42 201
43 201
55 201
66 201
84 201
110 201
132 201
138 201
144 201
145 201
150 201
151 201
178 201
185 201
12 202
37 202
41 202
68 202
76 202
81 202
140 202
160 202
164 202
166 202
182 202
183 202
199 202
1 203
6 203
13 203
34 203
35 203
80 203
89 203
92 203
99 203
100 203
116 203
117 203
122 203
135 203
154 203
156 203
177 203
189 203
197 203
5 204
9 204
14 204
33 204
36 204
37 204
51 204
53 204
62 204
69 204
99 204
106 204
111 204
115 204
120 204
122 204
123 204
125 204
142 204
145 204
147 204
150 204
169 204
174 204
181 204
182 204
195 204
197 204
0 205
5 205
7 205
29 205
47 205
55 205
58 205
63 205
64 205
71 205
73 205
81 205
86 205
98 205
114 205
124 205
126 205
155 205
159 205
162 205
169 205
173 205
181 205
187 205
4 206
11 206
19 206
36 206
40 206
43 206
62 206
66 206
68 206
83 206
100 206
108 206
110 206
176 206
179 206
184 206
196 206
202 206
204 206
3 207
4 207
6 207
19 207
25 207
28 207
29 207
32 207
44 207
47 207
50 207
52 207
55 207
85 207
90 207
92 207
103 207
129 207
145 207
164 207
167 207
202 207
11 208
13 208
18 208
23 208
50 208
51 208
67 208
87 208
92 208
96 208
120 208
143 208
148 208
150 208
179 208
9 209
10 209
11 209
32 209
38 209
49 209
56 209
67 209
70 209
78 209
94 209
113 209
116 209
130 209
133 209
135 209
141 209
163 209
164 209
168 209
175 209
178 209
180 209
184 209
197 209
206 209
6 210
10 210
12 210
13 210
18 210
29 210
30 210
33 210
41 210
67 210
69 210
117 210
144 210
166 210
170 210
173 210
180 210
195 210
26 211
51 211
57 211
61 211
67 211
70 211
77 211
83 211
87 211
88 211
95 211
133 211
137 211
139 211
144 211
154 211
157 211
164 211
169 211
174 211
175 211
176 211
182 211
192 211
204 211
206 211
29 212
36 212
42 212
56 212
59 212
60 212
67 212
69 212
73 212
82 212
89 212
98 212
101 212
102 212
123 212
154 212
155 212
171 212
174 212
179 212
192 212
197 212
198 212
202 212
204 212
210 212
211 212
13 213
16 213
37 213
48 213
54 213
61 213
84 213
106 213
112 213
122 213
124 213
136 213
138 213
154 213
159 213
170 213
178 213
192 213
197 213
198 213
199 213
201 213
6 214
11 214
24 214
44 214
47 214
55 214
66 214
69 214
79 214
89 214
91 214
102 214
120 214
148 214
153 214
154 214
159 214
162 214
164 214
171 214
172 214
182 214
20 215
24 215
32 215
33 215
38 215
40 215
43 215
52 215
64 215
66 215
101 215
110 215
139 215
140 215
188 215
198 215
214 215
1 216
31 216
38 216
45 216
69 216
123 216
131 216
147 216
155 216
179 216
181 216
187 216
197 216
198 216
201 216
7 217
8 217
23 217
26 217
49 217
59 217
69 217
84 217
88 217
92 217
103 217
107 217
115 217
120 217
121 217
124 217
127 217
136 217
140 217
150 217
152 217
170 217
186 217
214 217
1 218
5 218
22 218
31 218
70 218
75 218
87 218
92 218
103 218
116 218
124 218
128 218
154 218
164 218
171 218
173 218
175 218
186 218
188 218
210 218
14 219
19 219
20 219
30 219
41 219
43 219
46 219
51 219
72 219
84 219
91 219
92 219
100 219
105 219
162 219
167 219
170 219
173 219
180 219
199 219
3 220
4 220
6 220
31 220
33 220
36 220
40 220
43 220
44 220
46 220
52 220
56 220
67 220
70 220
93 220
97 220
105 220
115 220
118 220
121 220
122 220
124 220
133 220
149 220
164 220
179 220
189 220
207 220
216 220
1 221
12 221
26 221
27 221
40 221
52 221
66 221
75 221
79 221
109 221
110 221
121 221
136 221
140 221
152 221
161 221
163 221
172 221
186 221
197 221
203 221
216 221
0 222
7 222
29 222
32 222
36 222
45 222
46 222
65 222
89 222
116 222
119 222
147 222
174 222
193 222
3 223
8 223
19 223
25 223
30 223
58 223
60 223
96 223
124 223
128 223
132 223
134 223
144 223
156 223
161 223
163 223
168 223
181 223
196 223
199 223
3 224
10 224
34 224
51 224
59 224
62 224
66 224
68 224
85 224
86 224
89 224
95 224
97 224
123 224
124 224
128 224
130 224
132 224
149 224
166 224
187 224
198 224
199 224
200 224
207 224
211 224
212 224
3 225
13 225
24 225
38 225
50 225
56 225
70 225
72 225
76 225
80 225
102 225
106 225
120 225
136 225
138 225
139 225
162 225
173 225
192 225
198 225
205 225
207 225
210 225
216 225
10 226
13 226
42 226
49 226
53 226
82 226
87 226
123 226
192 226
193 226
198 226
7 227
26 227
47 227
55 227
77 227
81 227
96 227
104 227
106 227
114 227
118 227
151 227
153 227
158 227
162 227
189 227
190 227
200 227
4 228
6 228
10 228
31 228
49 228
54 228
55 228
57 228
74 228
87 228
92 228
93 228
95 228
104 228
105 228
110 228
112 228
123 228
128 228
165 228
171 228
181 228
195 228
200 228
203 228
221 228
224 228
33 229
42 229
46 229
70 229
81 229
85 229
101 229
106 229
109 229
124 229
136 229
146 229
157 229
161 229
166 229
169 229
178 229
202 229
204 229
205 229
208 229
209 229
216 229
217 229
2 230
4 230
10 230
23 230
24 230
26 230
44 230
52 230
74 230
105 230
135 230
154 230
193 230
201 230
209 230
223 230
3 231
9 231
16 231
29 231
42 231
54 231
59 231
61 231
80 231
82 231
91 231
122 231
135 231
143 231
154 231
166 231
167 231
172 231
176 231
180 231
190 231
13 232
45 232
55 232
59 232
76 232
77 232
78 232
89 232
90 232
93 232
114 232
116 232
120 232
125 232
132 232
133 232
145 232
168 232
173 232
176 232
197 232
215 232
223 232
0 233
11 233
16 233
21 233
26 233
29 233
44 233
51 233
62 233
63 233
67 233
84 233
91 233
92 233
99 233
109 233
115 233
121 233
122 233
162 233
174 233
186 233
188 233
201 233
211 233
219 233
230 233
2 234
8 234
14 234
20 234
22 234
26 234
63 234
69 234
87 234
94 234
113 234
117 234
119 234
131 234
146 234
156 234
158 234
161 234
170 234
183 234
192 234
198 234
204 234
206 234
208 234
3 235
16 235
45 235
55 235
61 235
66 235
67 235
70 235
73 235
89 235
103 235
117 235
125 235
138 235
142 235
147 235
165 235
179 235
191 235
197 235
206 235
213 235
230 235
5 236
10 236
36 236
47 236
60 236
77 236
82 236
86 236
105 236
106 236
122 236
161 236
166 236
189 236
210 236
215 236
229 236
10 237
21 237
46 237
61 237
74 237
82 237
95 237
98 237
103 237
111 237
113 237
117 237
118 237
134 237
142 237
156 237
192 237
203 237
204 237
209 237
221 237
226 237
228 237
232 237
5 238
6 238
24 238
25 238
28 238
30 238
53 238
65 238
66 238
71 238
73 238
78 238
81 238
82 238
83 238
90 238
109 238
111 238
121 238
122 238
165 238
168 238
193 238
199 238
200 238
229 238
233 238
8 239
17 239
21 239
23 239
35 239
37 239
50 239
53 239
61 239
69 239
71 239
89 239
90 239
93 239
120 239
129 239
160 239
164 239
165 239
166 239
175 239
180 239
219 239
222 239
230 239
2 240
27 240
44 240
48 240
50 240
83 240
104 240
115 240
123 240
128 240
137 240
143 240
148 240
149 240
154 240
158 240
161 240
163 240
168 240
169 240
181 240
193 240
220 240
222 240
226 240
236 240
3 241
8 241
14 241
15 241
21 241
33 241
36 241
55 241
57 241
59 241
92 241
100 241
111 241
112 241
116 241
117 241
143 241
145 241
156 241
166 241
186 241
188 241
198 241
204 241
225 241
229 241
236 241
239 241
8 242
14 242
17 242
25 242
37 242
43 242
49 242
54 242
55 242
63 242
69 242
73 242
75 242
76 242
86 242
95 242
96 242
99 242
111 242
117 242
124 242
150 242
154 242
157 242
159 242
175 242
179 242
195 242
208 242
222 242
223 242
224 242
236 242
241 242
0 243
2 243
16 243
21 243
28 243
33 243
41 243
50 243
59 243
61 243
65 243
69 243
101 243
103 243
106 243
108 243
112 243
114 243
125 243
127 243
130 243
132 243
136 243
150 243
151 243
164 243
188 243
204 243
210 243
224 243
229 243
240 243
4 244
34 244
36 244
40 244
76 244
84 244
85 244
93 244
98 244
107 244
109 244
110 244
113 244
135 244
144 244
151 244
152 244
181 244
215 244
1 245
2 245
7 245
9 245
11 245
13 245
14 245
26 245
61 245
70 245
80 245
86 245
94 245
97 245
109 245
111 245
118 245
119 245
125 245
129 245
133 245
135 245
141 245
143 245
181 245
186 245
195 245
206 245
222 245
230 245
233 245
235 245
1 246
17 246
32 246
47 246
51 246
60 246
73 246
77 246
78 246
86 246
119 246
132 246
142 246
167 246
168 246
173 246
175 246
199 246
207 246
210 246
216 246
236 246
241 246
1 247
7 247
8 247
11 247
26 247
28 247
33 247
39 247
50 247
55 247
61 247
67 247
72 247
73 247
79 247
126 247
159 247
163 247
172 247
193 247
194 247
218 247
234 247
237 247
238 247
1 248
9 248
27 248
28 248
31 248
55 248
60 248
76 248
98 248
101 248
127 248
132 248
142 248
145 248
169 248
174 248
190 248
204 248
214 248
234 248
2 249
19 249
21 249
29 249
37 249
61 249
68 249
94 249
106 249
107 249
115 249
120 249
121 249
128 249
130 249
145 249
162 249
172 249
188 249
216 249
234 249
239 249
240 249
243 249
1 250
11 250
12 250
15 250
33 250
56 250
58 250
62 250
80 250
94 250
146 250
161 250
180 250
183 250
185 250
209 250
210 250
241 250
4 251
18 251
39 251
42 251
72 251
77 251
80 251
81 251
94 251
104 251
110 251
128 251
134 251
139 251
155 251
187 251
198 251
201 251
234 251
6 252
20 252
25 252
54 252
68 252
84 252
92 252
93 252
98 252
103 252
113 252
121 252
123 252
144 252
147 252
151 252
183 252
200 252
203 252
208 252
210 252
216 252
222 252
227 252
235 252
248 252
16 253
29 253
40 253
55 253
63 253
74 253
80 253
107 253
118 253
129 253
144 253
155 253
174 253
184 253
202 253
210 253
234 253
246 253
1 254
17 254
23 254
25 254
28 254
47 254
51 254
86 254
88 254
101 254
106 254
110 254
119 254
127 254
131 254
153 254
163 254
167 254
169 254
172 254
181 254
182 254
184 254
196 254
197 254
199 254
211 254
215 254
233 254
245 254
251 254
29 255
32 255
48 255
61 255
67 255
72 255
75 255
78 255
114 255
117 255
121 255
136 255
145 255
153 255
166 255
177 255
213 255
215 255
217 255
230 255
232 255
242 255
250 255
4 256
6 256
7 256
9 256
12 256
28 256
38 256
41 256
47 256
55 256
59 256
71 256
76 256
84 256
92 256
93 256
139 256
146 256
161 256
168 256
185 256
190 256
194 256
203 256
204 256
208 256
215 256
216 256
219 256
223 256
225 256
234 256
243 256
251 256
252 256
7 257
47 257
60 257
65 257
70 257
78 257
89 257
119 257
122 257
125 257
156 257
167 257
175 257
192 257
196 257
200 257
228 257
246 257
0 258
1 258
6 258
15 258
20 258
27 258
51 258
68 258
71 258
76 258
85 258
86 258
100 258
108 258
116 258
117 258
120 258
121 258
136 258
147 258
149 258
160 258
168 258
181 258
186 258
198 258
224 258
230 258
232 258
242 258
2 259
4 259
33 259
61 259
64 259
72 259
74 259
80 259
94 259
140 259
156 259
160 259
181 259
191 259
192 259
203 259
215 259
229 259
234 259
1 260
2 260
10 260
11 260
26 260
88 260
107 260
136 260
157 260
209 260
212 260
220 260
240 260
245 260
255 260
6 261
8 261
40 261
59 261
60 261
62 261
63 261
80 261
83 261
85 261
88 261
94 261
100 261
107 261
110 261
114 261
122 261
124 261
132 261
141 261
165 261
166 261
193 261
196 261
201 261
229 261
234 261
259 261
3 262
21 262
31 262
47 262
56 262
57 262
65 262
66 262
68 262
73 262
77 262
80 262
87 262
90 262
98 262
101 262
133 262
136 262
154 262
156 262
169 262
172 262
179 262
180 262
197 262
219 262
231 262
245 262
253 262
258 262
259 262
3 263
7 263
15 263
39 263
50 263
64 263
71 263
86 263
89 263
93 263
97 263
103 263
105 263
124 263
130 263
184 263
187 263
209 263
215 263
218 263
245 263
251 263
8 264
10 264
16 264
18 264
20 264
31 264
36 264
38 264
44 264
53 264
62 264
85 264
103 264
118 264
130 264
140 264
149 264
153 264
170 264
176 264
185 264
200 264
253 264
260 264
8 265
17 265
24 265
54 265
71 265
77 265
91 265
93 265
108 265
113 265
122 265
126 265
136 265
145 265
161 265
170 265
173 265
176 265
187 265
190 265
201 265
211 265
214 265
219 265
246 265
259 265
9 266
12 266
32 266
36 266
49 266
51 266
56 266
61 266
66 266
67 266
79 266
88 266
95 266
111 266
112 266
113 266
114 266
127 266
140 266
147 266
154 266
157 266
168 266
175 266
181 266
182 266
191 266
199 266
200 266
204 266
209 266
210 266
212 266
254 266
257 266
1 267
19 267
37 267
51 267
90 267
95 267
121 267
144 267
159 267
171 267
194 267
198 267
203 267
213 267
218 267
219 267
220 267
225 267
236 267
258 267
266 267
15 268
16 268
38 268
41 268
56 268
57 268
65 268
72 268
80 268
90 268
91 268
109 268
120 268
124 268
141 268
144 268
147 268
154 268
163 268
168 268
172 268
182 268
183 268
194 268
196 268
222 268
223 268
239 268
262 268
8 269
85 269
93 269
108 269
115 269
117 269
121 269
135 269
175 269
205 269
210 269
224 269
227 269
234 269
242 269
4 270
21 270
25 270
30 270
33 270
35 270
54 270
73 270
103 270
110 270
127 270
133 270
158 270
170 270
174 270
177 270
185 270
203 270
213 270
221 270
235 270
240 270
248 270
6 271
25 271
32 271
48 271
49 271
50 271
61 271
110 271
138 271
140 271
142 271
143 271
154 271
155 271
170 271
173 271
179 271
215 271
229 271
236 271
247 271
269 271
19 272
25 272
37 272
40 272
76 272
80 272
81 272
83 272
92 272
93 272
107 272
108 272
133 272
143 272
147 272
160 272
169 272
173 272
180 272
197 272
204 272
215 272
222 272
226 272
255 272
271 272
0 273
19 273
24 273
51 273
54 273
55 273
64 273
65 273
66 273
68 273
87 273
95 273
99 273
121 273
125 273
128 273
130 273
156 273
157 273
162 273
165 273
168 273
173 273
181 273
183 273
186 273
191 273
213 273
218 273
230 273
246 273
270 273
2 274
6 274
10 274
11 274
28 274
38 274
40 274
43 274
68 274
69 274
70 274
73 274
84 274
85 274
102 274
111 274
112 274
119 274
123 274
130 274
175 274
181 274
240 274
243 274
245 274
0 275
6 275
22 275
26 275
40 275
46 275
61 275
62 275
67 275
71 275
99 275
101 275
110 275
123 275
124 275
127 275
138 275
146 275
153 275
167 275
174 275
191 275
192 275
202 275
215 275
225 275
237 275
255 275
20 276
38 276
43 276
60 276
63 276
94 276
96 276
99 276
105 276
108 276
118 276
120 276
124 276
125 276
132 276
134 276
135 276
149 276
153 276
203 276
218 276
219 276
227 276
253 276
270 276
7 277
12 277
29 277
30 277
39 277
43 277
49 277
58 277
89 277
107 277
137 277
154 277
157 277
159 277
160 277
161 277
166 277
168 277
185 277
190 277
197 277
221 277
268 277
270 277
273 277
14 278
18 278
40 278
41 278
59 278
60 278
77 278
87 278
98 278
110 278
118 278
129 278
146 278
160 278
169 278
182 278
183 278
196 278
197 278
213 278
222 278
232 278
242 278
258 278
261 278
264 278
268 278
270 278
274 278
3 279
7 279
9 279
24 279
34 279
48 279
64 279
73 279
82 279
93 279
102 279
118 279
121 279
150 279
154 279
177 279
193 279
201 279
210 279
223 279
249 279
253 279
269 279
6 280
15 280
31 280
33 280
37 280
49 280
66 280
71 280
78 280
86 280
95 280
106 280
136 280
141 280
147 280
162 280
165 280
167 280
172 280
177 280
181 280
184 280
186 280
196 280
213 280
216 280
227 280
233 280
239 280
245 280
265 280
274 280
279 280
2 281
11 281
21 281
27 281
30 281
35 281
41 281
46 281
47 281
92 281
101 281
116 281
125 281
129 281
130 281
138 281
140 281
145 281
147 281
158 281
191 281
192 281
194 281
196 281
199 281
200 281
205 281
209 281
214 281
257 281
261 281
275 281
280 281
3 282
18 282
40 282
41 282
43 282
50 282
64 282
72 282
73 282
92 282
104 282
109 282
118 282
120 282
146 282
150 282
166 282
168 282
178 282
184 282
188 282
200 282
217 282
221 282
248 282
251 282
268 282
271 282
14 283
15 283
32 283
36 283
52 283
60 283
77 283
79 283
92 283
93 283
97 283
100 283
104 283
106 283
115 283
130 283
131 283
135 283
139 283
142 283
162 283
178 283
205 283
214 283
217 283
222 283
238 283
242 283
266 283
281 283
12 284
14 284
24 284
26 284
39 284
44 284
66 284
75 284
77 284
84 284
93 284
95 284
98 284
129 284
141 284
142 284
186 284
188 284
232 284
258 284
264 284
37 285
39 285
48 285
51 285
72 285
94 285
113 285
130 285
133 285
137 285
164 285
188 285
191 285
198 285
209 285
223 285
226 285
238 285
242 285
246 285
256 285
261 285
276 285
4 286
9 286
26 286
30 286
71 286
74 286
84 286
86 286
100 286
111 286
115 286
116 286
132 286
136 286
139 286
156 286
169 286
175 286
185 286
219 286
222 286
243 286
245 286
252 286
277 286
281 286
9 287
16 287
29 287
43 287
67 287
76 287
82 287
85 287
100 287
103 287
142 287
148 287
151 287
154 287
156 287
161 287
173 287
182 287
201 287
221 287
230 287
236 287
261 287
282 287
14 288
37 288
56 288
63 288
69 288
71 288
73 288
89 288
113 288
133 288
142 288
153 288
154 288
155 288
174 288
189 288
193 288
206 288
223 288
228 288
240 288
251 288
270 288
272 288
273 288
277 288
3 289
13 289
28 289
31 289
51 289
53 289
54 289
62 289
65 289
77 289
84 289
99 289
100 289
103 289
111 289
142 289
148 289
156 289
163 289
181 289
227 289
229 289
233 289
238 289
258 289
276 289
286 289
9 290
14 290
15 290
20 290
36 290
46 290
47 290
52 290
59 290
61 290
63 290
64 290
66 290
85 290
98 290
112 290
116 290
118 290
135 290
142 290
150 290
155 290
165 290
166 290
181 290
192 290
257 290
268 290
278 290
281 290
11 291
17 291
38 291
41 291
60 291
85 291
92 291
105 291
113 291
119 291
129 291
131 291
137 291
161 291
167 291
188 291
196 291
200 291
204 291
221 291
223 291
236 291
238 291
243 291
251 291
259 291
270 291
2 292
4 292
23 292
35 292
64 292
71 292
86 292
95 292
107 292
118 292
123 292
141 292
145 292
174 292
175 292
195 292
204 292
212 292
257 292
263 292
283 292
286 292
289 292
3 293
31 293
35 293
62 293
73 293
104 293
105 293
106 293
110 293
124 293
140 293
143 293
156 293
160 293
171 293
172 293
193 293
200 293
206 293
208 293
244 293
253 293
261 293
268 293
288 293
1 294
3 294
14 294
24 294
26 294
27 294
38 294
62 294
65 294
67 294
72 294
75 294
82 294
88 294
93 294
103 294
107 294
114 294
115 294
132 294
133 294
135 294
152 294
162 294
181 294
192 294
194 294
213 294
236 294
241 294
246 294
252 294
256 294
268 294
270 294
280 294
1 295
3 295
8 295
29 295
37 295
43 295
45 295
71 295
80 295
82 295
99 295
104 295
108 295
116 295
154 295
157 295
161 295
174 295
200 295
209 295
212 295
234 295
270 295
281 295
293 295
1 296
14 296
15 296
19 296
23 296
29 296
57 296
64 296
70 296
81 296
106 296
111 296
118 296
132 296
143 296
149 296
153 296
174 296
214 296
235 296
276 296
278 296
279 296
281 296
288 296
290 296
291 296
35 297
54 297
60 297
67 297
76 297
91 297
94 297
98 297
118 297
129 297
140 297
142 297
157 297
159 297
173 297
189 297
207 297
210 297
215 297
222 297
232 297
249 297
273 297
287 297
14 298
24 298
35 298
62 298
64 298
65 298
70 298
72 298
87 298
97 298
126 298
128 298
137 298
138 298
174 298
175 298
180 298
185 298
189 298
193 298
196 298
197 298
198 298
203 298
204 298
211 298
226 298
247 298
292 298
40 299
60 299
71 299
81 299
87 299
92 299
97 299
100 299
106 299
110 299
114 299
128 299
139 299
147 299
148 299
157 299
161 299
163 299
175 299
178 299
181 299
195 299
207 299
214 299
235 299
250 299
258 299
265 299
274 299
285 299
287 299
