300 888 5
4 2 6 13 9 18 7 8 8 2 12 1 8 14 1 10 6 2 5 17 19 11 6 2 6 2 8 2 20 7 19 4 6 5 8 1 5 19 3 6 3 5 19 4 9 8 8 9 10 19 8 3 10 9 5 14 7 5 4 3 17 9 4 17 9 4 9 3 3 1 1 9 17 12 10 2 3 5 15 3 17 5 7 3 9 7 2 10 7 6 1 3 1 20 5 19 5 3 5 10 8 6 2 4 11 17 10 10 6 12 3 9 3 4 1 1 7 20 6 2 8 11 10 1 8 3 14 10 4 7 3 7 2 7 6 5 2 20 18 6 7 8 7 2 1 4 5 7 5 5 5 8 9 1 8 6 16 10 9 3 10 14 4 3 10 8 11 1 10 1 14 5 16 6 1 7 8 12 9 7 8 3 9 7 9 10 5 20 13 10 15 8 2 1 10 5 10 4 4 20 6 4 5 8 5 10 4 1 4 4 9 2 1 16 5 7 13 9 12 7 6 6 16 6 20 8 6 9 12 7 10 5 8 20 4 9 17 9 7 15 5 20 14 20 3 4 13 2 8 9 6 1 19 10 18 2 5 10 3 9 9 10 8 10 4 3 9 7 7 10 12 4 1 4 2 2 2 7 6 1 6 5 5 19 8 8 5 8 10 12 2 4 4 5 1 19 1 9 10 7
5 14
5 17
8 18
9 19
14 19
3 25
9 29
13 29
21 32
21 35
12 36
23 38
13 39
20 40
34 42
10 44
13 44
31 46
15 47
0 48
12 49
17 49
12 51
23 52
24 52
0 53
18 54
20 55
0 57
30 59
33 60
1 61
5 62
19 62
18 63
52 63
22 64
32 64
33 64
46 64
7 65
47 65
19 68
54 68
34 70
24 71
10 72
55 72
59 72
61 72
3 74
24 74
33 74
35 74
15 75
44 75
26 76
18 77
23 77
41 77
65 77
1 78
7 79
12 80
63 81
72 81
15 82
19 82
76 82
78 83
12 84
47 84
7 85
38 85
76 85
44 86
54 86
20 87
77 87
4 88
21 88
26 88
20 89
78 90
46 91
72 91
82 91
9 92
13 92
30 92
81 92
17 93
19 93
70 93
76 94
15 95
74 95
86 95
83 96
7 98
22 98
46 98
69 98
80 98
82 98
0 99
31 99
38 100
68 100
68 102
82 102
90 103
35 104
80 104
44 105
72 105
18 107
36 107
38 107
61 107
70 107
74 107
79 107
95 107
14 108
81 109
48 110
56 110
20 111
49 111
56 112
102 112
106 112
50 113
83 113
89 113
93 113
84 114
102 114
3 115
95 115
113 115
27 116
43 116
62 116
85 117
12 118
36 118
64 118
80 118
35 119
87 119
89 119
90 119
4 120
9 120
11 120
64 120
14 122
23 122
24 122
32 122
38 122
15 123
60 123
97 123
118 123
22 124
46 124
110 124
98 125
18 126
74 126
64 127
78 127
79 127
20 128
43 128
47 128
74 128
114 128
116 128
121 128
25 129
29 129
51 129
60 129
83 129
3 130
7 130
13 130
77 130
92 130
113 130
9 131
90 131
67 132
111 132
43 133
106 133
20 134
30 134
31 134
93 134
102 135
133 135
31 136
84 136
107 136
118 136
130 137
131 137
52 138
78 138
8 140
13 140
32 140
84 140
49 141
109 141
114 141
28 142
91 142
0 143
46 143
59 143
51 144
67 145
90 145
106 145
108 145
114 145
55 146
129 146
2 147
121 147
119 148
80 149
145 149
137 150
145 150
14 151
58 151
88 151
137 151
18 152
141 152
147 152
44 153
19 154
11 155
41 155
10 156
11 156
78 156
81 156
137 156
148 156
28 157
39 157
104 157
123 157
142 157
148 157
97 158
121 158
136 158
1 159
39 159
62 159
80 159
95 159
25 160
37 160
152 160
58 161
115 161
38 162
71 162
150 162
87 163
96 163
99 163
142 163
29 164
63 164
64 164
114 164
121 164
1 165
6 165
18 165
25 165
50 165
59 165
77 165
116 165
22 166
51 166
116 166
13 167
28 167
125 167
41 168
128 168
22 169
27 169
94 169
61 170
31 171
131 171
89 172
93 172
142 172
119 173
157 173
23 174
112 174
143 174
10 175
93 175
142 175
112 176
130 176
132 176
12 178
55 178
57 178
68 178
78 178
122 178
123 178
146 178
55 179
60 179
96 179
151 179
24 180
27 180
101 180
110 180
157 180
164 180
175 180
86 181
125 181
144 181
13 182
29 182
34 182
39 182
48 182
49 182
131 182
152 182
19 183
126 183
130 183
141 183
166 183
90 184
133 184
143 184
160 184
60 185
77 185
96 185
104 185
124 185
169 185
43 186
45 186
121 186
157 186
10 187
108 187
84 188
92 188
50 189
58 189
74 189
101 189
113 189
50 190
55 190
57 190
163 190
176 190
45 192
120 192
154 192
116 193
138 193
111 194
147 194
160 194
172 194
20 195
31 195
33 195
119 195
180 196
60 197
62 197
0 198
39 198
115 198
124 198
70 199
72 199
79 199
102 199
107 199
126 199
163 199
172 199
182 199
84 200
151 201
4 202
12 202
99 202
136 202
170 202
112 203
159 203
22 204
33 204
120 204
165 204
167 204
173 204
158 205
170 205
6 206
35 206
84 206
103 206
111 206
130 206
151 206
156 206
19 207
59 207
90 207
149 207
155 207
14 208
19 208
124 208
125 208
160 208
54 209
171 209
67 210
90 210
98 210
33 211
107 211
137 211
155 211
164 211
11 212
29 212
65 212
111 212
113 212
147 212
7 213
30 213
74 213
88 213
100 213
180 213
208 213
71 214
113 214
132 214
185 214
11 215
106 215
135 215
196 215
84 216
115 216
130 216
175 216
196 216
38 217
49 217
128 217
136 217
154 217
170 217
205 217
23 218
52 218
141 218
151 218
186 218
9 219
68 219
77 219
86 219
198 219
8 220
122 220
129 220
64 221
91 221
180 221
185 221
188 221
38 222
136 222
161 222
103 223
130 223
186 223
187 223
15 224
165 224
209 224
217 224
3 225
33 225
142 225
162 225
5 226
47 226
77 226
100 226
179 226
148 227
0 228
29 228
47 228
187 228
67 229
85 229
144 230
186 230
187 230
206 230
93 231
189 231
202 231
23 232
39 232
49 232
55 232
64 232
221 232
5 233
47 233
80 233
89 233
139 233
171 233
2 234
32 234
51 234
75 234
101 234
114 234
146 234
177 234
55 235
103 235
126 235
184 235
46 236
82 236
107 236
128 236
204 236
216 236
101 237
133 237
150 237
164 237
175 237
42 238
151 238
154 238
210 238
218 238
16 239
107 239
94 240
130 240
135 240
177 240
222 240
46 241
91 241
100 241
169 241
70 242
105 242
159 242
206 242
218 242
38 244
115 244
156 244
165 244
226 244
70 245
173 245
206 245
69 246
73 246
228 246
34 247
41 247
62 247
140 247
145 247
222 247
0 248
86 248
190 248
238 248
36 249
39 249
202 249
18 250
20 250
45 250
122 250
126 250
3 251
137 251
189 251
210 251
58 252
180 252
185 252
34 253
180 253
213 253
236 254
53 255
117 255
69 256
93 256
133 257
151 257
211 257
45 258
80 258
165 258
186 258
210 258
238 258
94 259
114 259
124 259
220 259
232 259
3 260
44 260
58 260
88 260
118 260
122 260
144 260
156 260
171 260
19 261
57 261
80 261
86 261
92 261
154 261
234 261
258 261
67 262
148 262
168 262
192 262
234 262
1 263
53 263
116 263
131 263
161 263
21 264
46 264
67 264
75 264
127 264
176 264
202 264
221 264
4 265
34 265
61 265
108 265
185 265
233 265
259 265
63 266
156 266
225 266
257 266
102 267
125 267
141 267
216 267
258 267
9 268
60 268
73 268
75 268
91 268
126 268
197 268
210 268
49 269
172 269
258 269
48 270
63 270
75 270
76 270
94 270
123 270
147 270
149 270
164 270
201 270
105 271
137 271
188 271
198 271
2 272
19 272
28 272
203 272
39 273
34 274
38 274
99 274
234 274
29 275
76 275
128 275
231 275
258 275
259 275
99 276
118 276
166 276
189 276
216 276
44 277
74 277
232 277
269 277
59 278
70 278
74 278
97 278
121 278
145 278
147 278
170 278
178 278
18 279
102 279
151 279
154 279
188 279
211 279
28 280
238 280
37 281
74 281
100 281
117 281
127 281
181 281
211 281
223 281
246 281
248 281
261 281
148 282
174 282
192 282
1 283
30 283
35 283
49 283
139 283
171 283
258 283
276 283
1 284
19 284
118 284
160 284
177 284
271 284
67 285
74 285
111 285
142 285
203 285
205 285
209 285
222 285
50 286
64 286
89 286
100 286
153 286
245 286
19 287
71 287
159 287
163 287
66 288
109 288
118 288
138 288
190 288
235 288
238 288
48 289
69 289
71 289
77 289
84 289
152 289
213 289
228 289
252 289
28 290
177 290
30 291
63 291
223 291
229 291
2 292
157 292
260 292
104 293
165 293
284 293
9 294
79 294
94 294
127 294
130 294
203 294
214 294
223 294
263 294
42 295
208 295
99 296
117 296
125 296
187 296
190 296
198 296
0 297
1 297
8 297
82 297
87 297
158 297
246 297
269 297
276 297
13 298
125 298
141 298
142 298
144 298
4 299
65 299
148 299
216 299
247 299
