300 1811 5
5 14 5 6 6 5 13 9 12 6 10 9 8 9 5 5 7 5 10 14 5 11 6 7 14 11 6 5 7 10 15 6 16 13 6 6 6 7 7 6 12 5 12 9 16 5 12 5 13 9 16 7 5 3 10 6 6 10 8 7 5 16 4 12 14 10 6 6 4 5 4 10 4 11 10 6 8 6 5 6 16 10 4 10 12 5 8 16 9 4 4 5 10 7 10 13 5 7 6 6 5 13 14 10 13 7 5 6 12 6 12 5 11 12 6 5 4 5 6 12 5 6 6 6 15 13 7 5 7 14 6 6 14 6 6 17 3 4 6 6 4 10 12 10 7 8 6 5 8 6 5 10 11 11 4 5 6 17 7 6 5 6 10 9 17 16 6 7 6 13 7 5 7 6 10 5 5 6 7 6 7 10 7 9 9 15 9 12 5 5 6 5 5 6 7 11 6 5 7 10 6 12 9 15 7 7 18 11 4 12 5 10 6 7 6 6 12 12 6 7 14 16 5 9 6 6 6 5 8 10 11 6 17 4 11 5 7 14 7 9 12 9 13 9 11 6 6 8 7 7 6 6 12 6 7 13 5 5 6 6 6 8 14 5 10 9 5 13 6 5 7 7 13 6 6 10 7 17 4 6 9 7 8 7 7 4 6 11 6 6 6 5 7 6 7 7 6 12 8 6
3 6
8 11
4 13
3 14
4 14
14 15
5 17
8 17
4 18
20 21
3 23
4 27
0 28
1 28
4 28
7 28
9 28
13 29
25 30
13 31
15 32
19 32
12 33
15 33
11 34
25 34
26 34
13 36
14 37
16 37
9 39
16 40
38 42
39 42
15 43
22 43
16 44
42 46
24 47
27 48
34 48
38 48
1 49
7 49
12 49
41 49
42 50
1 51
15 51
24 51
33 51
34 51
16 52
22 53
44 53
12 54
50 54
51 54
27 55
50 55
47 56
26 57
5 58
7 58
12 58
21 58
32 58
23 59
27 59
29 59
34 59
6 60
41 60
53 61
56 61
40 62
17 63
23 63
29 63
61 63
21 64
30 64
63 64
6 65
14 65
28 65
27 66
31 66
49 66
14 67
18 67
35 67
44 67
45 67
44 68
6 69
8 69
16 70
58 70
5 71
6 71
4 72
39 72
41 72
59 72
48 73
58 73
61 73
71 73
4 74
33 74
68 74
13 75
14 76
34 76
47 76
19 77
25 77
35 77
68 77
6 78
17 78
46 78
53 78
24 79
40 79
58 79
72 79
23 80
44 80
61 80
77 80
12 81
68 81
33 82
66 82
72 82
14 83
42 83
66 83
0 84
73 84
74 84
4 85
18 85
27 85
30 85
57 85
5 86
26 86
28 86
34 86
41 86
58 86
60 86
64 86
13 87
62 87
13 88
54 88
12 89
21 89
35 89
45 89
46 89
22 90
23 90
46 91
66 91
69 91
2 92
16 92
17 92
29 92
6 93
23 93
46 93
41 94
84 94
19 95
27 95
53 95
63 95
13 96
16 96
73 96
83 96
37 97
48 97
62 97
67 97
81 97
91 98
96 98
17 99
24 99
39 99
40 99
76 99
33 100
53 100
59 100
77 100
21 101
23 101
40 101
67 101
73 101
79 101
10 102
15 102
28 102
77 102
85 102
86 102
91 102
5 103
19 103
49 103
82 103
83 103
90 103
41 104
59 104
13 105
20 105
42 105
76 105
82 105
15 106
28 106
35 106
42 106
45 106
54 106
83 106
104 106
4 107
13 107
19 107
41 107
67 107
98 108
27 109
57 109
69 109
4 110
6 110
39 110
42 110
79 110
94 110
12 111
34 111
36 111
60 111
87 111
45 112
52 112
99 112
110 112
1 113
6 113
39 113
72 113
83 113
8 114
24 114
94 114
26 115
35 115
42 115
58 115
64 115
110 115
0 116
9 116
72 116
107 117
8 118
11 118
35 118
54 118
87 118
106 118
40 119
44 119
74 120
90 120
107 120
5 121
26 121
45 121
62 121
5 122
42 122
68 122
77 122
121 122
89 123
105 123
13 124
86 124
1 125
9 125
66 125
80 125
99 125
113 125
64 126
70 126
76 126
82 126
112 126
23 127
88 127
19 128
48 128
107 128
34 129
55 129
93 129
10 130
13 130
24 130
56 130
115 130
122 130
29 131
54 131
73 131
81 131
88 131
82 132
94 132
111 132
41 133
76 133
77 133
109 133
111 133
121 133
127 133
4 134
36 134
66 134
102 134
23 135
32 135
49 135
56 135
99 135
110 135
128 135
18 136
53 136
87 136
114 136
133 136
13 137
82 137
85 137
96 137
104 137
13 138
17 138
39 138
95 138
115 138
134 138
66 139
2 140
7 140
24 140
67 140
85 140
115 140
122 140
138 140
1 141
44 141
73 141
5 142
73 142
81 142
113 142
126 142
138 142
15 143
23 143
28 143
46 143
74 143
78 143
94 143
20 144
28 144
52 144
55 144
79 144
83 144
93 144
108 144
128 144
0 145
11 145
42 145
55 145
95 145
102 145
120 145
58 146
113 146
138 146
9 147
45 147
102 147
121 147
132 147
37 148
83 148
101 148
120 148
123 148
70 149
105 149
114 149
127 149
131 149
18 150
63 150
66 150
11 151
61 151
133 151
32 152
40 152
47 152
78 152
89 152
108 152
5 153
21 153
28 153
54 153
77 153
83 153
94 153
95 153
103 153
104 153
123 153
143 153
93 154
105 154
114 154
140 154
141 154
147 154
29 155
78 155
84 155
111 155
40 156
63 156
128 156
140 156
34 157
38 157
65 157
79 157
103 157
2 158
14 158
21 158
38 158
41 158
58 158
66 158
103 158
157 158
1 159
23 159
28 159
50 159
71 159
131 159
149 159
158 159
13 160
18 160
40 160
47 160
56 160
57 160
74 160
99 160
109 160
158 160
20 161
95 161
122 161
152 161
41 162
44 162
70 162
89 162
138 162
146 162
154 162
14 163
23 163
49 163
56 163
59 163
83 163
116 163
17 164
19 164
21 164
46 164
92 164
130 164
133 164
142 164
7 165
46 165
73 165
91 165
99 165
112 165
114 165
147 165
33 166
61 166
68 166
141 166
6 167
12 167
46 167
84 167
85 167
130 167
155 167
26 168
29 168
31 168
75 168
90 168
7 169
29 169
125 169
132 169
136 169
163 169
6 170
28 170
47 170
58 170
62 170
78 170
94 170
120 170
130 170
152 170
160 170
7 171
50 171
53 171
72 171
87 171
1 172
64 172
74 172
80 172
116 172
118 172
125 172
127 172
149 172
150 172
8 173
23 173
61 173
92 173
108 173
113 173
116 173
119 173
131 173
155 173
170 173
4 174
10 174
72 174
73 174
123 174
9 175
10 175
46 175
54 175
65 175
66 175
84 175
99 175
106 175
169 175
27 176
52 176
102 176
162 176
175 176
43 177
61 177
64 177
90 177
116 177
143 177
156 177
17 178
19 178
44 178
57 178
111 178
113 178
131 178
142 178
155 178
20 179
25 179
39 179
106 179
117 179
119 179
133 179
155 179
1 180
30 180
33 180
117 180
131 180
6 181
37 181
55 181
63 181
105 181
114 181
120 181
158 181
165 181
172 181
3 182
32 182
35 182
39 182
43 182
53 182
119 182
2 183
3 183
16 183
21 183
167 183
168 183
6 184
15 184
121 184
142 184
143 184
150 184
89 185
101 185
123 185
157 185
0 186
39 186
50 186
56 186
70 186
73 186
98 186
109 186
8 187
42 187
47 187
71 187
74 187
80 187
90 187
100 187
116 187
130 187
142 187
156 187
175 187
4 188
33 188
40 188
42 188
86 188
148 188
177 188
46 189
57 189
64 189
75 189
141 189
165 189
3 190
8 190
93 190
8 191
14 191
15 191
35 191
41 191
60 191
125 191
179 191
29 192
45 192
61 192
96 192
129 192
155 192
175 192
190 192
2 193
94 193
95 193
145 193
152 193
187 193
0 194
18 194
59 194
83 194
96 194
110 194
113 194
114 194
167 194
179 194
192 194
26 195
33 195
67 195
84 195
104 195
109 195
147 195
162 195
171 195
177 195
32 196
63 196
123 196
134 196
145 196
177 196
62 197
77 197
93 197
111 197
140 197
155 197
188 197
2 198
19 198
52 198
62 198
91 198
92 198
147 198
153 198
155 198
174 198
2 199
20 199
92 199
94 199
97 199
119 199
147 199
159 199
166 199
174 199
191 199
8 200
16 200
50 200
55 200
56 200
106 200
114 200
141 200
194 200
109 201
129 201
136 201
169 201
198 201
21 202
24 202
52 202
64 202
65 202
106 202
127 202
157 202
159 202
187 202
198 202
55 203
75 203
109 203
114 203
135 203
142 203
143 203
195 203
197 203
18 204
50 204
93 204
105 204
121 204
134 204
181 204
183 204
187 204
21 205
36 205
113 205
147 205
167 205
169 205
198 205
51 206
55 206
56 206
184 206
194 206
195 206
4 207
29 207
42 207
61 207
70 207
71 207
79 207
84 207
86 207
90 207
98 207
156 207
17 208
117 208
137 208
154 208
170 208
171 208
0 209
6 209
23 209
65 209
75 209
91 209
117 209
123 209
127 209
151 209
179 209
36 210
81 210
86 210
125 210
139 210
167 210
206 210
23 211
32 211
80 211
110 211
125 211
133 211
147 211
162 211
164 211
21 212
35 212
54 212
64 212
68 212
83 212
85 212
121 212
142 212
171 212
179 212
180 212
182 212
192 212
13 213
30 213
45 213
79 213
95 213
97 213
137 213
150 213
151 213
172 213
175 213
178 213
197 213
7 214
33 214
38 214
48 214
73 214
81 214
102 214
122 214
140 214
141 214
151 214
152 214
209 214
40 215
44 215
55 215
59 215
89 215
136 215
141 215
159 215
169 215
171 215
179 215
7 216
47 216
55 216
58 216
79 216
90 216
119 216
181 216
207 216
209 216
214 216
20 217
106 217
107 217
126 217
184 217
188 217
198 217
203 217
212 217
4 218
10 218
28 218
42 218
54 218
74 218
90 218
104 218
147 218
152 218
203 218
211 218
30 219
70 219
95 219
123 219
138 219
146 219
170 219
171 219
183 219
208 219
28 220
47 220
145 220
157 220
175 220
184 220
210 220
14 221
22 221
49 221
91 221
96 221
103 221
111 221
149 221
175 221
191 221
3 222
5 222
24 222
61 222
80 222
115 222
118 222
158 222
174 222
180 222
189 222
10 223
57 223
79 223
124 223
156 223
159 223
5 224
132 224
153 224
162 224
163 224
188 224
213 224
10 225
21 225
42 225
43 225
52 225
65 225
84 225
102 225
104 225
111 225
134 225
144 225
192 225
206 225
32 226
86 226
110 226
117 226
161 226
0 227
12 227
28 227
31 227
54 227
126 227
143 227
146 227
39 228
81 228
89 228
101 228
110 228
115 228
136 228
154 228
181 228
219 228
25 229
73 229
104 229
3 230
4 230
66 230
84 230
91 230
188 230
199 230
228 230
7 231
14 231
43 231
60 231
67 231
108 231
162 231
197 231
208 231
211 231
17 232
67 232
86 232
113 232
138 232
142 232
153 232
156 232
160 232
1 233
16 233
32 233
41 233
58 233
127 233
145 233
152 233
172 233
5 234
27 234
43 234
44 234
46 234
47 234
53 234
78 234
124 234
156 234
157 234
175 234
192 234
196 234
214 234
223 234
85 235
96 235
144 235
157 235
162 235
193 235
215 235
218 235
227 235
7 236
28 236
48 236
83 236
97 236
108 236
113 236
147 236
154 236
164 236
165 236
194 236
226 236
1 237
65 237
79 237
103 237
123 237
145 237
158 237
174 237
180 237
229 237
230 237
27 238
31 238
69 238
96 238
99 238
120 238
161 238
178 238
203 238
209 238
52 239
74 239
106 239
129 239
203 239
214 239
220 239
25 240
28 240
89 240
121 240
124 240
131 240
154 240
157 240
161 240
185 240
189 240
211 240
228 240
231 240
40 241
100 241
110 241
118 241
143 241
204 241
217 241
19 242
36 242
62 242
92 242
104 242
136 242
153 242
186 242
202 242
207 242
215 242
224 242
237 242
4 243
32 243
68 243
110 243
133 243
143 243
159 243
218 243
224 243
232 243
39 244
43 244
66 244
81 244
96 244
106 244
153 244
156 244
159 244
162 244
26 245
72 245
103 245
141 245
163 245
170 245
171 245
198 245
201 245
239 245
22 246
40 246
69 246
1 247
5 247
18 247
21 247
59 247
86 247
101 247
126 247
131 247
133 247
134 247
169 247
190 247
16 248
45 248
58 248
61 248
106 248
146 248
165 248
224 248
0 249
26 249
30 249
32 249
141 249
149 249
230 249
232 249
6 250
9 250
45 250
69 250
77 250
84 250
102 250
113 250
143 250
162 250
3 251
7 251
26 251
30 251
38 251
59 251
68 251
96 251
103 251
128 251
139 251
140 251
146 251
185 251
188 251
194 251
221 251
228 251
235 251
236 251
14 252
29 252
44 252
86 252
99 252
202 252
204 252
212 252
238 252
7 253
8 253
12 253
29 253
52 253
114 253
137 253
139 253
152 253
178 253
181 253
185 253
195 253
198 253
244 253
11 254
45 254
58 254
75 254
165 254
179 254
181 254
252 254
26 255
33 255
35 255
43 255
50 255
52 255
109 255
143 255
167 255
199 255
227 255
243 255
2 256
52 256
88 256
102 256
133 256
134 256
146 256
150 256
170 256
191 256
202 256
253 256
255 256
36 257
39 257
44 257
75 257
79 257
112 257
123 257
131 257
154 257
196 257
212 257
225 257
238 257
14 258
19 258
85 258
113 258
116 258
141 258
188 258
198 258
200 258
255 258
31 259
39 259
57 259
61 259
85 259
89 259
109 259
134 259
135 259
235 259
14 260
43 260
95 260
103 260
115 260
125 260
220 260
222 260
253 260
5 261
7 261
19 261
53 261
65 261
66 261
73 261
77 261
139 261
161 261
163 261
172 261
187 261
227 261
249 261
250 261
13 262
77 262
128 262
134 262
161 262
237 262
239 262
241 262
245 262
255 262
1 263
8 263
33 263
51 263
81 263
125 263
153 263
166 263
180 263
191 263
214 263
242 263
50 264
58 264
61 264
78 264
100 264
121 264
124 264
234 264
244 264
252 264
6 265
8 265
88 265
89 265
90 265
96 265
99 265
143 265
155 265
176 265
179 265
201 265
18 266
30 266
49 266
77 266
150 266
187 266
215 266
233 266
240 266
250 266
2 267
4 267
20 267
98 267
178 267
186 267
18 268
30 268
50 268
78 268
79 268
170 268
246 268
258 268
266 268
25 269
65 269
68 269
102 269
109 269
175 269
207 269
212 269
215 269
223 269
28 270
32 270
41 270
71 270
83 270
98 270
152 270
183 270
222 270
39 271
157 271
170 271
212 271
5 272
7 272
29 272
36 272
47 272
72 272
92 272
127 272
15 273
16 273
44 273
74 273
134 273
143 273
145 273
192 273
239 273
249 273
250 273
269 273
1 274
5 274
13 274
29 274
53 274
61 274
93 274
99 274
117 274
123 274
144 274
156 274
262 274
6 275
37 275
57 275
64 275
133 275
145 275
147 275
158 275
172 275
194 275
202 275
224 275
252 275
8 276
41 276
262 276
274 276
0 277
22 277
132 277
149 277
154 277
156 277
157 277
232 277
265 277
276 277
66 278
145 278
165 278
204 278
213 278
217 278
219 278
230 278
240 278
39 279
66 279
73 279
100 279
210 279
257 279
268 279
275 279
38 280
58 280
59 280
64 280
148 280
166 280
185 280
198 280
206 280
209 280
222 280
255 280
260 280
262 280
10 281
28 281
41 281
43 281
146 281
148 281
210 281
218 281
233 281
237 281
247 281
278 281
16 282
24 282
61 282
66 282
69 282
93 282
104 282
134 282
139 282
161 282
177 282
198 282
209 282
240 282
245 282
275 282
16 283
36 283
39 283
56 283
142 283
169 283
229 283
247 283
257 283
46 284
59 284
71 284
75 284
104 284
111 284
123 284
142 284
162 284
189 284
223 284
225 284
279 284
10 285
20 285
74 285
84 285
107 285
119 285
124 285
127 285
137 285
154 285
169 285
174 285
226 285
266 285
0 286
48 286
68 286
111 286
145 286
153 286
181 286
227 286
241 286
261 286
265 286
276 286
20 287
85 287
161 287
16 288
31 288
121 288
124 288
220 288
249 288
262 288
12 289
18 289
21 289
45 289
111 289
119 289
177 289
187 289
195 289
270 289
281 289
46 290
49 290
52 290
60 290
124 290
126 290
144 290
178 290
210 290
219 290
263 290
7 291
27 291
45 291
51 291
62 291
76 291
77 291
111 291
112 291
115 291
144 291
150 291
154 291
183 291
246 291
273 291
283 291
46 292
47 292
84 292
89 292
90 292
113 292
156 292
222 292
224 292
233 292
237 292
0 293
39 293
61 293
67 293
108 293
176 293
208 293
219 293
228 293
248 293
58 294
90 294
152 294
174 294
218 294
273 294
286 294
3 295
5 295
10 295
37 295
57 295
62 295
96 295
117 295
129 295
150 295
160 295
190 295
210 295
257 295
277 295
8 296
40 296
71 296
91 296
111 296
140 296
150 296
169 296
171 296
197 296
201 296
203 296
215 296
225 296
260 296
56 297
80 297
85 297
96 297
105 297
117 297
121 297
125 297
141 297
151 297
217 297
274 297
280 297
28 298
53 298
59 298
70 298
99 298
127 298
128 298
208 298
252 298
271 298
274 298
290 298
293 298
7 299
18 299
23 299
24 299
42 299
73 299
90 299
105 299
123 299
186 299
200 299
221 299
228 299
