300 1859 5
10 9 2 7 18 10 3 14 5 4 8 9 16 8 10 2 3 19 20 4 2 2 3 1 13 13 9 7 19 10 3 15 16 3 10 19 10 5 1 9 16 2 1 15 3 18 3 20 6 9 7 4 18 8 4 8 7 8 4 19 7 11 20 20 8 19 10 5 3 5 10 6 9 8 10 4 9 3 16 20 17 3 10 18 12 1 10 10 2 1 10 16 10 11 6 4 10 18 6 5 4 8 13 17 2 5 5 9 1 4 5 9 9 14 10 10 20 6 12 17 7 9 16 13 6 11 1 3 6 10 10 17 10 6 2 9 17 8 10 1 13 5 8 7 8 5 19 17 9 10 15 18 1 4 5 10 8 9 1 10 9 3 2 6 10 4 20 9 1 1 4 9 17 16 5 5 20 11 10 19 2 5 16 4 11 2 8 6 9 13 2 7 8 2 18 12 5 4 1 18 6 6 4 14 19 15 1 9 16 9 11 11 4 5 10 10 5 20 6 8 2 9 8 16 9 11 5 3 3 3 15 4 2 10 2 17 7 5 6 5 13 14 4 9 17 2 5 9 10 11 3 1 16 18 8 8 1 3 5 1 8 9 4 6 5 17 19 7 5 6 11 20 16 9 7 7 8 10 5 10 14 8 9 2 9 18 17 2 20 12 1 12 10 8 14 4 2 2 14 19
4 18
3 20
3 22
12 25
2 26
4 26
14 26
15 26
16 27
3 28
7 30
1 32
17 32
2 33
31 33
8 34
13 34
17 34
10 35
5 40
15 40
29 41
18 42
38 42
4 43
35 43
24 44
15 46
30 47
14 48
15 48
16 48
38 48
21 49
46 49
4 50
37 50
17 51
34 51
42 51
18 52
38 52
13 53
25 53
34 53
44 53
46 53
44 54
1 55
8 55
17 55
18 55
25 55
19 56
6 57
27 57
36 57
16 58
31 58
11 59
22 59
46 59
3 60
10 60
0 61
37 61
55 61
36 62
43 62
52 62
8 64
13 64
24 64
9 65
14 65
31 65
38 65
54 65
5 66
52 66
14 67
33 67
36 67
38 67
54 67
56 67
59 68
8 69
15 69
19 69
28 69
38 69
45 69
46 69
63 69
64 69
8 70
9 70
13 71
49 71
56 71
6 72
42 72
45 72
49 72
60 72
4 73
7 73
26 73
44 73
46 73
49 73
62 73
24 74
26 75
27 75
12 76
17 76
36 76
66 76
3 77
21 77
38 77
40 77
4 78
32 78
43 78
59 78
6 79
27 79
59 79
66 79
10 80
35 80
44 80
47 81
56 81
10 82
66 82
5 83
20 83
22 83
70 83
78 83
9 84
13 84
14 84
56 84
61 84
52 85
4 86
8 86
21 86
30 86
32 86
14 87
15 87
74 87
14 88
25 88
27 88
32 88
47 88
59 88
68 88
9 89
10 89
55 89
1 90
5 90
27 90
28 90
41 90
84 90
86 90
10 91
63 91
80 91
82 91
21 92
25 92
33 92
35 92
55 92
62 92
86 92
29 93
40 93
65 93
75 93
82 93
7 95
11 95
20 95
43 96
59 96
80 96
53 97
57 97
85 97
89 97
57 98
91 98
7 99
45 99
49 99
52 99
88 99
91 99
15 100
1 101
13 101
17 101
34 101
42 101
56 101
64 101
7 102
76 102
37 103
87 103
57 104
70 104
84 104
86 104
4 105
32 105
87 105
19 106
33 106
38 106
71 106
92 106
28 107
48 107
16 108
32 108
39 108
40 108
80 108
88 108
90 108
20 109
42 109
63 109
106 109
29 110
90 110
82 111
91 111
43 112
56 112
62 112
64 112
97 112
70 113
78 113
94 113
38 114
45 114
50 114
71 114
11 115
24 115
57 115
93 115
101 115
81 116
105 116
42 117
76 117
107 117
31 118
54 118
60 118
28 119
68 119
88 119
100 119
16 120
43 120
1 121
19 121
4 122
39 122
44 122
82 122
86 122
101 122
111 122
117 122
32 123
39 123
42 123
43 123
52 123
76 123
78 123
90 123
96 123
8 124
18 124
23 124
42 124
56 124
60 124
71 124
78 124
108 124
94 125
102 125
32 126
52 126
76 126
86 126
106 126
112 126
21 127
22 127
30 127
31 127
37 127
42 127
76 127
80 127
118 127
1 128
10 128
40 128
57 128
96 128
110 128
123 128
43 129
46 129
47 129
87 129
91 129
92 129
41 130
118 130
18 131
26 131
29 131
31 131
60 131
72 131
91 131
112 131
123 131
28 132
45 132
74 132
114 132
18 133
33 133
58 133
93 133
123 133
124 133
125 133
2 134
8 134
24 134
106 134
117 134
8 135
46 135
112 135
127 135
18 136
19 136
45 136
63 136
79 136
92 136
109 136
113 136
10 138
14 138
91 138
109 138
19 139
20 139
33 139
36 139
39 139
69 139
71 139
75 139
24 140
27 140
49 140
58 140
78 140
119 140
21 141
35 141
36 141
47 141
88 141
91 141
114 141
122 141
14 142
19 142
25 142
68 142
69 142
122 142
141 142
38 143
87 143
126 143
141 143
51 144
87 144
125 144
134 144
37 145
39 145
104 145
105 145
123 145
134 145
1 146
17 146
130 146
8 147
11 147
31 147
34 147
67 147
73 147
77 147
102 147
138 147
23 148
40 148
50 148
84 148
92 148
93 148
100 148
112 148
131 148
134 148
0 149
9 149
23 149
41 149
68 149
74 149
48 150
87 150
95 150
10 151
22 151
63 151
91 151
95 151
71 152
84 152
86 152
112 152
117 152
6 153
7 153
20 153
43 153
58 153
60 153
79 153
99 153
101 153
116 153
17 154
51 154
60 154
140 154
1 155
28 155
30 155
35 155
64 155
100 155
134 155
143 155
17 156
20 156
29 156
92 156
95 156
118 156
148 156
25 157
50 157
51 157
67 157
94 157
97 157
102 157
144 157
9 158
21 158
29 158
51 158
90 158
95 158
96 158
122 158
127 158
132 158
150 158
27 159
31 159
57 159
94 159
97 159
100 159
133 159
2 160
6 160
29 160
35 160
36 160
49 160
80 160
87 160
113 160
147 160
23 161
40 161
66 161
121 161
64 162
96 162
100 162
101 162
129 162
17 163
28 163
54 163
87 163
3 164
31 164
88 164
98 164
111 164
113 164
133 164
144 164
155 164
21 165
161 165
22 166
73 166
80 166
97 166
102 166
110 166
50 167
75 167
79 167
162 167
46 168
69 168
103 168
114 168
116 168
155 168
1 169
23 169
49 169
106 169
112 169
121 169
7 170
19 170
39 170
50 170
57 170
75 170
95 170
116 170
118 170
141 170
4 171
65 171
85 171
101 171
134 171
159 171
17 172
33 172
46 172
60 172
110 172
147 172
158 172
6 173
20 173
65 173
66 173
111 173
131 173
135 173
138 173
141 173
156 173
163 173
55 174
75 174
87 174
113 174
124 174
10 175
37 175
81 175
90 175
105 175
126 175
152 175
157 175
11 176
94 176
95 176
103 176
115 176
128 176
149 176
167 176
3 177
43 177
53 177
55 177
86 177
127 177
131 177
135 177
148 177
161 177
164 177
167 177
24 178
69 178
173 178
13 179
70 179
79 179
106 179
108 179
143 179
154 179
167 179
2 180
47 180
70 180
94 180
106 180
134 180
165 180
11 181
41 181
46 181
49 181
75 181
82 181
91 181
132 181
145 181
3 182
5 182
18 182
21 182
22 182
43 182
46 182
47 182
50 182
84 182
85 182
87 182
108 182
156 182
7 183
49 183
58 183
82 183
100 183
120 183
127 183
142 183
28 184
75 184
84 184
136 184
144 184
159 184
167 184
174 184
176 184
180 184
34 185
39 185
114 185
115 185
118 185
157 185
165 185
25 186
30 186
38 186
44 186
48 186
65 186
101 186
107 186
116 186
126 186
129 186
135 186
161 186
165 186
171 186
3 187
41 187
66 187
78 187
88 187
90 187
99 187
120 187
126 187
128 187
130 187
45 188
99 188
104 188
105 188
109 188
142 188
179 188
181 188
29 189
45 189
57 189
77 189
87 189
99 189
114 189
144 189
166 189
3 190
5 190
7 190
12 190
23 190
33 190
38 190
60 190
69 190
82 190
83 190
147 190
181 190
14 191
16 191
35 191
45 191
48 191
86 191
93 191
130 191
158 191
179 191
9 192
14 192
38 192
80 192
88 192
100 192
104 192
115 192
26 193
122 193
164 193
173 193
182 193
7 194
25 194
26 194
100 194
144 194
169 194
171 194
25 195
76 195
85 195
90 195
152 195
162 195
22 196
37 196
84 196
86 196
93 196
143 196
9 197
11 197
45 197
69 197
106 197
149 197
161 197
172 197
0 198
26 198
28 198
55 198
77 198
89 198
90 198
91 198
177 198
182 198
36 199
37 199
39 199
45 199
65 199
68 199
82 199
93 199
96 199
111 199
11 200
53 200
72 200
89 200
119 200
142 200
146 200
148 200
158 200
165 200
173 200
185 200
18 201
46 201
55 201
62 201
104 201
144 201
192 201
15 202
93 202
138 202
170 202
14 203
15 203
17 203
24 203
75 203
88 203
108 203
129 203
161 203
174 203
29 204
49 204
119 204
190 204
12 205
17 205
23 205
72 205
106 205
201 205
4 206
107 206
118 206
135 206
182 206
183 206
201 206
36 207
73 207
109 207
112 207
129 207
136 207
137 207
165 207
199 207
10 208
28 208
50 208
53 208
79 208
80 208
82 208
95 208
104 208
119 208
148 208
149 208
160 208
165 208
0 209
32 209
44 209
48 209
56 209
79 209
141 209
144 209
170 209
8 210
12 210
36 210
41 210
42 210
140 210
14 211
17 211
51 211
57 211
104 211
137 211
156 211
192 211
195 211
4 212
7 212
15 212
54 212
68 212
77 212
79 212
89 212
95 212
96 212
167 212
173 212
26 213
59 213
81 213
104 213
112 213
134 213
154 213
180 213
204 213
4 214
31 214
32 214
53 214
69 214
80 214
95 214
101 214
136 214
148 214
151 214
185 214
195 214
199 214
212 214
60 215
91 215
93 215
108 215
131 215
154 215
157 215
19 216
85 216
109 216
113 216
114 216
123 216
168 216
175 216
181 216
188 216
205 216
8 217
19 217
30 217
84 217
87 217
105 217
132 217
136 217
138 217
172 217
181 217
192 217
33 218
46 218
152 218
167 218
169 218
209 218
43 219
62 219
83 219
116 219
156 219
190 219
212 219
1 220
10 220
23 220
34 220
43 220
73 220
78 220
93 220
96 220
132 220
137 220
158 220
188 220
196 220
7 221
48 221
58 221
60 221
133 221
136 221
183 221
190 221
193 221
202 221
2 222
9 222
11 222
20 222
25 222
49 222
51 222
84 222
94 222
128 222
132 222
140 222
144 222
151 222
178 222
183 222
3 223
4 223
132 223
135 223
143 223
148 223
152 223
171 223
198 223
26 224
48 224
73 224
23 225
53 225
66 225
128 225
177 225
194 225
210 225
21 226
39 226
41 226
78 226
92 226
128 226
136 226
164 226
182 226
195 226
204 226
40 227
54 227
61 227
66 227
83 227
87 227
92 227
129 227
178 227
30 228
40 228
109 228
120 228
195 228
22 229
40 229
58 229
66 229
74 229
83 229
84 229
94 229
152 229
172 229
173 229
188 229
220 229
12 230
21 230
51 230
55 230
62 230
63 230
75 230
88 230
114 230
177 230
183 230
190 230
205 230
211 230
218 230
23 231
36 231
58 231
102 231
161 231
169 231
171 231
188 231
220 231
221 231
37 232
67 232
126 232
142 232
179 232
211 232
223 232
4 233
31 233
44 233
53 233
94 233
109 233
115 233
117 233
147 233
148 233
158 233
176 233
6 234
45 234
84 234
108 234
112 234
151 234
152 234
159 234
165 234
185 234
0 235
30 235
66 235
84 235
92 235
100 235
148 235
193 235
200 235
210 235
27 236
49 236
68 236
114 236
121 236
123 236
128 236
144 236
162 236
165 236
168 236
2 237
21 237
24 237
95 237
151 237
158 237
172 237
193 237
3 238
66 238
72 238
117 238
118 238
203 238
62 239
97 239
131 239
148 239
158 239
184 239
225 239
10 240
12 240
65 240
90 240
114 240
117 240
121 240
150 240
162 240
187 240
192 240
222 240
7 241
100 241
108 241
118 241
154 241
156 241
219 241
240 241
22 242
48 242
85 242
91 242
95 242
115 242
130 242
142 242
143 242
176 242
203 242
215 242
61 243
71 243
80 243
89 243
91 243
97 243
113 243
116 243
120 243
151 243
193 243
231 243
59 244
76 244
78 244
95 244
114 244
121 244
133 244
43 245
55 245
97 245
128 245
130 245
24 246
29 246
39 246
52 246
96 246
113 246
132 246
141 246
178 246
194 246
199 246
206 246
1 247
6 247
33 247
39 247
52 247
73 247
86 247
92 247
95 247
109 247
124 247
155 247
192 247
216 247
222 247
18 248
31 248
32 248
163 248
216 248
9 249
18 249
36 249
39 249
40 249
61 249
74 249
81 249
86 249
108 249
125 249
129 249
166 249
182 249
227 249
28 250
113 250
126 250
185 250
191 250
226 250
227 250
12 251
42 251
80 251
84 251
90 251
104 251
145 251
147 251
170 251
190 251
227 251
242 251
244 251
247 251
0 252
45 252
54 252
69 252
92 252
104 252
110 252
112 252
113 252
130 252
187 252
209 252
75 253
84 253
91 253
103 253
130 253
133 253
140 253
153 253
169 253
191 253
208 253
210 253
212 253
224 253
229 253
20 254
49 254
52 254
67 254
70 254
101 254
136 254
142 254
216 254
242 254
38 255
44 255
58 255
65 255
118 255
147 255
151 255
152 255
159 255
214 255
217 255
225 255
39 256
41 256
45 256
121 256
124 256
171 256
216 256
222 256
247 256
21 257
52 257
69 257
77 257
95 257
136 257
142 257
146 257
160 257
176 257
192 257
19 258
46 258
48 258
78 258
91 258
134 258
140 258
147 258
206 258
232 258
234 258
248 258
257 258
52 259
69 259
111 259
128 259
132 259
150 259
176 259
183 259
214 259
231 259
233 259
242 259
245 259
247 259
4 260
74 260
131 260
163 260
204 260
227 260
20 261
44 261
46 261
64 261
99 261
101 261
153 261
167 261
172 261
198 261
212 261
213 261
230 261
243 261
244 261
27 262
34 262
52 262
81 262
116 262
130 262
167 262
189 262
210 262
232 262
62 263
82 263
154 263
212 263
235 263
237 263
248 263
13 264
61 264
64 264
69 264
107 264
116 264
117 264
155 264
162 264
168 264
181 264
15 265
25 265
58 265
81 265
156 265
181 265
192 265
198 265
225 265
228 265
5 266
66 266
76 266
82 266
108 266
117 266
184 266
201 266
214 266
218 266
221 266
239 266
241 266
246 266
36 267
117 267
203 267
234 267
18 268
29 268
80 268
137 268
209 268
22 269
81 269
92 269
123 269
126 269
132 269
147 269
175 269
207 269
217 269
221 269
227 269
238 269
251 269
32 270
38 270
57 270
85 270
110 270
141 270
145 270
148 270
163 270
164 270
172 270
173 270
194 270
213 270
232 270
249 270
255 270
257 270
6 271
14 271
56 271
58 271
68 271
71 271
103 271
141 271
185 271
206 271
242 271
245 271
20 272
65 272
137 272
138 272
159 272
237 272
247 272
249 272
18 273
25 273
53 273
56 273
86 273
112 273
148 273
149 273
160 273
194 273
247 273
21 274
78 274
85 274
118 274
128 274
152 274
172 274
192 274
253 274
8 275
17 275
29 275
115 275
144 275
187 275
198 275
61 276
91 276
106 276
178 276
195 276
222 276
229 276
237 276
82 277
141 277
142 277
149 277
233 277
250 277
34 278
39 278
52 278
86 278
88 278
95 278
129 278
139 278
140 278
153 278
200 278
239 278
4 279
18 279
44 279
52 279
64 279
70 279
91 279
95 279
121 279
125 279
130 279
157 279
166 279
208 279
240 279
257 279
54 280
98 280
99 280
146 280
187 280
195 280
202 280
227 280
11 281
52 281
152 281
161 281
178 281
180 281
184 281
192 281
198 281
200 281
221 281
228 281
258 281
273 281
5 282
45 282
88 282
120 282
131 282
136 282
144 282
168 282
213 282
245 282
256 282
275 282
3 283
29 283
65 283
107 283
114 283
118 283
137 283
168 283
192 283
203 283
261 283
263 283
12 284
46 284
76 284
88 284
98 284
119 284
151 284
220 284
225 284
228 284
243 284
246 284
25 285
34 285
67 285
95 285
131 285
154 285
158 285
167 285
171 285
235 285
252 285
256 285
266 285
275 285
32 286
45 286
56 286
105 286
110 286
119 286
141 286
142 286
148 286
208 286
217 286
227 286
273 286
103 287
111 287
140 287
157 287
165 287
175 287
195 287
240 287
271 287
272 287
273 287
8 288
9 288
40 288
72 288
81 288
112 288
143 288
166 288
175 288
214 288
239 288
52 289
90 289
191 289
238 289
248 289
269 289
4 290
6 290
36 290
82 290
98 290
101 290
106 290
107 290
125 290
140 290
150 290
169 290
176 290
274 290
49 291
63 291
82 291
96 291
114 291
197 291
211 291
218 291
221 291
238 291
251 291
259 291
61 292
95 292
191 292
197 292
225 292
238 292
244 292
254 292
265 292
266 292
75 293
77 293
98 293
109 293
153 293
157 293
163 293
192 293
275 293
2 294
21 294
31 294
33 294
40 294
42 294
53 294
78 294
96 294
122 294
146 294
167 294
197 294
240 294
258 294
275 294
9 295
18 295
27 295
86 295
101 295
120 295
128 295
196 295
212 295
217 295
245 295
263 295
11 296
16 296
78 296
105 296
109 296
115 296
139 296
171 296
175 296
228 296
231 296
269 296
287 296
5 297
10 297
51 297
112 297
150 297
152 297
161 297
174 297
182 297
187 297
192 297
221 297
235 297
237 297
26 298
29 298
57 298
102 298
130 298
140 298
171 298
172 298
275 298
71 299
79 299
117 299
123 299
124 299
179 299
210 299
213 299
228 299
