300 4151 5
10 5 13 11 7 8 6 9 5 5 17 9 7 4 6 7 6 7 6 7 7 6 11 6 13 12 4 5 6 5 7 4 9 5 5 13 7 7 9 5 16 6 10 6 5 14 6 10 5 5 12 5 11 7 13 15 6 10 6 10 5 9 5 6 12 13 13 11 11 6 11 8 6 7 13 5 6 6 5 4 8 5 7 9 4 7 4 10 7 7 8 6 5 9 11 6 7 5 3 6 10 11 4 7 13 5 5 11 8 9 6 13 4 5 5 13 16 6 5 20 9 9 7 12 6 7 5 13 6 7 8 12 5 14 11 16 8 6 4 5 7 15 12 5 4 7 5 6 5 13 5 6 10 16 14 14 11 4 8 7 7 13 15 5 11 9 10 5 7 4 9 6 6 4 11 13 9 5 7 7 6 7 7 6 10 4 5 6 11 4 7 6 7 11 5 5 5 11 4 4 5 7 11 5 10 10 6 5 9 8 5 6 3 6 9 6 9 7 11 5 6 6 5 5 11 11 6 6 11 5 6 10 6 10 10 5 4 6 7 6 8 5 6 3 7 5 12 7 3 9 14 7 6 10 13 5 13 6 5 13 6 5 5 6 9 5 7 5 4 11 15 6 7 14 8 6 7 6 5 6 6 10 8 5 5 14 13 12 11 14 6 11 5 3 5 4 9 6 17 10
0 2
1 3
2 4
0 9
6 9
6 10
1 11
0 12
3 12
8 12
6 14
0 15
3 15
13 16
2 17
13 18
14 18
0 19
10 19
12 19
7 21
6 22
15 22
18 22
1 23
2 24
5 24
1 25
22 26
25 26
3 27
4 27
14 27
26 27
0 28
23 28
25 28
7 29
8 29
14 29
17 29
23 29
26 29
13 30
20 30
5 31
20 31
25 31
30 31
0 33
9 33
13 33
15 33
22 33
0 34
9 34
11 34
20 34
21 34
28 34
32 34
14 35
24 35
20 37
24 38
26 38
32 38
36 38
1 39
4 39
12 39
15 39
24 39
10 40
24 40
32 40
35 40
0 41
13 41
3 42
15 42
16 42
26 42
35 42
30 44
37 44
7 45
12 45
21 45
23 45
29 45
44 46
2 47
44 47
4 48
40 48
43 48
0 49
2 49
11 49
20 49
21 49
1 50
15 50
29 50
7 51
10 51
24 51
33 51
42 51
45 51
8 52
9 52
16 52
21 52
41 52
7 53
11 53
21 53
49 53
5 54
12 54
36 54
38 54
50 54
7 55
11 55
15 55
16 55
19 55
38 55
49 55
25 56
28 56
38 56
39 56
50 56
51 56
8 57
23 57
34 57
13 58
16 58
34 58
55 58
4 59
10 59
46 59
58 59
19 60
29 60
36 60
38 60
42 60
45 60
46 60
55 60
57 60
5 61
7 61
18 61
44 61
1 62
15 62
17 62
27 62
39 62
2 63
5 63
8 63
10 63
27 63
30 63
53 63
54 63
0 64
4 64
9 64
17 64
31 64
35 64
36 64
41 64
13 65
21 65
28 65
44 65
61 65
64 65
1 66
5 66
52 66
53 66
64 66
8 67
25 67
56 67
61 67
42 68
47 68
1 69
12 69
13 69
15 69
21 69
32 69
38 69
43 69
51 69
55 69
31 70
40 70
53 70
63 70
69 70
17 71
31 71
43 71
46 71
48 71
52 71
53 71
15 72
26 72
27 72
57 72
11 73
13 73
32 73
4 74
63 74
14 75
33 75
50 75
58 75
2 76
5 76
23 76
24 76
38 76
52 76
22 77
24 77
45 77
47 77
50 77
72 77
0 78
9 78
10 78
15 78
20 78
32 78
44 78
47 78
67 78
71 78
0 79
4 79
11 79
33 79
40 79
47 79
13 80
32 80
34 80
38 80
39 80
43 80
52 80
67 80
69 80
79 80
24 81
26 81
36 81
49 81
60 81
66 81
75 81
79 81
0 82
9 82
23 82
41 82
47 82
48 82
66 82
77 82
7 83
34 83
40 83
43 83
50 83
65 83
66 83
68 83
35 84
37 84
42 84
46 84
61 84
70 84
6 85
37 85
43 85
58 85
77 85
7 86
24 86
26 86
44 86
49 86
55 86
64 86
78 86
83 86
7 87
16 87
17 87
21 87
24 87
30 87
37 87
41 87
47 87
50 87
55 87
59 87
63 87
73 87
10 88
19 88
36 88
45 88
51 88
54 88
58 88
60 88
62 88
78 88
79 88
82 88
12 89
14 89
22 89
35 89
58 89
59 89
69 89
70 89
71 89
75 89
0 90
3 90
15 90
36 90
37 90
44 90
45 90
46 90
48 90
70 90
87 90
89 90
50 91
81 91
22 92
23 92
26 92
41 92
43 92
48 92
60 92
66 92
86 92
87 92
3 93
4 93
14 93
15 93
28 93
38 93
41 93
71 93
4 94
6 94
12 94
32 94
36 94
44 94
61 94
63 94
65 94
71 94
73 94
83 94
91 94
16 95
31 95
41 95
58 95
72 95
73 95
87 95
92 95
15 96
32 96
33 96
66 96
25 97
41 97
57 97
58 97
59 97
72 97
78 97
6 98
11 98
15 98
17 98
21 98
37 98
71 98
87 98
92 98
2 99
8 99
10 99
17 99
27 99
34 99
41 99
52 99
59 99
64 99
73 99
79 99
83 99
85 99
13 100
24 100
72 100
75 100
77 100
79 100
95 100
8 101
19 101
28 101
35 101
45 101
74 101
83 101
90 101
7 102
8 102
11 102
22 102
25 102
26 102
29 102
39 102
40 102
44 102
63 102
83 102
91 102
92 102
1 103
8 103
18 103
33 103
36 103
46 103
65 103
67 103
85 103
2 104
13 104
15 104
23 104
27 104
29 104
35 104
39 104
40 104
49 104
64 104
70 104
9 105
14 105
28 105
31 105
38 105
41 105
45 105
50 105
62 105
63 105
69 105
71 105
93 105
7 106
17 106
22 106
44 106
45 106
50 106
54 106
75 106
76 106
82 106
89 106
99 106
12 107
18 107
19 107
22 107
37 107
41 107
43 107
63 107
65 107
69 107
71 107
76 107
83 107
89 107
103 107
27 108
40 108
58 108
59 108
74 108
94 108
0 109
7 109
15 109
23 109
24 109
32 109
52 109
58 109
81 109
89 109
91 109
95 109
96 109
98 109
1 110
26 110
29 110
47 110
68 110
83 110
91 110
0 111
5 111
20 111
43 111
84 111
101 111
10 112
39 112
61 112
73 112
3 113
7 113
10 113
22 113
27 113
56 113
64 113
75 113
79 113
87 113
88 113
89 113
93 113
110 113
26 114
28 114
32 114
47 114
56 114
84 114
94 114
8 115
58 115
78 115
102 115
0 116
2 116
4 116
6 116
41 116
59 116
63 116
82 116
84 116
98 116
99 116
100 116
15 117
34 117
44 117
46 117
53 117
64 117
65 117
66 117
67 117
73 117
98 117
101 117
102 117
0 118
4 118
15 118
19 118
26 118
62 118
73 118
78 118
103 118
106 118
111 118
115 118
117 118
5 119
6 119
8 119
9 119
23 119
24 119
45 119
52 119
56 119
57 119
75 119
80 119
88 119
92 119
103 119
20 120
35 120
36 120
44 120
51 120
66 120
72 120
76 120
92 120
99 120
111 120
115 120
118 120
119 120
9 121
10 121
24 121
31 121
35 121
37 121
39 121
42 121
51 121
61 121
67 121
78 121
87 121
91 121
92 121
97 121
9 122
28 122
30 122
39 122
67 122
86 122
103 122
117 122
119 122
10 123
23 123
25 123
71 123
73 123
75 123
83 123
88 123
89 123
98 123
110 123
11 124
64 124
87 124
89 124
91 124
11 125
31 125
40 125
48 125
52 125
56 125
57 125
64 125
65 125
68 125
77 125
84 125
88 125
89 125
90 125
111 125
112 125
0 126
3 126
29 126
36 126
44 126
49 126
82 126
4 127
28 127
49 127
66 127
69 127
70 127
77 127
82 127
105 127
111 127
124 127
7 128
9 128
27 128
34 128
37 128
42 128
53 128
74 128
103 128
127 128
4 129
5 129
7 129
37 129
73 129
79 129
85 129
99 129
103 129
123 129
5 130
8 130
11 130
15 130
20 130
23 130
34 130
41 130
46 130
69 130
71 130
74 130
81 130
95 130
98 130
104 130
109 130
113 130
7 131
32 131
44 131
47 131
52 131
110 131
119 131
122 131
125 131
7 132
11 132
35 132
47 132
49 132
71 132
73 132
89 132
98 132
101 132
102 132
107 132
115 132
7 133
24 133
51 133
73 133
105 133
107 133
115 133
117 133
127 133
49 134
52 134
63 134
92 134
104 134
105 134
110 134
112 134
2 135
8 135
21 135
29 135
32 135
36 135
44 135
57 135
132 135
2 136
15 136
17 136
20 136
48 136
84 136
116 136
126 136
1 137
19 137
25 137
30 137
38 137
49 137
60 137
68 137
99 137
109 137
121 137
5 138
23 138
36 138
43 138
45 138
67 138
70 138
80 138
89 138
106 138
112 138
126 138
5 139
18 139
22 139
61 139
70 139
91 139
92 139
93 139
111 139
118 139
122 139
124 139
134 139
2 140
3 140
22 140
49 140
55 140
99 140
105 140
107 140
108 140
114 140
1 141
10 141
32 141
38 141
40 141
48 141
50 141
57 141
58 141
67 141
91 141
94 141
107 141
110 141
126 141
129 141
46 142
54 142
63 142
68 142
70 142
72 142
96 142
100 142
113 142
116 142
126 142
8 143
12 143
13 143
14 143
29 143
44 143
47 143
50 143
64 143
75 143
79 143
81 143
99 143
104 143
110 143
122 143
125 143
137 143
49 144
61 144
63 144
65 144
71 144
82 144
84 144
113 144
118 144
125 144
130 144
1 145
8 145
36 145
40 145
43 145
44 145
47 145
49 145
63 145
112 145
130 145
133 145
137 145
14 146
19 146
48 146
54 146
62 146
71 146
101 146
102 146
110 146
120 146
4 147
16 147
26 147
86 147
104 147
112 147
119 147
129 147
135 147
142 147
144 147
1 148
5 148
8 148
15 148
40 148
47 148
50 148
58 148
62 148
65 148
66 148
67 148
82 148
97 148
98 148
108 148
114 148
130 148
16 149
30 149
41 149
51 149
56 149
69 149
77 149
82 149
85 149
107 149
125 149
131 149
134 149
136 149
138 149
146 149
148 149
9 150
18 150
19 150
20 150
33 150
42 150
47 150
52 150
58 150
65 150
74 150
87 150
88 150
96 150
98 150
121 150
123 150
142 150
146 150
1 151
6 151
7 151
47 151
59 151
62 151
80 151
86 151
101 151
102 151
107 151
108 151
117 151
126 151
129 151
140 151
148 151
149 151
3 152
6 152
7 152
9 152
13 152
22 152
35 152
50 152
74 152
84 152
86 152
92 152
108 152
112 152
116 152
130 152
139 152
21 153
28 153
31 153
33 153
42 153
66 153
70 153
106 153
107 153
124 153
136 153
148 153
12 154
28 154
39 154
52 154
57 154
62 154
71 154
82 154
85 154
116 154
121 154
122 154
125 154
129 154
133 154
10 155
51 155
54 155
72 155
75 155
84 155
105 155
108 155
109 155
118 155
129 155
132 155
1 156
16 156
25 156
32 156
35 156
37 156
53 156
64 156
68 156
76 156
108 156
126 156
128 156
147 156
149 156
4 157
5 157
8 157
17 157
18 157
20 157
21 157
27 157
28 157
44 157
47 157
57 157
65 157
72 157
85 157
111 157
148 157
155 157
5 158
7 158
12 158
23 158
36 158
38 158
48 158
51 158
55 158
92 158
104 158
112 158
123 158
130 158
151 158
153 158
23 159
32 159
52 159
74 159
126 159
135 159
146 159
151 159
152 159
0 160
5 160
7 160
23 160
30 160
42 160
48 160
82 160
106 160
107 160
113 160
132 160
146 160
154 160
6 161
8 161
19 161
23 161
33 161
55 161
62 161
64 161
74 161
83 161
89 161
122 161
10 162
24 162
61 162
62 162
64 162
69 162
92 162
118 162
120 162
136 162
142 162
149 162
151 162
154 162
159 162
8 163
12 163
56 163
64 163
69 163
79 163
83 163
104 163
111 163
122 163
128 163
139 163
142 163
147 163
162 163
5 164
10 164
17 164
21 164
30 164
35 164
49 164
55 164
57 164
64 164
67 164
78 164
99 164
116 164
131 164
143 164
144 164
19 165
25 165
27 165
51 165
52 165
59 165
73 165
76 165
78 165
79 165
80 165
85 165
100 165
115 165
127 165
140 165
154 165
1 166
12 166
21 166
29 166
58 166
78 166
86 166
89 166
109 166
121 166
125 166
156 166
159 166
164 166
23 167
43 167
51 167
58 167
59 167
81 167
91 167
94 167
108 167
112 167
123 167
127 167
138 167
139 167
147 167
0 168
5 168
38 168
59 168
63 168
92 168
99 168
103 168
105 168
106 168
115 168
120 168
127 168
133 168
135 168
154 168
158 168
0 169
4 169
27 169
35 169
37 169
40 169
45 169
58 169
59 169
73 169
85 169
88 169
95 169
105 169
152 169
5 170
16 170
22 170
40 170
45 170
49 170
71 170
78 170
79 170
82 170
84 170
94 170
105 170
110 170
114 170
125 170
141 170
2 171
12 171
43 171
80 171
87 171
106 171
112 171
124 171
143 171
164 171
4 172
54 172
59 172
66 172
68 172
76 172
81 172
91 172
118 172
126 172
140 172
143 172
148 172
151 172
160 172
2 173
3 173
8 173
36 173
59 173
63 173
79 173
113 173
129 173
143 173
150 173
34 174
44 174
68 174
77 174
83 174
90 174
100 174
102 174
109 174
128 174
129 174
138 174
144 174
15 175
22 175
37 175
70 175
72 175
75 175
77 175
98 175
99 175
114 175
122 175
132 175
145 175
169 175
172 175
2 176
7 176
14 176
16 176
28 176
37 176
70 176
86 176
144 176
145 176
148 176
149 176
151 176
153 176
155 176
160 176
0 177
13 177
36 177
39 177
61 177
65 177
78 177
95 177
97 177
134 177
141 177
143 177
157 177
25 178
30 178
47 178
60 178
66 178
73 178
93 178
98 178
107 178
114 178
117 178
119 178
120 178
152 178
159 178
174 178
176 178
24 179
47 179
90 179
95 179
100 179
105 179
108 179
119 179
121 179
167 179
168 179
173 179
21 180
22 180
58 180
72 180
81 180
83 180
115 180
121 180
124 180
160 180
7 181
8 181
21 181
27 181
38 181
43 181
47 181
60 181
65 181
83 181
90 181
93 181
101 181
126 181
127 181
140 181
144 181
152 181
8 182
12 182
14 182
40 182
58 182
67 182
70 182
81 182
89 182
100 182
115 182
120 182
136 182
139 182
1 183
5 183
9 183
29 183
31 183
49 183
51 183
54 183
63 183
76 183
77 183
78 183
81 183
99 183
108 183
124 183
125 183
144 183
146 183
156 183
159 183
167 183
173 183
174 183
15 184
19 184
32 184
45 184
66 184
83 184
86 184
89 184
92 184
97 184
106 184
107 184
128 184
163 184
169 184
178 184
5 185
11 185
22 185
33 185
50 185
61 185
66 185
76 185
78 185
80 185
85 185
104 185
109 185
122 185
135 185
137 185
172 185
173 185
176 185
3 186
20 186
32 186
51 186
62 186
65 186
83 186
111 186
118 186
139 186
158 186
161 186
162 186
167 186
170 186
172 186
183 186
4 187
9 187
17 187
33 187
39 187
40 187
43 187
48 187
76 187
80 187
83 187
127 187
139 187
145 187
158 187
160 187
171 187
181 187
183 187
45 188
57 188
99 188
102 188
105 188
131 188
133 188
150 188
152 188
159 188
172 188
176 188
177 188
180 188
5 189
9 189
23 189
29 189
33 189
48 189
51 189
52 189
57 189
81 189
82 189
84 189
88 189
97 189
105 189
117 189
136 189
137 189
167 189
177 189
186 189
6 190
29 190
53 190
82 190
85 190
94 190
96 190
97 190
112 190
114 190
120 190
142 190
14 191
52 191
72 191
74 191
94 191
109 191
111 191
133 191
155 191
174 191
189 191
3 192
4 192
24 192
44 192
48 192
73 192
74 192
95 192
96 192
108 192
111 192
113 192
114 192
116 192
126 192
128 192
129 192
135 192
142 192
155 192
3 193
16 193
17 193
43 193
47 193
58 193
65 193
86 193
107 193
121 193
124 193
131 193
132 193
135 193
159 193
165 193
5 194
20 194
39 194
57 194
68 194
71 194
87 194
103 194
108 194
164 194
169 194
171 194
174 194
5 195
18 195
20 195
22 195
25 195
26 195
30 195
61 195
62 195
63 195
64 195
92 195
132 195
133 195
150 195
155 195
161 195
163 195
168 195
183 195
188 195
191 195
10 196
40 196
41 196
54 196
88 196
103 196
107 196
117 196
124 196
125 196
128 196
135 196
139 196
140 196
186 196
11 197
30 197
41 197
47 197
72 197
74 197
81 197
92 197
95 197
111 197
119 197
120 197
146 197
157 197
170 197
186 197
187 197
194 197
10 198
21 198
25 198
26 198
50 198
51 198
53 198
55 198
61 198
78 198
94 198
100 198
111 198
112 198
115 198
116 198
126 198
141 198
162 198
163 198
180 198
17 199
39 199
47 199
53 199
75 199
81 199
86 199
123 199
151 199
163 199
165 199
189 199
193 199
1 200
2 200
6 200
14 200
15 200
20 200
36 200
71 200
101 200
106 200
109 200
114 200
116 200
117 200
139 200
144 200
161 200
164 200
185 200
192 200
2 201
6 201
30 201
51 201
54 201
89 201
101 201
103 201
115 201
122 201
128 201
130 201
147 201
157 201
163 201
200 201
1 202
8 202
38 202
40 202
42 202
61 202
66 202
80 202
83 202
85 202
98 202
101 202
102 202
107 202
111 202
112 202
127 202
136 202
140 202
159 202
161 202
167 202
173 202
174 202
180 202
7 203
16 203
29 203
30 203
40 203
60 203
68 203
91 203
109 203
111 203
116 203
120 203
121 203
137 203
145 203
176 203
180 203
185 203
189 203
0 204
1 204
9 204
56 204
60 204
67 204
76 204
99 204
118 204
125 204
126 204
132 204
138 204
146 204
147 204
155 204
188 204
199 204
10 205
15 205
32 205
50 205
52 205
60 205
62 205
67 205
69 205
70 205
87 205
110 205
113 205
130 205
161 205
163 205
180 205
192 205
197 205
199 205
202 205
203 205
23 206
25 206
48 206
54 206
57 206
58 206
77 206
80 206
85 206
90 206
95 206
96 206
100 206
105 206
126 206
157 206
161 206
179 206
181 206
190 206
196 206
204 206
2 207
10 207
15 207
23 207
25 207
32 207
38 207
44 207
65 207
70 207
80 207
96 207
102 207
106 207
121 207
132 207
138 207
143 207
147 207
167 207
168 207
13 208
46 208
63 208
68 208
74 208
87 208
94 208
97 208
100 208
101 208
105 208
109 208
112 208
126 208
133 208
152 208
157 208
163 208
172 208
174 208
187 208
2 209
5 209
16 209
23 209
31 209
35 209
71 209
73 209
91 209
118 209
129 209
133 209
142 209
144 209
151 209
166 209
171 209
181 209
182 209
196 209
12 210
19 210
23 210
66 210
72 210
78 210
114 210
137 210
185 210
198 210
1 211
6 211
24 211
33 211
36 211
42 211
43 211
48 211
75 211
78 211
95 211
96 211
97 211
110 211
122 211
136 211
149 211
154 211
157 211
159 211
163 211
174 211
187 211
188 211
197 211
202 211
13 212
29 212
37 212
38 212
42 212
50 212
63 212
82 212
98 212
99 212
105 212
111 212
129 212
143 212
150 212
151 212
155 212
172 212
184 212
203 212
211 212
0 213
8 213
13 213
43 213
48 213
60 213
70 213
78 213
94 213
97 213
110 213
118 213
136 213
142 213
153 213
160 213
163 213
169 213
172 213
189 213
199 213
7 214
21 214
26 214
31 214
39 214
40 214
56 214
63 214
73 214
119 214
128 214
137 214
142 214
145 214
152 214
158 214
191 214
18 215
26 215
29 215
76 215
78 215
87 215
91 215
93 215
96 215
108 215
115 215
121 215
133 215
137 215
138 215
141 215
154 215
172 215
175 215
188 215
189 215
195 215
3 216
4 216
36 216
77 216
80 216
91 216
92 216
96 216
125 216
129 216
137 216
147 216
151 216
152 216
155 216
162 216
164 216
180 216
182 216
185 216
198 216
211 216
13 217
14 217
23 217
24 217
38 217
63 217
73 217
101 217
103 217
108 217
114 217
115 217
117 217
127 217
130 217
136 217
145 217
159 217
160 217
169 217
171 217
177 217
195 217
201 217
214 217
3 218
4 218
29 218
47 218
58 218
60 218
63 218
75 218
85 218
95 218
97 218
98 218
107 218
126 218
133 218
136 218
144 218
159 218
175 218
190 218
201 218
207 218
216 218
0 219
20 219
34 219
35 219
37 219
41 219
50 219
51 219
53 219
55 219
58 219
62 219
88 219
90 219
104 219
115 219
117 219
139 219
140 219
145 219
152 219
159 219
164 219
174 219
193 219
199 219
212 219
217 219
8 220
20 220
27 220
47 220
48 220
63 220
69 220
75 220
80 220
103 220
117 220
126 220
129 220
130 220
136 220
149 220
168 220
169 220
191 220
196 220
201 220
208 220
1 221
41 221
57 221
58 221
77 221
84 221
88 221
96 221
106 221
120 221
121 221
129 221
136 221
139 221
155 221
164 221
167 221
172 221
178 221
180 221
187 221
189 221
200 221
4 222
8 222
73 222
103 222
112 222
139 222
144 222
147 222
157 222
170 222
173 222
181 222
182 222
183 222
188 222
208 222
211 222
0 223
5 223
12 223
29 223
30 223
38 223
72 223
77 223
91 223
93 223
105 223
107 223
121 223
128 223
141 223
147 223
152 223
163 223
179 223
181 223
191 223
198 223
206 223
216 223
10 224
13 224
14 224
16 224
18 224
26 224
53 224
70 224
80 224
86 224
90 224
97 224
107 224
109 224
125 224
142 224
145 224
163 224
181 224
201 224
207 224
210 224
218 224
220 224
3 225
8 225
35 225
43 225
52 225
54 225
55 225
60 225
66 225
74 225
81 225
86 225
104 225
109 225
112 225
117 225
124 225
125 225
128 225
135 225
147 225
151 225
154 225
155 225
182 225
192 225
211 225
224 225
5 226
7 226
26 226
48 226
49 226
52 226
53 226
59 226
61 226
89 226
111 226
113 226
115 226
137 226
141 226
171 226
180 226
182 226
201 226
208 226
213 226
10 227
30 227
31 227
32 227
34 227
55 227
86 227
89 227
90 227
92 227
97 227
108 227
109 227
112 227
115 227
116 227
117 227
127 227
130 227
138 227
165 227
171 227
185 227
0 228
22 228
23 228
30 228
33 228
39 228
68 228
82 228
91 228
100 228
110 228
118 228
120 228
122 228
152 228
155 228
184 228
187 228
190 228
202 228
204 228
211 228
217 228
222 228
7 229
23 229
25 229
30 229
39 229
58 229
60 229
64 229
66 229
82 229
104 229
116 229
121 229
123 229
126 229
127 229
132 229
143 229
151 229
155 229
189 229
198 229
204 229
213 229
219 229
223 229
22 230
27 230
31 230
35 230
41 230
62 230
67 230
72 230
79 230
84 230
100 230
113 230
132 230
138 230
143 230
192 230
194 230
197 230
198 230
207 230
209 230
213 230
223 230
5 231
10 231
15 231
19 231
23 231
39 231
54 231
56 231
68 231
76 231
83 231
133 231
142 231
143 231
145 231
154 231
179 231
201 231
202 231
214 231
216 231
5 232
6 232
7 232
16 232
29 232
30 232
45 232
61 232
65 232
70 232
86 232
101 232
107 232
110 232
117 232
128 232
133 232
140 232
155 232
156 232
160 232
165 232
171 232
206 232
211 232
23 233
38 233
39 233
41 233
45 233
58 233
68 233
135 233
138 233
154 233
162 233
166 233
178 233
183 233
190 233
207 233
209 233
231 233
5 234
11 234
26 234
30 234
34 234
46 234
51 234
63 234
73 234
79 234
83 234
102 234
104 234
112 234
135 234
139 234
150 234
159 234
160 234
162 234
176 234
203 234
216 234
217 234
0 235
8 235
13 235
20 235
30 235
36 235
39 235
46 235
59 235
93 235
98 235
128 235
129 235
134 235
138 235
145 235
172 235
181 235
182 235
201 235
213 235
218 235
234 235
32 236
42 236
46 236
50 236
61 236
92 236
95 236
100 236
101 236
104 236
113 236
120 236
151 236
157 236
167 236
170 236
190 236
199 236
211 236
227 236
9 237
25 237
28 237
81 237
96 237
99 237
115 237
173 237
178 237
180 237
181 237
190 237
191 237
198 237
200 237
204 237
207 237
209 237
226 237
235 237
10 238
12 238
20 238
26 238
27 238
29 238
32 238
41 238
61 238
76 238
77 238
81 238
83 238
92 238
98 238
115 238
118 238
132 238
143 238
169 238
177 238
178 238
180 238
182 238
183 238
198 238
200 238
209 238
210 238
218 238
219 238
226 238
233 238
29 239
31 239
39 239
41 239
53 239
54 239
60 239
65 239
70 239
81 239
108 239
111 239
114 239
120 239
121 239
143 239
151 239
169 239
180 239
187 239
188 239
192 239
194 239
206 239
218 239
224 239
0 240
7 240
12 240
21 240
24 240
28 240
37 240
65 240
72 240
109 240
136 240
160 240
171 240
172 240
178 240
187 240
191 240
198 240
201 240
204 240
210 240
214 240
217 240
219 240
3 241
36 241
47 241
66 241
102 241
109 241
110 241
134 241
143 241
169 241
177 241
224 241
227 241
238 241
240 241
8 242
20 242
28 242
32 242
57 242
61 242
67 242
69 242
88 242
93 242
134 242
143 242
147 242
176 242
180 242
199 242
203 242
215 242
224 242
7 243
14 243
22 243
28 243
38 243
43 243
46 243
50 243
59 243
80 243
88 243
102 243
125 243
155 243
187 243
188 243
200 243
210 243
239 243
9 244
15 244
22 244
43 244
50 244
78 244
89 244
91 244
94 244
97 244
119 244
122 244
169 244
175 244
178 244
181 244
201 244
210 244
5 245
19 245
23 245
26 245
35 245
39 245
41 245
44 245
54 245
58 245
110 245
123 245
131 245
135 245
160 245
161 245
164 245
178 245
179 245
190 245
194 245
206 245
223 245
228 245
230 245
232 245
233 245
240 245
244 245
6 246
28 246
37 246
99 246
103 246
129 246
131 246
140 246
141 246
160 246
163 246
171 246
178 246
185 246
188 246
194 246
237 246
35 247
49 247
57 247
66 247
85 247
88 247
89 247
91 247
103 247
140 247
145 247
151 247
168 247
170 247
173 247
174 247
177 247
193 247
195 247
219 247
237 247
4 248
14 248
15 248
17 248
27 248
35 248
40 248
64 248
114 248
119 248
124 248
130 248
139 248
140 248
147 248
172 248
174 248
183 248
207 248
208 248
215 248
219 248
223 248
241 248
247 248
6 249
17 249
25 249
32 249
35 249
43 249
51 249
78 249
83 249
101 249
118 249
128 249
167 249
168 249
172 249
203 249
206 249
235 249
241 249
26 250
32 250
58 250
64 250
66 250
77 250
93 250
95 250
114 250
118 250
130 250
159 250
168 250
172 250
180 250
206 250
217 250
246 250
12 251
22 251
25 251
30 251
44 251
45 251
50 251
69 251
72 251
80 251
100 251
102 251
111 251
116 251
117 251
122 251
157 251
195 251
213 251
230 251
233 251
240 251
243 251
250 251
4 252
15 252
18 252
24 252
36 252
41 252
52 252
61 252
64 252
68 252
87 252
91 252
93 252
99 252
109 252
122 252
128 252
145 252
152 252
158 252
162 252
166 252
181 252
196 252
200 252
212 252
248 252
10 253
28 253
36 253
45 253
61 253
76 253
80 253
112 253
116 253
119 253
140 253
156 253
175 253
177 253
189 253
199 253
203 253
204 253
208 253
219 253
220 253
221 253
223 253
233 253
238 253
15 254
17 254
34 254
36 254
48 254
60 254
101 254
108 254
115 254
143 254
144 254
145 254
148 254
159 254
175 254
190 254
206 254
212 254
239 254
243 254
246 254
248 254
249 254
250 254
253 254
9 255
12 255
22 255
33 255
45 255
48 255
74 255
75 255
82 255
83 255
98 255
99 255
100 255
102 255
104 255
111 255
195 255
212 255
220 255
233 255
241 255
243 255
11 256
23 256
31 256
36 256
37 256
41 256
45 256
46 256
60 256
68 256
75 256
78 256
84 256
100 256
110 256
122 256
144 256
150 256
154 256
164 256
182 256
187 256
194 256
198 256
233 256
0 257
1 257
17 257
31 257
36 257
46 257
50 257
51 257
52 257
58 257
63 257
65 257
77 257
82 257
91 257
99 257
107 257
112 257
118 257
124 257
131 257
141 257
147 257
150 257
157 257
158 257
188 257
223 257
226 257
239 257
255 257
5 258
22 258
25 258
29 258
33 258
39 258
44 258
49 258
59 258
78 258
91 258
94 258
124 258
139 258
142 258
143 258
144 258
146 258
149 258
182 258
186 258
188 258
194 258
211 258
221 258
222 258
223 258
224 258
238 258
256 258
42 259
67 259
104 259
107 259
135 259
137 259
144 259
147 259
151 259
156 259
158 259
160 259
161 259
172 259
190 259
206 259
209 259
219 259
227 259
246 259
257 259
11 260
40 260
54 260
75 260
82 260
86 260
97 260
100 260
112 260
130 260
134 260
142 260
143 260
147 260
154 260
163 260
186 260
199 260
210 260
211 260
220 260
239 260
259 260
23 261
28 261
38 261
45 261
54 261
77 261
90 261
108 261
112 261
113 261
126 261
130 261
132 261
138 261
145 261
148 261
149 261
169 261
173 261
182 261
188 261
195 261
205 261
214 261
218 261
220 261
221 261
242 261
4 262
10 262
32 262
80 262
82 262
120 262
151 262
154 262
189 262
207 262
218 262
230 262
241 262
243 262
14 263
26 263
27 263
41 263
53 263
66 263
68 263
70 263
76 263
86 263
99 263
102 263
109 263
110 263
112 263
113 263
136 263
138 263
140 263
146 263
149 263
151 263
174 263
224 263
229 263
230 263
250 263
253 263
262 263
12 264
15 264
24 264
71 264
73 264
81 264
111 264
124 264
126 264
137 264
138 264
164 264
166 264
167 264
168 264
170 264
183 264
194 264
211 264
218 264
221 264
226 264
227 264
232 264
240 264
243 264
252 264
255 264
7 265
12 265
14 265
84 265
94 265
97 265
113 265
122 265
132 265
134 265
141 265
143 265
153 265
180 265
223 265
244 265
264 265
18 266
26 266
66 266
82 266
89 266
98 266
106 266
107 266
110 266
125 266
126 266
155 266
170 266
185 266
188 266
202 266
212 266
216 266
230 266
234 266
238 266
245 266
246 266
250 266
254 266
264 266
1 267
3 267
8 267
9 267
10 267
34 267
83 267
99 267
100 267
127 267
133 267
156 267
185 267
212 267
219 267
242 267
243 267
249 267
262 267
0 268
17 268
18 268
29 268
35 268
37 268
70 268
77 268
124 268
132 268
134 268
142 268
144 268
153 268
155 268
156 268
160 268
161 268
165 268
181 268
228 268
238 268
242 268
24 269
55 269
56 269
71 269
85 269
88 269
92 269
102 269
125 269
161 269
166 269
181 269
188 269
193 269
197 269
213 269
219 269
221 269
227 269
229 269
232 269
235 269
245 269
258 269
263 269
265 269
6 270
8 270
14 270
15 270
23 270
27 270
36 270
42 270
47 270
69 270
72 270
75 270
77 270
85 270
88 270
91 270
96 270
101 270
106 270
107 270
124 270
149 270
165 270
175 270
198 270
204 270
207 270
212 270
230 270
249 270
11 271
13 271
41 271
46 271
62 271
80 271
86 271
89 271
90 271
97 271
107 271
110 271
112 271
122 271
154 271
156 271
158 271
179 271
183 271
184 271
192 271
215 271
216 271
217 271
226 271
227 271
231 271
232 271
253 271
261 271
4 272
22 272
26 272
44 272
47 272
87 272
122 272
124 272
127 272
139 272
142 272
145 272
150 272
151 272
156 272
157 272
159 272
184 272
185 272
197 272
202 272
210 272
231 272
233 272
234 272
236 272
240 272
263 272
12 273
16 273
18 273
30 273
33 273
37 273
40 273
49 273
54 273
57 273
61 273
66 273
70 273
79 273
81 273
97 273
113 273
117 273
134 273
153 273
155 273
161 273
169 273
174 273
181 273
197 273
222 273
230 273
246 273
251 273
254 273
265 273
2 274
19 274
21 274
33 274
37 274
44 274
58 274
68 274
73 274
80 274
87 274
122 274
123 274
153 274
155 274
167 274
192 274
198 274
213 274
234 274
247 274
264 274
266 274
15 275
25 275
36 275
44 275
52 275
65 275
66 275
74 275
80 275
111 275
120 275
128 275
134 275
135 275
141 275
142 275
159 275
177 275
189 275
202 275
213 275
216 275
237 275
243 275
249 275
266 275
269 275
270 275
15 276
30 276
42 276
45 276
71 276
85 276
96 276
101 276
107 276
109 276
112 276
118 276
127 276
135 276
150 276
172 276
186 276
198 276
206 276
210 276
233 276
250 276
256 276
260 276
8 277
20 277
27 277
69 277
72 277
77 277
88 277
89 277
106 277
109 277
119 277
128 277
130 277
153 277
155 277
172 277
186 277
190 277
196 277
209 277
213 277
223 277
225 277
233 277
3 278
4 278
12 278
19 278
33 278
47 278
55 278
70 278
74 278
77 278
98 278
104 278
109 278
128 278
180 278
208 278
215 278
217 278
227 278
230 278
250 278
262 278
270 278
271 278
13 279
18 279
24 279
32 279
42 279
43 279
45 279
58 279
79 279
93 279
94 279
95 279
99 279
111 279
124 279
130 279
162 279
164 279
176 279
187 279
214 279
221 279
222 279
237 279
245 279
256 279
264 279
278 279
21 280
70 280
75 280
76 280
77 280
98 280
100 280
105 280
109 280
139 280
146 280
149 280
150 280
151 280
162 280
179 280
180 280
182 280
183 280
205 280
215 280
219 280
236 280
247 280
255 280
267 280
272 280
10 281
31 281
32 281
45 281
55 281
68 281
80 281
82 281
84 281
85 281
86 281
100 281
110 281
121 281
123 281
129 281
140 281
141 281
154 281
162 281
186 281
190 281
194 281
196 281
202 281
205 281
211 281
215 281
216 281
223 281
225 281
228 281
243 281
245 281
247 281
259 281
271 281
2 282
16 282
21 282
25 282
27 282
59 282
64 282
72 282
78 282
92 282
94 282
98 282
114 282
118 282
125 282
131 282
135 282
137 282
142 282
160 282
193 282
211 282
216 282
219 282
223 282
248 282
254 282
269 282
271 282
273 282
279 282
9 283
21 283
30 283
46 283
65 283
70 283
79 283
81 283
100 283
101 283
142 283
175 283
189 283
214 283
219 283
224 283
230 283
236 283
241 283
254 283
269 283
275 283
282 283
1 284
4 284
8 284
54 284
63 284
99 284
104 284
107 284
148 284
153 284
158 284
165 284
171 284
199 284
201 284
202 284
207 284
242 284
262 284
267 284
278 284
5 285
30 285
35 285
46 285
62 285
98 285
102 285
104 285
124 285
172 285
173 285
187 285
199 285
207 285
215 285
223 285
226 285
228 285
242 285
246 285
266 285
278 285
0 286
6 286
16 286
20 286
29 286
50 286
55 286
59 286
60 286
75 286
103 286
144 286
161 286
169 286
180 286
210 286
211 286
224 286
236 286
255 286
261 286
282 286
4 287
51 287
69 287
76 287
81 287
83 287
87 287
113 287
115 287
128 287
132 287
169 287
187 287
202 287
205 287
209 287
224 287
234 287
237 287
255 287
256 287
277 287
22 288
32 288
42 288
55 288
60 288
99 288
108 288
124 288
127 288
130 288
134 288
140 288
141 288
151 288
161 288
172 288
188 288
218 288
256 288
269 288
278 288
287 288
0 289
11 289
14 289
18 289
27 289
28 289
30 289
32 289
33 289
36 289
45 289
51 289
55 289
65 289
73 289
78 289
100 289
106 289
115 289
130 289
131 289
134 289
141 289
157 289
158 289
162 289
173 289
180 289
213 289
227 289
237 289
244 289
273 289
277 289
43 290
52 290
57 290
59 290
72 290
93 290
102 290
118 290
145 290
149 290
171 290
181 290
197 290
207 290
209 290
214 290
219 290
221 290
231 290
233 290
242 290
246 290
252 290
262 290
281 290
285 290
287 290
0 291
14 291
21 291
28 291
31 291
40 291
51 291
60 291
65 291
74 291
97 291
104 291
152 291
155 291
157 291
163 291
165 291
171 291
176 291
188 291
191 291
199 291
225 291
228 291
244 291
245 291
256 291
257 291
265 291
267 291
274 291
281 291
283 291
15 292
42 292
44 292
45 292
64 292
88 292
114 292
121 292
131 292
148 292
154 292
161 292
164 292
174 292
181 292
191 292
200 292
219 292
220 292
222 292
242 292
249 292
256 292
267 292
7 293
23 293
27 293
38 293
78 293
98 293
114 293
115 293
133 293
166 293
171 293
182 293
191 293
214 293
216 293
224 293
225 293
230 293
234 293
236 293
242 293
253 293
288 293
17 294
29 294
51 294
71 294
85 294
87 294
103 294
113 294
136 294
137 294
151 294
152 294
161 294
162 294
175 294
190 294
193 294
212 294
225 294
227 294
239 294
241 294
245 294
252 294
259 294
271 294
288 294
6 295
35 295
44 295
50 295
53 295
81 295
89 295
138 295
152 295
156 295
164 295
165 295
173 295
174 295
177 295
180 295
192 295
196 295
199 295
202 295
207 295
220 295
224 295
242 295
259 295
262 295
266 295
279 295
7 296
34 296
36 296
50 296
55 296
58 296
64 296
69 296
77 296
83 296
110 296
112 296
114 296
140 296
158 296
162 296
170 296
184 296
201 296
226 296
238 296
271 296
273 296
278 296
280 296
3 297
20 297
26 297
48 297
63 297
104 297
120 297
121 297
140 297
156 297
157 297
196 297
209 297
231 297
235 297
240 297
245 297
246 297
254 297
255 297
259 297
260 297
270 297
271 297
282 297
287 297
294 297
295 297
13 298
15 298
20 298
30 298
34 298
41 298
42 298
50 298
64 298
69 298
74 298
96 298
116 298
122 298
124 298
133 298
147 298
148 298
153 298
155 298
157 298
159 298
212 298
214 298
234 298
236 298
242 298
244 298
263 298
279 298
281 298
32 299
47 299
52 299
58 299
70 299
72 299
75 299
86 299
98 299
100 299
106 299
108 299
115 299
116 299
121 299
125 299
129 299
138 299
139 299
147 299
157 299
177 299
222 299
223 299
238 299
253 299
259 299
277 299
