300 311 5
5 5 7 5 8 8 13 6 11 10 10 9 12 4 6 9 11 5 9 5 5 11 5 12 6 5 6 14 5 5 8 5 7 6 9 10 8 5 7 6 10 12 6 17 4 5 9 6 5 8 5 5 4 6 10 6 8 4 13 15 5 9 5 5 5 4 6 4 6 3 6 7 5 12 10 5 7 4 5 8 9 7 6 4 6 11 12 12 6 13 7 12 6 8 11 7 14 7 6 6 6 9 9 10 5 9 5 13 5 13 10 5 10 10 15 10 5 6 12 10 12 15 10 4 5 8 12 3 6 8 4 5 10 11 10 5 10 13 9 4 6 6 3 7 5 6 13 16 11 12 5 4 11 5 14 13 7 7 13 15 7 6 8 11 8 11 10 5 5 5 4 9 15 4 5 6 6 10 7 6 14 11 5 13 14 4 9 4 5 13 4 6 4 15 12 10 6 8 5 10 6 4 4 16 8 7 9 12 12 5 6 4 4 5 5 10 5 12 9 8 13 7 8 5 4 7 6 16 7 15 14 6 16 7 5 5 7 8 7 8 5 10 6 5 6 11 6 10 5 12 5 12 8 5 5 8 6 5 6 8 7 10 4 10 5 5 5 13 6 5 6 14 5 10 14 5 8 5 10 10 11 7 5 7 14 5 11 5 7 13 9 6 13 7 6 10 7 6 5 5
6 36
25 36
23 37
12 40
11 43
34 43
16 49
3 51
39 52
45 53
20 54
37 55
7 59
45 59
50 60
28 66
38 68
17 70
18 71
53 73
63 74
30 75
22 79
33 80
51 82
57 82
38 86
49 89
12 92
73 92
12 93
56 93
23 94
17 95
15 97
90 97
0 98
33 101
91 102
18 103
19 106
92 108
13 109
79 110
103 110
43 112
38 113
63 114
103 115
7 118
51 118
67 120
22 121
43 121
86 121
88 121
101 122
109 123
46 125
21 126
53 127
1 128
33 128
120 128
42 129
64 129
111 129
129 130
84 133
4 135
122 136
57 137
88 137
120 139
138 140
37 141
89 142
104 142
110 142
25 144
126 144
127 145
19 146
31 146
68 148
136 148
31 149
64 150
106 150
15 152
49 153
3 155
5 155
104 157
89 159
96 159
120 160
22 167
47 168
15 169
126 171
12 172
148 172
3 174
93 174
133 174
127 175
47 177
169 177
91 178
123 179
92 181
90 182
173 182
93 184
31 185
168 185
150 187
152 187
59 188
151 188
75 190
144 190
187 190
103 191
112 192
175 192
193 194
153 195
170 196
78 197
83 197
194 197
53 198
171 198
114 200
159 200
161 200
113 201
119 201
144 203
149 203
153 203
193 203
166 205
87 206
171 206
197 206
45 207
85 207
142 207
38 208
114 208
115 208
34 209
162 209
174 209
191 209
44 210
27 211
87 212
72 213
107 213
30 214
53 214
76 214
108 214
194 214
157 215
195 215
126 216
40 217
159 218
182 218
199 218
168 219
207 221
127 222
124 223
198 224
78 225
71 226
122 226
175 226
113 227
67 228
192 228
195 228
223 228
166 229
23 230
169 230
76 231
162 231
201 231
109 232
150 232
208 232
42 234
226 234
19 235
61 236
16 237
120 237
188 237
44 238
89 238
237 238
61 239
72 239
83 239
164 239
134 240
225 240
151 242
171 242
22 243
69 243
185 244
87 245
107 245
136 245
164 245
11 246
57 247
92 247
132 247
166 247
217 247
243 248
52 249
85 250
94 250
195 250
237 250
28 251
113 251
237 251
19 253
15 254
218 254
140 255
199 256
250 257
43 260
84 260
91 260
231 260
150 261
168 262
229 262
257 262
114 263
54 264
76 264
147 266
16 267
87 267
169 267
178 268
239 268
0 269
169 269
174 269
200 270
219 270
99 272
201 273
260 273
177 274
137 276
244 277
272 277
161 278
191 278
28 279
250 279
135 280
163 280
262 280
278 280
192 281
264 281
130 282
12 284
120 284
281 284
41 285
63 286
111 286
246 287
255 287
260 287
144 288
42 289
213 289
58 290
208 290
104 291
173 291
209 291
218 291
226 291
59 293
93 293
227 294
130 295
227 295
116 296
175 296
94 298
