300 2650 5
7 9 9 7 8 10 6 11 7 8 7 7 11 13 11 5 5 6 3 7 6 5 4 7 7 10 8 6 5 11 5 5 6 6 16 4 10 5 4 5 4 4 11 5 13 12 7 5 7 6 7 6 10 5 17 13 5 12 11 7 4 5 9 10 13 4 7 6 5 6 5 6 6 11 10 14 12 9 8 8 10 10 10 6 11 7 5 12 9 13 9 4 6 6 15 17 5 7 7 13 6 5 12 7 6 10 6 5 6 6 5 13 5 4 18 7 14 4 5 11 5 8 10 4 7 6 5 10 10 10 6 4 7 4 12 6 14 15 6 10 12 6 10 17 6 9 5 5 12 5 5 7 4 7 3 6 12 5 6 5 14 7 10 5 5 9 14 5 8 8 7 9 12 13 4 4 4 11 5 6 5 6 5 5 5 6 6 9 6 10 5 6 8 7 8 5 9 6 10 5 6 18 6 9 7 5 5 5 5 12 6 5 7 8 7 4 11 14 6 8 5 9 5 7 9 5 11 16 5 15 4 7 6 4 12 13 8 5 14 6 10 8 12 4 11 6 5 7 11 7 13 4 7 7 6 9 11 6 15 5 6 6 7 11 13 7 16 10 12 12 13 7 11 9 6 11 9 11 16 6 11 14 15 7 12 8 8 12 15 5 7 14 6 5 10 9 5 4 6 14
4 6
4 8
6 10
8 13
11 15
5 16
8 16
4 17
15 17
2 18
17 18
16 19
17 21
3 22
12 23
9 24
23 25
7 26
19 26
3 27
13 27
22 27
25 27
11 29
22 29
11 31
13 31
21 32
5 33
7 33
24 33
5 34
1 35
22 35
4 36
13 36
17 37
28 37
11 38
14 38
20 38
24 38
1 39
8 39
24 39
35 39
1 40
28 40
4 41
14 41
16 41
21 41
30 41
4 42
27 42
10 44
17 44
42 44
5 45
30 45
30 46
37 46
7 47
24 47
28 47
36 47
11 48
20 48
28 48
37 48
33 49
39 49
40 49
0 50
17 50
19 50
22 50
43 50
8 51
36 51
44 52
0 53
1 53
35 53
38 53
14 54
19 54
47 54
35 55
37 55
40 55
52 55
6 56
15 56
20 56
47 56
54 56
38 57
44 57
53 57
0 58
13 58
21 58
48 58
6 59
8 59
24 59
43 59
5 60
9 60
12 60
24 60
32 60
41 60
54 60
13 61
14 61
31 61
46 61
49 61
18 62
37 62
42 62
54 62
60 62
21 63
22 63
55 63
17 64
22 64
43 64
53 64
1 65
4 65
18 65
31 65
34 65
35 65
43 65
54 65
58 65
22 66
42 66
40 67
54 67
22 68
27 68
59 68
7 69
12 69
21 69
67 69
16 70
43 70
46 70
0 71
1 71
16 72
23 72
41 72
42 72
48 72
51 72
28 73
29 73
30 73
37 73
4 74
10 74
42 74
44 74
63 74
64 74
36 75
38 75
73 75
12 76
20 76
58 76
63 76
13 77
24 77
30 77
45 77
47 77
60 77
9 78
18 78
19 78
61 78
70 78
72 78
73 78
12 79
39 79
55 79
60 79
72 79
75 79
76 79
23 80
47 80
20 81
29 81
67 81
74 81
13 82
16 82
56 82
66 82
67 82
73 82
16 83
19 83
20 83
28 83
65 83
73 83
78 83
6 84
17 84
29 84
38 84
50 84
68 84
73 84
82 84
8 85
14 85
19 85
68 85
20 86
26 86
67 86
4 87
5 87
23 87
51 87
78 87
85 87
1 88
2 88
24 88
39 88
50 88
54 88
71 88
12 89
35 89
18 90
55 90
57 90
27 91
47 91
65 91
2 92
30 92
67 92
68 92
83 92
64 93
69 93
74 93
87 93
19 94
35 94
42 94
57 94
78 94
0 95
2 95
12 95
28 95
34 95
49 95
84 95
12 96
18 96
28 96
54 96
59 96
82 96
2 97
6 97
44 97
61 97
70 97
4 98
6 98
11 98
12 98
29 98
56 98
66 98
83 98
84 98
0 99
25 99
27 99
31 99
45 99
57 99
61 99
74 99
82 99
86 99
89 99
98 99
52 100
0 101
18 101
30 101
34 101
61 101
79 101
81 101
100 101
59 102
61 102
81 102
91 102
11 103
18 103
33 103
40 103
41 103
47 103
60 103
63 103
65 103
92 103
94 103
100 103
7 104
18 104
84 104
89 104
100 104
1 105
16 105
25 105
26 105
39 105
54 105
65 105
95 105
12 106
41 106
61 106
73 106
75 106
82 106
89 106
94 106
10 107
19 107
20 107
51 107
56 107
61 107
91 107
0 108
1 108
9 108
24 108
77 108
25 109
63 109
89 109
1 110
17 110
32 110
37 110
38 110
57 110
66 110
81 110
98 110
108 110
109 110
29 111
64 111
23 112
33 112
42 112
61 112
65 112
5 113
31 113
33 113
48 113
65 113
70 113
106 113
112 113
8 114
34 114
55 114
72 114
104 114
106 114
85 115
93 115
96 115
1 116
3 116
9 116
10 116
14 116
76 116
80 116
90 116
95 116
111 116
16 117
25 117
26 117
31 117
37 117
109 117
115 117
17 118
56 118
65 118
73 118
106 118
33 119
62 119
69 119
105 119
113 119
115 119
77 120
110 120
114 120
18 121
28 121
47 121
83 121
96 121
10 122
15 122
36 122
58 122
84 122
86 122
92 122
5 123
20 123
23 123
31 123
33 123
44 123
74 123
86 123
89 123
92 123
106 123
10 124
15 124
17 124
39 124
65 124
103 124
111 124
23 125
102 125
33 126
50 126
68 126
71 126
75 126
95 126
117 126
7 127
21 127
28 127
33 127
44 127
55 127
57 127
72 127
108 127
113 127
118 127
7 128
8 128
21 128
27 128
35 128
46 128
60 128
65 128
78 128
82 128
90 128
99 128
102 128
111 128
123 128
8 129
17 129
25 129
29 129
49 129
75 129
93 129
107 129
0 130
15 130
20 130
35 130
37 130
43 130
49 130
54 130
58 130
76 130
97 130
104 130
119 130
127 130
0 131
41 131
52 131
68 131
82 131
93 131
101 131
15 132
66 132
89 132
90 132
34 133
36 133
40 133
55 133
62 133
122 133
127 133
6 134
9 134
16 134
46 134
47 134
99 134
100 134
113 134
119 134
28 135
69 135
90 135
92 135
102 135
27 136
55 136
108 136
115 136
0 137
37 137
39 137
75 137
80 137
89 137
102 137
103 137
116 137
6 138
33 138
51 138
58 138
63 138
68 138
87 138
89 138
97 138
110 138
123 138
15 139
41 139
43 139
52 139
58 139
61 139
73 139
90 139
101 139
106 139
20 140
31 140
67 140
69 140
89 140
96 140
97 140
98 140
104 140
128 140
133 140
136 140
1 141
22 141
28 141
81 141
88 141
96 141
128 141
129 141
137 141
2 142
10 142
14 142
25 142
49 142
52 142
56 142
88 142
121 142
132 142
136 142
3 143
79 143
108 143
131 143
137 143
140 143
4 144
7 144
17 144
77 144
6 145
20 145
36 145
38 145
72 145
85 145
88 145
129 145
140 145
31 146
32 146
34 146
91 146
106 146
12 147
42 147
45 147
61 147
69 147
76 147
97 147
101 147
104 147
113 147
115 147
128 147
137 147
16 148
25 148
30 148
39 148
72 148
75 148
89 148
130 148
137 148
141 148
143 148
8 149
10 149
15 149
18 149
23 149
34 149
53 149
66 149
82 149
110 149
115 149
131 149
0 150
20 150
28 150
47 150
53 150
115 150
120 150
11 151
13 151
37 151
43 151
67 151
70 151
78 151
140 151
27 152
69 152
70 152
104 152
108 152
109 152
119 152
141 152
144 152
147 152
24 153
33 153
65 153
74 153
84 153
120 153
137 153
152 153
18 154
24 154
34 154
48 154
54 154
79 154
80 154
81 154
90 154
92 154
128 154
20 155
26 155
44 155
49 155
62 155
129 155
51 156
52 156
55 156
59 156
67 156
113 156
118 156
124 156
1 157
25 157
40 157
41 157
86 157
114 157
124 157
129 157
130 157
145 157
149 157
24 158
32 158
43 158
50 158
97 158
109 158
9 159
24 159
31 159
37 159
39 159
55 159
73 159
77 159
91 159
122 159
149 159
3 160
8 160
66 160
67 160
75 160
114 160
138 160
146 160
47 161
66 161
79 161
102 161
13 162
14 162
16 162
21 162
46 162
60 162
61 162
63 162
69 162
99 162
108 162
147 162
154 162
30 163
42 163
79 163
89 163
90 163
107 163
120 163
122 163
138 163
160 163
3 164
31 164
53 164
60 164
79 164
83 164
89 164
112 164
119 164
126 164
127 164
140 164
150 164
60 165
71 165
75 165
82 165
100 165
101 165
129 165
136 165
137 165
156 165
162 165
35 166
73 166
88 166
94 166
110 166
123 166
125 166
22 167
31 167
35 167
113 167
158 167
18 168
34 168
49 168
66 168
96 168
97 168
98 168
145 168
22 169
25 169
44 169
104 169
107 169
109 169
112 169
140 169
149 169
157 169
8 170
20 170
48 170
69 170
89 170
124 170
149 170
28 171
43 171
58 171
65 171
70 171
78 171
93 171
118 171
122 171
133 171
135 171
137 171
138 171
5 172
26 172
48 172
56 172
67 172
75 172
84 172
102 172
144 172
148 172
156 172
168 172
7 173
14 173
31 173
41 173
94 173
98 173
108 173
109 173
118 173
146 173
159 173
5 174
15 174
19 174
23 174
26 174
45 174
47 174
69 174
85 174
106 174
114 174
124 174
157 174
30 175
55 175
69 175
80 175
83 175
152 175
5 176
40 176
92 176
111 176
154 176
169 176
11 177
13 177
14 177
22 177
32 177
71 177
73 177
80 177
84 177
100 177
163 177
2 178
15 178
51 178
72 178
101 178
107 178
121 178
136 178
138 178
158 178
159 178
163 178
167 178
170 178
171 178
30 179
41 179
52 179
62 179
82 179
94 179
131 179
141 179
146 179
147 179
157 179
8 180
13 180
42 180
43 180
76 180
83 180
91 180
92 180
101 180
115 180
118 180
139 180
3 181
15 181
24 181
33 181
52 181
58 181
88 181
96 181
176 181
4 182
10 182
52 182
64 182
71 182
123 182
129 182
132 182
144 182
152 182
164 182
35 183
42 183
74 183
106 183
107 183
110 183
115 183
120 183
126 183
127 183
133 183
139 183
153 183
88 184
144 184
181 184
2 185
8 185
46 185
47 185
49 185
53 185
103 185
107 185
130 185
134 185
144 185
157 185
161 185
23 186
41 186
87 186
92 186
120 186
155 186
163 186
171 186
21 187
52 187
92 187
95 187
97 187
99 187
111 187
113 187
119 187
128 187
156 187
172 187
183 187
4 188
28 188
34 188
41 188
46 188
78 188
79 188
80 188
91 188
130 188
1 189
8 189
16 189
52 189
66 189
76 189
107 189
108 189
129 189
162 189
170 189
175 189
182 189
185 189
6 190
58 190
75 190
78 190
81 190
95 190
152 190
164 190
184 190
6 191
10 191
17 191
27 191
35 191
48 191
49 191
58 191
81 191
90 191
118 191
124 191
129 191
16 192
35 192
37 192
65 192
79 192
80 192
98 192
103 192
131 192
178 192
188 192
9 193
68 193
77 193
94 193
122 193
136 193
143 193
166 193
176 193
180 193
183 193
19 194
35 194
55 194
56 194
65 194
93 194
95 194
102 194
111 194
121 194
135 194
138 194
148 194
153 194
26 195
48 195
58 195
63 195
68 195
80 195
87 195
99 195
108 195
151 195
179 195
188 195
16 196
20 196
25 196
31 196
58 196
100 196
112 196
126 196
180 196
185 196
12 197
25 197
28 197
57 197
67 197
84 197
92 197
102 197
140 197
154 197
165 197
49 198
50 198
53 198
130 198
137 198
185 198
24 199
39 199
62 199
70 199
119 199
180 199
24 200
31 200
46 200
56 200
57 200
67 200
72 200
85 200
114 200
122 200
127 200
131 200
149 200
177 200
199 200
16 201
57 201
72 201
100 201
105 201
107 201
121 201
127 201
169 201
174 201
185 201
193 201
197 201
13 202
16 202
70 202
78 202
92 202
125 202
134 202
135 202
151 202
177 202
181 202
184 202
2 203
9 203
14 203
15 203
17 203
59 203
108 203
136 203
157 203
186 203
196 203
2 204
6 204
14 204
20 204
44 204
45 204
111 204
116 204
120 204
124 204
131 204
1 205
38 205
43 205
56 205
69 205
73 205
77 205
92 205
107 205
113 205
142 205
143 205
171 205
177 205
188 205
7 206
10 206
33 206
40 206
42 206
45 206
55 206
86 206
89 206
90 206
109 206
132 206
135 206
142 206
145 206
163 206
185 206
21 207
31 207
74 207
85 207
106 207
109 207
120 207
131 207
136 207
145 207
197 207
203 207
4 208
53 208
62 208
74 208
88 208
91 208
93 208
102 208
121 208
123 208
154 208
9 209
26 209
45 209
142 209
145 209
149 209
157 209
192 209
208 209
49 210
67 210
71 210
79 210
108 210
111 210
113 210
114 210
159 210
164 210
170 210
181 210
189 210
190 210
200 210
205 210
0 211
2 211
3 211
15 211
64 211
66 211
85 211
86 211
87 211
101 211
102 211
105 211
112 211
115 211
116 211
117 211
123 211
156 211
159 211
165 211
167 211
181 211
204 211
12 212
22 212
37 212
55 212
72 212
90 212
112 212
149 212
188 212
208 212
13 213
26 213
27 213
51 213
92 213
97 213
158 213
188 213
18 214
37 214
40 214
73 214
92 214
115 214
116 214
146 214
170 214
188 214
191 214
27 215
41 215
50 215
51 215
96 215
117 215
122 215
136 215
143 215
167 215
209 215
213 215
16 216
30 216
57 216
69 216
82 216
85 216
86 216
89 216
91 216
108 216
110 216
149 216
161 216
164 216
179 216
214 216
215 216
5 217
12 217
21 217
29 217
39 217
60 217
61 217
69 217
74 217
83 217
93 217
96 217
100 217
108 217
111 217
116 217
122 217
134 217
168 217
175 217
181 217
188 217
17 218
51 218
53 218
87 218
111 218
128 218
146 218
186 218
190 218
192 218
196 218
208 218
213 218
16 219
29 219
60 219
70 219
84 219
89 219
97 219
108 219
126 219
130 219
134 219
137 219
143 219
197 219
198 219
217 219
218 219
0 220
1 220
14 220
21 220
31 220
51 220
55 220
62 220
116 220
129 220
171 220
0 221
5 221
20 221
34 221
45 221
58 221
59 221
146 221
148 221
160 221
182 221
208 221
209 221
22 222
28 222
36 222
38 222
41 222
50 222
134 222
138 222
144 222
199 222
220 222
7 223
40 223
51 223
64 223
67 223
93 223
101 223
117 223
142 223
147 223
187 223
190 223
212 223
217 223
0 224
7 224
34 224
73 224
74 224
88 224
91 224
136 224
144 224
156 224
159 224
162 224
167 224
184 224
196 224
199 224
23 225
59 225
67 225
86 225
123 225
127 225
169 225
62 226
63 226
69 226
79 226
81 226
90 226
95 226
106 226
120 226
132 226
161 226
183 226
194 226
198 226
202 226
13 227
18 227
44 227
64 227
67 227
68 227
69 227
80 227
91 227
107 227
130 227
132 227
143 227
190 227
203 227
211 227
216 227
218 227
13 228
18 228
46 228
47 228
51 228
72 228
84 228
85 228
90 228
110 228
117 228
128 228
227 228
13 229
26 229
45 229
52 229
84 229
104 229
105 229
108 229
113 229
120 229
162 229
186 229
188 229
205 229
225 229
15 230
52 230
67 230
68 230
119 230
121 230
136 230
144 230
153 230
176 230
218 230
219 230
30 231
48 231
55 231
67 231
97 231
99 231
121 231
160 231
172 231
179 231
181 231
201 231
225 231
9 232
13 232
19 232
30 232
45 232
52 232
72 232
134 232
170 232
178 232
189 232
197 232
201 232
210 232
15 233
56 233
93 233
109 233
119 233
124 233
136 233
140 233
145 233
189 233
190 233
207 233
209 233
216 233
228 233
46 234
90 234
94 234
98 234
108 234
163 234
173 234
176 234
178 234
220 234
16 235
34 235
44 235
56 235
60 235
91 235
98 235
102 235
112 235
114 235
116 235
119 235
171 235
175 235
204 235
216 235
227 235
9 236
21 236
24 236
35 236
45 236
79 236
95 236
99 236
114 236
137 236
159 236
162 236
187 236
196 236
199 236
218 236
221 236
7 237
8 237
25 237
55 237
59 237
142 237
150 237
157 237
164 237
166 237
170 237
180 237
194 237
225 237
234 237
15 238
28 238
84 238
138 238
165 238
199 238
215 238
229 238
6 239
10 239
16 239
58 239
80 239
88 239
92 239
126 239
150 239
202 239
209 239
220 239
224 239
18 240
21 240
22 240
38 240
46 240
49 240
55 240
61 240
64 240
76 240
99 240
130 240
150 240
166 240
179 240
215 240
3 241
10 241
40 241
106 241
125 241
133 241
143 241
150 241
157 241
185 241
206 241
212 241
226 241
237 241
78 242
89 242
96 242
111 242
147 242
157 242
167 242
188 242
189 242
223 242
224 242
226 242
231 242
235 242
25 243
39 243
44 243
66 243
72 243
83 243
115 243
134 243
148 243
225 243
230 243
238 243
6 244
16 244
27 244
29 244
32 244
58 244
74 244
100 244
142 244
161 244
169 244
171 244
184 244
222 244
237 244
28 245
33 245
70 245
71 245
128 245
152 245
159 245
189 245
215 245
2 246
9 246
10 246
16 246
33 246
74 246
87 246
106 246
113 246
129 246
175 246
219 246
224 246
229 246
242 246
57 247
66 247
68 247
81 247
92 247
107 247
125 247
147 247
157 247
161 247
202 247
52 248
59 248
87 248
105 248
134 248
158 248
176 248
211 248
213 248
229 248
48 249
65 249
70 249
78 249
104 249
119 249
137 249
139 249
156 249
157 249
183 249
26 250
27 250
43 250
57 250
86 250
97 250
99 250
125 250
131 250
166 250
172 250
216 250
219 250
10 251
22 251
46 251
57 251
64 251
78 251
99 251
103 251
107 251
108 251
129 251
137 251
140 251
172 251
179 251
241 251
15 252
30 252
67 252
80 252
87 252
109 252
115 252
134 252
185 252
192 252
214 252
218 252
247 252
11 253
54 253
93 253
100 253
107 253
122 253
130 253
167 253
168 253
174 253
202 253
212 253
231 253
15 254
57 254
67 254
77 254
84 254
124 254
126 254
150 254
162 254
200 254
219 254
245 254
1 255
3 255
15 255
27 255
41 255
54 255
71 255
78 255
86 255
154 255
170 255
178 255
194 255
203 255
225 255
226 255
232 255
236 255
241 255
242 255
253 255
23 256
34 256
43 256
92 256
101 256
109 256
114 256
118 256
129 256
207 256
234 256
252 256
22 257
30 257
51 257
102 257
108 257
135 257
150 257
160 257
176 257
198 257
240 257
23 258
52 258
145 258
171 258
175 258
177 258
182 258
200 258
208 258
217 258
219 258
222 258
28 259
40 259
51 259
90 259
149 259
166 259
181 259
188 259
191 259
42 260
57 260
73 260
74 260
87 260
104 260
108 260
117 260
133 260
163 260
172 260
219 260
220 260
245 260
52 261
67 261
108 261
165 261
173 261
185 261
204 261
219 261
12 262
36 262
42 262
62 262
82 262
89 262
97 262
107 262
136 262
142 262
150 262
174 262
178 262
188 262
190 262
205 262
231 262
234 262
249 262
5 263
50 263
115 263
132 263
152 263
155 263
177 263
195 263
230 263
236 263
242 263
248 263
8 264
9 264
30 264
37 264
173 264
180 264
212 264
215 264
251 264
252 264
254 264
260 264
9 265
45 265
86 265
87 265
127 265
166 265
167 265
169 265
213 265
232 265
238 265
243 265
248 265
6 266
8 266
46 266
48 266
50 266
54 266
55 266
61 266
75 266
131 266
145 266
162 266
190 266
192 266
203 266
241 266
249 266
13 267
15 267
26 267
45 267
55 267
56 267
71 267
82 267
83 267
104 267
110 267
157 267
171 267
184 267
185 267
208 267
213 267
217 267
6 268
42 268
44 268
53 268
67 268
71 268
79 268
87 268
105 268
132 268
160 268
187 268
192 268
194 268
213 268
214 268
230 268
251 268
17 269
31 269
33 269
40 269
65 269
99 269
100 269
133 269
162 269
178 269
182 269
185 269
195 269
196 269
197 269
236 269
240 269
245 269
248 269
2 270
22 270
24 270
78 270
89 270
126 270
134 270
135 270
158 270
166 270
167 270
170 270
192 270
214 270
226 270
230 270
244 270
252 270
35 271
39 271
46 271
53 271
63 271
67 271
106 271
196 271
214 271
222 271
234 271
242 271
5 272
14 272
22 272
30 272
34 272
39 272
43 272
90 272
106 272
118 272
127 272
141 272
144 272
173 272
202 272
207 272
240 272
262 272
43 273
67 273
92 273
96 273
99 273
108 273
141 273
145 273
148 273
160 273
169 273
189 273
200 273
217 273
227 273
268 273
44 274
48 274
53 274
64 274
123 274
124 274
125 274
155 274
179 274
180 274
197 274
222 274
225 274
1 275
5 275
31 275
37 275
49 275
84 275
99 275
103 275
105 275
110 275
116 275
131 275
136 275
139 275
150 275
202 275
252 275
257 275
13 276
59 276
118 276
119 276
123 276
128 276
132 276
139 276
146 276
155 276
157 276
165 276
208 276
215 276
255 276
269 276
273 276
3 277
5 277
19 277
48 277
110 277
111 277
120 277
122 277
168 277
170 277
172 277
190 277
214 277
215 277
237 277
241 277
275 277
37 278
40 278
43 278
52 278
106 278
111 278
113 278
136 278
151 278
192 278
200 278
224 278
228 278
254 278
0 279
2 279
4 279
14 279
20 279
90 279
96 279
98 279
112 279
124 279
126 279
128 279
133 279
149 279
157 279
209 279
217 279
225 279
242 279
3 280
17 280
48 280
52 280
94 280
110 280
123 280
124 280
129 280
139 280
140 280
143 280
152 280
248 280
269 280
3 281
22 281
54 281
87 281
122 281
123 281
138 281
142 281
160 281
162 281
165 281
167 281
197 281
198 281
199 281
230 281
272 281
4 282
7 282
21 282
51 282
69 282
78 282
108 282
124 282
129 282
143 282
156 282
160 282
165 282
174 282
183 282
202 282
239 282
258 282
271 282
26 283
49 283
57 283
91 283
96 283
124 283
131 283
134 283
138 283
142 283
150 283
159 283
162 283
191 283
271 283
7 284
16 284
19 284
45 284
53 284
56 284
80 284
130 284
146 284
150 284
166 284
188 284
194 284
207 284
211 284
222 284
224 284
275 284
3 285
5 285
7 285
34 285
65 285
75 285
87 285
109 285
114 285
133 285
179 285
180 285
187 285
226 285
245 285
262 285
266 285
269 285
276 285
5 286
7 286
14 286
30 286
36 286
47 286
64 286
65 286
123 286
160 286
176 286
185 286
205 286
211 286
212 286
251 286
265 286
281 286
284 286
40 287
48 287
49 287
60 287
72 287
78 287
83 287
99 287
109 287
160 287
175 287
193 287
195 287
208 287
225 287
249 287
255 287
2 288
43 288
58 288
70 288
82 288
88 288
95 288
119 288
137 288
163 288
218 288
238 288
242 288
251 288
260 288
287 288
14 289
48 289
56 289
61 289
109 289
120 289
131 289
145 289
165 289
172 289
176 289
185 289
187 289
191 289
192 289
199 289
210 289
213 289
224 289
226 289
244 289
252 289
262 289
1 290
8 290
15 290
23 290
52 290
53 290
74 290
80 290
84 290
95 290
120 290
129 290
160 290
182 290
217 290
221 290
226 290
229 290
235 290
248 290
254 290
256 290
258 290
260 290
14 291
17 291
49 291
50 291
67 291
72 291
79 291
80 291
84 291
88 291
137 291
148 291
170 291
171 291
176 291
187 291
208 291
228 291
232 291
258 291
268 291
276 291
281 291
283 291
6 292
10 292
11 292
34 292
71 292
99 292
109 292
111 292
121 292
129 292
135 292
140 292
149 292
163 292
169 292
179 292
181 292
200 292
212 292
234 292
244 292
260 292
271 292
273 292
1 293
26 293
63 293
82 293
85 293
86 293
149 293
166 293
173 293
189 293
192 293
241 293
245 293
8 294
38 294
69 294
82 294
102 294
120 294
139 294
152 294
172 294
175 294
185 294
205 294
227 294
234 294
239 294
245 294
278 294
285 294
0 295
4 295
14 295
39 295
43 295
51 295
61 295
95 295
107 295
110 295
127 295
136 295
143 295
155 295
187 295
190 295
193 295
206 295
225 295
226 295
241 295
256 295
268 295
276 295
280 295
294 295
51 296
83 296
100 296
122 296
125 296
177 296
215 296
219 296
242 296
269 296
38 297
46 297
83 297
119 297
123 297
128 297
164 297
173 297
182 297
187 297
192 297
201 297
208 297
220 297
267 297
271 297
12 298
25 298
31 298
41 298
42 298
73 298
84 298
85 298
91 298
105 298
146 298
169 298
178 298
227 298
229 298
248 298
258 298
280 298
18 299
35 299
47 299
70 299
85 299
97 299
110 299
137 299
151 299
174 299
189 299
221 299
225 299
226 299
258 299
272 299
294 299
