300 2772 5
26 8 4 3 25 2 1 6 1 3 9 3 3 3 2 1 2 26 13 1 5 8 2 3 1 2 3 2 2 28 2 5 7 16 49 8 4 2 1 24 8 35 11 1 1 23 4 3 14 9 7 12 1 12 1 24 16 76 9 4 5 7 23 7 7 11 4 3 39 1 12 3 8 7 30 6 5 6 2 6 10 8 1 19 10 8 6 30 1 35 25 5 15 22 1 4 1 12 2 13 2 1 14 2 1 13 52 5 12 9 7 12 4 12 10 3 15 27 4 10 7 24 8 5 10 13 10 4 1 6 15 11 8 5 11 13 13 20 1 5 2 6 9 2 1 18 20 2 46 19 8 6 15 3 14 18 1 11 6 13 9 25 20 3 9 6 1 1 23 17 12 12 7 3 8 1 14 3 31 13 5 2 5 1 14 10 2 2 19 3 6 4 15 46 5 15 26 10 17 6 1 3 3 6 15 9 11 6 1 22 2 24 28 1 1 22 23 1 8 2 2 3 7 6 13 10 18 8 14 4 6 1 43 10 41 11 12 18 28 13 18 4 2 5 1 3 1 8 13 1 22 7 14 19 30 8 8 16 14 7 25 7 8 14 5 17 3 5 1 9 9 6 6 1 3 13 11 5 9 11 3 54 9 21 4 6 2 7 9 13 25 1 8 6 8 6 18 12 2 18
1 4
5 8
1 9
6 9
3 11
0 12
2 12
9 14
7 15
6 16
9 16
11 16
8 17
11 19
6 20
6 21
17 21
21 22
20 23
12 24
12 25
20 26
2 27
16 27
23 27
23 28
27 28
0 29
7 29
10 29
5 30
19 30
21 30
1 31
6 31
18 31
24 31
15 32
17 32
21 32
3 33
5 34
17 34
0 35
19 35
29 35
30 35
5 36
22 36
19 37
20 37
5 38
6 38
11 38
28 38
20 39
28 41
3 42
4 42
34 42
18 43
2 45
0 46
26 46
29 46
44 46
1 47
2 47
17 47
20 47
43 47
12 48
17 49
22 49
25 49
29 49
30 49
3 50
28 50
36 50
48 51
17 52
37 52
9 54
4 55
24 55
26 55
41 55
48 55
50 55
50 56
40 57
25 58
27 58
37 58
13 59
18 59
52 59
20 60
33 60
39 60
11 61
17 61
33 61
35 61
2 62
25 62
52 62
14 63
16 63
46 63
0 64
1 64
2 64
13 64
15 64
26 64
39 64
4 65
18 65
20 65
40 65
58 65
0 66
21 66
55 66
65 66
15 67
48 67
49 67
1 68
10 68
31 68
50 68
65 68
7 69
8 69
11 69
27 69
43 69
49 70
55 70
63 70
11 71
20 71
29 71
32 71
59 71
66 71
1 72
3 72
24 72
55 72
0 73
24 73
29 73
47 73
9 74
32 74
33 74
41 74
44 74
52 74
57 74
63 74
69 74
2 75
18 75
26 75
35 75
36 75
12 76
15 76
18 76
50 76
73 76
15 77
60 77
63 77
67 77
69 77
72 77
2 78
7 78
12 78
14 78
24 78
45 78
60 78
68 78
18 79
30 79
33 79
41 79
68 79
1 80
7 80
29 80
2 81
5 81
25 81
29 81
39 81
64 81
42 82
44 82
3 83
21 83
23 83
27 83
36 83
55 83
59 83
77 83
4 84
16 84
37 84
66 84
1 85
24 85
69 85
9 86
13 86
32 86
81 86
25 87
75 87
13 88
40 88
45 88
49 88
58 88
77 88
14 89
17 89
35 89
45 89
51 89
63 89
76 89
2 90
7 90
23 90
36 90
50 90
70 90
82 90
5 91
8 91
14 91
23 91
52 91
64 91
76 91
8 92
14 92
17 92
47 92
71 92
86 92
89 92
13 93
14 93
22 93
27 93
33 93
53 93
78 93
80 93
18 94
49 94
51 94
66 94
70 94
3 95
34 95
43 95
68 95
12 96
18 96
24 96
41 96
94 96
9 97
31 97
33 97
44 97
45 97
64 97
91 97
32 98
40 98
59 98
3 99
5 99
16 99
85 99
31 100
54 100
66 100
75 100
90 100
98 100
99 100
37 101
47 101
65 101
69 101
79 101
84 101
90 101
21 102
25 102
46 102
63 102
71 102
74 102
89 102
2 103
17 103
26 103
33 103
43 103
61 103
78 103
93 103
99 103
100 103
32 104
35 104
38 104
45 104
82 104
91 104
37 105
39 105
40 105
57 105
7 106
8 106
18 106
29 106
57 106
64 106
74 106
89 106
2 107
7 107
8 107
11 107
14 107
60 107
70 107
102 107
105 107
8 108
42 108
56 108
66 108
90 108
2 109
4 109
29 109
30 109
34 109
41 109
45 109
65 109
85 109
92 109
105 109
107 109
4 110
22 110
64 110
72 110
76 110
30 111
34 111
68 111
70 111
88 111
5 112
35 112
38 112
69 112
84 112
97 112
102 112
109 112
110 112
30 113
31 113
37 113
47 113
70 113
72 113
80 113
83 113
30 114
36 114
38 114
41 114
74 114
77 114
113 114
18 115
24 115
30 115
53 115
112 115
19 116
54 116
59 116
60 116
75 116
94 116
18 117
22 117
23 117
29 117
41 117
65 117
88 117
29 118
61 118
90 118
3 119
4 119
12 119
28 119
38 119
45 119
53 119
62 119
77 119
80 119
81 119
95 119
5 120
23 120
29 120
61 120
67 120
70 120
73 120
102 120
115 120
117 120
5 121
7 121
19 121
27 121
55 121
83 121
84 121
98 121
0 122
12 122
42 122
50 122
69 122
76 122
81 122
121 122
7 123
34 123
36 123
49 123
67 123
71 123
78 123
86 123
95 123
103 123
120 123
21 124
25 124
70 124
98 124
115 124
120 124
0 125
20 125
59 125
93 125
103 125
115 125
123 125
1 126
13 126
16 126
18 126
33 126
35 126
38 126
53 126
75 126
82 126
89 126
93 126
103 126
106 126
111 126
15 127
63 127
104 127
115 127
10 128
54 128
86 128
108 128
5 129
51 129
59 129
73 129
79 129
110 129
116 129
7 130
26 130
39 130
50 130
82 130
93 130
10 131
24 131
78 131
8 132
11 132
12 132
13 132
21 132
41 132
72 132
121 132
21 133
25 133
32 133
64 133
83 133
106 133
5 134
16 134
34 134
45 134
64 134
82 134
106 134
123 134
20 135
21 135
24 135
104 135
109 135
113 135
131 135
2 136
9 136
15 136
40 136
43 136
45 136
55 136
60 136
95 136
105 136
113 136
125 136
4 137
26 137
91 137
93 137
98 137
135 137
20 138
30 138
31 138
66 138
70 138
88 138
51 139
65 139
75 139
78 139
86 139
122 139
127 139
40 140
51 140
55 140
63 140
82 140
87 140
109 140
124 140
12 141
41 141
64 141
70 141
71 141
90 141
125 141
127 141
0 142
4 142
45 142
59 142
70 142
95 142
101 142
118 142
121 142
0 143
5 143
9 143
19 143
27 143
34 143
48 143
60 143
62 143
83 143
114 143
124 143
106 144
112 144
114 144
130 144
132 144
8 145
9 145
32 145
36 145
54 145
60 145
63 145
96 145
129 145
25 146
33 146
38 146
87 146
106 146
123 146
131 146
1 147
8 147
26 147
55 147
56 147
75 147
85 147
101 147
103 147
109 147
129 147
16 148
24 148
29 148
42 148
44 148
48 148
61 148
77 148
84 148
88 148
110 148
134 148
21 149
23 149
47 149
90 149
91 149
96 149
97 149
120 149
124 149
125 149
131 149
35 150
36 150
53 150
60 150
67 150
84 150
92 150
111 150
116 150
14 151
15 151
62 151
63 151
90 151
98 151
133 151
8 152
17 152
33 152
41 152
43 152
56 152
65 152
113 152
124 152
142 152
0 153
40 153
57 153
59 153
67 153
68 153
97 153
125 153
20 154
64 154
79 154
89 154
101 154
122 154
17 155
18 155
28 155
53 155
79 155
83 155
95 155
97 155
99 155
139 155
154 155
1 156
103 156
140 156
7 157
8 157
12 157
17 157
22 157
53 157
86 157
87 157
103 157
119 157
142 157
151 157
27 158
112 158
115 158
121 158
122 158
134 158
5 159
11 159
15 159
16 159
21 159
59 159
76 159
96 159
97 159
109 159
123 159
8 160
9 160
25 160
27 160
32 160
43 160
49 160
50 160
61 160
67 160
86 160
96 160
153 160
17 161
29 161
50 161
55 161
71 161
75 161
101 161
132 161
133 161
153 161
155 161
156 161
1 162
63 162
96 162
114 162
143 162
20 163
27 163
30 163
40 163
43 163
109 163
126 163
2 164
26 164
32 164
49 164
72 164
102 164
114 164
131 164
144 164
145 164
154 164
9 165
20 165
21 165
43 165
52 165
54 165
60 165
64 165
67 165
68 165
75 165
91 165
97 165
118 165
128 165
135 165
161 165
1 166
3 166
31 166
83 166
85 166
93 166
111 166
123 166
152 166
153 166
24 167
25 167
41 167
55 167
69 167
80 167
83 167
114 167
132 167
133 167
138 167
158 167
12 168
44 168
57 168
75 168
85 168
94 168
109 168
111 168
23 169
30 169
48 169
68 169
83 169
88 169
98 169
99 169
129 169
136 169
10 170
12 170
28 170
32 170
50 170
58 170
68 170
80 170
94 170
125 170
128 170
148 170
154 170
168 170
28 171
67 171
73 171
76 171
93 171
96 171
98 171
125 171
128 171
141 171
145 171
152 171
165 171
170 171
2 172
6 172
33 172
36 172
82 172
83 172
168 172
44 173
53 173
59 173
65 173
76 173
78 173
101 173
106 173
115 173
116 173
117 173
137 173
142 173
149 173
156 173
159 173
166 173
0 174
8 174
17 174
31 174
39 174
40 174
41 174
47 174
57 174
58 174
64 174
82 174
90 174
91 174
115 174
123 174
154 174
168 174
40 175
61 175
75 175
87 175
100 175
106 175
120 175
173 175
16 176
21 176
23 176
26 176
36 176
39 176
83 176
85 176
87 176
103 176
106 176
128 176
164 176
17 177
40 177
42 177
58 177
72 177
78 177
80 177
99 177
109 177
122 177
135 177
170 177
4 178
28 178
33 178
39 178
47 178
49 178
86 178
98 178
103 178
131 178
156 178
167 178
170 178
16 179
54 179
56 179
59 179
116 179
117 179
132 179
151 179
152 179
156 179
169 179
16 180
19 180
53 180
55 180
88 180
111 180
134 180
168 180
176 180
33 181
45 181
55 181
57 181
65 181
74 181
89 181
98 181
117 181
119 181
122 181
135 181
145 181
146 181
172 181
174 181
25 182
97 182
98 182
141 182
154 182
156 182
178 182
48 183
50 183
55 183
88 183
116 183
125 183
168 183
181 183
18 184
37 184
69 184
70 184
119 184
132 184
144 184
149 184
151 184
164 184
167 184
170 184
183 184
10 185
35 185
85 185
86 185
89 185
100 185
101 185
127 185
159 185
170 185
180 185
17 186
20 186
27 186
64 186
75 186
84 186
86 186
129 186
155 186
157 186
165 186
176 186
180 186
181 186
184 186
3 187
15 187
17 187
78 187
90 187
116 187
139 187
152 187
159 187
167 187
186 187
11 188
47 188
49 188
78 188
80 188
104 188
109 188
120 188
122 188
155 188
170 188
17 189
22 189
40 189
47 189
51 189
75 189
114 189
147 189
149 189
159 189
185 189
36 190
98 190
108 190
121 190
126 190
130 190
166 190
167 190
0 191
10 191
39 191
42 191
50 191
59 191
68 191
72 191
89 191
109 191
113 191
114 191
117 191
130 191
162 191
172 191
176 191
179 191
25 192
44 192
47 192
70 192
77 192
95 192
117 192
151 192
167 192
0 193
5 193
10 193
61 193
65 193
81 193
83 193
114 193
172 193
5 194
10 194
26 194
35 194
48 194
73 194
97 194
127 194
147 194
148 194
150 194
157 194
172 194
22 195
36 195
100 195
106 195
114 195
140 195
160 195
163 195
176 195
10 196
21 196
26 196
32 196
42 196
92 196
154 196
158 196
170 196
30 197
73 197
124 197
130 197
139 197
166 197
64 198
69 198
75 198
99 198
105 198
113 198
114 198
197 198
4 199
33 199
48 199
55 199
69 199
119 199
140 199
145 199
147 199
172 199
177 199
27 200
43 200
66 200
67 200
76 200
83 200
104 200
117 200
133 200
139 200
144 200
178 200
184 200
11 201
26 201
33 201
41 201
54 201
56 201
67 201
71 201
72 201
80 201
102 201
137 201
180 201
3 202
23 202
35 202
41 202
50 202
66 202
86 202
88 202
89 202
90 202
150 202
168 202
173 202
192 202
197 202
17 203
46 203
56 203
73 203
94 203
117 203
134 203
135 203
153 203
161 203
162 203
164 203
173 203
181 203
196 203
39 204
45 204
46 204
90 204
101 204
115 204
120 204
121 204
131 204
136 204
137 204
156 204
160 204
189 204
198 204
6 205
10 205
32 205
49 205
72 205
76 205
83 205
102 205
114 205
116 205
117 205
122 205
127 205
141 205
44 206
80 206
85 206
107 206
119 206
125 206
131 206
137 206
139 206
165 206
197 206
19 207
22 207
26 207
53 207
54 207
73 207
107 207
110 207
112 207
131 207
134 207
144 207
151 207
158 207
172 207
174 207
176 207
181 207
11 208
13 208
108 208
109 208
111 208
115 208
5 209
15 209
93 209
95 209
121 209
183 209
196 209
203 209
4 210
7 210
8 210
47 210
82 210
103 210
120 210
129 210
142 210
143 210
148 210
152 210
15 211
56 211
79 211
97 211
118 211
147 211
148 211
152 211
157 211
170 211
177 211
29 212
41 212
54 212
97 212
99 212
109 212
122 212
146 212
147 212
174 212
180 212
198 212
9 213
18 213
26 213
27 213
62 213
65 213
74 213
84 213
92 213
97 213
106 213
135 213
139 213
144 213
148 213
152 213
178 213
198 213
205 213
2 214
11 214
28 214
30 214
56 214
68 214
74 214
103 214
117 214
167 214
172 214
198 214
78 215
83 215
94 215
96 215
101 215
137 215
150 215
156 215
174 215
177 215
186 215
189 215
204 215
24 216
47 216
50 216
83 216
88 216
89 216
106 216
108 216
110 216
133 216
153 216
154 216
179 216
186 216
188 216
199 216
202 216
4 217
10 217
38 217
42 217
82 217
89 217
95 217
102 217
106 217
117 217
126 217
137 217
188 217
192 217
203 217
4 218
29 218
37 218
43 218
44 218
51 218
65 218
90 218
111 218
124 218
125 218
129 218
130 218
131 218
141 218
152 218
198 218
208 218
4 219
9 219
34 219
47 219
61 219
68 219
78 219
176 219
177 219
181 219
13 220
19 220
27 220
36 220
53 220
65 220
77 220
83 220
107 220
119 220
131 220
150 220
207 220
18 221
34 221
74 221
86 221
121 221
136 221
139 221
145 221
176 221
177 221
203 221
4 222
8 222
10 222
12 222
26 222
40 222
74 222
84 222
97 222
101 222
107 222
146 222
156 222
171 222
177 222
210 222
0 223
17 223
49 223
99 223
125 223
192 223
205 223
5 224
56 224
60 224
79 224
103 224
105 224
122 224
144 224
158 224
0 225
14 225
16 225
24 225
29 225
76 225
102 225
108 225
125 225
137 225
143 225
149 225
169 225
191 225
194 225
12 226
32 226
40 226
43 226
101 226
133 226
169 226
11 227
17 227
32 227
36 227
39 227
52 227
53 227
55 227
89 227
95 227
113 227
125 227
146 227
163 227
170 227
173 227
176 227
219 227
11 228
12 228
15 228
51 228
56 228
61 228
66 228
97 228
103 228
116 228
127 228
186 228
197 228
203 228
222 228
10 229
26 229
42 229
48 229
73 229
79 229
89 229
90 229
121 229
135 229
151 229
226 229
11 230
27 230
30 230
32 230
41 230
44 230
60 230
65 230
66 230
100 230
128 230
156 230
175 230
186 230
207 230
212 230
214 230
40 231
59 231
61 231
77 231
95 231
119 231
135 231
154 231
158 231
161 231
162 231
175 231
180 231
228 231
9 232
21 232
23 232
56 232
135 232
161 232
184 232
187 232
195 232
200 232
206 232
35 233
37 233
42 233
43 233
57 233
58 233
70 233
79 233
126 233
127 233
151 233
169 233
196 233
197 233
199 233
206 233
228 233
12 234
23 234
28 234
34 234
37 234
62 234
64 234
66 234
78 234
120 234
125 234
130 234
170 234
177 234
185 234
189 234
191 234
193 234
210 234
220 234
223 234
231 234
6 235
10 235
25 235
51 235
65 235
82 235
86 235
96 235
105 235
117 235
121 235
125 235
145 235
161 235
163 235
186 235
191 235
205 235
228 235
232 235
18 236
25 236
31 236
43 236
73 236
76 236
91 236
97 236
108 236
114 236
130 236
156 236
174 236
190 236
203 236
209 236
229 236
233 236
16 237
37 237
51 237
55 237
63 237
79 237
100 237
105 237
122 237
123 237
150 237
194 237
202 237
12 238
25 238
28 238
71 238
74 238
78 238
82 238
87 238
174 238
179 238
184 238
194 238
224 238
1 239
2 239
6 239
28 239
54 239
60 239
72 239
83 239
92 239
95 239
97 239
117 239
129 239
136 239
193 239
196 239
204 239
213 239
215 239
219 239
2 240
25 240
56 240
59 240
60 240
61 240
73 240
112 240
171 240
182 240
186 240
195 240
204 240
224 240
234 240
3 241
15 241
27 241
84 241
92 241
109 241
136 241
153 241
156 241
171 241
173 241
174 241
178 241
183 241
194 241
199 241
207 241
216 241
232 241
28 242
29 242
31 242
54 242
60 242
93 242
113 242
114 242
132 242
138 242
148 242
149 242
174 242
176 242
209 242
238 242
2 243
12 243
17 243
27 243
61 243
78 243
90 243
91 243
109 243
116 243
126 243
128 243
145 243
151 243
161 243
169 243
171 243
201 243
222 243
2 244
25 244
28 244
37 244
48 244
49 244
52 244
63 244
77 244
97 244
138 244
150 244
175 244
176 244
191 244
199 244
208 244
2 245
20 245
25 245
52 245
66 245
71 245
72 245
95 245
100 245
118 245
129 245
142 245
190 245
200 245
221 245
223 245
1 246
23 246
38 246
62 246
64 246
82 246
83 246
87 246
91 246
135 246
136 246
147 246
183 246
187 246
189 246
211 246
215 246
238 246
10 247
11 247
14 247
45 247
56 247
64 247
75 247
88 247
100 247
113 247
137 247
147 247
164 247
170 247
0 248
46 248
55 248
74 248
78 248
110 248
123 248
147 248
148 248
182 248
184 248
188 248
205 248
218 248
221 248
235 248
0 249
16 249
17 249
97 249
111 249
112 249
119 249
121 249
129 249
147 249
163 249
164 249
166 249
168 249
220 249
229 249
233 249
243 249
247 249
4 250
12 250
15 250
43 250
61 250
63 250
73 250
83 250
97 250
100 250
142 250
150 250
169 250
193 250
249 250
7 251
9 251
15 251
17 251
30 251
62 251
110 251
137 251
143 251
177 251
207 251
213 251
17 252
34 252
43 252
81 252
101 252
108 252
189 252
192 252
244 252
247 252
250 252
1 253
29 253
41 253
58 253
119 253
125 253
144 253
156 253
226 253
248 253
252 253
6 254
43 254
69 254
115 254
124 254
140 254
154 254
164 254
178 254
193 254
198 254
7 255
10 255
13 255
17 255
42 255
65 255
83 255
96 255
111 255
112 255
131 255
139 255
155 255
161 255
201 255
208 255
233 255
1 256
9 256
22 256
43 256
53 256
54 256
75 256
85 256
89 256
101 256
103 256
113 256
117 256
150 256
153 256
155 256
163 256
193 256
209 256
221 256
226 256
231 256
251 256
253 256
36 257
39 257
54 257
57 257
68 257
91 257
99 257
109 257
110 257
166 257
191 257
200 257
202 257
231 257
253 257
254 257
255 257
15 258
17 258
41 258
42 258
64 258
66 258
98 258
114 258
119 258
134 258
137 258
169 258
185 258
192 258
196 258
206 258
233 258
246 258
256 258
14 259
60 259
74 259
76 259
114 259
120 259
128 259
131 259
152 259
164 259
171 259
172 259
179 259
192 259
206 259
240 259
251 259
17 260
21 260
73 260
77 260
84 260
97 260
100 260
112 260
142 260
149 260
174 260
186 260
230 260
231 260
244 260
8 261
21 261
27 261
29 261
43 261
45 261
50 261
83 261
93 261
166 261
182 261
186 261
202 261
221 261
246 261
23 262
41 262
42 262
75 262
82 262
83 262
114 262
115 262
137 262
171 262
178 262
212 262
213 262
239 262
244 262
256 262
258 262
11 263
20 263
47 263
58 263
73 263
80 263
97 263
102 263
120 263
122 263
130 263
145 263
146 263
152 263
160 263
168 263
177 263
185 263
192 263
238 263
250 263
253 263
255 263
35 264
66 264
107 264
113 264
114 264
125 264
137 264
139 264
233 264
238 264
242 264
243 264
251 264
34 265
40 265
68 265
72 265
106 265
128 265
143 265
144 265
145 265
147 265
157 265
169 265
219 265
223 265
17 266
60 266
69 266
82 266
90 266
107 266
150 266
173 266
182 266
227 266
229 266
247 266
262 266
265 266
7 267
34 267
109 267
111 267
125 267
147 267
150 267
182 267
183 267
185 267
190 267
194 267
201 267
205 267
235 267
258 267
2 268
5 268
27 268
87 268
118 268
132 268
150 268
175 268
188 268
199 268
211 268
216 268
255 268
261 268
2 269
11 269
19 269
24 269
28 269
62 269
70 269
78 269
111 269
199 269
208 269
218 269
237 269
246 269
247 269
40 270
46 270
48 270
58 270
62 270
64 270
68 270
89 270
108 270
134 270
144 270
150 270
164 270
200 270
224 270
229 270
268 270
269 270
18 271
51 271
100 271
116 271
151 271
164 271
180 271
183 271
185 271
188 271
204 271
216 271
234 271
245 271
251 271
260 271
53 272
55 272
103 272
119 272
121 272
128 272
157 272
173 272
185 272
255 272
27 273
29 273
85 273
113 273
132 273
161 273
179 273
184 273
195 273
254 273
5 274
10 274
19 274
40 274
41 274
42 274
50 274
51 274
71 274
87 274
105 274
113 274
120 274
139 274
147 274
155 274
163 274
166 274
167 274
169 274
172 274
174 274
175 274
201 274
207 274
222 274
231 274
238 274
254 274
255 274
269 274
273 274
6 275
17 275
34 275
46 275
49 275
54 275
58 275
71 275
94 275
112 275
126 275
139 275
140 275
146 275
151 275
160 275
176 275
192 275
202 275
243 275
244 275
262 275
12 276
14 276
43 276
55 276
63 276
83 276
88 276
97 276
100 276
117 276
122 276
124 276
140 276
144 276
179 276
217 276
220 276
225 276
234 276
246 276
248 276
250 276
252 276
260 276
261 276
5 277
27 277
51 277
53 277
57 277
92 277
99 277
101 277
103 277
105 277
150 277
158 277
174 277
201 277
219 277
220 277
222 277
235 277
255 277
30 278
33 278
35 278
87 278
88 278
115 278
116 278
127 278
132 278
141 278
143 278
146 278
155 278
158 278
161 278
180 278
211 278
215 278
250 278
54 279
93 279
105 279
155 279
156 279
163 279
211 279
255 279
272 279
275 279
11 280
24 280
34 280
35 280
41 280
45 280
48 280
85 280
87 280
113 280
133 280
147 280
151 280
152 280
158 280
178 280
179 280
180 280
191 280
196 280
198 280
203 280
211 280
243 280
265 280
30 281
69 281
82 281
158 281
163 281
172 281
185 281
189 281
194 281
212 281
256 281
259 281
264 281
17 282
22 282
42 282
44 282
66 282
75 282
78 282
108 282
127 282
130 282
156 282
158 282
161 282
176 282
186 282
212 282
238 282
244 282
246 282
254 282
19 283
45 283
57 283
87 283
106 283
121 283
149 283
164 283
191 283
200 283
202 283
204 283
206 283
235 283
242 283
244 283
1 284
3 284
14 284
15 284
38 284
40 284
65 284
75 284
87 284
106 284
111 284
144 284
153 284
173 284
11 285
54 285
66 285
72 285
92 285
116 285
123 285
130 285
143 285
166 285
175 285
185 285
187 285
195 285
199 285
210 285
221 285
223 285
255 285
268 285
0 286
1 286
3 286
57 286
71 286
90 286
92 286
98 286
100 286
116 286
124 286
133 286
135 286
144 286
152 286
175 286
179 286
200 286
215 286
236 286
257 286
31 287
44 287
45 287
52 287
63 287
68 287
69 287
164 287
169 287
191 287
197 287
239 287
244 287
249 287
265 287
0 288
1 288
16 288
24 288
32 288
34 288
36 288
50 288
66 288
115 288
122 288
125 288
153 288
159 288
168 288
181 288
250 288
251 288
276 288
9 289
49 289
53 289
65 289
92 289
113 289
164 289
170 289
171 289
172 289
185 289
197 289
230 289
232 289
237 289
247 289
263 289
270 289
281 289
50 290
61 290
76 290
89 290
118 290
143 290
149 290
178 290
183 290
209 290
224 290
238 290
267 290
268 290
271 290
282 290
8 291
11 291
20 291
21 291
29 291
73 291
84 291
106 291
140 291
205 291
236 291
267 291
278 291
2 292
62 292
97 292
112 292
114 292
123 292
130 292
158 292
160 292
165 292
187 292
191 292
196 292
197 292
221 292
226 292
246 292
248 292
251 292
289 292
9 293
12 293
15 293
16 293
29 293
36 293
37 293
49 293
98 293
102 293
114 293
133 293
136 293
143 293
194 293
212 293
220 293
221 293
255 293
278 293
289 293
8 294
21 294
23 294
63 294
71 294
98 294
151 294
184 294
191 294
194 294
195 294
249 294
18 295
25 295
26 295
53 295
56 295
61 295
101 295
105 295
133 295
150 295
168 295
230 295
18 296
43 296
87 296
95 296
96 296
113 296
118 296
122 296
143 296
225 296
253 296
282 296
6 297
57 297
58 297
70 297
103 297
143 297
184 297
185 297
192 297
193 297
198 297
199 297
230 297
260 297
268 297
277 297
296 297
11 298
14 298
25 298
26 298
32 298
45 298
49 298
59 298
68 298
72 298
84 298
125 298
150 298
155 298
159 298
174 298
183 298
184 298
187 298
189 298
194 298
227 298
229 298
235 298
237 298
275 298
6 299
28 299
32 299
46 299
47 299
53 299
59 299
67 299
103 299
106 299
130 299
139 299
176 299
184 299
188 299
222 299
265 299
282 299
298 299
