300 5038 5
3 4 1 10 4 9 10 5 6 11 6 7 9 7 6 1 15 8 13 3 7 15 2 10 10 6 4 4 7 8 1 1 8 8 7 1 3 5 9 9 5 18 4 17 20 16 10 6 4 3 8 7 5 10 1 8 2 15 12 8 5 16 5 3 4 11 4 12 6 2 2 4 7 7 1 6 15 14 2 17 11 8 9 3 1 8 3 10 17 4 4 5 6 17 2 4 7 2 10 3 3 7 7 10 8 1 8 6 9 6 3 19 7 2 5 4 2 17 10 4 9 10 12 9 1 6 8 15 16 7 2 5 9 11 9 10 1 11 12 1 6 4 8 18 9 8 3 15 5 2 15 9 6 2 7 17 8 12 19 10 13 9 10 5 17 10 20 11 20 7 5 10 2 10 6 5 5 6 8 5 11 7 12 11 9 14 1 2 8 2 3 4 20 4 3 9 5 2 19 6 1 4 8 14 13 18 7 10 4 4 1 13 5 5 2 19 10 10 12 20 1 6 1 3 6 1 8 7 2 11 4 3 7 10 2 18 5 4 20 3 9 18 11 6 9 7 3 1 10 17 10 1 2 13 10 6 14 1 12 6 1 9 6 4 18 10 11 20 10 17 5 9 19 14 13 6 3 4 9 17 6 8 9 10 6 11 5 2 20 12 9 15 10 11 12 1 15 19 5 16
3 13
6 13
6 14
2 15
12 15
10 16
7 18
11 18
8 19
10 19
13 21
14 21
0 22
2 22
8 22
13 22
16 22
18 22
0 23
6 23
20 23
6 24
7 24
9 24
13 24
2 25
8 25
7 26
9 26
6 27
13 27
15 27
16 27
19 27
13 28
0 29
4 29
3 30
4 30
12 30
13 30
15 30
11 31
18 31
13 32
18 32
19 32
7 33
14 33
15 33
6 34
12 34
6 35
18 35
18 36
3 37
18 37
25 37
26 37
31 37
6 38
22 38
31 38
35 38
8 39
13 39
17 39
20 39
22 39
26 39
31 39
33 39
7 40
18 41
22 41
23 41
31 42
6 44
22 44
27 44
28 44
31 44
10 45
14 45
19 45
28 45
33 45
35 45
6 46
13 46
15 46
17 46
18 46
23 46
25 46
26 46
32 46
36 47
7 48
12 48
22 48
23 48
28 48
32 48
36 48
12 49
19 49
22 49
27 49
46 49
18 50
21 50
31 50
41 50
44 50
0 51
3 51
12 51
15 51
45 51
4 52
7 52
30 52
36 52
42 52
43 52
0 53
1 53
4 53
13 53
12 54
34 54
5 55
7 55
13 55
21 55
26 55
30 55
31 55
1 56
3 56
11 56
22 56
33 56
44 56
6 57
16 57
19 57
26 57
10 58
15 58
46 58
40 59
4 60
12 60
33 60
42 60
59 60
16 61
35 61
39 61
41 61
2 62
7 62
10 62
16 62
17 62
27 62
11 63
20 63
24 63
35 63
43 63
45 63
50 63
2 64
6 64
19 64
24 64
28 64
30 64
33 64
36 64
39 64
40 64
52 64
55 64
3 65
4 65
5 65
7 65
22 65
28 65
54 65
58 65
21 66
27 66
30 66
39 66
3 67
6 67
31 67
32 67
44 67
12 68
13 68
14 68
21 68
24 68
25 68
27 68
35 68
41 68
47 68
53 68
55 68
6 69
16 69
22 69
23 69
25 69
29 69
43 69
44 69
63 69
7 70
17 70
21 70
27 70
29 70
31 70
44 70
54 70
63 70
68 70
3 71
13 71
14 71
17 71
45 71
50 71
59 71
60 71
63 71
68 71
1 72
15 72
25 72
26 72
40 72
45 72
49 72
59 72
67 72
1 73
4 73
6 73
9 73
13 73
15 73
23 73
31 73
38 73
40 73
45 73
52 73
58 73
62 73
1 74
14 74
22 74
36 74
52 74
56 74
66 74
2 75
3 75
7 75
9 75
19 75
22 75
29 75
60 75
20 76
33 76
40 76
55 76
59 76
68 76
2 77
10 77
20 77
42 77
43 77
47 77
48 77
53 77
54 77
62 77
68 77
3 78
24 78
25 78
26 78
56 78
61 78
67 78
0 79
8 79
21 79
27 79
40 79
57 79
62 79
0 80
9 80
15 80
20 80
31 80
36 80
40 80
55 80
60 80
64 80
71 80
75 80
0 81
12 81
39 81
42 81
79 81
1 82
11 82
17 82
31 82
52 82
56 82
62 82
65 82
1 83
3 83
8 83
12 83
16 83
27 83
30 83
37 83
50 83
59 83
65 83
75 83
77 83
78 83
0 84
3 84
5 84
9 84
10 84
12 84
13 84
22 84
33 84
42 84
43 84
52 84
54 84
63 84
70 84
13 85
17 85
27 85
31 85
32 85
39 85
58 85
59 85
74 85
77 85
10 86
18 86
19 86
23 86
49 86
57 86
62 86
78 86
1 87
38 87
47 87
51 87
60 87
74 87
76 87
16 88
28 88
30 88
41 88
72 88
10 89
11 89
21 89
27 89
28 89
34 89
45 89
48 89
58 89
64 89
7 90
9 90
19 90
34 90
50 90
52 90
76 90
88 90
9 91
14 91
15 91
28 91
32 91
38 91
44 91
49 91
51 91
78 91
89 91
1 92
9 92
22 92
23 92
24 92
29 92
31 92
38 92
48 92
55 92
67 92
84 92
9 93
10 93
22 93
30 93
36 93
49 93
50 93
54 93
56 93
61 93
82 93
83 93
87 93
0 94
6 94
7 94
10 94
16 94
18 94
20 94
31 94
33 94
42 94
47 94
54 94
65 94
78 94
5 95
8 95
16 95
30 95
34 95
35 95
46 95
49 95
56 95
64 95
67 95
69 95
78 95
80 95
2 96
3 96
5 96
17 96
38 96
45 96
55 96
56 96
66 96
74 96
77 96
84 96
4 97
5 97
8 97
10 97
18 97
28 97
40 97
54 97
72 97
87 97
88 97
90 97
12 98
19 98
30 98
56 98
67 98
70 98
73 98
77 98
82 98
21 99
25 99
43 99
59 99
61 99
22 100
61 100
66 100
79 100
82 100
86 100
92 100
93 100
4 101
12 101
17 101
20 101
28 101
35 101
36 101
38 101
41 101
57 101
63 101
66 101
72 101
83 101
93 101
13 102
19 102
21 102
41 102
58 102
69 102
85 102
87 102
92 102
5 103
22 103
32 103
36 103
68 103
70 103
83 103
9 104
12 104
15 104
50 104
58 104
93 104
96 104
15 105
26 105
31 105
35 105
44 105
47 105
53 105
55 105
58 105
61 105
70 105
81 105
94 105
4 106
13 106
17 106
26 106
33 106
34 106
48 106
67 106
74 106
82 106
88 106
102 106
104 106
17 107
26 107
38 107
43 107
56 107
61 107
84 107
92 107
97 107
11 108
26 108
34 108
49 108
51 108
53 108
61 108
64 108
71 108
75 108
84 108
90 108
2 109
8 109
12 109
13 109
24 109
36 109
51 109
54 109
59 109
62 109
74 109
83 109
92 109
104 109
4 110
15 110
70 110
72 110
79 110
85 110
94 110
9 111
11 111
32 111
45 111
46 111
62 111
70 111
75 111
77 111
79 111
89 111
91 111
100 111
1 112
4 112
5 112
14 112
21 112
22 112
37 112
41 112
42 112
49 112
50 112
53 112
62 112
65 112
68 112
73 112
80 112
82 112
88 112
99 112
102 112
104 112
5 113
27 113
30 113
32 113
38 113
42 113
47 113
57 113
77 113
88 113
96 113
101 113
5 114
15 114
22 114
23 114
24 114
25 114
46 114
48 114
50 114
68 114
84 114
85 114
89 114
105 114
106 114
111 114
2 115
8 115
9 115
15 115
20 115
42 115
52 115
57 115
64 115
99 115
101 115
102 115
12 116
31 116
42 116
43 116
56 116
91 116
94 116
98 116
100 116
105 116
106 116
111 116
5 117
15 117
17 117
27 117
33 117
38 117
43 117
58 117
66 117
67 117
69 117
73 117
80 117
87 117
94 117
105 117
1 118
17 118
46 118
51 118
55 118
78 118
83 118
90 118
93 118
105 118
110 118
19 119
22 119
25 119
29 119
43 119
46 119
61 119
64 119
75 119
89 119
96 119
105 119
0 120
9 120
20 120
21 120
22 120
29 120
38 120
44 120
63 120
73 120
78 120
82 120
92 120
97 120
98 120
99 120
100 120
104 120
105 120
112 120
19 121
26 121
38 121
43 121
49 121
50 121
55 121
61 121
65 121
70 121
78 121
88 121
94 121
100 121
101 121
106 121
111 121
8 122
12 122
17 122
33 122
50 122
62 122
67 122
73 122
80 122
82 122
89 122
105 122
5 123
10 123
14 123
23 123
45 123
56 123
68 123
70 123
72 123
74 123
77 123
84 123
88 123
90 123
108 123
111 123
5 124
13 124
23 124
34 124
39 124
42 124
52 124
55 124
59 124
87 124
100 124
109 124
11 125
14 125
42 125
43 125
49 125
50 125
51 125
54 125
57 125
80 125
92 125
94 125
96 125
97 125
100 125
111 125
0 126
6 126
14 126
21 126
28 126
30 126
31 126
34 126
48 126
81 126
82 126
85 126
93 126
94 126
109 126
2 127
5 127
13 127
14 127
24 127
39 127
47 127
57 127
65 127
78 127
80 127
82 127
88 127
90 127
92 127
103 127
105 127
106 127
112 127
113 127
8 128
19 128
45 128
71 128
73 128
91 128
92 128
110 128
112 128
7 129
14 129
16 129
20 129
44 129
47 129
75 129
76 129
77 129
88 129
101 129
103 129
106 129
15 130
49 130
56 130
73 130
76 130
77 130
79 130
92 130
105 130
4 131
10 131
20 131
27 131
31 131
39 131
42 131
47 131
73 131
74 131
84 131
89 131
95 131
107 131
114 131
115 131
119 131
128 131
2 132
5 132
6 132
17 132
18 132
45 132
48 132
51 132
65 132
73 132
75 132
77 132
83 132
85 132
96 132
105 132
106 132
118 132
127 132
3 133
17 133
25 133
36 133
55 133
74 133
80 133
82 133
83 133
94 133
105 133
112 133
114 133
119 133
3 134
9 134
13 134
42 134
50 134
55 134
67 134
74 134
76 134
78 134
85 134
3 135
4 135
5 135
8 135
10 135
14 135
16 135
40 135
43 135
58 135
61 135
73 135
80 135
90 135
92 135
93 135
94 135
98 135
110 135
111 135
113 135
116 135
127 135
10 136
14 136
30 136
49 136
59 136
60 136
66 136
70 136
75 136
80 136
81 136
84 136
98 136
110 136
114 136
130 136
4 137
5 137
7 137
23 137
31 137
39 137
44 137
48 137
54 137
79 137
82 137
91 137
100 137
118 137
121 137
3 138
8 138
11 138
12 138
17 138
19 138
29 138
32 138
39 138
46 138
47 138
57 138
58 138
62 138
76 138
82 138
87 138
99 138
107 138
108 138
117 138
124 138
9 139
12 139
21 139
22 139
55 139
76 139
93 139
100 139
104 139
121 139
130 139
15 140
23 140
25 140
35 140
40 140
47 140
52 140
54 140
78 140
110 140
111 140
122 140
3 141
15 141
39 141
44 141
64 141
67 141
89 141
102 141
113 141
126 141
6 142
13 142
14 142
25 142
29 142
32 142
40 142
46 142
64 142
77 142
95 142
98 142
99 142
111 142
112 142
113 142
120 142
129 142
130 142
136 142
139 142
1 143
4 143
6 143
12 143
15 143
16 143
17 143
24 143
27 143
39 143
45 143
48 143
49 143
67 143
68 143
83 143
109 143
111 143
120 143
121 143
27 144
52 144
73 144
77 144
78 144
85 144
90 144
91 144
115 144
138 144
2 145
10 145
21 145
23 145
25 145
30 145
32 145
39 145
50 145
72 145
95 145
98 145
101 145
104 145
113 145
116 145
117 145
124 145
131 145
132 145
139 145
6 146
13 146
19 146
21 146
38 146
39 146
46 146
53 146
55 146
62 146
68 146
76 146
86 146
97 146
98 146
107 146
110 146
114 146
12 147
55 147
72 147
74 147
75 147
76 147
82 147
87 147
91 147
106 147
114 147
129 147
135 147
8 148
10 148
15 148
19 148
63 148
69 148
75 148
95 148
98 148
99 148
107 148
121 148
122 148
140 148
0 149
9 149
34 149
37 149
49 149
58 149
64 149
70 149
74 149
84 149
95 149
111 149
117 149
124 149
1 150
3 150
13 150
14 150
36 150
40 150
42 150
45 150
56 150
62 150
64 150
67 150
78 150
96 150
97 150
102 150
117 150
122 150
124 150
130 150
140 150
0 151
2 151
5 151
16 151
17 151
19 151
23 151
27 151
32 151
33 151
38 151
42 151
48 151
53 151
76 151
90 151
96 151
97 151
101 151
102 151
105 151
111 151
114 151
117 151
131 151
4 152
5 152
8 152
14 152
15 152
33 152
43 152
45 152
63 152
89 152
91 152
96 152
101 152
103 152
107 152
112 152
125 152
134 152
5 153
7 153
28 153
43 153
46 153
64 153
67 153
101 153
114 153
117 153
123 153
134 153
137 153
144 153
150 153
4 154
9 154
17 154
34 154
39 154
47 154
49 154
58 154
59 154
66 154
75 154
83 154
91 154
92 154
93 154
98 154
113 154
117 154
118 154
119 154
120 154
124 154
138 154
150 154
15 155
17 155
20 155
22 155
23 155
33 155
39 155
40 155
44 155
55 155
56 155
58 155
64 155
65 155
66 155
87 155
100 155
102 155
115 155
120 155
124 155
133 155
144 155
16 156
24 156
31 156
35 156
45 156
50 156
56 156
62 156
84 156
85 156
91 156
100 156
102 156
103 156
111 156
120 156
128 156
133 156
136 156
149 156
151 156
21 157
40 157
46 157
52 157
54 157
55 157
61 157
74 157
75 157
76 157
84 157
92 157
107 157
112 157
113 157
114 157
126 157
131 157
133 157
141 157
147 157
151 157
4 158
19 158
22 158
62 158
63 158
69 158
72 158
81 158
84 158
100 158
102 158
110 158
112 158
120 158
127 158
129 158
135 158
143 158
3 159
19 159
20 159
26 159
39 159
45 159
49 159
51 159
53 159
62 159
64 159
66 159
96 159
105 159
106 159
111 159
120 159
127 159
128 159
5 160
6 160
10 160
21 160
31 160
51 160
53 160
54 160
60 160
68 160
69 160
72 160
82 160
91 160
108 160
113 160
134 160
135 160
156 160
157 160
2 161
3 161
7 161
8 161
14 161
68 161
83 161
89 161
91 161
94 161
102 161
125 161
142 161
152 161
25 162
48 162
55 162
82 162
84 162
105 162
110 162
117 162
127 162
131 162
139 162
147 162
148 162
159 162
6 163
20 163
22 163
23 163
24 163
29 163
38 163
40 163
58 163
76 163
78 163
86 163
90 163
94 163
106 163
120 163
128 163
134 163
157 163
11 164
13 164
24 164
55 164
59 164
64 164
67 164
84 164
87 164
91 164
93 164
118 164
119 164
150 164
7 165
12 165
17 165
29 165
37 165
39 165
41 165
51 165
57 165
66 165
70 165
86 165
90 165
99 165
115 165
122 165
125 165
148 165
158 165
30 166
31 166
32 166
38 166
47 166
56 166
57 166
60 166
75 166
86 166
89 166
108 166
112 166
132 166
138 166
139 166
145 166
155 166
8 167
9 167
12 167
19 167
33 167
34 167
48 167
52 167
57 167
72 167
87 167
91 167
111 167
115 167
132 167
138 167
154 167
2 168
7 168
17 168
25 168
38 168
52 168
66 168
71 168
72 168
75 168
76 168
77 168
79 168
87 168
110 168
116 168
118 168
121 168
133 168
137 168
141 168
151 168
163 168
4 169
11 169
17 169
28 169
31 169
36 169
46 169
47 169
67 169
73 169
93 169
95 169
132 169
142 169
148 169
160 169
164 169
166 169
11 170
18 170
33 170
51 170
60 170
76 170
79 170
82 170
92 170
100 170
107 170
108 170
110 170
117 170
128 170
129 170
142 170
151 170
154 170
0 171
15 171
31 171
37 171
40 171
68 171
70 171
75 171
78 171
84 171
88 171
91 171
94 171
96 171
104 171
107 171
117 171
127 171
131 171
135 171
156 171
161 171
5 172
11 172
18 172
29 172
39 172
41 172
49 172
50 172
51 172
58 172
60 172
61 172
66 172
67 172
72 172
106 172
119 172
129 172
137 172
141 172
151 172
161 172
5 173
6 173
9 173
10 173
24 173
42 173
52 173
53 173
63 173
69 173
76 173
84 173
96 173
107 173
110 173
113 173
122 173
130 173
131 173
145 173
160 173
162 173
2 174
13 174
16 174
18 174
23 174
27 174
31 174
35 174
55 174
70 174
72 174
81 174
97 174
113 174
120 174
135 174
146 174
153 174
159 174
163 174
164 174
167 174
6 175
19 175
20 175
23 175
27 175
44 175
45 175
48 175
50 175
57 175
74 175
86 175
91 175
106 175
122 175
123 175
144 175
147 175
150 175
154 175
156 175
157 175
163 175
165 175
166 175
14 176
19 176
23 176
26 176
29 176
35 176
43 176
58 176
62 176
92 176
93 176
96 176
98 176
99 176
110 176
118 176
123 176
130 176
132 176
135 176
148 176
152 176
154 176
158 176
163 176
173 176
8 177
12 177
13 177
24 177
30 177
32 177
33 177
37 177
42 177
51 177
61 177
65 177
78 177
93 177
110 177
118 177
121 177
141 177
142 177
147 177
152 177
163 177
1 178
5 178
10 178
16 178
26 178
56 178
62 178
66 178
69 178
71 178
72 178
78 178
85 178
98 178
107 178
116 178
118 178
121 178
129 178
131 178
137 178
146 178
152 178
153 178
163 178
167 178
175 178
9 179
39 179
46 179
50 179
52 179
58 179
63 179
68 179
69 179
80 179
92 179
93 179
95 179
101 179
110 179
124 179
130 179
135 179
141 179
146 179
164 179
5 180
12 180
14 180
17 180
30 180
33 180
38 180
43 180
54 180
60 180
68 180
72 180
81 180
88 180
95 180
119 180
126 180
127 180
145 180
157 180
159 180
172 180
0 181
4 181
20 181
25 181
42 181
46 181
48 181
51 181
56 181
62 181
80 181
83 181
103 181
107 181
142 181
171 181
4 182
28 182
30 182
56 182
57 182
61 182
81 182
88 182
96 182
97 182
124 182
133 182
137 182
145 182
148 182
165 182
0 183
12 183
15 183
40 183
52 183
73 183
74 183
75 183
77 183
78 183
80 183
94 183
99 183
105 183
112 183
123 183
128 183
129 183
155 183
161 183
172 183
1 184
10 184
11 184
22 184
23 184
32 184
33 184
34 184
45 184
55 184
66 184
67 184
68 184
70 184
78 184
79 184
80 184
84 184
85 184
91 184
99 184
108 184
110 184
132 184
133 184
146 184
172 184
173 184
174 184
59 185
86 185
99 185
108 185
118 185
131 185
147 185
168 185
171 185
2 186
15 186
27 186
39 186
40 186
41 186
63 186
64 186
75 186
78 186
93 186
99 186
104 186
111 186
119 186
133 186
136 186
138 186
140 186
156 186
164 186
1 187
25 187
32 187
36 187
67 187
69 187
80 187
85 187
88 187
89 187
90 187
94 187
95 187
98 187
103 187
108 187
113 187
124 187
134 187
140 187
146 187
155 187
174 187
0 188
10 188
30 188
41 188
50 188
60 188
62 188
72 188
76 188
88 188
122 188
127 188
135 188
147 188
155 188
157 188
163 188
167 188
171 188
172 188
173 188
179 188
181 188
32 189
40 189
42 189
45 189
53 189
57 189
68 189
71 189
76 189
82 189
91 189
92 189
103 189
116 189
126 189
127 189
133 189
136 189
137 189
155 189
165 189
168 189
174 189
177 189
19 190
33 190
37 190
46 190
69 190
74 190
77 190
86 190
110 190
113 190
116 190
122 190
124 190
127 190
138 190
145 190
150 190
153 190
157 190
167 190
174 190
13 191
30 191
37 191
41 191
57 191
64 191
73 191
78 191
82 191
83 191
98 191
104 191
124 191
131 191
143 191
146 191
149 191
160 191
170 191
14 192
15 192
19 192
23 192
32 192
40 192
61 192
71 192
79 192
80 192
84 192
96 192
105 192
108 192
116 192
120 192
146 192
148 192
151 192
5 193
14 193
21 193
36 193
49 193
53 193
66 193
72 193
95 193
99 193
107 193
113 193
114 193
116 193
123 193
139 193
153 193
0 194
4 194
11 194
38 194
53 194
61 194
87 194
99 194
142 194
148 194
164 194
166 194
168 194
172 194
184 194
8 195
17 195
22 195
28 195
51 195
65 195
67 195
96 195
111 195
121 195
127 195
129 195
130 195
134 195
135 195
148 195
151 195
161 195
170 195
1 196
2 196
3 196
15 196
20 196
28 196
41 196
46 196
55 196
59 196
61 196
62 196
66 196
69 196
75 196
78 196
79 196
85 196
86 196
91 196
127 196
132 196
140 196
153 196
158 196
182 196
188 196
192 196
193 196
194 196
2 197
30 197
31 197
33 197
34 197
55 197
65 197
72 197
75 197
82 197
83 197
87 197
105 197
110 197
112 197
128 197
130 197
153 197
166 197
183 197
185 197
186 197
195 197
19 198
25 198
41 198
43 198
57 198
67 198
83 198
107 198
111 198
113 198
117 198
130 198
133 198
150 198
152 198
162 198
175 198
180 198
8 199
33 199
36 199
39 199
40 199
43 199
46 199
52 199
57 199
59 199
68 199
84 199
85 199
92 199
99 199
101 199
105 199
122 199
132 199
136 199
144 199
147 199
154 199
158 199
160 199
161 199
163 199
179 199
189 199
0 200
13 200
21 200
27 200
28 200
66 200
67 200
90 200
94 200
100 200
107 200
122 200
133 200
136 200
141 200
160 200
167 200
169 200
177 200
185 200
192 200
193 200
3 201
18 201
20 201
21 201
28 201
36 201
38 201
40 201
43 201
49 201
59 201
60 201
69 201
80 201
92 201
102 201
103 201
108 201
112 201
114 201
120 201
125 201
149 201
153 201
158 201
161 201
168 201
172 201
173 201
189 201
195 201
3 202
11 202
23 202
51 202
59 202
71 202
79 202
138 202
139 202
156 202
177 202
188 202
192 202
8 203
13 203
15 203
16 203
39 203
53 203
56 203
58 203
60 203
72 203
78 203
81 203
95 203
112 203
123 203
147 203
155 203
159 203
167 203
180 203
184 203
185 203
7 204
8 204
29 204
32 204
39 204
43 204
47 204
57 204
62 204
63 204
65 204
79 204
93 204
100 204
105 204
111 204
118 204
125 204
128 204
140 204
143 204
146 204
147 204
163 204
166 204
167 204
169 204
180 204
188 204
1 205
23 205
44 205
47 205
53 205
69 205
76 205
77 205
125 205
127 205
128 205
135 205
171 205
180 205
188 205
3 206
36 206
44 206
49 206
62 206
80 206
86 206
87 206
96 206
99 206
118 206
120 206
133 206
139 206
141 206
156 206
180 206
185 206
15 207
18 207
26 207
46 207
47 207
55 207
57 207
60 207
79 207
84 207
101 207
136 207
137 207
138 207
146 207
157 207
164 207
165 207
169 207
171 207
175 207
189 207
12 208
15 208
21 208
22 208
27 208
33 208
37 208
38 208
61 208
62 208
65 208
69 208
82 208
86 208
89 208
90 208
121 208
133 208
134 208
147 208
161 208
168 208
169 208
170 208
4 209
15 209
20 209
22 209
26 209
57 209
61 209
65 209
84 209
89 209
91 209
93 209
100 209
116 209
121 209
141 209
149 209
155 209
157 209
169 209
170 209
174 209
175 209
180 209
181 209
185 209
192 209
194 209
195 209
200 209
15 210
19 210
21 210
32 210
38 210
43 210
47 210
55 210
62 210
65 210
75 210
100 210
108 210
113 210
128 210
132 210
134 210
146 210
155 210
162 210
166 210
167 210
170 210
171 210
172 210
173 210
182 210
189 210
190 210
191 210
192 210
198 210
21 211
39 211
47 211
48 211
60 211
72 211
73 211
80 211
102 211
107 211
108 211
136 211
152 211
158 211
165 211
186 211
190 211
195 211
197 211
199 211
204 211
8 212
9 212
12 212
24 212
28 212
43 212
49 212
50 212
55 212
63 212
65 212
86 212
93 212
98 212
102 212
107 212
117 212
119 212
126 212
127 212
144 212
146 212
147 212
156 212
165 212
170 212
176 212
186 212
187 212
193 212
197 212
202 212
203 212
207 212
208 212
1 213
5 213
15 213
26 213
36 213
50 213
67 213
71 213
84 213
90 213
94 213
96 213
100 213
114 213
124 213
129 213
133 213
137 213
139 213
156 213
165 213
166 213
178 213
185 213
196 213
19 214
26 214
37 214
43 214
46 214
47 214
74 214
81 214
90 214
98 214
121 214
125 214
136 214
139 214
145 214
148 214
163 214
186 214
208 214
5 215
25 215
32 215
51 215
58 215
60 215
64 215
65 215
67 215
72 215
73 215
82 215
94 215
98 215
105 215
115 215
116 215
119 215
127 215
139 215
166 215
168 215
169 215
172 215
175 215
176 215
191 215
201 215
16 216
17 216
20 216
29 216
31 216
47 216
52 216
72 216
86 216
104 216
116 216
126 216
135 216
138 216
142 216
163 216
169 216
171 216
176 216
185 216
193 216
205 216
4 217
11 217
12 217
17 217
48 217
51 217
52 217
56 217
62 217
77 217
78 217
99 217
121 217
129 217
134 217
141 217
146 217
156 217
162 217
163 217
170 217
199 217
208 217
0 218
3 218
4 218
8 218
10 218
11 218
13 218
17 218
19 218
25 218
26 218
57 218
66 218
72 218
75 218
93 218
113 218
125 218
131 218
138 218
140 218
142 218
147 218
148 218
156 218
162 218
165 218
186 218
190 218
192 218
193 218
203 218
207 218
3 219
10 219
18 219
19 219
36 219
43 219
60 219
68 219
82 219
94 219
97 219
101 219
104 219
110 219
113 219
120 219
126 219
133 219
136 219
139 219
140 219
145 219
155 219
179 219
189 219
193 219
213 219
27 220
30 220
33 220
40 220
54 220
66 220
70 220
84 220
89 220
123 220
135 220
137 220
138 220
153 220
172 220
179 220
183 220
185 220
204 220
213 220
0 221
12 221
23 221
24 221
28 221
30 221
33 221
52 221
54 221
55 221
59 221
101 221
105 221
131 221
136 221
144 221
145 221
157 221
168 221
179 221
199 221
3 222
18 222
25 222
28 222
32 222
46 222
50 222
74 222
88 222
89 222
103 222
107 222
110 222
115 222
119 222
144 222
149 222
156 222
192 222
194 222
203 222
210 222
9 223
24 223
25 223
26 223
42 223
56 223
58 223
59 223
67 223
70 223
73 223
78 223
81 223
89 223
91 223
113 223
134 223
138 223
154 223
174 223
191 223
196 223
207 223
208 223
21 224
32 224
45 224
49 224
57 224
59 224
64 224
73 224
91 224
98 224
99 224
102 224
117 224
120 224
125 224
126 224
137 224
161 224
168 224
170 224
185 224
4 225
14 225
27 225
30 225
33 225
37 225
38 225
90 225
91 225
97 225
98 225
102 225
103 225
115 225
118 225
122 225
124 225
137 225
144 225
146 225
151 225
164 225
191 225
197 225
203 225
214 225
9 226
14 226
18 226
20 226
24 226
33 226
35 226
42 226
53 226
63 226
118 226
125 226
129 226
140 226
143 226
145 226
157 226
158 226
170 226
193 226
196 226
198 226
200 226
203 226
213 226
215 226
9 227
20 227
34 227
47 227
49 227
51 227
85 227
94 227
97 227
99 227
101 227
103 227
109 227
120 227
125 227
133 227
142 227
146 227
148 227
156 227
162 227
173 227
180 227
182 227
189 227
202 227
210 227
218 227
10 228
14 228
16 228
30 228
33 228
35 228
39 228
45 228
46 228
63 228
75 228
76 228
88 228
93 228
95 228
97 228
113 228
122 228
129 228
154 228
170 228
181 228
189 228
196 228
205 228
209 228
222 228
1 229
5 229
13 229
15 229
24 229
30 229
36 229
48 229
61 229
70 229
81 229
82 229
88 229
96 229
100 229
105 229
106 229
108 229
118 229
122 229
125 229
143 229
154 229
156 229
160 229
191 229
192 229
195 229
214 229
224 229
0 230
12 230
20 230
34 230
37 230
39 230
42 230
73 230
83 230
89 230
98 230
101 230
108 230
110 230
111 230
114 230
125 230
126 230
127 230
138 230
146 230
149 230
152 230
157 230
185 230
201 230
202 230
210 230
222 230
224 230
1 231
3 231
4 231
27 231
37 231
41 231
45 231
48 231
56 231
57 231
64 231
73 231
93 231
99 231
102 231
105 231
117 231
158 231
172 231
200 231
209 231
219 231
3 232
18 232
27 232
30 232
33 232
35 232
45 232
48 232
95 232
97 232
106 232
111 232
135 232
143 232
165 232
167 232
168 232
177 232
178 232
187 232
192 232
195 232
197 232
203 232
218 232
225 232
34 233
38 233
40 233
43 233
44 233
45 233
47 233
52 233
61 233
68 233
69 233
72 233
77 233
86 233
106 233
109 233
116 233
120 233
128 233
130 233
133 233
150 233
162 233
171 233
204 233
208 233
219 233
223 233
0 234
11 234
13 234
27 234
31 234
38 234
46 234
56 234
64 234
75 234
81 234
89 234
95 234
102 234
106 234
116 234
118 234
119 234
123 234
129 234
133 234
155 234
167 234
205 234
3 235
4 235
14 235
33 235
36 235
43 235
46 235
47 235
60 235
76 235
82 235
90 235
93 235
96 235
121 235
135 235
137 235
149 235
151 235
156 235
164 235
175 235
176 235
187 235
199 235
201 235
202 235
209 235
215 235
218 235
14 236
27 236
29 236
31 236
32 236
38 236
41 236
42 236
43 236
74 236
77 236
88 236
90 236
96 236
97 236
102 236
103 236
112 236
118 236
120 236
135 236
152 236
157 236
160 236
175 236
183 236
185 236
190 236
192 236
199 236
201 236
215 236
225 236
10 237
12 237
13 237
22 237
23 237
39 237
48 237
52 237
59 237
79 237
82 237
84 237
101 237
133 237
140 237
142 237
153 237
181 237
183 237
196 237
209 237
211 237
213 237
218 237
7 238
8 238
23 238
25 238
26 238
42 238
52 238
55 238
65 238
67 238
79 238
85 238
86 238
102 238
103 238
121 238
166 238
170 238
176 238
193 238
195 238
197 238
199 238
206 238
207 238
17 239
28 239
37 239
58 239
59 239
75 239
91 239
98 239
100 239
107 239
110 239
111 239
119 239
121 239
131 239
139 239
141 239
159 239
165 239
168 239
169 239
174 239
188 239
205 239
216 239
224 239
237 239
14 240
42 240
59 240
61 240
77 240
78 240
88 240
101 240
103 240
121 240
122 240
133 240
137 240
151 240
152 240
153 240
161 240
162 240
175 240
176 240
180 240
183 240
189 240
194 240
199 240
213 240
231 240
237 240
2 241
4 241
11 241
28 241
29 241
30 241
50 241
57 241
60 241
77 241
82 241
116 241
117 241
119 241
129 241
133 241
190 241
197 241
207 241
209 241
212 241
220 241
232 241
233 241
20 242
21 242
35 242
38 242
40 242
60 242
69 242
80 242
84 242
101 242
109 242
126 242
129 242
132 242
146 242
149 242
166 242
175 242
179 242
185 242
208 242
209 242
213 242
222 242
230 242
236 242
12 243
38 243
39 243
43 243
51 243
52 243
66 243
76 243
97 243
104 243
114 243
116 243
119 243
121 243
134 243
139 243
148 243
160 243
162 243
166 243
186 243
193 243
199 243
205 243
207 243
208 243
209 243
214 243
215 243
219 243
234 243
2 244
6 244
12 244
17 244
30 244
44 244
50 244
62 244
63 244
76 244
90 244
93 244
95 244
103 244
128 244
143 244
164 244
171 244
175 244
176 244
183 244
219 244
222 244
226 244
6 245
27 245
59 245
80 245
85 245
93 245
105 245
115 245
125 245
146 245
159 245
166 245
174 245
180 245
183 245
191 245
198 245
202 245
207 245
233 245
8 246
9 246
13 246
14 246
20 246
32 246
33 246
38 246
44 246
52 246
96 246
99 246
114 246
127 246
139 246
140 246
141 246
153 246
160 246
162 246
165 246
183 246
192 246
196 246
205 246
219 246
233 246
234 246
1 247
9 247
10 247
45 247
55 247
57 247
62 247
77 247
90 247
99 247
102 247
129 247
130 247
131 247
148 247
165 247
181 247
189 247
198 247
202 247
215 247
218 247
2 248
12 248
21 248
51 248
68 248
82 248
85 248
88 248
93 248
108 248
110 248
111 248
114 248
121 248
123 248
126 248
130 248
132 248
147 248
155 248
160 248
163 248
165 248
167 248
174 248
185 248
190 248
191 248
198 248
204 248
224 248
5 249
11 249
17 249
21 249
24 249
28 249
50 249
56 249
58 249
65 249
70 249
71 249
72 249
83 249
89 249
92 249
108 249
109 249
123 249
139 249
146 249
151 249
157 249
159 249
180 249
186 249
190 249
198 249
202 249
204 249
210 249
217 249
218 249
221 249
237 249
30 250
36 250
39 250
46 250
51 250
60 250
69 250
76 250
90 250
102 250
107 250
117 250
123 250
135 250
137 250
138 250
141 250
158 250
163 250
166 250
176 250
193 250
196 250
210 250
211 250
217 250
230 250
240 250
246 250
15 251
16 251
21 251
26 251
27 251
46 251
51 251
67 251
69 251
78 251
80 251
87 251
90 251
138 251
141 251
142 251
144 251
145 251
161 251
173 251
176 251
193 251
208 251
215 251
223 251
231 251
245 251
247 251
18 252
26 252
30 252
33 252
45 252
51 252
55 252
90 252
99 252
103 252
107 252
114 252
116 252
118 252
119 252
127 252
144 252
152 252
156 252
170 252
171 252
188 252
198 252
209 252
210 252
213 252
217 252
224 252
228 252
8 253
17 253
63 253
66 253
103 253
126 253
131 253
132 253
134 253
139 253
140 253
148 253
165 253
173 253
175 253
180 253
200 253
215 253
216 253
226 253
242 253
8 254
19 254
27 254
36 254
48 254
49 254
53 254
56 254
66 254
80 254
85 254
125 254
135 254
142 254
145 254
150 254
151 254
155 254
157 254
159 254
161 254
174 254
175 254
205 254
216 254
224 254
230 254
233 254
234 254
243 254
0 255
20 255
22 255
25 255
26 255
27 255
35 255
36 255
45 255
46 255
56 255
59 255
61 255
72 255
95 255
102 255
115 255
124 255
126 255
133 255
141 255
154 255
168 255
175 255
178 255
183 255
188 255
189 255
203 255
220 255
227 255
239 255
240 255
243 255
3 256
7 256
40 256
55 256
65 256
69 256
70 256
76 256
92 256
100 256
109 256
113 256
124 256
150 256
152 256
188 256
190 256
202 256
207 256
209 256
224 256
231 256
232 256
234 256
245 256
0 257
5 257
9 257
24 257
25 257
37 257
60 257
64 257
73 257
84 257
96 257
103 257
108 257
114 257
118 257
125 257
150 257
184 257
187 257
204 257
230 257
1 258
10 258
14 258
18 258
19 258
22 258
23 258
25 258
26 258
30 258
33 258
39 258
45 258
57 258
62 258
74 258
97 258
99 258
100 258
107 258
112 258
113 258
117 258
120 258
131 258
146 258
154 258
155 258
158 258
183 258
192 258
193 258
208 258
210 258
246 258
249 258
1 259
9 259
14 259
15 259
18 259
20 259
24 259
36 259
48 259
64 259
78 259
94 259
98 259
131 259
138 259
150 259
179 259
180 259
182 259
186 259
187 259
188 259
192 259
194 259
207 259
211 259
221 259
231 259
3 260
12 260
23 260
25 260
38 260
40 260
43 260
49 260
53 260
64 260
69 260
70 260
74 260
82 260
94 260
104 260
106 260
115 260
119 260
130 260
135 260
136 260
140 260
144 260
147 260
149 260
150 260
155 260
167 260
197 260
198 260
206 260
218 260
223 260
227 260
232 260
242 260
243 260
244 260
5 261
11 261
39 261
41 261
43 261
51 261
61 261
65 261
67 261
76 261
90 261
91 261
106 261
128 261
133 261
151 261
158 261
175 261
177 261
179 261
181 261
186 261
224 261
231 261
241 261
247 261
250 261
252 261
12 262
13 262
16 262
25 262
29 262
31 262
41 262
50 262
53 262
69 262
82 262
88 262
96 262
104 262
122 262
124 262
127 262
128 262
156 262
157 262
178 262
184 262
185 262
193 262
200 262
209 262
234 262
236 262
240 262
2 263
6 263
18 263
19 263
20 263
30 263
34 263
39 263
40 263
41 263
51 263
64 263
68 263
95 263
97 263
98 263
115 263
132 263
137 263
140 263
149 263
152 263
153 263
155 263
167 263
176 263
215 263
219 263
220 263
223 263
233 263
236 263
253 263
1 264
29 264
43 264
87 264
89 264
92 264
110 264
114 264
117 264
130 264
131 264
132 264
148 264
156 264
160 264
162 264
163 264
170 264
182 264
186 264
187 264
190 264
191 264
192 264
195 264
196 264
204 264
237 264
251 264
253 264
255 264
5 265
9 265
19 265
21 265
32 265
34 265
37 265
40 265
46 265
56 265
57 265
61 265
63 265
66 265
73 265
88 265
91 265
96 265
111 265
112 265
118 265
124 265
144 265
145 265
154 265
181 265
202 265
232 265
250 265
257 265
1 266
3 266
22 266
35 266
41 266
49 266
63 266
64 266
66 266
68 266
80 266
84 266
88 266
108 266
114 266
122 266
127 266
128 266
138 266
145 266
161 266
164 266
174 266
182 266
196 266
202 266
219 266
222 266
238 266
241 266
246 266
249 266
253 266
260 266
2 267
8 267
9 267
13 267
39 267
52 267
72 267
76 267
83 267
84 267
93 267
98 267
102 267
113 267
119 267
135 267
142 267
143 267
148 267
164 267
165 267
170 267
213 267
216 267
219 267
226 267
232 267
233 267
241 267
242 267
251 267
255 267
258 267
18 268
22 268
25 268
27 268
36 268
37 268
44 268
48 268
49 268
53 268
59 268
70 268
72 268
81 268
84 268
109 268
115 268
132 268
137 268
141 268
142 268
145 268
152 268
155 268
170 268
176 268
189 268
205 268
212 268
222 268
239 268
255 268
4 269
12 269
25 269
34 269
41 269
59 269
89 269
104 269
130 269
136 269
142 269
152 269
153 269
155 269
159 269
160 269
168 269
212 269
216 269
227 269
235 269
249 269
0 270
7 270
13 270
24 270
44 270
49 270
51 270
54 270
62 270
63 270
64 270
71 270
74 270
75 270
95 270
103 270
112 270
117 270
133 270
145 270
154 270
155 270
157 270
158 270
165 270
169 270
212 270
214 270
237 270
6 271
10 271
26 271
31 271
53 271
91 271
93 271
96 271
101 271
107 271
126 271
155 271
181 271
185 271
188 271
195 271
214 271
222 271
228 271
238 271
241 271
259 271
2 272
3 272
4 272
6 272
28 272
38 272
45 272
46 272
62 272
64 272
68 272
74 272
75 272
76 272
78 272
87 272
96 272
125 272
130 272
135 272
142 272
158 272
160 272
162 272
166 272
195 272
203 272
214 272
221 272
224 272
234 272
251 272
256 272
260 272
261 272
1 273
3 273
11 273
19 273
33 273
36 273
40 273
46 273
49 273
61 273
79 273
81 273
95 273
120 273
122 273
127 273
130 273
137 273
138 273
141 273
168 273
183 273
195 273
201 273
211 273
219 273
234 273
250 273
251 273
258 273
261 273
263 273
21 274
23 274
24 274
28 274
39 274
44 274
53 274
60 274
62 274
65 274
72 274
75 274
83 274
93 274
94 274
100 274
104 274
113 274
134 274
136 274
157 274
191 274
204 274
209 274
213 274
214 274
237 274
238 274
246 274
265 274
6 275
9 275
12 275
21 275
41 275
42 275
47 275
72 275
74 275
98 275
107 275
109 275
133 275
144 275
197 275
211 275
213 275
218 275
219 275
224 275
250 275
251 275
255 275
260 275
266 275
270 275
5 276
17 276
40 276
52 276
54 276
55 276
68 276
78 276
89 276
91 276
129 276
135 276
145 276
159 276
166 276
170 276
175 276
189 276
196 276
199 276
205 276
207 276
221 276
223 276
229 276
231 276
232 276
234 276
235 276
239 276
245 276
254 276
256 276
3 277
5 277
19 277
25 277
42 277
43 277
44 277
54 277
57 277
58 277
59 277
64 277
79 277
82 277
84 277
92 277
100 277
103 277
105 277
116 277
123 277
130 277
146 277
158 277
178 277
197 277
198 277
209 277
230 277
234 277
239 277
245 277
250 277
260 277
271 277
0 278
22 278
27 278
31 278
32 278
37 278
39 278
59 278
74 278
95 278
107 278
110 278
114 278
118 278
119 278
122 278
128 278
167 278
178 278
187 278
198 278
201 278
225 278
238 278
245 278
251 278
19 279
29 279
34 279
39 279
52 279
71 279
72 279
95 279
105 279
125 279
133 279
143 279
157 279
164 279
179 279
180 279
181 279
186 279
191 279
195 279
202 279
207 279
229 279
239 279
243 279
250 279
265 279
270 279
0 280
8 280
11 280
13 280
16 280
31 280
54 280
64 280
71 280
83 280
85 280
86 280
87 280
95 280
101 280
106 280
109 280
115 280
126 280
130 280
149 280
154 280
162 280
173 280
174 280
184 280
185 280
188 280
189 280
193 280
205 280
209 280
219 280
225 280
226 280
238 280
249 280
250 280
262 280
28 281
29 281
32 281
42 281
50 281
51 281
53 281
55 281
63 281
71 281
73 281
78 281
92 281
97 281
115 281
119 281
125 281
134 281
135 281
137 281
144 281
149 281
166 281
171 281
178 281
184 281
195 281
217 281
220 281
222 281
227 281
233 281
235 281
243 281
253 281
273 281
21 282
26 282
30 282
36 282
42 282
52 282
60 282
73 282
79 282
97 282
104 282
123 282
139 282
144 282
162 282
167 282
172 282
177 282
183 282
185 282
187 282
195 282
200 282
202 282
215 282
218 282
222 282
242 282
262 282
32 283
33 283
43 283
45 283
46 283
51 283
57 283
79 283
83 283
86 283
95 283
99 283
100 283
109 283
125 283
158 283
182 283
183 283
189 283
192 283
204 283
209 283
234 283
251 283
256 283
260 283
267 283
4 284
24 284
25 284
27 284
37 284
43 284
80 284
87 284
99 284
109 284
122 284
133 284
155 284
158 284
166 284
169 284
178 284
193 284
197 284
205 284
208 284
227 284
245 284
247 284
254 284
255 284
268 284
272 284
20 285
27 285
31 285
37 285
48 285
67 285
70 285
84 285
94 285
112 285
134 285
142 285
177 285
191 285
205 285
223 285
235 285
240 285
241 285
246 285
265 285
268 285
271 285
277 285
2 286
4 286
8 286
15 286
26 286
28 286
58 286
61 286
86 286
89 286
99 286
110 286
124 286
128 286
132 286
133 286
137 286
145 286
146 286
155 286
167 286
172 286
176 286
187 286
189 286
194 286
201 286
206 286
207 286
214 286
221 286
232 286
238 286
245 286
247 286
248 286
250 286
254 286
268 286
273 286
275 286
1 287
6 287
22 287
26 287
33 287
35 287
48 287
53 287
64 287
65 287
66 287
69 287
106 287
121 287
131 287
134 287
139 287
142 287
148 287
149 287
153 287
167 287
177 287
183 287
184 287
193 287
199 287
209 287
240 287
249 287
251 287
254 287
267 287
281 287
282 287
7 288
9 288
10 288
16 288
31 288
55 288
87 288
94 288
95 288
103 288
110 288
111 288
138 288
144 288
165 288
178 288
181 288
185 288
187 288
198 288
213 288
223 288
224 288
233 288
248 288
253 288
266 288
267 288
279 288
280 288
2 289
10 289
29 289
35 289
49 289
52 289
65 289
74 289
85 289
86 289
89 289
101 289
102 289
126 289
165 289
168 289
182 289
189 289
190 289
192 289
204 289
208 289
209 289
217 289
228 289
231 289
237 289
246 289
251 289
260 289
269 289
271 289
282 289
283 289
1 290
8 290
16 290
21 290
38 290
39 290
56 290
74 290
120 290
124 290
139 290
156 290
171 290
173 290
206 290
210 290
214 290
220 290
225 290
229 290
251 290
255 290
260 290
263 290
273 290
274 290
281 290
0 291
6 291
12 291
30 291
35 291
37 291
51 291
55 291
57 291
71 291
89 291
115 291
135 291
153 291
164 291
171 291
190 291
197 291
200 291
217 291
225 291
229 291
265 291
269 291
20 292
32 292
57 292
58 292
71 292
94 292
119 292
122 292
126 292
128 292
134 292
158 292
169 292
183 292
188 292
190 292
194 292
207 292
212 292
214 292
223 292
226 292
240 292
245 292
247 292
255 292
275 292
279 292
9 293
15 293
25 293
55 293
63 293
65 293
76 293
77 293
80 293
83 293
86 293
105 293
139 293
166 293
170 293
177 293
181 293
184 293
209 293
213 293
219 293
222 293
225 293
248 293
265 293
266 293
271 293
288 293
3 294
8 294
9 294
17 294
21 294
29 294
30 294
39 294
41 294
54 294
56 294
60 294
62 294
81 294
95 294
103 294
107 294
109 294
117 294
119 294
125 294
129 294
134 294
144 294
161 294
168 294
171 294
177 294
187 294
196 294
204 294
209 294
214 294
223 294
238 294
242 294
245 294
249 294
270 294
286 294
291 294
1 295
21 295
49 295
53 295
64 295
67 295
78 295
86 295
90 295
92 295
107 295
111 295
133 295
140 295
144 295
148 295
151 295
154 295
160 295
167 295
185 295
187 295
204 295
215 295
222 295
262 295
263 295
267 295
281 295
283 295
288 295
0 296
20 296
30 296
35 296
42 296
48 296
55 296
60 296
77 296
88 296
95 296
119 296
122 296
129 296
136 296
155 296
157 296
161 296
163 296
169 296
170 296
172 296
178 296
202 296
205 296
210 296
214 296
215 296
216 296
260 296
4 297
14 297
17 297
20 297
30 297
33 297
43 297
66 297
76 297
83 297
84 297
87 297
90 297
93 297
96 297
99 297
101 297
113 297
118 297
122 297
133 297
146 297
153 297
156 297
157 297
158 297
166 297
171 297
211 297
226 297
230 297
231 297
236 297
237 297
240 297
245 297
247 297
255 297
270 297
288 297
14 298
20 298
53 298
56 298
72 298
78 298
93 298
104 298
128 298
134 298
135 298
149 298
151 298
154 298
162 298
168 298
182 298
220 298
242 298
257 298
271 298
275 298
285 298
290 298
291 298
23 299
35 299
36 299
43 299
44 299
61 299
68 299
70 299
81 299
93 299
97 299
106 299
111 299
113 299
141 299
154 299
157 299
159 299
168 299
184 299
186 299
200 299
203 299
207 299
208 299
213 299
221 299
228 299
232 299
248 299
252 299
267 299
270 299
271 299
272 299
284 299
