300 2970 5
6 5 10 3 1 4 1 4 20 3 1 7 2 2 12 5 7 6 31 1 7 5 7 1 4 2 24 4 1 3 1 3 2 2 2 6 1 6 3 7 2 2 10 5 1 20 7 19 4 3 5 6 4 4 6 1 8 4 2 8 16 1 10 8 12 8 2 20 1 11 6 32 3 38 7 1 6 4 1 5 2 2 4 21 51 2 3 1 54 6 3 1 16 3 2 3 1 26 14 7 8 21 5 3 4 2 3 3 6 51 26 2 8 13 6 10 3 3 5 13 4 8 14 2 33 9 2 3 27 23 6 1 6 4 4 5 21 16 27 20 3 4 1 3 19 4 13 25 1 5 2 2 11 4 1 17 3 3 6 7 5 4 2 11 4 7 1 28 16 14 4 2 2 7 19 12 5 5 5 5 4 1 8 10 2 6 2 3 7 18 1 6 19 4 5 3 10 6 12 2 38 24 20 3 1 13 9 20 3 48 1 10 14 9 5 8 10 30 9 9 33 9 3 7 7 14 5 2 16 5 6 14 4 2 1 5 11 1 5 2 21 13 10 4 2 3 13 4 7 2 2 17 7 6 9 1 11 5 15 5 4 5 8 1 11 2 24 2 1 4 4 4 7 3 5 4 25 21 2 5 1 8 14 5 3 2 7 3 1 3 2 28 6 9 1 11 16 3 1 6
1 12
10 13
8 14
8 15
10 15
0 16
1 16
5 17
10 17
0 18
2 18
6 18
9 18
4 19
7 19
7 22
3 23
7 23
7 24
8 25
18 26
21 26
3 27
4 27
16 27
13 28
16 29
8 31
12 31
14 31
22 31
12 32
25 32
9 33
13 33
6 34
27 34
2 35
14 35
15 35
29 35
33 35
4 36
14 36
21 37
9 38
19 38
33 38
34 38
2 39
8 41
12 42
18 42
21 42
22 42
33 42
2 43
17 43
29 43
32 43
2 44
18 44
6 47
9 47
27 47
32 47
0 48
13 48
14 48
23 48
24 48
25 48
13 50
17 50
13 51
12 52
17 52
22 52
26 52
27 52
38 52
32 53
37 53
50 53
10 54
48 54
0 55
34 55
46 55
8 56
16 56
20 57
24 57
31 57
50 57
34 58
45 58
48 58
8 59
11 59
18 59
25 59
29 59
35 59
46 59
0 60
17 60
33 60
51 60
52 60
1 62
3 62
6 62
34 62
47 62
52 62
31 63
42 63
57 63
6 64
24 64
42 64
14 65
4 66
27 66
38 67
53 67
12 68
16 68
20 68
24 68
30 68
32 68
44 68
53 68
1 69
5 69
51 69
59 69
63 69
65 69
46 70
0 71
23 71
36 71
54 71
68 71
12 72
35 72
50 72
11 73
38 73
66 73
13 74
26 74
29 74
67 74
51 75
59 75
60 75
67 75
18 76
20 76
26 76
36 76
37 76
41 76
44 76
52 76
64 76
9 77
12 77
27 77
34 77
58 77
73 77
11 78
37 78
48 78
40 79
53 79
0 80
17 80
18 80
20 80
58 80
62 80
63 80
75 80
1 81
23 81
27 81
66 81
7 82
12 82
24 82
29 82
35 82
45 82
56 82
57 82
68 82
4 83
7 83
9 83
45 83
56 83
57 83
41 84
49 84
54 84
57 84
69 84
70 84
5 85
16 85
25 85
44 85
49 85
56 85
19 86
20 86
32 86
35 86
46 86
57 86
67 86
72 86
80 86
1 87
32 87
47 87
78 87
1 88
31 88
54 88
73 88
14 89
18 89
38 89
63 89
64 89
74 89
10 90
73 90
74 90
78 90
81 90
63 91
11 92
34 92
60 92
61 92
2 93
5 93
67 93
72 93
5 94
11 94
16 94
24 94
27 94
30 94
31 94
36 94
45 94
70 94
22 95
23 95
41 95
43 95
75 95
81 95
11 96
12 96
15 96
42 96
53 96
7 97
9 97
19 97
28 97
41 97
55 97
71 97
78 97
3 98
25 98
57 98
63 98
76 98
19 99
28 99
39 99
47 99
85 99
4 100
5 100
19 100
25 100
35 100
41 100
42 100
59 100
65 100
66 100
73 100
93 100
6 101
7 101
19 101
29 101
38 101
69 101
71 101
86 101
90 101
92 101
1 102
15 102
19 102
21 102
35 102
66 102
72 102
26 103
42 103
77 103
79 103
92 103
49 104
51 104
77 104
88 104
10 105
30 105
41 105
63 105
71 105
79 105
87 105
3 106
10 106
24 106
52 106
72 106
81 106
2 107
13 107
27 107
32 107
11 108
47 108
72 108
74 108
82 108
83 108
84 108
15 109
18 109
68 109
80 109
83 109
25 110
41 110
57 110
58 110
64 110
74 110
0 111
7 111
22 111
25 111
29 111
33 111
86 111
93 111
3 112
11 112
28 112
30 112
37 112
38 112
42 112
56 112
67 112
70 112
82 112
10 113
21 113
40 113
45 113
61 113
85 113
90 113
93 113
101 113
3 114
26 114
29 114
31 114
40 114
79 114
94 114
12 115
45 115
53 115
64 115
71 115
78 115
84 115
98 115
103 115
111 115
19 116
21 116
22 116
31 116
38 116
48 116
54 116
56 116
57 116
91 116
98 116
109 116
2 117
10 117
12 117
20 117
23 117
28 117
43 117
48 117
50 117
58 117
64 117
76 117
82 117
101 117
108 117
18 118
28 118
41 118
43 118
77 118
18 119
28 119
64 119
75 119
20 120
50 120
58 120
84 120
94 120
17 121
19 121
21 121
30 121
45 121
69 121
76 121
80 121
83 121
22 122
29 122
30 122
34 122
45 122
6 123
24 123
27 123
29 123
57 123
59 123
66 123
79 123
4 124
16 124
23 124
31 124
56 124
58 124
68 124
78 124
81 124
103 124
109 124
19 125
21 125
23 125
26 125
34 125
60 125
71 125
96 125
112 125
0 126
1 126
14 126
16 126
19 126
23 126
48 126
52 126
75 126
87 126
90 126
95 126
104 126
22 127
26 127
44 127
87 127
103 127
109 127
111 127
48 128
50 128
69 128
74 128
77 128
92 128
102 128
106 128
31 129
34 129
44 129
52 129
78 129
83 129
87 129
98 129
106 129
114 129
67 130
71 130
97 130
104 130
113 130
119 130
7 131
34 131
42 131
77 131
94 131
99 131
104 131
114 131
118 131
2 132
16 132
38 132
51 132
60 132
68 132
78 132
79 132
87 132
97 132
106 132
14 133
15 133
67 133
81 133
89 133
94 133
107 133
126 133
6 134
8 134
14 134
19 134
47 134
48 134
86 134
90 134
92 134
101 134
108 134
115 134
119 134
37 135
42 135
53 135
60 135
67 135
70 135
82 135
95 135
126 135
2 136
25 136
59 136
81 136
93 136
108 136
120 136
9 137
34 137
38 137
74 137
85 137
87 137
94 137
104 137
120 137
26 138
41 138
46 138
47 138
71 138
89 138
93 138
95 138
101 138
103 138
25 139
51 139
61 139
66 139
82 139
85 139
86 139
101 139
104 139
110 139
4 140
19 140
32 140
39 140
43 140
52 140
64 140
69 140
74 140
79 140
81 140
100 140
2 141
16 141
25 141
27 141
36 141
50 141
116 141
121 141
20 142
25 142
35 142
46 142
56 142
60 142
77 142
27 143
49 143
53 143
57 143
77 143
85 143
105 143
110 143
133 143
14 144
16 144
26 144
34 144
50 144
57 144
67 144
76 144
106 144
137 144
139 144
15 145
24 145
36 145
37 145
47 145
89 145
90 145
111 145
129 145
13 146
25 146
27 146
56 146
114 146
121 146
7 147
15 147
23 147
29 147
44 147
48 147
59 147
63 147
69 147
72 147
84 147
85 147
131 147
3 148
19 148
48 148
54 148
76 148
109 148
114 148
123 148
8 149
46 149
48 149
51 149
61 149
91 149
95 149
98 149
102 149
107 149
124 149
140 149
4 150
5 150
23 150
41 150
52 150
59 150
62 150
97 150
110 150
123 150
133 150
140 150
14 151
20 151
25 151
35 151
51 151
83 151
95 151
111 151
144 151
21 152
23 152
29 152
48 152
74 152
84 152
129 152
26 153
44 153
53 153
55 153
64 153
99 153
119 153
121 153
137 153
7 154
10 154
39 154
44 154
62 154
89 154
109 154
120 154
126 154
127 154
42 155
51 155
69 155
87 155
9 156
24 156
31 156
55 156
58 156
61 156
80 156
89 156
101 156
104 156
112 156
125 156
138 156
33 157
53 157
54 157
55 157
84 157
92 157
127 157
128 157
132 157
141 157
7 158
22 158
26 158
59 158
68 158
80 158
83 158
99 158
112 158
116 158
119 158
13 159
19 159
27 159
32 159
50 159
63 159
65 159
81 159
83 159
84 159
95 159
117 159
136 159
138 159
147 159
6 160
22 160
27 160
41 160
55 160
56 160
59 160
94 160
96 160
97 160
107 160
109 160
117 160
129 160
132 160
1 161
24 161
28 161
106 161
135 161
137 161
18 162
52 162
65 162
116 162
144 162
15 163
35 163
39 163
46 163
52 163
64 163
75 163
83 163
88 163
94 163
97 163
101 163
115 163
117 163
154 163
12 164
15 164
33 164
43 164
103 164
112 164
136 164
143 164
145 164
153 164
3 165
6 165
29 165
33 165
45 165
85 165
99 165
101 165
119 165
124 165
5 166
8 166
9 166
31 166
77 166
79 166
88 166
107 166
116 166
129 166
140 166
158 166
159 166
160 166
34 167
76 167
88 167
94 167
114 167
121 167
122 167
125 167
153 167
4 168
12 168
31 168
44 168
73 168
96 168
104 168
105 168
110 168
128 168
129 168
143 168
10 169
21 169
23 169
30 169
44 169
61 169
112 169
116 169
122 169
134 169
22 170
29 170
73 170
101 170
107 170
114 170
159 170
16 171
19 171
21 171
85 171
94 171
106 171
124 171
130 171
152 171
13 172
16 172
65 172
82 172
85 172
88 172
96 172
97 172
103 172
117 172
135 172
154 172
156 172
161 172
29 173
40 173
48 173
94 173
100 173
124 173
163 173
164 173
169 173
8 174
12 174
18 174
34 174
36 174
45 174
46 174
52 174
74 174
110 174
124 174
128 174
132 174
134 174
26 175
30 175
36 175
49 175
72 175
75 175
109 175
111 175
114 175
128 175
147 175
161 175
168 175
1 176
14 176
23 176
37 176
91 176
123 176
128 176
129 176
171 176
1 177
2 177
12 177
42 177
56 177
70 177
76 177
82 177
83 177
90 177
95 177
97 177
153 177
164 177
168 177
9 178
28 178
36 178
67 178
68 178
72 178
86 178
104 178
133 178
151 178
161 178
3 179
56 179
57 179
59 179
65 179
81 179
99 179
102 179
106 179
114 179
157 179
163 179
169 179
170 179
34 180
39 180
58 180
64 180
65 180
86 180
88 180
96 180
107 180
129 180
162 180
45 181
73 181
90 181
114 181
131 181
139 181
156 181
3 182
6 182
13 182
27 182
31 182
36 182
52 182
90 182
93 182
95 182
97 182
103 182
144 182
155 182
159 182
3 183
50 183
71 183
73 183
82 183
87 183
99 183
112 183
149 183
178 183
29 184
40 184
54 184
61 184
62 184
63 184
79 184
90 184
110 184
118 184
138 184
147 184
156 184
6 185
32 185
44 185
53 185
55 185
62 185
97 185
98 185
107 185
125 185
148 185
175 185
63 186
65 186
95 186
108 186
132 186
149 186
151 186
163 186
171 186
175 186
5 187
9 187
13 187
49 187
68 187
94 187
96 187
99 187
113 187
118 187
134 187
135 187
140 187
152 187
174 187
16 188
29 188
104 188
131 188
132 188
141 188
154 188
21 189
34 189
71 189
73 189
84 189
97 189
117 189
120 189
124 189
148 189
168 189
171 189
178 189
15 190
44 190
61 190
79 190
88 190
135 190
152 190
160 190
176 190
15 191
22 191
42 191
56 191
69 191
70 191
91 191
103 191
119 191
141 191
145 191
8 192
13 192
47 192
51 192
67 192
71 192
82 192
84 192
120 192
128 192
133 192
140 192
141 192
143 192
171 192
2 193
19 193
34 193
39 193
40 193
43 193
63 193
81 193
90 193
96 193
99 193
101 193
107 193
116 193
125 193
130 193
135 193
161 193
174 193
180 193
9 194
63 194
70 194
128 194
137 194
7 195
31 195
54 195
65 195
68 195
71 195
86 195
89 195
92 195
113 195
116 195
145 195
160 195
172 195
177 195
181 195
9 196
20 196
40 196
48 196
88 196
95 196
110 196
116 196
117 196
121 196
130 196
154 196
155 196
157 196
8 197
11 197
50 197
53 197
55 197
70 197
96 197
106 197
114 197
121 197
138 197
154 197
190 197
2 198
5 198
41 198
46 198
53 198
72 198
81 198
91 198
100 198
135 198
153 198
175 198
11 199
43 199
52 199
82 199
87 199
89 199
92 199
99 199
107 199
138 199
153 199
175 199
178 199
54 200
79 200
98 200
116 200
136 200
152 200
186 200
188 200
1 201
5 201
12 201
28 201
33 201
47 201
69 201
73 201
74 201
79 201
112 201
117 201
145 201
163 201
170 201
171 201
177 201
181 201
17 202
57 202
60 202
77 202
101 202
103 202
108 202
140 202
149 202
160 202
165 202
167 202
191 202
0 203
19 203
74 203
83 203
87 203
97 203
98 203
123 203
157 203
163 203
171 203
185 203
189 203
33 204
37 204
40 204
41 204
43 204
51 204
55 204
70 204
93 204
94 204
110 204
113 204
119 204
124 204
125 204
160 204
188 204
189 204
7 205
8 205
36 205
54 205
96 205
103 205
111 205
141 205
149 205
163 205
187 205
13 206
17 206
18 206
25 206
36 206
38 206
56 206
65 206
81 206
87 206
90 206
99 206
107 206
117 206
123 206
142 206
151 206
173 206
4 207
14 207
59 207
60 207
77 207
93 207
98 207
126 207
137 207
148 207
150 207
153 207
182 207
194 207
195 207
29 208
32 208
45 208
46 208
74 208
78 208
89 208
93 208
95 208
139 208
146 208
158 208
165 208
184 208
194 208
199 208
16 209
40 209
41 209
51 209
53 209
59 209
74 209
78 209
113 209
126 209
131 209
135 209
148 209
149 209
163 209
165 209
168 209
170 209
171 209
24 210
28 210
35 210
72 210
118 210
119 210
135 210
142 210
145 210
156 210
158 210
179 210
189 210
192 210
1 211
3 211
27 211
32 211
73 211
80 211
87 211
88 211
99 211
107 211
122 211
133 211
145 211
150 211
171 211
178 211
202 211
24 212
32 212
40 212
49 212
77 212
116 212
156 212
158 212
160 212
166 212
171 212
173 212
196 212
209 212
25 213
38 213
73 213
84 213
105 213
129 213
177 213
23 214
114 214
137 214
167 214
182 214
208 214
38 215
48 215
90 215
93 215
96 215
99 215
139 215
153 215
163 215
179 215
196 215
197 215
4 216
29 216
31 216
43 216
51 216
61 216
70 216
96 216
104 216
109 216
137 216
155 216
178 216
187 216
34 217
64 217
83 217
93 217
96 217
114 217
118 217
128 217
129 217
138 217
140 217
141 217
148 217
150 217
154 217
155 217
161 217
172 217
184 217
192 217
198 217
0 218
1 218
16 218
31 218
64 218
91 218
121 218
136 218
156 218
160 218
179 218
184 218
194 218
198 218
212 218
8 219
21 219
36 219
55 219
78 219
79 219
90 219
96 219
107 219
108 219
111 219
128 219
158 219
161 219
166 219
174 219
183 219
191 219
206 219
16 220
18 220
20 220
27 220
35 220
36 220
56 220
110 220
144 220
150 220
170 220
172 220
191 220
196 220
204 220
211 220
213 220
5 221
10 221
25 221
52 221
70 221
100 221
126 221
135 221
138 221
159 221
188 221
191 221
206 221
213 221
12 222
38 222
54 222
91 222
93 222
97 222
118 222
121 222
159 222
164 222
195 222
200 222
205 222
209 222
217 222
218 222
19 223
26 223
37 223
57 223
72 223
110 223
122 223
131 223
137 223
138 223
143 223
163 223
192 223
207 223
5 224
8 224
44 224
54 224
58 224
78 224
103 224
106 224
160 224
174 224
180 224
25 225
32 225
34 225
48 225
107 225
122 225
137 225
143 225
184 225
44 226
72 226
82 226
92 226
112 226
116 226
123 226
137 226
167 226
190 226
194 226
196 226
201 226
203 226
208 226
27 227
36 227
55 227
74 227
76 227
92 227
131 227
162 227
175 227
192 227
204 227
212 227
6 228
19 228
36 228
45 228
49 228
59 228
64 228
81 228
82 228
114 228
117 228
118 228
128 228
149 228
156 228
165 228
167 228
171 228
177 228
187 228
195 228
200 228
5 229
10 229
20 229
51 229
54 229
93 229
102 229
109 229
138 229
145 229
166 229
177 229
203 229
211 229
213 229
215 229
220 229
3 230
8 230
13 230
16 230
21 230
23 230
53 230
70 230
75 230
111 230
113 230
152 230
176 230
178 230
186 230
191 230
212 230
218 230
219 230
222 230
226 230
12 231
46 231
56 231
86 231
96 231
104 231
114 231
165 231
182 231
197 231
206 231
225 231
18 232
37 232
39 232
63 232
65 232
68 232
69 232
96 232
99 232
107 232
125 232
159 232
172 232
183 232
210 232
52 233
55 233
76 233
93 233
106 233
125 233
152 233
165 233
174 233
178 233
186 233
196 233
203 233
13 234
38 234
74 234
77 234
78 234
79 234
82 234
110 234
132 234
145 234
150 234
168 234
182 234
190 234
197 234
204 234
209 234
3 235
5 235
31 235
34 235
43 235
52 235
60 235
65 235
67 235
76 235
83 235
133 235
139 235
147 235
173 235
174 235
175 235
189 235
193 235
206 235
214 235
220 235
223 235
227 235
5 236
25 236
27 236
29 236
36 236
52 236
62 236
86 236
108 236
116 236
117 236
123 236
135 236
170 236
177 236
186 236
211 236
212 236
217 236
227 236
27 237
29 237
50 237
54 237
60 237
67 237
74 237
83 237
87 237
88 237
105 237
107 237
117 237
158 237
211 237
221 237
16 238
19 238
22 238
23 238
120 238
134 238
151 238
174 238
184 238
196 238
202 238
216 238
223 238
0 239
14 239
54 239
66 239
93 239
152 239
157 239
172 239
183 239
189 239
228 239
230 239
5 240
16 240
25 240
26 240
72 240
99 240
105 240
106 240
109 240
110 240
129 240
130 240
144 240
159 240
173 240
182 240
191 240
195 240
199 240
216 240
18 241
26 241
27 241
39 241
79 241
88 241
89 241
90 241
91 241
92 241
98 241
99 241
103 241
111 241
118 241
119 241
155 241
171 241
182 241
184 241
203 241
215 241
217 241
232 241
2 242
22 242
28 242
49 242
75 242
92 242
108 242
112 242
137 242
150 242
157 242
170 242
175 242
3 243
6 243
11 243
17 243
37 243
61 243
73 243
84 243
94 243
98 243
137 243
144 243
154 243
161 243
170 243
194 243
206 243
234 243
236 243
4 244
6 244
18 244
20 244
31 244
36 244
40 244
55 244
73 244
91 244
97 244
111 244
142 244
164 244
182 244
200 244
211 244
218 244
220 244
24 245
29 245
34 245
44 245
46 245
61 245
76 245
77 245
107 245
114 245
141 245
142 245
148 245
170 245
192 245
195 245
202 245
212 245
232 245
0 246
1 246
34 246
66 246
75 246
80 246
81 246
83 246
89 246
102 246
131 246
135 246
136 246
137 246
146 246
159 246
160 246
166 246
181 246
190 246
201 246
205 246
11 247
12 247
67 247
93 247
135 247
163 247
178 247
189 247
190 247
192 247
194 247
203 247
212 247
220 247
11 248
16 248
40 248
79 248
81 248
84 248
103 248
104 248
139 248
148 248
156 248
163 248
192 248
198 248
209 248
216 248
223 248
34 249
64 249
90 249
104 249
112 249
117 249
130 249
134 249
135 249
137 249
145 249
148 249
152 249
154 249
161 249
169 249
179 249
196 249
198 249
199 249
205 249
211 249
214 249
227 249
8 250
89 250
105 250
135 250
139 250
164 250
178 250
192 250
209 250
225 250
236 250
238 250
28 251
29 251
49 251
94 251
106 251
130 251
135 251
154 251
173 251
190 251
202 251
211 251
15 252
19 252
25 252
30 252
32 252
59 252
93 252
98 252
111 252
113 252
119 252
138 252
161 252
169 252
181 252
183 252
206 252
219 252
234 252
236 252
11 253
21 253
30 253
32 253
38 253
46 253
55 253
89 253
142 253
171 253
214 253
3 254
35 254
47 254
50 254
51 254
55 254
91 254
132 254
133 254
154 254
172 254
173 254
200 254
209 254
215 254
237 254
247 254
2 255
6 255
35 255
95 255
126 255
134 255
135 255
137 255
149 255
176 255
187 255
192 255
196 255
240 255
247 255
19 256
21 256
28 256
50 256
56 256
65 256
74 256
79 256
82 256
85 256
100 256
107 256
119 256
122 256
131 256
139 256
191 256
208 256
215 256
238 256
241 256
0 257
6 257
18 257
20 257
21 257
31 257
70 257
76 257
81 257
83 257
109 257
111 257
188 257
205 257
227 257
238 257
242 257
10 258
18 258
35 258
37 258
40 258
49 258
54 258
83 258
87 258
98 258
103 258
119 258
123 258
126 258
177 258
195 258
207 258
212 258
214 258
248 258
251 258
253 258
39 259
64 259
67 259
98 259
101 259
108 259
153 259
154 259
157 259
159 259
167 259
178 259
200 259
202 259
210 259
230 259
234 259
0 260
8 260
15 260
66 260
70 260
99 260
129 260
145 260
148 260
152 260
184 260
213 260
249 260
2 261
5 261
22 261
48 261
56 261
82 261
105 261
118 261
141 261
164 261
170 261
245 261
21 262
36 262
47 262
51 262
56 262
104 262
119 262
131 262
156 262
179 262
196 262
236 262
243 262
247 262
252 262
25 263
46 263
48 263
68 263
99 263
102 263
125 263
132 263
137 263
148 263
165 263
171 263
181 263
188 263
193 263
195 263
213 263
229 263
237 263
238 263
249 263
11 264
15 264
22 264
36 264
39 264
80 264
89 264
94 264
97 264
115 264
135 264
139 264
157 264
158 264
171 264
217 264
249 264
6 265
7 265
15 265
21 265
34 265
43 265
67 265
110 265
119 265
121 265
123 265
133 265
149 265
166 265
168 265
172 265
182 265
186 265
215 265
222 265
248 265
249 265
29 266
39 266
59 266
67 266
112 266
126 266
127 266
148 266
163 266
185 266
194 266
199 266
204 266
223 266
238 266
5 267
8 267
27 267
45 267
76 267
97 267
102 267
109 267
126 267
144 267
163 267
206 267
247 267
2 268
27 268
29 268
47 268
62 268
71 268
88 268
96 268
150 268
153 268
164 268
180 268
187 268
195 268
220 268
251 268
252 268
253 268
255 268
263 268
22 269
30 269
67 269
69 269
80 269
112 269
125 269
127 269
137 269
150 269
179 269
187 269
192 269
194 269
201 269
213 269
224 269
229 269
234 269
235 269
245 269
23 270
41 270
62 270
81 270
82 270
88 270
108 270
114 270
139 270
141 270
142 270
188 270
190 270
192 270
203 270
215 270
216 270
242 270
252 270
264 270
3 271
13 271
15 271
34 271
45 271
61 271
126 271
132 271
137 271
148 271
182 271
183 271
240 271
9 272
15 272
35 272
40 272
78 272
82 272
85 272
129 272
140 272
164 272
173 272
201 272
203 272
217 272
220 272
240 272
6 273
20 273
25 273
30 273
50 273
84 273
86 273
109 273
125 273
141 273
150 273
157 273
177 273
224 273
233 273
4 274
21 274
31 274
45 274
81 274
86 274
90 274
91 274
127 274
131 274
139 274
149 274
182 274
183 274
188 274
190 274
220 274
222 274
223 274
262 274
10 275
13 275
20 275
44 275
49 275
59 275
98 275
103 275
108 275
115 275
119 275
122 275
124 275
149 275
160 275
165 275
174 275
178 275
180 275
198 275
203 275
205 275
206 275
213 275
228 275
254 275
1 276
11 276
25 276
28 276
52 276
53 276
58 276
74 276
108 276
132 276
133 276
149 276
159 276
164 276
244 276
10 277
69 277
89 277
93 277
117 277
139 277
149 277
212 277
236 277
255 277
263 277
269 277
275 277
7 278
19 278
56 278
63 278
75 278
89 278
116 278
121 278
126 278
158 278
168 278
174 278
191 278
195 278
214 278
251 278
259 278
8 279
9 279
10 279
23 279
40 279
53 279
54 279
61 279
67 279
75 279
77 279
87 279
92 279
97 279
102 279
104 279
131 279
133 279
142 279
144 279
155 279
167 279
169 279
178 279
203 279
205 279
211 279
239 279
256 279
263 279
0 280
14 280
30 280
34 280
54 280
126 280
136 280
212 280
229 280
237 280
7 281
8 281
40 281
47 281
58 281
67 281
92 281
100 281
111 281
112 281
115 281
129 281
134 281
137 281
143 281
154 281
159 281
160 281
228 281
231 281
235 281
242 281
252 281
266 281
4 282
26 282
35 282
45 282
70 282
81 282
88 282
90 282
114 282
128 282
130 282
134 282
154 282
180 282
184 282
200 282
217 282
222 282
240 282
245 282
259 282
12 283
58 283
70 283
72 283
106 283
140 283
151 283
155 283
165 283
174 283
178 283
181 283
261 283
265 283
266 283
17 284
25 284
28 284
54 284
58 284
60 284
73 284
111 284
125 284
140 284
180 284
186 284
227 284
246 284
252 284
253 284
0 285
3 285
40 285
44 285
79 285
94 285
98 285
100 285
111 285
143 285
155 285
165 285
188 285
192 285
211 285
247 285
255 285
262 285
270 285
271 285
2 286
10 286
24 286
25 286
57 286
112 286
116 286
123 286
129 286
145 286
149 286
170 286
200 286
214 286
219 286
236 286
248 286
251 286
256 286
267 286
3 287
13 287
37 287
41 287
46 287
70 287
77 287
102 287
108 287
115 287
153 287
173 287
177 287
192 287
204 287
205 287
246 287
252 287
268 287
275 287
18 288
55 288
75 288
79 288
106 288
146 288
164 288
165 288
177 288
190 288
201 288
210 288
261 288
9 289
39 289
48 289
51 289
65 289
81 289
85 289
99 289
102 289
137 289
140 289
143 289
173 289
180 289
193 289
198 289
210 289
233 289
246 289
258 289
9 290
22 290
29 290
36 290
45 290
53 290
83 290
140 290
183 290
194 290
249 290
65 291
67 291
68 291
123 291
129 291
134 291
150 291
158 291
160 291
173 291
177 291
178 291
189 291
191 291
214 291
226 291
243 291
246 291
261 291
265 291
33 292
35 292
41 292
44 292
48 292
58 292
83 292
104 292
116 292
123 292
153 292
154 292
190 292
213 292
232 292
240 292
253 292
262 292
268 292
270 292
275 292
5 293
12 293
16 293
18 293
21 293
29 293
32 293
37 293
47 293
49 293
65 293
91 293
100 293
106 293
115 293
139 293
160 293
169 293
225 293
226 293
230 293
246 293
251 293
272 293
2 294
30 294
31 294
40 294
44 294
96 294
110 294
132 294
134 294
136 294
167 294
173 294
178 294
209 294
211 294
222 294
255 294
279 294
2 295
36 295
37 295
56 295
74 295
81 295
83 295
85 295
93 295
97 295
101 295
146 295
191 295
236 295
255 295
260 295
269 295
278 295
8 296
15 296
36 296
65 296
108 296
122 296
141 296
149 296
150 296
165 296
169 296
179 296
190 296
196 296
213 296
218 296
231 296
12 297
22 297
25 297
39 297
45 297
52 297
63 297
73 297
78 297
80 297
84 297
93 297
106 297
112 297
121 297
134 297
142 297
143 297
148 297
150 297
175 297
178 297
185 297
187 297
192 297
196 297
197 297
200 297
242 297
273 297
1 298
28 298
37 298
49 298
61 298
64 298
94 298
99 298
181 298
190 298
218 298
225 298
251 298
260 298
263 298
276 298
31 299
46 299
53 299
55 299
69 299
97 299
124 299
129 299
134 299
156 299
158 299
177 299
190 299
192 299
193 299
194 299
198 299
216 299
223 299
235 299
240 299
241 299
246 299
248 299
278 299
