300 3867 5
1 11 24 10 3 3 8 1 8 11 22 9 25 4 5 17 4 10 6 31 2 6 19 4 12 1 3 2 8 14 8 10 4 3 7 3 5 4 7 32 22 12 4 5 9 1 5 11 1 5 3 4 4 1 12 19 10 4 8 12 2 12 2 4 6 5 3 2 3 3 3 8 10 1 2 9 37 3 4 11 19 21 3 3 17 6 1 1 5 1 4 9 5 17 29 1 3 6 19 2 5 1 3 20 3 2 3 28 16 14 10 3 1 17 9 2 1 7 7 12 1 2 1 11 32 2 7 3 10 6 2 9 7 64 1 3 6 2 6 19 1 7 2 3 1 7 2 1 9 2 4 1 2 14 12 34 2 9 21 10 21 4 4 7 9 3 1 13 40 5 4 1 7 3 11 5 5 4 8 5 5 13 21 2 3 5 4 2 6 13 15 2 3 1 4 6 5 2 11 19 17 8 8 3 15 6 7 6 10 3 54 10 14 16 3 29 17 1 8 4 29 5 9 7 15 34 2 23 10 14 7 3 3 2 35 2 2 11 9 6 5 8 1 4 2 2 5 3 5 13 24 15 6 22 1 14 5 16 10 2 2 9 35 10 3 9 12 10 1 7 2 4 3 19 3 3 9 3 30 12 2 60 14 17 9 16 10 1 1 3 5 5 7 1 3 2 8 7 24 16
1 11
7 11
2 12
3 14
6 15
7 15
2 17
1 19
4 19
1 20
7 20
5 22
9 24
14 24
9 25
14 25
9 27
18 27
1 28
6 28
11 28
13 28
3 29
9 29
14 29
3 30
5 30
20 30
22 30
2 31
4 31
10 31
11 31
1 32
19 32
0 33
20 34
8 35
10 35
10 36
19 36
22 36
24 36
30 36
0 37
22 37
23 37
0 38
1 38
28 38
30 39
34 39
8 40
17 40
21 40
25 40
31 40
6 41
10 41
16 42
28 42
34 42
5 43
29 43
19 44
36 44
38 44
5 45
14 45
22 45
16 46
38 46
0 47
16 47
20 47
30 47
42 47
2 48
10 48
12 48
17 48
34 48
9 49
20 49
23 49
42 49
2 50
7 50
9 50
24 50
27 50
31 50
33 50
1 51
2 51
4 51
26 51
28 51
15 52
29 52
13 53
22 53
27 53
35 53
40 53
26 54
32 54
40 54
41 54
43 54
48 54
1 55
21 55
29 55
29 56
21 57
35 57
39 57
43 57
49 57
0 58
17 58
25 58
28 58
34 58
36 58
43 58
51 58
52 58
27 59
30 59
40 59
43 59
51 59
29 60
14 61
16 61
21 61
41 61
48 61
10 62
12 62
10 63
12 63
18 63
19 63
26 63
33 63
39 63
47 63
7 64
11 64
12 64
16 64
17 64
40 64
1 65
2 65
6 65
7 65
34 65
43 65
1 66
33 66
40 66
47 66
25 67
27 67
28 67
42 67
48 67
60 67
4 68
11 68
24 68
52 68
54 68
0 69
11 69
17 69
20 69
32 69
36 69
38 69
55 69
57 69
4 70
5 70
11 70
33 70
39 70
62 70
65 70
27 71
30 71
32 71
43 71
54 71
64 71
0 72
46 72
48 73
55 73
59 73
12 74
17 74
27 74
30 74
56 74
15 75
25 75
27 75
28 75
40 75
41 75
43 75
44 75
46 75
49 75
56 75
2 76
9 76
30 76
42 76
49 76
51 76
52 76
59 76
64 76
66 76
73 76
5 77
35 77
36 77
41 77
52 77
61 77
63 77
10 78
19 78
25 78
31 78
41 78
47 78
48 78
60 78
70 78
72 78
47 79
60 79
3 80
25 80
30 80
39 80
53 80
62 80
65 80
67 80
72 80
74 80
16 81
68 81
2 82
8 82
26 82
42 82
47 82
75 82
3 83
7 83
18 83
36 83
72 83
26 84
27 84
50 84
53 84
72 84
78 84
0 85
14 85
65 85
73 85
25 86
30 86
39 86
42 86
54 86
55 86
57 86
78 86
10 87
16 87
22 87
41 87
56 87
59 87
69 87
1 88
2 88
38 88
49 88
57 88
68 88
76 88
1 89
33 89
64 89
65 89
13 90
30 90
42 90
54 90
56 90
63 90
67 90
1 91
14 91
61 91
64 91
68 91
79 91
3 92
4 92
12 92
25 92
57 92
81 92
12 93
24 93
53 93
54 93
55 93
56 93
2 94
19 94
26 94
36 94
48 94
51 94
54 94
67 94
80 94
84 94
17 95
43 95
59 95
61 95
90 95
12 96
14 96
24 96
36 96
48 96
50 96
62 96
72 96
76 96
89 96
14 97
16 97
20 97
23 97
31 97
34 97
39 97
45 97
55 97
63 97
71 97
92 97
2 98
9 98
25 98
47 98
52 98
78 98
82 98
0 99
6 99
12 99
20 99
45 99
47 99
49 99
53 99
57 99
72 99
87 99
92 99
1 100
4 100
22 100
31 100
33 100
42 100
43 100
45 100
48 100
54 100
85 100
98 100
2 101
9 101
17 101
48 101
53 101
54 101
56 101
60 101
74 101
75 101
79 101
80 101
3 102
8 102
18 102
59 102
64 102
76 102
81 102
4 103
14 103
21 103
48 103
58 103
69 103
78 103
81 103
89 103
3 104
5 104
35 104
36 104
42 104
46 104
52 104
65 104
73 104
82 104
93 104
96 104
1 105
6 105
7 105
9 105
27 105
32 105
43 105
54 105
55 105
81 105
84 105
86 105
39 106
62 106
2 107
25 107
31 107
45 107
47 107
57 107
72 107
79 107
86 107
99 107
6 108
7 108
15 108
19 108
25 108
58 108
99 108
3 109
23 109
31 109
57 109
66 109
84 109
1 110
6 110
16 110
35 110
48 110
49 110
55 110
80 110
88 110
13 111
24 111
27 111
41 111
42 111
54 111
69 111
77 111
84 111
97 111
8 112
15 112
28 112
42 112
58 112
60 112
70 112
83 112
90 112
10 113
24 113
27 113
30 113
57 113
70 113
81 113
83 113
4 114
36 114
38 114
46 114
55 114
61 114
65 114
80 114
14 115
18 115
29 115
30 115
54 115
65 115
68 115
77 115
93 115
96 115
99 115
4 116
28 116
31 116
39 116
40 116
60 116
63 116
68 116
84 116
113 116
114 116
7 117
15 117
19 117
31 117
33 117
37 117
57 117
94 117
103 117
104 117
107 117
111 117
114 117
0 118
4 118
21 118
45 118
57 118
67 118
77 118
94 118
103 118
108 118
109 118
0 119
3 119
28 119
29 119
41 119
51 119
52 119
61 119
79 119
86 119
87 119
106 119
16 120
26 120
27 120
39 120
41 120
66 120
71 120
102 120
107 120
111 120
10 121
42 121
77 121
87 121
91 121
93 121
22 122
33 122
40 122
59 122
72 122
96 122
16 123
19 123
25 123
27 123
29 123
36 123
66 123
67 123
83 123
104 123
109 123
18 124
23 124
32 124
68 124
71 124
80 124
92 124
10 125
14 125
15 125
18 125
59 125
70 125
93 125
107 125
112 125
114 125
9 126
15 126
24 126
43 126
59 126
61 126
65 126
71 126
72 126
103 126
26 127
34 127
41 127
63 127
64 127
99 127
108 127
110 127
111 127
0 128
5 128
12 128
20 128
26 128
34 128
39 128
42 128
46 128
61 128
66 128
97 128
98 128
109 128
117 128
118 128
7 129
9 129
10 129
11 129
13 129
25 129
28 129
35 129
38 129
57 129
72 129
77 129
87 129
117 129
3 130
19 130
33 130
36 130
40 130
49 130
66 130
96 130
11 131
29 131
39 131
45 131
66 131
68 131
73 131
74 131
88 131
106 131
109 131
12 132
18 132
35 132
75 132
92 132
103 132
119 132
33 133
39 133
43 133
45 133
53 133
99 133
101 133
102 133
113 133
8 134
34 134
39 134
56 134
61 134
92 134
103 134
111 134
112 134
128 134
28 135
51 135
56 135
57 135
63 135
69 135
75 135
79 135
100 135
13 136
15 136
19 136
33 136
46 136
59 136
60 136
61 136
62 136
67 136
70 136
86 136
92 136
108 136
122 136
128 136
7 137
16 137
23 137
26 137
37 137
42 137
47 137
52 137
54 137
59 137
64 137
65 137
66 137
82 137
118 137
128 137
132 137
1 138
11 138
15 138
27 138
32 138
33 138
35 138
36 138
55 138
60 138
63 138
66 138
73 138
99 138
113 138
122 138
32 139
37 139
59 139
65 139
80 139
99 139
100 139
101 139
104 139
109 139
119 139
121 139
124 139
132 139
3 140
8 140
9 140
10 140
31 140
33 140
35 140
43 140
55 140
59 140
63 140
78 140
82 140
91 140
104 140
117 140
119 140
21 141
53 141
58 141
59 141
63 141
74 141
93 141
114 141
118 141
120 141
127 141
129 141
12 142
71 142
83 142
84 142
86 142
88 142
92 142
99 142
100 142
124 142
25 143
39 143
41 143
53 143
58 143
66 143
91 143
92 143
2 144
8 144
14 144
18 144
24 144
25 144
27 144
32 144
47 144
53 144
63 144
68 144
69 144
70 144
83 144
86 144
118 144
124 144
127 144
128 144
10 145
15 145
18 145
28 145
78 145
116 145
1 146
10 146
14 146
35 146
38 146
44 146
70 146
88 146
96 146
98 146
119 146
122 146
140 146
4 147
20 147
53 147
65 147
87 147
94 147
96 147
106 147
109 147
113 147
123 147
129 147
135 147
25 148
48 148
55 148
62 148
66 148
94 148
106 148
136 148
20 149
39 149
40 149
47 149
48 149
49 149
76 149
102 149
103 149
104 149
122 149
142 149
20 150
21 150
64 150
106 150
108 150
129 150
141 150
9 151
16 151
23 151
24 151
27 151
28 151
30 151
67 151
73 151
96 151
97 151
115 151
120 151
126 151
141 151
13 152
22 152
23 152
31 152
45 152
46 152
48 152
56 152
63 152
70 152
74 152
86 152
102 152
117 152
129 152
138 152
2 153
16 153
21 153
24 153
48 153
59 153
77 153
80 153
84 153
105 153
112 153
117 153
123 153
1 154
12 154
15 154
21 154
33 154
35 154
79 154
84 154
91 154
104 154
119 154
130 154
131 154
134 154
3 155
13 155
16 155
22 155
29 155
54 155
60 155
64 155
69 155
70 155
73 155
74 155
88 155
91 155
100 155
110 155
114 155
119 155
128 155
11 156
32 156
40 156
47 156
64 156
77 156
97 156
103 156
106 156
12 157
19 157
36 157
46 157
81 157
84 157
91 157
98 157
108 157
110 157
121 157
129 157
137 157
2 158
40 158
59 158
74 158
77 158
82 158
119 158
131 158
145 158
146 158
152 158
5 159
20 159
23 159
85 159
88 159
108 159
112 159
115 159
125 159
126 159
129 159
131 159
134 159
1 160
9 160
28 160
37 160
50 160
58 160
65 160
76 160
79 160
81 160
92 160
122 160
8 161
18 161
38 161
74 161
94 161
122 161
125 161
135 161
149 161
153 161
5 162
39 162
45 162
48 162
50 162
88 162
99 162
100 162
109 162
110 162
113 162
115 162
130 162
134 162
136 162
145 162
20 163
22 163
23 163
27 163
30 163
32 163
38 163
64 163
70 163
86 163
110 163
121 163
124 163
138 163
142 163
30 164
45 164
57 164
89 164
97 164
134 164
150 164
154 164
1 165
9 165
18 165
21 165
25 165
37 165
42 165
43 165
48 165
50 165
54 165
79 165
93 165
102 165
130 165
136 165
157 165
5 166
12 166
16 166
45 166
53 166
88 166
89 166
91 166
103 166
105 166
112 166
116 166
123 166
131 166
142 166
158 166
8 167
10 167
50 167
55 167
57 167
58 167
79 167
82 167
85 167
97 167
105 167
122 167
132 167
147 167
158 167
11 168
37 168
53 168
56 168
60 168
89 168
103 168
123 168
124 168
134 168
138 168
142 168
148 168
150 168
15 169
30 169
35 169
47 169
48 169
75 169
76 169
97 169
100 169
101 169
122 169
150 169
152 169
159 169
6 170
10 170
11 170
25 170
29 170
34 170
38 170
54 170
66 170
87 170
97 170
108 170
117 170
118 170
125 170
132 170
151 170
4 171
6 171
19 171
25 171
41 171
45 171
58 171
68 171
74 171
81 171
89 171
94 171
101 171
114 171
136 171
137 171
140 171
6 172
12 172
24 172
54 172
59 172
66 172
71 172
78 172
79 172
87 172
94 172
115 172
125 172
126 172
131 172
134 172
152 172
0 173
14 173
36 173
37 173
48 173
62 173
87 173
119 173
124 173
129 173
139 173
148 173
167 173
5 174
10 174
16 174
49 174
64 174
91 174
93 174
98 174
111 174
159 174
162 174
166 174
20 175
22 175
68 175
70 175
71 175
75 175
81 175
84 175
86 175
109 175
136 175
144 175
151 175
164 175
167 175
9 176
22 176
23 176
25 176
26 176
42 176
70 176
78 176
79 176
80 176
86 176
91 176
111 176
114 176
144 176
153 176
21 177
32 177
54 177
59 177
66 177
80 177
105 177
111 177
114 177
143 177
144 177
172 177
16 178
23 178
34 178
54 178
60 178
74 178
77 178
134 178
136 178
146 178
156 178
170 178
0 179
45 179
46 179
58 179
76 179
110 179
111 179
112 179
130 179
154 179
157 179
168 179
2 180
6 180
30 180
31 180
34 180
40 180
50 180
77 180
79 180
101 180
103 180
110 180
112 180
116 180
127 180
142 180
148 180
159 180
168 180
2 181
15 181
35 181
46 181
73 181
87 181
89 181
92 181
95 181
102 181
115 181
116 181
125 181
170 181
1 182
12 182
17 182
62 182
66 182
69 182
73 182
84 182
85 182
90 182
92 182
102 182
103 182
111 182
112 182
119 182
123 182
130 182
140 182
151 182
168 182
0 183
12 183
15 183
18 183
22 183
29 183
30 183
41 183
68 183
82 183
88 183
107 183
114 183
134 183
161 183
172 183
173 183
175 183
177 183
2 184
3 184
40 184
46 184
48 184
52 184
63 184
70 184
112 184
113 184
116 184
137 184
140 184
142 184
149 184
158 184
161 184
172 184
16 185
32 185
45 185
49 185
63 185
76 185
82 185
88 185
108 185
116 185
147 185
155 185
164 185
19 186
38 186
71 186
77 186
80 186
81 186
92 186
95 186
113 186
135 186
139 186
155 186
157 186
162 186
174 186
6 187
23 187
40 187
51 187
55 187
57 187
73 187
91 187
129 187
160 187
41 188
43 188
58 188
82 188
83 188
85 188
92 188
103 188
104 188
111 188
114 188
141 188
179 188
2 189
12 189
24 189
31 189
34 189
43 189
59 189
95 189
122 189
136 189
143 189
149 189
152 189
161 189
165 189
178 189
4 190
23 190
25 190
74 190
75 190
76 190
84 190
103 190
138 190
143 190
169 190
176 190
7 191
10 191
28 191
40 191
77 191
80 191
82 191
90 191
99 191
112 191
128 191
129 191
136 191
155 191
159 191
177 191
0 192
3 192
6 192
9 192
18 192
21 192
33 192
35 192
59 192
62 192
63 192
80 192
88 192
99 192
106 192
112 192
114 192
155 192
181 192
10 193
12 193
25 193
32 193
45 193
46 193
54 193
66 193
79 193
89 193
114 193
131 193
161 193
167 193
168 193
169 193
4 194
11 194
58 194
80 194
91 194
94 194
103 194
106 194
110 194
115 194
142 194
147 194
153 194
170 194
179 194
21 195
52 195
56 195
68 195
73 195
86 195
96 195
104 195
112 195
121 195
127 195
146 195
154 195
173 195
180 195
11 196
57 196
70 196
71 196
72 196
86 196
92 196
106 196
125 196
126 196
141 196
151 196
156 196
166 196
168 196
8 197
23 197
29 197
36 197
40 197
41 197
50 197
88 197
118 197
127 197
137 197
146 197
155 197
159 197
181 197
0 198
1 198
8 198
20 198
32 198
37 198
43 198
47 198
103 198
105 198
110 198
117 198
126 198
144 198
153 198
158 198
163 198
1 199
10 199
16 199
18 199
36 199
45 199
53 199
57 199
86 199
115 199
117 199
126 199
128 199
129 199
167 199
169 199
175 199
179 199
180 199
184 199
189 199
192 199
10 200
43 200
45 200
46 200
48 200
65 200
78 200
106 200
109 200
113 200
157 200
159 200
169 200
175 200
28 201
30 201
33 201
46 201
70 201
91 201
92 201
106 201
108 201
110 201
141 201
142 201
149 201
183 201
2 202
8 202
22 202
27 202
38 202
51 202
53 202
72 202
77 202
79 202
95 202
96 202
102 202
130 202
136 202
139 202
151 202
155 202
162 202
171 202
172 202
178 202
188 202
16 203
36 203
52 203
53 203
68 203
85 203
97 203
107 203
129 203
132 203
146 203
155 203
159 203
169 203
182 203
187 203
194 203
9 204
54 204
62 204
68 204
95 204
97 204
121 204
133 204
169 204
180 204
192 204
9 205
12 205
32 205
34 205
43 205
45 205
86 205
135 205
154 205
157 205
176 205
177 205
179 205
189 205
56 206
63 206
99 206
100 206
109 206
125 206
132 206
151 206
154 206
173 206
188 206
192 206
0 207
4 207
5 207
13 207
15 207
22 207
28 207
32 207
59 207
65 207
69 207
96 207
99 207
102 207
112 207
132 207
139 207
163 207
183 207
187 207
7 208
11 208
14 208
23 208
41 208
51 208
53 208
67 208
71 208
72 208
76 208
77 208
116 208
134 208
150 208
151 208
165 208
182 208
189 208
193 208
197 208
202 208
3 209
9 209
12 209
16 209
26 209
27 209
28 209
41 209
55 209
87 209
97 209
106 209
115 209
124 209
127 209
132 209
150 209
157 209
166 209
180 209
193 209
6 210
13 210
14 210
47 210
48 210
63 210
73 210
90 210
116 210
121 210
130 210
150 210
158 210
159 210
160 210
171 210
179 210
185 210
198 210
3 211
6 211
14 211
20 211
21 211
26 211
35 211
57 211
58 211
63 211
75 211
77 211
93 211
106 211
114 211
122 211
139 211
151 211
167 211
170 211
194 211
1 212
16 212
19 212
26 212
39 212
49 212
51 212
52 212
56 212
73 212
79 212
80 212
92 212
94 212
102 212
109 212
113 212
134 212
159 212
167 212
182 212
188 212
206 212
207 212
209 212
38 213
54 213
76 213
101 213
103 213
107 213
112 213
114 213
118 213
138 213
149 213
160 213
173 213
179 213
192 213
194 213
211 213
6 214
11 214
14 214
17 214
28 214
40 214
53 214
57 214
58 214
59 214
74 214
114 214
122 214
157 214
189 214
201 214
203 214
4 215
5 215
6 215
8 215
19 215
26 215
39 215
59 215
60 215
72 215
75 215
91 215
92 215
101 215
106 215
117 215
123 215
130 215
137 215
148 215
149 215
152 215
155 215
169 215
180 215
189 215
203 215
207 215
5 216
15 216
18 216
20 216
34 216
57 216
71 216
76 216
100 216
112 216
131 216
136 216
142 216
159 216
160 216
184 216
202 216
206 216
209 216
2 217
6 217
11 217
19 217
28 217
64 217
81 217
87 217
95 217
102 217
114 217
121 217
130 217
131 217
134 217
142 217
181 217
198 217
2 218
7 218
38 218
39 218
41 218
49 218
59 218
67 218
72 218
95 218
100 218
104 218
106 218
116 218
152 218
168 218
173 218
202 218
207 218
2 219
20 219
30 219
33 219
48 219
80 219
83 219
89 219
101 219
102 219
104 219
115 219
141 219
159 219
186 219
190 219
191 219
197 219
7 220
9 220
18 220
44 220
54 220
69 220
82 220
94 220
102 220
103 220
128 220
131 220
132 220
138 220
153 220
179 220
184 220
199 220
12 221
22 221
23 221
30 221
38 221
42 221
46 221
57 221
78 221
101 221
104 221
107 221
117 221
132 221
141 221
148 221
162 221
169 221
177 221
180 221
197 221
207 221
5 222
14 222
17 222
21 222
30 222
36 222
39 222
56 222
61 222
70 222
74 222
77 222
79 222
80 222
81 222
115 222
120 222
135 222
138 222
144 222
145 222
146 222
193 222
195 222
207 222
214 222
10 223
18 223
25 223
35 223
37 223
38 223
43 223
44 223
46 223
53 223
54 223
68 223
70 223
75 223
79 223
85 223
86 223
87 223
92 223
95 223
103 223
105 223
121 223
125 223
130 223
141 223
150 223
155 223
183 223
194 223
211 223
217 223
2 224
9 224
10 224
20 224
49 224
69 224
72 224
73 224
97 224
99 224
108 224
142 224
155 224
163 224
183 224
186 224
197 224
204 224
215 224
9 225
13 225
32 225
68 225
79 225
91 225
94 225
113 225
135 225
165 225
169 225
172 225
174 225
175 225
176 225
180 225
185 225
195 225
199 225
203 225
205 225
211 225
219 225
5 226
15 226
19 226
23 226
26 226
36 226
52 226
55 226
58 226
66 226
76 226
95 226
105 226
112 226
126 226
129 226
130 226
170 226
173 226
185 226
201 226
210 226
211 226
1 227
23 227
37 227
39 227
43 227
46 227
53 227
54 227
56 227
79 227
87 227
101 227
112 227
120 227
128 227
129 227
135 227
136 227
140 227
143 227
152 227
154 227
164 227
173 227
185 227
192 227
197 227
208 227
211 227
2 228
8 228
17 228
30 228
41 228
45 228
50 228
55 228
77 228
78 228
106 228
119 228
126 228
128 228
146 228
147 228
152 228
161 228
165 228
173 228
179 228
193 228
195 228
207 228
4 229
8 229
17 229
18 229
29 229
48 229
50 229
53 229
61 229
62 229
85 229
93 229
94 229
107 229
116 229
124 229
142 229
192 229
200 229
205 229
215 229
220 229
7 230
18 230
31 230
53 230
73 230
78 230
84 230
90 230
93 230
101 230
103 230
108 230
114 230
121 230
135 230
136 230
142 230
145 230
210 230
222 230
1 231
8 231
24 231
25 231
35 231
50 231
64 231
65 231
68 231
99 231
109 231
113 231
132 231
142 231
144 231
154 231
169 231
178 231
206 231
216 231
219 231
220 231
7 232
18 232
25 232
30 232
32 232
36 232
45 232
75 232
76 232
79 232
81 232
89 232
90 232
91 232
110 232
124 232
132 232
135 232
137 232
144 232
153 232
180 232
197 232
206 232
213 232
216 232
221 232
228 232
17 233
25 233
50 233
59 233
64 233
94 233
99 233
149 233
155 233
173 233
189 233
203 233
212 233
216 233
5 234
7 234
9 234
18 234
25 234
106 234
111 234
124 234
131 234
137 234
156 234
160 234
161 234
180 234
209 234
223 234
226 234
28 235
37 235
40 235
58 235
63 235
85 235
90 235
94 235
98 235
119 235
126 235
127 235
152 235
164 235
172 235
221 235
11 236
13 236
16 236
30 236
31 236
34 236
40 236
41 236
62 236
78 236
89 236
98 236
104 236
106 236
139 236
147 236
153 236
164 236
172 236
189 236
216 236
217 236
17 237
18 237
30 237
33 237
40 237
67 237
86 237
87 237
100 237
102 237
117 237
142 237
152 237
160 237
161 237
170 237
174 237
182 237
184 237
188 237
198 237
199 237
203 237
206 237
213 237
224 237
12 238
13 238
28 238
32 238
33 238
34 238
45 238
48 238
65 238
68 238
85 238
90 238
92 238
98 238
104 238
105 238
110 238
114 238
126 238
131 238
143 238
159 238
206 238
214 238
220 238
224 238
41 239
47 239
58 239
59 239
61 239
63 239
70 239
71 239
100 239
106 239
110 239
114 239
115 239
126 239
164 239
225 239
6 240
10 240
14 240
25 240
31 240
35 240
52 240
58 240
61 240
65 240
75 240
85 240
89 240
101 240
117 240
120 240
146 240
163 240
172 240
199 240
203 240
209 240
215 240
7 241
8 241
11 241
39 241
56 241
108 241
121 241
131 241
132 241
133 241
168 241
171 241
185 241
195 241
210 241
214 241
6 242
9 242
11 242
60 242
63 242
73 242
76 242
99 242
100 242
104 242
113 242
115 242
126 242
132 242
139 242
148 242
156 242
170 242
176 242
180 242
194 242
204 242
237 242
15 243
20 243
33 243
47 243
54 243
56 243
62 243
81 243
104 243
106 243
109 243
119 243
123 243
141 243
191 243
201 243
202 243
204 243
206 243
209 243
223 243
13 244
20 244
25 244
30 244
33 244
41 244
44 244
60 244
80 244
110 244
117 244
131 244
132 244
147 244
156 244
183 244
196 244
200 244
218 244
10 245
15 245
44 245
74 245
94 245
115 245
122 245
135 245
138 245
149 245
160 245
176 245
177 245
182 245
208 245
224 245
234 245
237 245
240 245
19 246
26 246
29 246
72 246
73 246
75 246
104 246
107 246
142 246
144 246
157 246
176 246
200 246
202 246
205 246
217 246
22 247
32 247
33 247
36 247
47 247
48 247
55 247
73 247
78 247
84 247
116 247
118 247
137 247
168 247
179 247
201 247
214 247
217 247
233 247
4 248
34 248
48 248
52 248
57 248
63 248
78 248
93 248
105 248
115 248
120 248
135 248
136 248
145 248
150 248
165 248
206 248
209 248
237 248
21 249
26 249
36 249
38 249
43 249
51 249
57 249
66 249
80 249
85 249
93 249
100 249
105 249
125 249
146 249
157 249
158 249
176 249
177 249
216 249
236 249
239 249
7 250
9 250
40 250
42 250
53 250
62 250
66 250
72 250
91 250
92 250
111 250
126 250
155 250
156 250
189 250
196 250
197 250
209 250
14 251
29 251
32 251
44 251
63 251
73 251
110 251
111 251
120 251
133 251
155 251
162 251
166 251
182 251
197 251
198 251
206 251
217 251
236 251
7 252
56 252
63 252
104 252
111 252
119 252
150 252
158 252
164 252
165 252
172 252
178 252
183 252
186 252
188 252
202 252
212 252
218 252
8 253
10 253
16 253
24 253
66 253
75 253
95 253
101 253
113 253
130 253
131 253
147 253
155 253
163 253
165 253
171 253
174 253
202 253
225 253
238 253
4 254
10 254
18 254
26 254
28 254
53 254
54 254
60 254
62 254
64 254
75 254
111 254
113 254
123 254
139 254
156 254
160 254
165 254
169 254
196 254
198 254
204 254
226 254
236 254
245 254
7 255
18 255
25 255
44 255
51 255
67 255
75 255
106 255
107 255
110 255
146 255
148 255
157 255
160 255
185 255
204 255
207 255
213 255
223 255
235 255
253 255
1 256
15 256
16 256
38 256
39 256
47 256
53 256
58 256
76 256
77 256
79 256
99 256
121 256
122 256
130 256
156 256
162 256
163 256
170 256
199 256
204 256
207 256
215 256
219 256
243 256
245 256
12 257
14 257
25 257
28 257
32 257
39 257
41 257
106 257
115 257
118 257
126 257
137 257
144 257
146 257
167 257
201 257
208 257
215 257
224 257
225 257
226 257
233 257
236 257
22 258
24 258
32 258
35 258
47 258
48 258
51 258
58 258
59 258
62 258
69 258
70 258
79 258
90 258
103 258
106 258
112 258
125 258
126 258
127 258
138 258
145 258
149 258
160 258
167 258
180 258
183 258
193 258
196 258
201 258
227 258
232 258
25 259
31 259
35 259
41 259
48 259
53 259
59 259
72 259
73 259
76 259
86 259
102 259
108 259
114 259
122 259
131 259
138 259
143 259
156 259
157 259
165 259
167 259
199 259
207 259
232 259
234 259
235 259
250 259
251 259
13 260
18 260
30 260
34 260
52 260
62 260
64 260
74 260
89 260
91 260
102 260
104 260
118 260
119 260
120 260
137 260
138 260
155 260
157 260
178 260
179 260
186 260
209 260
213 260
220 260
229 260
238 260
242 260
247 260
253 260
0 261
8 261
13 261
54 261
86 261
115 261
123 261
144 261
146 261
160 261
169 261
170 261
185 261
188 261
192 261
217 261
236 261
239 261
241 261
249 261
251 261
2 262
20 262
22 262
30 262
41 262
47 262
50 262
76 262
80 262
81 262
87 262
109 262
110 262
116 262
135 262
136 262
139 262
142 262
145 262
169 262
183 262
194 262
221 262
242 262
247 262
253 262
260 262
1 263
3 263
8 263
24 263
25 263
29 263
30 263
47 263
54 263
68 263
97 263
100 263
109 263
110 263
128 263
132 263
151 263
156 263
178 263
179 263
196 263
203 263
208 263
231 263
238 263
2 264
22 264
25 264
30 264
41 264
53 264
74 264
93 264
105 264
107 264
109 264
113 264
124 264
139 264
148 264
150 264
153 264
162 264
177 264
185 264
187 264
196 264
198 264
208 264
209 264
210 264
231 264
232 264
248 264
254 264
25 265
41 265
50 265
65 265
81 265
87 265
101 265
104 265
106 265
134 265
136 265
157 265
159 265
166 265
171 265
179 265
182 265
188 265
191 265
207 265
222 265
223 265
233 265
234 265
235 265
243 265
248 265
252 265
0 266
32 266
42 266
46 266
47 266
54 266
58 266
63 266
69 266
73 266
84 266
86 266
94 266
104 266
105 266
109 266
115 266
122 266
128 266
129 266
133 266
153 266
160 266
177 266
208 266
234 266
239 266
248 266
255 266
3 267
4 267
28 267
48 267
50 267
57 267
58 267
76 267
79 267
88 267
94 267
102 267
107 267
110 267
125 267
126 267
129 267
130 267
133 267
194 267
201 267
226 267
1 268
3 268
5 268
32 268
35 268
63 268
79 268
81 268
84 268
96 268
97 268
113 268
123 268
130 268
131 268
161 268
164 268
170 268
186 268
201 268
202 268
212 268
215 268
231 268
237 268
245 268
248 268
25 269
38 269
48 269
91 269
94 269
101 269
109 269
116 269
140 269
151 269
154 269
161 269
179 269
210 269
212 269
222 269
233 269
234 269
265 269
2 270
22 270
28 270
34 270
35 270
38 270
43 270
49 270
52 270
67 270
85 270
87 270
98 270
102 270
109 270
111 270
142 270
147 270
149 270
158 270
182 270
187 270
197 270
230 270
253 270
257 270
260 270
263 270
9 271
20 271
21 271
60 271
72 271
103 271
104 271
111 271
122 271
130 271
132 271
136 271
148 271
166 271
194 271
208 271
218 271
227 271
230 271
237 271
249 271
263 271
266 271
268 271
3 272
23 272
50 272
70 272
105 272
134 272
152 272
153 272
171 272
193 272
196 272
206 272
220 272
226 272
13 273
16 273
25 273
28 273
33 273
40 273
43 273
61 273
65 273
72 273
84 273
91 273
104 273
113 273
132 273
139 273
185 273
211 273
229 273
243 273
253 273
1 274
4 274
11 274
18 274
26 274
35 274
54 274
55 274
56 274
68 274
71 274
85 274
102 274
109 274
129 274
136 274
152 274
156 274
171 274
181 274
186 274
187 274
191 274
198 274
199 274
203 274
217 274
222 274
223 274
231 274
267 274
268 274
5 275
25 275
26 275
28 275
41 275
60 275
76 275
78 275
91 275
116 275
149 275
153 275
160 275
174 275
180 275
202 275
254 275
261 275
263 275
7 276
28 276
35 276
44 276
65 276
97 276
98 276
102 276
104 276
120 276
126 276
149 276
153 276
164 276
165 276
195 276
218 276
222 276
229 276
240 276
244 276
251 276
265 276
12 277
25 277
45 277
50 277
60 277
79 277
101 277
102 277
111 277
125 277
132 277
138 277
146 277
152 277
156 277
159 277
162 277
163 277
165 277
197 277
205 277
207 277
208 277
212 277
217 277
222 277
238 277
258 277
259 277
268 277
8 278
16 278
24 278
27 278
34 278
36 278
48 278
102 278
110 278
115 278
143 278
177 278
183 278
187 278
199 278
218 278
220 278
221 278
236 278
243 278
247 278
250 278
263 278
267 278
0 279
13 279
17 279
31 279
32 279
52 279
65 279
72 279
81 279
91 279
101 279
107 279
113 279
135 279
148 279
149 279
152 279
155 279
170 279
173 279
200 279
216 279
220 279
237 279
4 280
31 280
36 280
47 280
54 280
56 280
71 280
76 280
94 280
100 280
120 280
126 280
133 280
167 280
180 280
188 280
200 280
217 280
220 280
233 280
234 280
248 280
262 280
272 280
273 280
275 280
38 281
45 281
78 281
95 281
99 281
109 281
119 281
134 281
137 281
138 281
144 281
147 281
160 281
183 281
192 281
193 281
238 281
246 281
252 281
258 281
274 281
31 282
49 282
50 282
56 282
58 282
63 282
73 282
102 282
121 282
123 282
174 282
196 282
212 282
214 282
227 282
228 282
229 282
234 282
246 282
24 283
53 283
55 283
57 283
64 283
81 283
99 283
138 283
141 283
178 283
179 283
183 283
185 283
192 283
196 283
199 283
203 283
229 283
271 283
273 283
24 284
42 284
84 284
91 284
95 284
139 284
160 284
179 284
193 284
206 284
225 284
240 284
248 284
271 284
68 285
70 285
71 285
89 285
91 285
103 285
106 285
114 285
141 285
145 285
147 285
149 285
152 285
159 285
161 285
172 285
173 285
174 285
176 285
183 285
200 285
202 285
223 285
237 285
273 285
276 285
18 286
36 286
42 286
52 286
54 286
82 286
89 286
108 286
109 286
126 286
148 286
167 286
176 286
177 286
189 286
211 286
215 286
225 286
254 286
275 286
6 287
12 287
20 287
25 287
57 287
65 287
73 287
105 287
120 287
121 287
156 287
172 287
182 287
203 287
216 287
225 287
232 287
241 287
248 287
261 287
273 287
278 287
7 288
11 288
30 288
59 288
62 288
81 288
97 288
113 288
131 288
134 288
139 288
179 288
180 288
212 288
221 288
223 288
231 288
245 288
251 288
273 288
13 289
14 289
15 289
18 289
29 289
41 289
63 289
72 289
85 289
95 289
122 289
124 289
127 289
131 289
152 289
166 289
172 289
183 289
184 289
185 289
195 289
226 289
250 289
269 289
282 289
284 289
5 290
10 290
26 290
32 290
35 290
56 290
92 290
93 290
114 290
117 290
121 290
152 290
156 290
157 290
162 290
170 290
184 290
194 290
218 290
221 290
230 290
263 290
271 290
279 290
285 290
17 291
33 291
42 291
77 291
99 291
109 291
111 291
118 291
120 291
143 291
159 291
160 291
173 291
188 291
190 291
191 291
193 291
200 291
206 291
209 291
211 291
212 291
218 291
227 291
228 291
229 291
246 291
250 291
253 291
255 291
256 291
261 291
262 291
267 291
279 291
288 291
36 292
58 292
75 292
91 292
93 292
96 292
104 292
112 292
123 292
127 292
130 292
131 292
133 292
135 292
148 292
156 292
179 292
192 292
210 292
245 292
250 292
265 292
274 292
17 293
22 293
27 293
32 293
35 293
36 293
44 293
47 293
56 293
73 293
81 293
100 293
156 293
161 293
167 293
171 293
184 293
190 293
209 293
225 293
251 293
258 293
263 293
267 293
272 293
275 293
278 293
279 293
283 293
285 293
2 294
7 294
11 294
33 294
51 294
54 294
56 294
57 294
68 294
76 294
83 294
87 294
96 294
112 294
116 294
140 294
153 294
155 294
180 294
182 294
192 294
204 294
205 294
238 294
246 294
247 294
269 294
271 294
277 294
280 294
12 295
64 295
70 295
86 295
90 295
99 295
135 295
136 295
151 295
157 295
159 295
173 295
176 295
185 295
186 295
195 295
197 295
215 295
224 295
247 295
269 295
275 295
19 296
56 296
65 296
69 296
91 296
113 296
118 296
129 296
151 296
153 296
170 296
175 296
198 296
208 296
215 296
230 296
238 296
241 296
247 296
284 296
2 297
7 297
22 297
47 297
55 297
60 297
70 297
94 297
106 297
108 297
112 297
113 297
133 297
134 297
135 297
140 297
141 297
142 297
161 297
162 297
168 297
186 297
193 297
195 297
200 297
201 297
205 297
218 297
241 297
265 297
269 297
275 297
30 298
34 298
41 298
64 298
72 298
82 298
98 298
101 298
104 298
123 298
124 298
134 298
151 298
160 298
163 298
180 298
191 298
217 298
221 298
238 298
244 298
253 298
260 298
262 298
278 298
284 298
287 298
13 299
23 299
46 299
52 299
62 299
71 299
84 299
126 299
128 299
155 299
159 299
189 299
190 299
197 299
198 299
212 299
219 299
231 299
235 299
246 299
247 299
260 299
263 299
