300 4832 5
5 11 5 5 6 9 6 1 5 6 8 14 12 2 2 2 14 1 1 10 2 9 3 6 6 7 2 6 9 5 1 1 16 6 1 3 21 14 17 1 3 10 3 1 3 12 22 8 1 12 8 4 9 1 19 14 4 16 9 2 3 1 13 2 3 37 9 1 3 8 8 13 2 1 11 9 2 13 4 2 10 1 1 7 3 4 2 1 1 3 6 3 2 2 10 15 11 10 12 12 1 14 19 5 13 4 4 1 1 14 24 15 3 4 1 15 16 3 6 33 2 23 2 1 3 14 5 39 3 18 5 2 6 3 3 9 15 5 10 7 1 21 1 1 6 3 10 33 3 8 16 5 1 5 31 3 2 11 3 14 4 7 6 11 9 12 5 5 4 10 21 7 7 1 4 4 3 5 3 4 1 4 11 12 7 2 24 10 6 3 9 4 14 11 11 5 2 2 2 26 13 21 14 6 2 10 17 4 3 10 2 2 5 4 4 1 2 7 5 3 7 4 9 4 2 3 10 1 2 2 31 5 9 2 1 10 2 8 11 7 5 9 6 10 11 7 8 7 3 5 3 33 15 8 2 4 1 2 3 1 12 1 5 1 2 2 5 9 2 11 2 7 11 14 10 18 1 14 3 6 1 1 2 11 5 4 2 6 4 6 4 5 6 6 5 9 4 7 2 14
14 16
4 17
9 17
13 17
13 18
5 19
9 19
1 21
3 21
13 21
9 22
14 22
0 23
4 23
9 23
5 24
10 24
5 25
6 25
15 26
20 26
25 26
0 27
2 27
21 27
24 27
7 28
8 28
17 28
24 28
13 29
24 29
2 30
6 30
11 30
17 30
25 30
1 31
4 31
5 32
5 33
12 33
25 33
1 34
3 34
6 34
18 34
20 34
25 34
27 34
29 34
6 35
29 35
10 36
14 37
4 38
7 38
15 38
17 38
21 38
26 38
14 40
19 40
2 41
13 42
22 42
6 43
13 43
24 43
27 43
32 43
0 44
3 44
13 44
15 44
23 44
29 44
1 45
15 45
18 45
27 45
28 45
35 45
36 45
37 45
3 46
17 46
19 46
21 46
22 46
25 46
26 46
33 46
40 46
42 46
1 47
7 47
20 47
25 47
26 47
29 47
31 47
13 48
16 48
32 48
33 48
35 48
40 48
41 48
6 49
23 49
32 49
34 49
44 49
12 50
21 50
16 51
27 51
34 51
38 51
42 51
44 51
8 52
14 52
20 52
22 52
31 52
38 52
43 52
49 52
8 53
9 53
24 53
27 53
41 53
43 53
44 53
45 53
1 54
12 54
25 54
31 54
10 55
38 55
40 55
41 55
49 55
5 56
18 56
28 56
38 56
42 56
44 56
51 56
0 57
10 58
18 58
29 58
6 59
24 59
37 59
38 59
17 60
21 60
28 60
29 60
53 60
11 61
26 61
34 61
38 61
39 61
40 61
44 61
52 61
54 61
56 61
19 62
23 62
32 62
37 62
38 62
46 62
51 62
52 62
53 62
56 62
1 63
8 63
16 63
42 63
52 63
56 63
1 64
9 64
17 64
22 64
23 64
24 64
34 64
48 64
49 64
55 64
0 65
28 65
33 65
36 65
46 65
49 65
57 65
16 66
45 66
53 66
16 67
38 67
2 68
9 68
11 68
12 68
13 68
20 68
42 68
43 68
5 69
8 69
13 69
16 69
39 69
1 70
15 70
16 70
19 70
22 70
28 70
45 70
46 70
53 70
60 70
66 70
1 71
6 71
11 71
13 71
23 71
46 71
49 71
57 71
65 71
4 72
11 72
62 72
8 73
20 73
29 73
30 73
31 73
41 73
46 73
57 73
23 74
26 74
32 74
40 74
43 74
57 74
11 75
19 75
27 75
31 75
33 75
52 75
58 75
15 76
17 76
38 76
46 76
50 76
63 76
29 77
33 77
37 77
50 77
61 77
4 78
9 78
15 78
20 78
23 78
31 78
38 78
44 78
0 79
4 79
19 79
22 79
25 79
26 79
33 79
39 79
44 79
55 79
63 79
11 80
13 80
16 80
38 80
43 80
53 80
57 80
61 80
1 81
11 81
27 81
30 81
35 81
53 81
57 81
61 81
1 82
18 82
25 82
29 82
33 82
37 82
40 82
47 82
50 82
54 82
63 82
67 82
14 83
15 83
22 83
26 83
34 83
42 83
43 83
47 83
36 84
8 85
18 85
22 85
39 85
41 85
47 85
48 85
68 85
77 85
31 86
33 86
47 86
57 86
70 86
76 86
5 87
8 87
9 87
25 87
29 87
30 87
31 87
37 87
39 87
53 87
54 87
65 87
66 87
70 87
79 87
0 88
6 88
11 88
21 88
32 88
34 88
43 88
48 88
25 89
31 89
61 89
63 89
66 89
71 89
77 89
5 90
6 90
24 90
41 90
53 90
66 90
72 90
6 91
10 91
18 91
26 91
34 91
45 91
50 91
52 91
64 91
10 92
12 92
13 92
34 92
41 92
56 92
59 92
63 92
69 92
78 92
81 92
84 92
8 93
10 93
20 93
21 93
22 93
39 93
57 93
66 93
75 93
80 93
0 94
20 94
30 94
32 94
36 94
42 94
60 94
70 94
75 94
76 94
80 94
83 94
2 95
12 95
13 95
38 95
44 95
47 95
3 96
11 96
14 96
19 96
23 96
27 96
34 96
36 96
55 96
58 96
78 96
79 96
88 96
93 96
27 97
50 97
52 97
53 97
54 97
55 97
57 97
59 97
65 97
69 97
88 97
89 97
0 98
11 98
17 98
21 98
54 98
71 98
73 98
76 98
92 98
22 99
32 99
49 99
65 99
78 99
79 99
94 99
1 100
28 100
30 100
38 100
41 100
57 100
65 100
66 100
79 100
93 100
96 100
8 101
10 101
17 101
18 101
22 101
80 101
86 101
96 101
99 101
2 102
10 102
13 102
17 102
23 102
46 102
51 102
62 102
72 102
95 102
98 102
2 103
18 103
31 103
35 103
44 103
45 103
53 103
57 103
59 103
70 103
76 103
97 103
21 104
36 104
41 104
46 104
49 104
51 104
53 104
57 104
63 104
66 104
73 104
76 104
91 104
95 104
99 104
9 105
24 105
28 105
32 105
38 105
51 105
58 105
66 105
71 105
74 105
89 105
35 106
36 106
38 106
43 106
46 106
72 106
15 107
27 107
42 107
48 107
49 107
74 107
95 107
99 107
2 108
7 108
58 108
60 108
67 108
69 108
76 108
81 108
87 108
88 108
94 108
0 109
13 109
15 109
27 109
28 109
30 109
32 109
36 109
46 109
61 109
75 109
93 109
0 110
4 110
13 110
14 110
28 110
33 110
36 110
39 110
54 110
66 110
67 110
83 110
84 110
85 110
90 110
6 111
7 111
12 111
15 111
33 111
40 111
41 111
45 111
46 111
50 111
52 111
57 111
58 111
61 111
74 111
81 111
94 111
103 111
105 111
106 111
28 112
31 112
33 112
34 112
52 112
55 112
69 112
77 112
89 112
91 112
97 112
99 112
104 112
7 113
13 113
23 113
42 113
53 113
59 113
65 113
67 113
81 113
89 113
99 113
100 113
0 114
22 114
24 114
25 114
59 114
64 114
67 114
71 114
77 114
82 114
83 114
87 114
97 114
100 114
102 114
105 114
109 114
3 115
7 115
35 115
55 115
61 115
64 115
75 115
102 115
103 115
104 115
7 116
10 116
36 116
57 116
86 116
90 116
91 116
92 116
95 116
98 116
100 116
108 116
6 117
7 117
19 117
21 117
23 117
31 117
50 117
54 117
66 117
71 117
77 117
90 117
97 117
105 117
11 118
13 118
24 118
40 118
41 118
67 118
76 118
82 118
85 118
89 118
96 118
103 118
107 118
109 118
0 119
2 119
20 119
30 119
34 119
38 119
42 119
47 119
58 119
61 119
85 119
104 119
105 119
108 119
39 120
73 120
88 120
109 120
35 121
43 121
56 121
68 121
87 121
89 121
97 121
108 121
2 122
8 122
20 122
24 122
41 122
43 122
45 122
49 122
59 122
89 122
107 122
119 122
1 123
3 123
26 123
31 123
45 123
51 123
53 123
54 123
72 123
82 123
85 123
86 123
94 123
100 123
106 123
35 124
46 124
68 124
69 124
71 124
72 124
81 124
85 124
86 124
87 124
89 124
93 124
102 124
112 124
1 125
2 125
10 125
11 125
17 125
23 125
30 125
59 125
61 125
73 125
74 125
101 125
2 126
8 126
16 126
26 126
29 126
37 126
57 126
63 126
69 126
88 126
90 126
92 126
111 126
115 126
119 126
21 127
22 127
27 127
30 127
35 127
37 127
50 127
63 127
65 127
71 127
83 127
88 127
104 127
105 127
107 127
121 127
15 128
19 128
34 128
35 128
42 128
54 128
56 128
66 128
74 128
77 128
80 128
82 128
104 128
119 128
121 128
3 129
17 129
20 129
38 129
87 129
92 129
99 129
119 129
0 130
9 130
16 130
18 130
37 130
49 130
58 130
62 130
63 130
76 130
102 130
114 130
11 131
29 131
37 131
41 131
42 131
50 131
54 131
61 131
68 131
78 131
84 131
106 131
107 131
109 131
116 131
39 132
45 132
52 132
59 132
72 132
78 132
79 132
110 132
117 132
120 132
130 132
0 133
6 133
12 133
15 133
19 133
22 133
27 133
35 133
72 133
88 133
90 133
103 133
104 133
111 133
28 134
32 134
33 134
41 134
48 134
49 134
57 134
60 134
65 134
70 134
71 134
74 134
107 134
123 134
127 134
16 135
28 135
29 135
31 135
37 135
52 135
53 135
54 135
56 135
66 135
67 135
74 135
78 135
87 135
109 135
122 135
1 136
5 136
21 136
34 136
37 136
53 136
75 136
78 136
90 136
91 136
107 136
111 136
116 136
119 136
125 136
131 136
6 137
10 137
20 137
34 137
44 137
62 137
65 137
68 137
78 137
95 137
99 137
109 137
131 137
16 138
19 138
74 138
85 138
99 138
102 138
112 138
118 138
0 139
8 139
12 139
18 139
19 139
21 139
24 139
50 139
60 139
76 139
86 139
87 139
103 139
111 139
125 139
7 140
9 140
13 140
31 140
32 140
35 140
42 140
44 140
46 140
53 140
56 140
59 140
60 140
68 140
69 140
72 140
78 140
82 140
84 140
89 140
108 140
129 140
131 140
2 141
3 141
9 141
18 141
28 141
31 141
37 141
50 141
52 141
63 141
83 141
92 141
98 141
102 141
114 141
115 141
118 141
124 141
129 141
135 141
139 141
15 142
29 142
32 142
56 142
72 142
83 142
84 142
95 142
99 142
105 142
111 142
115 142
122 142
124 142
128 142
136 142
140 142
10 143
14 143
21 143
30 143
52 143
79 143
96 143
119 143
123 143
127 143
128 143
133 143
137 143
11 144
17 144
20 144
24 144
25 144
36 144
43 144
48 144
85 144
97 144
118 144
132 144
136 144
137 144
140 144
3 145
4 145
13 145
30 145
53 145
63 145
65 145
66 145
89 145
94 145
111 145
120 145
125 145
131 145
137 145
140 145
1 146
4 146
17 146
18 146
24 146
34 146
37 146
41 146
51 146
63 146
75 146
76 146
78 146
82 146
98 146
103 146
1 147
11 147
16 147
24 147
26 147
30 147
39 147
47 147
61 147
88 147
93 147
99 147
100 147
104 147
116 147
124 147
127 147
139 147
3 148
23 148
36 148
41 148
47 148
64 148
69 148
77 148
102 148
109 148
123 148
5 149
12 149
18 149
24 149
45 149
57 149
68 149
72 149
88 149
91 149
94 149
116 149
122 149
125 149
138 149
4 150
9 150
29 150
41 150
48 150
51 150
60 150
66 150
78 150
79 150
92 150
105 150
110 150
122 150
126 150
132 150
22 151
28 151
30 151
46 151
56 151
58 151
60 151
74 151
83 151
86 151
95 151
123 151
3 152
16 152
27 152
34 152
41 152
49 152
52 152
65 152
77 152
85 152
86 152
97 152
117 152
145 152
150 152
8 153
20 153
36 153
59 153
61 153
65 153
69 153
76 153
85 153
90 153
92 153
104 153
109 153
110 153
114 153
121 153
128 153
133 153
140 153
149 153
0 154
4 154
17 154
24 154
26 154
30 154
57 154
70 154
80 154
81 154
84 154
88 154
98 154
108 154
113 154
116 154
120 154
123 154
130 154
132 154
151 154
12 155
29 155
45 155
60 155
69 155
77 155
96 155
102 155
105 155
107 155
128 155
134 155
137 155
138 155
144 155
145 155
149 155
12 156
18 156
25 156
28 156
36 156
43 156
54 156
56 156
58 156
64 156
70 156
76 156
82 156
87 156
95 156
105 156
106 156
135 156
147 156
1 157
3 157
4 157
17 157
22 157
43 157
63 157
68 157
71 157
81 157
83 157
93 157
96 157
118 157
122 157
124 157
130 157
149 157
0 158
22 158
26 158
27 158
47 158
52 158
53 158
60 158
70 158
73 158
91 158
99 158
109 158
120 158
128 158
135 158
142 158
143 158
6 159
49 159
72 159
89 159
135 159
0 160
19 160
44 160
50 160
60 160
78 160
85 160
89 160
94 160
104 160
114 160
115 160
130 160
142 160
150 160
8 161
11 161
21 161
25 161
33 161
41 161
42 161
51 161
96 161
112 161
121 161
122 161
125 161
147 161
2 162
5 162
9 162
19 162
29 162
44 162
73 162
77 162
81 162
87 162
92 162
94 162
99 162
126 162
131 162
136 162
141 162
1 163
10 163
34 163
46 163
47 163
49 163
51 163
56 163
73 163
91 163
103 163
104 163
111 163
112 163
115 163
128 163
129 163
142 163
150 163
158 163
2 164
12 164
15 164
26 164
36 164
37 164
40 164
49 164
52 164
59 164
61 164
64 164
79 164
89 164
90 164
120 164
125 164
132 164
134 164
143 164
154 164
161 164
12 165
21 165
25 165
49 165
54 165
57 165
67 165
71 165
82 165
113 165
124 165
130 165
137 165
141 165
148 165
151 165
154 165
155 165
157 165
14 166
22 166
28 166
46 166
51 166
55 166
58 166
66 166
67 166
69 166
77 166
80 166
90 166
92 166
109 166
120 166
123 166
124 166
127 166
133 166
134 166
140 166
142 166
10 167
11 167
25 167
38 167
40 167
47 167
49 167
57 167
78 167
84 167
88 167
90 167
93 167
99 167
103 167
123 167
130 167
149 167
156 167
0 168
5 168
18 168
39 168
41 168
46 168
61 168
71 168
73 168
78 168
88 168
116 168
127 168
135 168
142 168
155 168
21 169
22 169
25 169
27 169
28 169
30 169
41 169
42 169
48 169
58 169
67 169
72 169
78 169
93 169
100 169
105 169
109 169
130 169
140 169
141 169
150 169
153 169
27 170
36 170
41 170
48 170
54 170
55 170
65 170
66 170
73 170
77 170
79 170
89 170
97 170
114 170
116 170
154 170
156 170
21 171
26 171
43 171
60 171
64 171
82 171
97 171
121 171
123 171
134 171
142 171
151 171
158 171
12 172
45 172
50 172
71 172
83 172
92 172
96 172
101 172
102 172
112 172
121 172
123 172
124 172
126 172
130 172
143 172
150 172
152 172
16 173
38 173
42 173
46 173
55 173
60 173
64 173
72 173
75 173
79 173
80 173
83 173
94 173
99 173
116 173
117 173
121 173
137 173
139 173
161 173
169 173
8 174
13 174
25 174
34 174
44 174
49 174
65 174
85 174
90 174
103 174
105 174
115 174
122 174
133 174
135 174
139 174
159 174
171 174
9 175
23 175
32 175
49 175
54 175
55 175
56 175
60 175
69 175
73 175
74 175
78 175
80 175
84 175
95 175
108 175
136 175
156 175
159 175
165 175
171 175
10 176
39 176
49 176
59 176
65 176
66 176
95 176
98 176
118 176
119 176
133 176
146 176
155 176
165 176
170 176
171 176
7 177
14 177
30 177
42 177
47 177
49 177
81 177
82 177
85 177
90 177
95 177
99 177
132 177
139 177
147 177
153 177
157 177
167 177
171 177
1 178
2 178
5 178
10 178
22 178
26 178
43 178
52 178
85 178
95 178
100 178
126 178
129 178
130 178
131 178
132 178
136 178
141 178
156 178
7 179
21 179
23 179
34 179
37 179
40 179
41 179
51 179
52 179
55 179
56 179
68 179
76 179
77 179
82 179
87 179
99 179
103 179
110 179
125 179
128 179
130 179
159 179
160 179
0 180
15 180
33 180
43 180
46 180
51 180
53 180
62 180
63 180
70 180
71 180
76 180
82 180
85 180
89 180
102 180
112 180
120 180
139 180
169 180
8 181
14 181
17 181
30 181
39 181
72 181
77 181
82 181
96 181
97 181
102 181
109 181
116 181
126 181
142 181
144 181
145 181
149 181
152 181
159 181
170 181
171 181
175 181
8 182
14 182
19 182
26 182
32 182
39 182
42 182
50 182
57 182
66 182
70 182
84 182
87 182
95 182
98 182
103 182
116 182
117 182
122 182
127 182
137 182
143 182
152 182
158 182
176 182
0 183
5 183
9 183
14 183
23 183
36 183
39 183
65 183
72 183
74 183
77 183
105 183
107 183
110 183
113 183
116 183
118 183
120 183
122 183
128 183
130 183
131 183
134 183
141 183
151 183
159 183
160 183
166 183
170 183
9 184
16 184
23 184
26 184
28 184
41 184
78 184
82 184
85 184
98 184
113 184
119 184
134 184
143 184
163 184
24 185
27 185
29 185
46 185
49 185
51 185
60 185
61 185
66 185
68 185
78 185
94 185
96 185
106 185
112 185
115 185
122 185
139 185
146 185
157 185
161 185
163 185
16 186
18 186
19 186
20 186
23 186
32 186
41 186
45 186
48 186
61 186
90 186
91 186
103 186
115 186
124 186
125 186
132 186
133 186
134 186
135 186
136 186
152 186
175 186
6 187
8 187
13 187
18 187
19 187
31 187
34 187
45 187
50 187
52 187
55 187
67 187
73 187
79 187
84 187
89 187
90 187
92 187
130 187
154 187
157 187
165 187
170 187
179 187
181 187
2 188
12 188
13 188
20 188
33 188
44 188
49 188
55 188
63 188
71 188
81 188
88 188
104 188
106 188
109 188
116 188
147 188
159 188
168 188
172 188
179 188
180 188
5 189
15 189
29 189
36 189
43 189
51 189
57 189
61 189
73 189
81 189
85 189
87 189
94 189
112 189
113 189
114 189
143 189
144 189
146 189
154 189
175 189
183 189
5 190
12 190
28 190
44 190
46 190
51 190
55 190
56 190
59 190
63 190
65 190
67 190
70 190
75 190
109 190
111 190
118 190
121 190
123 190
150 190
152 190
157 190
158 190
161 190
165 190
180 190
182 190
7 191
11 191
14 191
38 191
52 191
56 191
76 191
82 191
88 191
93 191
113 191
124 191
130 191
135 191
161 191
162 191
177 191
10 192
15 192
24 192
30 192
36 192
39 192
73 192
79 192
81 192
90 192
93 192
101 192
111 192
119 192
125 192
133 192
141 192
142 192
146 192
161 192
185 192
1 193
51 193
64 193
65 193
75 193
80 193
94 193
95 193
120 193
123 193
133 193
136 193
137 193
142 193
145 193
147 193
152 193
160 193
162 193
167 193
169 193
178 193
3 194
7 194
12 194
25 194
30 194
35 194
37 194
39 194
48 194
53 194
70 194
101 194
109 194
133 194
145 194
151 194
165 194
171 194
183 194
7 195
16 195
27 195
34 195
60 195
70 195
73 195
74 195
79 195
82 195
96 195
116 195
131 195
138 195
139 195
155 195
181 195
7 196
13 196
24 196
32 196
33 196
39 196
43 196
49 196
52 196
57 196
67 196
71 196
77 196
86 196
89 196
95 196
111 196
118 196
119 196
122 196
137 196
138 196
144 196
149 196
160 196
161 196
168 196
178 196
179 196
184 196
1 197
4 197
5 197
17 197
20 197
29 197
38 197
84 197
90 197
94 197
95 197
105 197
108 197
113 197
138 197
149 197
154 197
159 197
161 197
174 197
184 197
186 197
4 198
8 198
15 198
19 198
24 198
28 198
49 198
59 198
61 198
92 198
110 198
112 198
120 198
134 198
139 198
140 198
149 198
168 198
173 198
177 198
182 198
197 198
2 199
6 199
10 199
12 199
30 199
35 199
44 199
49 199
58 199
81 199
103 199
150 199
151 199
152 199
162 199
180 199
196 199
2 200
22 200
34 200
65 200
72 200
83 200
89 200
94 200
98 200
112 200
115 200
118 200
123 200
126 200
146 200
150 200
161 200
163 200
168 200
169 200
183 200
193 200
11 201
16 201
20 201
27 201
30 201
31 201
36 201
41 201
43 201
50 201
52 201
53 201
54 201
57 201
77 201
86 201
87 201
89 201
91 201
92 201
97 201
99 201
105 201
112 201
131 201
135 201
138 201
140 201
151 201
164 201
169 201
171 201
172 201
9 202
30 202
31 202
32 202
48 202
53 202
59 202
62 202
68 202
71 202
80 202
83 202
86 202
89 202
96 202
103 202
104 202
123 202
125 202
139 202
148 202
166 202
170 202
172 202
191 202
23 203
42 203
49 203
59 203
60 203
62 203
77 203
109 203
120 203
127 203
136 203
137 203
139 203
143 203
163 203
167 203
174 203
0 204
1 204
29 204
40 204
52 204
53 204
56 204
65 204
76 204
78 204
117 204
118 204
121 204
128 204
130 204
158 204
171 204
177 204
186 204
1 205
7 205
10 205
27 205
29 205
38 205
49 205
53 205
77 205
86 205
90 205
102 205
105 205
117 205
120 205
132 205
134 205
136 205
142 205
148 205
160 205
192 205
197 205
8 206
9 206
15 206
21 206
25 206
31 206
37 206
57 206
60 206
61 206
83 206
86 206
95 206
98 206
103 206
105 206
131 206
140 206
142 206
155 206
163 206
173 206
180 206
193 206
33 207
34 207
39 207
59 207
78 207
88 207
91 207
95 207
121 207
129 207
138 207
148 207
164 207
175 207
185 207
193 207
9 208
26 208
29 208
34 208
41 208
47 208
54 208
58 208
69 208
73 208
81 208
82 208
93 208
99 208
123 208
136 208
137 208
139 208
154 208
158 208
160 208
172 208
177 208
183 208
196 208
197 208
200 208
11 209
56 209
57 209
62 209
72 209
76 209
80 209
81 209
88 209
90 209
105 209
121 209
151 209
155 209
164 209
173 209
175 209
0 210
1 210
14 210
16 210
35 210
55 210
56 210
68 210
78 210
97 210
108 210
114 210
122 210
135 210
158 210
166 210
176 210
184 210
190 210
194 210
196 210
198 210
205 210
20 211
22 211
29 211
30 211
32 211
36 211
44 211
51 211
54 211
66 211
72 211
82 211
84 211
93 211
94 211
134 211
139 211
144 211
154 211
179 211
185 211
186 211
202 211
207 211
5 212
11 212
25 212
32 212
40 212
48 212
85 212
94 212
98 212
107 212
109 212
116 212
119 212
120 212
139 212
154 212
167 212
173 212
188 212
205 212
5 213
6 213
8 213
14 213
16 213
18 213
23 213
35 213
36 213
41 213
46 213
57 213
70 213
82 213
84 213
100 213
134 213
136 213
138 213
144 213
150 213
182 213
194 213
206 213
39 214
47 214
51 214
52 214
59 214
70 214
74 214
80 214
82 214
83 214
91 214
93 214
95 214
97 214
122 214
124 214
127 214
129 214
135 214
140 214
147 214
158 214
162 214
194 214
0 215
3 215
32 215
35 215
50 215
64 215
71 215
75 215
92 215
109 215
114 215
124 215
128 215
173 215
178 215
191 215
207 215
0 216
6 216
18 216
19 216
21 216
24 216
33 216
40 216
45 216
46 216
48 216
62 216
80 216
98 216
99 216
106 216
111 216
113 216
114 216
118 216
126 216
127 216
129 216
136 216
143 216
153 216
161 216
172 216
180 216
190 216
19 217
30 217
37 217
43 217
45 217
51 217
54 217
61 217
65 217
69 217
76 217
94 217
97 217
116 217
124 217
147 217
154 217
168 217
189 217
192 217
198 217
204 217
11 218
21 218
32 218
36 218
42 218
49 218
52 218
55 218
57 218
66 218
106 218
116 218
129 218
134 218
144 218
152 218
159 218
163 218
169 218
176 218
179 218
195 218
1 219
31 219
34 219
35 219
41 219
44 219
57 219
72 219
77 219
78 219
83 219
86 219
93 219
94 219
100 219
103 219
104 219
113 219
126 219
130 219
144 219
180 219
197 219
199 219
9 220
13 220
19 220
36 220
41 220
52 220
55 220
75 220
88 220
91 220
95 220
110 220
119 220
128 220
143 220
148 220
152 220
161 220
162 220
163 220
167 220
184 220
4 221
11 221
22 221
48 221
49 221
51 221
58 221
75 221
78 221
92 221
102 221
103 221
104 221
125 221
138 221
144 221
149 221
150 221
180 221
190 221
191 221
199 221
206 221
207 221
212 221
214 221
6 222
9 222
11 222
22 222
25 222
39 222
52 222
66 222
67 222
75 222
79 222
90 222
97 222
101 222
144 222
148 222
150 222
168 222
181 222
182 222
183 222
190 222
214 222
217 222
220 222
9 223
17 223
19 223
31 223
43 223
49 223
50 223
51 223
60 223
73 223
79 223
81 223
84 223
88 223
95 223
116 223
128 223
136 223
143 223
150 223
155 223
179 223
183 223
195 223
199 223
214 223
1 224
4 224
10 224
14 224
18 224
23 224
26 224
30 224
33 224
36 224
44 224
46 224
50 224
84 224
90 224
104 224
114 224
123 224
136 224
137 224
153 224
156 224
159 224
170 224
181 224
204 224
3 225
8 225
9 225
32 225
33 225
38 225
39 225
51 225
52 225
55 225
76 225
81 225
93 225
99 225
100 225
103 225
105 225
116 225
119 225
121 225
131 225
152 225
153 225
154 225
160 225
167 225
198 225
207 225
209 225
210 225
220 225
2 226
24 226
25 226
26 226
28 226
37 226
45 226
69 226
82 226
83 226
90 226
104 226
108 226
111 226
125 226
131 226
145 226
154 226
158 226
171 226
172 226
175 226
189 226
194 226
197 226
204 226
208 226
210 226
214 226
3 227
26 227
27 227
29 227
43 227
62 227
66 227
78 227
84 227
102 227
105 227
106 227
113 227
129 227
146 227
157 227
161 227
172 227
182 227
201 227
206 227
215 227
217 227
6 228
21 228
27 228
37 228
39 228
47 228
48 228
49 228
73 228
84 228
90 228
92 228
93 228
111 228
117 228
122 228
127 228
152 228
189 228
199 228
200 228
201 228
205 228
20 229
33 229
42 229
68 229
87 229
98 229
104 229
107 229
116 229
117 229
123 229
155 229
170 229
182 229
191 229
196 229
0 230
8 230
17 230
18 230
31 230
42 230
56 230
58 230
61 230
84 230
85 230
91 230
99 230
100 230
131 230
132 230
134 230
143 230
148 230
160 230
169 230
181 230
197 230
199 230
201 230
0 231
5 231
17 231
22 231
47 231
49 231
50 231
55 231
59 231
73 231
74 231
88 231
99 231
101 231
102 231
122 231
132 231
141 231
145 231
149 231
151 231
155 231
160 231
187 231
211 231
216 231
221 231
2 232
3 232
31 232
40 232
49 232
50 232
67 232
74 232
81 232
84 232
108 232
110 232
111 232
113 232
117 232
119 232
123 232
129 232
130 232
141 232
142 232
150 232
155 232
171 232
176 232
193 232
200 232
203 232
205 232
207 232
217 232
230 232
9 233
12 233
14 233
21 233
24 233
27 233
34 233
45 233
54 233
57 233
61 233
65 233
69 233
76 233
78 233
82 233
97 233
102 233
107 233
153 233
154 233
157 233
167 233
171 233
175 233
184 233
187 233
189 233
192 233
198 233
200 233
210 233
212 233
213 233
10 234
16 234
21 234
26 234
28 234
59 234
64 234
83 234
89 234
95 234
109 234
115 234
122 234
124 234
126 234
155 234
160 234
168 234
188 234
199 234
212 234
223 234
12 235
49 235
50 235
85 235
95 235
101 235
105 235
118 235
119 235
122 235
124 235
132 235
139 235
141 235
170 235
172 235
181 235
188 235
206 235
209 235
210 235
0 236
10 236
21 236
25 236
35 236
36 236
37 236
46 236
64 236
74 236
82 236
88 236
122 236
125 236
127 236
154 236
155 236
158 236
168 236
189 236
194 236
9 237
10 237
15 237
38 237
40 237
50 237
58 237
74 237
80 237
81 237
89 237
107 237
113 237
114 237
132 237
135 237
164 237
190 237
194 237
207 237
209 237
224 237
225 237
227 237
228 237
16 238
31 238
34 238
39 238
41 238
64 238
72 238
74 238
86 238
95 238
103 238
113 238
115 238
122 238
125 238
135 238
146 238
152 238
155 238
156 238
169 238
178 238
179 238
181 238
197 238
205 238
213 238
216 238
233 238
234 238
2 239
5 239
10 239
13 239
16 239
17 239
22 239
41 239
83 239
99 239
101 239
112 239
113 239
120 239
128 239
130 239
138 239
148 239
151 239
159 239
166 239
174 239
175 239
183 239
185 239
186 239
197 239
198 239
202 239
226 239
235 239
1 240
12 240
23 240
30 240
40 240
45 240
49 240
68 240
72 240
77 240
78 240
80 240
103 240
107 240
124 240
131 240
140 240
143 240
161 240
195 240
202 240
228 240
231 240
0 241
1 241
9 241
27 241
32 241
33 241
38 241
52 241
57 241
61 241
63 241
99 241
105 241
110 241
112 241
119 241
131 241
155 241
156 241
158 241
163 241
175 241
181 241
186 241
189 241
191 241
199 241
203 241
213 241
214 241
233 241
3 242
4 242
9 242
22 242
24 242
31 242
45 242
47 242
66 242
92 242
100 242
111 242
126 242
128 242
154 242
155 242
160 242
164 242
168 242
183 242
198 242
199 242
218 242
227 242
229 242
8 243
14 243
19 243
22 243
25 243
26 243
30 243
34 243
38 243
40 243
47 243
51 243
52 243
56 243
63 243
72 243
76 243
79 243
89 243
90 243
94 243
99 243
103 243
106 243
112 243
120 243
126 243
127 243
128 243
129 243
139 243
140 243
144 243
153 243
158 243
159 243
169 243
182 243
192 243
196 243
197 243
211 243
219 243
221 243
2 244
10 244
22 244
40 244
56 244
63 244
68 244
88 244
96 244
103 244
113 244
121 244
129 244
135 244
144 244
146 244
159 244
160 244
186 244
192 244
206 244
232 244
5 245
6 245
19 245
28 245
38 245
56 245
61 245
64 245
66 245
67 245
69 245
129 245
140 245
142 245
147 245
148 245
149 245
167 245
168 245
171 245
179 245
204 245
207 245
220 245
225 245
226 245
230 245
0 246
37 246
44 246
46 246
93 246
104 246
117 246
124 246
131 246
132 246
136 246
140 246
141 246
149 246
153 246
159 246
168 246
175 246
181 246
186 246
213 246
220 246
221 246
222 246
229 246
232 246
5 247
12 247
15 247
19 247
22 247
31 247
33 247
54 247
104 247
107 247
127 247
129 247
130 247
151 247
164 247
173 247
184 247
192 247
193 247
212 247
214 247
216 247
221 247
224 247
229 247
237 247
11 248
15 248
17 248
20 248
21 248
27 248
38 248
39 248
50 248
55 248
57 248
79 248
82 248
90 248
91 248
99 248
119 248
130 248
147 248
154 248
179 248
183 248
185 248
188 248
189 248
197 248
200 248
226 248
4 249
19 249
25 249
28 249
29 249
38 249
44 249
47 249
48 249
50 249
55 249
61 249
63 249
64 249
65 249
76 249
84 249
94 249
96 249
112 249
116 249
119 249
125 249
142 249
152 249
183 249
188 249
200 249
204 249
205 249
206 249
208 249
219 249
221 249
224 249
227 249
233 249
238 249
241 249
242 249
244 249
11 250
16 250
19 250
26 250
27 250
45 250
83 250
125 250
147 250
160 250
164 250
178 250
181 250
187 250
192 250
199 250
200 250
203 250
207 250
208 250
223 250
229 250
232 250
8 251
18 251
29 251
34 251
46 251
50 251
77 251
81 251
86 251
96 251
104 251
118 251
137 251
151 251
159 251
168 251
182 251
194 251
198 251
225 251
234 251
239 251
3 252
9 252
11 252
18 252
20 252
21 252
41 252
42 252
49 252
56 252
62 252
71 252
77 252
81 252
86 252
87 252
96 252
128 252
133 252
159 252
169 252
171 252
186 252
192 252
206 252
210 252
218 252
222 252
11 253
13 253
20 253
27 253
31 253
32 253
35 253
44 253
64 253
65 253
70 253
88 253
120 253
151 253
155 253
167 253
194 253
196 253
197 253
202 253
225 253
230 253
245 253
5 254
15 254
22 254
26 254
32 254
34 254
41 254
43 254
62 254
66 254
72 254
87 254
92 254
124 254
126 254
129 254
133 254
143 254
144 254
147 254
167 254
176 254
185 254
189 254
192 254
199 254
212 254
216 254
244 254
246 254
1 255
2 255
8 255
14 255
18 255
23 255
27 255
29 255
44 255
47 255
57 255
66 255
84 255
85 255
90 255
97 255
107 255
122 255
125 255
130 255
131 255
153 255
161 255
172 255
174 255
199 255
200 255
204 255
210 255
226 255
4 256
9 256
18 256
21 256
30 256
54 256
59 256
60 256
63 256
66 256
68 256
77 256
80 256
92 256
95 256
119 256
135 256
137 256
149 256
154 256
184 256
188 256
205 256
210 256
212 256
217 256
225 256
230 256
246 256
247 256
248 256
21 257
34 257
44 257
89 257
101 257
115 257
130 257
137 257
141 257
171 257
180 257
189 257
197 257
207 257
212 257
215 257
229 257
237 257
3 258
15 258
19 258
41 258
55 258
59 258
70 258
79 258
80 258
82 258
96 258
97 258
120 258
122 258
124 258
150 258
192 258
216 258
221 258
229 258
231 258
244 258
11 259
16 259
49 259
52 259
57 259
63 259
68 259
77 259
88 259
101 259
113 259
151 259
152 259
159 259
160 259
166 259
174 259
178 259
193 259
200 259
205 259
211 259
217 259
218 259
224 259
234 259
240 259
1 260
35 260
44 260
53 260
61 260
68 260
74 260
75 260
93 260
95 260
102 260
105 260
111 260
127 260
132 260
140 260
152 260
156 260
165 260
175 260
180 260
192 260
203 260
209 260
211 260
218 260
223 260
239 260
244 260
7 261
8 261
20 261
22 261
23 261
24 261
30 261
36 261
57 261
78 261
88 261
89 261
96 261
103 261
108 261
110 261
145 261
150 261
182 261
204 261
212 261
217 261
222 261
227 261
234 261
237 261
241 261
248 261
39 262
44 262
46 262
49 262
68 262
73 262
77 262
81 262
84 262
86 262
87 262
116 262
119 262
127 262
128 262
145 262
151 262
157 262
158 262
193 262
208 262
212 262
2 263
9 263
44 263
46 263
52 263
56 263
62 263
69 263
77 263
96 263
110 263
120 263
125 263
133 263
142 263
149 263
153 263
161 263
163 263
178 263
180 263
181 263
202 263
211 263
225 263
236 263
244 263
249 263
5 264
31 264
32 264
48 264
80 264
84 264
95 264
96 264
102 264
107 264
120 264
128 264
129 264
136 264
146 264
154 264
157 264
176 264
186 264
187 264
197 264
201 264
210 264
211 264
230 264
232 264
248 264
253 264
10 265
13 265
18 265
30 265
32 265
34 265
64 265
69 265
71 265
90 265
100 265
115 265
118 265
122 265
128 265
131 265
135 265
147 265
170 265
180 265
181 265
182 265
189 265
193 265
204 265
209 265
214 265
226 265
229 265
252 265
6 266
19 266
49 266
50 266
54 266
75 266
76 266
101 266
105 266
110 266
122 266
139 266
145 266
161 266
180 266
182 266
236 266
237 266
238 266
239 266
244 266
0 267
36 267
41 267
47 267
61 267
70 267
74 267
80 267
85 267
88 267
90 267
100 267
107 267
114 267
131 267
153 267
160 267
174 267
182 267
184 267
198 267
221 267
224 267
227 267
238 267
241 267
253 267
10 268
29 268
30 268
34 268
62 268
75 268
88 268
94 268
95 268
99 268
103 268
106 268
110 268
114 268
158 268
160 268
166 268
202 268
208 268
221 268
230 268
6 269
22 269
33 269
38 269
43 269
44 269
54 269
60 269
63 269
79 269
83 269
89 269
90 269
93 269
96 269
100 269
107 269
114 269
126 269
133 269
140 269
142 269
146 269
149 269
152 269
153 269
163 269
173 269
178 269
190 269
198 269
202 269
205 269
206 269
207 269
209 269
211 269
223 269
225 269
229 269
247 269
248 269
260 269
19 270
58 270
63 270
70 270
72 270
74 270
77 270
94 270
97 270
106 270
116 270
117 270
119 270
121 270
125 270
144 270
146 270
147 270
162 270
169 270
177 270
181 270
185 270
196 270
199 270
202 270
221 270
223 270
234 270
236 270
239 270
246 270
252 270
257 270
262 270
2 271
10 271
11 271
12 271
13 271
33 271
37 271
42 271
57 271
66 271
69 271
74 271
77 271
83 271
96 271
97 271
100 271
125 271
140 271
158 271
161 271
163 271
202 271
205 271
212 271
224 271
256 271
257 271
48 272
59 272
67 272
70 272
79 272
88 272
115 272
119 272
124 272
130 272
144 272
148 272
170 272
189 272
193 272
197 272
200 272
201 272
208 272
238 272
261 272
1 273
3 273
7 273
9 273
32 273
70 273
78 273
81 273
83 273
85 273
89 273
93 273
118 273
130 273
132 273
151 273
157 273
158 273
182 273
185 273
188 273
197 273
205 273
207 273
216 273
244 273
245 273
254 273
1 274
2 274
8 274
13 274
22 274
39 274
56 274
78 274
90 274
92 274
97 274
126 274
137 274
143 274
174 274
184 274
188 274
193 274
199 274
201 274
215 274
217 274
223 274
236 274
239 274
240 274
250 274
8 275
19 275
22 275
27 275
28 275
36 275
42 275
50 275
57 275
77 275
81 275
89 275
90 275
98 275
99 275
108 275
135 275
142 275
145 275
155 275
158 275
164 275
168 275
175 275
178 275
187 275
190 275
202 275
209 275
221 275
222 275
237 275
240 275
242 275
245 275
256 275
264 275
265 275
266 275
0 276
4 276
34 276
49 276
56 276
85 276
89 276
95 276
96 276
97 276
99 276
106 276
133 276
134 276
145 276
149 276
158 276
171 276
178 276
184 276
185 276
208 276
213 276
217 276
235 276
239 276
251 276
261 276
2 277
25 277
36 277
54 277
62 277
64 277
76 277
87 277
89 277
100 277
130 277
144 277
147 277
149 277
152 277
154 277
162 277
165 277
166 277
172 277
175 277
182 277
200 277
202 277
212 277
232 277
234 277
245 277
250 277
260 277
0 278
1 278
6 278
9 278
10 278
12 278
19 278
24 278
30 278
33 278
38 278
42 278
44 278
46 278
64 278
76 278
83 278
87 278
88 278
93 278
105 278
120 278
127 278
146 278
148 278
149 278
151 278
161 278
174 278
182 278
196 278
197 278
208 278
217 278
226 278
233 278
236 278
8 279
20 279
21 279
22 279
35 279
42 279
44 279
51 279
56 279
65 279
70 279
87 279
94 279
102 279
106 279
117 279
137 279
141 279
162 279
179 279
181 279
186 279
190 279
195 279
206 279
214 279
216 279
218 279
235 279
247 279
252 279
258 279
266 279
272 279
3 280
12 280
13 280
16 280
36 280
42 280
47 280
53 280
54 280
71 280
83 280
86 280
103 280
105 280
111 280
136 280
137 280
147 280
150 280
160 280
180 280
206 280
208 280
214 280
215 280
223 280
236 280
238 280
239 280
251 280
255 280
260 280
266 280
273 280
274 280
11 281
29 281
45 281
47 281
75 281
84 281
93 281
103 281
125 281
156 281
169 281
174 281
198 281
214 281
218 281
219 281
227 281
229 281
240 281
241 281
243 281
255 281
3 282
20 282
23 282
34 282
35 282
40 282
75 282
88 282
120 282
130 282
139 282
140 282
143 282
171 282
189 282
198 282
255 282
258 282
260 282
268 282
269 282
276 282
2 283
5 283
19 283
53 283
63 283
80 283
89 283
90 283
95 283
97 283
107 283
108 283
119 283
128 283
135 283
142 283
151 283
164 283
173 283
179 283
190 283
203 283
204 283
211 283
215 283
234 283
235 283
238 283
249 283
252 283
253 283
255 283
256 283
268 283
269 283
276 283
277 283
6 284
40 284
41 284
69 284
70 284
79 284
82 284
83 284
132 284
140 284
169 284
174 284
175 284
180 284
185 284
189 284
203 284
204 284
207 284
212 284
221 284
230 284
234 284
261 284
7 285
9 285
19 285
24 285
34 285
43 285
59 285
64 285
79 285
80 285
81 285
95 285
105 285
110 285
147 285
159 285
175 285
185 285
186 285
211 285
223 285
232 285
242 285
243 285
247 285
254 285
259 285
267 285
268 285
8 286
16 286
27 286
28 286
29 286
30 286
32 286
45 286
49 286
50 286
59 286
63 286
70 286
74 286
84 286
86 286
89 286
99 286
107 286
116 286
118 286
121 286
123 286
125 286
130 286
132 286
148 286
153 286
172 286
183 286
193 286
200 286
204 286
215 286
218 286
222 286
224 286
235 286
250 286
265 286
277 286
3 287
6 287
19 287
25 287
35 287
39 287
42 287
54 287
66 287
75 287
77 287
83 287
84 287
85 287
90 287
103 287
108 287
109 287
110 287
112 287
121 287
143 287
151 287
160 287
178 287
248 287
257 287
268 287
272 287
277 287
278 287
12 288
19 288
24 288
28 288
31 288
44 288
50 288
54 288
58 288
70 288
74 288
85 288
97 288
105 288
106 288
112 288
120 288
131 288
137 288
147 288
152 288
153 288
175 288
179 288
184 288
193 288
194 288
231 288
248 288
254 288
16 289
19 289
52 289
60 289
63 289
65 289
67 289
78 289
96 289
102 289
107 289
113 289
116 289
117 289
119 289
129 289
132 289
139 289
156 289
193 289
203 289
207 289
210 289
211 289
234 289
268 289
20 290
25 290
35 290
60 290
62 290
64 290
74 290
81 290
84 290
90 290
94 290
102 290
103 290
127 290
128 290
147 290
154 290
155 290
163 290
168 290
170 290
178 290
179 290
194 290
204 290
222 290
239 290
258 290
269 290
285 290
286 290
1 291
2 291
25 291
29 291
30 291
31 291
39 291
48 291
52 291
61 291
65 291
76 291
79 291
80 291
93 291
104 291
108 291
109 291
111 291
113 291
118 291
122 291
150 291
151 291
166 291
167 291
175 291
181 291
185 291
191 291
192 291
197 291
202 291
222 291
227 291
229 291
232 291
246 291
258 291
259 291
265 291
280 291
282 291
14 292
23 292
39 292
54 292
58 292
66 292
73 292
79 292
112 292
119 292
120 292
141 292
147 292
154 292
177 292
188 292
196 292
213 292
230 292
236 292
253 292
256 292
257 292
272 292
275 292
286 292
6 293
11 293
13 293
18 293
21 293
22 293
34 293
46 293
52 293
60 293
105 293
129 293
130 293
133 293
134 293
153 293
160 293
173 293
188 293
201 293
204 293
215 293
229 293
274 293
280 293
281 293
3 294
4 294
24 294
59 294
66 294
69 294
71 294
72 294
73 294
83 294
93 294
105 294
114 294
119 294
126 294
137 294
144 294
146 294
147 294
162 294
173 294
180 294
196 294
210 294
211 294
212 294
234 294
260 294
264 294
274 294
278 294
286 294
22 295
32 295
39 295
59 295
72 295
81 295
89 295
106 295
110 295
112 295
118 295
124 295
143 295
149 295
151 295
170 295
182 295
193 295
197 295
204 295
224 295
243 295
247 295
258 295
265 295
11 296
23 296
44 296
49 296
56 296
75 296
82 296
96 296
97 296
98 296
100 296
106 296
107 296
109 296
123 296
126 296
134 296
156 296
184 296
198 296
224 296
229 296
234 296
235 296
239 296
240 296
253 296
264 296
270 296
282 296
7 297
21 297
35 297
54 297
74 297
93 297
94 297
108 297
116 297
130 297
133 297
140 297
165 297
173 297
201 297
202 297
249 297
255 297
261 297
267 297
280 297
284 297
288 297
2 298
5 298
9 298
13 298
16 298
26 298
30 298
31 298
32 298
47 298
59 298
67 298
74 298
75 298
109 298
114 298
141 298
142 298
153 298
171 298
175 298
187 298
199 298
204 298
217 298
226 298
231 298
232 298
249 298
253 298
256 298
261 298
277 298
284 298
0 299
15 299
18 299
19 299
24 299
29 299
32 299
46 299
50 299
51 299
54 299
62 299
78 299
83 299
114 299
116 299
118 299
125 299
126 299
135 299
148 299
150 299
158 299
160 299
167 299
168 299
173 299
179 299
185 299
189 299
198 299
202 299
204 299
207 299
209 299
219 299
229 299
240 299
242 299
243 299
255 299
261 299
268 299
284 299
