300 3873 5
9 12 12 6 6 5 8 4 4 6 16 3 5 12 11 5 5 7 7 6 3 12 12 6 6 8 10 7 6 11 6 5 11 5 5 12 6 6 9 8 13 5 10 9 7 6 9 5 12 6 7 6 10 4 11 8 9 9 5 5 11 6 5 15 8 5 15 5 5 9 11 13 7 6 3 6 5 7 7 4 7 6 6 10 9 4 6 17 6 10 5 12 6 13 6 6 9 5 7 17 5 6 11 8 9 6 16 5 7 5 5 9 6 14 6 6 9 4 6 11 6 11 5 6 6 5 4 10 5 14 6 6 10 12 5 6 6 6 7 7 6 5 5 12 7 4 5 5 6 13 9 12 11 11 11 9 6 6 6 7 6 6 6 6 8 4 6 7 4 10 11 6 11 8 5 15 7 17 5 12 5 8 6 11 6 9 12 6 6 16 7 4 14 5 6 10 11 11 15 8 7 16 11 15 8 8 9 10 6 6 6 5 7 10 6 6 6 4 7 6 13 4 7 10 5 3 12 9 4 9 11 9 8 9 6 5 4 4 8 11 6 10 11 4 6 6 12 7 5 14 5 8 3 6 10 6 6 12 10 10 6 5 6 9 5 11 7 7 9 10 11 6 18 6 5 8 3 7 15 8 4 5 5 17 3 9 8 9 5 6 5 4 9 5 5 9 16 5 10 4
3 9
4 9
0 10
0 13
1 13
0 14
2 14
5 14
4 15
3 16
2 18
5 18
11 21
18 22
19 23
5 24
2 25
10 25
12 25
16 25
18 25
19 26
22 26
8 27
11 27
13 27
20 27
25 27
0 28
17 28
10 30
20 30
26 30
5 31
9 31
10 31
17 31
19 31
23 31
1 32
21 32
9 33
7 34
10 34
11 34
15 34
3 35
14 35
19 35
4 36
2 37
5 37
10 38
11 38
17 38
20 38
25 38
14 39
27 40
11 41
16 41
28 41
17 42
42 43
4 44
6 45
11 45
19 45
21 45
31 45
38 45
1 46
10 46
34 46
40 46
8 47
17 47
25 47
34 47
6 48
23 48
17 49
27 49
33 49
9 50
23 50
1 51
8 51
10 51
23 51
28 51
12 52
35 52
36 52
32 53
33 53
2 54
29 54
36 54
41 54
1 55
11 55
15 55
19 55
20 55
31 55
34 55
36 55
41 55
14 56
16 56
20 56
19 57
24 57
30 57
36 57
43 57
44 57
45 57
50 57
53 57
17 58
19 58
27 58
48 58
10 59
31 59
38 59
40 59
51 59
0 60
4 60
9 60
16 60
18 60
25 60
32 60
47 60
53 60
23 61
29 61
51 61
15 62
39 62
44 62
50 62
52 62
13 63
15 63
22 63
46 63
52 63
7 64
21 64
54 64
60 64
61 64
63 64
9 65
26 65
32 65
42 65
50 65
55 65
3 66
24 66
26 66
31 66
34 66
57 66
62 66
0 67
3 67
8 67
16 67
48 67
10 68
11 68
20 68
24 68
29 68
57 68
63 68
44 69
53 69
50 70
4 71
8 71
19 71
38 71
47 71
48 71
8 72
13 72
16 72
29 72
31 72
34 72
44 72
3 73
37 73
38 73
47 73
48 73
59 73
3 74
12 74
31 74
52 74
13 75
27 75
41 75
48 75
49 75
50 75
56 75
62 75
0 76
4 76
24 76
48 76
52 76
8 77
11 77
13 77
19 77
21 77
26 77
47 77
73 77
25 78
43 78
56 78
73 78
22 79
28 79
42 79
64 79
6 80
8 80
11 80
19 80
72 80
27 81
29 81
34 81
49 81
54 81
4 82
9 82
17 82
30 82
39 82
45 82
55 82
76 82
5 83
17 83
36 83
38 83
41 83
61 83
62 83
63 83
64 83
75 83
63 84
72 84
12 85
19 85
24 85
29 85
37 85
48 85
59 85
65 85
74 85
76 85
6 86
7 86
27 86
33 86
35 86
45 86
48 86
52 86
57 86
58 86
68 86
72 86
75 86
79 86
4 87
31 87
41 87
45 87
49 87
75 87
8 88
11 88
13 88
24 88
26 88
27 88
29 88
34 88
76 88
38 89
45 89
49 89
81 89
0 90
10 90
19 90
28 90
32 90
34 90
42 90
44 90
47 90
54 90
61 90
64 90
76 90
77 90
5 91
7 91
13 91
32 91
35 91
38 91
39 91
56 91
65 91
69 91
84 91
18 92
21 92
63 92
69 92
10 93
34 93
46 93
47 93
69 93
72 93
79 93
84 93
5 94
38 94
73 94
78 94
80 94
82 94
83 94
2 95
4 95
38 95
39 95
53 95
55 95
59 95
60 95
82 95
20 96
24 96
32 96
39 96
44 96
66 96
71 96
72 96
9 97
12 97
34 97
35 97
53 97
59 97
77 97
88 97
1 98
2 98
29 98
35 98
41 98
43 98
48 98
51 98
59 98
73 98
83 98
90 98
0 99
1 99
47 99
52 99
66 99
76 99
77 99
25 100
41 100
51 100
52 100
62 100
76 100
77 100
82 100
87 100
2 101
10 101
13 101
19 101
34 101
42 101
43 101
64 101
67 101
74 101
77 101
78 101
80 101
11 102
16 102
19 102
25 102
28 102
44 102
51 102
52 102
61 102
68 102
82 102
6 103
20 103
49 103
73 103
74 103
75 103
80 103
88 103
99 103
6 104
9 104
12 104
17 104
24 104
30 104
35 104
43 104
53 104
58 104
59 104
61 104
63 104
65 104
72 104
88 104
100 104
6 105
12 105
17 105
25 105
26 105
36 105
38 105
56 105
86 105
100 105
28 106
40 106
48 106
49 106
51 106
61 106
63 106
13 107
55 107
61 107
69 107
79 107
84 107
86 107
1 108
5 108
38 108
42 108
67 108
85 108
6 109
10 109
21 109
35 109
36 109
39 109
43 109
61 109
65 109
66 109
67 109
74 109
99 109
21 110
26 110
29 110
32 110
52 110
74 110
80 110
81 110
86 110
99 110
26 111
35 111
48 111
57 111
71 111
78 111
86 111
89 111
5 112
33 112
48 112
75 112
97 112
101 112
2 113
5 113
10 113
11 113
29 113
51 113
62 113
69 113
71 113
72 113
9 114
25 114
26 114
29 114
30 114
54 114
66 114
67 114
88 114
94 114
97 114
11 115
14 115
34 115
37 115
40 115
47 115
60 115
88 115
96 115
109 115
16 116
27 116
31 116
40 116
48 116
53 116
76 116
95 116
97 116
104 116
109 116
110 116
111 116
113 116
114 116
2 117
37 117
43 117
57 117
63 117
102 117
0 118
16 118
49 118
51 118
60 118
72 118
81 118
87 118
88 118
106 118
4 119
18 119
28 119
30 119
34 119
39 119
55 119
56 119
60 119
72 119
80 119
110 119
37 120
45 120
48 120
55 120
75 120
79 120
86 120
102 120
109 120
6 121
40 121
51 121
56 121
77 121
96 121
13 122
18 122
22 122
31 122
41 122
79 122
84 122
90 122
104 122
110 122
23 123
24 123
26 123
37 123
63 123
95 123
98 123
121 123
2 124
9 124
18 124
34 124
45 124
67 124
68 124
78 124
90 124
115 124
121 124
4 125
10 125
13 125
16 125
22 125
27 125
28 125
40 125
43 125
58 125
68 125
69 125
81 125
87 125
104 125
15 126
18 126
19 126
23 126
37 126
55 126
60 126
61 126
89 126
3 127
7 127
10 127
15 127
41 127
55 127
68 127
84 127
88 127
92 127
101 127
103 127
3 128
13 128
24 128
31 128
36 128
39 128
61 128
62 128
76 128
85 128
91 128
92 128
93 128
106 128
107 128
114 128
116 128
117 128
2 129
21 129
33 129
40 129
50 129
52 129
53 129
63 129
89 129
100 129
102 129
118 129
120 129
14 130
42 130
46 130
48 130
79 130
86 130
91 130
101 130
121 130
23 131
32 131
37 131
49 131
75 131
102 131
114 131
117 131
119 131
1 132
5 132
17 132
21 132
26 132
37 132
47 132
53 132
54 132
64 132
78 132
94 132
97 132
116 132
0 133
5 133
27 133
30 133
31 133
37 133
67 133
68 133
72 133
101 133
107 133
117 133
11 134
27 134
43 134
83 134
102 134
105 134
107 134
28 135
37 135
43 135
82 135
107 135
108 135
113 135
116 135
122 135
1 136
3 136
6 136
7 136
27 136
28 136
43 136
61 136
63 136
73 136
85 136
131 136
26 137
28 137
33 137
69 137
72 137
92 137
93 137
103 137
113 137
116 137
121 137
127 137
5 138
19 138
52 138
54 138
80 138
88 138
105 138
120 138
0 139
16 139
34 139
37 139
77 139
92 139
110 139
114 139
12 140
23 140
38 140
81 140
88 140
92 140
95 140
97 140
101 140
109 140
118 140
8 141
16 141
21 141
29 141
39 141
55 141
69 141
100 141
110 141
114 141
119 141
5 142
12 142
35 142
50 142
51 142
53 142
57 142
59 142
62 142
94 142
104 142
115 142
117 142
121 142
11 143
31 143
51 143
57 143
60 143
64 143
77 143
88 143
91 143
97 143
100 143
110 143
115 143
121 143
123 143
127 143
13 144
20 144
44 144
68 144
71 144
87 144
90 144
99 144
105 144
111 144
128 144
130 144
132 144
3 145
14 145
28 145
34 145
43 145
49 145
72 145
93 145
100 145
124 145
129 145
5 146
9 146
15 146
18 146
46 146
56 146
77 146
91 146
17 147
32 147
36 147
79 147
96 147
100 147
101 147
104 147
137 147
5 148
24 148
57 148
60 148
65 148
77 148
87 148
132 148
3 149
6 149
9 149
10 149
27 149
45 149
63 149
75 149
82 149
104 149
117 149
122 149
140 149
27 150
36 150
44 150
46 150
49 150
53 150
60 150
69 150
105 150
120 150
122 150
0 151
41 151
42 151
57 151
60 151
66 151
78 151
91 151
109 151
112 151
143 151
7 152
13 152
19 152
24 152
37 152
39 152
63 152
73 152
79 152
82 152
83 152
91 152
99 152
122 152
141 152
144 152
15 153
21 153
23 153
29 153
45 153
47 153
56 153
61 153
72 153
99 153
118 153
126 153
7 154
10 154
40 154
55 154
62 154
63 154
104 154
110 154
113 154
114 154
132 154
14 155
17 155
31 155
32 155
40 155
41 155
65 155
70 155
72 155
91 155
108 155
120 155
129 155
39 156
47 156
63 156
84 156
85 156
92 156
94 156
119 156
127 156
138 156
141 156
143 156
146 156
149 156
154 156
21 157
41 157
49 157
57 157
74 157
94 157
106 157
116 157
134 157
149 157
2 158
10 158
15 158
17 158
19 158
25 158
40 158
43 158
55 158
57 158
80 158
120 158
121 158
128 158
130 158
148 158
149 158
152 158
2 159
12 159
25 159
26 159
48 159
57 159
61 159
78 159
131 159
143 159
11 160
28 160
40 160
43 160
48 160
80 160
85 160
88 160
95 160
129 160
2 161
26 161
60 161
61 161
75 161
77 161
94 161
104 161
111 161
117 161
118 161
120 161
133 161
152 161
5 162
10 162
11 162
16 162
20 162
28 162
30 162
33 162
40 162
53 162
60 162
64 162
76 162
77 162
84 162
107 162
109 162
110 162
111 162
113 162
119 162
121 162
128 162
146 162
148 162
151 162
19 163
32 163
69 163
77 163
79 163
89 163
93 163
95 163
98 163
121 163
123 163
125 163
126 163
137 163
11 164
28 164
29 164
31 164
36 164
63 164
70 164
75 164
81 164
84 164
93 164
110 164
132 164
135 164
8 165
31 165
33 165
39 165
55 165
57 165
60 165
73 165
78 165
113 165
119 165
129 165
140 165
4 166
18 166
20 166
28 166
72 166
76 166
91 166
96 166
100 166
101 166
122 166
124 166
125 166
136 166
143 166
149 166
150 166
156 166
7 167
24 167
33 167
36 167
45 167
47 167
66 167
90 167
159 167
21 168
29 168
48 168
62 168
82 168
84 168
92 168
95 168
100 168
108 168
109 168
113 168
122 168
128 168
134 168
139 168
140 168
146 168
154 168
15 169
17 169
47 169
52 169
82 169
86 169
99 169
110 169
113 169
127 169
140 169
150 169
153 169
160 169
2 170
5 170
15 170
18 170
25 170
32 170
34 170
36 170
68 170
72 170
84 170
92 170
115 170
134 170
1 171
2 171
31 171
32 171
33 171
39 171
78 171
85 171
88 171
97 171
100 171
122 171
131 171
132 171
141 171
159 171
2 172
21 172
22 172
23 172
65 172
74 172
90 172
94 172
101 172
103 172
125 172
130 172
164 172
14 173
41 173
56 173
66 173
70 173
85 173
86 173
104 173
108 173
119 173
123 173
125 173
129 173
136 173
149 173
153 173
154 173
160 173
0 174
2 174
4 174
12 174
43 174
67 174
73 174
75 174
101 174
105 174
113 174
115 174
130 174
150 174
157 174
2 175
12 175
21 175
34 175
41 175
42 175
43 175
76 175
81 175
83 175
106 175
137 175
166 175
0 176
13 176
21 176
26 176
30 176
35 176
38 176
45 176
65 176
68 176
69 176
75 176
97 176
117 176
145 176
150 176
161 176
173 176
21 177
26 177
30 177
32 177
63 177
64 177
84 177
89 177
113 177
116 177
140 177
147 177
151 177
153 177
156 177
162 177
26 178
31 178
41 178
43 178
58 178
111 178
126 178
146 178
148 178
168 178
2 179
6 179
11 179
30 179
49 179
52 179
54 179
55 179
63 179
73 179
84 179
96 179
127 179
141 179
150 179
156 179
157 179
165 179
17 180
20 180
28 180
32 180
46 180
48 180
57 180
64 180
77 180
82 180
112 180
113 180
119 180
130 180
131 180
150 180
151 180
8 181
19 181
21 181
24 181
82 181
100 181
119 181
139 181
141 181
153 181
5 182
7 182
26 182
32 182
62 182
63 182
65 182
67 182
74 182
83 182
88 182
103 182
108 182
112 182
119 182
130 182
146 182
152 182
168 182
10 183
16 183
25 183
29 183
40 183
62 183
76 183
98 183
102 183
124 183
125 183
126 183
130 183
158 183
160 183
176 183
7 184
15 184
17 184
26 184
34 184
48 184
65 184
66 184
73 184
82 184
83 184
86 184
89 184
112 184
122 184
131 184
132 184
153 184
168 184
172 184
9 185
18 185
19 185
30 185
42 185
43 185
46 185
51 185
80 185
95 185
99 185
117 185
119 185
127 185
143 185
150 185
151 185
154 185
165 185
2 186
7 186
40 186
60 186
75 186
76 186
108 186
109 186
112 186
115 186
116 186
117 186
124 186
125 186
141 186
165 186
166 186
169 186
170 186
175 186
14 187
44 187
95 187
104 187
107 187
118 187
121 187
144 187
146 187
160 187
169 187
13 188
28 188
40 188
43 188
69 188
72 188
91 188
109 188
113 188
115 188
117 188
123 188
137 188
139 188
171 188
180 188
181 188
3 189
5 189
7 189
12 189
17 189
53 189
57 189
70 189
100 189
110 189
122 189
124 189
139 189
141 189
143 189
13 190
32 190
34 190
45 190
49 190
51 190
53 190
59 190
64 190
67 190
91 190
94 190
104 190
105 190
108 190
130 190
147 190
157 190
170 190
177 190
178 190
12 191
20 191
47 191
79 191
81 191
85 191
103 191
111 191
112 191
121 191
143 191
145 191
155 191
159 191
160 191
162 191
187 191
5 192
20 192
30 192
41 192
52 192
60 192
73 192
75 192
92 192
97 192
111 192
112 192
133 192
171 192
173 192
174 192
186 192
5 193
10 193
28 193
70 193
85 193
88 193
94 193
115 193
137 193
141 193
173 193
176 193
184 193
189 193
1 194
12 194
13 194
17 194
18 194
24 194
25 194
40 194
47 194
56 194
67 194
80 194
85 194
92 194
125 194
137 194
142 194
151 194
154 194
158 194
166 194
170 194
15 195
19 195
20 195
24 195
31 195
37 195
51 195
52 195
77 195
114 195
142 195
147 195
152 195
169 195
188 195
23 196
38 196
49 196
66 196
70 196
81 196
107 196
109 196
112 196
117 196
119 196
124 196
144 196
145 196
155 196
156 196
158 196
179 196
15 197
25 197
37 197
50 197
51 197
57 197
67 197
111 197
122 197
141 197
142 197
143 197
145 197
159 197
166 197
173 197
179 197
185 197
186 197
8 198
13 198
19 198
22 198
23 198
26 198
31 198
41 198
67 198
68 198
83 198
86 198
102 198
111 198
129 198
140 198
152 198
153 198
169 198
170 198
171 198
188 198
55 199
63 199
74 199
82 199
111 199
125 199
130 199
141 199
175 199
183 199
188 199
4 200
9 200
17 200
31 200
44 200
80 200
131 200
134 200
138 200
140 200
169 200
180 200
181 200
186 200
190 200
5 201
11 201
12 201
14 201
24 201
26 201
35 201
63 201
70 201
71 201
77 201
97 201
107 201
109 201
113 201
120 201
128 201
136 201
152 201
158 201
167 201
0 202
44 202
47 202
63 202
69 202
71 202
72 202
87 202
98 202
105 202
108 202
116 202
122 202
132 202
143 202
158 202
165 202
185 202
188 202
190 202
2 203
7 203
12 203
47 203
49 203
54 203
56 203
63 203
69 203
78 203
88 203
96 203
100 203
104 203
158 203
171 203
172 203
175 203
19 204
22 204
23 204
42 204
45 204
56 204
67 204
74 204
89 204
104 204
106 204
112 204
124 204
148 204
158 204
177 204
188 204
202 204
11 205
12 205
15 205
37 205
41 205
44 205
55 205
71 205
77 205
91 205
123 205
132 205
134 205
147 205
166 205
168 205
185 205
1 206
3 206
9 206
19 206
20 206
31 206
36 206
51 206
59 206
78 206
101 206
108 206
113 206
130 206
134 206
135 206
138 206
140 206
150 206
160 206
178 206
188 206
3 207
14 207
29 207
54 207
56 207
61 207
63 207
65 207
72 207
83 207
87 207
91 207
96 207
126 207
134 207
139 207
142 207
149 207
164 207
167 207
172 207
174 207
186 207
17 208
31 208
42 208
47 208
51 208
78 208
85 208
102 208
114 208
118 208
122 208
124 208
125 208
132 208
141 208
147 208
149 208
154 208
0 209
9 209
20 209
24 209
26 209
29 209
43 209
83 209
85 209
92 209
110 209
111 209
137 209
147 209
204 209
206 209
208 209
3 210
41 210
42 210
50 210
55 210
59 210
79 210
86 210
118 210
132 210
138 210
158 210
164 210
167 210
186 210
196 210
7 211
8 211
26 211
37 211
42 211
51 211
73 211
80 211
88 211
95 211
100 211
106 211
121 211
139 211
140 211
152 211
155 211
158 211
164 211
168 211
180 211
192 211
0 212
12 212
13 212
25 212
32 212
33 212
37 212
60 212
69 212
81 212
82 212
101 212
104 212
110 212
116 212
129 212
136 212
144 212
154 212
172 212
176 212
203 212
16 213
32 213
33 213
47 213
49 213
56 213
57 213
76 213
129 213
140 213
157 213
168 213
170 213
180 213
181 213
187 213
195 213
201 213
203 213
12 214
49 214
64 214
67 214
79 214
104 214
110 214
116 214
117 214
126 214
138 214
144 214
151 214
157 214
189 214
191 214
194 214
195 214
1 215
7 215
21 215
42 215
54 215
60 215
63 215
87 215
118 215
124 215
127 215
132 215
137 215
156 215
164 215
172 215
177 215
201 215
203 215
208 215
14 216
18 216
32 216
43 216
46 216
50 216
59 216
69 216
75 216
105 216
109 216
121 216
124 216
125 216
156 216
169 216
176 216
180 216
187 216
190 216
4 217
46 217
75 217
105 217
107 217
135 217
136 217
140 217
151 217
160 217
168 217
171 217
175 217
178 217
179 217
196 217
202 217
16 218
17 218
20 218
48 218
67 218
70 218
74 218
93 218
95 218
150 218
177 218
186 218
190 218
202 218
12 219
14 219
17 219
32 219
53 219
64 219
79 219
80 219
105 219
106 219
112 219
113 219
120 219
123 219
125 219
132 219
152 219
154 219
178 219
199 219
213 219
214 219
37 220
39 220
44 220
53 220
58 220
59 220
61 220
78 220
79 220
88 220
89 220
90 220
99 220
106 220
111 220
117 220
124 220
127 220
138 220
162 220
184 220
189 220
196 220
199 220
212 220
216 220
0 221
8 221
9 221
33 221
41 221
50 221
69 221
80 221
81 221
111 221
120 221
123 221
148 221
153 221
162 221
169 221
171 221
175 221
181 221
200 221
209 221
5 222
12 222
22 222
46 222
51 222
69 222
72 222
78 222
81 222
87 222
92 222
93 222
115 222
119 222
126 222
130 222
133 222
159 222
160 222
167 222
174 222
176 222
188 222
203 222
216 222
13 223
15 223
28 223
31 223
34 223
35 223
45 223
54 223
59 223
64 223
83 223
85 223
86 223
89 223
102 223
115 223
133 223
134 223
135 223
148 223
152 223
154 223
167 223
171 223
191 223
204 223
205 223
210 223
3 224
25 224
46 224
52 224
62 224
68 224
74 224
97 224
102 224
105 224
110 224
126 224
135 224
162 224
170 224
212 224
33 225
38 225
55 225
58 225
126 225
132 225
134 225
149 225
153 225
170 225
179 225
188 225
194 225
197 225
200 225
210 225
211 225
6 226
18 226
20 226
27 226
41 226
44 226
86 226
91 226
100 226
105 226
109 226
134 226
135 226
149 226
158 226
159 226
162 226
189 226
193 226
210 226
211 226
216 226
13 227
19 227
38 227
41 227
59 227
60 227
63 227
78 227
79 227
112 227
129 227
148 227
155 227
160 227
178 227
186 227
188 227
202 227
2 228
18 228
36 228
42 228
44 228
49 228
61 228
69 228
82 228
84 228
104 228
122 228
153 228
154 228
181 228
185 228
194 228
204 228
216 228
1 229
7 229
11 229
14 229
16 229
67 229
69 229
99 229
114 229
130 229
172 229
175 229
184 229
185 229
200 229
219 229
5 230
20 230
21 230
46 230
49 230
51 230
53 230
70 230
74 230
85 230
88 230
113 230
137 230
156 230
176 230
9 231
18 231
19 231
26 231
29 231
37 231
43 231
57 231
60 231
61 231
97 231
99 231
140 231
142 231
144 231
145 231
151 231
159 231
173 231
174 231
175 231
178 231
189 231
196 231
198 231
209 231
211 231
3 232
9 232
23 232
32 232
52 232
54 232
64 232
74 232
76 232
100 232
125 232
130 232
163 232
190 232
202 232
8 233
32 233
48 233
50 233
54 233
72 233
73 233
75 233
76 233
78 233
88 233
101 233
125 233
138 233
146 233
149 233
212 233
13 234
21 234
23 234
31 234
34 234
52 234
63 234
70 234
76 234
89 234
92 234
101 234
104 234
107 234
120 234
133 234
137 234
138 234
140 234
142 234
147 234
150 234
155 234
166 234
173 234
176 234
179 234
182 234
190 234
209 234
6 235
18 235
23 235
25 235
27 235
35 235
95 235
105 235
124 235
131 235
136 235
144 235
146 235
186 235
196 235
205 235
212 235
220 235
2 236
3 236
18 236
51 236
57 236
58 236
88 236
112 236
123 236
155 236
156 236
169 236
174 236
186 236
205 236
217 236
224 236
227 236
14 237
39 237
100 237
113 237
118 237
121 237
133 237
137 237
139 237
152 237
180 237
188 237
2 238
5 238
20 238
28 238
34 238
48 238
61 238
73 238
80 238
85 238
99 238
157 238
166 238
169 238
200 238
205 238
209 238
218 238
13 239
24 239
44 239
56 239
83 239
111 239
122 239
150 239
152 239
190 239
200 239
201 239
207 239
209 239
212 239
222 239
227 239
1 240
5 240
14 240
28 240
39 240
43 240
59 240
77 240
100 240
109 240
134 240
149 240
151 240
165 240
172 240
179 240
188 240
191 240
204 240
216 240
19 241
28 241
31 241
33 241
36 241
75 241
106 241
122 241
127 241
185 241
186 241
190 241
214 241
222 241
227 241
5 242
28 242
30 242
71 242
86 242
87 242
104 242
109 242
131 242
139 242
145 242
146 242
152 242
158 242
181 242
182 242
189 242
190 242
192 242
193 242
205 242
206 242
217 242
241 242
23 243
63 243
65 243
76 243
80 243
108 243
112 243
137 243
139 243
145 243
160 243
163 243
165 243
166 243
189 243
193 243
195 243
205 243
216 243
236 243
5 244
7 244
11 244
81 244
92 244
95 244
97 244
111 244
117 244
136 244
157 244
161 244
187 244
197 244
203 244
224 244
234 244
0 245
7 245
17 245
18 245
21 245
39 245
61 245
68 245
73 245
79 245
86 245
92 245
94 245
96 245
127 245
138 245
171 245
203 245
217 245
11 246
23 246
27 246
52 246
53 246
69 246
74 246
87 246
93 246
96 246
109 246
120 246
122 246
136 246
143 246
145 246
180 246
202 246
210 246
211 246
7 247
19 247
20 247
23 247
25 247
35 247
49 247
58 247
86 247
90 247
97 247
109 247
132 247
146 247
153 247
155 247
168 247
209 247
215 247
231 247
239 247
18 248
36 248
37 248
46 248
51 248
59 248
66 248
79 248
104 248
106 248
115 248
126 248
139 248
170 248
180 248
190 248
213 248
6 249
7 249
19 249
41 249
51 249
61 249
85 249
94 249
108 249
133 249
152 249
154 249
162 249
184 249
185 249
199 249
204 249
209 249
232 249
234 249
1 250
15 250
34 250
40 250
56 250
57 250
77 250
88 250
100 250
106 250
118 250
121 250
136 250
149 250
161 250
185 250
190 250
195 250
197 250
227 250
235 250
237 250
62 251
64 251
81 251
83 251
86 251
90 251
91 251
106 251
108 251
113 251
121 251
128 251
142 251
153 251
160 251
164 251
173 251
185 251
190 251
191 251
193 251
194 251
223 251
234 251
239 251
16 252
27 252
41 252
61 252
68 252
90 252
95 252
117 252
132 252
141 252
188 252
194 252
199 252
209 252
215 252
241 252
20 253
36 253
42 253
59 253
86 253
113 253
117 253
118 253
125 253
128 253
146 253
148 253
158 253
169 253
173 253
184 253
220 253
239 253
4 254
15 254
18 254
39 254
67 254
86 254
88 254
100 254
107 254
112 254
113 254
118 254
120 254
129 254
136 254
140 254
143 254
168 254
170 254
181 254
184 254
185 254
196 254
202 254
218 254
220 254
228 254
3 255
12 255
13 255
19 255
23 255
24 255
48 255
53 255
56 255
58 255
60 255
65 255
67 255
68 255
105 255
119 255
133 255
135 255
140 255
143 255
149 255
163 255
174 255
177 255
199 255
213 255
214 255
226 255
238 255
239 255
11 256
16 256
20 256
31 256
38 256
41 256
53 256
55 256
64 256
92 256
98 256
104 256
116 256
129 256
137 256
146 256
156 256
191 256
194 256
198 256
210 256
212 256
216 256
217 256
222 256
225 256
1 257
2 257
3 257
6 257
16 257
36 257
46 257
59 257
63 257
67 257
78 257
84 257
92 257
108 257
109 257
128 257
132 257
147 257
167 257
171 257
172 257
176 257
198 257
212 257
231 257
11 258
17 258
21 258
35 258
42 258
50 258
53 258
68 258
71 258
81 258
83 258
87 258
120 258
126 258
133 258
136 258
138 258
146 258
151 258
159 258
162 258
164 258
191 258
195 258
209 258
210 258
212 258
229 258
239 258
243 258
4 259
16 259
22 259
37 259
38 259
64 259
77 259
96 259
103 259
104 259
143 259
148 259
163 259
164 259
173 259
182 259
195 259
245 259
254 259
9 260
15 260
36 260
47 260
50 260
57 260
63 260
65 260
86 260
87 260
116 260
121 260
124 260
131 260
149 260
157 260
180 260
188 260
190 260
204 260
208 260
216 260
221 260
222 260
223 260
250 260
20 261
24 261
39 261
59 261
70 261
94 261
105 261
140 261
145 261
184 261
206 261
212 261
213 261
215 261
224 261
0 262
2 262
26 262
31 262
40 262
51 262
64 262
67 262
77 262
79 262
93 262
97 262
128 262
139 262
142 262
154 262
155 262
163 262
192 262
210 262
235 262
243 262
244 262
245 262
246 262
249 262
257 262
15 263
17 263
20 263
22 263
30 263
34 263
37 263
38 263
39 263
63 263
65 263
66 263
71 263
83 263
90 263
96 263
116 263
117 263
125 263
136 263
146 263
151 263
152 263
169 263
172 263
179 263
195 263
229 263
22 264
26 264
30 264
44 264
57 264
59 264
62 264
82 264
94 264
98 264
110 264
122 264
124 264
132 264
149 264
160 264
164 264
167 264
168 264
189 264
196 264
203 264
215 264
225 264
228 264
236 264
245 264
255 264
18 265
58 265
69 265
70 265
92 265
97 265
111 265
124 265
127 265
129 265
138 265
139 265
151 265
153 265
174 265
180 265
181 265
201 265
209 265
214 265
223 265
225 265
227 265
245 265
248 265
251 265
4 266
5 266
18 266
49 266
61 266
62 266
72 266
80 266
118 266
124 266
139 266
140 266
157 266
162 266
168 266
194 266
196 266
199 266
225 266
227 266
232 266
245 266
0 267
3 267
25 267
35 267
43 267
74 267
82 267
92 267
94 267
95 267
99 267
119 267
149 267
155 267
163 267
179 267
215 267
224 267
228 267
4 268
5 268
8 268
22 268
29 268
33 268
35 268
43 268
60 268
88 268
91 268
112 268
148 268
154 268
166 268
172 268
185 268
209 268
211 268
239 268
251 268
11 269
22 269
23 269
65 269
80 269
84 269
128 269
133 269
144 269
150 269
157 269
160 269
162 269
165 269
182 269
184 269
230 269
241 269
2 270
10 270
19 270
20 270
40 270
49 270
78 270
90 270
95 270
97 270
110 270
127 270
132 270
159 270
188 270
242 270
249 270
266 270
15 271
24 271
29 271
38 271
50 271
58 271
65 271
66 271
74 271
90 271
104 271
113 271
146 271
150 271
154 271
168 271
171 271
172 271
192 271
203 271
213 271
215 271
219 271
235 271
244 271
252 271
255 271
258 271
267 271
9 272
30 272
48 272
50 272
60 272
71 272
77 272
87 272
88 272
91 272
97 272
104 272
105 272
109 272
112 272
114 272
121 272
177 272
183 272
187 272
195 272
218 272
220 272
221 272
223 272
235 272
236 272
242 272
247 272
248 272
256 272
259 272
260 272
0 273
1 273
34 273
48 273
51 273
55 273
65 273
95 273
114 273
141 273
142 273
151 273
158 273
167 273
179 273
186 273
215 273
217 273
244 273
6 274
23 274
31 274
34 274
37 274
44 274
62 274
63 274
76 274
80 274
91 274
95 274
96 274
99 274
110 274
121 274
140 274
149 274
154 274
160 274
201 274
204 274
210 274
211 274
213 274
220 274
223 274
236 274
265 274
1 275
15 275
16 275
17 275
19 275
109 275
133 275
143 275
194 275
203 275
215 275
218 275
219 275
241 275
249 275
250 275
251 275
264 275
269 275
30 276
55 276
57 276
66 276
95 276
129 276
137 276
139 276
178 276
181 276
205 276
221 276
225 276
256 276
10 277
35 277
37 277
52 277
53 277
68 277
83 277
96 277
110 277
112 277
118 277
124 277
174 277
177 277
179 277
188 277
202 277
218 277
250 277
267 277
1 278
4 278
11 278
15 278
22 278
25 278
34 278
80 278
95 278
99 278
111 278
115 278
120 278
131 278
138 278
152 278
159 278
160 278
169 278
173 278
185 278
193 278
206 278
211 278
216 278
224 278
239 278
260 278
261 278
262 278
268 278
271 278
272 278
275 278
9 279
12 279
19 279
78 279
86 279
97 279
107 279
115 279
152 279
153 279
162 279
169 279
190 279
203 279
206 279
223 279
233 279
239 279
245 279
250 279
271 279
274 279
277 279
13 280
23 280
41 280
47 280
53 280
62 280
66 280
76 280
82 280
91 280
99 280
101 280
103 280
108 280
109 280
123 280
124 280
128 280
167 280
176 280
177 280
179 280
181 280
184 280
197 280
199 280
211 280
212 280
215 280
248 280
10 281
18 281
20 281
27 281
33 281
72 281
93 281
108 281
113 281
114 281
126 281
135 281
142 281
148 281
149 281
162 281
179 281
182 281
195 281
205 281
207 281
209 281
226 281
229 281
260 281
264 281
2 282
19 282
20 282
23 282
26 282
39 282
41 282
60 282
68 282
69 282
80 282
81 282
82 282
89 282
102 282
107 282
116 282
118 282
119 282
121 282
138 282
141 282
176 282
183 282
192 282
199 282
204 282
215 282
243 282
254 282
256 282
275 282
18 283
19 283
36 283
52 283
67 283
73 283
80 283
81 283
83 283
85 283
91 283
123 283
126 283
132 283
176 283
179 283
180 283
184 283
204 283
207 283
239 283
266 283
3 284
6 284
22 284
27 284
63 284
78 284
79 284
96 284
103 284
104 284
124 284
151 284
163 284
187 284
197 284
214 284
244 284
256 284
15 285
16 285
19 285
21 285
24 285
28 285
35 285
38 285
63 285
80 285
82 285
95 285
117 285
134 285
140 285
158 285
170 285
180 285
182 285
184 285
186 285
201 285
249 285
252 285
253 285
258 285
277 285
17 286
18 286
26 286
51 286
55 286
75 286
78 286
86 286
93 286
110 286
126 286
139 286
161 286
162 286
181 286
184 286
210 286
213 286
224 286
258 286
12 287
32 287
56 287
66 287
84 287
86 287
111 287
116 287
157 287
187 287
205 287
216 287
238 287
259 287
260 287
26 288
30 288
33 288
45 288
48 288
54 288
67 288
129 288
132 288
136 288
168 288
172 288
187 288
198 288
226 288
238 288
253 288
258 288
268 288
269 288
285 288
1 289
5 289
10 289
12 289
13 289
24 289
46 289
53 289
79 289
85 289
91 289
97 289
100 289
107 289
139 289
146 289
149 289
167 289
186 289
187 289
198 289
200 289
214 289
224 289
237 289
250 289
255 289
256 289
260 289
269 289
270 289
285 289
4 290
19 290
27 290
63 290
64 290
69 290
75 290
77 290
81 290
106 290
107 290
127 290
135 290
139 290
143 290
155 290
187 290
234 290
256 290
280 290
19 291
29 291
38 291
46 291
71 291
82 291
91 291
108 291
127 291
128 291
131 291
146 291
148 291
152 291
166 291
168 291
172 291
181 291
182 291
186 291
187 291
207 291
234 291
248 291
249 291
269 291
6 292
10 292
16 292
17 292
63 292
72 292
73 292
121 292
123 292
139 292
142 292
144 292
197 292
213 292
216 292
217 292
248 292
253 292
279 292
2 293
3 293
5 293
18 293
22 293
25 293
44 293
48 293
73 293
74 293
75 293
107 293
113 293
134 293
156 293
163 293
168 293
169 293
181 293
186 293
187 293
193 293
209 293
214 293
217 293
218 293
226 293
227 293
228 293
232 293
239 293
241 293
242 293
243 293
246 293
260 293
278 293
284 293
5 294
23 294
30 294
46 294
62 294
91 294
115 294
118 294
135 294
141 294
169 294
176 294
203 294
226 294
230 294
259 294
263 294
284 294
8 295
13 295
17 295
24 295
27 295
37 295
63 295
74 295
76 295
96 295
101 295
108 295
119 295
123 295
124 295
147 295
176 295
177 295
184 295
186 295
200 295
202 295
207 295
211 295
214 295
218 295
239 295
248 295
250 295
256 295
6 296
10 296
19 296
22 296
33 296
43 296
49 296
74 296
75 296
94 296
97 296
106 296
107 296
119 296
132 296
134 296
149 296
184 296
188 296
190 296
192 296
203 296
204 296
216 296
219 296
221 296
240 296
243 296
250 296
252 296
257 296
276 296
11 297
37 297
45 297
58 297
61 297
68 297
100 297
105 297
107 297
117 297
119 297
124 297
131 297
133 297
137 297
139 297
145 297
157 297
166 297
181 297
182 297
183 297
201 297
211 297
219 297
241 297
244 297
247 297
250 297
254 297
264 297
274 297
280 297
5 298
8 298
14 298
25 298
39 298
49 298
60 298
101 298
114 298
167 298
176 298
179 298
190 298
201 298
221 298
236 298
239 298
248 298
260 298
270 298
284 298
1 299
19 299
22 299
41 299
47 299
54 299
67 299
73 299
106 299
111 299
115 299
118 299
124 299
126 299
143 299
159 299
161 299
166 299
168 299
172 299
189 299
194 299
204 299
225 299
241 299
249 299
255 299
