300 592 5
5 7 6 5 14 3 6 6 6 13 5 15 6 6 6 6 5 5 6 5 8 13 10 11 5 5 4 5 7 9 5 17 4 12 5 6 14 5 4 4 6 14 4 5 10 7 6 6 6 5 10 3 4 11 8 6 6 12 6 10 4 7 5 5 8 6 6 5 11 12 4 9 4 11 5 7 6 5 6 5 8 10 10 7 6 8 11 11 16 6 13 4 11 6 4 4 17 5 6 10 6 13 11 6 9 12 14 14 12 4 4 7 11 13 6 14 6 4 6 15 16 3 6 6 13 5 7 5 12 6 6 10 11 8 8 4 7 11 10 3 12 7 13 7 5 9 7 5 5 6 8 14 6 10 4 5 9 9 11 5 7 14 7 11 14 6 10 5 5 5 5 13 6 6 4 5 6 9 14 14 10 4 5 7 7 11 6 13 6 8 7 10 6 4 12 6 11 5 2 12 5 11 8 6 6 8 6 5 5 7 4 6 8 13 6 13 6 4 12 5 11 11 4 8 14 6 3 5 10 5 5 6 6 5 6 5 11 10 5 6 6 8 6 9 7 5 15 5 7 3 5 7 5 6 4 6 13 9 6 6 6 18 17 11 4 6 11 7 12 4 6 9 5 10 5 6 5 10 5 4 13 11 10 7 11 12 7 13 5 5 7 5 14 6 6 4 5 16 16 7
11 21
11 28
24 29
1 32
16 37
5 42
32 42
26 44
32 46
25 50
27 50
35 56
48 57
25 58
45 59
43 62
24 63
29 64
61 64
13 65
21 65
44 65
54 65
52 66
15 70
16 70
27 71
22 75
41 75
12 76
55 77
21 79
60 79
20 80
23 80
1 82
38 82
70 83
7 86
68 86
38 87
65 87
4 88
22 88
27 88
75 88
75 90
2 91
54 91
17 92
19 94
72 94
81 94
54 95
0 96
1 97
4 97
62 97
74 97
48 98
76 99
83 99
18 100
78 100
41 102
7 103
11 103
52 103
86 103
70 104
80 105
88 105
71 108
2 109
30 109
87 109
94 109
98 110
103 110
69 111
72 111
23 113
34 113
95 113
11 116
73 117
0 118
26 118
23 119
23 120
48 120
5 121
48 123
110 125
121 125
54 126
73 126
118 126
54 127
65 127
70 127
115 129
36 130
18 131
92 131
101 132
109 132
34 133
55 133
81 133
85 133
7 135
101 135
38 136
66 136
128 136
46 137
98 137
112 137
41 138
52 139
86 140
128 140
50 141
129 141
37 142
138 142
1 144
78 144
61 145
75 148
0 149
7 149
114 149
116 149
36 150
71 150
37 152
53 152
148 152
51 153
102 153
11 154
6 155
119 155
148 155
104 157
34 158
51 158
93 158
112 158
82 159
128 159
14 160
26 160
57 160
69 160
68 161
24 162
137 162
141 162
107 163
128 163
129 163
157 163
17 164
106 164
140 164
132 165
19 167
59 167
34 168
41 168
53 168
81 168
85 168
135 168
70 169
113 169
85 170
2 171
117 171
141 171
12 172
33 172
48 172
6 173
10 173
30 173
121 173
17 174
56 174
73 174
139 174
25 175
3 177
76 177
161 177
58 178
61 178
72 178
106 178
27 179
89 179
102 179
168 180
34 181
137 181
120 182
126 182
148 182
161 182
107 183
97 184
147 185
164 185
172 185
15 186
87 186
127 186
21 187
24 187
34 187
156 187
171 187
112 188
7 190
25 190
162 190
167 190
178 190
47 191
90 191
112 192
179 192
24 193
78 193
162 193
178 193
14 194
44 194
77 194
164 194
84 195
87 195
178 195
32 196
40 199
141 199
147 199
164 199
69 200
100 200
117 200
136 200
58 201
40 202
170 202
14 203
27 203
124 203
42 204
62 204
58 205
74 205
49 206
198 206
11 207
84 207
93 207
121 207
19 208
24 208
103 208
106 208
114 208
152 208
33 209
66 209
12 210
79 211
93 211
175 211
159 212
73 213
101 213
91 214
188 214
20 215
93 215
98 215
105 215
118 215
134 215
138 215
168 215
41 216
71 216
103 216
110 216
118 216
132 216
135 216
10 217
44 217
162 217
201 217
4 218
24 218
86 218
150 218
151 218
20 219
32 219
92 219
101 219
107 219
186 219
22 220
53 220
54 220
88 220
118 221
184 221
116 222
76 223
89 223
188 223
191 223
54 224
170 224
199 224
21 225
48 225
54 226
153 226
16 227
21 228
56 228
77 228
164 228
180 228
214 228
3 229
46 229
61 229
106 229
141 229
188 229
29 230
72 230
150 230
25 231
85 231
125 231
116 233
165 233
83 234
165 234
224 234
56 235
138 235
230 235
42 236
89 236
102 236
103 236
115 236
134 236
170 236
62 237
125 237
142 237
171 237
46 238
108 238
142 238
226 238
125 239
12 240
100 240
187 240
21 241
166 241
188 241
195 241
12 242
45 243
75 243
139 243
9 244
43 244
75 244
115 244
126 244
166 244
3 245
98 245
150 245
45 246
71 246
214 246
76 247
94 247
106 247
139 247
54 248
62 248
96 248
3 249
21 249
24 249
204 249
229 249
62 250
77 250
96 250
138 250
178 250
224 250
33 251
103 251
20 252
147 253
228 253
8 254
64 254
96 254
108 254
151 254
167 254
180 254
209 254
67 255
215 255
158 257
228 257
19 258
52 258
58 258
182 258
192 258
206 258
123 259
214 259
246 259
258 259
63 260
178 260
40 261
196 261
203 261
213 261
242 261
2 262
31 262
71 262
121 262
129 262
148 262
219 262
243 262
14 263
31 263
254 263
100 264
131 264
75 265
146 265
171 265
47 266
51 266
116 266
234 266
86 267
168 267
182 267
238 267
194 268
253 268
158 269
211 269
223 269
141 270
179 270
42 271
126 271
133 271
206 271
86 272
5 273
252 273
56 274
80 274
91 274
222 274
3 275
22 275
26 275
66 275
125 275
251 275
68 276
155 276
169 276
198 276
205 276
257 276
15 277
185 277
113 278
227 278
92 279
148 279
74 280
150 280
190 280
213 280
256 280
0 281
59 281
95 281
269 281
47 282
58 282
84 283
104 283
185 283
234 283
187 284
189 284
156 285
225 285
26 286
55 286
70 286
80 286
83 286
134 286
261 286
2 287
274 287
83 288
140 288
224 288
126 289
138 289
217 289
259 289
27 291
112 291
189 291
204 291
212 291
6 292
52 292
57 292
172 292
101 293
130 293
153 293
163 293
227 293
245 293
7 294
227 294
232 294
235 294
279 294
27 295
86 295
120 295
194 295
206 295
241 295
273 295
133 296
154 296
169 296
29 297
42 297
64 297
76 297
93 297
277 297
278 297
68 298
170 298
93 299
128 299
200 299
217 299
