300 2343 5
2 6 5 2 1 24 12 6 2 4 2 2 2 3 1 2 4 2 7 4 10 3 2 1 5 18 1 33 2 3 3 15 8 17 9 2 8 32 1 6 13 1 13 28 4 30 2 14 4 4 7 8 2 3 1 1 1 8 3 4 9 17 6 23 1 6 22 9 16 1 1 18 46 1 1 6 6 2 1 4 2 27 11 7 7 8 3 1 6 2 2 6 1 33 4 5 8 5 3 1 2 1 10 13 2 26 55 4 2 9 10 7 7 1 2 1 6 12 3 6 3 11 7 15 13 1 5 4 3 7 3 11 3 1 2 7 4 4 43 7 3 32 1 4 2 6 3 1 10 5 8 10 17 12 8 3 3 2 4 5 14 2 1 6 4 1 5 4 4 15 21 6 1 32 3 13 18 8 14 9 5 4 21 5 9 5 12 16 27 12 7 4 8 11 2 2 2 5 3 2 2 9 19 5 5 7 2 2 9 9 8 1 2 2 4 11 12 4 8 10 3 20 2 35 3 13 1 17 5 1 7 16 1 1 31 16 4 3 4 11 1 10 3 2 11 1 7 2 23 3 1 31 3 15 6 4 6 2 1 8 1 1 2 24 13 6 25 2 9 3 4 4 7 7 21 19 9 4 1 1 1 6 4 7 12 10 9 9 4 3 1 2 3 25 6 2 19 11 6 22
0 10
7 12
2 15
5 15
4 18
10 18
11 19
7 21
12 22
15 22
7 23
6 24
22 24
0 26
10 28
13 28
16 28
19 29
7 30
11 30
21 30
3 31
28 33
17 34
26 34
17 35
26 35
30 36
16 37
4 38
17 38
13 39
22 39
24 39
14 41
10 42
25 42
26 42
37 42
39 42
11 43
32 43
34 43
12 44
12 45
14 45
32 46
34 46
26 47
41 47
1 48
6 48
3 49
16 49
23 49
29 49
30 49
38 49
18 50
1 51
4 51
13 51
34 51
36 52
38 52
12 53
37 53
50 53
12 54
5 55
6 55
7 55
24 55
45 55
15 56
18 56
24 56
14 57
15 57
20 57
26 57
15 58
31 58
39 58
44 58
7 59
45 59
9 60
19 60
25 60
26 60
38 60
13 61
46 61
57 61
8 62
21 62
46 62
18 63
22 63
44 63
55 63
58 63
0 64
20 65
36 65
47 65
49 65
9 66
11 66
31 66
42 66
4 67
7 67
18 67
36 67
53 67
2 68
9 68
20 68
48 68
67 68
0 69
10 69
13 70
43 70
46 70
53 70
6 71
41 71
48 71
49 71
58 71
65 71
1 72
5 72
30 72
53 72
59 72
26 73
36 73
40 73
5 74
45 74
49 74
33 75
53 75
29 76
42 76
67 76
3 77
6 77
7 77
13 77
40 77
0 78
3 78
17 78
26 78
46 78
54 78
56 78
17 79
51 79
3 80
4 80
9 80
16 80
38 80
47 80
52 80
58 80
6 81
29 81
43 81
19 82
68 82
74 82
30 83
60 83
44 84
74 84
75 84
77 84
27 85
8 86
13 86
22 86
52 86
54 86
67 86
80 86
3 87
44 87
50 87
63 87
10 88
43 88
55 88
65 88
67 88
8 89
9 89
11 89
33 89
41 89
48 89
52 89
56 89
73 89
10 90
21 90
50 90
0 91
1 91
14 91
39 91
66 91
35 92
37 92
72 92
88 92
49 93
57 93
66 93
72 93
7 94
11 94
17 94
38 94
48 94
87 94
24 95
33 95
51 95
56 95
84 95
90 95
0 96
35 96
36 96
49 96
72 96
25 97
32 97
80 97
0 98
25 98
31 98
54 98
69 98
79 98
10 99
33 99
34 99
37 99
84 99
94 99
7 100
53 100
65 100
83 100
96 100
2 101
4 101
5 101
12 101
24 101
31 101
77 101
40 102
51 102
87 102
29 103
32 103
33 103
64 103
67 103
89 103
96 103
97 103
9 104
14 104
31 104
33 104
52 104
57 104
64 104
79 104
85 104
2 105
28 105
38 105
46 105
56 105
59 105
60 105
20 106
9 107
28 107
36 107
60 107
62 107
86 107
36 108
77 108
6 109
35 109
49 109
56 109
75 109
97 109
0 110
17 110
52 110
58 110
90 110
5 111
21 111
46 111
71 111
91 111
33 112
59 112
65 112
76 112
77 112
100 112
105 112
109 112
10 113
33 113
37 113
86 113
16 114
22 114
35 114
55 114
83 114
6 115
31 115
43 115
60 115
66 115
20 116
24 116
38 116
98 116
104 116
109 116
2 117
6 117
9 117
26 117
46 117
70 117
90 117
107 117
29 118
47 118
48 118
71 118
74 118
76 118
80 118
99 118
4 119
7 119
28 119
59 119
60 119
61 119
62 119
78 119
101 119
46 120
58 120
72 120
83 120
101 120
79 121
104 121
18 122
23 122
56 122
92 122
109 122
9 123
14 123
34 123
101 123
2 124
8 124
20 124
23 124
33 124
57 124
103 124
17 125
26 125
77 125
82 125
100 125
4 126
19 126
28 126
38 126
64 126
71 126
86 126
91 126
97 126
5 127
89 127
98 127
99 127
103 127
24 128
41 128
66 128
69 128
72 128
76 128
82 128
87 128
88 128
99 128
108 128
118 128
14 129
15 129
23 129
62 129
67 129
68 129
80 129
114 129
119 129
123 129
12 130
28 130
37 130
75 130
80 130
82 130
84 130
105 130
114 130
16 131
42 131
98 131
110 131
113 131
7 132
11 132
15 132
25 132
41 132
95 132
100 132
118 132
119 132
123 132
32 133
55 133
76 133
85 133
105 133
113 133
120 133
67 134
69 134
100 134
43 135
63 135
67 135
94 135
98 135
100 135
102 135
119 135
132 135
2 136
7 136
61 136
73 136
109 136
13 137
24 137
49 137
60 137
69 137
30 138
35 138
68 138
84 138
99 138
101 138
106 138
121 138
21 139
26 139
66 139
93 139
108 139
27 140
98 140
106 140
110 140
120 140
4 141
7 141
9 141
25 141
29 141
48 141
56 141
87 141
95 141
6 142
22 142
47 142
79 142
84 142
85 142
107 142
8 143
94 143
97 143
118 143
120 143
2 144
6 144
42 144
98 144
111 144
116 144
0 145
48 145
62 145
121 145
130 145
17 146
26 146
35 146
36 146
94 146
109 146
110 146
133 146
4 147
28 147
67 147
93 147
101 147
118 147
4 148
9 148
10 148
12 148
65 148
82 148
95 148
112 148
121 148
128 148
140 148
4 149
27 149
74 149
75 149
83 149
100 149
107 149
139 149
4 150
18 150
40 150
44 150
45 150
47 150
59 150
64 150
66 150
68 150
74 150
83 150
88 150
90 150
98 150
122 150
130 150
135 150
138 150
144 150
146 150
5 151
55 151
63 151
85 151
92 151
127 151
19 152
28 152
70 152
95 152
131 152
137 152
141 152
31 153
62 153
70 153
86 153
97 153
118 153
128 153
141 153
146 153
8 154
13 154
18 154
36 154
54 154
61 154
115 154
127 154
136 154
145 154
15 155
33 155
49 155
58 155
59 155
69 155
86 155
130 155
147 155
0 156
7 156
9 156
34 156
56 156
85 156
98 156
5 157
17 157
31 157
37 157
58 157
81 157
117 157
130 157
147 157
17 158
39 158
60 158
66 158
69 158
79 158
88 158
106 158
111 158
113 158
118 158
131 158
1 159
21 159
50 159
63 159
64 159
65 159
73 159
83 159
85 159
96 159
98 159
111 159
130 159
138 159
142 159
32 160
58 160
68 160
107 160
128 160
158 160
6 161
9 161
52 161
62 161
93 161
137 161
150 161
153 161
20 162
63 162
79 162
109 162
133 162
157 162
25 163
26 163
27 163
67 163
91 163
102 163
108 163
119 163
122 163
124 163
137 163
146 163
148 163
151 163
14 164
16 164
62 164
88 164
94 164
113 164
118 164
131 164
145 164
147 164
35 165
49 165
65 165
66 165
87 165
143 165
20 166
36 166
58 166
70 166
77 166
79 166
103 166
112 166
116 166
118 166
119 166
133 166
134 166
6 167
9 167
25 167
40 167
73 167
151 167
17 168
29 168
50 168
67 168
86 168
98 168
103 168
132 168
5 169
21 169
58 169
91 169
110 169
134 169
14 170
42 170
49 170
59 170
65 170
110 170
128 170
133 170
152 170
154 170
163 170
164 170
39 171
42 171
79 171
80 171
83 171
88 171
104 171
112 171
123 171
152 171
162 171
165 171
18 172
20 172
39 172
64 172
111 172
118 172
126 172
141 172
148 172
7 173
51 173
85 173
142 173
148 173
0 174
8 174
10 174
47 174
60 174
65 174
66 174
97 174
98 174
124 174
125 174
130 174
146 174
154 174
22 175
38 175
40 175
50 175
59 175
78 175
88 175
93 175
98 175
22 176
62 176
64 176
65 176
98 176
99 176
114 176
118 176
137 176
140 176
162 176
49 177
50 177
60 177
71 177
78 177
82 177
86 177
143 177
153 177
165 177
9 178
26 178
36 178
104 178
132 178
142 178
163 178
4 179
5 179
25 179
26 179
76 179
124 179
126 179
134 179
146 179
160 179
162 179
169 179
23 180
125 180
15 181
34 181
47 181
73 181
78 181
82 181
88 181
124 181
130 181
132 181
153 181
163 181
4 182
23 182
24 182
37 182
48 182
49 182
52 182
73 182
87 182
102 182
118 182
119 182
0 183
1 183
12 183
25 183
36 183
41 183
46 183
56 183
66 183
69 183
74 183
75 183
120 183
124 183
135 183
149 183
153 183
1 184
34 184
44 184
57 184
72 184
79 184
114 184
115 184
168 184
84 185
122 185
132 185
167 185
3 186
12 186
18 186
24 186
25 186
100 186
103 186
110 186
117 186
136 186
142 186
148 186
167 186
172 186
173 186
12 187
22 187
53 187
62 187
74 187
78 187
89 187
129 187
130 187
138 187
163 187
166 187
176 187
179 187
22 188
57 188
75 188
81 188
121 188
176 188
181 188
8 189
12 189
17 189
21 189
38 189
51 189
58 189
63 189
96 189
103 189
7 190
17 190
29 190
52 190
79 190
116 190
122 190
135 190
142 190
154 190
162 190
62 191
86 191
90 191
99 191
136 191
137 191
147 191
18 192
41 192
61 192
77 192
80 192
84 192
90 192
104 192
111 192
134 192
136 192
146 192
165 192
185 192
79 193
111 193
123 193
137 193
0 194
1 194
32 194
43 194
73 194
81 194
85 194
89 194
129 194
131 194
136 194
137 194
142 194
143 194
161 194
168 194
67 195
127 195
24 196
25 196
28 196
57 196
66 196
83 196
137 196
142 196
168 196
178 196
183 196
16 197
68 197
76 197
78 197
91 197
111 197
117 197
161 197
163 197
175 197
195 197
5 198
10 198
13 198
120 198
128 198
165 198
13 199
22 199
23 199
79 199
119 199
135 199
140 199
155 199
184 199
189 199
4 200
33 200
68 200
96 200
132 200
185 200
2 201
11 201
46 201
53 201
101 201
132 201
133 201
160 201
164 201
187 201
0 202
12 202
87 202
93 202
153 202
159 202
172 202
3 203
39 203
60 203
94 203
117 203
124 203
127 203
140 203
167 203
181 203
186 203
31 204
40 204
43 204
72 204
84 204
120 204
130 204
154 204
156 204
180 204
4 205
9 205
11 205
13 205
63 205
73 205
85 205
101 205
111 205
113 205
130 205
146 205
148 205
158 205
166 205
3 206
14 206
43 206
83 206
111 206
146 206
148 206
162 206
167 206
168 206
183 206
5 207
86 207
101 207
103 207
105 207
112 207
129 207
137 207
141 207
156 207
160 207
172 207
187 207
14 208
16 208
34 208
44 208
56 208
100 208
122 208
146 208
148 208
149 208
160 208
169 208
206 208
16 209
29 209
55 209
72 209
101 209
102 209
131 209
158 209
192 209
204 209
19 210
50 210
70 210
85 210
143 210
148 210
203 210
67 211
70 211
78 211
101 211
114 211
135 211
0 212
3 212
55 212
76 212
78 212
104 212
114 212
126 212
165 212
183 212
30 213
33 213
38 213
43 213
117 213
138 213
141 213
149 213
6 214
147 214
192 214
199 214
8 215
10 215
35 215
36 215
66 215
84 215
95 215
123 215
154 215
166 215
193 215
9 216
17 216
24 216
40 216
54 216
75 216
88 216
90 216
105 216
118 216
129 216
136 216
140 216
148 216
158 216
162 216
181 216
188 216
18 217
32 217
36 217
108 217
113 217
115 217
118 217
147 217
152 217
178 217
188 217
1 218
43 218
44 218
57 218
60 218
89 218
93 218
98 218
124 218
125 218
180 218
202 218
1 219
14 219
34 219
65 219
149 219
44 220
74 220
81 220
131 220
145 220
164 220
193 220
196 220
9 221
35 221
44 221
58 221
62 221
72 221
90 221
121 221
163 221
186 221
38 222
41 222
44 222
91 222
119 222
123 222
142 222
151 222
158 222
182 222
12 223
27 223
28 223
44 223
69 223
76 223
77 223
80 223
119 223
140 223
187 223
197 223
202 223
9 224
11 224
41 224
46 224
49 224
53 224
68 224
124 224
134 224
143 224
186 224
190 224
7 225
72 225
121 225
127 225
165 225
167 225
171 225
25 226
41 226
49 226
50 226
102 226
127 226
133 226
171 226
180 226
14 227
18 227
37 227
40 227
62 227
82 227
106 227
125 227
128 227
134 227
143 227
161 227
172 227
174 227
176 227
204 227
12 228
13 228
18 228
20 228
28 228
40 228
107 228
109 228
156 228
165 228
172 228
192 228
9 229
12 229
57 229
59 229
91 229
98 229
137 229
147 229
154 229
171 229
215 229
217 229
219 229
8 230
19 230
34 230
52 230
82 230
89 230
95 230
103 230
144 230
154 230
169 230
183 230
201 230
210 230
19 231
74 231
78 231
106 231
112 231
114 231
125 231
126 231
132 231
158 231
169 231
203 231
216 231
13 232
35 232
47 232
52 232
96 232
116 232
143 232
154 232
167 232
173 232
187 232
201 232
209 232
212 232
11 233
15 233
23 233
25 233
64 233
87 233
90 233
93 233
111 233
112 233
143 233
159 233
173 233
187 233
210 233
213 233
9 234
18 234
31 234
81 234
105 234
123 234
150 234
171 234
208 234
13 235
45 235
47 235
76 235
88 235
122 235
144 235
147 235
148 235
149 235
180 235
187 235
188 235
220 235
48 236
62 236
96 236
101 236
104 236
119 236
137 236
148 236
153 236
161 236
162 236
179 236
183 236
192 236
203 236
208 236
14 237
27 237
104 237
117 237
145 237
154 237
171 237
174 237
192 237
220 237
230 237
233 237
236 237
0 238
2 238
6 238
11 238
18 238
21 238
24 238
52 238
150 238
182 238
193 238
229 238
6 239
57 239
65 239
66 239
69 239
77 239
97 239
129 239
151 239
165 239
204 239
218 239
235 239
9 240
39 240
72 240
90 240
91 240
97 240
126 240
136 240
149 240
155 240
171 240
190 240
13 241
89 241
97 241
124 241
129 241
155 241
189 241
218 241
226 241
3 242
24 242
32 242
35 242
48 242
62 242
72 242
92 242
95 242
100 242
132 242
162 242
172 242
197 242
199 242
206 242
222 242
0 243
5 243
9 243
29 243
43 243
71 243
75 243
76 243
81 243
92 243
144 243
202 243
220 243
235 243
5 244
6 244
19 244
22 244
44 244
53 244
60 244
139 244
190 244
215 244
1 245
23 245
36 245
42 245
76 245
86 245
126 245
127 245
133 245
140 245
199 245
211 245
50 246
65 246
69 246
76 246
88 246
92 246
102 246
105 246
146 246
167 246
209 246
223 246
227 246
236 246
1 247
2 247
20 247
44 247
56 247
61 247
86 247
91 247
104 247
115 247
126 247
130 247
168 247
170 247
191 247
221 247
235 247
42 248
73 248
81 248
89 248
96 248
141 248
153 248
169 248
183 248
189 248
196 248
199 248
14 249
51 249
69 249
122 249
123 249
172 249
187 249
222 249
9 250
51 250
53 250
63 250
79 250
94 250
99 250
112 250
151 250
191 250
207 250
18 251
34 251
73 251
94 251
97 251
103 251
144 251
154 251
176 251
185 251
205 251
234 251
139 252
163 252
165 252
171 252
186 252
211 252
218 252
227 252
0 253
44 253
50 253
75 253
100 253
166 253
174 253
195 253
210 253
243 253
244 253
17 254
30 254
55 254
57 254
85 254
188 254
14 255
23 255
37 255
70 255
75 255
88 255
149 255
150 255
239 255
253 255
13 256
31 256
65 256
130 256
146 256
157 256
202 256
205 256
207 256
226 256
23 257
33 257
49 257
56 257
61 257
71 257
95 257
98 257
105 257
151 257
166 257
168 257
170 257
175 257
176 257
198 257
201 257
217 257
233 257
235 257
4 258
35 258
45 258
59 258
70 258
74 258
84 258
171 258
177 258
217 258
222 258
60 259
85 259
87 259
90 259
105 259
122 259
153 259
190 259
197 259
212 259
213 259
240 259
34 260
51 260
69 260
72 260
92 260
115 260
118 260
131 260
152 260
159 260
175 260
207 260
226 260
232 260
251 260
5 261
17 261
25 261
40 261
88 261
106 261
108 261
109 261
117 261
143 261
148 261
153 261
168 261
178 261
189 261
198 261
213 261
227 261
229 261
237 261
9 262
17 262
31 262
56 262
79 262
81 262
83 262
116 262
119 262
125 262
164 262
166 262
192 262
228 262
248 262
17 263
20 263
30 263
37 263
38 263
59 263
71 263
73 263
133 263
169 263
208 263
236 263
239 263
262 263
9 264
26 264
125 264
139 264
143 264
147 264
185 264
195 264
233 264
239 264
9 265
11 265
32 265
46 265
51 265
76 265
88 265
105 265
134 265
144 265
212 265
218 265
223 265
229 265
238 265
261 265
36 266
50 266
56 266
76 266
99 266
138 266
150 266
163 266
174 266
213 266
217 266
223 266
225 266
236 266
254 266
14 267
15 267
40 267
51 267
69 267
122 267
153 267
171 267
174 267
178 267
191 267
202 267
211 267
212 267
216 267
231 267
19 268
39 268
92 268
103 268
132 268
142 268
197 268
198 268
211 268
23 269
34 269
42 269
77 269
101 269
117 269
147 269
152 269
161 269
169 269
187 269
204 269
247 269
262 269
32 270
33 270
58 270
84 270
91 270
100 270
139 270
143 270
185 270
191 270
215 270
216 270
220 270
244 270
1 271
6 271
63 271
64 271
67 271
68 271
69 271
87 271
88 271
97 271
124 271
132 271
182 271
187 271
212 271
232 271
253 271
24 272
33 272
41 272
43 272
50 272
65 272
73 272
95 272
123 272
137 272
145 272
148 272
189 272
213 272
225 272
242 272
262 272
49 273
57 273
62 273
88 273
131 273
134 273
138 273
153 273
173 273
188 273
222 273
8 274
36 274
51 274
64 274
73 274
97 274
100 274
104 274
123 274
142 274
154 274
157 274
170 274
197 274
210 274
211 274
4 275
22 275
39 275
43 275
80 275
95 275
98 275
111 275
130 275
143 275
160 275
182 275
191 275
199 275
200 275
204 275
205 275
261 275
8 276
65 276
154 276
237 276
8 277
36 277
40 277
47 277
57 277
61 277
63 277
68 277
76 277
127 277
145 277
161 277
188 277
197 277
228 277
258 277
265 277
8 278
26 278
58 278
131 278
146 278
153 278
160 278
163 278
188 278
202 278
204 278
234 278
251 278
25 279
35 279
38 279
68 279
105 279
110 279
113 279
121 279
160 279
193 279
202 279
213 279
228 279
268 279
11 280
18 280
58 280
65 280
80 280
85 280
97 280
103 280
134 280
140 280
182 280
193 280
202 280
211 280
227 280
233 280
236 280
237 280
26 281
40 281
53 281
64 281
67 281
68 281
100 281
127 281
130 281
147 281
148 281
187 281
227 281
236 281
253 281
269 281
270 281
273 281
22 282
41 282
86 282
102 282
110 282
113 282
127 282
232 282
265 282
271 282
2 283
45 283
46 283
52 283
54 283
93 283
131 283
132 283
134 283
148 283
155 283
195 283
204 283
224 283
234 283
79 284
90 284
122 284
128 284
132 284
150 284
153 284
211 284
241 284
244 284
245 284
17 285
28 285
44 285
60 285
97 285
141 285
145 285
184 285
197 285
223 285
245 285
14 286
26 286
39 286
46 286
59 286
85 286
94 286
111 286
128 286
150 286
154 286
184 286
199 286
231 286
248 286
253 286
256 286
266 286
272 286
12 287
44 287
50 287
53 287
155 287
165 287
168 287
172 287
187 287
188 287
192 287
213 287
230 287
234 287
244 287
2 288
4 288
20 288
26 288
36 288
44 288
57 288
99 288
107 288
153 288
178 288
182 288
184 288
191 288
197 288
198 288
221 288
228 288
235 288
253 288
255 288
11 289
16 289
34 289
35 289
43 289
72 289
79 289
85 289
92 289
102 289
105 289
175 289
187 289
213 289
222 289
257 289
259 289
6 290
7 290
16 290
20 290
31 290
36 290
61 290
67 290
99 290
105 290
147 290
157 290
183 290
184 290
218 290
230 290
239 290
256 290
282 290
7 291
14 291
67 291
133 291
136 291
175 291
192 291
204 291
221 291
258 291
261 291
20 292
30 292
67 292
72 292
87 292
96 292
153 292
183 292
200 292
227 292
231 292
233 292
287 292
9 293
11 293
29 293
79 293
88 293
90 293
95 293
106 293
116 293
150 293
188 293
204 293
246 293
249 293
9 294
10 294
44 294
48 294
51 294
63 294
69 294
75 294
77 294
93 294
118 294
127 294
135 294
141 294
144 294
145 294
168 294
179 294
194 294
208 294
215 294
217 294
223 294
238 294
264 294
277 294
8 295
18 295
36 295
39 295
55 295
62 295
63 295
67 295
70 295
93 295
99 295
116 295
122 295
123 295
164 295
168 295
173 295
186 295
187 295
196 295
198 295
202 295
256 295
274 295
18 296
19 296
24 296
45 296
79 296
80 296
84 296
97 296
131 296
138 296
168 296
198 296
212 296
219 296
225 296
272 296
278 296
279 296
288 296
9 297
19 297
31 297
42 297
53 297
58 297
122 297
134 297
161 297
191 297
196 297
214 297
215 297
227 297
14 298
33 298
37 298
51 298
55 298
62 298
70 298
76 298
82 298
105 298
190 298
192 298
209 298
245 298
256 298
260 298
268 298
27 299
36 299
51 299
102 299
103 299
118 299
166 299
172 299
232 299
275 299
