300 5590 5
5 2 4 5 2 1 11 9 5 6 6 1 11 34 8 23 1 14 47 44 3 10 5 14 2 26 17 52 22 16 7 4 3 41 6 10 9 15 10 9 7 2 21 15 7 2 9 5 1 1 1 10 12 2 6 3 1 5 12 6 25 2 13 1 5 6 2 35 5 25 1 3 7 25 22 6 24 7 15 15 22 5 30 7 9 13 7 1 1 8 20 12 2 20 6 8 8 13 6 1 14 1 3 2 5 1 2 2 4 2 16 11 24 14 13 5 4 37 3 9 21 45 4 11 6 30 9 6 7 3 14 10 4 4 4 2 1 1 3 34 35 22 16 17 9 10 11 7 21 28 2 6 31 4 2 11 32 1 42 21 1 4 2 18 9 6 9 9 58 13 24 22 11 36 25 33 19 2 17 16 6 16 4 1 6 16 15 6 4 14 10 6 8 2 16 9 1 3 13 30 3 16 25 5 16 5 7 2 13 6 3 25 8 8 15 10 10 41 17 2 11 5 5 2 13 16 14 14 3 1 2 11 10 3 33 16 1 1 12 26 2 9 13 24 14 12 33 1 5 12 4 11 14 2 18 14 1 3 29 8 1 15 4 4 9 11 17 41 31 10 16 9 23 26 7 9 12 3 28 4 18 7 10 8 9 3 7 5 11 4 14 7 25 4 13 6 55 21 3 3
1 4
1 6
1 7
1 9
3 12
6 13
7 13
13 15
3 16
12 16
3 17
10 17
4 18
9 18
15 19
10 20
13 20
19 20
0 21
20 21
2 22
14 22
10 23
15 23
22 23
8 24
9 24
11 24
9 25
10 25
21 25
14 26
20 26
21 26
25 26
7 27
22 27
1 28
3 28
5 28
10 28
13 28
18 28
19 28
3 29
5 29
6 29
8 29
10 29
12 29
17 29
19 29
20 29
10 30
13 30
0 31
14 31
25 31
29 31
1 32
5 32
15 32
17 32
31 32
4 33
7 33
18 33
1 34
3 34
5 34
7 34
10 34
15 34
25 34
29 34
31 34
1 35
6 35
8 35
13 35
18 35
27 35
4 36
9 36
19 36
24 36
30 36
31 36
4 37
11 37
14 37
19 37
22 37
23 37
31 37
6 38
13 38
28 38
29 38
4 39
11 39
35 39
2 40
7 40
22 40
25 40
38 40
16 41
17 41
22 41
34 41
5 42
14 42
20 42
39 42
6 43
10 43
11 43
14 43
19 43
26 43
32 43
16 44
41 44
2 45
7 45
10 45
26 45
29 45
31 45
33 45
43 45
4 46
6 46
10 46
33 46
4 47
33 47
34 47
36 47
13 48
19 48
22 48
28 48
17 49
29 49
31 49
39 49
13 50
21 50
46 50
13 51
14 51
20 51
36 51
37 51
49 51
2 52
9 52
37 52
38 52
2 53
3 53
12 53
14 53
19 53
27 53
40 53
47 53
10 54
15 54
39 54
50 54
17 55
18 55
21 55
32 55
33 55
40 55
3 56
10 56
13 56
22 56
26 56
35 56
44 56
46 56
50 56
52 56
55 56
0 57
3 57
4 57
5 57
16 57
18 57
23 57
30 57
20 58
29 58
38 58
41 58
45 58
54 58
0 59
10 59
19 59
21 59
36 59
48 59
52 59
56 59
57 59
58 59
11 60
30 60
39 60
40 60
43 60
47 60
48 60
49 60
5 61
16 61
36 61
38 61
48 61
53 61
54 61
5 62
10 62
22 62
39 62
40 62
42 62
61 62
19 63
25 63
31 63
37 63
45 63
49 63
51 63
57 63
0 64
1 64
4 64
6 64
20 64
27 64
32 64
36 64
47 64
52 64
56 64
8 65
26 65
41 65
44 65
46 65
49 65
59 65
61 65
63 65
1 66
16 66
19 66
20 66
42 66
43 66
52 66
53 66
54 66
17 67
24 67
25 67
35 67
36 67
8 68
16 68
27 68
28 68
36 68
47 68
50 68
51 68
60 68
62 68
66 68
12 69
16 69
20 69
21 69
38 69
39 69
44 69
53 69
56 69
57 69
66 69
1 70
11 70
12 70
14 70
16 70
26 70
43 70
44 70
54 70
3 71
6 71
17 71
22 71
29 71
45 71
54 71
58 71
67 71
3 72
7 72
9 72
19 72
22 72
23 72
33 72
37 72
51 72
66 72
71 72
9 73
18 73
20 73
23 73
29 73
39 73
53 73
55 73
58 73
62 73
65 73
71 73
72 73
0 74
5 74
7 74
9 74
27 74
30 74
32 74
38 74
47 74
60 74
9 75
22 75
35 75
63 75
70 75
9 76
10 76
23 76
27 76
30 76
51 76
62 76
2 77
10 77
17 77
26 77
36 77
59 77
66 77
68 77
70 77
7 78
10 78
17 78
25 78
30 78
37 78
64 78
70 78
71 78
73 78
3 79
5 79
6 79
19 79
22 79
26 79
29 79
42 79
47 79
54 79
62 79
73 79
74 79
5 80
11 80
14 80
22 80
25 80
35 80
37 80
44 80
56 80
58 80
4 81
30 81
56 81
57 81
60 81
61 81
71 81
80 81
5 82
12 82
13 82
30 82
40 82
41 82
42 82
45 82
49 82
59 82
79 82
6 83
18 83
43 83
52 83
61 83
73 83
82 83
0 84
12 84
13 84
15 84
27 84
33 84
37 84
41 84
48 84
51 84
52 84
54 84
56 84
59 84
63 84
68 84
5 85
6 85
9 85
11 85
14 85
28 85
36 85
37 85
50 85
51 85
62 85
63 85
64 85
68 85
75 85
1 86
14 86
17 86
36 86
38 86
53 86
54 86
59 86
62 86
64 86
68 86
70 86
78 86
79 86
3 87
7 87
13 87
16 87
18 87
20 87
24 87
48 87
58 87
59 87
62 87
86 87
4 88
6 88
7 88
9 88
24 88
27 88
48 88
56 88
60 88
69 88
83 88
87 88
0 89
1 89
6 89
28 89
54 89
75 89
77 89
87 89
6 90
7 90
9 90
10 90
17 90
19 90
34 90
35 90
45 90
53 90
56 90
58 90
61 90
68 90
81 90
89 90
2 91
14 91
18 91
28 91
32 91
42 91
46 91
50 91
52 91
54 91
78 91
7 92
12 92
24 92
30 92
37 92
38 92
43 92
57 92
62 92
71 92
84 92
12 93
23 93
26 93
30 93
38 93
42 93
53 93
56 93
64 93
67 93
4 94
6 94
9 94
37 94
38 94
53 94
66 94
67 94
73 94
80 94
85 94
7 95
13 95
19 95
20 95
37 95
43 95
76 95
83 95
88 95
91 95
10 96
18 96
19 96
29 96
30 96
36 96
41 96
45 96
47 96
66 96
70 96
71 96
75 96
76 96
81 96
12 97
42 97
66 97
71 97
79 97
81 97
86 97
11 98
13 98
14 98
16 98
40 98
42 98
43 98
48 98
51 98
53 98
81 98
90 98
94 98
8 99
24 99
28 99
34 99
50 99
60 99
62 99
66 99
68 99
73 99
74 99
81 99
83 99
89 99
92 99
95 99
96 99
97 99
98 99
8 100
11 100
15 100
17 100
22 100
24 100
27 100
29 100
30 100
35 100
38 100
62 100
69 100
70 100
75 100
82 100
88 100
90 100
93 100
97 100
12 101
15 101
34 101
44 101
59 101
81 101
85 101
89 101
8 102
12 102
24 102
26 102
32 102
44 102
45 102
54 102
69 102
70 102
82 102
93 102
95 102
97 102
0 103
8 103
16 103
20 103
27 103
28 103
31 103
35 103
36 103
39 103
42 103
50 103
52 103
55 103
75 103
80 103
83 103
84 103
89 103
100 103
20 104
22 104
25 104
50 104
55 104
68 104
71 104
84 104
90 104
93 104
102 104
7 105
8 105
19 105
24 105
28 105
42 105
53 105
58 105
60 105
70 105
80 105
98 105
101 105
102 105
4 106
9 106
12 106
13 106
17 106
33 106
63 106
64 106
68 106
70 106
75 106
76 106
89 106
0 107
5 107
12 107
18 107
20 107
40 107
42 107
49 107
56 107
59 107
88 107
95 107
96 107
99 107
106 107
5 108
6 108
11 108
15 108
35 108
49 108
58 108
64 108
66 108
67 108
68 108
72 108
75 108
80 108
101 108
5 109
15 109
19 109
29 109
34 109
35 109
41 109
47 109
48 109
52 109
56 109
77 109
79 109
81 109
94 109
101 109
102 109
105 109
3 110
6 110
48 110
49 110
50 110
58 110
59 110
61 110
64 110
74 110
86 110
88 110
99 110
2 111
5 111
11 111
13 111
19 111
20 111
27 111
35 111
45 111
49 111
52 111
55 111
64 111
85 111
102 111
25 112
28 112
30 112
42 112
43 112
53 112
57 112
65 112
67 112
69 112
71 112
86 112
93 112
94 112
100 112
104 112
107 112
111 112
13 113
16 113
20 113
37 113
41 113
42 113
43 113
46 113
59 113
60 113
62 113
63 113
66 113
83 113
86 113
96 113
97 113
101 113
106 113
110 113
4 114
8 114
12 114
26 114
30 114
39 114
50 114
60 114
73 114
80 114
86 114
94 114
9 115
14 115
15 115
18 115
28 115
32 115
38 115
46 115
50 115
51 115
56 115
59 115
60 115
71 115
74 115
76 115
77 115
82 115
8 116
9 116
21 116
32 116
33 116
37 116
38 116
43 116
44 116
48 116
72 116
82 116
90 116
99 116
2 117
17 117
20 117
25 117
27 117
59 117
66 117
76 117
92 117
95 117
98 117
3 118
5 118
6 118
14 118
18 118
22 118
29 118
44 118
51 118
60 118
62 118
66 118
75 118
77 118
111 118
112 118
115 118
10 119
25 119
31 119
32 119
63 119
64 119
67 119
71 119
84 119
91 119
101 119
106 119
109 119
112 119
3 120
24 120
29 120
35 120
46 120
49 120
50 120
58 120
59 120
70 120
73 120
79 120
103 120
117 120
118 120
5 121
15 121
18 121
34 121
38 121
41 121
43 121
46 121
48 121
60 121
63 121
74 121
78 121
90 121
95 121
97 121
111 121
113 121
119 121
11 122
25 122
29 122
37 122
51 122
53 122
59 122
69 122
75 122
79 122
98 122
105 122
109 122
119 122
2 123
5 123
6 123
15 123
17 123
18 123
26 123
27 123
32 123
46 123
65 123
93 123
94 123
97 123
2 124
4 124
13 124
18 124
37 124
38 124
49 124
63 124
72 124
75 124
87 124
91 124
96 124
97 124
98 124
110 124
111 124
114 124
115 124
117 124
10 125
14 125
17 125
32 125
38 125
45 125
48 125
49 125
54 125
74 125
90 125
93 125
107 125
116 125
123 125
1 126
6 126
9 126
12 126
13 126
20 126
32 126
47 126
49 126
51 126
74 126
75 126
99 126
106 126
107 126
6 127
29 127
31 127
32 127
33 127
50 127
61 127
83 127
88 127
106 127
107 127
121 127
9 128
29 128
32 128
33 128
34 128
40 128
53 128
61 128
69 128
79 128
90 128
8 129
10 129
16 129
21 129
34 129
41 129
47 129
52 129
55 129
65 129
66 129
70 129
73 129
85 129
99 129
105 129
113 129
114 129
116 129
120 129
126 129
0 130
10 130
31 130
56 130
72 130
87 130
91 130
94 130
96 130
115 130
123 130
124 130
125 130
1 131
2 131
8 131
15 131
28 131
35 131
38 131
40 131
45 131
56 131
62 131
65 131
72 131
76 131
83 131
94 131
105 131
117 131
125 131
0 132
2 132
5 132
11 132
23 132
27 132
28 132
31 132
38 132
47 132
66 132
69 132
94 132
108 132
125 132
6 133
16 133
18 133
26 133
36 133
40 133
45 133
51 133
55 133
58 133
63 133
64 133
81 133
87 133
98 133
99 133
100 133
110 133
112 133
113 133
117 133
118 133
127 133
13 134
38 134
46 134
48 134
49 134
58 134
67 134
70 134
72 134
78 134
79 134
87 134
100 134
106 134
113 134
125 134
132 134
3 135
23 135
26 135
28 135
44 135
47 135
68 135
74 135
80 135
100 135
104 135
106 135
115 135
123 135
133 135
1 136
5 136
15 136
21 136
22 136
24 136
39 136
41 136
45 136
55 136
60 136
65 136
71 136
75 136
76 136
80 136
100 136
103 136
112 136
116 136
128 136
3 137
7 137
13 137
22 137
23 137
24 137
30 137
33 137
39 137
55 137
57 137
70 137
82 137
88 137
101 137
104 137
107 137
110 137
118 137
120 137
122 137
130 137
135 137
0 138
21 138
26 138
45 138
64 138
68 138
85 138
89 138
92 138
97 138
103 138
111 138
119 138
8 139
23 139
30 139
39 139
41 139
56 139
70 139
82 139
86 139
94 139
104 139
118 139
127 139
129 139
130 139
136 139
0 140
1 140
4 140
15 140
17 140
34 140
37 140
50 140
51 140
54 140
60 140
68 140
78 140
80 140
82 140
99 140
106 140
115 140
123 140
127 140
130 140
134 140
138 140
3 141
16 141
18 141
31 141
46 141
47 141
55 141
68 141
78 141
80 141
81 141
87 141
88 141
96 141
99 141
109 141
111 141
117 141
121 141
139 141
0 142
19 142
23 142
32 142
39 142
68 142
118 142
121 142
124 142
134 142
135 142
139 142
1 143
9 143
13 143
24 143
27 143
33 143
34 143
42 143
47 143
49 143
58 143
61 143
65 143
68 143
77 143
96 143
98 143
101 143
114 143
120 143
129 143
133 143
135 143
137 143
4 144
22 144
26 144
27 144
45 144
64 144
80 144
85 144
88 144
109 144
112 144
114 144
121 144
128 144
133 144
135 144
34 145
36 145
39 145
43 145
45 145
49 145
51 145
75 145
83 145
88 145
91 145
97 145
104 145
124 145
9 146
22 146
24 146
26 146
32 146
46 146
66 146
74 146
77 146
89 146
100 146
101 146
106 146
111 146
112 146
131 146
2 147
28 147
35 147
38 147
39 147
43 147
61 147
65 147
66 147
99 147
100 147
101 147
104 147
111 147
114 147
119 147
126 147
140 147
144 147
24 148
30 148
34 148
36 148
40 148
43 148
45 148
47 148
65 148
82 148
91 148
94 148
102 148
107 148
108 148
114 148
117 148
1 149
12 149
13 149
14 149
32 149
35 149
39 149
100 149
107 149
113 149
114 149
115 149
129 149
140 149
148 149
1 150
6 150
17 150
19 150
21 150
25 150
42 150
44 150
63 150
64 150
67 150
82 150
92 150
93 150
110 150
122 150
133 150
139 150
140 150
143 150
144 150
0 151
3 151
12 151
15 151
16 151
22 151
23 151
27 151
32 151
37 151
38 151
53 151
58 151
62 151
67 151
77 151
80 151
84 151
92 151
94 151
106 151
113 151
123 151
127 151
128 151
136 151
139 151
145 151
147 151
20 152
25 152
30 152
33 152
37 152
43 152
78 152
80 152
89 152
92 152
96 152
97 152
108 152
111 152
112 152
113 152
124 152
126 152
128 152
131 152
136 152
151 152
6 153
8 153
11 153
16 153
18 153
20 153
22 153
34 153
40 153
43 153
46 153
51 153
52 153
56 153
58 153
63 153
68 153
69 153
70 153
86 153
87 153
100 153
108 153
122 153
125 153
129 153
140 153
144 153
145 153
3 154
6 154
19 154
33 154
42 154
43 154
46 154
49 154
53 154
60 154
70 154
75 154
91 154
100 154
107 154
109 154
111 154
126 154
131 154
136 154
144 154
149 154
151 154
26 155
30 155
34 155
36 155
37 155
38 155
46 155
59 155
68 155
84 155
121 155
132 155
141 155
143 155
3 156
33 156
41 156
54 156
71 156
72 156
82 156
89 156
112 156
125 156
132 156
134 156
141 156
145 156
150 156
6 157
12 157
15 157
24 157
28 157
35 157
38 157
55 157
56 157
73 157
83 157
97 157
99 157
102 157
116 157
119 157
131 157
141 157
143 157
154 157
1 158
3 158
10 158
11 158
12 158
29 158
31 158
37 158
43 158
44 158
47 158
50 158
56 158
57 158
62 158
81 158
89 158
98 158
129 158
142 158
144 158
146 158
149 158
11 159
13 159
14 159
16 159
19 159
27 159
44 159
45 159
51 159
52 159
56 159
63 159
65 159
68 159
91 159
119 159
122 159
126 159
137 159
152 159
0 160
7 160
8 160
39 160
46 160
60 160
64 160
67 160
74 160
81 160
85 160
99 160
106 160
107 160
119 160
120 160
127 160
140 160
147 160
5 161
16 161
23 161
37 161
41 161
48 161
56 161
57 161
66 161
84 161
96 161
99 161
105 161
106 161
113 161
119 161
123 161
124 161
138 161
148 161
152 161
0 162
2 162
7 162
14 162
21 162
35 162
89 162
90 162
94 162
101 162
107 162
118 162
119 162
124 162
133 162
136 162
137 162
138 162
139 162
145 162
150 162
153 162
160 162
1 163
2 163
9 163
10 163
11 163
14 163
16 163
18 163
29 163
31 163
38 163
70 163
71 163
73 163
75 163
87 163
110 163
121 163
128 163
141 163
152 163
156 163
3 164
8 164
12 164
14 164
26 164
28 164
38 164
48 164
57 164
61 164
63 164
71 164
75 164
84 164
88 164
107 164
114 164
115 164
118 164
125 164
141 164
142 164
2 165
16 165
20 165
25 165
27 165
35 165
39 165
42 165
54 165
59 165
65 165
67 165
90 165
91 165
102 165
103 165
108 165
110 165
114 165
115 165
119 165
122 165
123 165
127 165
135 165
137 165
140 165
145 165
147 165
152 165
156 165
1 166
11 166
14 166
26 166
32 166
42 166
48 166
53 166
55 166
56 166
67 166
72 166
75 166
87 166
89 166
94 166
103 166
109 166
111 166
122 166
128 166
130 166
136 166
139 166
163 166
11 167
21 167
25 167
27 167
31 167
33 167
48 167
50 167
52 167
89 167
92 167
109 167
110 167
111 167
120 167
125 167
131 167
135 167
136 167
145 167
150 167
155 167
13 168
14 168
18 168
27 168
35 168
42 168
47 168
51 168
57 168
64 168
85 168
93 168
115 168
131 168
132 168
134 168
137 168
154 168
160 168
163 168
164 168
6 169
13 169
17 169
32 169
35 169
43 169
46 169
48 169
56 169
59 169
72 169
73 169
78 169
79 169
88 169
103 169
108 169
134 169
135 169
146 169
150 169
152 169
155 169
159 169
168 169
27 170
55 170
77 170
85 170
93 170
107 170
109 170
127 170
129 170
142 170
143 170
145 170
147 170
148 170
151 170
21 171
42 171
67 171
68 171
69 171
85 171
89 171
98 171
103 171
107 171
109 171
112 171
118 171
120 171
127 171
140 171
141 171
158 171
166 171
18 172
42 172
46 172
50 172
88 172
93 172
109 172
142 172
146 172
157 172
158 172
2 173
13 173
21 173
24 173
28 173
59 173
69 173
78 173
88 173
89 173
92 173
93 173
94 173
120 173
121 173
129 173
130 173
131 173
134 173
142 173
148 173
165 173
170 173
171 173
24 174
29 174
31 174
39 174
40 174
47 174
63 174
67 174
68 174
70 174
77 174
91 174
92 174
94 174
95 174
96 174
119 174
131 174
135 174
142 174
146 174
147 174
165 174
171 174
173 174
29 175
47 175
50 175
52 175
57 175
66 175
72 175
73 175
77 175
89 175
102 175
107 175
110 175
115 175
131 175
143 175
158 175
159 175
162 175
171 175
173 175
174 175
12 176
25 176
33 176
40 176
49 176
63 176
73 176
76 176
77 176
82 176
95 176
101 176
105 176
106 176
115 176
117 176
119 176
124 176
126 176
130 176
0 177
1 177
13 177
21 177
23 177
68 177
72 177
73 177
85 177
89 177
90 177
93 177
100 177
121 177
129 177
137 177
138 177
141 177
144 177
162 177
164 177
1 178
2 178
25 178
32 178
45 178
51 178
60 178
75 178
76 178
78 178
97 178
113 178
114 178
132 178
143 178
162 178
25 179
44 179
46 179
59 179
74 179
98 179
99 179
101 179
107 179
117 179
118 179
119 179
136 179
145 179
149 179
150 179
170 179
177 179
0 180
22 180
27 180
28 180
39 180
48 180
50 180
53 180
73 180
78 180
85 180
90 180
102 180
124 180
127 180
134 180
149 180
167 180
170 180
175 180
177 180
178 180
3 181
4 181
23 181
38 181
53 181
62 181
69 181
78 181
80 181
82 181
102 181
106 181
137 181
142 181
153 181
159 181
19 182
27 182
29 182
32 182
52 182
53 182
61 182
66 182
68 182
72 182
78 182
79 182
81 182
95 182
97 182
101 182
102 182
105 182
106 182
110 182
117 182
119 182
121 182
122 182
128 182
149 182
154 182
157 182
163 182
166 182
170 182
179 182
5 183
12 183
18 183
25 183
30 183
34 183
49 183
56 183
66 183
69 183
72 183
77 183
89 183
93 183
99 183
111 183
115 183
127 183
132 183
143 183
149 183
156 183
162 183
173 183
176 183
7 184
12 184
15 184
19 184
36 184
45 184
48 184
57 184
75 184
84 184
92 184
100 184
104 184
107 184
111 184
114 184
116 184
121 184
131 184
136 184
141 184
145 184
149 184
154 184
156 184
159 184
163 184
176 184
9 185
30 185
35 185
40 185
41 185
43 185
44 185
50 185
64 185
66 185
72 185
117 185
118 185
120 185
122 185
125 185
127 185
141 185
148 185
152 185
156 185
159 185
28 186
35 186
51 186
53 186
67 186
78 186
90 186
96 186
97 186
118 186
125 186
134 186
137 186
139 186
159 186
167 186
173 186
175 186
177 186
5 187
18 187
26 187
27 187
46 187
51 187
55 187
59 187
63 187
64 187
83 187
104 187
111 187
112 187
116 187
119 187
124 187
140 187
179 187
181 187
2 188
3 188
13 188
27 188
38 188
40 188
56 188
69 188
77 188
78 188
81 188
92 188
94 188
105 188
121 188
122 188
135 188
137 188
154 188
162 188
172 188
176 188
177 188
182 188
184 188
43 189
44 189
52 189
59 189
60 189
75 189
76 189
81 189
107 189
112 189
126 189
140 189
149 189
154 189
155 189
157 189
162 189
165 189
178 189
182 189
6 190
27 190
33 190
36 190
41 190
51 190
57 190
59 190
84 190
86 190
95 190
96 190
98 190
101 190
111 190
123 190
132 190
138 190
142 190
147 190
156 190
159 190
179 190
180 190
181 190
188 190
9 191
47 191
67 191
75 191
76 191
83 191
85 191
87 191
101 191
106 191
142 191
145 191
148 191
159 191
170 191
180 191
185 191
189 191
7 192
10 192
13 192
14 192
17 192
18 192
21 192
25 192
27 192
36 192
46 192
53 192
62 192
64 192
81 192
84 192
85 192
106 192
112 192
114 192
119 192
121 192
143 192
144 192
160 192
171 192
173 192
181 192
189 192
191 192
0 193
4 193
19 193
21 193
26 193
27 193
35 193
62 193
66 193
73 193
78 193
88 193
89 193
107 193
114 193
129 193
130 193
135 193
136 193
141 193
145 193
153 193
155 193
162 193
165 193
168 193
173 193
174 193
1 194
2 194
12 194
15 194
24 194
37 194
51 194
62 194
68 194
75 194
113 194
126 194
128 194
142 194
155 194
164 194
167 194
173 194
186 194
8 195
39 195
46 195
47 195
50 195
55 195
57 195
75 195
83 195
88 195
97 195
101 195
139 195
141 195
146 195
153 195
161 195
164 195
166 195
167 195
172 195
173 195
176 195
194 195
5 196
15 196
16 196
17 196
23 196
36 196
46 196
53 196
55 196
81 196
84 196
86 196
98 196
99 196
100 196
110 196
113 196
116 196
129 196
145 196
148 196
154 196
160 196
164 196
174 196
177 196
182 196
192 196
1 197
7 197
21 197
30 197
45 197
47 197
55 197
57 197
71 197
75 197
76 197
92 197
100 197
102 197
110 197
124 197
136 197
139 197
153 197
166 197
180 197
181 197
25 198
45 198
66 198
70 198
74 198
82 198
83 198
87 198
89 198
94 198
106 198
119 198
126 198
130 198
134 198
159 198
167 198
176 198
4 199
11 199
26 199
44 199
45 199
51 199
54 199
61 199
90 199
95 199
103 199
113 199
115 199
119 199
120 199
126 199
129 199
139 199
144 199
171 199
174 199
193 199
0 200
2 200
7 200
25 200
35 200
37 200
41 200
47 200
58 200
63 200
67 200
81 200
84 200
94 200
98 200
100 200
104 200
116 200
126 200
134 200
147 200
162 200
171 200
172 200
175 200
180 200
185 200
11 201
12 201
14 201
17 201
27 201
30 201
31 201
32 201
45 201
53 201
58 201
70 201
75 201
80 201
94 201
98 201
101 201
106 201
107 201
110 201
112 201
116 201
133 201
140 201
147 201
167 201
169 201
172 201
173 201
179 201
180 201
11 202
19 202
25 202
26 202
28 202
29 202
36 202
37 202
41 202
44 202
57 202
58 202
62 202
72 202
80 202
81 202
82 202
105 202
106 202
116 202
121 202
145 202
148 202
159 202
161 202
164 202
167 202
171 202
173 202
183 202
184 202
185 202
200 202
1 203
14 203
17 203
41 203
43 203
48 203
52 203
54 203
56 203
57 203
58 203
69 203
75 203
85 203
90 203
99 203
104 203
132 203
141 203
145 203
146 203
152 203
164 203
172 203
178 203
186 203
197 203
198 203
10 204
37 204
39 204
40 204
41 204
43 204
45 204
48 204
52 204
54 204
61 204
62 204
64 204
76 204
79 204
83 204
94 204
98 204
115 204
122 204
131 204
133 204
134 204
140 204
149 204
156 204
159 204
161 204
163 204
166 204
171 204
173 204
14 205
47 205
52 205
55 205
73 205
75 205
87 205
97 205
100 205
113 205
117 205
120 205
123 205
125 205
145 205
158 205
162 205
163 205
165 205
170 205
189 205
196 205
203 205
42 206
47 206
54 206
58 206
60 206
62 206
73 206
90 206
95 206
102 206
114 206
121 206
157 206
193 206
1 207
10 207
17 207
26 207
31 207
34 207
50 207
68 207
73 207
77 207
90 207
100 207
105 207
110 207
112 207
116 207
126 207
130 207
139 207
142 207
158 207
169 207
177 207
179 207
185 207
186 207
198 207
0 208
15 208
19 208
26 208
31 208
33 208
42 208
52 208
53 208
59 208
61 208
70 208
71 208
74 208
78 208
79 208
102 208
106 208
126 208
133 208
146 208
149 208
152 208
159 208
163 208
172 208
174 208
186 208
195 208
200 208
206 208
15 209
20 209
21 209
24 209
32 209
38 209
43 209
49 209
52 209
56 209
76 209
80 209
83 209
86 209
95 209
98 209
138 209
143 209
145 209
156 209
167 209
170 209
171 209
174 209
178 209
198 209
16 210
22 210
30 210
34 210
35 210
40 210
58 210
85 210
91 210
103 210
107 210
110 210
127 210
129 210
132 210
139 210
155 210
160 210
162 210
167 210
189 210
195 210
201 210
207 210
209 210
3 211
8 211
11 211
16 211
21 211
23 211
26 211
53 211
72 211
81 211
82 211
85 211
86 211
88 211
94 211
106 211
118 211
125 211
127 211
142 211
146 211
161 211
164 211
170 211
173 211
174 211
179 211
190 211
201 211
7 212
28 212
53 212
67 212
70 212
72 212
75 212
81 212
89 212
90 212
94 212
119 212
121 212
131 212
134 212
135 212
140 212
143 212
146 212
153 212
156 212
162 212
186 212
196 212
197 212
209 212
0 213
5 213
6 213
10 213
48 213
55 213
57 213
62 213
67 213
80 213
81 213
86 213
94 213
96 213
99 213
101 213
112 213
116 213
118 213
157 213
158 213
160 213
162 213
164 213
166 213
179 213
183 213
187 213
192 213
194 213
207 213
7 214
23 214
24 214
29 214
30 214
58 214
61 214
82 214
84 214
87 214
100 214
109 214
112 214
118 214
130 214
131 214
135 214
139 214
141 214
145 214
146 214
180 214
187 214
202 214
4 215
21 215
24 215
30 215
32 215
51 215
59 215
69 215
82 215
86 215
87 215
138 215
147 215
157 215
164 215
172 215
175 215
195 215
196 215
210 215
4 216
21 216
39 216
42 216
58 216
79 216
80 216
84 216
89 216
105 216
108 216
115 216
132 216
133 216
141 216
150 216
158 216
165 216
179 216
190 216
195 216
200 216
211 216
3 217
7 217
15 217
24 217
42 217
43 217
53 217
57 217
62 217
66 217
69 217
73 217
84 217
94 217
95 217
104 217
106 217
112 217
117 217
127 217
141 217
146 217
156 217
159 217
161 217
180 217
182 217
186 217
190 217
196 217
1 218
13 218
23 218
32 218
41 218
64 218
73 218
80 218
81 218
87 218
90 218
103 218
110 218
114 218
120 218
158 218
159 218
172 218
181 218
191 218
194 218
195 218
203 218
204 218
208 218
209 218
212 218
4 219
6 219
13 219
15 219
18 219
33 219
42 219
43 219
49 219
60 219
68 219
70 219
97 219
101 219
105 219
107 219
127 219
133 219
138 219
142 219
149 219
155 219
159 219
161 219
166 219
173 219
187 219
192 219
195 219
204 219
209 219
218 219
7 220
16 220
28 220
38 220
57 220
66 220
74 220
75 220
79 220
81 220
85 220
88 220
94 220
103 220
104 220
109 220
110 220
124 220
152 220
161 220
164 220
169 220
171 220
173 220
175 220
204 220
10 221
23 221
26 221
50 221
51 221
56 221
59 221
69 221
70 221
77 221
93 221
94 221
109 221
126 221
134 221
137 221
139 221
166 221
168 221
178 221
190 221
204 221
21 222
36 222
48 222
49 222
60 222
78 222
80 222
125 222
132 222
135 222
158 222
164 222
173 222
176 222
179 222
190 222
195 222
220 222
1 223
8 223
17 223
23 223
25 223
31 223
36 223
52 223
73 223
77 223
81 223
84 223
96 223
101 223
112 223
173 223
199 223
205 223
208 223
216 223
217 223
16 224
20 224
33 224
37 224
41 224
54 224
63 224
78 224
82 224
86 224
90 224
105 224
117 224
137 224
138 224
158 224
162 224
163 224
171 224
173 224
179 224
197 224
207 224
221 224
2 225
8 225
13 225
16 225
44 225
69 225
75 225
76 225
79 225
80 225
116 225
118 225
120 225
123 225
130 225
139 225
162 225
164 225
167 225
193 225
196 225
218 225
0 226
11 226
29 226
35 226
38 226
45 226
54 226
55 226
72 226
76 226
77 226
90 226
95 226
96 226
102 226
108 226
117 226
119 226
131 226
141 226
155 226
160 226
167 226
169 226
175 226
177 226
179 226
184 226
189 226
197 226
200 226
213 226
220 226
3 227
24 227
30 227
33 227
44 227
48 227
50 227
65 227
66 227
78 227
84 227
100 227
111 227
116 227
121 227
144 227
159 227
162 227
181 227
184 227
197 227
199 227
203 227
204 227
211 227
219 227
222 227
224 227
3 228
16 228
32 228
35 228
36 228
41 228
43 228
47 228
48 228
55 228
56 228
58 228
64 228
76 228
77 228
91 228
104 228
117 228
133 228
165 228
167 228
171 228
184 228
198 228
208 228
217 228
219 228
225 228
2 229
5 229
8 229
18 229
19 229
25 229
31 229
55 229
56 229
72 229
78 229
108 229
126 229
148 229
160 229
164 229
165 229
169 229
183 229
198 229
209 229
224 229
0 230
21 230
23 230
26 230
38 230
45 230
50 230
51 230
53 230
62 230
67 230
89 230
98 230
134 230
137 230
187 230
191 230
197 230
202 230
221 230
222 230
225 230
0 231
1 231
6 231
8 231
10 231
13 231
18 231
21 231
44 231
45 231
54 231
67 231
80 231
85 231
101 231
104 231
108 231
116 231
122 231
124 231
140 231
148 231
152 231
167 231
190 231
214 231
227 231
3 232
38 232
48 232
57 232
65 232
66 232
79 232
87 232
91 232
97 232
114 232
115 232
119 232
129 232
132 232
135 232
143 232
145 232
148 232
152 232
166 232
174 232
179 232
180 232
202 232
205 232
206 232
7 233
13 233
14 233
16 233
23 233
25 233
29 233
34 233
47 233
76 233
83 233
95 233
106 233
113 233
118 233
135 233
139 233
146 233
155 233
163 233
183 233
196 233
214 233
223 233
231 233
7 234
11 234
16 234
25 234
26 234
28 234
40 234
44 234
47 234
48 234
64 234
89 234
115 234
119 234
121 234
125 234
130 234
133 234
139 234
144 234
145 234
147 234
149 234
154 234
162 234
173 234
174 234
180 234
189 234
205 234
218 234
1 235
9 235
15 235
18 235
19 235
30 235
42 235
46 235
51 235
57 235
93 235
104 235
112 235
115 235
120 235
122 235
130 235
140 235
146 235
157 235
174 235
178 235
182 235
183 235
188 235
194 235
207 235
217 235
221 235
19 236
27 236
31 236
42 236
45 236
55 236
84 236
104 236
121 236
127 236
128 236
133 236
137 236
138 236
151 236
152 236
157 236
179 236
185 236
188 236
211 236
216 236
219 236
230 236
3 237
5 237
21 237
26 237
31 237
36 237
59 237
84 237
97 237
98 237
100 237
121 237
143 237
153 237
154 237
159 237
160 237
170 237
182 237
193 237
194 237
195 237
202 237
224 237
233 237
17 238
35 238
54 238
73 238
75 238
87 238
90 238
92 238
94 238
103 238
104 238
111 238
112 238
125 238
134 238
154 238
172 238
177 238
181 238
184 238
187 238
189 238
204 238
211 238
220 238
235 238
7 239
11 239
14 239
20 239
38 239
42 239
69 239
90 239
113 239
120 239
121 239
125 239
126 239
127 239
136 239
146 239
178 239
194 239
207 239
209 239
218 239
230 239
235 239
0 240
7 240
23 240
39 240
42 240
47 240
68 240
72 240
83 240
90 240
92 240
95 240
98 240
111 240
117 240
119 240
129 240
149 240
158 240
168 240
175 240
180 240
207 240
210 240
215 240
220 240
222 240
228 240
232 240
0 241
1 241
8 241
19 241
27 241
43 241
49 241
52 241
61 241
73 241
103 241
115 241
119 241
122 241
126 241
139 241
145 241
146 241
163 241
166 241
169 241
190 241
194 241
195 241
201 241
211 241
237 241
10 242
71 242
86 242
90 242
93 242
104 242
107 242
113 242
115 242
120 242
131 242
135 242
147 242
161 242
169 242
174 242
175 242
187 242
211 242
216 242
234 242
239 242
5 243
11 243
16 243
41 243
43 243
47 243
50 243
56 243
67 243
77 243
84 243
100 243
109 243
116 243
118 243
122 243
134 243
142 243
146 243
163 243
166 243
178 243
187 243
190 243
194 243
200 243
230 243
234 243
239 243
8 244
13 244
21 244
23 244
43 244
44 244
46 244
50 244
55 244
57 244
62 244
63 244
64 244
83 244
104 244
109 244
110 244
113 244
114 244
133 244
142 244
148 244
150 244
154 244
158 244
164 244
166 244
171 244
172 244
207 244
215 244
221 244
232 244
0 245
7 245
41 245
43 245
82 245
84 245
88 245
89 245
100 245
131 245
135 245
143 245
145 245
153 245
159 245
160 245
167 245
168 245
173 245
196 245
218 245
227 245
232 245
234 245
241 245
242 245
2 246
17 246
19 246
23 246
27 246
32 246
33 246
39 246
54 246
58 246
70 246
72 246
81 246
86 246
88 246
89 246
96 246
111 246
112 246
129 246
140 246
148 246
153 246
156 246
157 246
167 246
168 246
169 246
170 246
181 246
184 246
185 246
189 246
192 246
196 246
206 246
210 246
230 246
231 246
236 246
238 246
240 246
0 247
4 247
18 247
29 247
30 247
34 247
42 247
43 247
46 247
50 247
56 247
66 247
73 247
82 247
89 247
97 247
99 247
114 247
115 247
136 247
139 247
140 247
144 247
150 247
155 247
181 247
182 247
193 247
196 247
212 247
229 247
235 247
243 247
0 248
20 248
25 248
29 248
31 248
45 248
49 248
51 248
53 248
55 248
59 248
80 248
85 248
104 248
107 248
109 248
121 248
123 248
129 248
163 248
170 248
178 248
179 248
188 248
192 248
195 248
203 248
217 248
218 248
231 248
0 249
4 249
14 249
15 249
16 249
17 249
22 249
31 249
61 249
62 249
63 249
72 249
73 249
79 249
84 249
89 249
94 249
96 249
98 249
106 249
110 249
112 249
113 249
125 249
170 249
172 249
179 249
202 249
205 249
209 249
211 249
227 249
230 249
18 250
20 250
27 250
30 250
48 250
52 250
68 250
69 250
70 250
74 250
81 250
85 250
88 250
89 250
96 250
100 250
106 250
109 250
118 250
122 250
134 250
142 250
144 250
163 250
167 250
169 250
170 250
184 250
189 250
195 250
227 250
229 250
232 250
238 250
244 250
0 251
17 251
24 251
25 251
41 251
45 251
59 251
65 251
67 251
72 251
76 251
77 251
83 251
111 251
122 251
127 251
161 251
177 251
178 251
179 251
181 251
188 251
195 251
208 251
209 251
219 251
241 251
15 252
19 252
42 252
43 252
54 252
55 252
59 252
60 252
71 252
86 252
89 252
96 252
98 252
99 252
103 252
117 252
138 252
139 252
147 252
151 252
159 252
160 252
173 252
176 252
212 252
226 252
228 252
230 252
231 252
232 252
236 252
240 252
245 252
249 252
250 252
0 253
3 253
23 253
28 253
45 253
52 253
64 253
72 253
80 253
81 253
92 253
103 253
110 253
119 253
122 253
124 253
141 253
151 253
154 253
165 253
169 253
172 253
192 253
206 253
218 253
220 253
244 253
4 254
8 254
15 254
18 254
19 254
22 254
49 254
52 254
57 254
68 254
69 254
71 254
72 254
77 254
96 254
115 254
117 254
121 254
133 254
134 254
136 254
151 254
158 254
160 254
184 254
185 254
194 254
205 254
207 254
214 254
235 254
5 255
20 255
34 255
43 255
51 255
56 255
64 255
65 255
70 255
78 255
86 255
87 255
88 255
96 255
98 255
105 255
115 255
124 255
126 255
138 255
143 255
147 255
158 255
163 255
173 255
177 255
178 255
181 255
182 255
183 255
185 255
198 255
211 255
217 255
240 255
248 255
249 255
6 256
10 256
16 256
25 256
37 256
39 256
47 256
62 256
74 256
81 256
89 256
91 256
97 256
119 256
121 256
135 256
145 256
147 256
152 256
160 256
182 256
190 256
191 256
204 256
209 256
242 256
244 256
251 256
2 257
15 257
17 257
18 257
21 257
23 257
35 257
54 257
55 257
67 257
73 257
78 257
80 257
86 257
90 257
96 257
103 257
127 257
129 257
146 257
156 257
160 257
163 257
165 257
166 257
170 257
172 257
174 257
177 257
191 257
206 257
207 257
213 257
225 257
229 257
236 257
240 257
244 257
251 257
22 258
23 258
40 258
44 258
47 258
55 258
56 258
66 258
72 258
83 258
96 258
121 258
128 258
142 258
159 258
172 258
174 258
190 258
191 258
198 258
207 258
218 258
224 258
254 258
15 259
19 259
38 259
42 259
82 259
101 259
102 259
118 259
124 259
128 259
131 259
152 259
153 259
160 259
178 259
179 259
182 259
204 259
218 259
221 259
232 259
242 259
248 259
256 259
11 260
12 260
23 260
24 260
31 260
41 260
47 260
48 260
55 260
57 260
60 260
62 260
73 260
81 260
86 260
88 260
89 260
96 260
99 260
102 260
108 260
121 260
130 260
136 260
138 260
140 260
145 260
151 260
177 260
178 260
183 260
185 260
201 260
202 260
214 260
227 260
228 260
235 260
236 260
243 260
248 260
251 260
255 260
8 261
9 261
19 261
24 261
33 261
41 261
69 261
70 261
74 261
81 261
83 261
84 261
98 261
106 261
108 261
112 261
119 261
128 261
130 261
139 261
142 261
157 261
163 261
165 261
170 261
197 261
198 261
203 261
205 261
210 261
214 261
236 261
245 261
248 261
250 261
257 261
13 262
20 262
24 262
31 262
39 262
57 262
58 262
66 262
68 262
71 262
73 262
91 262
101 262
103 262
113 262
118 262
131 262
132 262
136 262
144 262
148 262
168 262
186 262
187 262
191 262
192 262
198 262
201 262
207 262
210 262
212 262
215 262
221 262
226 262
230 262
258 262
22 263
35 263
43 263
57 263
59 263
71 263
75 263
81 263
90 263
100 263
101 263
102 263
108 263
113 263
130 263
146 263
180 263
181 263
185 263
186 263
190 263
193 263
197 263
227 263
232 263
238 263
239 263
247 263
256 263
259 263
260 263
5 264
6 264
7 264
21 264
44 264
47 264
50 264
54 264
55 264
92 264
100 264
117 264
119 264
127 264
139 264
145 264
150 264
182 264
184 264
194 264
203 264
219 264
220 264
225 264
229 264
237 264
244 264
247 264
250 264
257 264
258 264
261 264
2 265
11 265
14 265
23 265
58 265
63 265
64 265
65 265
71 265
84 265
94 265
98 265
104 265
106 265
113 265
115 265
122 265
124 265
125 265
126 265
134 265
138 265
142 265
145 265
148 265
151 265
164 265
168 265
170 265
177 265
181 265
189 265
191 265
202 265
208 265
212 265
230 265
233 265
247 265
259 265
264 265
0 266
6 266
32 266
52 266
61 266
78 266
79 266
80 266
93 266
104 266
113 266
117 266
130 266
133 266
137 266
183 266
202 266
204 266
209 266
214 266
225 266
228 266
10 267
41 267
47 267
49 267
56 267
58 267
87 267
89 267
95 267
106 267
124 267
125 267
126 267
134 267
143 267
144 267
148 267
167 267
178 267
186 267
197 267
202 267
209 267
219 267
221 267
222 267
237 267
262 267
265 267
266 267
4 268
21 268
36 268
46 268
63 268
70 268
73 268
74 268
80 268
98 268
102 268
111 268
112 268
115 268
122 268
125 268
138 268
139 268
146 268
153 268
163 268
167 268
169 268
181 268
184 268
194 268
201 268
210 268
213 268
216 268
219 268
220 268
249 268
250 268
261 268
262 268
265 268
4 269
22 269
30 269
43 269
45 269
62 269
67 269
80 269
82 269
84 269
89 269
91 269
111 269
113 269
118 269
119 269
126 269
144 269
146 269
155 269
162 269
187 269
198 269
208 269
218 269
232 269
236 269
254 269
267 269
0 270
11 270
15 270
23 270
24 270
41 270
48 270
50 270
85 270
91 270
93 270
104 270
116 270
122 270
132 270
147 270
153 270
156 270
158 270
161 270
169 270
174 270
222 270
225 270
233 270
252 270
257 270
12 271
18 271
23 271
25 271
26 271
27 271
55 271
62 271
65 271
77 271
78 271
84 271
87 271
94 271
98 271
112 271
125 271
128 271
144 271
155 271
158 271
161 271
167 271
195 271
199 271
202 271
217 271
221 271
256 271
0 272
7 272
9 272
36 272
39 272
62 272
64 272
74 272
76 272
88 272
101 272
104 272
108 272
149 272
155 272
160 272
198 272
209 272
221 272
222 272
223 272
235 272
238 272
239 272
246 272
247 272
249 272
254 272
260 272
0 273
14 273
25 273
30 273
33 273
49 273
50 273
55 273
63 273
67 273
69 273
83 273
87 273
90 273
92 273
94 273
98 273
105 273
107 273
108 273
110 273
111 273
116 273
132 273
134 273
137 273
143 273
155 273
172 273
200 273
209 273
220 273
226 273
236 273
245 273
255 273
264 273
6 274
16 274
27 274
38 274
50 274
57 274
59 274
61 274
63 274
72 274
78 274
91 274
93 274
97 274
98 274
107 274
108 274
112 274
127 274
130 274
144 274
169 274
187 274
191 274
196 274
229 274
240 274
249 274
256 274
262 274
4 275
18 275
25 275
27 275
32 275
54 275
57 275
61 275
64 275
65 275
67 275
79 275
80 275
89 275
102 275
107 275
109 275
118 275
136 275
138 275
158 275
169 275
181 275
190 275
215 275
232 275
248 275
250 275
260 275
266 275
0 276
8 276
21 276
25 276
27 276
33 276
39 276
43 276
51 276
66 276
67 276
72 276
79 276
81 276
84 276
85 276
88 276
92 276
124 276
127 276
158 276
171 276
197 276
203 276
225 276
236 276
8 277
10 277
28 277
38 277
39 277
40 277
56 277
58 277
63 277
73 277
80 277
83 277
88 277
89 277
92 277
98 277
99 277
115 277
133 277
148 277
171 277
180 277
181 277
192 277
194 277
198 277
204 277
208 277
222 277
223 277
224 277
225 277
226 277
230 277
233 277
236 277
239 277
263 277
267 277
268 277
271 277
273 277
5 278
15 278
31 278
33 278
41 278
64 278
85 278
90 278
114 278
119 278
134 278
138 278
139 278
142 278
145 278
149 278
152 278
154 278
156 278
168 278
179 278
182 278
187 278
211 278
218 278
222 278
231 278
251 278
270 278
8 279
21 279
24 279
27 279
29 279
32 279
40 279
42 279
59 279
67 279
74 279
85 279
93 279
99 279
102 279
104 279
119 279
124 279
126 279
135 279
136 279
138 279
161 279
174 279
189 279
199 279
209 279
215 279
247 279
249 279
254 279
268 279
1 280
10 280
16 280
18 280
23 280
25 280
40 280
45 280
53 280
58 280
60 280
66 280
68 280
71 280
82 280
92 280
93 280
98 280
107 280
134 280
136 280
140 280
160 280
161 280
173 280
178 280
196 280
197 280
208 280
224 280
242 280
250 280
256 280
273 280
0 281
3 281
10 281
12 281
14 281
33 281
39 281
45 281
53 281
57 281
58 281
62 281
71 281
72 281
97 281
103 281
104 281
109 281
113 281
124 281
125 281
127 281
140 281
143 281
144 281
149 281
153 281
157 281
165 281
167 281
178 281
184 281
187 281
194 281
196 281
199 281
203 281
212 281
213 281
218 281
234 281
239 281
250 281
252 281
258 281
260 281
0 282
7 282
17 282
23 282
27 282
30 282
41 282
56 282
66 282
67 282
77 282
83 282
90 282
108 282
127 282
130 282
144 282
145 282
159 282
160 282
196 282
198 282
200 282
220 282
224 282
226 282
251 282
263 282
275 282
280 282
11 283
16 283
18 283
23 283
41 283
50 283
54 283
56 283
62 283
70 283
72 283
75 283
76 283
80 283
82 283
114 283
131 283
138 283
151 283
186 283
188 283
189 283
198 283
202 283
207 283
223 283
226 283
227 283
239 283
246 283
260 283
273 283
274 283
279 283
9 284
16 284
22 284
24 284
33 284
37 284
38 284
43 284
56 284
73 284
75 284
92 284
146 284
159 284
174 284
181 284
184 284
200 284
202 284
204 284
211 284
218 284
225 284
244 284
269 284
275 284
3 285
28 285
30 285
42 285
53 285
59 285
60 285
61 285
72 285
84 285
99 285
106 285
129 285
133 285
140 285
154 285
168 285
175 285
183 285
193 285
196 285
202 285
204 285
216 285
247 285
253 285
255 285
263 285
271 285
281 285
9 286
10 286
21 286
39 286
49 286
53 286
68 286
77 286
79 286
80 286
84 286
88 286
93 286
101 286
105 286
108 286
113 286
123 286
128 286
136 286
162 286
169 286
173 286
174 286
175 286
179 286
189 286
196 286
207 286
218 286
221 286
223 286
224 286
234 286
244 286
249 286
252 286
265 286
268 286
269 286
3 287
13 287
14 287
16 287
17 287
36 287
40 287
47 287
53 287
55 287
56 287
86 287
90 287
94 287
105 287
116 287
130 287
154 287
172 287
174 287
206 287
208 287
209 287
214 287
230 287
231 287
235 287
238 287
248 287
254 287
259 287
264 287
266 287
268 287
275 287
1 288
11 288
12 288
17 288
33 288
35 288
57 288
64 288
66 288
81 288
82 288
85 288
105 288
127 288
133 288
136 288
140 288
144 288
146 288
148 288
154 288
155 288
158 288
161 288
163 288
174 288
177 288
202 288
204 288
208 288
214 288
229 288
238 288
245 288
247 288
253 288
255 288
276 288
279 288
285 288
8 289
33 289
37 289
42 289
54 289
59 289
71 289
78 289
94 289
115 289
129 289
132 289
139 289
167 289
169 289
173 289
187 289
201 289
207 289
212 289
238 289
242 289
247 289
251 289
254 289
255 289
262 289
263 289
269 289
270 289
276 289
280 289
284 289
16 290
20 290
21 290
31 290
45 290
56 290
78 290
82 290
84 290
89 290
108 290
110 290
122 290
131 290
138 290
145 290
157 290
161 290
172 290
174 290
177 290
179 290
187 290
189 290
192 290
199 290
201 290
203 290
208 290
209 290
212 290
217 290
219 290
224 290
226 290
232 290
239 290
240 290
244 290
251 290
258 290
259 290
261 290
270 290
272 290
12 291
23 291
27 291
48 291
49 291
59 291
71 291
98 291
101 291
106 291
110 291
112 291
116 291
122 291
128 291
152 291
154 291
166 291
167 291
170 291
172 291
174 291
182 291
188 291
203 291
207 291
210 291
215 291
221 291
234 291
237 291
240 291
241 291
242 291
265 291
268 291
282 291
289 291
0 292
8 292
39 292
42 292
44 292
46 292
51 292
57 292
63 292
72 292
88 292
89 292
91 292
94 292
96 292
103 292
107 292
125 292
132 292
134 292
135 292
139 292
154 292
155 292
157 292
160 292
163 292
168 292
178 292
179 292
180 292
185 292
190 292
203 292
217 292
220 292
266 292
286 292
1 293
4 293
18 293
19 293
24 293
30 293
59 293
61 293
67 293
68 293
72 293
83 293
93 293
108 293
131 293
137 293
138 293
140 293
146 293
150 293
153 293
155 293
156 293
164 293
166 293
167 293
168 293
174 293
179 293
181 293
195 293
205 293
206 293
210 293
211 293
216 293
220 293
243 293
258 293
259 293
266 293
275 293
286 293
288 293
291 293
1 294
5 294
20 294
25 294
29 294
33 294
42 294
79 294
85 294
86 294
97 294
99 294
116 294
118 294
128 294
131 294
133 294
138 294
145 294
147 294
153 294
157 294
164 294
170 294
176 294
177 294
194 294
199 294
207 294
210 294
212 294
230 294
238 294
244 294
247 294
254 294
261 294
271 294
286 294
289 294
292 294
1 295
6 295
26 295
28 295
33 295
39 295
45 295
52 295
60 295
68 295
76 295
79 295
99 295
101 295
115 295
121 295
122 295
124 295
130 295
133 295
152 295
159 295
160 295
171 295
177 295
180 295
199 295
201 295
257 295
288 295
4 296
17 296
24 296
28 296
37 296
41 296
52 296
66 296
69 296
79 296
88 296
96 296
108 296
110 296
119 296
127 296
128 296
134 296
142 296
147 296
150 296
154 296
158 296
169 296
170 296
175 296
178 296
185 296
199 296
212 296
217 296
225 296
234 296
239 296
251 296
258 296
266 296
267 296
269 296
286 296
291 296
295 296
5 297
18 297
24 297
28 297
32 297
34 297
51 297
54 297
59 297
63 297
69 297
82 297
94 297
104 297
109 297
111 297
116 297
117 297
124 297
129 297
144 297
148 297
158 297
164 297
173 297
179 297
181 297
182 297
190 297
196 297
203 297
208 297
219 297
223 297
231 297
238 297
265 297
282 297
287 297
296 297
17 298
24 298
32 298
41 298
51 298
65 298
68 298
73 298
82 298
93 298
94 298
95 298
105 298
118 298
128 298
135 298
147 298
152 298
153 298
156 298
176 298
181 298
188 298
190 298
193 298
199 298
202 298
204 298
226 298
229 298
233 298
238 298
243 298
254 298
256 298
259 298
268 298
280 298
288 298
17 299
19 299
20 299
28 299
37 299
47 299
53 299
56 299
57 299
63 299
64 299
68 299
79 299
81 299
93 299
95 299
109 299
121 299
127 299
130 299
132 299
152 299
175 299
178 299
184 299
188 299
189 299
202 299
213 299
225 299
227 299
235 299
247 299
250 299
251 299
263 299
267 299
281 299
285 299
292 299
294 299
298 299
