300 3375 5
6 6 10 7 5 7 5 10 9 3 1 3 10 8 6 8 1 4 1 5 1 2 2 4 2 2 2 6 8 6 6 9 2 2 8 8 5 1 6 10 10 2 4 6 2 7 10 1 5 9 8 6 6 5 10 9 9 7 8 6 1 8 8 1 10 5 7 6 1 5 7 7 4 3 3 4 7 2 9 8 7 7 5 4 2 8 7 9 9 2 2 9 9 5 10 6 10 6 3 5 8 6 6 5 5 4 4 7 9 3 1 2 9 1 4 8 7 7 1 9 5 5 7 6 5 5 4 7 7 8 5 10 6 10 3 2 1 4 4 3 10 2 1 6 8 4 1 1 9 4 3 9 10 6 3 6 5 8 2 2 2 5 1 7 2 1 5 10 3 4 8 2 3 8 3 10 8 5 8 6 10 4 1 9 6 1 1 4 6 4 6 2 5 8 1 6 6 3 8 9 1 5 4 7 7 4 2 1 4 7 4 8 4 9 10 2 8 7 9 9 2 2 10 10 9 3 8 2 5 10 10 6 3 3 7 7 8 7 3 4 1 6 5 7 10 4 4 7 10 10 1 2 2 3 2 4 3 8 3 6 9 2 10 5 6 9 7 8 8 4 3 1 6 9 1 10 3 7 2 4 1 4 10 5 5 2 10 1 8 6 8 4 6 3 8 9 8 2 2 7
1 7
2 8
1 9
6 10
2 11
7 11
3 12
11 12
2 14
10 14
12 14
2 17
12 17
13 17
14 17
11 18
1 19
5 19
17 19
6 21
19 21
20 21
10 22
17 22
21 22
15 23
22 25
4 26
21 26
13 27
15 27
0 28
2 28
4 28
5 28
6 28
7 28
15 28
27 28
24 29
5 30
19 30
15 31
28 31
12 32
15 32
9 33
25 33
0 34
3 34
5 34
12 34
8 35
24 36
7 37
8 37
22 37
32 37
33 37
15 38
20 38
29 38
15 39
31 39
32 39
37 39
22 40
24 40
27 40
19 41
23 41
39 41
5 42
7 42
14 42
34 42
8 43
11 43
20 43
24 43
32 44
15 45
20 45
25 45
32 45
5 46
30 46
4 47
8 47
29 47
35 47
1 48
14 48
24 48
26 48
47 48
0 49
8 49
10 49
14 49
24 49
43 49
44 49
46 49
39 50
9 51
13 51
19 51
2 52
19 52
22 52
33 52
46 52
47 52
19 53
20 53
46 53
47 53
51 53
2 54
31 54
32 54
43 54
49 54
7 55
14 55
27 55
38 55
40 55
42 55
44 55
53 55
3 56
9 56
14 56
32 56
2 57
3 57
32 57
41 57
53 57
54 57
19 58
40 58
49 58
19 59
28 59
34 59
47 59
37 60
38 60
46 60
53 60
54 60
12 61
32 61
53 61
5 62
6 62
37 62
31 63
55 63
9 64
17 64
23 64
38 64
51 64
27 65
62 65
49 66
64 66
6 67
11 67
18 67
32 67
40 67
44 67
46 67
55 67
59 67
17 68
21 68
29 68
36 68
42 68
48 68
49 68
57 68
1 69
35 69
36 69
44 69
62 69
9 70
13 70
23 70
51 70
17 71
31 71
42 71
2 72
8 72
15 72
30 72
51 72
60 72
4 73
7 73
8 73
38 73
48 73
61 73
67 73
16 74
29 74
32 74
50 74
51 74
62 74
67 74
0 75
2 75
21 75
24 75
46 75
61 75
67 75
69 75
14 76
16 76
28 76
32 76
35 76
67 76
73 76
29 77
41 77
55 77
60 77
74 77
0 78
12 78
19 78
36 78
43 78
52 78
69 78
48 79
50 79
60 79
15 80
22 80
36 80
41 80
5 81
10 81
11 81
31 81
3 82
15 82
24 82
32 82
40 82
8 83
18 83
21 83
39 83
62 83
2 84
19 84
29 84
34 84
45 84
73 84
81 84
23 85
26 85
48 85
66 85
4 86
11 86
20 86
26 86
63 86
20 87
28 87
31 87
43 87
72 87
77 87
10 88
29 88
33 88
43 88
69 88
77 88
85 88
7 89
33 89
35 89
54 89
68 89
76 89
86 89
13 90
40 90
42 90
55 90
64 90
72 90
75 90
41 91
59 91
68 91
81 91
2 92
23 92
48 92
60 92
69 92
79 92
0 93
2 93
5 93
25 93
36 93
39 93
49 93
52 93
66 93
75 93
83 93
89 93
6 94
9 94
41 94
47 94
70 94
74 94
89 94
3 95
15 95
16 95
20 95
60 95
68 95
70 95
82 95
8 96
18 96
47 96
48 96
92 96
2 97
12 97
21 97
29 97
43 97
57 97
90 97
94 97
95 97
1 98
21 98
32 98
53 98
57 98
59 98
1 99
12 99
27 99
30 99
31 99
69 99
98 99
10 100
12 100
24 100
34 100
54 100
69 100
87 100
21 101
28 101
31 101
32 101
84 101
97 101
1 102
10 102
18 102
48 102
63 102
3 103
4 103
11 103
18 103
44 103
63 103
64 103
65 103
72 103
76 103
85 103
93 103
101 103
12 104
31 104
35 104
54 104
60 104
61 104
72 104
80 104
24 105
32 105
34 105
38 105
48 105
53 105
91 105
96 105
99 105
100 105
23 106
31 106
34 106
37 106
43 106
66 106
76 106
7 107
29 107
33 107
45 107
47 107
63 107
75 107
77 107
95 107
98 107
14 108
25 108
26 108
67 108
83 108
3 109
16 109
26 109
31 109
33 109
41 109
51 109
56 109
58 109
73 109
75 109
81 109
86 109
96 109
97 109
103 109
106 109
15 110
25 110
62 110
71 110
81 110
101 110
103 110
42 111
60 111
66 111
69 111
74 111
92 111
95 111
104 111
108 111
41 112
58 112
62 112
73 112
79 112
97 112
7 113
22 113
31 113
52 113
53 113
73 113
78 113
79 113
101 113
106 113
6 114
9 114
17 114
31 114
34 114
37 114
44 114
52 114
56 114
67 114
100 114
109 114
0 115
15 115
23 115
33 115
23 116
28 116
30 116
31 116
62 116
66 116
86 116
108 116
24 117
25 117
71 117
110 117
15 118
20 118
28 118
43 118
76 118
113 118
114 118
5 119
7 119
24 119
28 119
40 119
43 119
45 119
54 119
93 119
97 119
100 119
113 119
4 120
96 120
110 120
1 121
22 121
30 121
65 121
91 121
112 121
113 121
1 122
2 122
5 122
6 122
24 122
32 122
42 122
45 122
59 122
79 122
94 122
17 123
32 123
51 123
53 123
59 123
68 123
79 123
84 123
89 123
102 123
111 123
118 123
9 124
19 124
25 124
30 124
61 124
114 124
19 125
38 125
39 125
52 125
64 125
96 125
1 126
47 126
55 126
61 126
64 126
68 126
72 126
98 126
19 127
23 127
25 127
38 127
41 127
73 127
111 127
115 127
4 128
11 128
14 128
26 128
29 128
67 128
76 128
78 128
118 128
124 128
1 129
6 129
16 129
28 129
32 129
36 129
47 129
58 129
67 129
119 129
19 130
23 130
28 130
31 130
37 130
95 130
96 130
7 131
10 131
12 131
18 131
24 131
29 131
32 131
54 131
71 131
110 131
122 131
30 132
48 132
56 132
70 132
81 132
97 132
101 132
110 132
11 133
100 133
110 133
128 133
9 134
29 134
46 134
47 134
60 134
63 134
73 134
83 134
90 134
100 134
107 134
111 134
7 135
12 135
32 135
51 135
52 135
71 135
81 135
87 135
125 135
127 135
29 136
50 136
70 136
82 136
87 136
123 136
6 137
34 137
37 137
49 137
61 137
62 137
77 137
90 137
96 137
97 137
107 137
129 137
136 137
6 138
14 138
15 138
17 138
55 138
59 138
74 138
79 138
101 138
103 138
110 138
117 138
126 138
129 138
131 138
132 138
0 139
12 139
22 139
33 139
53 139
55 139
57 139
63 139
78 139
82 139
100 139
101 139
104 139
116 139
119 139
125 139
126 139
127 139
129 139
5 140
11 140
91 140
92 140
98 140
99 140
103 140
129 140
130 140
0 141
2 141
12 141
19 141
24 141
33 141
37 141
48 141
56 141
58 141
75 141
85 141
91 141
94 141
110 141
123 141
139 141
6 142
14 142
19 142
27 142
31 142
39 142
44 142
53 142
85 142
95 142
104 142
105 142
140 142
3 143
5 143
13 143
66 143
68 143
88 143
134 143
139 143
1 144
46 144
48 144
75 144
78 144
83 144
126 144
128 144
137 144
8 145
22 145
26 145
31 145
32 145
69 145
87 145
99 145
144 145
0 146
12 146
19 146
46 146
47 146
68 146
80 146
94 146
95 146
108 146
122 146
132 146
139 146
9 147
13 147
32 147
84 147
104 147
115 147
132 147
136 147
137 147
6 148
14 148
24 148
28 148
76 148
80 148
86 148
93 148
113 148
119 148
139 148
4 149
14 149
21 149
34 149
35 149
46 149
66 149
127 149
130 149
144 149
6 150
35 150
63 150
76 150
88 150
119 150
125 150
126 150
135 150
146 150
147 150
149 150
9 151
12 151
14 151
23 151
27 151
42 151
50 151
61 151
81 151
93 151
94 151
103 151
110 151
117 151
129 151
130 151
134 151
138 151
140 151
142 151
25 152
33 152
52 152
59 152
83 152
89 152
96 152
118 152
123 152
147 152
16 153
17 153
21 153
25 153
58 153
70 153
111 153
133 153
3 154
6 154
7 154
10 154
12 154
17 154
22 154
52 154
92 154
94 154
97 154
102 154
110 154
113 154
121 154
135 154
141 154
148 154
14 155
47 155
51 155
59 155
83 155
99 155
120 155
124 155
146 155
149 155
12 156
65 156
84 156
104 156
108 156
110 156
114 156
116 156
131 156
136 156
143 156
152 156
2 157
37 157
50 157
73 157
93 157
101 157
102 157
139 157
141 157
151 157
3 158
32 158
73 158
95 158
114 158
120 158
127 158
143 158
2 159
23 159
32 159
61 159
63 159
72 159
92 159
94 159
102 159
103 159
154 159
6 160
59 160
65 160
78 160
94 160
148 160
0 161
7 161
8 161
9 161
13 161
29 161
54 161
63 161
79 161
100 161
110 161
122 161
126 161
135 161
141 161
37 162
40 162
45 162
48 162
58 162
69 162
70 162
87 162
89 162
92 162
114 162
159 162
160 162
27 163
51 163
56 163
77 163
79 163
85 163
90 163
101 163
107 163
136 163
144 163
19 164
53 164
57 164
63 164
110 164
122 164
130 164
142 164
144 164
145 164
152 164
156 164
160 164
162 164
7 165
13 165
20 165
21 165
40 165
48 165
50 165
57 165
58 165
60 165
89 165
129 165
148 165
151 165
152 165
153 165
157 165
5 166
7 166
44 166
55 166
60 166
62 166
76 166
92 166
106 166
114 166
127 166
133 166
149 166
161 166
1 167
5 167
16 167
19 167
41 167
63 167
65 167
68 167
108 167
128 167
134 167
5 168
24 168
30 168
37 168
41 168
76 168
84 168
124 168
130 168
134 168
149 168
161 168
164 168
15 169
26 169
49 169
51 169
88 169
90 169
99 169
110 169
119 169
132 169
139 169
159 169
2 170
20 170
40 170
49 170
50 170
78 170
79 170
92 170
100 170
109 170
116 170
123 170
135 170
140 170
147 170
149 170
153 170
163 170
166 170
13 171
41 171
61 171
91 171
97 171
98 171
99 171
103 171
128 171
23 172
27 172
31 172
50 172
52 172
58 172
65 172
101 172
121 172
131 172
135 172
140 172
33 173
46 173
70 173
79 173
88 173
113 173
116 173
136 173
137 173
154 173
158 173
159 173
160 173
164 173
165 173
3 174
19 174
25 174
28 174
35 174
41 174
53 174
62 174
65 174
68 174
77 174
84 174
87 174
88 174
92 174
102 174
112 174
125 174
132 174
137 174
140 174
142 174
173 174
29 175
96 175
98 175
108 175
113 175
129 175
130 175
2 176
33 176
37 176
45 176
76 176
81 176
106 176
149 176
155 176
159 176
164 176
28 177
51 177
57 177
62 177
70 177
71 177
82 177
98 177
115 177
122 177
124 177
140 177
144 177
146 177
154 177
162 177
164 177
170 177
11 178
25 178
58 178
62 178
88 178
99 178
104 178
137 178
154 178
157 178
161 178
163 178
7 179
15 179
28 179
42 179
58 179
64 179
78 179
103 179
116 179
120 179
132 179
159 179
173 179
2 180
21 180
73 180
78 180
88 180
129 180
132 180
139 180
144 180
148 180
172 180
29 181
36 181
43 181
45 181
62 181
75 181
96 181
108 181
113 181
116 181
119 181
132 181
141 181
142 181
148 181
160 181
166 181
9 182
14 182
16 182
50 182
69 182
107 182
108 182
111 182
114 182
116 182
146 182
168 182
181 182
33 183
74 183
79 183
111 183
124 183
130 183
134 183
140 183
143 183
144 183
145 183
149 183
14 184
28 184
30 184
36 184
43 184
61 184
67 184
82 184
116 184
171 184
180 184
32 185
44 185
48 185
53 185
69 185
93 185
99 185
106 185
107 185
116 185
123 185
152 185
162 185
13 186
48 186
57 186
73 186
76 186
80 186
81 186
92 186
95 186
99 186
162 186
170 186
182 186
24 187
32 187
42 187
95 187
104 187
113 187
130 187
131 187
135 187
146 187
156 187
166 187
168 187
178 187
47 188
60 188
68 188
83 188
122 188
130 188
142 188
152 188
174 188
179 188
185 188
75 189
113 189
114 189
120 189
124 189
1 190
20 190
23 190
35 190
40 190
45 190
68 190
82 190
120 190
127 190
138 190
165 190
168 190
170 190
0 191
7 191
10 191
28 191
37 191
71 191
80 191
101 191
105 191
145 191
166 191
1 192
11 192
24 192
35 192
39 192
51 192
55 192
79 192
109 192
112 192
114 192
141 192
146 192
152 192
176 192
177 192
181 192
20 193
39 193
84 193
92 193
109 193
123 193
125 193
126 193
158 193
5 194
9 194
15 194
44 194
60 194
68 194
77 194
94 194
95 194
117 194
142 194
151 194
158 194
177 194
0 195
7 195
18 195
21 195
58 195
65 195
66 195
72 195
111 195
126 195
154 195
156 195
175 195
180 195
190 195
9 196
12 196
13 196
44 196
60 196
70 196
74 196
78 196
83 196
92 196
168 196
170 196
173 196
189 196
190 196
8 197
14 197
31 197
35 197
39 197
43 197
45 197
47 197
51 197
76 197
78 197
100 197
119 197
131 197
163 197
167 197
169 197
179 197
185 197
195 197
12 198
25 198
49 198
50 198
62 198
64 198
71 198
81 198
100 198
123 198
125 198
127 198
131 198
157 198
179 198
190 198
197 198
4 199
18 199
32 199
55 199
74 199
80 199
93 199
116 199
118 199
123 199
136 199
138 199
152 199
158 199
161 199
170 199
195 199
10 200
20 200
31 200
46 200
52 200
62 200
79 200
82 200
85 200
104 200
140 200
149 200
155 200
156 200
162 200
167 200
170 200
172 200
8 201
10 201
17 201
58 201
67 201
74 201
77 201
83 201
104 201
183 201
10 202
14 202
16 202
54 202
83 202
86 202
127 202
138 202
139 202
144 202
171 202
189 202
194 202
4 203
41 203
43 203
67 203
76 203
101 203
123 203
150 203
167 203
179 203
186 203
15 204
30 204
55 204
100 204
102 204
115 204
125 204
130 204
133 204
134 204
179 204
182 204
194 204
197 204
200 204
14 205
15 205
17 205
28 205
29 205
32 205
67 205
68 205
70 205
86 205
89 205
122 205
141 205
150 205
176 205
183 205
186 205
3 206
14 206
26 206
28 206
34 206
49 206
63 206
65 206
89 206
100 206
108 206
123 206
129 206
162 206
171 206
16 207
17 207
22 207
25 207
26 207
53 207
70 207
98 207
100 207
115 207
118 207
132 207
170 207
192 207
4 208
6 208
12 208
14 208
33 208
66 208
79 208
103 208
107 208
122 208
126 208
138 208
144 208
156 208
162 208
167 208
184 208
11 209
25 209
32 209
34 209
42 209
51 209
96 209
105 209
107 209
110 209
117 209
123 209
125 209
128 209
133 209
137 209
159 209
168 209
175 209
182 209
186 209
192 209
208 209
2 210
13 210
17 210
20 210
30 210
62 210
72 210
83 210
86 210
95 210
105 210
107 210
130 210
132 210
147 210
148 210
153 210
162 210
187 210
191 210
198 210
203 210
11 211
21 211
24 211
30 211
40 211
62 211
97 211
99 211
143 211
166 211
174 211
176 211
182 211
184 211
197 211
201 211
18 212
21 212
26 212
56 212
75 212
89 212
91 212
106 212
118 212
143 212
145 212
150 212
174 212
185 212
186 212
187 212
200 212
5 213
8 213
16 213
39 213
49 213
56 213
60 213
61 213
62 213
63 213
64 213
77 213
85 213
94 213
113 213
138 213
139 213
143 213
151 213
162 213
165 213
169 213
170 213
192 213
33 214
45 214
47 214
58 214
62 214
88 214
94 214
102 214
105 214
111 214
125 214
131 214
141 214
159 214
160 214
185 214
23 215
36 215
37 215
41 215
43 215
45 215
55 215
74 215
90 215
112 215
115 215
157 215
158 215
161 215
166 215
171 215
174 215
201 215
204 215
206 215
212 215
4 216
43 216
47 216
49 216
58 216
64 216
74 216
76 216
90 216
97 216
108 216
110 216
118 216
123 216
125 216
127 216
141 216
169 216
43 217
47 217
49 217
63 217
71 217
104 217
109 217
136 217
143 217
158 217
173 217
174 217
187 217
193 217
7 218
32 218
95 218
107 218
138 218
152 218
170 218
187 218
191 218
199 218
40 219
51 219
98 219
113 219
121 219
148 219
157 219
4 220
9 220
26 220
28 220
39 220
53 220
60 220
65 220
84 220
90 220
91 220
92 220
102 220
132 220
181 220
192 220
209 220
218 220
15 221
27 221
43 221
54 221
67 221
68 221
72 221
77 221
88 221
97 221
98 221
127 221
141 221
144 221
146 221
158 221
167 221
180 221
186 221
200 221
208 221
209 221
210 221
213 221
11 222
13 222
17 222
27 222
46 222
48 222
61 222
63 222
70 222
94 222
108 222
120 222
122 222
124 222
146 222
162 222
164 222
196 222
15 223
19 223
20 223
40 223
49 223
60 223
63 223
75 223
77 223
96 223
179 223
0 224
5 224
31 224
33 224
44 224
65 224
72 224
73 224
88 224
109 224
134 224
173 224
184 224
187 224
188 224
208 224
211 224
22 225
46 225
48 225
56 225
76 225
81 225
86 225
87 225
118 225
123 225
124 225
132 225
139 225
149 225
157 225
158 225
159 225
174 225
190 225
211 225
212 225
217 225
18 226
24 226
33 226
43 226
75 226
95 226
103 226
112 226
115 226
138 226
148 226
150 226
158 226
163 226
164 226
171 226
184 226
185 226
206 226
218 226
220 226
43 227
48 227
78 227
79 227
107 227
109 227
116 227
118 227
144 227
154 227
163 227
177 227
202 227
26 228
47 228
82 228
89 228
105 228
112 228
118 228
129 228
141 228
162 228
165 228
168 228
177 228
203 228
1 229
21 229
49 229
57 229
72 229
82 229
91 229
111 229
116 229
158 229
213 229
225 229
0 230
6 230
7 230
21 230
30 230
33 230
37 230
43 230
48 230
55 230
65 230
78 230
90 230
93 230
95 230
98 230
100 230
121 230
124 230
178 230
206 230
221 230
225 230
41 231
54 231
72 231
76 231
87 231
90 231
113 231
125 231
139 231
141 231
155 231
159 231
161 231
3 232
14 232
33 232
58 232
80 232
89 232
108 232
137 232
140 232
141 232
149 232
181 232
184 232
187 232
189 232
194 232
205 232
212 232
220 232
3 233
10 233
43 233
46 233
77 233
81 233
87 233
102 233
152 233
157 233
170 233
178 233
190 233
191 233
197 233
202 233
222 233
225 233
226 233
2 234
6 234
10 234
17 234
23 234
58 234
66 234
70 234
86 234
89 234
97 234
122 234
142 234
168 234
170 234
171 234
177 234
189 234
212 234
214 234
219 234
227 234
28 235
37 235
42 235
47 235
55 235
64 235
66 235
91 235
114 235
140 235
145 235
146 235
158 235
184 235
9 236
12 236
19 236
32 236
42 236
52 236
82 236
93 236
98 236
148 236
151 236
171 236
175 236
191 236
200 236
201 236
216 236
235 236
7 237
12 237
14 237
51 237
60 237
62 237
83 237
115 237
127 237
159 237
171 237
183 237
186 237
190 237
195 237
200 237
220 237
223 237
234 237
11 238
23 238
47 238
74 238
76 238
84 238
99 238
135 238
141 238
147 238
171 238
192 238
205 238
216 238
222 238
225 238
227 238
237 238
32 239
44 239
53 239
57 239
59 239
61 239
98 239
106 239
119 239
121 239
146 239
164 239
166 239
175 239
199 239
204 239
211 239
218 239
232 239
6 240
35 240
44 240
53 240
61 240
66 240
67 240
73 240
91 240
122 240
127 240
174 240
187 240
210 240
218 240
220 240
234 240
17 241
33 241
48 241
50 241
71 241
122 241
141 241
147 241
161 241
163 241
178 241
182 241
186 241
220 241
224 241
232 241
4 242
38 242
41 242
72 242
73 242
89 242
113 242
117 242
120 242
144 242
156 242
165 242
185 242
202 242
206 242
210 242
211 242
21 243
28 243
31 243
42 243
81 243
84 243
86 243
87 243
91 243
102 243
105 243
107 243
108 243
142 243
178 243
194 243
206 243
208 243
220 243
234 243
235 243
239 243
14 244
30 244
41 244
45 244
58 244
70 244
80 244
95 244
101 244
107 244
114 244
123 244
127 244
143 244
144 244
148 244
152 244
158 244
175 244
196 244
215 244
221 244
241 244
3 245
19 245
30 245
40 245
51 245
54 245
86 245
93 245
103 245
107 245
114 245
117 245
124 245
127 245
132 245
133 245
140 245
159 245
171 245
186 245
191 245
206 245
214 245
235 245
32 246
73 246
75 246
76 246
105 246
118 246
132 246
134 246
139 246
162 246
171 246
174 246
177 246
207 246
219 246
225 246
230 246
26 247
34 247
48 247
49 247
90 247
107 247
112 247
122 247
136 247
141 247
209 247
224 247
230 247
238 247
6 248
13 248
38 248
46 248
62 248
101 248
105 248
106 248
109 248
160 248
162 248
175 248
187 248
194 248
196 248
208 248
226 248
246 248
10 249
30 249
42 249
52 249
55 249
60 249
61 249
69 249
70 249
86 249
92 249
129 249
134 249
143 249
158 249
162 249
166 249
183 249
203 249
221 249
226 249
229 249
236 249
240 249
244 249
247 249
11 250
18 250
22 250
23 250
40 250
49 250
70 250
105 250
108 250
151 250
152 250
167 250
169 250
186 250
189 250
192 250
213 250
240 250
2 251
12 251
22 251
31 251
59 251
64 251
83 251
104 251
113 251
120 251
125 251
146 251
151 251
167 251
227 251
233 251
10 252
11 252
12 252
14 252
18 252
47 252
67 252
73 252
79 252
80 252
91 252
92 252
93 252
107 252
128 252
136 252
143 252
152 252
159 252
174 252
185 252
189 252
198 252
202 252
220 252
0 253
2 253
7 253
18 253
20 253
26 253
29 253
34 253
50 253
54 253
76 253
77 253
81 253
100 253
107 253
115 253
135 253
153 253
156 253
175 253
182 253
188 253
190 253
198 253
228 253
235 253
239 253
1 254
18 254
41 254
55 254
81 254
89 254
95 254
108 254
110 254
114 254
127 254
140 254
151 254
159 254
165 254
182 254
184 254
187 254
198 254
230 254
231 254
234 254
244 254
0 255
27 255
29 255
33 255
48 255
66 255
101 255
102 255
123 255
125 255
129 255
130 255
141 255
152 255
174 255
183 255
185 255
188 255
192 255
212 255
217 255
230 255
240 255
2 256
31 256
34 256
59 256
76 256
83 256
113 256
121 256
138 256
150 256
169 256
176 256
195 256
249 256
252 256
1 257
6 257
15 257
16 257
25 257
30 257
40 257
90 257
111 257
121 257
131 257
143 257
147 257
152 257
177 257
192 257
215 257
217 257
218 257
255 257
256 257
0 258
5 258
8 258
83 258
92 258
103 258
117 258
128 258
139 258
151 258
192 258
204 258
205 258
229 258
246 258
249 258
16 259
71 259
73 259
80 259
84 259
96 259
108 259
117 259
123 259
125 259
126 259
136 259
186 259
194 259
204 259
226 259
233 259
247 259
4 260
19 260
39 260
62 260
64 260
86 260
90 260
122 260
128 260
156 260
209 260
214 260
221 260
233 260
242 260
18 261
28 261
38 261
50 261
59 261
70 261
75 261
91 261
114 261
135 261
141 261
148 261
152 261
156 261
185 261
189 261
195 261
201 261
212 261
243 261
253 261
2 262
18 262
51 262
71 262
86 262
89 262
95 262
98 262
109 262
118 262
121 262
143 262
145 262
152 262
153 262
221 262
234 262
241 262
259 262
6 263
11 263
48 263
61 263
69 263
76 263
95 263
99 263
124 263
128 263
135 263
164 263
190 263
192 263
200 263
209 263
241 263
242 263
243 263
255 263
261 263
2 264
13 264
52 264
53 264
66 264
76 264
96 264
105 264
114 264
146 264
172 264
205 264
214 264
220 264
221 264
242 264
247 264
259 264
2 265
33 265
38 265
68 265
78 265
87 265
88 265
104 265
129 265
153 265
159 265
165 265
170 265
176 265
180 265
190 265
201 265
202 265
221 265
235 265
242 265
248 265
250 265
263 265
7 266
14 266
18 266
27 266
30 266
45 266
48 266
57 266
68 266
73 266
82 266
108 266
129 266
131 266
132 266
193 266
199 266
203 266
221 266
224 266
234 266
245 266
249 266
2 267
3 267
8 267
26 267
48 267
49 267
66 267
69 267
80 267
83 267
92 267
98 267
109 267
112 267
147 267
158 267
164 267
165 267
168 267
172 267
191 267
203 267
210 267
228 267
264 267
12 268
22 268
41 268
47 268
84 268
97 268
98 268
109 268
110 268
114 268
141 268
145 268
153 268
189 268
195 268
196 268
204 268
205 268
239 268
244 268
249 268
256 268
7 269
9 269
10 269
20 269
35 269
40 269
54 269
62 269
63 269
66 269
73 269
122 269
123 269
147 269
149 269
150 269
153 269
154 269
191 269
192 269
194 269
196 269
197 269
217 269
220 269
222 269
25 270
26 270
30 270
42 270
51 270
76 270
80 270
87 270
107 270
113 270
140 270
145 270
160 270
161 270
184 270
186 270
190 270
202 270
225 270
255 270
25 271
26 271
67 271
70 271
72 271
73 271
93 271
95 271
99 271
113 271
124 271
146 271
154 271
155 271
160 271
162 271
163 271
174 271
207 271
216 271
224 271
241 271
244 271
265 271
267 271
10 272
14 272
16 272
43 272
68 272
71 272
87 272
125 272
145 272
146 272
166 272
179 272
183 272
193 272
222 272
223 272
243 272
251 272
6 273
13 273
17 273
63 273
72 273
95 273
101 273
156 273
160 273
165 273
189 273
224 273
234 273
16 274
22 274
35 274
65 274
101 274
110 274
122 274
130 274
131 274
154 274
160 274
162 274
177 274
185 274
191 274
196 274
217 274
220 274
234 274
236 274
261 274
269 274
273 274
29 275
77 275
84 275
86 275
101 275
102 275
125 275
143 275
147 275
160 275
166 275
180 275
190 275
195 275
199 275
212 275
228 275
242 275
248 275
251 275
253 275
13 276
39 276
43 276
55 276
92 276
110 276
120 276
139 276
144 276
166 276
184 276
199 276
221 276
239 276
240 276
246 276
262 276
272 276
2 277
29 277
35 277
54 277
72 277
111 277
113 277
136 277
165 277
167 277
177 277
183 277
193 277
219 277
220 277
228 277
235 277
239 277
270 277
271 277
17 278
30 278
39 278
44 278
48 278
71 278
81 278
91 278
93 278
98 278
100 278
110 278
132 278
149 278
183 278
193 278
212 278
227 278
228 278
235 278
237 278
247 278
250 278
270 278
277 278
6 279
24 279
48 279
67 279
109 279
117 279
125 279
131 279
142 279
143 279
146 279
174 279
185 279
189 279
194 279
200 279
235 279
240 279
241 279
270 279
11 280
23 280
26 280
50 280
58 280
73 280
79 280
89 280
90 280
92 280
107 280
126 280
169 280
202 280
247 280
257 280
275 280
17 281
29 281
31 281
33 281
44 281
46 281
69 281
73 281
97 281
104 281
105 281
117 281
128 281
132 281
138 281
139 281
145 281
184 281
190 281
195 281
201 281
225 281
228 281
230 281
239 281
244 281
249 281
271 281
274 281
280 281
13 282
39 282
69 282
71 282
72 282
74 282
101 282
124 282
147 282
172 282
173 282
183 282
189 282
193 282
207 282
215 282
220 282
232 282
250 282
251 282
11 283
22 283
24 283
27 283
70 283
78 283
82 283
108 283
121 283
150 283
158 283
175 283
192 283
220 283
272 283
24 284
31 284
34 284
55 284
67 284
81 284
90 284
96 284
113 284
120 284
129 284
130 284
154 284
168 284
195 284
213 284
228 284
243 284
25 285
77 285
129 285
176 285
178 285
188 285
201 285
217 285
218 285
284 285
11 286
13 286
30 286
32 286
56 286
66 286
81 286
85 286
109 286
123 286
132 286
156 286
169 286
180 286
192 286
232 286
268 286
5 287
22 287
68 287
70 287
72 287
82 287
121 287
138 287
144 287
147 287
153 287
216 287
230 287
280 287
12 288
18 288
23 288
27 288
37 288
46 288
66 288
67 288
75 288
88 288
100 288
134 288
141 288
162 288
176 288
181 288
201 288
205 288
212 288
247 288
273 288
0 289
15 289
27 289
38 289
46 289
58 289
59 289
66 289
125 289
129 289
141 289
151 289
175 289
178 289
196 289
212 289
216 289
226 289
231 289
232 289
243 289
252 289
268 289
275 289
12 290
14 290
32 290
37 290
39 290
42 290
57 290
91 290
118 290
131 290
150 290
151 290
188 290
193 290
197 290
217 290
229 290
236 290
241 290
251 290
257 290
271 290
273 290
276 290
285 290
0 291
13 291
53 291
62 291
79 291
90 291
119 291
184 291
185 291
188 291
210 291
211 291
221 291
228 291
238 291
269 291
270 291
279 291
286 291
287 291
8 292
10 292
48 292
55 292
68 292
91 292
97 292
99 292
117 292
147 292
154 292
155 292
170 292
183 292
186 292
221 292
284 292
290 292
3 293
16 293
18 293
36 293
37 293
48 293
67 293
77 293
92 293
94 293
127 293
133 293
134 293
147 293
149 293
182 293
188 293
205 293
218 293
230 293
253 293
257 293
259 293
262 293
264 293
275 293
283 293
35 294
53 294
89 294
95 294
102 294
116 294
118 294
119 294
127 294
134 294
137 294
145 294
168 294
207 294
210 294
214 294
216 294
234 294
236 294
263 294
275 294
283 294
12 295
18 295
26 295
33 295
38 295
75 295
80 295
113 295
117 295
132 295
175 295
239 295
242 295
253 295
257 295
259 295
273 295
5 296
21 296
31 296
48 296
63 296
75 296
78 296
93 296
98 296
166 296
168 296
202 296
228 296
250 296
261 296
21 297
37 297
41 297
55 297
57 297
65 297
79 297
80 297
86 297
93 297
107 297
115 297
116 297
130 297
136 297
153 297
158 297
159 297
169 297
183 297
191 297
213 297
220 297
227 297
232 297
235 297
278 297
279 297
291 297
292 297
296 297
0 298
12 298
16 298
60 298
63 298
82 298
91 298
97 298
113 298
134 298
145 298
180 298
182 298
214 298
231 298
242 298
290 298
1 299
8 299
13 299
18 299
36 299
43 299
50 299
51 299
67 299
75 299
77 299
118 299
128 299
131 299
185 299
190 299
200 299
210 299
215 299
272 299
284 299
290 299
