300 8232 5
7 6 3 6 7 6 6 6 6 7 3 6 5 4 5 4 5 6 6 5 6 5 7 5 4 5 4 6 5 5 5 5 6 6 4 6 4 6 6 5 6 3 7 4 6 7 6 5 4 6 6 7 5 6 5 5 7 5 5 9 6 8 6 8 7 4 6 5 5 5 6 6 6 7 5 6 7 6 5 5 6 5 5 4 4 5 6 6 7 5 5 6 7 4 6 5 6 5 5 5 5 6 5 6 5 7 4 6 4 5 7 7 4 9 5 7 4 6 4 4 7 8 5 4 5 5 5 5 3 4 5 5 4 7 4 5 5 5 5 3 6 5 4 7 6 5 6 6 4 7 5 5 6 4 3 5 4 6 3 8 7 5 7 6 5 5 6 5 6 6 7 5 6 6 6 7 4 6 5 6 3 7 6 5 6 5 3 7 5 5 6 4 4 5 5 5 3 6 5 6 6 5 6 4 8 5 7 5 5 4 6 6 4 6 5 6 6 5 6 6 5 5 5 5 5 5 6 7 7 5 6 6 6 4 6 7 5 7 7 7 7 5 7 6 8 4 6 5 7 5 6 6 6 7 6 7 6 4 6 4 6 4 5 5 6 6 6 6 7 6 3 4 7 4 5 5 6 5 7 5 4 6 8 6 8 7 4 6 5 5 6 5 6 6 6 6 5 5 6 5
0 3
1 3
1 4
6 9
7 9
8 9
4 10
7 12
10 13
3 14
6 14
9 14
13 14
6 15
9 15
11 15
14 15
7 17
8 18
12 18
14 18
3 19
4 19
6 19
0 20
1 20
4 20
13 20
15 20
5 21
12 21
14 21
17 21
2 22
12 22
13 22
16 22
21 22
1 23
5 23
6 23
5 24
6 24
7 24
9 24
12 24
17 24
3 25
4 25
8 25
14 25
22 25
3 26
5 26
7 26
24 26
1 27
8 27
10 27
11 27
13 27
16 27
26 27
3 28
4 28
12 28
19 28
20 28
24 28
1 29
12 29
20 29
21 29
28 29
7 30
14 30
26 30
5 31
6 31
9 31
12 31
16 31
18 31
19 31
20 31
28 31
7 32
8 32
13 32
24 32
26 32
2 33
6 33
10 33
12 33
20 33
28 33
1 34
8 34
10 34
31 34
33 34
0 35
3 35
4 35
7 35
13 35
26 35
29 35
1 36
4 36
7 36
18 36
22 36
23 36
0 37
6 37
7 37
19 37
21 37
24 37
26 37
30 37
31 37
34 37
35 37
2 38
16 38
21 38
23 38
28 38
31 38
33 38
37 38
2 39
11 39
17 39
20 39
28 39
4 40
6 40
20 40
21 40
25 40
29 40
32 40
36 40
3 41
10 41
12 41
14 41
20 41
23 41
32 41
40 41
0 42
1 42
3 42
13 42
16 42
18 42
40 42
0 43
22 43
31 43
6 44
9 44
17 44
31 44
39 44
43 44
3 45
8 45
10 45
12 45
13 45
17 45
31 45
32 45
36 45
38 45
41 45
44 45
6 46
8 46
11 46
21 46
24 46
27 46
32 46
40 46
44 46
45 46
5 47
8 47
10 47
14 47
18 47
19 47
20 47
23 47
31 47
33 47
11 48
13 48
24 48
26 48
30 48
42 48
0 49
3 49
4 49
7 49
10 49
11 49
15 49
18 49
26 49
27 49
36 49
37 49
3 50
6 50
21 50
26 50
28 50
42 50
44 50
47 50
49 50
5 51
6 51
26 51
29 51
38 51
40 51
41 51
3 52
12 52
15 52
18 52
25 52
28 52
30 52
31 52
40 52
48 52
3 53
9 53
17 53
18 53
21 53
32 53
33 53
39 53
44 53
51 53
6 54
8 54
14 54
15 54
23 54
27 54
28 54
30 54
2 55
10 55
11 55
13 55
19 55
40 55
41 55
3 56
7 56
11 56
19 56
20 56
24 56
25 56
27 56
28 56
34 56
35 56
44 56
47 56
48 56
50 56
8 57
11 57
17 57
18 57
29 57
37 57
43 57
50 57
54 57
56 57
8 58
17 58
26 58
46 58
47 58
49 58
52 58
1 59
3 59
4 59
13 59
15 59
16 59
18 59
20 59
21 59
25 59
30 59
31 59
33 59
36 59
40 59
44 59
45 59
58 59
1 60
6 60
16 60
17 60
22 60
29 60
38 60
42 60
51 60
54 60
57 60
7 61
22 61
26 61
32 61
33 61
38 61
40 61
41 61
0 62
12 62
22 62
23 62
24 62
25 62
26 62
28 62
34 62
41 62
43 62
50 62
54 62
60 62
0 63
3 63
4 63
11 63
13 63
20 63
21 63
30 63
37 63
40 63
43 63
48 63
52 63
55 63
57 63
1 64
3 64
8 64
9 64
14 64
21 64
24 64
40 64
41 64
42 64
44 64
54 64
56 64
60 64
62 64
3 65
7 65
36 65
38 65
39 65
42 65
45 65
47 65
54 65
55 65
56 65
57 65
63 65
0 66
1 66
4 66
15 66
19 66
21 66
24 66
36 66
44 66
49 66
58 66
60 66
64 66
0 67
2 67
14 67
18 67
34 67
44 67
47 67
48 67
50 67
56 67
59 67
2 68
9 68
11 68
17 68
20 68
25 68
27 68
33 68
39 68
45 68
48 68
54 68
56 68
60 68
67 68
4 69
14 69
20 69
26 69
29 69
33 69
39 69
42 69
47 69
49 69
50 69
53 69
61 69
64 69
65 69
14 70
25 70
26 70
52 70
58 70
61 70
67 70
0 71
7 71
9 71
14 71
20 71
31 71
34 71
41 71
46 71
63 71
66 71
67 71
68 71
6 72
7 72
10 72
25 72
26 72
28 72
45 72
53 72
54 72
55 72
67 72
68 72
0 73
1 73
3 73
8 73
17 73
19 73
21 73
24 73
26 73
33 73
34 73
39 73
44 73
53 73
54 73
57 73
70 73
4 74
13 74
15 74
19 74
22 74
23 74
26 74
34 74
35 74
37 74
39 74
43 74
48 74
53 74
58 74
59 74
61 74
3 75
26 75
27 75
30 75
41 75
42 75
47 75
51 75
52 75
59 75
63 75
64 75
68 75
73 75
7 76
9 76
13 76
18 76
30 76
31 76
44 76
48 76
55 76
58 76
61 76
7 77
9 77
13 77
16 77
21 77
25 77
37 77
40 77
44 77
48 77
51 77
55 77
56 77
65 77
66 77
4 78
7 78
16 78
17 78
18 78
23 78
24 78
27 78
29 78
33 78
40 78
42 78
43 78
44 78
50 78
51 78
54 78
55 78
76 78
21 79
23 79
24 79
25 79
26 79
41 79
43 79
48 79
50 79
52 79
66 79
69 79
74 79
78 79
4 80
8 80
17 80
22 80
43 80
47 80
49 80
52 80
53 80
63 80
76 80
6 81
11 81
12 81
15 81
19 81
22 81
23 81
24 81
25 81
28 81
29 81
32 81
40 81
45 81
50 81
51 81
57 81
65 81
69 81
75 81
10 82
13 82
23 82
25 82
34 82
38 82
39 82
41 82
44 82
47 82
58 82
69 82
9 83
10 83
11 83
13 83
16 83
20 83
29 83
30 83
40 83
45 83
50 83
55 83
65 83
72 83
74 83
77 83
79 83
80 83
2 84
14 84
41 84
48 84
52 84
60 84
63 84
71 84
83 84
1 85
4 85
7 85
37 85
47 85
49 85
55 85
64 85
66 85
68 85
77 85
79 85
5 86
7 86
9 86
11 86
16 86
17 86
30 86
34 86
38 86
40 86
52 86
62 86
63 86
65 86
70 86
71 86
78 86
83 86
0 87
2 87
7 87
12 87
22 87
25 87
39 87
50 87
51 87
52 87
61 87
65 87
68 87
78 87
86 87
7 88
20 88
21 88
35 88
42 88
44 88
47 88
48 88
58 88
67 88
71 88
76 88
4 89
5 89
10 89
24 89
30 89
34 89
37 89
50 89
57 89
61 89
65 89
66 89
73 89
76 89
85 89
5 90
9 90
14 90
18 90
40 90
42 90
58 90
61 90
71 90
74 90
78 90
81 90
86 90
1 91
7 91
8 91
9 91
10 91
26 91
32 91
37 91
43 91
46 91
49 91
52 91
54 91
55 91
61 91
62 91
65 91
67 91
68 91
70 91
71 91
75 91
81 91
5 92
16 92
17 92
29 92
33 92
41 92
42 92
45 92
50 92
52 92
58 92
68 92
77 92
78 92
84 92
87 92
1 93
2 93
5 93
9 93
12 93
13 93
19 93
25 93
26 93
29 93
49 93
56 93
65 93
68 93
69 93
80 93
85 93
86 93
87 93
1 94
10 94
16 94
29 94
35 94
46 94
48 94
49 94
59 94
63 94
68 94
80 94
87 94
88 94
91 94
92 94
6 95
9 95
12 95
14 95
16 95
53 95
54 95
61 95
73 95
79 95
91 95
5 96
17 96
24 96
28 96
34 96
36 96
44 96
45 96
62 96
63 96
81 96
1 97
8 97
13 97
15 97
28 97
33 97
47 97
51 97
53 97
64 97
65 97
68 97
70 97
76 97
79 97
87 97
90 97
7 98
9 98
14 98
18 98
23 98
24 98
27 98
30 98
32 98
34 98
36 98
40 98
43 98
45 98
54 98
59 98
63 98
73 98
76 98
79 98
81 98
87 98
89 98
5 99
6 99
10 99
12 99
15 99
20 99
22 99
23 99
27 99
29 99
31 99
34 99
40 99
52 99
54 99
60 99
61 99
68 99
72 99
77 99
81 99
84 99
94 99
0 100
3 100
8 100
11 100
20 100
23 100
26 100
27 100
28 100
33 100
37 100
45 100
46 100
47 100
50 100
54 100
70 100
86 100
87 100
92 100
96 100
97 100
99 100
0 101
3 101
17 101
19 101
22 101
26 101
42 101
46 101
47 101
49 101
64 101
70 101
71 101
74 101
75 101
78 101
82 101
85 101
88 101
95 101
1 102
5 102
16 102
19 102
20 102
21 102
30 102
41 102
43 102
44 102
47 102
50 102
53 102
54 102
55 102
62 102
67 102
70 102
83 102
91 102
92 102
95 102
2 103
4 103
6 103
20 103
23 103
25 103
27 103
28 103
33 103
39 103
46 103
50 103
52 103
54 103
64 103
66 103
76 103
79 103
80 103
83 103
85 103
88 103
94 103
99 103
100 103
2 104
5 104
11 104
22 104
28 104
41 104
42 104
46 104
51 104
52 104
57 104
61 104
70 104
73 104
78 104
86 104
88 104
89 104
100 104
102 104
8 105
11 105
16 105
40 105
41 105
72 105
82 105
88 105
95 105
98 105
103 105
0 106
6 106
13 106
14 106
17 106
19 106
21 106
30 106
36 106
49 106
50 106
51 106
52 106
55 106
57 106
62 106
67 106
79 106
80 106
89 106
99 106
101 106
102 106
0 107
10 107
16 107
19 107
30 107
31 107
32 107
34 107
35 107
37 107
41 107
42 107
49 107
51 107
56 107
58 107
61 107
70 107
73 107
77 107
83 107
91 107
93 107
94 107
100 107
2 108
4 108
6 108
7 108
12 108
38 108
43 108
46 108
49 108
54 108
56 108
65 108
75 108
82 108
84 108
86 108
89 108
90 108
93 108
96 108
98 108
99 108
101 108
102 108
107 108
4 109
14 109
15 109
16 109
17 109
18 109
20 109
21 109
22 109
23 109
25 109
29 109
32 109
45 109
47 109
49 109
54 109
55 109
60 109
67 109
70 109
71 109
75 109
78 109
81 109
86 109
13 110
23 110
27 110
47 110
49 110
51 110
63 110
71 110
72 110
74 110
80 110
82 110
107 110
0 111
3 111
5 111
6 111
17 111
19 111
22 111
25 111
28 111
46 111
58 111
59 111
61 111
75 111
77 111
78 111
82 111
83 111
85 111
91 111
99 111
103 111
4 112
17 112
20 112
24 112
33 112
43 112
47 112
49 112
51 112
60 112
64 112
65 112
71 112
74 112
77 112
86 112
98 112
103 112
110 112
2 113
17 113
19 113
27 113
28 113
33 113
34 113
35 113
38 113
40 113
46 113
53 113
64 113
65 113
78 113
79 113
83 113
85 113
86 113
89 113
90 113
94 113
106 113
111 113
4 114
6 114
8 114
12 114
15 114
26 114
27 114
33 114
35 114
43 114
45 114
52 114
67 114
73 114
74 114
75 114
76 114
77 114
79 114
83 114
85 114
86 114
94 114
104 114
110 114
3 115
8 115
9 115
16 115
24 115
30 115
32 115
37 115
40 115
44 115
45 115
50 115
52 115
58 115
60 115
69 115
70 115
71 115
74 115
88 115
98 115
99 115
108 115
113 115
1 116
5 116
6 116
10 116
11 116
17 116
23 116
26 116
28 116
34 116
36 116
42 116
47 116
55 116
64 116
65 116
66 116
68 116
74 116
79 116
82 116
85 116
90 116
92 116
94 116
107 116
109 116
110 116
112 116
114 116
0 117
1 117
6 117
10 117
15 117
19 117
25 117
27 117
31 117
33 117
41 117
53 117
56 117
59 117
60 117
63 117
66 117
69 117
73 117
78 117
82 117
83 117
93 117
101 117
103 117
105 117
113 117
3 118
9 118
11 118
12 118
28 118
49 118
63 118
77 118
79 118
81 118
82 118
84 118
91 118
92 118
98 118
102 118
109 118
111 118
2 119
22 119
23 119
24 119
25 119
30 119
32 119
34 119
45 119
50 119
51 119
65 119
66 119
67 119
71 119
89 119
97 119
98 119
100 119
102 119
105 119
109 119
111 119
0 120
5 120
8 120
9 120
18 120
20 120
43 120
51 120
60 120
65 120
66 120
71 120
77 120
80 120
81 120
82 120
87 120
94 120
12 121
17 121
18 121
20 121
21 121
22 121
33 121
34 121
39 121
42 121
48 121
55 121
56 121
63 121
64 121
69 121
72 121
80 121
81 121
82 121
84 121
92 121
97 121
102 121
103 121
1 122
4 122
18 122
27 122
28 122
29 122
35 122
36 122
37 122
39 122
41 122
47 122
49 122
51 122
59 122
68 122
70 122
93 122
95 122
96 122
102 122
120 122
1 123
3 123
10 123
16 123
17 123
28 123
35 123
36 123
37 123
42 123
46 123
47 123
49 123
53 123
62 123
65 123
74 123
87 123
96 123
97 123
99 123
105 123
106 123
107 123
109 123
112 123
114 123
117 123
121 123
0 124
12 124
15 124
20 124
24 124
36 124
40 124
45 124
50 124
52 124
57 124
59 124
73 124
76 124
78 124
90 124
100 124
106 124
107 124
111 124
115 124
117 124
118 124
119 124
122 124
0 125
2 125
3 125
6 125
11 125
27 125
28 125
33 125
37 125
40 125
42 125
49 125
59 125
64 125
66 125
69 125
81 125
82 125
86 125
87 125
88 125
91 125
100 125
106 125
5 126
8 126
11 126
24 126
29 126
31 126
32 126
36 126
65 126
70 126
74 126
81 126
83 126
86 126
102 126
106 126
112 126
115 126
119 126
121 126
11 127
12 127
28 127
43 127
49 127
52 127
59 127
74 127
77 127
80 127
81 127
84 127
87 127
92 127
104 127
105 127
110 127
116 127
118 127
123 127
125 127
126 127
1 128
10 128
17 128
18 128
29 128
31 128
39 128
40 128
41 128
46 128
56 128
58 128
72 128
74 128
76 128
84 128
85 128
86 128
92 128
103 128
107 128
120 128
121 128
127 128
0 129
21 129
22 129
26 129
29 129
37 129
60 129
61 129
80 129
82 129
89 129
90 129
91 129
93 129
94 129
98 129
101 129
109 129
121 129
1 130
6 130
20 130
25 130
36 130
40 130
45 130
46 130
48 130
51 130
81 130
85 130
88 130
89 130
94 130
98 130
104 130
105 130
112 130
114 130
115 130
117 130
121 130
6 131
11 131
13 131
16 131
17 131
19 131
20 131
26 131
32 131
33 131
34 131
36 131
43 131
46 131
60 131
65 131
67 131
68 131
83 131
84 131
86 131
94 131
97 131
104 131
109 131
111 131
123 131
0 132
4 132
6 132
16 132
26 132
27 132
33 132
35 132
38 132
42 132
44 132
54 132
61 132
64 132
72 132
86 132
89 132
97 132
104 132
105 132
110 132
111 132
114 132
5 133
9 133
13 133
15 133
18 133
20 133
23 133
29 133
34 133
43 133
44 133
50 133
59 133
60 133
70 133
71 133
78 133
86 133
96 133
102 133
104 133
105 133
107 133
108 133
110 133
115 133
116 133
118 133
1 134
5 134
9 134
10 134
16 134
23 134
28 134
35 134
36 134
37 134
42 134
45 134
50 134
54 134
55 134
56 134
57 134
58 134
60 134
62 134
81 134
84 134
100 134
103 134
105 134
112 134
114 134
118 134
127 134
130 134
0 135
3 135
6 135
10 135
13 135
22 135
27 135
29 135
33 135
39 135
41 135
43 135
44 135
48 135
57 135
60 135
63 135
92 135
101 135
102 135
106 135
112 135
116 135
119 135
123 135
129 135
133 135
2 136
7 136
12 136
18 136
31 136
33 136
50 136
52 136
56 136
69 136
73 136
75 136
76 136
79 136
81 136
91 136
92 136
96 136
98 136
99 136
104 136
108 136
109 136
115 136
122 136
126 136
128 136
130 136
133 136
135 136
4 137
22 137
27 137
36 137
37 137
40 137
50 137
52 137
58 137
59 137
73 137
74 137
75 137
81 137
82 137
87 137
88 137
103 137
109 137
116 137
117 137
119 137
6 138
11 138
12 138
30 138
40 138
43 138
46 138
48 138
52 138
57 138
61 138
68 138
69 138
72 138
76 138
77 138
78 138
84 138
88 138
89 138
101 138
103 138
113 138
121 138
122 138
125 138
132 138
1 139
3 139
18 139
32 139
36 139
39 139
40 139
51 139
57 139
58 139
61 139
85 139
89 139
104 139
107 139
120 139
123 139
130 139
2 140
5 140
14 140
23 140
29 140
35 140
37 140
43 140
51 140
53 140
54 140
56 140
57 140
59 140
61 140
67 140
76 140
82 140
85 140
86 140
87 140
89 140
96 140
98 140
100 140
104 140
119 140
126 140
127 140
134 140
0 141
5 141
8 141
17 141
19 141
21 141
25 141
27 141
35 141
38 141
39 141
42 141
49 141
52 141
57 141
59 141
61 141
65 141
66 141
75 141
78 141
84 141
85 141
89 141
93 141
101 141
104 141
105 141
116 141
123 141
128 141
133 141
2 142
12 142
14 142
15 142
17 142
18 142
20 142
23 142
26 142
31 142
41 142
50 142
52 142
54 142
55 142
62 142
67 142
68 142
75 142
85 142
87 142
93 142
104 142
113 142
124 142
125 142
138 142
141 142
2 143
4 143
16 143
29 143
31 143
48 143
50 143
54 143
56 143
57 143
63 143
67 143
74 143
75 143
84 143
86 143
91 143
92 143
98 143
100 143
103 143
108 143
120 143
134 143
135 143
139 143
6 144
16 144
39 144
41 144
42 144
44 144
49 144
53 144
54 144
62 144
68 144
80 144
88 144
99 144
121 144
122 144
132 144
133 144
137 144
139 144
1 145
6 145
18 145
21 145
28 145
34 145
35 145
36 145
37 145
48 145
56 145
58 145
60 145
61 145
71 145
74 145
78 145
82 145
85 145
86 145
89 145
91 145
95 145
96 145
103 145
107 145
134 145
135 145
139 145
15 146
18 146
21 146
24 146
25 146
27 146
34 146
37 146
46 146
51 146
54 146
75 146
84 146
86 146
90 146
102 146
125 146
129 146
134 146
144 146
2 147
3 147
10 147
33 147
52 147
56 147
57 147
62 147
65 147
68 147
69 147
76 147
85 147
87 147
90 147
93 147
94 147
102 147
105 147
110 147
115 147
116 147
119 147
121 147
132 147
134 147
3 148
4 148
7 148
9 148
11 148
17 148
20 148
31 148
32 148
33 148
40 148
42 148
49 148
53 148
59 148
67 148
69 148
70 148
72 148
73 148
85 148
86 148
106 148
117 148
118 148
119 148
123 148
129 148
139 148
147 148
1 149
6 149
7 149
27 149
31 149
35 149
56 149
58 149
61 149
72 149
74 149
75 149
87 149
91 149
97 149
100 149
108 149
114 149
124 149
133 149
135 149
138 149
143 149
2 150
10 150
11 150
18 150
25 150
31 150
34 150
38 150
45 150
51 150
56 150
63 150
71 150
80 150
84 150
88 150
94 150
96 150
97 150
98 150
99 150
109 150
116 150
118 150
122 150
129 150
135 150
140 150
143 150
144 150
2 151
6 151
12 151
13 151
14 151
16 151
17 151
22 151
32 151
33 151
35 151
47 151
50 151
57 151
62 151
72 151
74 151
77 151
80 151
82 151
92 151
99 151
101 151
111 151
113 151
116 151
120 151
128 151
149 151
150 151
2 152
9 152
14 152
26 152
28 152
30 152
33 152
41 152
42 152
48 152
53 152
54 152
56 152
58 152
59 152
63 152
65 152
67 152
86 152
90 152
96 152
97 152
98 152
99 152
103 152
105 152
110 152
112 152
114 152
120 152
129 152
138 152
139 152
143 152
144 152
146 152
151 152
0 153
2 153
6 153
12 153
15 153
16 153
21 153
27 153
28 153
35 153
36 153
62 153
66 153
72 153
91 153
95 153
110 153
120 153
128 153
132 153
142 153
148 153
13 154
15 154
17 154
19 154
25 154
26 154
45 154
46 154
71 154
72 154
74 154
82 154
87 154
97 154
99 154
112 154
113 154
119 154
126 154
130 154
138 154
143 154
144 154
151 154
0 155
10 155
22 155
35 155
39 155
42 155
51 155
54 155
58 155
65 155
66 155
71 155
73 155
75 155
84 155
87 155
89 155
91 155
94 155
102 155
105 155
131 155
5 156
42 156
45 156
46 156
47 156
53 156
57 156
60 156
61 156
68 156
71 156
73 156
74 156
78 156
81 156
85 156
86 156
99 156
105 156
110 156
111 156
112 156
113 156
115 156
119 156
120 156
126 156
129 156
132 156
140 156
148 156
152 156
11 157
16 157
23 157
25 157
33 157
37 157
41 157
54 157
60 157
62 157
63 157
65 157
68 157
69 157
71 157
78 157
83 157
100 157
102 157
124 157
128 157
131 157
132 157
135 157
136 157
138 157
139 157
144 157
147 157
149 157
150 157
156 157
7 158
12 158
21 158
22 158
42 158
45 158
54 158
56 158
61 158
68 158
92 158
95 158
96 158
97 158
101 158
106 158
112 158
114 158
119 158
121 158
122 158
125 158
133 158
134 158
139 158
155 158
157 158
2 159
17 159
20 159
28 159
32 159
35 159
51 159
60 159
64 159
68 159
72 159
79 159
80 159
84 159
87 159
100 159
108 159
115 159
125 159
126 159
129 159
134 159
137 159
145 159
150 159
0 160
5 160
31 160
40 160
43 160
53 160
57 160
88 160
95 160
96 160
100 160
101 160
105 160
123 160
136 160
145 160
146 160
151 160
18 161
26 161
41 161
48 161
57 161
65 161
67 161
71 161
74 161
78 161
87 161
89 161
104 161
112 161
117 161
120 161
127 161
136 161
150 161
153 161
154 161
9 162
21 162
26 162
28 162
33 162
34 162
38 162
48 162
57 162
61 162
67 162
75 162
77 162
85 162
86 162
90 162
94 162
98 162
102 162
104 162
119 162
122 162
140 162
142 162
145 162
147 162
148 162
154 162
157 162
159 162
160 162
17 163
25 163
34 163
41 163
45 163
46 163
48 163
49 163
50 163
54 163
58 163
59 163
60 163
62 163
65 163
66 163
68 163
69 163
70 163
71 163
75 163
76 163
83 163
85 163
97 163
98 163
99 163
102 163
109 163
110 163
114 163
118 163
121 163
124 163
128 163
131 163
142 163
146 163
147 163
151 163
158 163
159 163
1 164
7 164
8 164
9 164
17 164
19 164
25 164
30 164
41 164
43 164
53 164
60 164
76 164
80 164
83 164
94 164
106 164
109 164
110 164
128 164
130 164
131 164
139 164
145 164
159 164
160 164
163 164
0 165
3 165
8 165
19 165
21 165
22 165
24 165
39 165
41 165
50 165
51 165
62 165
64 165
67 165
68 165
69 165
70 165
75 165
78 165
80 165
81 165
90 165
97 165
106 165
110 165
113 165
117 165
118 165
127 165
132 165
139 165
148 165
158 165
2 166
6 166
7 166
16 166
17 166
19 166
24 166
33 166
35 166
39 166
44 166
45 166
46 166
53 166
57 166
58 166
61 166
67 166
70 166
76 166
80 166
88 166
92 166
101 166
104 166
108 166
115 166
116 166
123 166
129 166
134 166
136 166
145 166
147 166
149 166
153 166
155 166
164 166
0 167
6 167
10 167
12 167
18 167
20 167
23 167
34 167
43 167
51 167
52 167
54 167
55 167
58 167
60 167
69 167
74 167
83 167
86 167
88 167
92 167
93 167
97 167
122 167
124 167
128 167
131 167
132 167
139 167
140 167
159 167
165 167
6 168
11 168
12 168
16 168
20 168
22 168
23 168
31 168
32 168
33 168
34 168
36 168
42 168
43 168
45 168
57 168
74 168
84 168
90 168
101 168
103 168
106 168
113 168
120 168
124 168
125 168
129 168
132 168
137 168
138 168
140 168
148 168
149 168
151 168
156 168
164 168
17 169
27 169
28 169
31 169
40 169
44 169
45 169
46 169
50 169
56 169
69 169
70 169
88 169
91 169
97 169
100 169
101 169
104 169
105 169
115 169
117 169
128 169
129 169
154 169
158 169
161 169
164 169
0 170
3 170
17 170
18 170
19 170
24 170
25 170
32 170
37 170
43 170
51 170
58 170
60 170
63 170
69 170
70 170
80 170
83 170
90 170
95 170
100 170
106 170
117 170
123 170
125 170
128 170
132 170
134 170
142 170
146 170
147 170
149 170
151 170
163 170
1 171
16 171
27 171
30 171
32 171
35 171
39 171
48 171
55 171
69 171
71 171
80 171
82 171
96 171
98 171
102 171
106 171
109 171
114 171
117 171
118 171
122 171
133 171
141 171
154 171
161 171
164 171
165 171
4 172
8 172
11 172
14 172
25 172
28 172
34 172
35 172
39 172
43 172
44 172
45 172
46 172
54 172
57 172
61 172
68 172
72 172
80 172
88 172
91 172
101 172
103 172
104 172
110 172
113 172
131 172
146 172
147 172
149 172
150 172
158 172
159 172
160 172
164 172
170 172
3 173
4 173
6 173
10 173
27 173
29 173
42 173
53 173
65 173
66 173
71 173
75 173
80 173
84 173
86 173
90 173
91 173
94 173
99 173
103 173
113 173
115 173
119 173
127 173
129 173
132 173
139 173
148 173
149 173
164 173
165 173
166 173
0 174
4 174
5 174
6 174
8 174
9 174
12 174
28 174
34 174
41 174
49 174
53 174
54 174
67 174
83 174
84 174
85 174
87 174
90 174
91 174
101 174
104 174
108 174
112 174
115 174
116 174
119 174
120 174
121 174
133 174
139 174
142 174
143 174
157 174
173 174
1 175
3 175
14 175
26 175
27 175
32 175
34 175
35 175
39 175
41 175
50 175
52 175
60 175
63 175
76 175
87 175
104 175
106 175
110 175
112 175
114 175
119 175
124 175
125 175
131 175
134 175
139 175
141 175
149 175
161 175
165 175
167 175
1 176
11 176
21 176
24 176
35 176
51 176
52 176
69 176
74 176
76 176
77 176
83 176
84 176
93 176
95 176
96 176
105 176
130 176
139 176
146 176
151 176
154 176
169 176
170 176
172 176
174 176
0 177
4 177
9 177
18 177
23 177
28 177
30 177
32 177
35 177
48 177
71 177
81 177
82 177
88 177
100 177
114 177
129 177
133 177
134 177
140 177
146 177
147 177
155 177
157 177
160 177
162 177
164 177
169 177
175 177
2 178
26 178
27 178
31 178
40 178
42 178
52 178
57 178
67 178
70 178
78 178
87 178
100 178
112 178
120 178
127 178
128 178
129 178
131 178
148 178
152 178
159 178
0 179
1 179
10 179
18 179
23 179
30 179
45 179
55 179
60 179
61 179
62 179
64 179
67 179
70 179
74 179
85 179
89 179
94 179
95 179
98 179
103 179
110 179
113 179
117 179
118 179
133 179
169 179
172 179
175 179
177 179
1 180
2 180
7 180
8 180
18 180
20 180
21 180
23 180
24 180
26 180
27 180
31 180
34 180
37 180
46 180
47 180
68 180
71 180
81 180
83 180
87 180
94 180
98 180
112 180
114 180
115 180
117 180
133 180
137 180
140 180
141 180
146 180
158 180
164 180
173 180
177 180
11 181
31 181
34 181
38 181
42 181
48 181
51 181
57 181
60 181
68 181
69 181
81 181
85 181
88 181
89 181
90 181
92 181
99 181
100 181
102 181
103 181
105 181
109 181
110 181
129 181
135 181
136 181
144 181
147 181
151 181
156 181
158 181
160 181
163 181
165 181
172 181
4 182
14 182
28 182
34 182
36 182
49 182
60 182
61 182
81 182
82 182
87 182
88 182
90 182
99 182
106 182
107 182
110 182
112 182
113 182
116 182
118 182
120 182
121 182
127 182
130 182
132 182
135 182
150 182
153 182
157 182
162 182
164 182
168 182
171 182
11 183
18 183
24 183
29 183
32 183
45 183
48 183
51 183
52 183
55 183
56 183
67 183
70 183
81 183
90 183
99 183
104 183
115 183
124 183
139 183
142 183
144 183
147 183
149 183
153 183
157 183
166 183
171 183
173 183
174 183
179 183
5 184
10 184
17 184
24 184
25 184
27 184
32 184
34 184
37 184
39 184
51 184
55 184
61 184
63 184
70 184
85 184
93 184
95 184
108 184
111 184
113 184
117 184
124 184
125 184
136 184
144 184
145 184
148 184
153 184
172 184
174 184
177 184
182 184
183 184
6 185
7 185
12 185
13 185
15 185
16 185
21 185
26 185
36 185
58 185
65 185
69 185
76 185
80 185
81 185
83 185
87 185
89 185
90 185
91 185
104 185
106 185
120 185
122 185
136 185
142 185
149 185
153 185
158 185
167 185
170 185
174 185
177 185
180 185
181 185
11 186
13 186
29 186
31 186
35 186
40 186
41 186
46 186
51 186
59 186
65 186
68 186
69 186
75 186
79 186
83 186
84 186
97 186
101 186
104 186
106 186
112 186
113 186
122 186
129 186
130 186
131 186
133 186
153 186
154 186
165 186
167 186
168 186
172 186
173 186
174 186
185 186
10 187
15 187
17 187
20 187
23 187
26 187
41 187
46 187
47 187
48 187
51 187
52 187
67 187
71 187
76 187
83 187
91 187
99 187
106 187
109 187
114 187
115 187
116 187
123 187
124 187
128 187
129 187
132 187
136 187
137 187
156 187
162 187
170 187
173 187
177 187
178 187
183 187
1 188
6 188
7 188
15 188
16 188
18 188
22 188
23 188
32 188
33 188
35 188
51 188
53 188
62 188
69 188
71 188
77 188
82 188
83 188
102 188
108 188
109 188
120 188
131 188
133 188
136 188
137 188
139 188
144 188
145 188
146 188
152 188
154 188
157 188
170 188
12 189
15 189
28 189
34 189
38 189
43 189
48 189
53 189
54 189
58 189
65 189
71 189
80 189
91 189
102 189
104 189
111 189
112 189
113 189
121 189
123 189
128 189
136 189
137 189
140 189
159 189
162 189
168 189
173 189
185 189
1 190
5 190
6 190
10 190
12 190
16 190
26 190
27 190
28 190
31 190
33 190
40 190
42 190
48 190
49 190
53 190
55 190
59 190
74 190
76 190
80 190
83 190
85 190
91 190
95 190
104 190
113 190
115 190
117 190
130 190
133 190
134 190
136 190
140 190
146 190
152 190
159 190
167 190
169 190
173 190
175 190
183 190
185 190
186 190
5 191
6 191
10 191
11 191
23 191
39 191
52 191
55 191
60 191
61 191
95 191
104 191
107 191
109 191
113 191
129 191
132 191
134 191
137 191
142 191
169 191
173 191
174 191
176 191
14 192
22 192
28 192
29 192
31 192
35 192
47 192
49 192
50 192
53 192
62 192
65 192
85 192
89 192
97 192
100 192
101 192
117 192
123 192
125 192
142 192
147 192
164 192
166 192
174 192
176 192
2 193
4 193
10 193
11 193
13 193
19 193
24 193
26 193
28 193
29 193
30 193
40 193
41 193
48 193
49 193
50 193
51 193
52 193
70 193
74 193
75 193
83 193
87 193
99 193
100 193
104 193
114 193
119 193
125 193
134 193
138 193
147 193
158 193
159 193
167 193
182 193
3 194
4 194
9 194
15 194
18 194
19 194
26 194
28 194
38 194
41 194
77 194
80 194
85 194
89 194
110 194
118 194
120 194
121 194
122 194
138 194
148 194
159 194
164 194
168 194
172 194
175 194
191 194
193 194
8 195
11 195
13 195
16 195
38 195
45 195
46 195
51 195
63 195
65 195
69 195
70 195
86 195
88 195
92 195
99 195
102 195
107 195
108 195
122 195
133 195
137 195
141 195
143 195
149 195
155 195
156 195
162 195
163 195
166 195
171 195
178 195
189 195
190 195
193 195
1 196
6 196
21 196
24 196
25 196
35 196
37 196
44 196
58 196
70 196
75 196
78 196
81 196
83 196
94 196
98 196
109 196
113 196
124 196
125 196
128 196
132 196
135 196
138 196
141 196
146 196
150 196
151 196
157 196
158 196
178 196
184 196
188 196
194 196
1 197
5 197
9 197
11 197
16 197
17 197
32 197
54 197
56 197
65 197
78 197
90 197
91 197
98 197
123 197
124 197
139 197
140 197
141 197
145 197
146 197
147 197
148 197
156 197
157 197
175 197
176 197
182 197
193 197
0 198
3 198
11 198
14 198
15 198
18 198
19 198
21 198
23 198
25 198
26 198
31 198
36 198
37 198
38 198
49 198
51 198
53 198
56 198
63 198
64 198
69 198
71 198
78 198
88 198
91 198
102 198
103 198
110 198
119 198
129 198
131 198
157 198
168 198
170 198
176 198
178 198
179 198
188 198
190 198
192 198
196 198
22 199
24 199
25 199
29 199
36 199
43 199
46 199
60 199
87 199
92 199
94 199
98 199
99 199
100 199
107 199
108 199
115 199
135 199
136 199
137 199
140 199
143 199
146 199
148 199
149 199
165 199
166 199
173 199
1 200
4 200
6 200
11 200
15 200
23 200
26 200
31 200
36 200
37 200
44 200
56 200
57 200
60 200
62 200
66 200
73 200
76 200
84 200
93 200
101 200
109 200
115 200
127 200
129 200
131 200
134 200
135 200
160 200
164 200
166 200
178 200
184 200
193 200
196 200
197 200
199 200
0 201
3 201
4 201
26 201
28 201
31 201
32 201
39 201
45 201
46 201
52 201
53 201
58 201
61 201
68 201
69 201
70 201
71 201
85 201
89 201
96 201
102 201
108 201
122 201
136 201
143 201
155 201
160 201
170 201
178 201
197 201
4 202
10 202
14 202
25 202
29 202
34 202
41 202
42 202
43 202
51 202
56 202
61 202
84 202
96 202
101 202
119 202
120 202
123 202
124 202
129 202
139 202
140 202
142 202
150 202
156 202
158 202
187 202
199 202
0 203
5 203
6 203
12 203
21 203
31 203
41 203
52 203
55 203
56 203
59 203
61 203
65 203
72 203
74 203
75 203
78 203
94 203
99 203
105 203
106 203
108 203
116 203
130 203
141 203
143 203
150 203
163 203
170 203
171 203
175 203
176 203
178 203
183 203
188 203
193 203
194 203
198 203
0 204
4 204
10 204
11 204
22 204
27 204
31 204
37 204
46 204
49 204
60 204
76 204
80 204
81 204
106 204
107 204
113 204
120 204
123 204
136 204
138 204
148 204
150 204
159 204
161 204
162 204
184 204
186 204
188 204
190 204
195 204
200 204
203 204
5 205
10 205
11 205
12 205
13 205
14 205
15 205
48 205
88 205
93 205
108 205
109 205
110 205
115 205
118 205
119 205
120 205
123 205
124 205
125 205
126 205
130 205
134 205
140 205
143 205
145 205
149 205
153 205
155 205
160 205
169 205
172 205
176 205
178 205
182 205
187 205
193 205
196 205
199 205
200 205
24 206
29 206
31 206
36 206
43 206
46 206
51 206
57 206
58 206
60 206
62 206
63 206
64 206
67 206
69 206
70 206
72 206
83 206
85 206
90 206
93 206
106 206
113 206
126 206
139 206
141 206
147 206
167 206
176 206
177 206
181 206
190 206
192 206
195 206
197 206
203 206
204 206
1 207
8 207
9 207
23 207
27 207
34 207
36 207
41 207
49 207
69 207
79 207
80 207
83 207
99 207
102 207
107 207
114 207
127 207
129 207
143 207
148 207
151 207
155 207
163 207
178 207
189 207
190 207
201 207
206 207
1 208
12 208
14 208
31 208
42 208
46 208
53 208
55 208
59 208
60 208
62 208
63 208
65 208
71 208
72 208
77 208
81 208
82 208
83 208
85 208
92 208
93 208
94 208
95 208
105 208
106 208
107 208
114 208
148 208
149 208
151 208
152 208
154 208
155 208
156 208
157 208
160 208
164 208
169 208
170 208
175 208
184 208
185 208
186 208
188 208
192 208
198 208
202 208
8 209
13 209
26 209
37 209
43 209
47 209
53 209
54 209
55 209
60 209
72 209
73 209
89 209
93 209
97 209
101 209
105 209
106 209
112 209
117 209
121 209
125 209
129 209
133 209
143 209
154 209
159 209
166 209
181 209
185 209
189 209
190 209
197 209
203 209
206 209
1 210
4 210
5 210
17 210
18 210
23 210
24 210
28 210
41 210
54 210
57 210
65 210
67 210
71 210
72 210
79 210
81 210
85 210
89 210
91 210
103 210
108 210
117 210
123 210
125 210
134 210
136 210
147 210
150 210
154 210
159 210
161 210
183 210
203 210
4 211
22 211
32 211
55 211
58 211
64 211
71 211
78 211
79 211
80 211
89 211
101 211
104 211
108 211
110 211
125 211
126 211
129 211
143 211
145 211
146 211
147 211
148 211
153 211
154 211
165 211
170 211
176 211
180 211
183 211
188 211
191 211
203 211
205 211
6 212
12 212
18 212
22 212
25 212
33 212
35 212
48 212
54 212
63 212
64 212
65 212
66 212
72 212
78 212
97 212
105 212
109 212
111 212
115 212
116 212
129 212
130 212
134 212
143 212
146 212
147 212
148 212
160 212
169 212
170 212
171 212
175 212
185 212
186 212
187 212
193 212
201 212
203 212
204 212
0 213
2 213
9 213
11 213
12 213
23 213
32 213
34 213
37 213
45 213
52 213
56 213
58 213
66 213
72 213
77 213
80 213
84 213
90 213
92 213
96 213
113 213
127 213
136 213
145 213
148 213
153 213
157 213
159 213
161 213
165 213
169 213
186 213
189 213
194 213
204 213
206 213
209 213
2 214
3 214
6 214
8 214
12 214
15 214
23 214
28 214
40 214
43 214
48 214
57 214
84 214
101 214
103 214
107 214
116 214
117 214
123 214
133 214
135 214
143 214
145 214
153 214
154 214
157 214
160 214
174 214
184 214
190 214
202 214
207 214
212 214
213 214
22 215
23 215
32 215
33 215
38 215
42 215
45 215
50 215
52 215
54 215
58 215
61 215
65 215
84 215
95 215
102 215
107 215
110 215
116 215
117 215
128 215
134 215
139 215
141 215
146 215
149 215
151 215
155 215
159 215
163 215
168 215
172 215
179 215
180 215
182 215
8 216
14 216
15 216
25 216
35 216
37 216
45 216
57 216
65 216
74 216
78 216
91 216
94 216
98 216
102 216
106 216
124 216
125 216
126 216
134 216
136 216
138 216
141 216
146 216
147 216
161 216
167 216
169 216
176 216
189 216
194 216
209 216
215 216
5 217
12 217
13 217
16 217
17 217
19 217
24 217
25 217
26 217
30 217
32 217
35 217
48 217
56 217
64 217
65 217
71 217
72 217
77 217
78 217
84 217
86 217
93 217
94 217
96 217
99 217
108 217
109 217
112 217
119 217
120 217
133 217
134 217
146 217
154 217
161 217
164 217
167 217
178 217
181 217
202 217
214 217
215 217
1 218
2 218
8 218
11 218
13 218
17 218
19 218
31 218
41 218
46 218
47 218
48 218
49 218
53 218
65 218
71 218
72 218
77 218
91 218
109 218
111 218
115 218
119 218
121 218
123 218
129 218
138 218
140 218
147 218
150 218
151 218
162 218
164 218
172 218
176 218
177 218
185 218
190 218
209 218
212 218
1 219
14 219
22 219
24 219
25 219
27 219
33 219
35 219
40 219
46 219
49 219
50 219
55 219
58 219
59 219
61 219
74 219
75 219
80 219
81 219
85 219
86 219
89 219
94 219
104 219
108 219
109 219
123 219
134 219
143 219
151 219
159 219
165 219
167 219
176 219
188 219
189 219
192 219
193 219
198 219
199 219
202 219
209 219
9 220
11 220
33 220
41 220
44 220
54 220
58 220
63 220
73 220
78 220
79 220
80 220
82 220
87 220
88 220
94 220
99 220
105 220
111 220
112 220
113 220
114 220
118 220
123 220
125 220
131 220
132 220
134 220
135 220
146 220
171 220
180 220
187 220
197 220
207 220
213 220
6 221
12 221
17 221
26 221
31 221
44 221
54 221
58 221
59 221
65 221
74 221
80 221
81 221
82 221
89 221
95 221
96 221
99 221
101 221
109 221
113 221
116 221
121 221
124 221
131 221
136 221
137 221
143 221
153 221
171 221
180 221
182 221
184 221
186 221
187 221
200 221
210 221
2 222
11 222
16 222
23 222
24 222
28 222
33 222
38 222
50 222
53 222
56 222
58 222
59 222
62 222
70 222
72 222
75 222
83 222
105 222
106 222
107 222
109 222
110 222
112 222
116 222
117 222
121 222
126 222
127 222
128 222
130 222
133 222
137 222
142 222
151 222
153 222
154 222
166 222
170 222
181 222
182 222
188 222
192 222
194 222
195 222
196 222
205 222
207 222
214 222
3 223
9 223
11 223
31 223
39 223
48 223
64 223
68 223
72 223
75 223
77 223
84 223
105 223
106 223
112 223
113 223
115 223
118 223
125 223
127 223
144 223
158 223
160 223
162 223
166 223
173 223
176 223
180 223
186 223
193 223
197 223
199 223
200 223
201 223
202 223
215 223
220 223
221 223
0 224
3 224
8 224
17 224
26 224
36 224
40 224
41 224
45 224
67 224
70 224
78 224
83 224
105 224
108 224
115 224
118 224
122 224
129 224
138 224
145 224
148 224
149 224
158 224
160 224
167 224
173 224
176 224
179 224
186 224
200 224
204 224
207 224
212 224
216 224
223 224
8 225
13 225
18 225
19 225
36 225
39 225
45 225
47 225
61 225
64 225
77 225
90 225
91 225
102 225
104 225
109 225
114 225
121 225
130 225
135 225
142 225
144 225
146 225
148 225
151 225
159 225
161 225
166 225
175 225
176 225
177 225
199 225
200 225
202 225
207 225
208 225
213 225
0 226
4 226
18 226
19 226
21 226
34 226
37 226
41 226
47 226
49 226
68 226
74 226
89 226
94 226
105 226
121 226
125 226
126 226
127 226
141 226
146 226
159 226
164 226
168 226
192 226
193 226
194 226
198 226
199 226
204 226
207 226
208 226
210 226
211 226
216 226
224 226
2 227
6 227
12 227
15 227
43 227
46 227
47 227
54 227
60 227
61 227
64 227
69 227
75 227
84 227
85 227
86 227
95 227
100 227
117 227
129 227
132 227
139 227
146 227
148 227
151 227
154 227
155 227
158 227
174 227
176 227
186 227
193 227
194 227
196 227
199 227
216 227
218 227
224 227
225 227
5 228
8 228
10 228
21 228
23 228
34 228
38 228
46 228
51 228
52 228
61 228
66 228
67 228
70 228
84 228
86 228
90 228
96 228
101 228
106 228
128 228
130 228
132 228
135 228
141 228
145 228
148 228
152 228
153 228
154 228
163 228
172 228
177 228
183 228
186 228
191 228
192 228
194 228
196 228
202 228
203 228
206 228
207 228
208 228
221 228
3 229
15 229
17 229
25 229
26 229
30 229
36 229
46 229
49 229
68 229
71 229
72 229
73 229
75 229
81 229
83 229
91 229
92 229
95 229
107 229
111 229
112 229
117 229
122 229
123 229
126 229
131 229
137 229
140 229
146 229
163 229
170 229
182 229
187 229
208 229
210 229
226 229
4 230
6 230
7 230
8 230
17 230
33 230
41 230
49 230
50 230
54 230
57 230
58 230
61 230
66 230
70 230
71 230
78 230
89 230
94 230
95 230
100 230
106 230
107 230
115 230
119 230
120 230
135 230
151 230
162 230
168 230
176 230
177 230
181 230
192 230
199 230
207 230
210 230
215 230
13 231
16 231
18 231
22 231
25 231
37 231
38 231
40 231
41 231
47 231
59 231
69 231
70 231
82 231
85 231
98 231
110 231
112 231
123 231
131 231
134 231
140 231
175 231
176 231
181 231
193 231
194 231
198 231
201 231
206 231
212 231
219 231
221 231
223 231
228 231
3 232
4 232
8 232
15 232
17 232
19 232
20 232
21 232
24 232
34 232
42 232
49 232
53 232
55 232
63 232
68 232
69 232
70 232
73 232
77 232
88 232
90 232
91 232
101 232
104 232
123 232
127 232
128 232
135 232
146 232
147 232
152 232
156 232
161 232
162 232
176 232
177 232
179 232
191 232
192 232
194 232
195 232
217 232
219 232
227 232
231 232
5 233
7 233
33 233
50 233
54 233
56 233
62 233
66 233
69 233
73 233
93 233
95 233
98 233
99 233
103 233
107 233
109 233
111 233
122 233
123 233
126 233
131 233
134 233
139 233
146 233
148 233
150 233
151 233
157 233
169 233
178 233
186 233
191 233
194 233
197 233
217 233
219 233
221 233
223 233
230 233
7 234
15 234
19 234
24 234
30 234
34 234
42 234
51 234
56 234
72 234
74 234
75 234
78 234
79 234
82 234
88 234
92 234
95 234
100 234
101 234
111 234
136 234
145 234
148 234
149 234
162 234
167 234
169 234
170 234
171 234
173 234
174 234
175 234
179 234
180 234
183 234
189 234
190 234
197 234
199 234
201 234
204 234
206 234
208 234
216 234
228 234
231 234
232 234
0 235
3 235
6 235
8 235
14 235
15 235
17 235
21 235
26 235
30 235
37 235
42 235
45 235
53 235
63 235
64 235
72 235
76 235
77 235
85 235
88 235
89 235
90 235
92 235
96 235
98 235
100 235
102 235
116 235
117 235
121 235
127 235
136 235
149 235
154 235
157 235
161 235
175 235
176 235
180 235
184 235
194 235
205 235
216 235
219 235
222 235
227 235
1 236
7 236
12 236
14 236
20 236
23 236
24 236
28 236
38 236
40 236
44 236
49 236
51 236
53 236
58 236
64 236
78 236
81 236
90 236
94 236
97 236
106 236
108 236
111 236
114 236
122 236
134 236
138 236
149 236
155 236
156 236
162 236
169 236
173 236
176 236
180 236
184 236
196 236
199 236
200 236
205 236
222 236
224 236
225 236
1 237
2 237
5 237
8 237
9 237
13 237
19 237
36 237
37 237
56 237
57 237
60 237
70 237
71 237
76 237
93 237
98 237
99 237
100 237
107 237
113 237
115 237
116 237
126 237
135 237
139 237
148 237
149 237
156 237
172 237
175 237
188 237
192 237
195 237
196 237
200 237
206 237
215 237
216 237
220 237
231 237
235 237
236 237
0 238
2 238
6 238
12 238
13 238
21 238
38 238
53 238
55 238
59 238
66 238
68 238
72 238
75 238
80 238
82 238
85 238
87 238
88 238
92 238
95 238
97 238
108 238
116 238
118 238
122 238
125 238
126 238
143 238
151 238
152 238
153 238
154 238
159 238
165 238
169 238
170 238
173 238
175 238
180 238
187 238
191 238
196 238
198 238
200 238
205 238
206 238
207 238
217 238
219 238
226 238
236 238
5 239
27 239
34 239
37 239
42 239
46 239
55 239
59 239
68 239
83 239
84 239
89 239
90 239
93 239
94 239
95 239
99 239
102 239
104 239
107 239
110 239
113 239
116 239
118 239
121 239
130 239
134 239
142 239
147 239
150 239
151 239
160 239
161 239
162 239
176 239
178 239
180 239
182 239
185 239
187 239
192 239
194 239
195 239
201 239
205 239
207 239
211 239
217 239
220 239
225 239
232 239
235 239
237 239
238 239
3 240
6 240
7 240
12 240
18 240
30 240
32 240
34 240
46 240
61 240
69 240
71 240
85 240
87 240
88 240
96 240
103 240
104 240
113 240
119 240
123 240
124 240
135 240
136 240
137 240
154 240
159 240
160 240
161 240
162 240
174 240
180 240
185 240
191 240
196 240
197 240
198 240
201 240
210 240
225 240
232 240
2 241
9 241
10 241
16 241
17 241
24 241
32 241
33 241
44 241
53 241
63 241
64 241
66 241
69 241
71 241
79 241
83 241
84 241
96 241
98 241
116 241
119 241
125 241
126 241
129 241
131 241
136 241
139 241
150 241
165 241
183 241
187 241
192 241
196 241
205 241
215 241
217 241
227 241
230 241
232 241
234 241
238 241
0 242
15 242
24 242
32 242
38 242
42 242
44 242
46 242
47 242
51 242
64 242
70 242
91 242
93 242
100 242
101 242
104 242
105 242
111 242
112 242
113 242
123 242
128 242
129 242
132 242
133 242
155 242
167 242
176 242
178 242
187 242
191 242
193 242
194 242
196 242
197 242
203 242
206 242
214 242
216 242
228 242
1 243
2 243
3 243
8 243
10 243
19 243
21 243
30 243
31 243
44 243
46 243
63 243
69 243
80 243
86 243
102 243
104 243
105 243
111 243
116 243
117 243
119 243
130 243
132 243
147 243
153 243
156 243
159 243
162 243
163 243
171 243
183 243
187 243
193 243
206 243
212 243
220 243
221 243
224 243
228 243
231 243
233 243
235 243
238 243
239 243
6 244
7 244
17 244
25 244
34 244
38 244
39 244
44 244
61 244
66 244
68 244
71 244
73 244
84 244
93 244
95 244
105 244
107 244
111 244
115 244
126 244
130 244
132 244
133 244
135 244
147 244
150 244
152 244
157 244
160 244
161 244
166 244
168 244
176 244
177 244
185 244
195 244
197 244
202 244
204 244
206 244
207 244
209 244
217 244
223 244
230 244
231 244
234 244
238 244
242 244
2 245
6 245
11 245
12 245
25 245
35 245
36 245
45 245
46 245
51 245
52 245
60 245
62 245
66 245
69 245
82 245
86 245
87 245
98 245
101 245
107 245
109 245
117 245
123 245
127 245
131 245
142 245
143 245
145 245
150 245
156 245
168 245
171 245
178 245
188 245
189 245
192 245
193 245
200 245
202 245
204 245
208 245
218 245
220 245
234 245
237 245
239 245
242 245
243 245
5 246
8 246
21 246
22 246
29 246
32 246
33 246
34 246
47 246
52 246
60 246
67 246
80 246
81 246
87 246
90 246
91 246
92 246
93 246
100 246
106 246
110 246
115 246
116 246
122 246
128 246
130 246
137 246
138 246
139 246
141 246
142 246
150 246
176 246
183 246
184 246
192 246
211 246
212 246
223 246
227 246
228 246
233 246
234 246
0 247
4 247
7 247
8 247
19 247
21 247
22 247
29 247
34 247
37 247
38 247
48 247
56 247
59 247
69 247
70 247
84 247
91 247
95 247
104 247
105 247
106 247
115 247
117 247
125 247
127 247
128 247
133 247
135 247
139 247
140 247
150 247
153 247
156 247
158 247
171 247
174 247
177 247
181 247
191 247
192 247
205 247
209 247
211 247
217 247
222 247
227 247
234 247
236 247
7 248
15 248
26 248
27 248
31 248
41 248
44 248
47 248
63 248
66 248
67 248
72 248
84 248
90 248
103 248
112 248
134 248
140 248
142 248
150 248
153 248
171 248
172 248
176 248
180 248
184 248
189 248
191 248
192 248
193 248
196 248
203 248
204 248
209 248
211 248
213 248
224 248
225 248
231 248
242 248
243 248
244 248
0 249
5 249
9 249
15 249
27 249
34 249
36 249
42 249
45 249
73 249
74 249
80 249
81 249
83 249
89 249
92 249
100 249
111 249
124 249
127 249
128 249
130 249
131 249
138 249
148 249
169 249
175 249
181 249
186 249
189 249
194 249
197 249
213 249
216 249
227 249
229 249
237 249
238 249
240 249
245 249
246 249
248 249
6 250
12 250
27 250
40 250
44 250
48 250
50 250
60 250
83 250
85 250
88 250
101 250
109 250
116 250
117 250
121 250
122 250
124 250
152 250
163 250
166 250
169 250
171 250
174 250
180 250
181 250
183 250
195 250
205 250
216 250
218 250
225 250
226 250
237 250
247 250
249 250
1 251
2 251
16 251
17 251
35 251
36 251
40 251
45 251
47 251
55 251
57 251
58 251
65 251
75 251
79 251
82 251
86 251
90 251
92 251
96 251
98 251
108 251
117 251
123 251
127 251
133 251
136 251
141 251
143 251
153 251
160 251
162 251
168 251
169 251
179 251
183 251
185 251
188 251
189 251
190 251
191 251
196 251
203 251
209 251
210 251
215 251
217 251
222 251
224 251
231 251
233 251
236 251
240 251
241 251
244 251
246 251
247 251
250 251
10 252
14 252
15 252
17 252
46 252
50 252
54 252
55 252
57 252
60 252
78 252
84 252
88 252
90 252
104 252
112 252
113 252
118 252
131 252
141 252
143 252
150 252
178 252
191 252
193 252
195 252
201 252
203 252
204 252
211 252
217 252
219 252
223 252
224 252
230 252
231 252
234 252
244 252
245 252
8 253
10 253
13 253
14 253
15 253
17 253
18 253
19 253
21 253
29 253
31 253
33 253
36 253
43 253
45 253
47 253
52 253
53 253
57 253
59 253
61 253
68 253
81 253
85 253
87 253
94 253
100 253
108 253
112 253
117 253
118 253
132 253
140 253
143 253
144 253
154 253
161 253
162 253
165 253
177 253
178 253
180 253
184 253
187 253
191 253
195 253
199 253
219 253
230 253
233 253
246 253
8 254
11 254
19 254
23 254
28 254
31 254
42 254
43 254
47 254
51 254
58 254
62 254
63 254
66 254
69 254
70 254
73 254
74 254
75 254
79 254
80 254
85 254
89 254
92 254
100 254
107 254
114 254
116 254
117 254
122 254
129 254
137 254
139 254
140 254
141 254
144 254
161 254
172 254
173 254
194 254
216 254
220 254
221 254
222 254
223 254
227 254
9 255
17 255
18 255
19 255
22 255
29 255
30 255
32 255
35 255
36 255
37 255
39 255
40 255
42 255
49 255
50 255
52 255
53 255
54 255
57 255
60 255
64 255
67 255
68 255
69 255
71 255
75 255
81 255
96 255
98 255
99 255
100 255
108 255
109 255
116 255
132 255
142 255
156 255
175 255
189 255
194 255
199 255
202 255
203 255
205 255
208 255
213 255
226 255
231 255
236 255
238 255
240 255
253 255
254 255
4 256
6 256
26 256
33 256
36 256
38 256
39 256
43 256
45 256
48 256
60 256
62 256
64 256
65 256
76 256
85 256
99 256
103 256
111 256
114 256
139 256
151 256
152 256
153 256
154 256
157 256
160 256
163 256
165 256
166 256
169 256
186 256
189 256
192 256
193 256
197 256
213 256
215 256
217 256
224 256
229 256
239 256
240 256
243 256
251 256
0 257
3 257
4 257
6 257
8 257
17 257
19 257
21 257
33 257
38 257
46 257
47 257
48 257
51 257
63 257
68 257
69 257
73 257
82 257
88 257
96 257
104 257
109 257
111 257
121 257
123 257
127 257
128 257
131 257
135 257
139 257
143 257
153 257
154 257
164 257
165 257
168 257
170 257
179 257
185 257
186 257
189 257
190 257
194 257
196 257
198 257
202 257
213 257
214 257
229 257
242 257
246 257
250 257
255 257
7 258
9 258
12 258
21 258
22 258
24 258
38 258
39 258
44 258
46 258
60 258
65 258
70 258
72 258
79 258
85 258
88 258
96 258
105 258
107 258
108 258
110 258
112 258
113 258
118 258
121 258
122 258
129 258
131 258
132 258
134 258
137 258
139 258
141 258
143 258
146 258
159 258
160 258
173 258
175 258
179 258
187 258
209 258
211 258
213 258
214 258
219 258
222 258
226 258
230 258
237 258
245 258
256 258
2 259
6 259
15 259
16 259
19 259
23 259
24 259
25 259
26 259
36 259
42 259
43 259
48 259
58 259
59 259
74 259
80 259
84 259
88 259
90 259
95 259
96 259
98 259
105 259
108 259
111 259
123 259
130 259
132 259
134 259
138 259
143 259
151 259
155 259
162 259
167 259
188 259
198 259
200 259
203 259
205 259
206 259
221 259
226 259
232 259
236 259
241 259
245 259
0 260
8 260
10 260
16 260
17 260
18 260
29 260
30 260
53 260
64 260
73 260
78 260
79 260
82 260
89 260
91 260
95 260
97 260
100 260
106 260
112 260
114 260
117 260
125 260
133 260
134 260
143 260
146 260
149 260
153 260
155 260
156 260
158 260
163 260
167 260
170 260
176 260
187 260
204 260
206 260
216 260
218 260
230 260
233 260
234 260
244 260
250 260
4 261
18 261
20 261
25 261
29 261
32 261
33 261
42 261
49 261
57 261
61 261
65 261
72 261
77 261
82 261
84 261
87 261
103 261
106 261
109 261
111 261
112 261
114 261
116 261
123 261
125 261
126 261
127 261
128 261
132 261
138 261
142 261
146 261
149 261
156 261
159 261
161 261
166 261
176 261
184 261
185 261
186 261
189 261
190 261
193 261
195 261
198 261
208 261
217 261
218 261
230 261
240 261
250 261
251 261
255 261
259 261
2 262
22 262
28 262
32 262
38 262
40 262
46 262
50 262
55 262
78 262
80 262
82 262
86 262
89 262
96 262
108 262
111 262
112 262
113 262
119 262
120 262
121 262
122 262
125 262
131 262
136 262
141 262
152 262
164 262
179 262
187 262
190 262
192 262
203 262
205 262
213 262
221 262
245 262
259 262
4 263
13 263
15 263
20 263
35 263
36 263
49 263
54 263
63 263
74 263
79 263
81 263
83 263
89 263
92 263
98 263
99 263
107 263
126 263
127 263
128 263
131 263
135 263
138 263
149 263
170 263
173 263
174 263
175 263
177 263
179 263
185 263
190 263
192 263
194 263
197 263
201 263
202 263
209 263
212 263
223 263
238 263
241 263
242 263
247 263
248 263
253 263
260 263
261 263
262 263
0 264
4 264
6 264
21 264
34 264
38 264
51 264
53 264
69 264
73 264
74 264
88 264
92 264
95 264
102 264
105 264
112 264
126 264
132 264
134 264
155 264
159 264
166 264
168 264
172 264
176 264
179 264
196 264
201 264
211 264
222 264
238 264
239 264
246 264
247 264
251 264
255 264
262 264
263 264
2 265
12 265
20 265
33 265
46 265
61 265
76 265
88 265
91 265
96 265
100 265
107 265
118 265
128 265
136 265
139 265
145 265
149 265
151 265
157 265
166 265
169 265
179 265
188 265
192 265
199 265
210 265
223 265
226 265
233 265
236 265
248 265
252 265
253 265
254 265
260 265
263 265
1 266
3 266
5 266
6 266
8 266
9 266
10 266
20 266
24 266
30 266
41 266
42 266
45 266
51 266
58 266
61 266
76 266
77 266
85 266
87 266
90 266
93 266
98 266
100 266
102 266
114 266
121 266
122 266
139 266
142 266
144 266
147 266
148 266
150 266
162 266
167 266
169 266
170 266
172 266
174 266
180 266
182 266
184 266
193 266
200 266
201 266
208 266
222 266
226 266
232 266
238 266
245 266
251 266
255 266
1 267
7 267
8 267
10 267
11 267
13 267
16 267
26 267
28 267
36 267
48 267
54 267
55 267
63 267
64 267
65 267
75 267
79 267
83 267
87 267
90 267
102 267
105 267
134 267
137 267
142 267
143 267
146 267
151 267
158 267
163 267
165 267
168 267
173 267
184 267
186 267
211 267
214 267
216 267
235 267
242 267
244 267
247 267
248 267
260 267
2 268
5 268
6 268
9 268
23 268
24 268
25 268
28 268
32 268
35 268
37 268
58 268
59 268
66 268
74 268
77 268
78 268
81 268
92 268
94 268
103 268
104 268
109 268
117 268
120 268
128 268
131 268
137 268
138 268
144 268
145 268
149 268
163 268
166 268
172 268
175 268
184 268
186 268
189 268
197 268
201 268
207 268
213 268
216 268
224 268
233 268
236 268
240 268
250 268
251 268
253 268
254 268
258 268
267 268
0 269
4 269
29 269
31 269
32 269
33 269
35 269
37 269
43 269
46 269
48 269
58 269
63 269
64 269
74 269
75 269
78 269
88 269
90 269
94 269
96 269
103 269
108 269
116 269
120 269
121 269
123 269
130 269
135 269
142 269
144 269
145 269
156 269
163 269
180 269
182 269
188 269
197 269
201 269
209 269
210 269
211 269
222 269
225 269
229 269
238 269
249 269
255 269
261 269
267 269
9 270
21 270
29 270
46 270
53 270
56 270
57 270
66 270
68 270
77 270
97 270
98 270
103 270
105 270
109 270
114 270
115 270
119 270
120 270
122 270
126 270
129 270
133 270
134 270
149 270
152 270
161 270
162 270
164 270
166 270
167 270
175 270
186 270
188 270
200 270
211 270
219 270
226 270
233 270
235 270
240 270
242 270
249 270
250 270
251 270
261 270
262 270
264 270
6 271
13 271
14 271
17 271
22 271
27 271
30 271
34 271
39 271
40 271
46 271
47 271
51 271
52 271
56 271
59 271
62 271
63 271
64 271
66 271
81 271
84 271
95 271
101 271
108 271
119 271
123 271
128 271
132 271
137 271
138 271
139 271
143 271
146 271
149 271
159 271
160 271
163 271
166 271
180 271
181 271
185 271
191 271
198 271
200 271
203 271
205 271
206 271
208 271
209 271
211 271
214 271
222 271
223 271
230 271
232 271
237 271
256 271
258 271
2 272
7 272
13 272
18 272
19 272
31 272
33 272
38 272
41 272
44 272
45 272
48 272
55 272
59 272
60 272
63 272
65 272
66 272
70 272
76 272
77 272
78 272
84 272
88 272
99 272
102 272
105 272
107 272
109 272
113 272
120 272
123 272
127 272
138 272
146 272
152 272
158 272
161 272
181 272
182 272
190 272
197 272
198 272
199 272
205 272
209 272
215 272
220 272
221 272
228 272
232 272
247 272
248 272
258 272
263 272
265 272
267 272
268 272
269 272
8 273
16 273
24 273
35 273
41 273
47 273
49 273
51 273
55 273
57 273
70 273
76 273
83 273
86 273
88 273
89 273
95 273
96 273
100 273
106 273
112 273
113 273
135 273
141 273
142 273
145 273
157 273
163 273
183 273
185 273
186 273
188 273
192 273
195 273
196 273
197 273
202 273
212 273
216 273
221 273
228 273
239 273
246 273
247 273
252 273
255 273
265 273
267 273
270 273
6 274
12 274
15 274
21 274
24 274
25 274
27 274
38 274
43 274
46 274
58 274
61 274
67 274
76 274
77 274
88 274
89 274
90 274
94 274
95 274
108 274
111 274
116 274
122 274
126 274
127 274
132 274
140 274
142 274
143 274
153 274
156 274
158 274
170 274
171 274
186 274
189 274
192 274
210 274
221 274
224 274
225 274
227 274
229 274
234 274
248 274
249 274
264 274
4 275
5 275
18 275
19 275
31 275
37 275
40 275
43 275
46 275
56 275
62 275
66 275
68 275
70 275
73 275
77 275
79 275
85 275
88 275
95 275
100 275
110 275
117 275
125 275
132 275
135 275
137 275
141 275
146 275
152 275
168 275
170 275
176 275
183 275
203 275
205 275
207 275
218 275
220 275
238 275
241 275
242 275
243 275
244 275
245 275
249 275
258 275
265 275
273 275
8 276
10 276
17 276
32 276
36 276
57 276
58 276
64 276
72 276
73 276
77 276
84 276
97 276
99 276
108 276
114 276
116 276
117 276
120 276
128 276
129 276
130 276
144 276
150 276
152 276
158 276
162 276
163 276
179 276
187 276
188 276
191 276
195 276
198 276
201 276
203 276
205 276
206 276
208 276
210 276
211 276
213 276
215 276
220 276
224 276
226 276
234 276
239 276
256 276
262 276
271 276
1 277
3 277
5 277
8 277
14 277
15 277
19 277
33 277
52 277
53 277
55 277
58 277
59 277
64 277
65 277
78 277
79 277
84 277
85 277
86 277
92 277
93 277
98 277
111 277
113 277
114 277
123 277
133 277
136 277
145 277
148 277
151 277
162 277
172 277
176 277
183 277
190 277
193 277
208 277
218 277
222 277
224 277
231 277
236 277
245 277
247 277
249 277
250 277
261 277
264 277
274 277
1 278
9 278
10 278
13 278
16 278
25 278
28 278
35 278
38 278
47 278
51 278
53 278
61 278
65 278
72 278
74 278
81 278
93 278
94 278
98 278
108 278
121 278
130 278
135 278
137 278
139 278
144 278
151 278
156 278
164 278
178 278
180 278
181 278
195 278
202 278
206 278
207 278
218 278
220 278
230 278
231 278
240 278
244 278
247 278
252 278
258 278
259 278
263 278
265 278
269 278
271 278
2 279
5 279
7 279
10 279
16 279
25 279
26 279
28 279
29 279
46 279
59 279
67 279
87 279
89 279
91 279
93 279
94 279
104 279
105 279
115 279
134 279
140 279
160 279
177 279
182 279
187 279
188 279
204 279
207 279
209 279
213 279
221 279
227 279
229 279
239 279
244 279
252 279
257 279
264 279
269 279
4 280
10 280
15 280
19 280
21 280
22 280
26 280
39 280
42 280
54 280
58 280
61 280
70 280
71 280
76 280
80 280
81 280
83 280
86 280
105 280
106 280
117 280
129 280
136 280
139 280
141 280
143 280
148 280
149 280
151 280
159 280
168 280
172 280
180 280
183 280
187 280
191 280
193 280
195 280
196 280
198 280
199 280
207 280
209 280
211 280
222 280
224 280
225 280
226 280
228 280
232 280
239 280
241 280
242 280
243 280
253 280
260 280
261 280
264 280
267 280
271 280
275 280
276 280
0 281
1 281
5 281
26 281
32 281
39 281
41 281
44 281
47 281
54 281
55 281
64 281
66 281
67 281
72 281
78 281
79 281
89 281
95 281
105 281
111 281
119 281
135 281
137 281
142 281
144 281
146 281
149 281
150 281
152 281
158 281
161 281
162 281
166 281
169 281
170 281
179 281
185 281
186 281
189 281
193 281
196 281
201 281
205 281
206 281
209 281
210 281
211 281
230 281
236 281
248 281
253 281
259 281
260 281
263 281
264 281
267 281
280 281
5 282
6 282
7 282
16 282
18 282
26 282
29 282
31 282
32 282
34 282
35 282
40 282
43 282
51 282
60 282
65 282
67 282
69 282
76 282
81 282
82 282
85 282
88 282
97 282
114 282
115 282
127 282
133 282
153 282
157 282
165 282
166 282
171 282
172 282
183 282
188 282
189 282
191 282
207 282
215 282
217 282
241 282
244 282
246 282
248 282
251 282
256 282
257 282
258 282
275 282
280 282
281 282
0 283
3 283
8 283
30 283
34 283
41 283
42 283
49 283
57 283
58 283
73 283
74 283
89 283
92 283
93 283
94 283
117 283
119 283
121 283
122 283
128 283
130 283
137 283
153 283
166 283
167 283
168 283
179 283
182 283
184 283
186 283
189 283
190 283
196 283
204 283
208 283
211 283
217 283
227 283
232 283
233 283
234 283
243 283
245 283
249 283
254 283
269 283
270 283
279 283
282 283
0 284
1 284
8 284
12 284
14 284
16 284
23 284
25 284
32 284
33 284
36 284
37 284
41 284
45 284
47 284
53 284
58 284
60 284
72 284
73 284
74 284
77 284
80 284
91 284
92 284
95 284
101 284
104 284
105 284
111 284
118 284
122 284
133 284
136 284
142 284
144 284
154 284
163 284
171 284
177 284
191 284
192 284
199 284
203 284
204 284
206 284
213 284
220 284
222 284
228 284
232 284
237 284
238 284
249 284
253 284
255 284
258 284
261 284
266 284
272 284
277 284
0 285
4 285
11 285
12 285
43 285
49 285
50 285
52 285
53 285
56 285
61 285
66 285
69 285
72 285
73 285
75 285
78 285
79 285
81 285
92 285
94 285
96 285
107 285
109 285
112 285
115 285
126 285
127 285
136 285
141 285
152 285
159 285
162 285
169 285
194 285
197 285
218 285
224 285
225 285
230 285
234 285
236 285
242 285
245 285
247 285
248 285
250 285
255 285
268 285
273 285
276 285
277 285
278 285
1 286
14 286
26 286
30 286
32 286
36 286
37 286
59 286
60 286
70 286
72 286
73 286
78 286
80 286
83 286
85 286
97 286
104 286
106 286
111 286
114 286
117 286
119 286
136 286
137 286
149 286
157 286
158 286
162 286
170 286
179 286
181 286
189 286
198 286
212 286
216 286
218 286
222 286
223 286
230 286
231 286
232 286
243 286
244 286
258 286
259 286
263 286
265 286
274 286
279 286
2 287
11 287
12 287
14 287
19 287
21 287
22 287
27 287
30 287
37 287
42 287
51 287
53 287
65 287
69 287
70 287
73 287
89 287
90 287
94 287
97 287
112 287
120 287
132 287
143 287
149 287
157 287
158 287
164 287
167 287
174 287
180 287
188 287
189 287
192 287
198 287
199 287
205 287
213 287
217 287
218 287
230 287
232 287
235 287
254 287
256 287
259 287
268 287
278 287
283 287
0 288
1 288
3 288
7 288
11 288
12 288
13 288
20 288
21 288
22 288
29 288
30 288
43 288
45 288
49 288
60 288
63 288
72 288
79 288
82 288
87 288
91 288
96 288
98 288
105 288
106 288
107 288
109 288
116 288
121 288
122 288
123 288
157 288
164 288
169 288
177 288
182 288
199 288
202 288
205 288
206 288
213 288
214 288
218 288
221 288
224 288
230 288
233 288
234 288
239 288
243 288
255 288
256 288
266 288
269 288
274 288
287 288
1 289
3 289
4 289
23 289
27 289
29 289
30 289
38 289
41 289
45 289
47 289
58 289
59 289
61 289
62 289
69 289
71 289
73 289
75 289
77 289
79 289
83 289
85 289
88 289
89 289
91 289
92 289
99 289
108 289
117 289
134 289
139 289
143 289
146 289
148 289
150 289
153 289
157 289
162 289
169 289
171 289
172 289
173 289
184 289
187 289
194 289
221 289
223 289
230 289
236 289
242 289
244 289
246 289
269 289
271 289
280 289
284 289
286 289
11 290
20 290
31 290
34 290
36 290
38 290
42 290
43 290
45 290
59 290
74 290
77 290
84 290
85 290
94 290
103 290
121 290
122 290
125 290
132 290
133 290
143 290
156 290
160 290
165 290
166 290
169 290
182 290
187 290
188 290
192 290
195 290
197 290
203 290
212 290
221 290
227 290
229 290
232 290
245 290
252 290
256 290
257 290
262 290
263 290
280 290
0 291
10 291
15 291
20 291
23 291
28 291
38 291
39 291
41 291
42 291
48 291
52 291
54 291
64 291
73 291
76 291
82 291
84 291
85 291
88 291
94 291
95 291
103 291
107 291
108 291
111 291
114 291
115 291
122 291
134 291
136 291
141 291
144 291
147 291
149 291
158 291
159 291
166 291
167 291
170 291
185 291
186 291
195 291
196 291
198 291
200 291
208 291
210 291
219 291
231 291
233 291
241 291
244 291
248 291
256 291
262 291
265 291
266 291
267 291
268 291
286 291
287 291
288 291
289 291
1 292
6 292
7 292
12 292
25 292
31 292
36 292
43 292
58 292
63 292
74 292
80 292
98 292
100 292
101 292
103 292
104 292
107 292
114 292
117 292
121 292
126 292
131 292
135 292
139 292
145 292
150 292
156 292
163 292
180 292
181 292
183 292
186 292
199 292
200 292
214 292
215 292
222 292
225 292
235 292
244 292
253 292
254 292
261 292
268 292
272 292
273 292
289 292
7 293
8 293
20 293
21 293
27 293
32 293
37 293
40 293
52 293
56 293
65 293
69 293
70 293
71 293
75 293
85 293
87 293
88 293
93 293
96 293
99 293
101 293
105 293
113 293
115 293
120 293
125 293
127 293
128 293
134 293
146 293
155 293
158 293
159 293
160 293
164 293
165 293
175 293
178 293
181 293
185 293
186 293
212 293
217 293
236 293
256 293
258 293
259 293
261 293
274 293
277 293
282 293
291 293
2 294
14 294
16 294
19 294
25 294
26 294
29 294
36 294
37 294
39 294
42 294
45 294
47 294
53 294
60 294
61 294
62 294
66 294
77 294
81 294
91 294
92 294
96 294
99 294
104 294
107 294
113 294
118 294
122 294
126 294
128 294
138 294
140 294
141 294
142 294
143 294
145 294
147 294
155 294
159 294
160 294
174 294
176 294
178 294
179 294
187 294
190 294
191 294
192 294
195 294
197 294
201 294
209 294
212 294
218 294
221 294
224 294
230 294
234 294
242 294
243 294
247 294
257 294
259 294
263 294
265 294
266 294
269 294
277 294
2 295
8 295
10 295
11 295
15 295
19 295
32 295
37 295
51 295
70 295
71 295
74 295
85 295
87 295
98 295
101 295
105 295
118 295
123 295
125 295
126 295
131 295
134 295
135 295
139 295
150 295
153 295
156 295
158 295
173 295
174 295
181 295
189 295
190 295
192 295
194 295
198 295
203 295
205 295
215 295
222 295
223 295
225 295
226 295
228 295
230 295
235 295
241 295
243 295
257 295
260 295
262 295
265 295
278 295
282 295
284 295
288 295
3 296
7 296
10 296
21 296
26 296
36 296
40 296
43 296
47 296
49 296
53 296
60 296
72 296
74 296
76 296
82 296
90 296
97 296
98 296
101 296
103 296
115 296
117 296
120 296
121 296
130 296
136 296
146 296
152 296
171 296
176 296
188 296
189 296
196 296
199 296
208 296
220 296
223 296
230 296
236 296
238 296
245 296
255 296
263 296
267 296
281 296
282 296
284 296
294 296
0 297
6 297
10 297
14 297
20 297
23 297
24 297
33 297
40 297
44 297
52 297
53 297
57 297
59 297
63 297
70 297
72 297
73 297
76 297
77 297
79 297
84 297
86 297
88 297
97 297
103 297
104 297
109 297
114 297
125 297
134 297
141 297
157 297
164 297
173 297
176 297
184 297
185 297
186 297
191 297
211 297
215 297
217 297
219 297
234 297
236 297
240 297
270 297
271 297
279 297
289 297
292 297
0 298
3 298
5 298
10 298
12 298
20 298
25 298
32 298
37 298
39 298
40 298
44 298
52 298
60 298
62 298
64 298
66 298
73 298
81 298
82 298
87 298
94 298
99 298
100 298
105 298
106 298
108 298
122 298
130 298
136 298
138 298
158 298
173 298
187 298
188 298
191 298
193 298
195 298
205 298
212 298
215 298
218 298
222 298
232 298
247 298
273 298
275 298
278 298
281 298
285 298
292 298
295 298
296 298
1 299
8 299
18 299
22 299
23 299
25 299
27 299
38 299
41 299
43 299
46 299
55 299
63 299
67 299
71 299
80 299
81 299
84 299
93 299
94 299
98 299
107 299
109 299
114 299
127 299
129 299
141 299
142 299
150 299
163 299
166 299
167 299
170 299
172 299
175 299
179 299
185 299
187 299
189 299
192 299
194 299
195 299
197 299
200 299
202 299
210 299
213 299
221 299
234 299
239 299
241 299
244 299
247 299
248 299
253 299
254 299
255 299
260 299
265 299
