300 6370 5
5 7 5 5 5 5 5 5 7 5 7 7 6 7 7 6 7 6 8 6 5 6 6 4 4 7 7 5 6 4 6 5 6 5 7 5 6 5 5 4 4 6 6 6 4 7 6 5 6 5 4 6 5 6 6 7 5 5 6 6 5 8 5 6 6 5 6 5 5 6 7 4 4 7 7 4 7 5 4 6 6 7 5 5 6 6 5 5 7 4 6 5 7 5 6 6 6 7 7 4 4 6 6 4 7 4 4 5 5 6 6 5 7 4 4 6 7 6 5 7 4 5 7 7 5 5 6 7 6 3 6 5 4 7 6 5 6 6 6 6 5 5 4 5 5 5 6 6 5 5 5 6 4 4 6 6 4 3 4 6 6 4 6 5 7 5 6 4 5 5 5 5 5 5 5 5 6 7 5 4 6 5 7 5 4 6 5 5 4 6 4 6 5 4 6 6 6 6 6 5 5 6 7 5 5 6 6 4 6 7 6 5 7 5 5 5 5 7 6 4 7 6 5 5 5 5 5 6 6 4 5 3 7 5 6 7 5 4 7 5 5 5 5 5 6 6 5 5 5 6 3 6 7 5 5 6 6 6 6 4 3 5 5 7 7 5 7 6 5 6 6 6 4 8 7 7 4 5 5 4 6 6 7 7 7 5 5 3 7 6 5 6 6 6 7 4 5 7 4 5
2 3
4 5
4 6
2 7
5 8
0 10
3 11
5 11
7 11
8 12
6 13
11 13
0 14
6 14
6 15
8 15
5 16
9 16
13 16
9 17
9 18
11 18
12 18
3 19
9 19
3 20
13 20
15 20
1 21
9 21
2 22
5 22
9 22
11 22
13 22
18 22
3 23
8 23
2 24
6 24
17 24
1 25
7 25
11 25
16 25
6 26
10 26
15 26
20 26
23 26
24 26
25 26
1 27
10 27
11 27
14 27
19 27
23 27
1 28
2 28
3 28
7 28
9 28
18 28
23 28
0 29
23 29
3 30
8 30
14 30
24 30
2 31
15 31
18 31
23 31
15 32
23 32
0 33
6 33
23 33
27 33
29 33
31 33
0 34
8 34
19 34
28 34
29 34
6 35
8 35
10 35
26 35
15 36
19 36
17 37
19 37
23 37
32 37
6 38
12 38
23 38
25 38
30 38
5 39
10 39
17 39
22 39
34 39
2 40
21 40
26 40
38 40
1 41
8 41
17 41
30 41
35 41
5 42
18 42
23 42
28 42
34 42
3 43
5 43
6 43
15 43
39 43
41 43
1 44
7 44
22 44
24 44
32 44
6 45
19 45
24 45
34 45
37 45
41 45
0 46
2 46
9 46
10 46
0 47
3 47
12 47
14 47
19 47
27 47
9 48
14 48
32 48
37 48
38 48
42 48
15 49
29 49
31 49
32 49
33 49
34 49
36 49
39 49
40 49
0 50
6 50
18 50
27 50
2 51
3 51
9 51
14 51
22 51
23 51
37 51
45 51
2 52
9 52
37 52
50 52
2 53
5 53
9 53
19 53
27 53
35 53
36 53
0 54
4 54
7 54
24 54
27 54
28 54
29 54
30 54
35 54
40 54
48 54
9 55
10 55
23 55
36 55
38 55
42 55
45 55
48 55
50 55
52 55
5 56
8 56
17 56
19 56
24 56
32 56
35 56
39 56
45 56
1 57
7 57
17 57
24 57
39 57
44 57
47 57
51 57
14 58
15 58
18 58
20 58
27 58
31 58
33 58
34 58
35 58
36 58
38 58
44 58
3 59
16 59
25 59
28 59
43 59
5 60
6 60
7 60
57 60
0 61
29 61
39 61
1 62
3 62
9 62
14 62
32 62
43 62
48 62
52 62
53 62
56 62
0 63
14 63
19 63
22 63
24 63
26 63
27 63
33 63
49 63
51 63
58 63
15 64
16 64
23 64
31 64
36 64
55 64
60 64
0 65
8 65
12 65
21 65
22 65
37 65
51 65
61 65
62 65
9 66
10 66
16 66
18 66
22 66
23 66
29 66
35 66
41 66
42 66
45 66
49 66
51 66
56 66
24 67
26 67
27 67
29 67
30 67
39 67
50 67
55 67
56 67
62 67
65 67
6 68
11 68
40 68
57 68
2 69
3 69
6 69
14 69
19 69
20 69
28 69
31 69
33 69
38 69
49 69
51 69
53 69
54 69
59 69
6 70
25 70
32 70
38 70
45 70
47 70
49 70
59 70
5 71
10 71
11 71
19 71
21 71
24 71
27 71
33 71
36 71
39 71
48 71
49 71
1 72
4 72
8 72
25 72
35 72
49 72
58 72
64 72
70 72
5 73
11 73
20 73
21 73
26 73
37 73
42 73
45 73
47 73
50 73
53 73
61 73
72 73
2 74
4 74
7 74
20 74
28 74
50 74
56 74
13 75
28 75
31 75
40 75
43 75
46 75
71 75
72 75
3 76
12 76
15 76
22 76
30 76
50 76
57 76
66 76
69 76
70 76
73 76
11 77
14 77
17 77
29 77
31 77
35 77
36 77
67 77
68 77
69 77
76 77
0 78
10 78
14 78
15 78
16 78
29 78
40 78
46 78
56 78
57 78
58 78
61 78
64 78
76 78
5 79
10 79
17 79
24 79
33 79
44 79
56 79
61 79
72 79
1 80
13 80
17 80
23 80
37 80
43 80
56 80
57 80
58 80
62 80
65 80
73 80
76 80
78 80
2 81
9 81
17 81
20 81
21 81
26 81
36 81
37 81
40 81
41 81
46 81
49 81
54 81
55 81
61 81
74 81
79 81
23 82
30 82
38 82
41 82
46 82
51 82
70 82
73 82
79 82
7 83
9 83
11 83
18 83
23 83
24 83
25 83
26 83
36 83
41 83
46 83
64 83
68 83
72 83
14 84
24 84
25 84
35 84
42 84
52 84
55 84
58 84
76 84
78 84
13 85
14 85
22 85
44 85
54 85
56 85
84 85
5 86
30 86
38 86
45 86
47 86
49 86
69 86
72 86
11 87
14 87
20 87
41 87
47 87
59 87
65 87
73 87
79 87
6 88
20 88
23 88
29 88
35 88
36 88
39 88
67 88
77 88
81 88
1 89
4 89
5 89
8 89
11 89
25 89
34 89
37 89
45 89
48 89
59 89
63 89
73 89
81 89
82 89
2 90
6 90
12 90
14 90
16 90
39 90
52 90
72 90
79 90
82 90
85 90
2 91
6 91
9 91
15 91
17 91
23 91
34 91
47 91
62 91
64 91
80 91
82 91
90 91
17 92
21 92
41 92
45 92
46 92
49 92
53 92
70 92
71 92
73 92
85 92
6 93
16 93
20 93
26 93
32 93
45 93
65 93
66 93
69 93
73 93
81 93
83 93
19 94
25 94
31 94
43 94
44 94
49 94
51 94
68 94
71 94
72 94
73 94
79 94
82 94
88 94
90 94
93 94
1 95
8 95
11 95
22 95
24 95
30 95
32 95
36 95
72 95
80 95
81 95
82 95
84 95
94 95
5 96
7 96
9 96
18 96
23 96
29 96
40 96
81 96
92 96
93 96
8 97
23 97
24 97
25 97
31 97
32 97
33 97
45 97
46 97
51 97
52 97
68 97
69 97
71 97
72 97
79 97
83 97
3 98
8 98
9 98
15 98
22 98
24 98
27 98
33 98
45 98
49 98
51 98
52 98
69 98
81 98
88 98
11 99
15 99
16 99
22 99
27 99
33 99
43 99
51 99
69 99
85 99
88 99
11 100
23 100
28 100
29 100
30 100
33 100
37 100
38 100
40 100
69 100
95 100
9 101
11 101
14 101
19 101
20 101
21 101
36 101
38 101
40 101
41 101
46 101
47 101
65 101
83 101
87 101
89 101
96 101
8 102
9 102
11 102
13 102
32 102
43 102
56 102
66 102
73 102
74 102
76 102
77 102
84 102
91 102
96 102
100 102
101 102
3 103
4 103
9 103
12 103
35 103
58 103
61 103
62 103
87 103
91 103
28 104
40 104
70 104
76 104
82 104
90 104
99 104
4 105
9 105
11 105
16 105
23 105
29 105
32 105
40 105
47 105
61 105
62 105
93 105
103 105
2 106
17 106
19 106
21 106
29 106
40 106
43 106
54 106
55 106
58 106
77 106
89 106
97 106
12 107
13 107
20 107
22 107
25 107
31 107
34 107
35 107
46 107
56 107
69 107
71 107
82 107
85 107
102 107
2 108
15 108
22 108
34 108
36 108
47 108
49 108
52 108
53 108
57 108
58 108
60 108
73 108
81 108
85 108
104 108
107 108
0 109
8 109
9 109
10 109
20 109
21 109
24 109
56 109
65 109
69 109
70 109
71 109
74 109
81 109
88 109
90 109
94 109
106 109
108 109
7 110
17 110
19 110
22 110
23 110
30 110
31 110
36 110
51 110
60 110
61 110
62 110
72 110
78 110
103 110
107 110
3 111
5 111
20 111
28 111
45 111
59 111
61 111
71 111
73 111
77 111
100 111
1 112
4 112
8 112
10 112
23 112
29 112
36 112
42 112
44 112
72 112
76 112
77 112
81 112
82 112
111 112
4 113
11 113
37 113
46 113
47 113
50 113
65 113
72 113
84 113
91 113
97 113
106 113
10 114
30 114
33 114
41 114
45 114
54 114
59 114
65 114
94 114
1 115
2 115
5 115
8 115
12 115
15 115
17 115
58 115
63 115
88 115
92 115
94 115
97 115
111 115
114 115
28 116
31 116
32 116
43 116
44 116
51 116
65 116
83 116
92 116
110 116
7 117
16 117
19 117
26 117
30 117
31 117
35 117
37 117
40 117
49 117
54 117
71 117
72 117
83 117
90 117
91 117
103 117
104 117
105 117
107 117
109 117
110 117
111 117
114 117
4 118
6 118
8 118
10 118
13 118
19 118
27 118
28 118
46 118
72 118
74 118
75 118
76 118
82 118
88 118
97 118
12 119
19 119
33 119
34 119
39 119
41 119
43 119
44 119
48 119
51 119
63 119
77 119
80 119
90 119
102 119
104 119
107 119
111 119
116 119
3 120
6 120
11 120
14 120
19 120
28 120
30 120
33 120
34 120
39 120
41 120
45 120
46 120
51 120
54 120
57 120
62 120
69 120
72 120
82 120
93 120
96 120
97 120
99 120
103 120
104 120
106 120
108 120
110 120
117 120
7 121
9 121
11 121
15 121
18 121
27 121
30 121
41 121
59 121
60 121
66 121
76 121
78 121
84 121
92 121
94 121
99 121
100 121
103 121
104 121
115 121
3 122
4 122
7 122
23 122
25 122
42 122
47 122
52 122
74 122
94 122
96 122
99 122
101 122
106 122
108 122
113 122
2 123
14 123
16 123
32 123
43 123
55 123
56 123
70 123
71 123
77 123
86 123
87 123
93 123
109 123
114 123
115 123
117 123
119 123
120 123
10 124
17 124
20 124
21 124
31 124
39 124
56 124
65 124
67 124
77 124
96 124
107 124
112 124
115 124
121 124
12 125
28 125
30 125
36 125
55 125
66 125
68 125
72 125
79 125
80 125
82 125
95 125
101 125
110 125
1 126
6 126
10 126
12 126
21 126
28 126
40 126
51 126
64 126
78 126
82 126
104 126
109 126
113 126
115 126
123 126
10 127
28 127
35 127
54 127
57 127
58 127
61 127
62 127
76 127
81 127
86 127
95 127
103 127
2 128
8 128
13 128
18 128
19 128
22 128
34 128
45 128
49 128
50 128
60 128
75 128
78 128
82 128
86 128
88 128
90 128
102 128
112 128
113 128
117 128
122 128
124 128
126 128
127 128
10 129
18 129
22 129
25 129
47 129
49 129
51 129
56 129
63 129
80 129
81 129
85 129
108 129
116 129
126 129
5 130
7 130
20 130
23 130
27 130
28 130
32 130
33 130
36 130
40 130
51 130
65 130
70 130
80 130
84 130
90 130
92 130
93 130
97 130
102 130
110 130
112 130
122 130
10 131
34 131
40 131
41 131
42 131
44 131
61 131
78 131
81 131
84 131
98 131
110 131
113 131
116 131
121 131
122 131
5 132
8 132
14 132
18 132
19 132
25 132
29 132
43 132
45 132
48 132
57 132
63 132
69 132
70 132
71 132
83 132
84 132
86 132
94 132
99 132
103 132
107 132
118 132
130 132
12 133
25 133
29 133
35 133
45 133
48 133
58 133
79 133
86 133
90 133
98 133
19 134
20 134
22 134
41 134
43 134
70 134
78 134
87 134
91 134
121 134
122 134
130 134
8 135
10 135
14 135
28 135
49 135
53 135
62 135
65 135
67 135
70 135
73 135
78 135
83 135
84 135
103 135
109 135
116 135
131 135
8 136
22 136
36 136
43 136
64 136
68 136
73 136
76 136
79 136
80 136
81 136
83 136
84 136
97 136
100 136
111 136
116 136
124 136
128 136
131 136
134 136
5 137
7 137
10 137
16 137
24 137
25 137
30 137
47 137
51 137
53 137
62 137
69 137
70 137
89 137
100 137
0 138
3 138
24 138
36 138
40 138
44 138
46 138
48 138
54 138
59 138
78 138
87 138
89 138
91 138
102 138
104 138
105 138
113 138
118 138
124 138
131 138
7 139
12 139
16 139
17 139
30 139
33 139
37 139
43 139
47 139
53 139
61 139
71 139
75 139
82 139
87 139
89 139
101 139
108 139
114 139
124 139
127 139
131 139
133 139
135 139
3 140
29 140
33 140
40 140
43 140
49 140
90 140
93 140
99 140
102 140
106 140
112 140
128 140
129 140
3 141
10 141
18 141
33 141
34 141
42 141
45 141
57 141
58 141
63 141
68 141
69 141
70 141
82 141
83 141
85 141
88 141
100 141
101 141
105 141
113 141
115 141
121 141
124 141
128 141
130 141
133 141
136 141
140 141
6 142
10 142
28 142
32 142
33 142
35 142
39 142
46 142
47 142
59 142
72 142
73 142
76 142
80 142
81 142
102 142
115 142
121 142
123 142
129 142
132 142
1 143
5 143
7 143
15 143
27 143
38 143
40 143
49 143
53 143
75 143
82 143
83 143
87 143
96 143
100 143
121 143
124 143
140 143
6 144
11 144
18 144
26 144
38 144
41 144
45 144
51 144
54 144
69 144
82 144
86 144
87 144
96 144
108 144
114 144
116 144
125 144
130 144
135 144
137 144
5 145
8 145
16 145
17 145
26 145
36 145
37 145
38 145
41 145
45 145
49 145
59 145
64 145
65 145
66 145
68 145
69 145
75 145
82 145
86 145
101 145
105 145
113 145
7 146
12 146
14 146
22 146
50 146
56 146
61 146
74 146
84 146
87 146
104 146
114 146
130 146
143 146
144 146
3 147
24 147
44 147
48 147
49 147
53 147
58 147
66 147
71 147
82 147
83 147
89 147
103 147
115 147
117 147
139 147
7 148
10 148
11 148
21 148
49 148
64 148
65 148
70 148
75 148
81 148
82 148
99 148
108 148
111 148
115 148
117 148
119 148
122 148
124 148
128 148
136 148
13 149
15 149
29 149
32 149
36 149
48 149
60 149
65 149
74 149
77 149
78 149
89 149
92 149
98 149
99 149
105 149
112 149
119 149
120 149
124 149
139 149
146 149
147 149
148 149
5 150
17 150
36 150
37 150
54 150
63 150
67 150
75 150
76 150
78 150
98 150
99 150
101 150
108 150
109 150
111 150
117 150
128 150
138 150
140 150
8 151
15 151
17 151
25 151
28 151
29 151
46 151
52 151
53 151
55 151
58 151
63 151
65 151
68 151
76 151
82 151
92 151
102 151
112 151
125 151
132 151
135 151
5 152
9 152
15 152
23 152
33 152
34 152
37 152
39 152
53 152
67 152
69 152
74 152
79 152
89 152
92 152
118 152
119 152
122 152
125 152
128 152
130 152
135 152
136 152
141 152
145 152
151 152
1 153
3 153
6 153
12 153
17 153
19 153
26 153
32 153
39 153
44 153
48 153
55 153
57 153
59 153
80 153
86 153
89 153
98 153
100 153
107 153
113 153
117 153
118 153
127 153
128 153
138 153
27 154
34 154
53 154
65 154
69 154
74 154
76 154
88 154
100 154
103 154
113 154
114 154
115 154
117 154
131 154
139 154
141 154
149 154
152 154
9 155
13 155
20 155
25 155
35 155
39 155
46 155
49 155
59 155
76 155
94 155
95 155
100 155
119 155
127 155
0 156
3 156
5 156
11 156
25 156
28 156
37 156
39 156
56 156
58 156
64 156
65 156
70 156
71 156
74 156
77 156
78 156
80 156
88 156
94 156
99 156
100 156
103 156
109 156
115 156
121 156
124 156
137 156
144 156
145 156
152 156
1 157
5 157
11 157
18 157
23 157
24 157
30 157
31 157
50 157
53 157
59 157
68 157
75 157
76 157
77 157
82 157
93 157
98 157
119 157
121 157
148 157
150 157
5 158
7 158
9 158
27 158
29 158
37 158
41 158
51 158
55 158
56 158
57 158
60 158
64 158
81 158
95 158
96 158
126 158
128 158
131 158
135 158
136 158
138 158
14 159
27 159
30 159
38 159
41 159
46 159
58 159
71 159
90 159
106 159
119 159
139 159
146 159
148 159
154 159
158 159
7 160
19 160
22 160
26 160
29 160
39 160
47 160
50 160
53 160
54 160
56 160
61 160
66 160
71 160
80 160
81 160
106 160
112 160
116 160
120 160
129 160
130 160
144 160
145 160
146 160
147 160
149 160
150 160
11 161
19 161
34 161
37 161
40 161
57 161
58 161
63 161
71 161
76 161
79 161
86 161
87 161
99 161
100 161
109 161
122 161
141 161
155 161
6 162
10 162
12 162
26 162
31 162
34 162
40 162
44 162
47 162
54 162
57 162
61 162
64 162
74 162
94 162
101 162
105 162
113 162
118 162
128 162
138 162
142 162
150 162
154 162
4 163
8 163
11 163
18 163
25 163
27 163
32 163
34 163
38 163
44 163
45 163
46 163
54 163
73 163
89 163
101 163
105 163
111 163
121 163
129 163
131 163
135 163
146 163
4 164
5 164
11 164
12 164
31 164
32 164
33 164
40 164
43 164
49 164
53 164
61 164
74 164
98 164
106 164
110 164
121 164
124 164
136 164
140 164
143 164
151 164
153 164
156 164
161 164
162 164
163 164
6 165
7 165
17 165
18 165
29 165
34 165
37 165
46 165
71 165
73 165
77 165
101 165
106 165
112 165
117 165
125 165
129 165
138 165
142 165
143 165
147 165
152 165
156 165
159 165
161 165
162 165
163 165
164 165
3 166
9 166
18 166
31 166
34 166
38 166
48 166
54 166
56 166
69 166
76 166
83 166
86 166
89 166
97 166
121 166
132 166
136 166
159 166
163 166
3 167
19 167
22 167
25 167
29 167
36 167
53 167
62 167
76 167
82 167
83 167
97 167
98 167
111 167
115 167
120 167
121 167
123 167
129 167
136 167
138 167
143 167
144 167
147 167
156 167
165 167
3 168
21 168
24 168
27 168
46 168
47 168
55 168
60 168
75 168
87 168
88 168
89 168
90 168
98 168
111 168
118 168
122 168
148 168
151 168
152 168
153 168
163 168
164 168
2 169
5 169
21 169
23 169
29 169
41 169
42 169
47 169
48 169
67 169
69 169
97 169
110 169
113 169
135 169
145 169
157 169
168 169
3 170
5 170
42 170
59 170
60 170
61 170
62 170
64 170
72 170
87 170
90 170
92 170
97 170
98 170
105 170
111 170
112 170
118 170
132 170
149 170
158 170
160 170
162 170
164 170
6 171
8 171
13 171
21 171
27 171
29 171
40 171
41 171
57 171
72 171
97 171
98 171
111 171
116 171
117 171
121 171
122 171
126 171
140 171
147 171
152 171
153 171
154 171
161 171
2 172
7 172
8 172
11 172
27 172
38 172
43 172
52 172
58 172
83 172
90 172
92 172
94 172
95 172
98 172
108 172
116 172
120 172
130 172
134 172
143 172
147 172
169 172
2 173
3 173
7 173
18 173
23 173
29 173
33 173
34 173
36 173
63 173
64 173
77 173
86 173
89 173
98 173
105 173
106 173
108 173
110 173
112 173
121 173
124 173
135 173
152 173
167 173
6 174
7 174
10 174
12 174
14 174
15 174
19 174
38 174
46 174
56 174
60 174
69 174
70 174
77 174
78 174
98 174
103 174
104 174
110 174
118 174
126 174
127 174
129 174
135 174
136 174
160 174
165 174
169 174
8 175
13 175
20 175
27 175
29 175
32 175
37 175
43 175
49 175
56 175
63 175
72 175
73 175
88 175
100 175
119 175
125 175
130 175
138 175
155 175
157 175
162 175
173 175
3 176
4 176
6 176
19 176
23 176
40 176
48 176
51 176
71 176
77 176
78 176
87 176
96 176
100 176
103 176
104 176
106 176
114 176
120 176
121 176
128 176
133 176
135 176
137 176
138 176
145 176
153 176
171 176
173 176
5 177
8 177
11 177
12 177
28 177
40 177
47 177
67 177
74 177
77 177
93 177
94 177
98 177
99 177
104 177
106 177
108 177
109 177
119 177
136 177
145 177
162 177
5 178
12 178
19 178
24 178
27 178
30 178
31 178
39 178
52 178
57 178
83 178
92 178
109 178
120 178
128 178
130 178
140 178
159 178
160 178
162 178
177 178
11 179
18 179
31 179
36 179
54 179
56 179
71 179
100 179
101 179
105 179
115 179
118 179
119 179
144 179
145 179
146 179
147 179
148 179
154 179
160 179
165 179
168 179
173 179
175 179
8 180
11 180
14 180
15 180
27 180
29 180
34 180
36 180
61 180
62 180
66 180
67 180
79 180
83 180
97 180
110 180
117 180
120 180
133 180
143 180
152 180
157 180
168 180
27 181
32 181
34 181
36 181
50 181
63 181
67 181
68 181
75 181
100 181
108 181
113 181
118 181
143 181
146 181
147 181
151 181
159 181
162 181
164 181
165 181
176 181
0 182
33 182
40 182
42 182
46 182
49 182
78 182
94 182
99 182
100 182
109 182
118 182
119 182
125 182
129 182
133 182
142 182
166 182
167 182
175 182
178 182
7 183
8 183
14 183
17 183
24 183
25 183
27 183
33 183
47 183
58 183
60 183
62 183
67 183
70 183
78 183
81 183
83 183
86 183
90 183
93 183
95 183
98 183
106 183
111 183
123 183
132 183
135 183
146 183
159 183
168 183
169 183
2 184
11 184
16 184
23 184
34 184
44 184
51 184
60 184
61 184
68 184
86 184
89 184
107 184
111 184
117 184
118 184
126 184
151 184
156 184
159 184
178 184
4 185
29 185
30 185
31 185
40 185
44 185
45 185
51 185
63 185
74 185
93 185
97 185
99 185
114 185
115 185
118 185
143 185
156 185
157 185
162 185
165 185
168 185
174 185
176 185
181 185
183 185
16 186
17 186
34 186
37 186
74 186
86 186
93 186
104 186
109 186
113 186
122 186
130 186
135 186
150 186
159 186
164 186
170 186
176 186
178 186
7 187
20 187
25 187
29 187
30 187
35 187
36 187
42 187
44 187
53 187
58 187
75 187
78 187
79 187
81 187
90 187
95 187
98 187
109 187
117 187
122 187
128 187
130 187
131 187
136 187
138 187
142 187
145 187
154 187
161 187
177 187
183 187
8 188
9 188
11 188
13 188
19 188
21 188
35 188
38 188
42 188
52 188
54 188
59 188
71 188
83 188
89 188
92 188
106 188
110 188
122 188
126 188
131 188
135 188
137 188
140 188
143 188
149 188
152 188
153 188
156 188
157 188
17 189
21 189
34 189
41 189
44 189
49 189
51 189
53 189
61 189
69 189
71 189
79 189
80 189
115 189
127 189
134 189
142 189
145 189
147 189
154 189
157 189
164 189
181 189
188 189
7 190
10 190
29 190
33 190
34 190
35 190
42 190
47 190
68 190
69 190
72 190
74 190
75 190
77 190
82 190
89 190
90 190
96 190
99 190
101 190
110 190
117 190
123 190
128 190
135 190
140 190
144 190
162 190
165 190
167 190
170 190
176 190
0 191
5 191
8 191
11 191
15 191
31 191
34 191
36 191
54 191
71 191
80 191
90 191
93 191
94 191
97 191
102 191
104 191
110 191
142 191
144 191
150 191
154 191
160 191
170 191
172 191
182 191
183 191
3 192
7 192
13 192
16 192
18 192
24 192
26 192
53 192
54 192
60 192
65 192
68 192
80 192
94 192
104 192
106 192
116 192
133 192
134 192
142 192
150 192
157 192
162 192
166 192
167 192
168 192
173 192
182 192
185 192
190 192
2 193
15 193
36 193
41 193
53 193
61 193
63 193
71 193
83 193
84 193
87 193
92 193
99 193
112 193
114 193
115 193
119 193
135 193
139 193
141 193
142 193
145 193
153 193
156 193
163 193
5 194
8 194
25 194
31 194
39 194
40 194
41 194
56 194
57 194
59 194
64 194
65 194
71 194
73 194
78 194
96 194
97 194
105 194
109 194
114 194
123 194
124 194
129 194
135 194
144 194
154 194
163 194
165 194
176 194
2 195
7 195
8 195
13 195
22 195
31 195
47 195
49 195
53 195
72 195
76 195
80 195
82 195
92 195
93 195
100 195
109 195
113 195
118 195
122 195
133 195
138 195
141 195
142 195
147 195
156 195
161 195
167 195
168 195
189 195
192 195
194 195
2 196
9 196
21 196
30 196
35 196
40 196
45 196
49 196
51 196
57 196
68 196
77 196
79 196
84 196
87 196
97 196
105 196
106 196
113 196
114 196
117 196
119 196
133 196
135 196
136 196
160 196
161 196
163 196
168 196
179 196
192 196
0 197
4 197
8 197
14 197
17 197
27 197
51 197
52 197
57 197
64 197
70 197
76 197
80 197
83 197
86 197
87 197
88 197
97 197
106 197
112 197
130 197
137 197
138 197
146 197
147 197
149 197
153 197
156 197
169 197
171 197
174 197
181 197
182 197
183 197
184 197
21 198
27 198
36 198
38 198
43 198
53 198
54 198
73 198
76 198
79 198
99 198
101 198
105 198
108 198
110 198
119 198
125 198
127 198
136 198
140 198
141 198
146 198
161 198
165 198
173 198
186 198
192 198
10 199
18 199
19 199
25 199
26 199
31 199
33 199
34 199
54 199
59 199
69 199
71 199
79 199
80 199
90 199
93 199
105 199
113 199
116 199
119 199
122 199
123 199
142 199
155 199
168 199
176 199
178 199
179 199
182 199
195 199
7 200
19 200
39 200
40 200
46 200
47 200
50 200
55 200
62 200
72 200
73 200
85 200
88 200
91 200
109 200
120 200
122 200
126 200
133 200
137 200
149 200
151 200
152 200
166 200
170 200
173 200
178 200
186 200
188 200
197 200
0 201
6 201
7 201
15 201
19 201
34 201
42 201
46 201
47 201
60 201
64 201
79 201
86 201
87 201
93 201
113 201
131 201
136 201
144 201
155 201
157 201
175 201
188 201
200 201
0 202
4 202
5 202
11 202
19 202
28 202
36 202
37 202
43 202
44 202
58 202
60 202
66 202
69 202
70 202
92 202
95 202
96 202
101 202
110 202
117 202
118 202
125 202
135 202
137 202
143 202
162 202
173 202
174 202
181 202
189 202
198 202
11 203
30 203
35 203
42 203
43 203
67 203
69 203
78 203
81 203
99 203
110 203
112 203
116 203
140 203
144 203
151 203
152 203
159 203
161 203
176 203
181 203
186 203
0 204
3 204
19 204
37 204
43 204
45 204
51 204
66 204
67 204
70 204
77 204
81 204
82 204
88 204
94 204
102 204
104 204
113 204
119 204
126 204
130 204
136 204
148 204
155 204
164 204
167 204
174 204
176 204
180 204
184 204
186 204
199 204
1 205
4 205
11 205
12 205
26 205
32 205
39 205
64 205
67 205
72 205
82 205
83 205
87 205
94 205
106 205
109 205
130 205
142 205
148 205
151 205
153 205
155 205
173 205
174 205
185 205
189 205
197 205
5 206
8 206
15 206
17 206
18 206
28 206
33 206
50 206
56 206
59 206
66 206
69 206
81 206
82 206
89 206
90 206
103 206
115 206
119 206
121 206
125 206
130 206
133 206
140 206
150 206
154 206
158 206
163 206
179 206
188 206
193 206
4 207
5 207
6 207
21 207
24 207
25 207
32 207
41 207
58 207
63 207
76 207
77 207
78 207
80 207
82 207
88 207
94 207
95 207
104 207
107 207
108 207
119 207
122 207
123 207
137 207
138 207
145 207
151 207
161 207
165 207
172 207
182 207
188 207
197 207
202 207
203 207
4 208
25 208
34 208
37 208
39 208
44 208
46 208
47 208
49 208
58 208
60 208
69 208
78 208
79 208
80 208
90 208
94 208
98 208
118 208
125 208
141 208
155 208
159 208
166 208
173 208
4 209
21 209
22 209
23 209
24 209
25 209
26 209
29 209
30 209
40 209
47 209
75 209
86 209
89 209
95 209
102 209
107 209
109 209
126 209
128 209
129 209
130 209
145 209
153 209
155 209
162 209
184 209
195 209
201 209
204 209
205 209
3 210
5 210
7 210
17 210
22 210
25 210
36 210
44 210
49 210
51 210
55 210
61 210
71 210
72 210
76 210
83 210
85 210
88 210
90 210
101 210
106 210
113 210
120 210
129 210
135 210
136 210
138 210
142 210
161 210
183 210
190 210
192 210
195 210
196 210
200 210
1 211
5 211
22 211
23 211
25 211
28 211
32 211
43 211
57 211
61 211
71 211
78 211
90 211
92 211
100 211
102 211
103 211
107 211
109 211
110 211
111 211
115 211
134 211
143 211
155 211
164 211
172 211
177 211
179 211
192 211
193 211
196 211
199 211
201 211
203 211
205 211
3 212
5 212
12 212
16 212
17 212
21 212
26 212
28 212
29 212
50 212
57 212
61 212
83 212
86 212
98 212
103 212
110 212
120 212
127 212
133 212
134 212
137 212
166 212
168 212
169 212
170 212
175 212
180 212
183 212
188 212
5 213
15 213
35 213
46 213
53 213
72 213
73 213
78 213
80 213
86 213
92 213
98 213
110 213
120 213
125 213
132 213
138 213
146 213
155 213
165 213
166 213
167 213
169 213
172 213
175 213
178 213
180 213
191 213
195 213
23 214
37 214
39 214
40 214
53 214
65 214
74 214
78 214
82 214
88 214
93 214
104 214
107 214
108 214
117 214
120 214
123 214
134 214
148 214
154 214
168 214
175 214
183 214
192 214
197 214
203 214
210 214
212 214
1 215
6 215
7 215
18 215
22 215
27 215
32 215
33 215
34 215
44 215
47 215
48 215
60 215
67 215
70 215
81 215
86 215
87 215
104 215
113 215
116 215
133 215
140 215
150 215
165 215
175 215
181 215
183 215
200 215
205 215
211 215
213 215
14 216
18 216
20 216
24 216
31 216
41 216
47 216
52 216
54 216
56 216
64 216
65 216
69 216
74 216
75 216
89 216
91 216
99 216
102 216
112 216
113 216
119 216
120 216
121 216
129 216
130 216
149 216
150 216
153 216
154 216
163 216
169 216
179 216
181 216
187 216
189 216
194 216
16 217
17 217
40 217
45 217
58 217
62 217
65 217
72 217
83 217
87 217
102 217
106 217
115 217
120 217
121 217
132 217
135 217
140 217
147 217
149 217
151 217
180 217
202 217
203 217
2 218
19 218
20 218
23 218
25 218
27 218
35 218
36 218
37 218
40 218
45 218
46 218
66 218
70 218
71 218
78 218
87 218
90 218
95 218
99 218
101 218
106 218
112 218
118 218
124 218
128 218
130 218
138 218
144 218
161 218
162 218
164 218
179 218
193 218
200 218
205 218
212 218
214 218
0 219
5 219
18 219
19 219
20 219
22 219
24 219
28 219
34 219
38 219
45 219
65 219
107 219
116 219
146 219
150 219
156 219
158 219
166 219
167 219
169 219
174 219
179 219
184 219
190 219
193 219
196 219
199 219
200 219
201 219
216 219
8 220
32 220
40 220
53 220
58 220
64 220
70 220
122 220
127 220
128 220
135 220
143 220
148 220
164 220
181 220
205 220
217 220
1 221
5 221
12 221
16 221
31 221
35 221
43 221
48 221
50 221
58 221
60 221
61 221
64 221
75 221
79 221
80 221
96 221
100 221
108 221
112 221
115 221
119 221
120 221
122 221
124 221
153 221
160 221
170 221
185 221
203 221
206 221
210 221
215 221
1 222
2 222
7 222
16 222
24 222
35 222
47 222
49 222
53 222
55 222
56 222
57 222
60 222
63 222
66 222
76 222
78 222
81 222
84 222
88 222
95 222
102 222
109 222
115 222
117 222
122 222
155 222
170 222
173 222
174 222
176 222
182 222
190 222
199 222
203 222
218 222
1 223
5 223
6 223
10 223
12 223
13 223
29 223
30 223
31 223
51 223
74 223
75 223
78 223
97 223
100 223
109 223
115 223
137 223
141 223
170 223
175 223
184 223
191 223
200 223
204 223
7 224
12 224
13 224
27 224
37 224
44 224
78 224
83 224
97 224
98 224
104 224
106 224
108 224
112 224
121 224
122 224
135 224
138 224
146 224
152 224
158 224
160 224
171 224
184 224
186 224
187 224
189 224
190 224
192 224
193 224
201 224
207 224
209 224
213 224
217 224
12 225
23 225
25 225
29 225
41 225
58 225
67 225
83 225
84 225
109 225
114 225
115 225
120 225
126 225
135 225
144 225
149 225
153 225
155 225
162 225
165 225
167 225
176 225
177 225
178 225
182 225
183 225
184 225
196 225
198 225
205 225
216 225
23 226
28 226
33 226
45 226
49 226
61 226
72 226
75 226
76 226
79 226
82 226
83 226
103 226
107 226
118 226
126 226
127 226
147 226
157 226
161 226
162 226
165 226
169 226
172 226
173 226
185 226
196 226
211 226
212 226
220 226
223 226
1 227
2 227
6 227
10 227
15 227
22 227
25 227
53 227
58 227
65 227
83 227
87 227
94 227
100 227
105 227
106 227
110 227
120 227
121 227
124 227
137 227
157 227
166 227
181 227
183 227
201 227
204 227
206 227
208 227
211 227
212 227
215 227
2 228
3 228
6 228
9 228
10 228
38 228
44 228
56 228
73 228
75 228
81 228
83 228
86 228
91 228
92 228
95 228
115 228
129 228
133 228
138 228
141 228
145 228
156 228
176 228
183 228
188 228
189 228
191 228
194 228
209 228
214 228
224 228
2 229
8 229
19 229
27 229
32 229
34 229
37 229
39 229
40 229
61 229
66 229
69 229
71 229
73 229
95 229
98 229
121 229
130 229
142 229
153 229
167 229
168 229
172 229
176 229
178 229
183 229
191 229
197 229
9 230
23 230
27 230
30 230
33 230
46 230
52 230
63 230
78 230
82 230
87 230
91 230
95 230
97 230
120 230
122 230
123 230
126 230
133 230
139 230
148 230
150 230
151 230
159 230
170 230
180 230
181 230
182 230
202 230
204 230
211 230
215 230
218 230
222 230
226 230
227 230
5 231
31 231
32 231
35 231
43 231
44 231
49 231
68 231
77 231
92 231
100 231
101 231
102 231
112 231
117 231
118 231
138 231
144 231
149 231
152 231
156 231
159 231
167 231
172 231
176 231
183 231
189 231
190 231
196 231
204 231
205 231
206 231
214 231
229 231
230 231
3 232
8 232
18 232
36 232
39 232
43 232
53 232
63 232
96 232
108 232
111 232
114 232
122 232
154 232
171 232
176 232
178 232
185 232
189 232
190 232
230 232
7 233
12 233
18 233
24 233
32 233
34 233
68 233
73 233
75 233
85 233
92 233
98 233
104 233
114 233
119 233
129 233
134 233
135 233
138 233
145 233
147 233
167 233
181 233
187 233
205 233
215 233
218 233
225 233
227 233
229 233
0 234
9 234
10 234
11 234
12 234
16 234
18 234
19 234
20 234
29 234
60 234
62 234
68 234
70 234
86 234
98 234
100 234
104 234
109 234
115 234
118 234
127 234
128 234
129 234
132 234
133 234
137 234
144 234
151 234
153 234
154 234
162 234
180 234
190 234
192 234
193 234
197 234
207 234
208 234
209 234
210 234
217 234
226 234
227 234
232 234
1 235
7 235
17 235
32 235
45 235
48 235
51 235
52 235
62 235
66 235
67 235
81 235
98 235
100 235
102 235
106 235
112 235
114 235
127 235
134 235
140 235
141 235
160 235
165 235
167 235
172 235
174 235
177 235
178 235
186 235
195 235
205 235
206 235
208 235
218 235
220 235
230 235
0 236
3 236
7 236
9 236
18 236
21 236
24 236
45 236
50 236
66 236
79 236
103 236
105 236
108 236
121 236
122 236
126 236
131 236
133 236
138 236
145 236
146 236
160 236
161 236
163 236
165 236
172 236
176 236
178 236
184 236
203 236
207 236
209 236
211 236
219 236
12 237
23 237
30 237
40 237
44 237
54 237
55 237
59 237
75 237
82 237
83 237
85 237
108 237
110 237
118 237
128 237
129 237
137 237
138 237
168 237
177 237
193 237
195 237
200 237
202 237
210 237
214 237
217 237
233 237
234 237
8 238
9 238
15 238
33 238
42 238
46 238
47 238
61 238
66 238
69 238
71 238
73 238
76 238
93 238
101 238
108 238
114 238
123 238
129 238
136 238
140 238
177 238
186 238
189 238
201 238
212 238
213 238
221 238
229 238
0 239
7 239
18 239
22 239
25 239
33 239
36 239
40 239
41 239
46 239
49 239
56 239
65 239
71 239
84 239
93 239
103 239
111 239
115 239
116 239
117 239
118 239
122 239
127 239
128 239
132 239
133 239
136 239
140 239
142 239
147 239
150 239
151 239
153 239
154 239
156 239
157 239
167 239
171 239
195 239
204 239
206 239
214 239
229 239
7 240
22 240
36 240
41 240
42 240
52 240
61 240
63 240
64 240
77 240
91 240
110 240
116 240
131 240
142 240
155 240
162 240
168 240
170 240
171 240
182 240
191 240
204 240
208 240
216 240
220 240
228 240
13 241
14 241
20 241
31 241
36 241
56 241
63 241
66 241
69 241
71 241
77 241
85 241
89 241
94 241
97 241
117 241
120 241
123 241
129 241
136 241
138 241
147 241
148 241
153 241
162 241
163 241
164 241
175 241
176 241
186 241
188 241
193 241
196 241
209 241
216 241
220 241
221 241
234 241
7 242
15 242
17 242
22 242
25 242
30 242
34 242
43 242
51 242
59 242
61 242
68 242
74 242
82 242
83 242
85 242
102 242
105 242
112 242
113 242
118 242
120 242
123 242
127 242
130 242
141 242
148 242
149 242
152 242
155 242
160 242
166 242
167 242
170 242
186 242
187 242
188 242
193 242
199 242
203 242
219 242
226 242
228 242
235 242
239 242
3 243
9 243
13 243
20 243
32 243
35 243
40 243
44 243
46 243
47 243
56 243
58 243
70 243
76 243
77 243
81 243
82 243
86 243
87 243
88 243
101 243
108 243
117 243
121 243
124 243
131 243
136 243
138 243
142 243
163 243
164 243
168 243
194 243
203 243
207 243
208 243
216 243
226 243
228 243
236 243
240 243
0 244
7 244
14 244
22 244
34 244
35 244
47 244
54 244
71 244
73 244
77 244
80 244
84 244
92 244
94 244
98 244
108 244
140 244
141 244
158 244
170 244
184 244
188 244
189 244
190 244
195 244
202 244
204 244
206 244
208 244
209 244
214 244
239 244
0 245
5 245
10 245
11 245
19 245
21 245
23 245
27 245
31 245
51 245
53 245
56 245
58 245
63 245
87 245
95 245
107 245
112 245
117 245
134 245
141 245
167 245
178 245
185 245
186 245
187 245
189 245
194 245
203 245
213 245
215 245
218 245
219 245
2 246
15 246
18 246
34 246
37 246
38 246
43 246
63 246
88 246
110 246
130 246
138 246
161 246
178 246
181 246
183 246
184 246
194 246
210 246
232 246
233 246
234 246
244 246
4 247
5 247
7 247
11 247
13 247
14 247
16 247
18 247
34 247
43 247
44 247
46 247
77 247
109 247
120 247
121 247
138 247
141 247
144 247
179 247
185 247
199 247
208 247
209 247
239 247
1 248
9 248
11 248
28 248
40 248
67 248
81 248
90 248
106 248
112 248
127 248
128 248
133 248
139 248
142 248
151 248
162 248
166 248
168 248
188 248
227 248
235 248
245 248
4 249
22 249
29 249
31 249
32 249
33 249
37 249
40 249
42 249
44 249
45 249
54 249
68 249
72 249
86 249
89 249
109 249
114 249
124 249
127 249
146 249
151 249
153 249
163 249
188 249
189 249
204 249
218 249
220 249
230 249
247 249
248 249
5 250
7 250
8 250
10 250
16 250
37 250
45 250
46 250
48 250
50 250
54 250
57 250
72 250
74 250
76 250
84 250
88 250
91 250
98 250
102 250
103 250
104 250
115 250
123 250
135 250
136 250
142 250
157 250
161 250
166 250
182 250
188 250
189 250
193 250
194 250
202 250
206 250
208 250
224 250
230 250
4 251
18 251
40 251
48 251
51 251
65 251
73 251
74 251
75 251
81 251
82 251
84 251
91 251
94 251
97 251
106 251
110 251
113 251
119 251
120 251
133 251
138 251
143 251
144 251
146 251
151 251
152 251
157 251
168 251
176 251
180 251
184 251
187 251
190 251
195 251
212 251
234 251
236 251
245 251
248 251
250 251
2 252
7 252
9 252
15 252
30 252
39 252
51 252
55 252
57 252
58 252
61 252
66 252
68 252
77 252
78 252
79 252
80 252
82 252
83 252
89 252
97 252
108 252
122 252
123 252
127 252
146 252
155 252
156 252
164 252
166 252
169 252
171 252
175 252
178 252
179 252
206 252
208 252
215 252
227 252
241 252
13 253
19 253
20 253
24 253
25 253
30 253
39 253
47 253
50 253
53 253
60 253
62 253
66 253
72 253
87 253
90 253
95 253
96 253
101 253
110 253
119 253
123 253
128 253
131 253
136 253
148 253
149 253
175 253
177 253
203 253
207 253
213 253
215 253
218 253
226 253
230 253
234 253
237 253
240 253
248 253
1 254
7 254
17 254
21 254
37 254
40 254
46 254
56 254
57 254
62 254
66 254
70 254
71 254
80 254
86 254
102 254
104 254
107 254
111 254
114 254
138 254
139 254
147 254
161 254
172 254
173 254
175 254
176 254
178 254
187 254
201 254
208 254
215 254
216 254
220 254
223 254
228 254
233 254
247 254
253 254
1 255
3 255
9 255
10 255
15 255
27 255
39 255
45 255
49 255
55 255
73 255
79 255
96 255
98 255
100 255
110 255
138 255
140 255
143 255
145 255
149 255
173 255
179 255
186 255
197 255
198 255
201 255
206 255
213 255
234 255
242 255
250 255
254 255
1 256
8 256
11 256
17 256
21 256
26 256
31 256
32 256
42 256
50 256
58 256
65 256
67 256
69 256
106 256
111 256
116 256
117 256
121 256
125 256
130 256
140 256
144 256
176 256
177 256
181 256
190 256
201 256
211 256
212 256
222 256
231 256
237 256
246 256
253 256
255 256
22 257
41 257
44 257
50 257
51 257
58 257
62 257
66 257
74 257
80 257
90 257
96 257
102 257
111 257
115 257
123 257
134 257
135 257
152 257
160 257
181 257
199 257
207 257
209 257
213 257
228 257
245 257
250 257
254 257
4 258
7 258
19 258
21 258
27 258
36 258
49 258
56 258
62 258
72 258
73 258
81 258
87 258
100 258
112 258
123 258
142 258
143 258
153 258
157 258
160 258
162 258
186 258
200 258
202 258
207 258
208 258
214 258
222 258
225 258
229 258
236 258
245 258
248 258
253 258
255 258
256 258
13 259
24 259
32 259
45 259
66 259
75 259
91 259
95 259
106 259
109 259
111 259
140 259
141 259
158 259
175 259
177 259
183 259
193 259
211 259
214 259
221 259
225 259
240 259
251 259
12 260
21 260
32 260
36 260
38 260
39 260
40 260
44 260
45 260
62 260
66 260
67 260
68 260
69 260
70 260
74 260
77 260
83 260
84 260
101 260
104 260
109 260
114 260
118 260
126 260
127 260
132 260
140 260
163 260
172 260
198 260
199 260
210 260
218 260
219 260
223 260
232 260
233 260
246 260
252 260
253 260
255 260
27 261
29 261
33 261
37 261
39 261
40 261
41 261
46 261
53 261
57 261
67 261
76 261
84 261
85 261
93 261
95 261
97 261
104 261
106 261
118 261
124 261
127 261
133 261
135 261
137 261
143 261
144 261
159 261
167 261
169 261
180 261
185 261
189 261
193 261
194 261
203 261
204 261
213 261
230 261
242 261
247 261
1 262
6 262
7 262
15 262
17 262
24 262
27 262
28 262
40 262
41 262
44 262
51 262
57 262
62 262
63 262
77 262
82 262
85 262
88 262
91 262
103 262
104 262
107 262
115 262
116 262
125 262
126 262
136 262
148 262
158 262
167 262
169 262
183 262
190 262
196 262
198 262
200 262
203 262
207 262
210 262
223 262
231 262
238 262
243 262
252 262
4 263
5 263
6 263
19 263
25 263
32 263
34 263
61 263
64 263
66 263
74 263
80 263
90 263
93 263
104 263
106 263
113 263
118 263
120 263
125 263
126 263
135 263
141 263
150 263
159 263
174 263
175 263
179 263
181 263
182 263
196 263
201 263
213 263
214 263
222 263
224 263
228 263
232 263
235 263
243 263
2 264
11 264
14 264
17 264
18 264
19 264
48 264
50 264
51 264
54 264
66 264
68 264
86 264
87 264
91 264
93 264
94 264
101 264
114 264
117 264
118 264
119 264
125 264
129 264
130 264
132 264
148 264
158 264
171 264
176 264
177 264
188 264
191 264
217 264
222 264
225 264
240 264
250 264
257 264
258 264
259 264
262 264
3 265
4 265
26 265
34 265
38 265
40 265
42 265
44 265
54 265
57 265
65 265
66 265
88 265
103 265
104 265
109 265
116 265
120 265
131 265
146 265
150 265
153 265
158 265
166 265
167 265
191 265
194 265
196 265
203 265
207 265
208 265
249 265
251 265
11 266
12 266
14 266
20 266
23 266
26 266
28 266
30 266
40 266
52 266
66 266
80 266
84 266
89 266
90 266
91 266
99 266
106 266
111 266
123 266
134 266
138 266
140 266
148 266
161 266
173 266
178 266
181 266
182 266
197 266
205 266
206 266
224 266
227 266
236 266
254 266
260 266
263 266
6 267
7 267
10 267
14 267
15 267
22 267
28 267
40 267
43 267
44 267
53 267
60 267
61 267
74 267
77 267
78 267
119 267
121 267
127 267
135 267
138 267
147 267
148 267
152 267
168 267
175 267
180 267
183 267
184 267
191 267
192 267
211 267
223 267
224 267
226 267
227 267
232 267
234 267
238 267
241 267
246 267
248 267
256 267
259 267
0 268
3 268
17 268
19 268
21 268
27 268
33 268
34 268
40 268
42 268
44 268
45 268
50 268
52 268
55 268
56 268
59 268
68 268
70 268
71 268
75 268
90 268
105 268
111 268
114 268
129 268
131 268
134 268
143 268
146 268
162 268
183 268
184 268
196 268
198 268
201 268
211 268
212 268
218 268
232 268
233 268
235 268
243 268
250 268
253 268
258 268
262 268
5 269
6 269
10 269
26 269
27 269
28 269
29 269
34 269
54 269
62 269
69 269
82 269
87 269
98 269
100 269
116 269
120 269
124 269
129 269
137 269
155 269
159 269
166 269
173 269
176 269
181 269
185 269
189 269
191 269
199 269
235 269
236 269
256 269
18 270
19 270
35 270
42 270
45 270
64 270
69 270
83 270
85 270
92 270
98 270
99 270
114 270
116 270
120 270
131 270
136 270
140 270
158 270
169 270
184 270
191 270
192 270
206 270
207 270
210 270
211 270
214 270
218 270
221 270
250 270
265 270
5 271
7 271
15 271
22 271
24 271
25 271
34 271
41 271
53 271
70 271
90 271
92 271
100 271
104 271
106 271
108 271
109 271
117 271
122 271
123 271
149 271
162 271
169 271
191 271
193 271
198 271
202 271
204 271
205 271
216 271
224 271
227 271
231 271
232 271
243 271
253 271
255 271
259 271
1 272
8 272
19 272
35 272
37 272
54 272
55 272
57 272
61 272
63 272
65 272
66 272
69 272
70 272
76 272
79 272
91 272
97 272
108 272
120 272
123 272
141 272
146 272
154 272
155 272
156 272
163 272
168 272
169 272
195 272
211 272
219 272
228 272
234 272
235 272
243 272
257 272
15 273
21 273
24 273
27 273
35 273
45 273
49 273
54 273
68 273
76 273
78 273
112 273
119 273
127 273
129 273
137 273
141 273
144 273
148 273
150 273
153 273
154 273
166 273
173 273
174 273
181 273
188 273
190 273
191 273
206 273
219 273
221 273
222 273
230 273
234 273
240 273
244 273
248 273
253 273
257 273
3 274
5 274
12 274
15 274
33 274
43 274
45 274
50 274
55 274
71 274
73 274
85 274
86 274
99 274
102 274
114 274
116 274
119 274
148 274
150 274
154 274
155 274
157 274
161 274
166 274
167 274
168 274
173 274
177 274
179 274
180 274
192 274
194 274
195 274
197 274
199 274
205 274
208 274
228 274
229 274
231 274
234 274
235 274
236 274
243 274
252 274
260 274
0 275
2 275
5 275
6 275
12 275
13 275
14 275
24 275
28 275
35 275
55 275
62 275
63 275
71 275
75 275
82 275
83 275
85 275
86 275
87 275
88 275
90 275
106 275
108 275
109 275
112 275
115 275
118 275
123 275
124 275
129 275
130 275
133 275
135 275
152 275
158 275
159 275
160 275
162 275
182 275
193 275
207 275
213 275
223 275
227 275
240 275
270 275
274 275
2 276
5 276
7 276
18 276
25 276
28 276
36 276
43 276
47 276
51 276
61 276
66 276
67 276
75 276
77 276
82 276
87 276
91 276
96 276
99 276
104 276
105 276
114 276
132 276
139 276
143 276
144 276
148 276
151 276
152 276
168 276
171 276
172 276
188 276
189 276
200 276
231 276
237 276
247 276
266 276
269 276
271 276
9 277
10 277
18 277
32 277
39 277
46 277
47 277
49 277
88 277
96 277
97 277
102 277
114 277
120 277
125 277
126 277
132 277
141 277
142 277
164 277
165 277
190 277
206 277
212 277
218 277
220 277
221 277
222 277
225 277
229 277
238 277
242 277
245 277
255 277
256 277
266 277
272 277
3 278
23 278
29 278
30 278
34 278
45 278
48 278
59 278
67 278
84 278
85 278
90 278
101 278
103 278
115 278
116 278
118 278
121 278
138 278
140 278
147 278
156 278
163 278
169 278
185 278
196 278
199 278
203 278
204 278
222 278
233 278
241 278
243 278
253 278
254 278
265 278
272 278
7 279
22 279
25 279
27 279
30 279
39 279
42 279
47 279
49 279
50 279
51 279
53 279
69 279
75 279
77 279
84 279
88 279
95 279
97 279
98 279
99 279
106 279
118 279
119 279
122 279
135 279
139 279
140 279
143 279
153 279
173 279
174 279
187 279
188 279
191 279
204 279
214 279
219 279
225 279
228 279
250 279
251 279
253 279
266 279
270 279
1 280
5 280
10 280
14 280
16 280
26 280
36 280
40 280
41 280
52 280
57 280
67 280
68 280
70 280
76 280
86 280
92 280
111 280
114 280
117 280
120 280
122 280
137 280
139 280
144 280
163 280
164 280
172 280
173 280
188 280
198 280
199 280
200 280
205 280
206 280
213 280
218 280
219 280
224 280
227 280
236 280
241 280
245 280
246 280
276 280
2 281
14 281
19 281
20 281
22 281
34 281
40 281
52 281
56 281
60 281
64 281
69 281
73 281
84 281
85 281
89 281
92 281
96 281
98 281
100 281
105 281
112 281
118 281
140 281
141 281
154 281
159 281
160 281
162 281
163 281
169 281
171 281
174 281
175 281
181 281
191 281
197 281
227 281
236 281
240 281
241 281
254 281
256 281
271 281
9 282
10 282
13 282
19 282
22 282
23 282
25 282
27 282
28 282
31 282
32 282
35 282
50 282
51 282
62 282
68 282
87 282
89 282
91 282
92 282
102 282
103 282
124 282
125 282
126 282
129 282
136 282
166 282
181 282
203 282
209 282
216 282
223 282
245 282
266 282
272 282
279 282
4 283
12 283
15 283
17 283
51 283
54 283
58 283
59 283
62 283
79 283
90 283
91 283
94 283
103 283
106 283
109 283
113 283
119 283
124 283
148 283
158 283
166 283
175 283
197 283
199 283
205 283
219 283
232 283
236 283
249 283
253 283
255 283
257 283
268 283
272 283
273 283
281 283
9 284
27 284
30 284
32 284
33 284
34 284
38 284
44 284
58 284
59 284
72 284
77 284
82 284
88 284
92 284
108 284
129 284
133 284
134 284
135 284
138 284
144 284
159 284
162 284
176 284
205 284
211 284
226 284
232 284
237 284
267 284
273 284
283 284
1 285
7 285
17 285
24 285
31 285
38 285
39 285
55 285
57 285
74 285
82 285
84 285
86 285
95 285
97 285
113 285
123 285
124 285
126 285
130 285
145 285
154 285
158 285
179 285
181 285
188 285
193 285
196 285
198 285
199 285
200 285
205 285
215 285
223 285
224 285
228 285
238 285
247 285
248 285
258 285
267 285
271 285
7 286
8 286
12 286
24 286
32 286
46 286
50 286
54 286
57 286
77 286
79 286
80 286
81 286
84 286
89 286
92 286
95 286
106 286
109 286
111 286
113 286
114 286
119 286
122 286
123 286
128 286
130 286
132 286
145 286
150 286
152 286
160 286
165 286
178 286
183 286
187 286
195 286
196 286
199 286
206 286
215 286
216 286
224 286
244 286
254 286
276 286
2 287
29 287
33 287
37 287
48 287
49 287
54 287
61 287
62 287
71 287
76 287
79 287
102 287
106 287
111 287
121 287
138 287
142 287
158 287
162 287
165 287
171 287
180 287
187 287
191 287
199 287
202 287
204 287
207 287
210 287
224 287
236 287
248 287
249 287
260 287
269 287
277 287
279 287
282 287
285 287
4 288
6 288
8 288
9 288
20 288
22 288
32 288
37 288
40 288
53 288
55 288
84 288
90 288
103 288
105 288
109 288
118 288
119 288
127 288
133 288
140 288
144 288
150 288
155 288
159 288
164 288
172 288
173 288
174 288
182 288
187 288
188 288
189 288
192 288
195 288
199 288
218 288
227 288
253 288
257 288
258 288
268 288
287 288
0 289
3 289
8 289
24 289
69 289
71 289
82 289
97 289
116 289
117 289
118 289
122 289
125 289
133 289
144 289
146 289
150 289
165 289
190 289
195 289
197 289
203 289
204 289
222 289
223 289
226 289
237 289
240 289
246 289
253 289
254 289
262 289
273 289
274 289
275 289
1 290
13 290
25 290
27 290
33 290
39 290
48 290
51 290
74 290
82 290
92 290
94 290
97 290
105 290
111 290
123 290
125 290
138 290
140 290
154 290
164 290
166 290
201 290
204 290
208 290
212 290
217 290
219 290
221 290
227 290
228 290
234 290
236 290
237 290
241 290
242 290
243 290
252 290
255 290
256 290
265 290
273 290
275 290
279 290
283 290
4 291
19 291
31 291
36 291
37 291
60 291
61 291
62 291
63 291
66 291
74 291
85 291
93 291
97 291
102 291
112 291
119 291
123 291
128 291
146 291
150 291
155 291
163 291
173 291
174 291
177 291
178 291
183 291
184 291
189 291
190 291
199 291
202 291
203 291
204 291
220 291
234 291
246 291
252 291
261 291
265 291
266 291
272 291
274 291
275 291
281 291
282 291
290 291
3 292
10 292
12 292
20 292
23 292
25 292
34 292
36 292
41 292
46 292
57 292
65 292
73 292
86 292
87 292
89 292
97 292
113 292
117 292
118 292
119 292
124 292
134 292
160 292
170 292
175 292
183 292
184 292
191 292
200 292
202 292
213 292
215 292
222 292
227 292
232 292
248 292
249 292
255 292
261 292
266 292
268 292
271 292
278 292
1 293
3 293
11 293
15 293
25 293
26 293
35 293
41 293
54 293
58 293
62 293
71 293
75 293
80 293
83 293
84 293
91 293
98 293
101 293
106 293
125 293
147 293
163 293
180 293
190 293
195 293
198 293
210 293
217 293
218 293
219 293
243 293
259 293
268 293
270 293
278 293
289 293
8 294
23 294
25 294
27 294
32 294
37 294
46 294
48 294
49 294
52 294
54 294
55 294
57 294
62 294
75 294
79 294
82 294
84 294
85 294
93 294
103 294
104 294
125 294
127 294
139 294
140 294
173 294
193 294
194 294
205 294
210 294
212 294
214 294
216 294
232 294
235 294
237 294
238 294
248 294
252 294
258 294
269 294
275 294
276 294
277 294
278 294
281 294
286 294
288 294
292 294
12 295
21 295
36 295
41 295
45 295
46 295
54 295
63 295
82 295
84 295
91 295
92 295
95 295
104 295
105 295
109 295
117 295
118 295
124 295
128 295
147 295
149 295
151 295
159 295
171 295
180 295
185 295
186 295
189 295
193 295
195 295
198 295
200 295
205 295
210 295
227 295
229 295
238 295
242 295
243 295
246 295
249 295
256 295
260 295
276 295
284 295
288 295
292 295
0 296
8 296
9 296
16 296
17 296
20 296
23 296
34 296
36 296
37 296
46 296
55 296
60 296
72 296
94 296
107 296
118 296
119 296
127 296
132 296
135 296
139 296
144 296
146 296
164 296
165 296
166 296
169 296
176 296
177 296
179 296
186 296
190 296
191 296
196 296
228 296
229 296
233 296
236 296
243 296
269 296
271 296
273 296
285 296
289 296
293 296
294 296
1 297
3 297
15 297
23 297
31 297
33 297
35 297
38 297
48 297
55 297
74 297
78 297
84 297
87 297
96 297
106 297
107 297
115 297
120 297
122 297
129 297
136 297
143 297
148 297
149 297
150 297
154 297
162 297
166 297
174 297
178 297
183 297
190 297
194 297
205 297
208 297
213 297
234 297
238 297
248 297
252 297
262 297
268 297
271 297
276 297
277 297
281 297
294 297
8 298
18 298
35 298
37 298
49 298
56 298
67 298
81 298
87 298
90 298
98 298
105 298
109 298
111 298
112 298
118 298
139 298
140 298
155 298
157 298
161 298
180 298
184 298
186 298
195 298
196 298
201 298
213 298
216 298
228 298
241 298
243 298
244 298
246 298
257 298
263 298
267 298
269 298
294 298
3 299
6 299
7 299
11 299
14 299
29 299
42 299
45 299
67 299
69 299
86 299
87 299
96 299
108 299
112 299
117 299
128 299
129 299
131 299
132 299
138 299
150 299
151 299
161 299
172 299
190 299
198 299
207 299
216 299
222 299
227 299
228 299
237 299
254 299
259 299
272 299
274 299
275 299
277 299
279 299
284 299
287 299
291 299
293 299
