300 4335 5
7 9 5 6 5 6 7 5 4 6 6 6 6 6 6 5 5 6 4 4 6 5 5 6 4 5 7 6 5 5 5 6 5 4 6 5 7 5 6 4 7 5 5 5 7 6 6 6 4 5 8 7 6 5 4 5 7 7 7 6 5 6 4 5 4 5 6 3 6 5 4 5 6 6 6 6 6 6 5 7 5 5 6 5 6 6 5 7 4 5 5 6 5 7 6 4 4 4 6 6 4 6 6 6 6 7 7 6 5 7 6 5 3 5 5 4 6 4 6 7 7 5 5 6 7 6 7 6 5 6 5 7 4 5 5 5 5 5 5 6 6 6 5 4 6 6 5 7 6 6 6 6 6 6 4 5 4 7 6 6 5 6 7 6 6 6 4 8 6 5 7 4 7 7 6 6 7 6 7 5 5 5 7 6 6 4 6 6 6 6 6 6 5 7 4 6 6 7 6 7 6 5 4 6 6 6 4 7 5 5 6 4 7 5 6 6 4 5 5 5 5 7 4 7 6 5 5 6 6 6 6 5 6 7 6 5 7 6 6 4 6 6 5 6 4 6 5 6 5 5 6 5 6 6 7 6 4 5 5 6 4 2 5 4 7 5 4 4 6 3 4 5 7 5 5 6 7 5 5 7 5 6 6 5 7 5 5 7 7 7 7 7 6 5 6 5 4 4 5 6
1 5
2 6
5 9
4 11
10 11
0 12
5 12
6 12
7 12
8 14
12 15
12 17
7 18
11 18
14 18
2 19
4 19
10 19
2 20
7 20
11 20
8 21
2 22
3 22
19 22
11 23
0 24
18 24
21 24
22 24
5 25
9 25
17 25
15 26
19 26
1 27
10 27
24 27
26 27
22 28
25 28
10 29
23 29
5 30
20 30
22 31
25 31
26 31
0 32
2 32
13 32
9 33
21 33
24 33
8 34
14 34
16 34
22 34
23 34
26 34
24 35
26 35
12 36
35 36
2 37
11 37
25 37
28 38
8 39
15 39
21 39
28 39
31 39
35 39
10 40
14 40
36 40
9 41
19 41
29 41
5 42
6 42
11 42
12 42
18 42
27 42
11 43
23 43
4 44
17 44
31 44
4 45
31 45
2 46
5 46
14 46
37 46
40 46
10 47
42 47
46 47
1 48
17 48
28 48
35 48
42 48
45 48
12 49
21 49
27 49
30 49
4 50
16 50
24 50
25 50
37 50
39 50
43 50
9 51
12 51
13 51
23 51
44 51
50 51
0 52
13 52
23 52
41 52
45 52
24 53
28 53
31 53
38 53
42 53
27 54
28 54
53 54
7 55
10 55
25 55
47 55
6 56
17 56
24 56
29 56
45 56
46 56
5 57
11 57
20 57
21 57
28 57
35 57
43 57
3 58
5 58
12 58
30 58
37 58
44 58
53 58
10 59
17 59
24 59
25 59
39 59
45 59
53 59
14 60
20 60
35 60
36 60
41 60
47 60
55 60
56 60
57 60
31 61
33 61
3 62
7 62
8 62
18 62
27 62
42 62
46 62
55 62
58 62
2 63
10 63
11 63
15 63
47 63
53 63
56 63
4 64
38 64
40 64
45 64
59 64
60 64
18 65
41 65
58 65
16 66
27 66
40 66
48 66
59 66
63 66
64 66
9 67
10 67
17 67
36 67
43 67
53 67
56 67
3 68
7 68
50 68
66 68
6 69
9 69
11 69
12 69
15 69
20 69
49 69
55 69
62 69
1 70
4 70
22 70
41 70
46 70
57 70
60 70
1 71
2 71
52 71
65 71
70 71
2 72
11 72
25 72
40 72
50 72
68 72
71 72
6 73
10 73
21 73
29 73
53 73
3 74
4 74
27 74
69 74
2 75
9 75
32 75
51 75
73 75
1 76
12 76
13 76
27 76
30 76
50 76
52 76
58 76
60 76
65 76
68 76
2 77
39 77
46 77
52 77
4 78
16 78
17 78
22 78
27 78
29 78
30 78
33 78
40 78
47 78
71 78
1 79
11 79
12 79
16 79
20 79
24 79
45 79
52 79
5 80
22 80
30 80
33 80
43 80
61 80
75 80
3 81
5 81
8 81
10 81
37 81
40 81
41 81
58 81
59 81
77 81
0 82
1 82
15 82
20 82
21 82
22 82
44 82
59 82
60 82
75 82
78 82
9 83
11 83
15 83
38 83
52 83
63 83
78 83
14 84
23 84
45 84
52 84
73 84
5 85
19 86
25 86
34 86
35 86
53 86
55 86
58 86
61 86
72 86
80 86
81 86
84 86
13 87
15 87
16 87
26 87
29 87
69 87
72 87
78 87
20 88
35 88
39 88
62 88
68 88
58 89
73 89
84 89
17 90
38 90
40 90
53 90
68 90
75 90
76 90
81 90
87 90
19 91
40 91
45 91
49 91
62 91
74 91
88 91
4 92
8 92
18 92
19 92
26 92
30 92
41 92
59 92
63 92
70 92
8 93
17 93
20 93
31 93
38 93
48 93
61 93
65 93
71 93
81 93
82 93
87 93
9 94
13 94
14 94
15 94
47 94
49 94
60 94
66 94
81 94
84 94
27 95
29 95
38 95
40 95
46 95
52 95
55 95
58 95
64 95
70 95
73 95
80 95
5 96
8 96
13 96
19 96
39 96
41 96
42 96
53 96
59 96
60 96
61 96
76 96
86 96
90 96
7 97
8 97
14 97
29 97
42 97
43 97
49 97
51 97
60 97
79 97
0 98
1 98
19 98
24 98
33 98
35 98
52 98
61 98
71 98
72 98
85 98
92 98
96 98
1 99
27 99
30 99
45 99
48 99
87 99
4 100
9 100
11 100
12 100
23 100
28 100
37 100
44 100
47 100
48 100
55 100
64 100
93 100
0 101
5 101
22 101
35 101
44 101
47 101
57 101
77 101
84 101
99 101
13 102
15 102
23 102
27 102
29 102
43 102
45 102
46 102
91 102
7 103
13 103
21 103
23 103
44 103
55 103
93 103
97 103
4 104
10 104
15 104
16 104
18 104
26 104
42 104
48 104
56 104
73 104
76 104
86 104
89 104
6 105
14 105
28 105
44 105
63 105
85 105
19 106
34 106
56 106
57 106
89 106
4 107
6 107
34 107
43 107
53 107
87 107
88 107
95 107
9 108
16 108
23 108
30 108
60 108
77 108
94 108
7 109
21 109
41 109
66 109
72 109
81 109
91 109
2 110
6 110
10 110
23 110
48 110
51 110
52 110
53 110
54 110
59 110
67 110
72 110
75 110
83 110
98 110
107 110
12 111
18 111
22 111
28 111
31 111
32 111
50 111
62 111
77 111
79 111
93 111
94 111
96 111
102 111
106 111
8 112
10 112
12 112
24 112
29 112
30 112
32 112
44 112
83 112
100 112
104 112
7 113
10 113
43 113
51 113
89 113
93 113
110 113
0 114
9 114
15 114
27 114
49 114
63 114
76 114
87 114
92 114
93 114
97 114
104 114
106 114
108 114
0 115
7 115
8 115
13 115
23 115
28 115
32 115
35 115
53 115
54 115
56 115
58 115
61 115
64 115
91 115
97 115
102 115
3 116
9 116
27 116
28 116
39 116
50 116
64 116
75 116
89 116
92 116
112 116
6 117
7 117
13 117
30 117
48 117
58 117
68 117
70 117
77 117
83 117
88 117
16 118
26 118
37 118
43 118
45 118
50 118
52 118
60 118
64 118
65 118
78 118
89 118
110 118
18 119
20 119
24 119
29 119
78 119
91 119
109 119
111 119
114 119
8 120
43 120
52 120
68 120
101 120
116 120
10 121
16 121
57 121
87 121
91 121
107 121
110 121
114 121
4 122
5 122
6 122
7 122
18 122
21 122
32 122
46 122
47 122
49 122
54 122
80 122
96 122
2 123
3 123
8 123
40 123
41 123
80 123
85 123
87 123
95 123
108 123
109 123
114 123
117 123
4 124
25 124
28 124
72 124
73 124
74 124
82 124
91 124
94 124
104 124
107 124
119 124
7 125
12 125
24 125
42 125
59 125
72 125
74 125
77 125
81 125
84 125
93 125
119 125
2 126
6 126
8 126
13 126
23 126
34 126
45 126
46 126
60 126
69 126
71 126
73 126
75 126
84 126
87 126
92 126
95 126
97 126
98 126
122 126
4 127
43 127
71 127
91 127
109 127
122 127
3 128
9 128
35 128
44 128
50 128
57 128
61 128
66 128
71 128
74 128
80 128
86 128
118 128
5 129
27 129
36 129
42 129
46 129
52 129
59 129
74 129
75 129
80 129
98 129
102 129
107 129
111 129
117 129
124 129
18 130
20 130
23 130
44 130
51 130
59 130
69 130
88 130
101 130
112 130
13 131
21 131
30 131
37 131
64 131
72 131
76 131
85 131
95 131
109 131
114 131
115 131
44 132
47 132
54 132
61 132
76 132
85 132
92 132
93 132
112 132
121 132
8 133
9 133
29 133
49 133
51 133
55 133
63 133
65 133
101 133
103 133
104 133
114 133
120 133
121 133
122 133
128 133
0 134
11 134
31 134
45 134
46 134
47 134
52 134
53 134
69 134
82 134
85 134
89 134
103 134
114 134
118 134
124 134
0 135
2 135
4 135
31 135
44 135
81 135
93 135
98 135
99 135
115 135
122 135
17 136
27 136
29 136
38 136
53 136
57 136
61 136
73 136
78 136
87 136
0 137
17 137
23 137
31 137
33 137
42 137
60 137
83 137
90 137
2 138
11 138
23 138
28 138
30 138
40 138
49 138
69 138
72 138
75 138
77 138
85 138
94 138
113 138
116 138
119 138
126 138
127 138
12 139
14 139
52 139
55 139
61 139
66 139
78 139
86 139
99 139
103 139
113 139
116 139
128 139
137 139
18 140
24 140
43 140
79 140
115 140
116 140
126 140
130 140
131 140
0 141
3 141
12 141
18 141
37 141
42 141
81 141
84 141
85 141
87 141
98 141
101 141
110 141
139 141
1 142
5 142
31 142
37 142
67 142
91 142
124 142
133 142
0 143
12 143
20 143
41 143
51 143
52 143
75 143
86 143
89 143
100 143
109 143
122 143
142 143
6 144
21 144
29 144
31 144
41 144
65 144
67 144
83 144
85 144
97 144
105 144
113 144
119 144
122 144
136 144
137 144
140 144
1 145
20 145
35 145
36 145
44 145
51 145
53 145
57 145
73 145
74 145
77 145
84 145
98 145
108 145
109 145
110 145
118 145
119 145
124 145
126 145
6 146
23 146
43 146
49 146
64 146
65 146
68 146
77 146
107 146
116 146
121 146
136 146
140 146
144 146
3 147
9 147
21 147
36 147
37 147
50 147
53 147
54 147
61 147
63 147
64 147
89 147
92 147
95 147
108 147
109 147
120 147
140 147
10 148
11 148
13 148
55 148
69 148
76 148
77 148
79 148
104 148
105 148
119 148
121 148
123 148
2 149
12 149
22 149
23 149
54 149
71 149
118 149
124 149
130 149
136 149
140 149
0 150
9 150
22 150
23 150
30 150
38 150
39 150
55 150
69 150
102 150
104 150
120 150
125 150
133 150
140 150
149 150
8 151
15 151
17 151
30 151
41 151
47 151
68 151
69 151
77 151
82 151
85 151
115 151
137 151
8 152
13 152
33 152
38 152
43 152
46 152
47 152
60 152
61 152
71 152
76 152
83 152
113 152
116 152
126 152
141 152
151 152
12 153
15 153
22 153
40 153
41 153
50 153
77 153
85 153
116 153
122 153
131 153
149 153
3 154
16 154
31 154
33 154
39 154
43 154
44 154
68 154
77 154
81 154
84 154
87 154
92 154
98 154
101 154
116 154
122 154
123 154
125 154
129 154
134 154
146 154
147 154
0 155
5 155
11 155
15 155
30 155
36 155
45 155
84 155
88 155
94 155
118 155
135 155
153 155
2 156
5 156
19 156
27 156
35 156
50 156
73 156
74 156
78 156
79 156
93 156
139 156
141 156
142 156
147 156
152 156
9 157
11 157
23 157
52 157
58 157
70 157
71 157
90 157
92 157
94 157
107 157
108 157
140 157
2 158
10 158
26 158
30 158
46 158
53 158
63 158
66 158
67 158
71 158
82 158
91 158
95 158
96 158
105 158
118 158
128 158
129 158
143 158
3 159
16 159
37 159
38 159
39 159
52 159
68 159
71 159
73 159
85 159
86 159
92 159
94 159
9 160
23 160
61 160
73 160
76 160
84 160
103 160
115 160
141 160
145 160
146 160
156 160
20 161
29 161
30 161
50 161
54 161
57 161
71 161
90 161
93 161
95 161
98 161
111 161
134 161
159 161
0 162
11 162
17 162
18 162
24 162
46 162
61 162
72 162
77 162
80 162
86 162
95 162
98 162
111 162
124 162
125 162
127 162
130 162
144 162
161 162
5 163
9 163
13 163
21 163
25 163
26 163
29 163
33 163
58 163
64 163
66 163
80 163
83 163
104 163
107 163
110 163
123 163
125 163
141 163
146 163
153 163
45 164
63 164
84 164
91 164
95 164
107 164
110 164
113 164
114 164
115 164
138 164
149 164
13 165
16 165
62 165
67 165
79 165
87 165
106 165
113 165
116 165
117 165
136 165
155 165
21 166
23 166
73 166
87 166
91 166
103 166
118 166
126 166
135 166
136 166
152 166
162 166
9 167
16 167
18 167
20 167
44 167
48 167
88 167
89 167
90 167
96 167
113 167
125 167
127 167
128 167
131 167
144 167
153 167
5 168
7 168
36 168
38 168
39 168
48 168
51 168
52 168
53 168
73 168
74 168
95 168
109 168
113 168
115 168
116 168
130 168
147 168
151 168
26 169
33 169
55 169
60 169
62 169
67 169
69 169
73 169
81 169
91 169
102 169
109 169
118 169
155 169
159 169
166 169
28 170
31 170
33 170
36 170
43 170
50 170
79 170
81 170
96 170
101 170
132 170
137 170
163 170
4 171
12 171
22 171
28 171
38 171
45 171
47 171
49 171
60 171
65 171
98 171
102 171
107 171
117 171
127 171
130 171
133 171
139 171
142 171
156 171
166 171
169 171
3 172
8 172
11 172
29 172
48 172
55 172
59 172
64 172
74 172
81 172
99 172
115 172
124 172
146 172
147 172
155 172
157 172
165 172
170 172
1 173
20 173
21 173
37 173
50 173
57 173
67 173
69 173
85 173
86 173
99 173
113 173
119 173
134 173
140 173
146 173
158 173
161 173
6 174
22 174
42 174
43 174
57 174
64 174
86 174
104 174
108 174
112 174
140 174
146 174
147 174
154 174
159 174
170 174
1 175
14 175
17 175
25 175
32 175
63 175
90 175
111 175
117 175
119 175
126 175
137 175
139 175
170 175
2 176
16 176
28 176
30 176
38 176
45 176
60 176
64 176
72 176
85 176
90 176
93 176
94 176
96 176
113 176
140 176
145 176
161 176
7 177
10 177
28 177
29 177
45 177
76 177
95 177
96 177
109 177
120 177
157 177
27 178
33 178
45 178
50 178
52 178
63 178
68 178
95 178
126 178
128 178
129 178
141 178
151 178
152 178
154 178
159 178
166 178
10 179
18 179
19 179
21 179
22 179
37 179
67 179
76 179
81 179
84 179
87 179
92 179
98 179
118 179
127 179
135 179
140 179
174 179
175 179
19 180
21 180
34 180
49 180
60 180
62 180
67 180
77 180
83 180
95 180
110 180
114 180
118 180
132 180
133 180
134 180
139 180
144 180
159 180
165 180
15 181
24 181
31 181
33 181
34 181
52 181
62 181
68 181
91 181
95 181
127 181
130 181
141 181
147 181
153 181
156 181
161 181
163 181
167 181
168 181
172 181
10 182
11 182
25 182
32 182
43 182
59 182
63 182
72 182
80 182
84 182
91 182
96 182
98 182
103 182
107 182
118 182
122 182
140 182
154 182
22 183
31 183
35 183
39 183
56 183
79 183
84 183
91 183
96 183
105 183
107 183
117 183
120 183
122 183
128 183
167 183
17 184
31 184
33 184
34 184
40 184
42 184
51 184
80 184
98 184
101 184
109 184
117 184
122 184
124 184
135 184
171 184
181 184
183 184
34 185
36 185
58 185
60 185
71 185
77 185
101 185
112 185
135 185
150 185
159 185
174 185
177 185
178 185
10 186
13 186
83 186
91 186
98 186
112 186
116 186
119 186
121 186
126 186
132 186
142 186
156 186
184 186
5 187
18 187
19 187
21 187
26 187
28 187
38 187
39 187
69 187
74 187
76 187
78 187
146 187
150 187
171 187
7 188
43 188
46 188
50 188
51 188
55 188
60 188
63 188
73 188
77 188
81 188
83 188
84 188
90 188
97 188
98 188
125 188
134 188
137 188
141 188
142 188
166 188
9 189
12 189
13 189
19 189
20 189
22 189
25 189
31 189
56 189
61 189
67 189
68 189
72 189
82 189
89 189
97 189
108 189
110 189
113 189
117 189
119 189
124 189
131 189
135 189
160 189
171 189
174 189
176 189
13 190
14 190
19 190
45 190
49 190
74 190
79 190
83 190
90 190
94 190
97 190
107 190
145 190
148 190
150 190
167 190
170 190
171 190
181 190
11 191
13 191
21 191
31 191
38 191
47 191
51 191
56 191
58 191
69 191
82 191
104 191
130 191
138 191
139 191
146 191
162 191
164 191
166 191
168 191
172 191
179 191
0 192
23 192
33 192
37 192
59 192
111 192
124 192
146 192
147 192
166 192
174 192
177 192
178 192
187 192
0 193
14 193
25 193
31 193
35 193
42 193
46 193
65 193
70 193
76 193
87 193
88 193
94 193
97 193
130 193
137 193
151 193
160 193
172 193
174 193
1 194
6 194
15 194
17 194
18 194
19 194
34 194
41 194
44 194
55 194
83 194
133 194
151 194
152 194
160 194
169 194
179 194
185 194
14 195
16 195
29 195
41 195
53 195
67 195
69 195
84 195
89 195
91 195
101 195
129 195
139 195
150 195
164 195
22 196
32 196
33 196
62 196
69 196
98 196
112 196
116 196
134 196
169 196
183 196
186 196
190 196
193 196
195 196
12 197
17 197
41 197
46 197
60 197
67 197
75 197
98 197
102 197
126 197
127 197
131 197
158 197
161 197
168 197
169 197
12 198
38 198
40 198
53 198
68 198
74 198
76 198
80 198
98 198
106 198
110 198
113 198
119 198
152 198
156 198
161 198
185 198
191 198
192 198
197 198
2 199
22 199
30 199
41 199
49 199
66 199
85 199
90 199
106 199
107 199
121 199
131 199
137 199
159 199
161 199
184 199
5 200
30 200
44 200
59 200
73 200
78 200
87 200
100 200
107 200
108 200
109 200
112 200
128 200
136 200
146 200
148 200
178 200
0 201
7 201
16 201
30 201
35 201
37 201
38 201
67 201
74 201
80 201
83 201
92 201
104 201
114 201
118 201
155 201
169 201
180 201
183 201
184 201
186 201
12 202
27 202
31 202
49 202
85 202
89 202
100 202
108 202
113 202
114 202
123 202
128 202
145 202
151 202
154 202
160 202
161 202
179 202
9 203
37 203
38 203
39 203
53 203
78 203
95 203
96 203
114 203
119 203
120 203
126 203
127 203
180 203
7 204
24 204
26 204
47 204
52 204
62 204
70 204
84 204
97 204
105 204
112 204
116 204
125 204
131 204
132 204
149 204
156 204
162 204
168 204
186 204
191 204
196 204
0 205
11 205
12 205
13 205
19 205
35 205
46 205
52 205
58 205
62 205
63 205
89 205
101 205
135 205
138 205
147 205
159 205
183 205
184 205
192 205
193 205
198 205
10 206
19 206
21 206
23 206
52 206
58 206
71 206
90 206
94 206
101 206
129 206
132 206
137 206
145 206
156 206
169 206
175 206
184 206
199 206
13 207
26 207
30 207
33 207
41 207
52 207
65 207
72 207
80 207
86 207
90 207
92 207
109 207
111 207
112 207
121 207
135 207
141 207
143 207
170 207
173 207
204 207
10 208
25 208
26 208
30 208
40 208
60 208
67 208
88 208
89 208
101 208
112 208
144 208
165 208
180 208
181 208
204 208
205 208
0 209
6 209
20 209
47 209
62 209
71 209
74 209
88 209
90 209
101 209
104 209
115 209
118 209
121 209
127 209
131 209
132 209
173 209
176 209
187 209
5 210
9 210
11 210
19 210
27 210
30 210
39 210
46 210
75 210
76 210
83 210
85 210
97 210
99 210
117 210
143 210
150 210
161 210
183 210
187 210
204 210
8 211
12 211
17 211
21 211
36 211
86 211
112 211
118 211
120 211
133 211
143 211
171 211
173 211
186 211
191 211
195 211
205 211
6 212
11 212
23 212
31 212
34 212
74 212
82 212
100 212
114 212
115 212
124 212
140 212
151 212
164 212
169 212
170 212
175 212
177 212
179 212
195 212
197 212
206 212
207 212
211 212
1 213
9 213
17 213
29 213
30 213
33 213
55 213
58 213
68 213
99 213
100 213
124 213
134 213
141 213
142 213
148 213
159 213
160 213
202 213
208 213
25 214
40 214
43 214
44 214
58 214
69 214
96 214
109 214
111 214
114 214
115 214
121 214
201 214
208 214
212 214
13 215
24 215
32 215
37 215
51 215
64 215
106 215
115 215
116 215
122 215
129 215
132 215
141 215
178 215
184 215
185 215
188 215
212 215
0 216
5 216
16 216
46 216
49 216
53 216
55 216
65 216
86 216
87 216
88 216
96 216
112 216
122 216
144 216
156 216
159 216
166 216
169 216
180 216
203 216
204 216
4 217
14 217
18 217
26 217
32 217
33 217
51 217
63 217
73 217
74 217
75 217
82 217
97 217
113 217
114 217
117 217
157 217
187 217
197 217
203 217
205 217
210 217
212 217
2 218
18 218
28 218
32 218
43 218
44 218
57 218
70 218
100 218
108 218
111 218
116 218
120 218
121 218
123 218
135 218
154 218
157 218
164 218
169 218
182 218
23 219
42 219
61 219
64 219
101 219
113 219
130 219
132 219
144 219
167 219
170 219
178 219
183 219
184 219
193 219
199 219
208 219
212 219
214 219
14 220
17 220
21 220
28 220
36 220
39 220
43 220
57 220
66 220
80 220
86 220
89 220
90 220
111 220
140 220
145 220
165 220
170 220
181 220
182 220
196 220
206 220
210 220
8 221
12 221
18 221
21 221
24 221
37 221
42 221
49 221
56 221
58 221
83 221
86 221
88 221
89 221
100 221
103 221
117 221
141 221
160 221
163 221
167 221
168 221
188 221
207 221
209 221
4 222
9 222
20 222
36 222
37 222
64 222
98 222
101 222
108 222
109 222
131 222
139 222
153 222
157 222
162 222
194 222
196 222
197 222
204 222
210 222
214 222
220 222
4 223
19 223
49 223
52 223
54 223
65 223
92 223
115 223
132 223
165 223
169 223
171 223
178 223
181 223
190 223
195 223
200 223
220 223
0 224
18 224
23 224
35 224
43 224
49 224
71 224
79 224
81 224
109 224
137 224
145 224
155 224
158 224
162 224
174 224
186 224
188 224
204 224
4 225
14 225
19 225
30 225
62 225
67 225
91 225
92 225
95 225
99 225
110 225
111 225
129 225
131 225
140 225
146 225
147 225
151 225
176 225
194 225
206 225
219 225
221 225
223 225
2 226
8 226
12 226
46 226
47 226
65 226
71 226
73 226
78 226
84 226
87 226
117 226
119 226
131 226
132 226
142 226
164 226
177 226
179 226
192 226
195 226
197 226
205 226
1 227
2 227
15 227
20 227
33 227
36 227
46 227
47 227
55 227
68 227
73 227
74 227
82 227
86 227
89 227
100 227
102 227
108 227
112 227
118 227
134 227
137 227
142 227
154 227
170 227
179 227
182 227
184 227
206 227
221 227
4 228
6 228
20 228
26 228
35 228
42 228
59 228
77 228
82 228
94 228
108 228
134 228
139 228
145 228
156 228
194 228
202 228
226 228
14 229
24 229
25 229
43 229
48 229
52 229
72 229
76 229
78 229
94 229
127 229
138 229
141 229
144 229
145 229
180 229
188 229
205 229
221 229
9 230
20 230
34 230
39 230
59 230
62 230
85 230
86 230
90 230
93 230
96 230
105 230
110 230
114 230
126 230
147 230
161 230
163 230
165 230
171 230
180 230
186 230
190 230
195 230
200 230
205 230
210 230
213 230
215 230
217 230
223 230
228 230
17 231
33 231
88 231
89 231
94 231
102 231
105 231
114 231
120 231
136 231
148 231
173 231
184 231
207 231
215 231
216 231
217 231
228 231
0 232
3 232
6 232
10 232
14 232
22 232
41 232
56 232
71 232
72 232
119 232
125 232
138 232
151 232
169 232
210 232
220 232
0 233
7 233
20 233
37 233
53 233
57 233
61 233
62 233
73 233
83 233
91 233
101 233
112 233
139 233
140 233
154 233
180 233
182 233
185 233
198 233
199 233
201 233
204 233
210 233
212 233
2 234
3 234
7 234
8 234
25 234
50 234
53 234
82 234
86 234
88 234
92 234
96 234
123 234
124 234
143 234
156 234
163 234
185 234
208 234
213 234
223 234
232 234
2 235
8 235
26 235
64 235
98 235
100 235
104 235
108 235
111 235
127 235
128 235
143 235
159 235
171 235
175 235
180 235
187 235
192 235
219 235
221 235
223 235
11 236
39 236
56 236
59 236
87 236
98 236
99 236
142 236
144 236
146 236
167 236
170 236
176 236
197 236
210 236
217 236
225 236
231 236
8 237
13 237
60 237
62 237
64 237
65 237
77 237
91 237
102 237
103 237
118 237
119 237
164 237
168 237
195 237
202 237
204 237
205 237
209 237
15 238
16 238
19 238
23 238
50 238
79 238
88 238
92 238
143 238
156 238
206 238
207 238
218 238
225 238
9 239
19 239
26 239
31 239
40 239
45 239
47 239
48 239
50 239
66 239
68 239
73 239
78 239
81 239
86 239
90 239
91 239
93 239
101 239
118 239
124 239
125 239
130 239
165 239
186 239
191 239
195 239
196 239
210 239
15 240
53 240
56 240
58 240
65 240
81 240
93 240
94 240
100 240
124 240
146 240
149 240
163 240
172 240
196 240
199 240
203 240
210 240
230 240
231 240
235 240
9 241
17 241
21 241
27 241
46 241
66 241
69 241
71 241
84 241
112 241
123 241
128 241
129 241
141 241
145 241
156 241
164 241
167 241
185 241
194 241
195 241
196 241
199 241
204 241
223 241
225 241
233 241
235 241
3 242
15 242
21 242
26 242
48 242
49 242
55 242
65 242
76 242
90 242
112 242
113 242
154 242
169 242
178 242
189 242
193 242
195 242
200 242
212 242
220 242
226 242
228 242
234 242
237 242
14 243
24 243
45 243
46 243
62 243
74 243
78 243
107 243
117 243
142 243
147 243
157 243
159 243
163 243
170 243
198 243
205 243
207 243
213 243
215 243
19 244
23 244
50 244
53 244
57 244
60 244
62 244
67 244
70 244
74 244
84 244
86 244
88 244
97 244
99 244
103 244
124 244
128 244
145 244
163 244
171 244
186 244
187 244
203 244
209 244
213 244
230 244
243 244
16 245
64 245
82 245
96 245
117 245
127 245
135 245
146 245
151 245
154 245
157 245
168 245
176 245
206 245
215 245
218 245
225 245
241 245
0 246
1 246
10 246
26 246
30 246
34 246
35 246
53 246
75 246
78 246
79 246
85 246
92 246
97 246
103 246
110 246
112 246
113 246
157 246
158 246
160 246
164 246
178 246
186 246
187 246
188 246
189 246
200 246
203 246
221 246
7 247
9 247
13 247
14 247
21 247
29 247
31 247
34 247
42 247
51 247
55 247
76 247
86 247
90 247
96 247
101 247
111 247
116 247
126 247
133 247
146 247
169 247
188 247
210 247
226 247
229 247
236 247
237 247
1 248
6 248
16 248
29 248
35 248
36 248
42 248
43 248
44 248
50 248
56 248
57 248
72 248
93 248
94 248
96 248
102 248
116 248
130 248
137 248
148 248
182 248
196 248
202 248
206 248
217 248
223 248
232 248
3 249
16 249
19 249
35 249
38 249
41 249
67 249
79 249
80 249
100 249
117 249
134 249
145 249
158 249
161 249
180 249
182 249
183 249
184 249
193 249
195 249
216 249
233 249
240 249
247 249
0 250
19 250
21 250
23 250
37 250
39 250
43 250
61 250
75 250
78 250
80 250
83 250
90 250
100 250
166 250
173 250
190 250
210 250
217 250
232 250
235 250
242 250
244 250
2 251
7 251
13 251
14 251
21 251
38 251
44 251
50 251
51 251
56 251
65 251
75 251
81 251
114 251
129 251
130 251
131 251
132 251
143 251
150 251
160 251
168 251
175 251
176 251
190 251
191 251
192 251
232 251
10 252
21 252
28 252
58 252
81 252
114 252
115 252
128 252
130 252
133 252
135 252
154 252
158 252
171 252
173 252
178 252
183 252
192 252
201 252
215 252
217 252
221 252
223 252
238 252
242 252
2 253
3 253
14 253
19 253
32 253
37 253
48 253
49 253
74 253
90 253
135 253
138 253
142 253
145 253
157 253
192 253
197 253
242 253
244 253
7 254
26 254
30 254
31 254
36 254
44 254
59 254
62 254
66 254
67 254
73 254
82 254
89 254
92 254
103 254
105 254
107 254
111 254
144 254
149 254
156 254
181 254
184 254
198 254
207 254
218 254
220 254
222 254
223 254
232 254
237 254
239 254
252 254
0 255
6 255
10 255
17 255
21 255
29 255
55 255
58 255
68 255
74 255
83 255
84 255
85 255
94 255
96 255
113 255
162 255
163 255
167 255
184 255
207 255
213 255
224 255
229 255
232 255
244 255
254 255
71 256
73 256
88 256
97 256
112 256
114 256
119 256
120 256
124 256
133 256
146 256
156 256
167 256
182 256
198 256
240 256
4 257
11 257
27 257
32 257
85 257
86 257
101 257
110 257
115 257
123 257
130 257
144 257
167 257
169 257
173 257
179 257
183 257
209 257
220 257
224 257
236 257
15 258
16 258
28 258
33 258
37 258
51 258
61 258
78 258
83 258
92 258
102 258
110 258
117 258
128 258
134 258
135 258
149 258
152 258
192 258
204 258
205 258
222 258
229 258
234 258
238 258
241 258
244 258
245 258
247 258
249 258
257 258
8 259
29 259
42 259
51 259
86 259
94 259
107 259
108 259
111 259
119 259
142 259
148 259
152 259
153 259
156 259
160 259
166 259
179 259
195 259
198 259
221 259
6 260
17 260
27 260
47 260
49 260
54 260
61 260
87 260
105 260
120 260
124 260
129 260
136 260
145 260
152 260
163 260
186 260
196 260
215 260
218 260
236 260
243 260
251 260
256 260
258 260
21 261
35 261
48 261
57 261
64 261
68 261
77 261
95 261
100 261
101 261
142 261
152 261
159 261
160 261
192 261
220 261
230 261
234 261
239 261
242 261
249 261
256 261
258 261
4 262
8 262
15 262
21 262
35 262
59 262
60 262
96 262
128 262
135 262
140 262
144 262
147 262
159 262
189 262
190 262
201 262
204 262
223 262
233 262
239 262
249 262
2 263
21 263
31 263
35 263
52 263
59 263
75 263
76 263
85 263
103 263
126 263
143 263
144 263
165 263
167 263
171 263
173 263
175 263
178 263
179 263
186 263
189 263
193 263
210 263
230 263
236 263
249 263
255 263
9 264
31 264
48 264
49 264
73 264
83 264
84 264
100 264
112 264
120 264
121 264
132 264
137 264
138 264
162 264
175 264
181 264
186 264
198 264
200 264
207 264
220 264
227 264
232 264
243 264
247 264
249 264
253 264
6 265
39 265
52 265
62 265
64 265
75 265
79 265
81 265
82 265
88 265
89 265
92 265
124 265
132 265
142 265
148 265
156 265
201 265
228 265
233 265
240 265
241 265
4 266
27 266
29 266
47 266
67 266
79 266
80 266
82 266
94 266
96 266
101 266
108 266
130 266
151 266
158 266
163 266
164 266
166 266
171 266
218 266
225 266
229 266
233 266
248 266
252 266
257 266
265 266
4 267
5 267
7 267
21 267
28 267
36 267
40 267
41 267
56 267
65 267
66 267
69 267
81 267
85 267
91 267
122 267
151 267
160 267
168 267
181 267
189 267
202 267
204 267
208 267
217 267
226 267
241 267
248 267
260 267
16 268
21 268
43 268
59 268
60 268
73 268
95 268
96 268
98 268
108 268
124 268
148 268
152 268
183 268
190 268
195 268
202 268
212 268
214 268
221 268
228 268
233 268
242 268
253 268
260 268
261 268
45 269
52 269
57 269
68 269
72 269
90 269
105 269
112 269
132 269
139 269
140 269
149 269
158 269
177 269
192 269
201 269
202 269
211 269
215 269
218 269
222 269
226 269
228 269
239 269
242 269
246 269
266 269
4 270
7 270
12 270
16 270
18 270
26 270
27 270
38 270
50 270
53 270
55 270
70 270
80 270
83 270
96 270
110 270
142 270
147 270
151 270
160 270
174 270
193 270
196 270
231 270
234 270
267 270
268 270
10 271
18 271
22 271
25 271
29 271
30 271
34 271
38 271
44 271
86 271
108 271
120 271
125 271
136 271
191 271
192 271
225 271
4 272
5 272
6 272
25 272
28 272
39 272
42 272
55 272
58 272
65 272
68 272
93 272
105 272
117 272
145 272
154 272
162 272
174 272
177 272
205 272
210 272
213 272
221 272
235 272
257 272
259 272
271 272
3 273
18 273
26 273
39 273
40 273
48 273
72 273
75 273
79 273
94 273
100 273
101 273
105 273
119 273
126 273
137 273
142 273
146 273
158 273
162 273
188 273
202 273
204 273
208 273
221 273
231 273
250 273
261 273
272 273
8 274
14 274
38 274
51 274
55 274
64 274
78 274
107 274
120 274
121 274
128 274
144 274
149 274
155 274
165 274
184 274
194 274
231 274
232 274
233 274
240 274
241 274
244 274
248 274
263 274
29 275
40 275
50 275
54 275
62 275
66 275
85 275
88 275
121 275
139 275
189 275
197 275
205 275
207 275
214 275
215 275
216 275
220 275
221 275
238 275
272 275
35 276
88 276
99 276
112 276
117 276
124 276
137 276
151 276
171 276
173 276
183 276
196 276
204 276
214 276
216 276
225 276
230 276
238 276
244 276
252 276
261 276
5 277
15 277
31 277
43 277
77 277
90 277
92 277
105 277
108 277
114 277
119 277
124 277
157 277
163 277
167 277
169 277
186 277
190 277
193 277
204 277
211 277
215 277
218 277
242 277
243 277
244 277
251 277
275 277
1 278
17 278
22 278
37 278
41 278
64 278
69 278
86 278
88 278
111 278
114 278
121 278
132 278
133 278
134 278
165 278
167 278
174 278
179 278
195 278
201 278
208 278
213 278
214 278
226 278
230 278
260 278
261 278
265 278
269 278
12 279
24 279
25 279
40 279
42 279
43 279
44 279
54 279
56 279
65 279
72 279
81 279
82 279
128 279
129 279
132 279
133 279
162 279
169 279
181 279
184 279
187 279
188 279
190 279
191 279
206 279
208 279
211 279
233 279
236 279
245 279
252 279
253 279
259 279
272 279
278 279
19 280
26 280
38 280
53 280
58 280
60 280
62 280
65 280
83 280
85 280
89 280
95 280
102 280
104 280
116 280
117 280
127 280
139 280
150 280
153 280
162 280
175 280
190 280
192 280
194 280
196 280
211 280
217 280
223 280
226 280
235 280
241 280
247 280
249 280
251 280
18 281
28 281
29 281
37 281
48 281
57 281
62 281
74 281
87 281
90 281
98 281
105 281
138 281
149 281
157 281
165 281
166 281
168 281
172 281
177 281
192 281
202 281
205 281
220 281
222 281
226 281
234 281
236 281
244 281
249 281
273 281
2 282
10 282
13 282
15 282
16 282
17 282
29 282
30 282
32 282
33 282
45 282
57 282
77 282
80 282
98 282
108 282
120 282
123 282
135 282
145 282
158 282
173 282
175 282
176 282
187 282
198 282
210 282
228 282
229 282
244 282
267 282
272 282
278 282
5 283
14 283
22 283
24 283
25 283
32 283
44 283
48 283
52 283
58 283
70 283
78 283
93 283
94 283
97 283
98 283
119 283
123 283
131 283
143 283
186 283
190 283
199 283
201 283
220 283
232 283
243 283
244 283
261 283
265 283
274 283
10 284
24 284
26 284
32 284
33 284
43 284
49 284
52 284
64 284
75 284
93 284
112 284
119 284
120 284
127 284
144 284
149 284
156 284
161 284
166 284
182 284
185 284
187 284
188 284
197 284
204 284
227 284
251 284
3 285
20 285
34 285
45 285
60 285
67 285
102 285
107 285
122 285
126 285
150 285
152 285
166 285
171 285
174 285
207 285
212 285
217 285
218 285
238 285
241 285
243 285
247 285
248 285
272 285
276 285
9 286
13 286
75 286
80 286
82 286
86 286
90 286
93 286
103 286
111 286
114 286
131 286
133 286
151 286
166 286
171 286
185 286
203 286
219 286
233 286
236 286
244 286
246 286
251 286
269 286
273 286
3 287
12 287
16 287
24 287
39 287
43 287
45 287
46 287
47 287
57 287
69 287
70 287
137 287
151 287
159 287
161 287
179 287
180 287
187 287
203 287
205 287
214 287
223 287
238 287
264 287
269 287
16 288
20 288
71 288
99 288
101 288
110 288
114 288
124 288
136 288
143 288
164 288
167 288
182 288
197 288
198 288
199 288
201 288
210 288
218 288
242 288
287 288
22 289
28 289
45 289
49 289
59 289
63 289
72 289
87 289
90 289
95 289
99 289
100 289
111 289
120 289
123 289
128 289
138 289
142 289
148 289
149 289
180 289
188 289
202 289
214 289
223 289
231 289
238 289
254 289
278 289
3 290
9 290
10 290
14 290
15 290
18 290
29 290
30 290
37 290
40 290
43 290
53 290
55 290
67 290
95 290
99 290
110 290
115 290
117 290
133 290
137 290
139 290
144 290
147 290
152 290
157 290
166 290
183 290
189 290
196 290
225 290
235 290
267 290
276 290
33 291
45 291
56 291
58 291
75 291
85 291
89 291
92 291
100 291
101 291
108 291
120 291
137 291
138 291
154 291
187 291
205 291
207 291
211 291
223 291
226 291
242 291
243 291
255 291
257 291
266 291
281 291
288 291
13 292
14 292
35 292
45 292
64 292
80 292
81 292
105 292
117 292
120 292
157 292
168 292
174 292
178 292
185 292
200 292
201 292
202 292
215 292
226 292
242 292
248 292
261 292
276 292
289 292
290 292
0 293
10 293
14 293
67 293
75 293
99 293
105 293
127 293
138 293
142 293
148 293
150 293
151 293
173 293
174 293
188 293
191 293
192 293
216 293
217 293
225 293
226 293
232 293
234 293
240 293
246 293
249 293
257 293
265 293
287 293
3 294
9 294
25 294
38 294
45 294
53 294
56 294
58 294
65 294
72 294
76 294
86 294
96 294
97 294
102 294
105 294
108 294
139 294
140 294
143 294
144 294
151 294
162 294
166 294
189 294
200 294
201 294
228 294
241 294
263 294
266 294
268 294
269 294
277 294
2 295
16 295
21 295
25 295
57 295
62 295
72 295
73 295
77 295
99 295
105 295
117 295
127 295
131 295
142 295
143 295
159 295
166 295
176 295
178 295
205 295
209 295
218 295
227 295
233 295
244 295
248 295
250 295
253 295
263 295
281 295
290 295
0 296
34 296
35 296
36 296
42 296
54 296
61 296
62 296
72 296
75 296
88 296
91 296
96 296
97 296
113 296
136 296
138 296
146 296
162 296
167 296
170 296
176 296
184 296
192 296
205 296
219 296
240 296
252 296
278 296
292 296
18 297
23 297
33 297
34 297
46 297
51 297
75 297
92 297
101 297
118 297
126 297
128 297
152 297
182 297
184 297
188 297
214 297
222 297
243 297
246 297
253 297
254 297
261 297
271 297
279 297
281 297
284 297
287 297
293 297
4 298
17 298
20 298
22 298
31 298
32 298
38 298
77 298
79 298
80 298
81 298
83 298
85 298
87 298
98 298
109 298
120 298
143 298
154 298
168 298
181 298
182 298
184 298
187 298
199 298
217 298
232 298
233 298
236 298
239 298
245 298
255 298
259 298
264 298
271 298
275 298
284 298
285 298
1 299
50 299
52 299
57 299
66 299
67 299
68 299
87 299
97 299
100 299
101 299
107 299
111 299
124 299
150 299
156 299
165 299
182 299
188 299
197 299
209 299
234 299
243 299
250 299
264 299
278 299
