300 3297 5
7 8 7 12 11 9 10 6 10 6 10 14 5 7 8 9 15 13 10 15 11 8 15 13 12 14 11 12 11 8 14 7 14 15 9 16 12 11 9 11 9 11 11 12 8 16 13 9 10 9 13 14 13 10 11 15 10 8 3 9 11 6 10 12 16 10 6 9 6 6 14 6 7 11 9 13 10 8 10 9 11 9 10 8 8 11 9 8 11 13 9 14 13 7 10 11 7 7 5 10 9 12 10 8 13 9 9 10 11 11 17 9 8 11 10 7 11 14 12 8 16 10 10 8 15 12 8 6 9 8 5 7 12 8 12 10 10 15 11 12 7 6 13 13 14 8 10 14 10 8 11 8 13 11 12 10 11 11 8 15 8 13 9 11 11 12 11 14 10 6 9 8 13 12 11 12 12 8 11 10 8 9 16 11 9 11 8 12 11 11 13 8 9 7 8 12 13 13 10 12 14 9 15 12 8 11 7 14 10 9 13 14 10 5 9 10 10 9 11 12 13 8 14 14 12 11 11 8 14 14 8 5 9 12 11 12 13 9 11 2 5 9 11 9 5 11 9 8 6 9 10 9 8 11 17 12 14 13 19 11 8 7 14 11 9 10 8 6 11 13 10 9 9 15 7 8 12 8 12 8 11 11 12 5 12 10 11 10 8 5 10 9 8 7 11 10 9 8 9 12
0 3
6 8
3 9
7 9
7 10
2 11
8 12
10 14
11 15
14 15
4 16
16 17
5 19
7 19
5 20
11 20
18 20
19 21
20 21
4 23
6 23
9 23
5 24
19 24
23 24
10 25
16 25
14 26
23 26
1 27
12 27
16 28
22 28
28 29
5 30
13 30
19 30
21 30
25 30
1 31
2 31
15 31
16 31
20 31
9 33
24 33
31 33
4 34
17 34
10 35
2 36
28 36
16 37
23 37
27 37
33 37
0 38
28 38
36 38
5 39
16 39
8 40
35 40
36 40
13 41
16 42
22 42
30 42
31 42
39 42
7 43
13 43
15 43
39 43
42 43
12 44
29 44
31 44
2 45
12 45
22 45
35 45
4 46
28 46
1 47
4 47
12 47
14 47
28 47
31 47
36 47
37 47
40 47
3 48
14 48
23 48
31 48
39 48
12 49
17 49
24 49
25 49
10 50
18 50
26 50
38 50
49 50
0 51
7 51
24 52
31 53
36 53
52 53
50 54
52 54
23 55
29 55
36 55
13 56
33 56
39 56
51 56
4 57
7 57
33 57
34 57
41 57
47 57
51 57
4 58
15 58
25 58
34 58
40 58
51 58
54 58
55 58
30 59
37 59
56 59
25 60
37 60
42 60
57 60
1 61
5 61
16 61
23 61
30 61
34 61
36 61
38 61
39 61
4 62
10 62
14 62
22 62
24 62
57 62
11 63
12 63
22 63
58 63
6 64
19 64
21 64
29 64
57 64
61 64
1 65
35 65
39 65
59 65
5 66
28 66
39 66
41 66
46 66
1 67
3 67
4 67
7 67
6 68
22 68
27 68
40 68
56 68
61 68
1 69
42 69
5 70
20 70
35 70
42 70
36 71
40 71
52 71
66 71
6 72
22 72
25 72
42 72
44 72
48 72
53 72
54 72
13 73
38 73
52 73
65 73
9 74
20 74
26 74
46 74
50 74
18 75
35 75
58 75
26 76
45 76
46 76
49 76
60 76
75 76
22 77
30 77
41 77
50 77
60 77
0 78
1 78
4 78
10 78
29 78
30 78
33 78
13 79
39 79
42 79
45 79
67 79
4 80
6 80
9 80
55 80
68 80
1 81
14 81
17 81
42 81
57 81
4 82
30 82
33 82
71 82
74 82
8 83
10 83
38 83
42 83
46 83
63 83
5 84
35 84
41 84
60 84
5 85
23 85
43 85
45 85
49 85
70 85
77 85
78 85
9 86
12 86
22 86
32 86
34 86
55 86
6 87
8 87
42 87
77 87
6 88
23 88
25 88
30 88
49 88
61 88
63 88
67 88
75 88
76 88
6 89
53 89
73 89
86 89
12 90
47 90
56 90
60 90
78 90
79 90
14 91
32 91
77 91
29 92
31 92
37 92
38 92
48 92
55 92
57 92
65 92
75 92
6 93
9 93
36 93
42 93
48 93
66 93
68 93
85 93
87 93
91 93
12 94
19 94
25 94
36 94
46 94
6 95
13 95
31 95
65 95
70 95
23 96
74 96
21 97
24 97
30 97
50 97
56 97
59 97
90 97
39 98
43 98
55 98
58 98
69 98
92 98
8 99
18 99
22 99
35 99
42 99
53 99
60 99
62 99
13 100
17 100
22 100
31 100
43 100
46 100
47 100
49 100
59 100
36 101
40 101
41 101
49 101
51 101
60 101
75 101
81 101
87 101
88 101
89 101
11 102
14 102
16 102
26 102
41 102
43 102
61 102
77 102
81 102
85 102
96 102
1 103
8 103
11 103
19 103
23 103
25 103
33 103
54 103
84 103
19 104
31 104
57 104
77 104
84 104
92 104
3 105
8 105
22 105
34 105
39 105
47 105
49 105
58 105
99 105
15 106
29 106
41 106
66 106
69 106
22 107
38 107
48 107
65 107
68 107
76 107
8 108
27 108
29 108
33 108
47 108
55 108
91 108
6 109
23 109
46 109
48 109
50 109
65 109
77 109
84 109
89 109
93 109
94 109
0 110
5 110
12 110
20 110
36 110
38 110
59 110
60 110
76 110
19 111
30 111
41 111
51 111
67 111
71 111
77 111
92 111
103 111
0 112
3 112
33 112
35 112
54 112
68 112
81 112
84 112
103 112
15 113
30 113
31 113
44 113
61 113
66 113
75 113
79 113
85 113
104 113
105 113
31 114
59 114
65 114
110 114
0 115
2 115
3 115
30 115
43 115
58 115
78 115
2 116
4 116
17 116
31 116
34 116
54 116
71 116
76 116
105 116
1 117
6 117
20 117
35 117
64 117
95 117
97 117
98 117
103 117
107 117
6 118
8 118
19 118
55 118
58 118
77 118
84 118
92 118
113 118
18 119
62 119
67 119
111 119
116 119
8 120
28 120
34 120
38 120
54 120
61 120
76 120
85 120
97 120
0 121
51 121
74 121
101 121
112 121
4 122
47 122
49 122
86 122
109 122
1 123
25 123
31 123
51 123
57 123
80 123
110 123
3 124
5 124
14 124
24 124
39 124
72 124
73 124
81 124
87 124
103 124
110 124
122 124
0 125
22 125
31 125
39 125
50 125
55 125
99 125
102 125
120 125
16 126
21 126
38 126
76 126
77 126
83 126
103 126
121 126
38 127
41 127
42 127
47 127
51 127
69 127
71 127
79 127
84 127
100 127
104 127
106 127
113 127
0 128
2 128
7 128
22 128
23 128
42 128
46 128
49 128
52 128
65 128
102 128
120 128
10 129
19 129
24 129
37 129
39 129
42 129
66 129
67 129
68 129
79 129
97 129
114 129
10 130
44 130
56 130
71 130
72 130
93 130
94 130
108 130
111 130
120 130
2 131
6 131
13 131
22 131
36 131
41 131
53 131
61 131
65 131
69 131
80 131
97 131
111 131
113 131
27 132
28 132
33 132
34 132
45 132
51 132
58 132
61 132
63 132
68 132
110 132
117 132
11 133
16 133
27 133
39 133
45 133
46 133
47 133
92 133
118 133
125 133
4 134
55 134
79 134
103 134
104 134
107 134
120 134
128 134
130 134
0 135
7 135
10 135
12 135
19 135
66 135
81 135
83 135
10 136
43 136
46 136
60 136
91 136
102 136
117 136
120 136
125 136
1 137
9 137
23 137
26 137
70 137
72 137
94 137
5 138
9 138
22 138
56 138
69 138
71 138
94 138
113 138
23 139
25 139
26 139
40 139
56 139
88 139
95 139
116 139
7 140
8 140
23 140
25 140
36 140
40 140
59 140
68 140
89 140
94 140
97 140
109 140
134 140
9 141
44 141
72 141
83 141
113 141
115 141
117 141
4 142
10 142
18 142
19 142
30 142
31 142
33 142
44 142
49 142
63 142
70 142
97 142
98 142
103 142
108 142
112 142
116 142
122 142
6 143
7 143
25 143
28 143
42 143
65 143
75 143
86 143
102 143
115 143
128 143
13 144
32 144
34 144
54 144
66 144
69 144
80 144
98 144
104 144
23 145
24 145
40 145
41 145
47 145
87 145
99 145
107 145
124 145
125 145
11 146
15 146
30 146
31 146
52 146
54 146
79 146
97 146
100 146
104 146
108 146
117 146
3 147
7 147
10 147
35 147
65 147
80 147
96 147
101 147
120 147
130 147
23 148
42 148
45 148
46 148
51 148
92 148
93 148
138 148
77 149
84 149
14 150
15 150
28 150
40 150
74 150
108 150
123 150
127 150
148 150
3 151
18 151
36 151
43 151
44 151
76 151
83 151
103 151
111 151
147 151
17 152
50 152
63 152
69 152
75 152
76 152
80 152
83 152
101 152
104 152
122 152
0 153
16 153
25 153
42 153
44 153
47 153
55 153
62 153
67 153
77 153
83 153
100 153
110 153
0 154
10 154
18 154
34 154
36 154
37 154
42 154
79 154
89 154
90 154
115 154
138 154
6 155
25 155
30 155
81 155
98 155
100 155
128 155
139 155
142 155
147 155
21 156
31 156
39 156
41 156
59 156
72 156
73 156
78 156
98 156
124 156
135 156
145 156
11 157
13 157
14 157
22 157
37 157
66 157
88 157
106 157
118 157
122 157
128 157
134 157
11 158
17 158
18 158
19 158
24 158
28 158
32 158
50 158
53 158
59 158
77 158
95 158
104 158
110 158
125 158
127 158
134 158
136 158
147 158
18 159
30 159
79 159
81 159
98 159
104 159
118 159
133 159
134 159
135 159
136 159
142 159
153 159
155 159
18 160
27 160
37 160
42 160
43 160
44 160
56 160
77 160
104 160
129 160
130 160
133 160
146 160
158 160
0 161
1 161
22 161
34 161
82 161
101 161
112 161
126 161
136 161
137 161
1 162
7 162
23 162
51 162
52 162
101 162
106 162
119 162
160 162
1 163
22 163
40 163
58 163
67 163
73 163
101 163
116 163
138 163
160 163
8 164
15 164
22 164
69 164
72 164
73 164
79 164
81 164
105 164
137 164
146 164
2 165
4 165
5 165
23 165
24 165
25 165
40 165
50 165
67 165
92 165
99 165
134 165
164 165
3 166
18 166
24 166
29 166
34 166
51 166
59 166
88 166
115 166
129 166
136 166
139 166
140 166
2 167
14 167
36 167
40 167
41 167
42 167
88 167
106 167
155 167
157 167
165 167
6 168
19 168
23 168
25 168
30 168
38 168
46 168
61 168
74 168
83 168
89 168
108 168
113 168
127 168
131 168
16 169
17 169
26 169
30 169
43 169
53 169
61 169
86 169
102 169
125 169
126 169
127 169
132 169
133 169
138 169
168 169
2 170
4 170
19 170
47 170
63 170
73 170
94 170
95 170
121 170
132 170
160 170
40 171
57 171
77 171
79 171
96 171
98 171
102 171
109 171
131 171
136 171
141 171
30 172
40 172
42 172
58 172
73 172
82 172
92 172
96 172
104 172
142 172
166 172
13 173
27 173
49 173
86 173
96 173
100 173
109 173
121 173
144 173
150 173
160 173
169 173
172 173
8 174
17 174
26 174
28 174
35 174
56 174
63 174
71 174
79 174
88 174
102 174
103 174
107 174
111 174
152 174
165 174
10 175
15 175
32 175
37 175
68 175
76 175
85 175
106 175
107 175
123 175
127 175
142 175
165 175
172 175
174 175
24 176
48 176
86 176
96 176
97 176
149 176
151 176
160 176
166 176
8 177
17 177
20 177
22 177
56 177
66 177
83 177
84 177
101 177
108 177
111 177
112 177
122 177
155 177
175 177
4 178
20 178
61 178
79 178
89 178
99 178
127 178
129 178
140 178
145 178
151 178
155 178
22 179
32 179
33 179
39 179
48 179
63 179
67 179
93 179
97 179
167 179
178 179
22 180
23 180
46 180
54 180
90 180
94 180
96 180
100 180
104 180
119 180
168 180
177 180
8 181
18 181
37 181
66 181
69 181
76 181
78 181
95 181
120 181
129 181
145 181
146 181
178 181
5 182
13 182
30 182
31 182
41 182
61 182
78 182
95 182
106 182
107 182
117 182
168 182
26 183
83 183
105 183
154 183
163 183
164 183
166 183
175 183
17 184
37 184
50 184
107 184
125 184
138 184
156 184
175 184
2 185
3 185
23 185
32 185
36 185
54 185
68 185
76 185
117 185
122 185
127 185
160 185
178 185
4 186
24 186
26 186
30 186
36 186
53 186
92 186
106 186
112 186
117 186
123 186
141 186
166 186
168 186
172 186
0 187
4 187
7 187
12 187
23 187
24 187
52 187
85 187
111 187
116 187
117 187
119 187
122 187
129 187
136 187
147 187
154 187
158 187
176 187
180 187
10 188
22 188
77 188
86 188
91 188
97 188
146 188
178 188
185 188
8 189
30 189
39 189
46 189
59 189
85 189
104 189
105 189
113 189
114 189
143 189
156 189
173 189
180 189
181 189
13 190
15 190
26 190
32 190
43 190
47 190
48 190
62 190
115 190
126 190
127 190
141 190
143 190
152 190
172 190
22 191
50 191
57 191
63 191
79 191
83 191
86 191
100 191
107 191
113 191
134 191
145 191
151 191
2 192
8 192
10 192
15 192
21 192
23 192
26 192
39 192
42 192
49 192
52 192
86 192
98 192
116 192
130 192
157 192
166 192
181 192
182 192
191 192
39 193
79 193
93 193
127 193
131 193
146 193
165 193
179 193
14 194
15 194
33 194
34 194
58 194
59 194
74 194
75 194
82 194
85 194
93 194
95 194
103 194
118 194
121 194
150 194
159 194
190 194
16 195
24 195
27 195
43 195
47 195
61 195
63 195
69 195
73 195
74 195
83 195
95 195
125 195
164 195
167 195
185 195
0 196
13 196
45 196
65 196
69 196
103 196
108 196
131 196
164 196
171 196
191 196
195 196
15 197
17 197
23 197
29 197
38 197
45 197
91 197
122 197
125 197
144 197
193 197
195 197
42 198
49 198
53 198
55 198
57 198
105 198
171 198
187 198
189 198
194 198
17 199
41 199
48 199
56 199
58 199
64 199
79 199
88 199
91 199
120 199
140 199
145 199
162 199
5 200
6 200
9 200
16 200
18 200
66 200
69 200
76 200
104 200
125 200
143 200
161 200
172 200
194 200
4 201
19 201
26 201
48 201
59 201
64 201
89 201
100 201
113 201
124 201
134 201
155 201
160 201
168 201
183 201
192 201
194 201
196 201
198 201
1 202
6 202
14 202
20 202
46 202
63 202
67 202
72 202
99 202
125 202
136 202
137 202
165 202
171 202
180 202
188 202
2 203
13 203
15 203
16 203
28 203
35 203
47 203
48 203
49 203
78 203
97 203
100 203
143 203
146 203
148 203
155 203
156 203
163 203
168 203
182 203
190 203
198 203
200 203
65 204
82 204
86 204
88 204
94 204
139 204
161 204
162 204
173 204
183 204
186 204
190 204
10 205
14 205
25 205
31 205
33 205
37 205
61 205
75 205
90 205
93 205
94 205
105 205
116 205
136 205
150 205
152 205
173 205
176 205
185 205
204 205
8 206
12 206
34 206
48 206
58 206
61 206
79 206
84 206
86 206
89 206
90 206
160 206
164 206
174 206
194 206
25 207
31 207
37 207
48 207
68 207
72 207
82 207
97 207
122 207
133 207
155 207
168 207
175 207
190 207
191 207
193 207
3 208
11 208
14 208
16 208
24 208
57 208
98 208
102 208
105 208
116 208
122 208
133 208
136 208
141 208
150 208
154 208
173 208
188 208
190 208
193 208
14 209
15 209
27 209
39 209
45 209
48 209
71 209
78 209
82 209
88 209
94 209
98 209
101 209
102 209
112 209
166 209
168 209
186 209
191 209
193 209
205 209
207 209
5 210
19 210
38 210
59 210
65 210
77 210
85 210
102 210
104 210
119 210
156 210
169 210
170 210
198 210
203 210
1 211
29 211
60 211
70 211
75 211
79 211
83 211
97 211
109 211
125 211
131 211
164 211
174 211
177 211
192 211
0 212
1 212
2 212
24 212
41 212
62 212
98 212
102 212
113 212
133 212
138 212
139 212
148 212
150 212
159 212
181 212
188 212
191 212
197 212
202 212
205 212
11 213
15 213
30 213
39 213
85 213
116 213
141 213
144 213
147 213
152 213
159 213
171 213
176 213
179 213
182 213
206 213
1 214
22 214
24 214
25 214
27 214
29 214
39 214
67 214
71 214
122 214
144 214
155 214
156 214
167 214
175 214
186 214
203 214
211 214
0 215
28 215
29 215
39 215
59 215
61 215
63 215
65 215
73 215
79 215
82 215
93 215
97 215
104 215
109 215
110 215
135 215
162 215
170 215
179 215
181 215
189 215
191 215
197 215
198 215
202 215
207 215
210 215
7 216
15 216
30 216
54 216
60 216
68 216
79 216
81 216
84 216
85 216
127 216
133 216
135 216
141 216
147 216
174 216
194 216
210 216
2 217
23 217
38 217
48 217
75 217
88 217
113 217
145 217
170 217
192 217
202 217
207 217
5 218
6 218
10 218
35 218
56 218
64 218
75 218
117 218
144 218
148 218
184 218
190 218
21 219
27 219
36 219
37 219
87 219
92 219
97 219
111 219
135 219
153 219
162 219
199 219
0 220
1 220
36 220
60 220
62 220
69 220
74 220
95 220
113 220
119 220
151 220
156 220
167 220
176 220
178 220
179 220
210 220
213 220
217 220
29 221
35 221
44 221
65 221
95 221
98 221
107 221
137 221
144 221
155 221
166 221
179 221
190 221
213 221
218 221
1 222
3 222
19 222
29 222
71 222
81 222
86 222
90 222
102 222
147 222
153 222
176 222
188 222
211 222
216 222
1 223
21 223
22 223
47 223
55 223
57 223
67 223
110 223
114 223
133 223
159 223
165 223
191 223
193 223
206 223
5 224
16 224
32 224
50 224
64 224
81 224
88 224
100 224
123 224
124 224
140 224
163 224
169 224
173 224
177 224
187 224
191 224
205 224
210 224
217 224
221 224
3 225
16 225
50 225
65 225
68 225
70 225
94 225
119 225
125 225
135 225
154 225
158 225
176 225
187 225
204 225
207 225
217 225
4 226
15 226
44 226
51 226
52 226
61 226
66 226
67 226
81 226
127 226
170 226
180 226
185 226
204 226
7 227
14 227
30 227
34 227
38 227
47 227
89 227
98 227
129 227
164 227
181 227
195 227
220 227
19 228
24 228
26 228
57 228
76 228
80 228
91 228
96 228
122 228
124 228
132 228
145 228
150 228
160 228
174 228
179 228
182 228
194 228
199 228
4 229
7 229
9 229
63 229
72 229
77 229
104 229
106 229
122 229
142 229
157 229
163 229
185 229
204 229
205 229
210 229
7 230
34 230
46 230
68 230
111 230
112 230
139 230
142 230
165 230
179 230
194 230
201 230
229 230
3 231
6 231
8 231
19 231
40 231
103 231
119 231
124 231
138 231
163 231
187 231
195 231
196 231
214 231
2 232
4 232
16 232
33 232
40 232
43 232
44 232
46 232
73 232
82 232
103 232
130 232
136 232
151 232
174 232
205 232
211 232
215 232
218 232
226 232
8 233
21 233
27 233
37 233
49 233
55 233
56 233
72 233
75 233
81 233
97 233
126 233
157 233
168 233
172 233
174 233
176 233
178 233
179 233
192 233
212 233
225 233
2 234
21 234
27 234
29 234
41 234
81 234
85 234
92 234
95 234
100 234
108 234
114 234
127 234
137 234
148 234
192 234
194 234
206 234
219 234
233 234
25 235
62 235
74 235
91 235
103 235
112 235
117 235
119 235
134 235
198 235
213 235
217 235
219 235
22 236
66 236
74 236
109 236
127 236
168 236
175 236
209 236
213 236
229 236
232 236
13 237
27 237
68 237
73 237
74 237
94 237
109 237
140 237
163 237
171 237
201 237
222 237
3 238
35 238
64 238
76 238
77 238
80 238
92 238
107 238
113 238
121 238
130 238
135 238
143 238
163 238
188 238
207 238
227 238
235 238
7 239
16 239
17 239
25 239
29 239
32 239
43 239
76 239
96 239
130 239
165 239
174 239
180 239
188 239
195 239
200 239
201 239
204 239
206 239
3 240
37 240
47 240
50 240
55 240
77 240
110 240
125 240
139 240
142 240
145 240
166 240
172 240
217 240
218 240
1 241
6 241
52 241
69 241
92 241
147 241
149 241
153 241
155 241
174 241
189 241
230 241
240 241
11 242
18 242
37 242
53 242
73 242
74 242
85 242
118 242
128 242
132 242
144 242
157 242
160 242
174 242
196 242
217 242
234 242
2 243
9 243
48 243
55 243
57 243
60 243
68 243
79 243
103 243
112 243
114 243
127 243
164 243
174 243
184 243
200 243
220 243
26 244
31 244
43 244
87 244
96 244
99 244
113 244
116 244
118 244
177 244
178 244
179 244
180 244
190 244
192 244
199 244
227 244
19 245
38 245
44 245
56 245
97 245
114 245
117 245
141 245
144 245
148 245
158 245
185 245
193 245
201 245
222 245
224 245
227 245
232 245
1 246
48 246
87 246
88 246
91 246
107 246
108 246
114 246
119 246
135 246
137 246
149 246
151 246
158 246
173 246
181 246
204 246
206 246
218 246
245 246
10 247
27 247
36 247
73 247
75 247
87 247
96 247
108 247
118 247
122 247
132 247
134 247
144 247
145 247
151 247
167 247
203 247
219 247
15 248
40 248
64 248
65 248
114 248
118 248
142 248
143 248
157 248
158 248
179 248
214 248
232 248
237 248
2 249
8 249
28 249
43 249
46 249
54 249
80 249
81 249
85 249
94 249
107 249
163 249
170 249
203 249
218 249
0 250
15 250
16 250
47 250
74 250
89 250
92 250
111 250
116 250
140 250
177 250
206 250
213 250
221 250
227 250
232 250
235 250
1 251
18 251
27 251
29 251
41 251
85 251
94 251
106 251
126 251
142 251
163 251
166 251
168 251
174 251
195 251
214 251
248 251
249 251
7 252
9 252
29 252
79 252
86 252
93 252
107 252
136 252
142 252
180 252
181 252
187 252
190 252
206 252
229 252
236 252
10 253
27 253
37 253
42 253
71 253
89 253
101 253
103 253
118 253
122 253
148 253
156 253
165 253
185 253
194 253
237 253
248 253
0 254
31 254
40 254
41 254
58 254
62 254
66 254
71 254
129 254
132 254
137 254
176 254
186 254
236 254
248 254
22 255
23 255
25 255
44 255
46 255
62 255
83 255
86 255
91 255
119 255
122 255
129 255
153 255
188 255
194 255
208 255
227 255
232 255
233 255
242 255
244 255
4 256
5 256
8 256
20 256
38 256
43 256
56 256
57 256
72 256
84 256
87 256
107 256
117 256
132 256
140 256
151 256
166 256
200 256
231 256
236 256
240 256
253 256
11 257
14 257
24 257
28 257
30 257
35 257
41 257
46 257
57 257
71 257
87 257
106 257
119 257
122 257
128 257
145 257
151 257
157 257
166 257
167 257
192 257
204 257
238 257
252 257
8 258
23 258
63 258
87 258
93 258
94 258
97 258
109 258
115 258
122 258
126 258
147 258
148 258
159 258
165 258
177 258
190 258
216 258
219 258
240 258
33 259
44 259
50 259
75 259
91 259
120 259
183 259
204 259
211 259
220 259
234 259
238 259
255 259
258 259
3 260
5 260
10 260
25 260
43 260
45 260
58 260
63 260
68 260
70 260
72 260
105 260
107 260
111 260
115 260
140 260
144 260
150 260
200 260
215 260
216 260
245 260
246 260
14 261
59 261
61 261
77 261
93 261
94 261
108 261
131 261
149 261
155 261
162 261
174 261
177 261
215 261
231 261
2 262
3 262
7 262
77 262
96 262
108 262
110 262
121 262
135 262
145 262
151 262
165 262
166 262
182 262
183 262
188 262
199 262
209 262
221 262
224 262
243 262
259 262
18 263
40 263
77 263
82 263
122 263
126 263
148 263
150 263
151 263
152 263
157 263
159 263
163 263
182 263
199 263
227 263
235 263
244 263
245 263
246 263
8 264
26 264
47 264
52 264
55 264
58 264
83 264
85 264
91 264
117 264
128 264
150 264
158 264
203 264
205 264
226 264
249 264
263 264
1 265
35 265
43 265
45 265
49 265
52 265
58 265
60 265
66 265
87 265
101 265
112 265
115 265
121 265
133 265
141 265
144 265
148 265
185 265
195 265
205 265
223 265
238 265
243 265
257 265
259 265
42 266
58 266
71 266
98 266
111 266
134 266
141 266
147 266
149 266
154 266
172 266
174 266
175 266
182 266
185 266
191 266
193 266
200 266
228 266
229 266
264 266
6 267
12 267
19 267
32 267
36 267
42 267
52 267
57 267
65 267
102 267
109 267
115 267
132 267
136 267
147 267
188 267
194 267
199 267
214 267
233 267
235 267
7 268
8 268
27 268
38 268
39 268
41 268
48 268
59 268
94 268
114 268
130 268
150 268
219 268
238 268
24 269
30 269
36 269
47 269
53 269
55 269
71 269
91 269
92 269
103 269
147 269
149 269
153 269
155 269
167 269
172 269
184 269
187 269
223 269
235 269
20 270
32 270
36 270
38 270
52 270
68 270
70 270
74 270
77 270
80 270
97 270
122 270
128 270
129 270
140 270
161 270
190 270
239 270
241 270
254 270
269 270
28 271
35 271
37 271
50 271
75 271
79 271
83 271
97 271
115 271
155 271
194 271
213 271
214 271
224 271
227 271
231 271
241 271
242 271
22 272
27 272
32 272
50 272
76 272
107 272
126 272
191 272
204 272
206 272
238 272
249 272
257 272
259 272
268 272
4 273
73 273
74 273
80 273
98 273
107 273
143 273
161 273
171 273
172 273
175 273
201 273
226 273
243 273
251 273
262 273
264 273
7 274
16 274
19 274
80 274
84 274
100 274
137 274
173 274
180 274
186 274
220 274
223 274
224 274
232 274
253 274
259 274
273 274
2 275
7 275
31 275
88 275
136 275
161 275
196 275
220 275
235 275
264 275
267 275
6 276
19 276
24 276
25 276
28 276
33 276
71 276
99 276
100 276
130 276
150 276
155 276
166 276
180 276
182 276
185 276
210 276
219 276
270 276
6 277
12 277
15 277
44 277
48 277
52 277
96 277
121 277
123 277
128 277
130 277
131 277
151 277
159 277
189 277
195 277
204 277
225 277
232 277
234 277
241 277
2 278
6 278
7 278
8 278
14 278
20 278
38 278
42 278
44 278
52 278
58 278
69 278
76 278
78 278
97 278
123 278
152 278
160 278
163 278
190 278
191 278
193 278
238 278
244 278
8 279
14 279
15 279
33 279
50 279
76 279
86 279
95 279
99 279
103 279
111 279
116 279
143 279
145 279
150 279
155 279
164 279
168 279
214 279
216 279
222 279
229 279
230 279
241 279
250 279
260 279
3 280
4 280
8 280
21 280
24 280
33 280
49 280
52 280
53 280
55 280
58 280
83 280
97 280
100 280
126 280
139 280
157 280
164 280
171 280
188 280
191 280
197 280
202 280
209 280
213 280
215 280
220 280
241 280
251 280
256 280
270 280
277 280
12 281
25 281
47 281
80 281
90 281
106 281
115 281
123 281
128 281
131 281
145 281
159 281
179 281
187 281
194 281
195 281
217 281
235 281
243 281
259 281
266 281
30 282
55 282
56 282
69 282
76 282
92 282
107 282
122 282
130 282
140 282
161 282
184 282
187 282
193 282
194 282
222 282
229 282
230 282
274 282
277 282
54 283
60 283
77 283
131 283
132 283
153 283
168 283
171 283
183 283
184 283
227 283
237 283
242 283
243 283
255 283
270 283
276 283
277 283
27 284
46 284
54 284
63 284
78 284
101 284
106 284
124 284
138 284
146 284
148 284
157 284
164 284
182 284
185 284
197 284
209 284
236 284
250 284
258 284
5 285
10 285
15 285
20 285
21 285
53 285
64 285
67 285
73 285
75 285
86 285
95 285
115 285
130 285
134 285
152 285
165 285
173 285
177 285
195 285
199 285
237 285
256 285
276 285
6 286
24 286
101 286
115 286
147 286
163 286
172 286
175 286
188 286
207 286
230 286
235 286
245 286
267 286
0 287
22 287
70 287
71 287
72 287
74 287
87 287
104 287
108 287
111 287
150 287
157 287
167 287
177 287
184 287
198 287
201 287
203 287
239 287
247 287
251 287
257 287
260 287
261 287
271 287
284 287
4 288
7 288
32 288
36 288
69 288
83 288
108 288
127 288
132 288
145 288
173 288
175 288
185 288
191 288
199 288
203 288
264 288
2 289
3 289
5 289
8 289
42 289
48 289
57 289
73 289
78 289
82 289
93 289
124 289
133 289
138 289
143 289
147 289
163 289
171 289
214 289
215 289
219 289
220 289
223 289
228 289
229 289
232 289
233 289
243 289
247 289
260 289
277 289
15 290
17 290
26 290
67 290
82 290
99 290
105 290
113 290
128 290
136 290
138 290
140 290
153 290
163 290
171 290
179 290
183 290
192 290
204 290
221 290
232 290
281 290
288 290
12 291
27 291
32 291
45 291
49 291
56 291
58 291
61 291
70 291
75 291
76 291
80 291
84 291
103 291
104 291
132 291
137 291
141 291
142 291
161 291
180 291
182 291
190 291
211 291
213 291
223 291
231 291
238 291
250 291
260 291
270 291
288 291
2 292
3 292
8 292
16 292
28 292
30 292
50 292
71 292
83 292
89 292
102 292
111 292
128 292
149 292
172 292
188 292
215 292
234 292
236 292
251 292
261 292
283 292
6 293
38 293
41 293
63 293
75 293
97 293
100 293
105 293
121 293
127 293
129 293
202 293
203 293
207 293
219 293
248 293
250 293
251 293
257 293
258 293
274 293
28 294
60 294
78 294
110 294
117 294
121 294
128 294
144 294
153 294
155 294
171 294
173 294
201 294
225 294
257 294
263 294
269 294
291 294
27 295
43 295
49 295
70 295
73 295
77 295
107 295
118 295
129 295
149 295
165 295
179 295
197 295
205 295
229 295
234 295
247 295
274 295
275 295
281 295
15 296
16 296
29 296
31 296
32 296
39 296
65 296
69 296
113 296
116 296
119 296
123 296
133 296
152 296
162 296
173 296
185 296
188 296
214 296
220 296
238 296
264 296
269 296
285 296
287 296
295 296
7 297
44 297
77 297
86 297
89 297
96 297
129 297
135 297
143 297
148 297
168 297
197 297
223 297
242 297
243 297
251 297
268 297
286 297
296 297
5 298
87 298
93 298
100 298
102 298
104 298
135 298
139 298
194 298
212 298
219 298
229 298
234 298
240 298
262 298
263 298
267 298
285 298
287 298
8 299
19 299
20 299
25 299
34 299
38 299
39 299
40 299
42 299
60 299
108 299
133 299
150 299
153 299
157 299
170 299
171 299
175 299
190 299
234 299
235 299
236 299
257 299
265 299
295 299
