300 8070 5
4 8 9 11 9 11 14 12 17 9 8 11 11 11 6 11 10 7 13 7 12 8 11 9 15 10 10 10 11 14 8 12 11 14 10 10 11 14 10 12 11 9 11 11 3 8 13 9 9 7 11 12 7 7 10 9 12 15 11 11 10 15 11 2 11 14 9 7 7 9 15 11 6 12 10 10 13 10 7 12 10 7 17 11 9 10 8 9 17 13 10 8 15 4 11 7 12 14 11 7 8 12 14 12 11 14 11 8 12 9 15 12 14 7 2 15 12 11 11 8 16 14 6 14 11 15 10 6 6 11 10 15 12 7 9 12 4 9 13 10 12 7 13 14 7 6 12 10 9 9 15 18 9 12 7 10 10 4 11 10 13 11 13 8 11 16 10 7 7 11 12 7 14 5 11 13 10 14 8 4 9 12 15 11 8 9 8 11 8 12 3 9 8 12 11 12 14 15 9 15 13 12 10 6 6 11 14 13 9 7 10 12 5 13 7 5 10 5 9 10 14 13 11 4 5 9 6 10 14 13 11 13 10 11 10 13 9 13 14 16 11 8 7 8 5 14 10 14 7 13 9 11 8 6 7 9 6 12 8 10 9 5 15 11 10 12 13 9 11 13 12 14 4 10 9 9 11 12 8 10 10 11 11 11 4 11 12 12 13 10 13 10 16 11 8 11 13 11 15 10
0 2
1 2
0 5
2 6
0 8
4 8
6 9
6 10
9 10
3 11
7 11
1 12
2 12
5 12
11 12
0 13
3 13
4 13
1 14
8 14
10 14
13 14
9 15
3 16
5 17
9 17
11 17
5 18
15 18
0 19
1 19
5 19
6 19
11 19
1 20
2 20
7 20
9 20
18 20
9 21
14 21
0 22
4 22
15 22
19 22
4 23
10 23
17 23
19 23
2 24
11 24
22 24
23 24
1 25
3 25
8 25
11 25
23 25
3 26
17 26
21 26
1 27
3 27
7 27
13 27
14 27
23 27
25 27
11 28
12 28
16 28
23 28
25 28
7 29
8 29
19 29
24 29
28 29
0 30
8 30
9 30
14 30
19 30
24 30
28 30
0 31
23 31
24 31
26 31
13 32
16 32
20 32
23 32
31 32
7 33
12 33
13 33
16 33
20 33
32 33
6 34
7 34
8 34
11 34
19 34
27 34
28 34
8 35
18 35
19 35
27 35
28 35
4 36
9 36
11 36
12 36
17 36
20 36
31 36
35 36
1 37
5 37
15 37
17 37
7 38
15 38
17 38
18 38
20 38
26 38
32 38
3 39
11 39
21 39
3 40
9 40
20 40
25 40
28 40
29 40
30 40
34 40
35 40
38 40
2 41
7 41
11 41
12 41
24 41
28 41
34 41
38 41
39 41
5 42
7 42
10 42
11 42
15 42
21 42
28 42
30 42
31 42
37 42
41 42
3 43
5 43
6 43
13 43
25 43
32 43
33 43
35 43
6 44
9 44
18 44
19 44
26 44
29 44
37 44
40 44
42 44
4 45
9 45
11 45
18 45
20 45
21 45
22 45
39 45
44 45
16 46
17 46
26 46
31 46
34 46
37 46
43 46
0 47
2 47
3 47
4 47
19 47
9 48
12 48
27 48
28 48
32 48
41 48
45 48
0 49
1 49
2 49
4 49
6 49
10 49
11 49
35 49
47 49
0 50
7 50
14 50
17 50
24 50
32 50
45 50
7 51
12 51
18 51
21 51
27 51
29 51
34 51
36 51
40 51
41 51
44 51
46 51
50 51
8 52
14 52
17 52
19 52
21 52
29 52
48 52
3 53
14 53
19 53
32 53
34 53
38 53
39 53
41 53
43 53
6 54
11 54
22 54
33 54
1 55
6 55
16 55
18 55
21 55
24 55
26 55
29 55
30 55
33 55
50 55
54 55
1 56
2 56
6 56
13 56
14 56
19 56
21 56
25 56
33 56
34 56
41 56
42 56
51 56
3 57
4 57
5 57
8 57
13 57
18 57
25 57
29 57
35 57
37 57
45 57
46 57
54 57
0 58
3 58
6 58
20 58
23 58
24 58
27 58
28 58
35 58
39 58
53 58
55 58
3 59
6 59
13 59
21 59
22 59
38 59
44 59
53 59
55 59
1 60
2 60
7 60
19 60
42 60
43 60
56 60
57 60
12 61
27 61
45 61
48 61
4 62
6 62
9 62
12 62
13 62
16 62
17 62
20 62
21 62
25 62
31 62
35 62
36 62
39 62
42 62
45 62
61 62
4 63
13 63
23 63
28 63
29 63
44 63
47 63
53 63
62 63
9 64
17 64
28 64
36 64
41 64
60 64
4 65
7 65
28 65
33 65
37 65
38 65
40 65
41 65
42 65
46 65
59 65
1 66
2 66
4 66
7 66
13 66
19 66
25 66
34 66
39 66
42 66
4 67
6 67
7 67
10 67
17 67
18 67
53 67
54 67
1 68
16 68
28 68
36 68
39 68
46 68
50 68
58 68
67 68
4 69
11 69
12 69
23 69
34 69
35 69
41 69
54 69
56 69
67 69
68 69
1 70
4 70
5 70
12 70
15 70
19 70
29 70
30 70
32 70
40 70
41 70
42 70
43 70
44 70
47 70
53 70
55 70
57 70
61 70
64 70
69 70
2 71
4 71
7 71
14 71
15 71
28 71
38 71
41 71
42 71
45 71
50 71
56 71
58 71
62 71
63 71
67 71
68 71
69 71
9 72
10 72
12 72
13 72
14 72
16 72
17 72
20 72
25 72
29 72
45 72
49 72
58 72
62 72
66 72
17 73
21 73
24 73
25 73
31 73
32 73
39 73
71 73
72 73
4 74
6 74
7 74
10 74
12 74
17 74
32 74
37 74
41 74
45 74
46 74
47 74
52 74
57 74
9 75
18 75
19 75
20 75
22 75
23 75
25 75
27 75
29 75
31 75
35 75
43 75
44 75
52 75
60 75
61 75
2 76
4 76
9 76
10 76
18 76
23 76
28 76
32 76
35 76
41 76
55 76
56 76
57 76
71 76
72 76
75 76
10 77
16 77
24 77
30 77
46 77
63 77
64 77
68 77
2 78
8 78
11 78
12 78
16 78
29 78
36 78
50 78
51 78
53 78
55 78
64 78
68 78
69 78
73 78
75 78
14 79
22 79
25 79
29 79
49 79
50 79
51 79
53 79
57 79
59 79
64 79
65 79
74 79
78 79
6 80
7 80
10 80
19 80
20 80
21 80
23 80
24 80
30 80
37 80
39 80
45 80
47 80
49 80
56 80
65 80
71 80
72 80
75 80
9 81
21 81
25 81
29 81
30 81
32 81
34 81
43 81
44 81
46 81
53 81
60 81
66 81
68 81
71 81
73 81
5 82
12 82
16 82
19 82
25 82
26 82
38 82
55 82
58 82
61 82
65 82
72 82
76 82
9 83
19 83
22 83
25 83
29 83
33 83
34 83
35 83
37 83
41 83
43 83
56 83
58 83
61 83
69 83
73 83
74 83
82 83
3 84
4 84
10 84
11 84
12 84
17 84
26 84
29 84
31 84
34 84
39 84
41 84
42 84
46 84
48 84
57 84
67 84
0 85
8 85
17 85
25 85
31 85
37 85
65 85
66 85
67 85
71 85
83 85
9 86
20 86
24 86
31 86
44 86
48 86
50 86
53 86
60 86
64 86
73 86
84 86
0 87
4 87
11 87
13 87
15 87
24 87
26 87
28 87
45 87
48 87
58 87
62 87
67 87
70 87
72 87
75 87
80 87
1 88
17 88
25 88
31 88
61 88
67 88
68 88
75 88
82 88
84 88
1 89
8 89
11 89
12 89
29 89
38 89
44 89
62 89
67 89
69 89
75 89
85 89
87 89
1 90
4 90
10 90
16 90
26 90
29 90
40 90
59 90
63 90
70 90
76 90
78 90
81 90
6 91
10 91
25 91
30 91
33 91
34 91
35 91
37 91
45 91
48 91
59 91
60 91
69 91
72 91
73 91
3 92
4 92
5 92
11 92
16 92
24 92
27 92
34 92
46 92
48 92
49 92
51 92
53 92
54 92
55 92
59 92
65 92
68 92
69 92
70 92
75 92
81 92
82 92
84 92
1 93
3 93
9 93
11 93
12 93
15 93
16 93
19 93
37 93
38 93
40 93
45 93
52 93
53 93
56 93
70 93
71 93
76 93
79 93
85 93
88 93
17 94
18 94
55 94
58 94
59 94
61 94
72 94
74 94
85 94
5 95
9 95
10 95
11 95
16 95
22 95
29 95
41 95
44 95
51 95
52 95
64 95
66 95
67 95
77 95
80 95
86 95
90 95
91 95
93 95
1 96
3 96
8 96
11 96
14 96
15 96
16 96
17 96
20 96
21 96
25 96
37 96
48 96
57 96
74 96
85 96
88 96
93 96
0 97
4 97
11 97
12 97
13 97
14 97
21 97
29 97
48 97
55 97
56 97
64 97
65 97
69 97
77 97
80 97
10 98
11 98
12 98
14 98
16 98
17 98
24 98
57 98
58 98
66 98
75 98
80 98
81 98
85 98
87 98
89 98
90 98
94 98
0 99
3 99
12 99
14 99
16 99
22 99
29 99
30 99
31 99
37 99
61 99
63 99
68 99
71 99
77 99
82 99
84 99
88 99
95 99
0 100
8 100
15 100
22 100
24 100
30 100
37 100
39 100
43 100
46 100
58 100
70 100
80 100
85 100
95 100
99 100
12 101
17 101
23 101
27 101
35 101
39 101
59 101
62 101
74 101
94 101
96 101
7 102
14 102
18 102
19 102
23 102
36 102
38 102
43 102
45 102
52 102
60 102
61 102
62 102
66 102
76 102
86 102
87 102
91 102
98 102
13 103
15 103
19 103
27 103
33 103
44 103
45 103
46 103
51 103
62 103
64 103
70 103
83 103
85 103
95 103
97 103
5 104
17 104
18 104
22 104
26 104
28 104
32 104
34 104
41 104
48 104
50 104
58 104
59 104
61 104
62 104
66 104
67 104
69 104
70 104
82 104
84 104
86 104
88 104
89 104
95 104
96 104
3 105
6 105
7 105
12 105
13 105
22 105
24 105
27 105
43 105
51 105
63 105
68 105
75 105
79 105
92 105
101 105
103 105
3 106
11 106
23 106
25 106
31 106
33 106
40 106
75 106
76 106
78 106
84 106
86 106
89 106
91 106
96 106
102 106
105 106
2 107
4 107
5 107
6 107
19 107
35 107
41 107
45 107
63 107
67 107
73 107
75 107
76 107
84 107
88 107
93 107
94 107
96 107
100 107
103 107
7 108
10 108
27 108
34 108
45 108
51 108
52 108
53 108
55 108
66 108
71 108
75 108
77 108
84 108
89 108
94 108
10 109
11 109
16 109
26 109
27 109
31 109
33 109
41 109
48 109
57 109
73 109
77 109
78 109
84 109
90 109
91 109
92 109
93 109
104 109
108 109
3 110
14 110
22 110
30 110
38 110
51 110
52 110
53 110
67 110
69 110
86 110
88 110
98 110
102 110
108 110
16 111
17 111
32 111
39 111
42 111
50 111
51 111
57 111
76 111
77 111
91 111
92 111
98 111
100 111
3 112
13 112
19 112
22 112
28 112
30 112
34 112
35 112
36 112
43 112
47 112
48 112
54 112
55 112
66 112
69 112
71 112
77 112
79 112
80 112
89 112
94 112
96 112
103 112
111 112
4 113
5 113
10 113
22 113
27 113
32 113
37 113
39 113
42 113
45 113
49 113
58 113
66 113
71 113
81 113
82 113
88 113
91 113
93 113
96 113
99 113
100 113
101 113
104 113
108 113
7 114
25 114
34 114
51 114
52 114
56 114
66 114
70 114
85 114
100 114
105 114
106 114
109 114
1 115
3 115
8 115
11 115
16 115
26 115
34 115
35 115
37 115
40 115
41 115
42 115
47 115
48 115
56 115
58 115
63 115
64 115
67 115
73 115
75 115
77 115
80 115
94 115
6 116
10 116
11 116
12 116
17 116
39 116
48 116
51 116
54 116
55 116
67 116
69 116
70 116
71 116
73 116
74 116
77 116
88 116
96 116
108 116
2 117
15 117
17 117
30 117
36 117
44 117
46 117
51 117
55 117
57 117
60 117
66 117
70 117
71 117
74 117
79 117
95 117
101 117
103 117
108 117
115 117
0 118
10 118
20 118
22 118
27 118
32 118
33 118
34 118
35 118
36 118
41 118
44 118
60 118
63 118
67 118
68 118
73 118
75 118
79 118
83 118
101 118
112 118
115 118
19 119
25 119
26 119
28 119
32 119
40 119
41 119
53 119
55 119
56 119
63 119
66 119
67 119
70 119
73 119
74 119
77 119
100 119
105 119
9 120
10 120
13 120
20 120
21 120
23 120
49 120
59 120
60 120
69 120
70 120
71 120
75 120
79 120
83 120
85 120
104 120
108 120
114 120
7 121
13 121
16 121
17 121
19 121
27 121
28 121
30 121
35 121
36 121
38 121
39 121
50 121
54 121
56 121
61 121
67 121
79 121
81 121
82 121
87 121
90 121
101 121
112 121
115 121
116 121
119 121
1 122
4 122
8 122
9 122
11 122
12 122
26 122
40 122
41 122
46 122
47 122
48 122
51 122
54 122
58 122
59 122
80 122
82 122
85 122
86 122
88 122
93 122
94 122
104 122
105 122
109 122
8 123
9 123
11 123
13 123
17 123
18 123
23 123
24 123
25 123
29 123
57 123
62 123
64 123
72 123
82 123
83 123
85 123
86 123
91 123
122 123
2 124
4 124
8 124
23 124
27 124
45 124
47 124
52 124
59 124
60 124
66 124
83 124
99 124
101 124
109 124
110 124
121 124
4 125
18 125
21 125
24 125
40 125
42 125
62 125
79 125
82 125
86 125
93 125
98 125
101 125
103 125
104 125
112 125
116 125
3 126
13 126
15 126
22 126
25 126
36 126
37 126
38 126
45 126
52 126
60 126
62 126
71 126
77 126
78 126
81 126
102 126
117 126
119 126
0 127
7 127
12 127
19 127
21 127
30 127
33 127
36 127
37 127
40 127
45 127
48 127
52 127
53 127
61 127
64 127
67 127
75 127
78 127
92 127
97 127
100 127
109 127
110 127
111 127
114 127
115 127
117 127
122 127
3 128
5 128
6 128
13 128
14 128
19 128
25 128
43 128
61 128
62 128
73 128
87 128
91 128
108 128
116 128
118 128
120 128
122 128
124 128
13 129
17 129
24 129
30 129
32 129
33 129
34 129
35 129
36 129
43 129
44 129
46 129
49 129
51 129
56 129
68 129
78 129
81 129
86 129
99 129
105 129
111 129
112 129
120 129
124 129
125 129
9 130
12 130
13 130
15 130
29 130
34 130
43 130
46 130
62 130
64 130
71 130
80 130
86 130
89 130
98 130
122 130
124 130
2 131
4 131
7 131
11 131
12 131
18 131
22 131
30 131
36 131
49 131
54 131
56 131
64 131
72 131
77 131
78 131
91 131
95 131
101 131
110 131
117 131
128 131
3 132
6 132
8 132
13 132
14 132
17 132
19 132
22 132
24 132
29 132
41 132
42 132
43 132
47 132
64 132
67 132
73 132
85 132
93 132
98 132
100 132
104 132
107 132
127 132
128 132
2 133
3 133
23 133
24 133
25 133
27 133
31 133
32 133
34 133
35 133
38 133
43 133
46 133
47 133
48 133
49 133
55 133
56 133
60 133
61 133
69 133
76 133
78 133
89 133
92 133
105 133
110 133
122 133
129 133
132 133
1 134
5 134
6 134
8 134
10 134
23 134
31 134
36 134
38 134
40 134
47 134
48 134
49 134
51 134
53 134
62 134
64 134
66 134
68 134
73 134
75 134
79 134
81 134
85 134
87 134
88 134
93 134
98 134
99 134
105 134
119 134
120 134
131 134
132 134
7 135
19 135
23 135
25 135
27 135
42 135
43 135
63 135
70 135
79 135
85 135
86 135
103 135
105 135
106 135
112 135
122 135
124 135
133 135
2 136
5 136
10 136
12 136
13 136
28 136
33 136
39 136
41 136
47 136
50 136
53 136
58 136
61 136
71 136
85 136
90 136
91 136
96 136
100 136
105 136
114 136
118 136
120 136
133 136
135 136
5 137
7 137
18 137
24 137
29 137
38 137
40 137
45 137
47 137
55 137
63 137
71 137
75 137
77 137
80 137
87 137
91 137
92 137
95 137
105 137
116 137
123 137
127 137
129 137
3 138
10 138
18 138
24 138
28 138
29 138
31 138
37 138
46 138
53 138
54 138
64 138
71 138
76 138
84 138
86 138
88 138
91 138
93 138
102 138
104 138
108 138
110 138
113 138
114 138
117 138
134 138
135 138
11 139
14 139
17 139
18 139
25 139
29 139
30 139
31 139
49 139
62 139
66 139
68 139
72 139
73 139
75 139
78 139
84 139
88 139
93 139
94 139
97 139
100 139
101 139
106 139
107 139
119 139
132 139
135 139
137 139
4 140
12 140
26 140
42 140
45 140
48 140
56 140
60 140
65 140
74 140
79 140
85 140
86 140
93 140
97 140
100 140
112 140
131 140
0 141
3 141
14 141
17 141
19 141
32 141
33 141
35 141
40 141
50 141
52 141
59 141
63 141
66 141
68 141
69 141
76 141
77 141
80 141
92 141
94 141
99 141
112 141
117 141
132 141
2 142
3 142
20 142
21 142
24 142
26 142
29 142
32 142
35 142
40 142
42 142
44 142
45 142
55 142
62 142
68 142
81 142
83 142
87 142
89 142
95 142
99 142
111 142
115 142
132 142
134 142
1 143
3 143
4 143
21 143
23 143
26 143
30 143
34 143
36 143
40 143
44 143
49 143
51 143
65 143
70 143
73 143
75 143
76 143
81 143
82 143
97 143
106 143
107 143
116 143
118 143
130 143
7 144
11 144
12 144
22 144
24 144
35 144
39 144
49 144
50 144
55 144
62 144
67 144
71 144
75 144
78 144
81 144
82 144
87 144
90 144
96 144
97 144
102 144
104 144
105 144
113 144
115 144
116 144
118 144
122 144
131 144
136 144
141 144
1 145
2 145
13 145
17 145
27 145
28 145
29 145
36 145
42 145
44 145
45 145
58 145
60 145
65 145
69 145
71 145
72 145
78 145
83 145
89 145
95 145
100 145
101 145
104 145
109 145
112 145
116 145
121 145
122 145
126 145
134 145
6 146
11 146
14 146
15 146
17 146
24 146
30 146
34 146
35 146
64 146
65 146
69 146
71 146
77 146
83 146
88 146
89 146
102 146
108 146
121 146
125 146
126 146
129 146
132 146
134 146
136 146
137 146
138 146
141 146
143 146
1 147
3 147
4 147
6 147
7 147
14 147
26 147
30 147
34 147
38 147
48 147
55 147
66 147
71 147
74 147
77 147
82 147
83 147
95 147
100 147
103 147
106 147
110 147
111 147
131 147
137 147
8 148
11 148
20 148
32 148
40 148
41 148
48 148
50 148
57 148
58 148
64 148
66 148
68 148
71 148
78 148
80 148
82 148
83 148
95 148
99 148
100 148
107 148
116 148
118 148
129 148
132 148
133 148
134 148
139 148
6 149
22 149
23 149
30 149
31 149
32 149
34 149
58 149
64 149
70 149
73 149
76 149
79 149
81 149
85 149
95 149
97 149
110 149
112 149
125 149
130 149
134 149
135 149
137 149
143 149
145 149
147 149
2 150
6 150
7 150
13 150
15 150
16 150
19 150
22 150
39 150
46 150
51 150
56 150
58 150
78 150
87 150
89 150
91 150
107 150
116 150
125 150
126 150
130 150
131 150
138 150
139 150
142 150
144 150
146 150
147 150
149 150
12 151
27 151
30 151
55 151
59 151
60 151
64 151
68 151
74 151
83 151
87 151
89 151
90 151
109 151
114 151
120 151
123 151
129 151
135 151
143 151
7 152
11 152
17 152
33 152
36 152
41 152
52 152
55 152
56 152
62 152
79 152
82 152
91 152
95 152
99 152
100 152
101 152
103 152
110 152
112 152
116 152
117 152
119 152
127 152
128 152
134 152
136 152
139 152
142 152
143 152
146 152
1 153
10 153
24 153
29 153
36 153
42 153
43 153
45 153
49 153
54 153
61 153
68 153
74 153
75 153
80 153
83 153
86 153
101 153
104 153
106 153
110 153
118 153
125 153
134 153
135 153
138 153
146 153
2 154
18 154
20 154
28 154
30 154
32 154
39 154
47 154
56 154
63 154
73 154
76 154
79 154
86 154
91 154
93 154
99 154
101 154
105 154
106 154
121 154
131 154
132 154
137 154
144 154
148 154
151 154
1 155
4 155
8 155
9 155
10 155
18 155
22 155
23 155
30 155
32 155
33 155
36 155
42 155
54 155
65 155
71 155
82 155
87 155
90 155
94 155
110 155
114 155
115 155
128 155
141 155
147 155
7 156
8 156
10 156
13 156
32 156
34 156
39 156
43 156
48 156
49 156
51 156
53 156
55 156
56 156
64 156
72 156
93 156
98 156
111 156
122 156
131 156
134 156
140 156
142 156
147 156
148 156
154 156
155 156
6 157
11 157
24 157
30 157
35 157
38 157
57 157
64 157
82 157
85 157
98 157
100 157
101 157
104 157
105 157
114 157
121 157
132 157
136 157
137 157
138 157
148 157
11 158
12 158
13 158
27 158
32 158
34 158
35 158
48 158
52 158
57 158
59 158
60 158
68 158
78 158
80 158
81 158
86 158
91 158
92 158
95 158
96 158
98 158
114 158
118 158
123 158
124 158
139 158
142 158
149 158
151 158
0 159
3 159
5 159
6 159
8 159
12 159
15 159
16 159
18 159
25 159
26 159
27 159
34 159
37 159
44 159
45 159
47 159
48 159
51 159
53 159
60 159
63 159
65 159
86 159
87 159
88 159
89 159
98 159
100 159
105 159
113 159
114 159
120 159
123 159
139 159
142 159
154 159
0 160
4 160
7 160
18 160
24 160
29 160
42 160
44 160
51 160
52 160
54 160
57 160
62 160
63 160
72 160
75 160
87 160
89 160
96 160
104 160
108 160
116 160
117 160
120 160
126 160
128 160
139 160
140 160
146 160
152 160
155 160
0 161
5 161
12 161
21 161
38 161
51 161
69 161
78 161
86 161
90 161
96 161
98 161
104 161
114 161
115 161
122 161
128 161
133 161
140 161
151 161
155 161
160 161
3 162
14 162
15 162
28 162
41 162
45 162
51 162
53 162
65 162
66 162
67 162
80 162
89 162
104 162
110 162
122 162
150 162
153 162
154 162
156 162
7 163
8 163
12 163
14 163
20 163
25 163
28 163
30 163
31 163
47 163
51 163
70 163
78 163
91 163
106 163
108 163
114 163
119 163
123 163
127 163
133 163
139 163
153 163
154 163
6 164
9 164
11 164
12 164
31 164
33 164
37 164
49 164
51 164
57 164
72 164
76 164
92 164
94 164
96 164
115 164
124 164
132 164
139 164
142 164
146 164
148 164
157 164
0 165
1 165
2 165
15 165
39 165
40 165
46 165
58 165
61 165
65 165
69 165
84 165
86 165
89 165
92 165
95 165
97 165
117 165
121 165
135 165
136 165
137 165
145 165
146 165
160 165
5 166
7 166
13 166
16 166
19 166
21 166
30 166
33 166
46 166
49 166
51 166
64 166
70 166
73 166
74 166
75 166
76 166
86 166
106 166
120 166
122 166
136 166
142 166
144 166
145 166
148 166
153 166
161 166
4 167
7 167
9 167
14 167
19 167
22 167
26 167
31 167
38 167
41 167
44 167
46 167
48 167
54 167
57 167
62 167
63 167
67 167
68 167
74 167
81 167
82 167
84 167
92 167
98 167
104 167
105 167
107 167
109 167
122 167
123 167
124 167
130 167
133 167
140 167
141 167
143 167
146 167
154 167
156 167
159 167
165 167
1 168
3 168
16 168
31 168
33 168
39 168
44 168
53 168
54 168
57 168
59 168
61 168
71 168
73 168
83 168
92 168
96 168
105 168
111 168
121 168
127 168
132 168
141 168
149 168
151 168
152 168
161 168
162 168
164 168
2 169
4 169
6 169
11 169
30 169
31 169
35 169
41 169
43 169
47 169
50 169
52 169
53 169
55 169
60 169
67 169
71 169
73 169
75 169
80 169
81 169
94 169
95 169
107 169
110 169
116 169
121 169
130 169
137 169
139 169
145 169
151 169
154 169
157 169
166 169
3 170
16 170
22 170
25 170
32 170
38 170
46 170
50 170
65 170
92 170
94 170
101 170
105 170
109 170
110 170
111 170
112 170
114 170
118 170
119 170
122 170
131 170
132 170
147 170
152 170
153 170
158 170
162 170
165 170
169 170
0 171
2 171
12 171
17 171
18 171
19 171
20 171
31 171
42 171
45 171
46 171
65 171
70 171
80 171
82 171
98 171
108 171
111 171
117 171
119 171
126 171
138 171
140 171
146 171
147 171
149 171
161 171
166 171
169 171
2 172
8 172
13 172
17 172
25 172
27 172
30 172
38 172
42 172
56 172
68 172
75 172
77 172
78 172
81 172
85 172
90 172
91 172
97 172
115 172
125 172
130 172
133 172
135 172
138 172
144 172
156 172
164 172
168 172
8 173
9 173
13 173
17 173
32 173
40 173
44 173
49 173
50 173
57 173
59 173
70 173
74 173
83 173
86 173
88 173
100 173
105 173
108 173
111 173
124 173
132 173
143 173
146 173
149 173
161 173
169 173
170 173
5 174
8 174
13 174
22 174
36 174
40 174
41 174
44 174
53 174
57 174
85 174
92 174
106 174
111 174
115 174
120 174
121 174
135 174
144 174
152 174
154 174
157 174
159 174
160 174
161 174
167 174
3 175
13 175
17 175
26 175
36 175
42 175
47 175
58 175
60 175
63 175
64 175
67 175
68 175
69 175
80 175
91 175
94 175
104 175
112 175
117 175
121 175
129 175
134 175
157 175
168 175
170 175
14 176
41 176
42 176
44 176
53 176
64 176
72 176
78 176
88 176
98 176
100 176
107 176
121 176
122 176
125 176
132 176
145 176
147 176
155 176
163 176
167 176
175 176
6 177
17 177
24 177
25 177
28 177
29 177
30 177
34 177
35 177
39 177
49 177
59 177
67 177
70 177
75 177
77 177
83 177
95 177
97 177
104 177
120 177
122 177
126 177
129 177
133 177
136 177
138 177
142 177
153 177
155 177
161 177
164 177
165 177
166 177
173 177
4 178
6 178
9 178
22 178
25 178
26 178
28 178
30 178
40 178
43 178
44 178
49 178
57 178
62 178
67 178
69 178
70 178
71 178
80 178
81 178
86 178
102 178
106 178
110 178
115 178
117 178
125 178
133 178
137 178
146 178
165 178
167 178
173 178
177 178
11 179
13 179
18 179
40 179
42 179
46 179
53 179
55 179
70 179
72 179
78 179
84 179
85 179
107 179
110 179
119 179
126 179
128 179
138 179
142 179
159 179
161 179
167 179
168 179
172 179
19 180
25 180
28 180
30 180
34 180
45 180
47 180
54 180
55 180
59 180
63 180
76 180
77 180
79 180
86 180
88 180
90 180
92 180
96 180
100 180
106 180
125 180
126 180
141 180
145 180
150 180
154 180
164 180
167 180
170 180
177 180
3 181
9 181
11 181
13 181
19 181
24 181
25 181
26 181
36 181
42 181
48 181
51 181
57 181
59 181
61 181
67 181
70 181
82 181
84 181
90 181
102 181
106 181
108 181
111 181
114 181
116 181
125 181
130 181
135 181
137 181
142 181
161 181
163 181
166 181
173 181
178 181
5 182
6 182
10 182
11 182
12 182
16 182
18 182
23 182
36 182
40 182
41 182
43 182
45 182
59 182
63 182
68 182
71 182
75 182
87 182
90 182
94 182
103 182
113 182
124 182
125 182
127 182
128 182
129 182
142 182
146 182
147 182
150 182
154 182
156 182
158 182
160 182
164 182
171 182
173 182
179 182
180 182
0 183
5 183
7 183
8 183
17 183
19 183
20 183
37 183
57 183
61 183
78 183
91 183
100 183
101 183
103 183
109 183
111 183
117 183
122 183
127 183
128 183
136 183
145 183
148 183
153 183
173 183
174 183
176 183
180 183
23 184
24 184
25 184
26 184
31 184
33 184
36 184
39 184
40 184
44 184
51 184
68 184
74 184
75 184
87 184
92 184
94 184
95 184
97 184
106 184
112 184
113 184
116 184
120 184
125 184
127 184
147 184
148 184
157 184
164 184
165 184
176 184
1 185
5 185
11 185
13 185
15 185
16 185
17 185
20 185
23 185
26 185
32 185
35 185
44 185
46 185
47 185
55 185
59 185
80 185
88 185
91 185
93 185
97 185
104 185
106 185
111 185
112 185
134 185
139 185
151 185
157 185
159 185
163 185
173 185
177 185
182 185
9 186
14 186
18 186
19 186
28 186
32 186
43 186
46 186
59 186
62 186
71 186
76 186
92 186
94 186
108 186
114 186
116 186
117 186
131 186
163 186
167 186
174 186
0 187
4 187
10 187
25 187
38 187
45 187
52 187
54 187
55 187
64 187
65 187
67 187
81 187
82 187
84 187
86 187
91 187
94 187
98 187
102 187
104 187
105 187
111 187
119 187
124 187
126 187
132 187
134 187
136 187
138 187
141 187
142 187
155 187
157 187
169 187
170 187
176 187
2 188
8 188
14 188
26 188
32 188
38 188
40 188
41 188
48 188
50 188
54 188
55 188
58 188
62 188
65 188
66 188
89 188
101 188
113 188
116 188
127 188
129 188
131 188
134 188
146 188
147 188
154 188
159 188
161 188
179 188
182 188
5 189
15 189
19 189
27 189
39 189
42 189
51 189
53 189
55 189
58 189
60 189
64 189
66 189
75 189
80 189
82 189
91 189
96 189
102 189
110 189
118 189
119 189
123 189
128 189
131 189
137 189
142 189
145 189
177 189
186 189
14 190
18 190
20 190
24 190
29 190
31 190
37 190
39 190
42 190
56 190
62 190
73 190
75 190
82 190
86 190
87 190
91 190
94 190
96 190
99 190
111 190
114 190
120 190
121 190
132 190
137 190
142 190
151 190
157 190
160 190
173 190
174 190
179 190
182 190
12 191
20 191
22 191
24 191
35 191
47 191
51 191
54 191
58 191
63 191
66 191
80 191
82 191
85 191
98 191
100 191
104 191
108 191
126 191
135 191
138 191
140 191
144 191
152 191
154 191
158 191
173 191
174 191
176 191
182 191
188 191
0 192
2 192
14 192
28 192
29 192
33 192
42 192
47 192
75 192
76 192
91 192
93 192
104 192
109 192
111 192
126 192
130 192
135 192
139 192
141 192
149 192
154 192
155 192
162 192
166 192
173 192
174 192
177 192
178 192
0 193
10 193
13 193
16 193
18 193
24 193
28 193
39 193
52 193
53 193
71 193
79 193
81 193
85 193
96 193
115 193
123 193
124 193
133 193
141 193
147 193
151 193
154 193
160 193
163 193
175 193
185 193
190 193
191 193
192 193
8 194
9 194
36 194
38 194
40 194
53 194
58 194
60 194
61 194
73 194
76 194
78 194
79 194
83 194
95 194
102 194
108 194
112 194
114 194
129 194
131 194
138 194
143 194
145 194
158 194
170 194
176 194
182 194
184 194
190 194
2 195
17 195
19 195
20 195
21 195
22 195
24 195
38 195
39 195
49 195
56 195
66 195
73 195
74 195
76 195
82 195
83 195
97 195
111 195
112 195
116 195
124 195
126 195
137 195
150 195
152 195
157 195
172 195
175 195
2 196
6 196
7 196
9 196
15 196
19 196
20 196
21 196
28 196
36 196
37 196
43 196
46 196
49 196
75 196
77 196
81 196
84 196
96 196
98 196
111 196
115 196
121 196
122 196
130 196
136 196
144 196
149 196
151 196
152 196
179 196
180 196
188 196
193 196
194 196
1 197
4 197
12 197
16 197
17 197
20 197
24 197
30 197
32 197
43 197
48 197
61 197
71 197
77 197
82 197
83 197
97 197
98 197
103 197
106 197
110 197
113 197
117 197
118 197
123 197
128 197
129 197
133 197
134 197
147 197
154 197
156 197
170 197
177 197
181 197
186 197
187 197
193 197
1 198
10 198
12 198
20 198
38 198
49 198
51 198
53 198
57 198
60 198
86 198
89 198
94 198
101 198
104 198
114 198
115 198
131 198
136 198
143 198
144 198
148 198
153 198
155 198
165 198
167 198
168 198
172 198
179 198
180 198
185 198
189 198
192 198
193 198
0 199
9 199
14 199
30 199
32 199
40 199
67 199
73 199
76 199
78 199
80 199
83 199
84 199
92 199
93 199
108 199
112 199
114 199
119 199
122 199
125 199
130 199
134 199
135 199
141 199
142 199
143 199
146 199
150 199
151 199
154 199
160 199
161 199
173 199
184 199
187 199
193 199
197 199
2 200
3 200
6 200
9 200
12 200
19 200
20 200
41 200
45 200
46 200
51 200
57 200
68 200
70 200
72 200
77 200
80 200
99 200
108 200
118 200
120 200
126 200
134 200
138 200
143 200
148 200
150 200
155 200
161 200
166 200
171 200
173 200
185 200
186 200
188 200
194 200
195 200
196 200
198 200
14 201
17 201
23 201
38 201
41 201
42 201
49 201
50 201
71 201
74 201
76 201
78 201
79 201
80 201
81 201
93 201
94 201
98 201
117 201
118 201
119 201
122 201
124 201
125 201
128 201
129 201
133 201
135 201
136 201
142 201
158 201
165 201
167 201
168 201
174 201
180 201
182 201
0 202
6 202
7 202
9 202
10 202
13 202
21 202
35 202
38 202
44 202
46 202
50 202
56 202
58 202
63 202
74 202
85 202
89 202
90 202
91 202
94 202
96 202
104 202
107 202
116 202
117 202
121 202
124 202
129 202
131 202
134 202
135 202
140 202
141 202
144 202
147 202
154 202
158 202
172 202
174 202
177 202
180 202
181 202
183 202
195 202
7 203
9 203
13 203
16 203
21 203
32 203
34 203
37 203
38 203
51 203
52 203
62 203
75 203
78 203
96 203
101 203
107 203
111 203
113 203
120 203
122 203
142 203
145 203
148 203
151 203
168 203
173 203
185 203
199 203
7 204
10 204
14 204
16 204
18 204
29 204
34 204
46 204
50 204
51 204
53 204
55 204
61 204
65 204
69 204
76 204
79 204
83 204
105 204
108 204
110 204
116 204
117 204
123 204
128 204
130 204
131 204
139 204
141 204
150 204
159 204
160 204
163 204
169 204
170 204
174 204
178 204
185 204
186 204
188 204
191 204
198 204
0 205
1 205
5 205
15 205
18 205
28 205
33 205
37 205
38 205
39 205
50 205
51 205
63 205
70 205
71 205
72 205
74 205
75 205
78 205
85 205
86 205
92 205
100 205
103 205
105 205
114 205
120 205
125 205
126 205
127 205
129 205
130 205
140 205
148 205
151 205
157 205
158 205
162 205
168 205
179 205
195 205
200 205
202 205
9 206
12 206
31 206
32 206
39 206
53 206
54 206
56 206
74 206
82 206
94 206
95 206
96 206
99 206
108 206
111 206
112 206
115 206
119 206
120 206
129 206
136 206
139 206
140 206
141 206
157 206
158 206
168 206
176 206
179 206
180 206
189 206
201 206
202 206
203 206
204 206
5 207
10 207
11 207
19 207
21 207
24 207
26 207
47 207
50 207
52 207
75 207
76 207
83 207
84 207
85 207
90 207
91 207
92 207
93 207
98 207
99 207
100 207
104 207
109 207
110 207
111 207
115 207
116 207
118 207
123 207
128 207
133 207
134 207
144 207
152 207
158 207
172 207
173 207
178 207
180 207
192 207
200 207
206 207
1 208
4 208
9 208
23 208
34 208
42 208
44 208
49 208
51 208
55 208
57 208
60 208
61 208
69 208
71 208
75 208
79 208
82 208
97 208
127 208
145 208
147 208
156 208
158 208
166 208
176 208
177 208
180 208
183 208
184 208
198 208
199 208
4 209
5 209
10 209
14 209
34 209
57 209
58 209
59 209
78 209
81 209
82 209
91 209
94 209
98 209
100 209
105 209
118 209
121 209
126 209
128 209
131 209
132 209
133 209
134 209
135 209
138 209
139 209
145 209
154 209
156 209
161 209
167 209
169 209
171 209
172 209
173 209
188 209
189 209
190 209
196 209
199 209
206 209
4 210
5 210
6 210
8 210
9 210
21 210
31 210
40 210
46 210
47 210
52 210
60 210
63 210
77 210
93 210
100 210
121 210
123 210
128 210
135 210
139 210
157 210
167 210
174 210
183 210
188 210
200 210
2 211
8 211
15 211
16 211
27 211
28 211
30 211
41 211
50 211
61 211
66 211
70 211
71 211
88 211
94 211
96 211
98 211
103 211
106 211
118 211
122 211
123 211
131 211
133 211
136 211
137 211
154 211
167 211
170 211
178 211
179 211
182 211
193 211
195 211
196 211
197 211
208 211
4 212
13 212
17 212
21 212
22 212
23 212
28 212
33 212
53 212
65 212
81 212
84 212
88 212
89 212
92 212
100 212
106 212
107 212
110 212
112 212
117 212
127 212
136 212
138 212
145 212
160 212
168 212
175 212
178 212
187 212
193 212
198 212
204 212
206 212
209 212
4 213
10 213
12 213
14 213
18 213
31 213
32 213
33 213
37 213
44 213
45 213
46 213
47 213
58 213
60 213
69 213
72 213
79 213
87 213
107 213
108 213
113 213
114 213
118 213
121 213
127 213
128 213
136 213
143 213
151 213
157 213
158 213
160 213
177 213
184 213
192 213
204 213
208 213
212 213
3 214
4 214
8 214
14 214
31 214
41 214
43 214
50 214
55 214
56 214
71 214
74 214
76 214
78 214
83 214
93 214
94 214
95 214
99 214
103 214
110 214
116 214
119 214
122 214
123 214
130 214
132 214
134 214
143 214
156 214
160 214
163 214
167 214
179 214
191 214
192 214
193 214
199 214
201 214
206 214
209 214
210 214
2 215
7 215
8 215
10 215
16 215
17 215
18 215
23 215
27 215
28 215
30 215
59 215
71 215
83 215
89 215
96 215
101 215
108 215
117 215
119 215
134 215
136 215
147 215
153 215
157 215
161 215
165 215
166 215
177 215
178 215
180 215
184 215
185 215
189 215
191 215
193 215
195 215
204 215
210 215
211 215
212 215
4 216
5 216
8 216
11 216
24 216
36 216
37 216
38 216
39 216
44 216
51 216
58 216
69 216
72 216
75 216
79 216
82 216
86 216
97 216
104 216
107 216
113 216
114 216
126 216
128 216
129 216
130 216
131 216
138 216
144 216
146 216
147 216
159 216
162 216
163 216
164 216
170 216
185 216
186 216
196 216
201 216
206 216
208 216
3 217
5 217
8 217
14 217
16 217
21 217
24 217
27 217
28 217
34 217
38 217
39 217
44 217
47 217
55 217
57 217
59 217
61 217
62 217
69 217
71 217
72 217
89 217
90 217
92 217
98 217
105 217
111 217
114 217
133 217
137 217
149 217
154 217
159 217
160 217
162 217
163 217
170 217
175 217
195 217
202 217
204 217
207 217
209 217
214 217
215 217
216 217
4 218
8 218
10 218
18 218
21 218
22 218
29 218
36 218
39 218
40 218
44 218
52 218
54 218
66 218
74 218
78 218
80 218
87 218
89 218
100 218
101 218
102 218
110 218
112 218
114 218
116 218
117 218
128 218
129 218
137 218
146 218
151 218
153 218
155 218
165 218
166 218
172 218
174 218
181 218
190 218
194 218
214 218
2 219
4 219
5 219
7 219
10 219
19 219
21 219
25 219
29 219
30 219
32 219
44 219
57 219
67 219
68 219
71 219
76 219
78 219
80 219
88 219
90 219
91 219
103 219
110 219
114 219
115 219
121 219
124 219
128 219
131 219
140 219
142 219
147 219
156 219
157 219
164 219
170 219
178 219
179 219
180 219
199 219
201 219
203 219
205 219
206 219
214 219
3 220
10 220
11 220
17 220
19 220
26 220
53 220
66 220
68 220
70 220
75 220
79 220
82 220
88 220
90 220
98 220
106 220
110 220
114 220
121 220
126 220
135 220
140 220
142 220
146 220
150 220
158 220
166 220
172 220
176 220
177 220
180 220
183 220
185 220
188 220
193 220
206 220
214 220
3 221
9 221
22 221
23 221
26 221
29 221
32 221
33 221
34 221
42 221
47 221
51 221
53 221
58 221
66 221
67 221
74 221
78 221
98 221
101 221
102 221
103 221
106 221
107 221
108 221
112 221
121 221
124 221
127 221
135 221
136 221
143 221
150 221
157 221
162 221
185 221
191 221
197 221
199 221
205 221
211 221
218 221
6 222
12 222
19 222
20 222
28 222
35 222
43 222
49 222
57 222
60 222
70 222
82 222
94 222
99 222
114 222
118 222
122 222
124 222
129 222
139 222
155 222
160 222
162 222
178 222
180 222
195 222
199 222
207 222
211 222
213 222
216 222
4 223
5 223
8 223
9 223
37 223
38 223
51 223
55 223
57 223
70 223
78 223
79 223
89 223
99 223
101 223
102 223
111 223
115 223
120 223
123 223
127 223
129 223
131 223
133 223
137 223
149 223
153 223
160 223
161 223
179 223
183 223
184 223
193 223
194 223
198 223
9 224
12 224
13 224
19 224
21 224
26 224
34 224
38 224
46 224
59 224
71 224
72 224
75 224
90 224
94 224
97 224
112 224
125 224
129 224
130 224
134 224
136 224
137 224
140 224
141 224
146 224
150 224
157 224
158 224
163 224
164 224
165 224
172 224
174 224
177 224
180 224
183 224
186 224
199 224
212 224
214 224
7 225
11 225
16 225
21 225
38 225
42 225
43 225
45 225
46 225
49 225
50 225
52 225
53 225
60 225
69 225
71 225
77 225
82 225
90 225
100 225
108 225
117 225
119 225
124 225
125 225
126 225
133 225
137 225
140 225
148 225
152 225
157 225
161 225
162 225
167 225
169 225
171 225
176 225
200 225
203 225
204 225
208 225
215 225
224 225
0 226
9 226
22 226
25 226
42 226
49 226
54 226
56 226
69 226
70 226
73 226
91 226
94 226
99 226
103 226
105 226
114 226
116 226
120 226
124 226
127 226
136 226
140 226
149 226
157 226
161 226
172 226
190 226
191 226
196 226
217 226
222 226
223 226
224 226
19 227
21 227
24 227
34 227
38 227
39 227
42 227
48 227
54 227
61 227
62 227
64 227
76 227
87 227
91 227
96 227
99 227
102 227
104 227
108 227
123 227
140 227
141 227
151 227
153 227
161 227
168 227
170 227
171 227
178 227
182 227
187 227
192 227
193 227
198 227
204 227
226 227
5 228
8 228
33 228
34 228
44 228
47 228
52 228
62 228
70 228
83 228
84 228
92 228
95 228
96 228
98 228
105 228
112 228
114 228
115 228
121 228
123 228
124 228
129 228
130 228
136 228
143 228
145 228
155 228
164 228
175 228
177 228
178 228
185 228
189 228
194 228
196 228
200 228
204 228
206 228
216 228
223 228
226 228
6 229
24 229
26 229
33 229
34 229
35 229
42 229
43 229
47 229
59 229
63 229
68 229
76 229
81 229
87 229
88 229
90 229
93 229
98 229
102 229
104 229
115 229
121 229
122 229
123 229
125 229
129 229
145 229
149 229
158 229
161 229
171 229
179 229
183 229
192 229
194 229
202 229
209 229
222 229
2 230
17 230
23 230
28 230
29 230
35 230
39 230
43 230
44 230
47 230
48 230
58 230
61 230
64 230
68 230
70 230
75 230
78 230
79 230
80 230
93 230
103 230
112 230
114 230
115 230
117 230
122 230
128 230
132 230
138 230
142 230
145 230
152 230
160 230
166 230
168 230
181 230
185 230
196 230
228 230
2 231
12 231
14 231
17 231
23 231
31 231
34 231
36 231
39 231
75 231
82 231
86 231
100 231
111 231
114 231
116 231
118 231
126 231
140 231
147 231
151 231
152 231
167 231
184 231
185 231
188 231
190 231
193 231
194 231
205 231
207 231
212 231
217 231
218 231
220 231
2 232
3 232
5 232
6 232
31 232
32 232
33 232
40 232
44 232
62 232
68 232
72 232
76 232
87 232
92 232
98 232
99 232
114 232
122 232
123 232
130 232
131 232
137 232
138 232
142 232
148 232
160 232
162 232
169 232
170 232
182 232
183 232
188 232
190 232
191 232
192 232
193 232
194 232
195 232
199 232
206 232
209 232
229 232
231 232
10 233
13 233
14 233
17 233
18 233
21 233
23 233
29 233
35 233
45 233
47 233
50 233
51 233
55 233
61 233
71 233
82 233
83 233
84 233
85 233
86 233
87 233
97 233
111 233
114 233
118 233
123 233
124 233
130 233
131 233
137 233
138 233
156 233
157 233
171 233
181 233
183 233
184 233
190 233
200 233
202 233
207 233
228 233
232 233
16 234
17 234
21 234
22 234
52 234
53 234
60 234
66 234
69 234
91 234
94 234
97 234
100 234
101 234
105 234
107 234
109 234
112 234
118 234
129 234
131 234
132 234
135 234
136 234
139 234
150 234
153 234
156 234
163 234
179 234
181 234
215 234
219 234
221 234
227 234
0 235
22 235
39 235
44 235
54 235
63 235
76 235
84 235
86 235
89 235
94 235
103 235
106 235
109 235
110 235
115 235
123 235
124 235
127 235
128 235
130 235
141 235
144 235
155 235
165 235
176 235
181 235
182 235
185 235
187 235
192 235
197 235
204 235
218 235
220 235
224 235
230 235
1 236
11 236
13 236
22 236
23 236
25 236
29 236
32 236
34 236
53 236
54 236
55 236
59 236
62 236
71 236
81 236
92 236
104 236
106 236
109 236
115 236
126 236
135 236
139 236
140 236
143 236
149 236
150 236
152 236
156 236
159 236
160 236
161 236
162 236
164 236
169 236
172 236
174 236
176 236
177 236
178 236
186 236
188 236
204 236
205 236
220 236
224 236
229 236
231 236
6 237
10 237
12 237
20 237
34 237
37 237
39 237
41 237
44 237
47 237
49 237
50 237
70 237
71 237
79 237
89 237
91 237
99 237
100 237
101 237
103 237
107 237
111 237
114 237
122 237
123 237
131 237
134 237
144 237
151 237
153 237
155 237
156 237
162 237
165 237
166 237
171 237
172 237
175 237
177 237
183 237
185 237
189 237
190 237
210 237
215 237
223 237
229 237
233 237
236 237
3 238
10 238
11 238
22 238
23 238
26 238
28 238
29 238
32 238
50 238
58 238
59 238
60 238
62 238
77 238
79 238
98 238
99 238
100 238
103 238
107 238
110 238
128 238
129 238
130 238
133 238
134 238
135 238
141 238
149 238
151 238
152 238
157 238
162 238
163 238
176 238
192 238
200 238
203 238
210 238
212 238
214 238
215 238
221 238
224 238
235 238
1 239
2 239
9 239
16 239
19 239
22 239
24 239
31 239
34 239
37 239
42 239
45 239
47 239
48 239
49 239
50 239
54 239
60 239
62 239
66 239
74 239
84 239
88 239
89 239
93 239
95 239
96 239
98 239
99 239
112 239
114 239
117 239
121 239
122 239
125 239
132 239
134 239
135 239
145 239
168 239
180 239
193 239
205 239
230 239
235 239
0 240
18 240
20 240
23 240
32 240
40 240
41 240
43 240
48 240
49 240
56 240
68 240
70 240
72 240
74 240
86 240
91 240
101 240
118 240
119 240
121 240
128 240
136 240
139 240
149 240
155 240
164 240
167 240
176 240
185 240
193 240
206 240
209 240
212 240
213 240
217 240
232 240
235 240
239 240
2 241
3 241
4 241
5 241
15 241
20 241
24 241
27 241
35 241
37 241
50 241
52 241
53 241
64 241
65 241
69 241
75 241
76 241
77 241
80 241
82 241
90 241
94 241
102 241
104 241
109 241
112 241
119 241
120 241
132 241
137 241
139 241
141 241
142 241
148 241
156 241
166 241
171 241
174 241
180 241
181 241
184 241
190 241
195 241
204 241
206 241
209 241
218 241
223 241
228 241
236 241
240 241
3 242
4 242
9 242
15 242
17 242
19 242
20 242
28 242
31 242
56 242
59 242
68 242
71 242
90 242
92 242
99 242
113 242
121 242
127 242
130 242
132 242
134 242
144 242
145 242
155 242
166 242
172 242
175 242
179 242
180 242
183 242
188 242
199 242
202 242
205 242
209 242
220 242
223 242
229 242
1 243
5 243
14 243
16 243
19 243
20 243
37 243
45 243
46 243
48 243
53 243
58 243
62 243
64 243
66 243
69 243
70 243
84 243
95 243
103 243
105 243
107 243
112 243
116 243
122 243
124 243
128 243
129 243
145 243
148 243
149 243
151 243
154 243
155 243
160 243
163 243
167 243
168 243
172 243
175 243
183 243
186 243
190 243
199 243
202 243
204 243
207 243
209 243
211 243
222 243
223 243
229 243
230 243
10 244
12 244
17 244
29 244
36 244
39 244
47 244
57 244
64 244
65 244
79 244
80 244
96 244
103 244
104 244
109 244
112 244
113 244
115 244
120 244
129 244
130 244
137 244
144 244
150 244
153 244
155 244
159 244
166 244
172 244
176 244
182 244
184 244
191 244
197 244
199 244
213 244
216 244
218 244
226 244
227 244
229 244
232 244
234 244
237 244
239 244
4 245
5 245
11 245
17 245
20 245
23 245
25 245
31 245
40 245
54 245
63 245
66 245
69 245
82 245
89 245
93 245
95 245
98 245
103 245
107 245
111 245
114 245
121 245
122 245
126 245
137 245
144 245
151 245
154 245
155 245
158 245
161 245
162 245
163 245
169 245
171 245
172 245
174 245
177 245
184 245
190 245
195 245
204 245
224 245
225 245
236 245
13 246
18 246
21 246
26 246
29 246
35 246
36 246
48 246
51 246
58 246
62 246
64 246
72 246
78 246
89 246
99 246
110 246
115 246
122 246
123 246
125 246
131 246
147 246
151 246
154 246
155 246
156 246
161 246
172 246
173 246
176 246
182 246
183 246
185 246
189 246
198 246
201 246
206 246
214 246
217 246
220 246
229 246
230 246
234 246
236 246
239 246
245 246
2 247
7 247
8 247
25 247
26 247
31 247
40 247
41 247
49 247
50 247
55 247
65 247
68 247
69 247
70 247
73 247
75 247
77 247
79 247
84 247
90 247
93 247
97 247
98 247
104 247
105 247
108 247
120 247
122 247
126 247
138 247
147 247
148 247
149 247
150 247
154 247
156 247
159 247
162 247
165 247
177 247
183 247
185 247
198 247
199 247
206 247
213 247
217 247
222 247
224 247
228 247
229 247
233 247
238 247
2 248
3 248
22 248
24 248
25 248
27 248
38 248
41 248
46 248
50 248
58 248
62 248
64 248
71 248
73 248
77 248
78 248
83 248
84 248
85 248
96 248
109 248
114 248
122 248
127 248
145 248
149 248
151 248
159 248
162 248
171 248
181 248
182 248
185 248
186 248
194 248
199 248
208 248
212 248
236 248
240 248
0 249
2 249
25 249
26 249
35 249
38 249
50 249
60 249
67 249
79 249
87 249
88 249
101 249
102 249
111 249
120 249
123 249
126 249
128 249
139 249
140 249
152 249
157 249
160 249
161 249
181 249
182 249
184 249
187 249
191 249
193 249
194 249
197 249
205 249
213 249
217 249
221 249
225 249
226 249
231 249
235 249
238 249
243 249
1 250
7 250
13 250
14 250
15 250
17 250
19 250
21 250
25 250
26 250
47 250
52 250
58 250
64 250
66 250
70 250
77 250
79 250
82 250
87 250
89 250
93 250
100 250
105 250
109 250
112 250
114 250
115 250
122 250
125 250
126 250
127 250
141 250
142 250
146 250
147 250
148 250
155 250
158 250
164 250
165 250
171 250
172 250
173 250
180 250
181 250
188 250
193 250
200 250
217 250
225 250
227 250
228 250
229 250
231 250
234 250
241 250
248 250
16 251
21 251
22 251
26 251
27 251
28 251
31 251
39 251
48 251
53 251
56 251
65 251
69 251
70 251
74 251
75 251
78 251
85 251
88 251
96 251
103 251
105 251
109 251
114 251
116 251
128 251
137 251
140 251
147 251
154 251
157 251
162 251
166 251
167 251
168 251
170 251
173 251
178 251
179 251
182 251
186 251
199 251
201 251
204 251
209 251
215 251
224 251
235 251
5 252
14 252
24 252
25 252
26 252
29 252
30 252
40 252
45 252
49 252
50 252
54 252
61 252
66 252
67 252
69 252
82 252
83 252
87 252
92 252
98 252
101 252
103 252
109 252
110 252
143 252
146 252
147 252
152 252
155 252
166 252
168 252
172 252
189 252
199 252
205 252
230 252
237 252
247 252
0 253
2 253
9 253
12 253
17 253
20 253
45 253
48 253
50 253
51 253
53 253
61 253
68 253
69 253
73 253
75 253
77 253
79 253
92 253
93 253
109 253
116 253
123 253
128 253
129 253
132 253
140 253
151 253
160 253
161 253
162 253
165 253
174 253
187 253
189 253
200 253
201 253
203 253
205 253
224 253
227 253
231 253
236 253
0 254
1 254
5 254
6 254
13 254
15 254
23 254
25 254
27 254
34 254
39 254
44 254
49 254
53 254
58 254
61 254
62 254
64 254
67 254
75 254
79 254
85 254
86 254
98 254
103 254
105 254
120 254
123 254
132 254
147 254
164 254
175 254
177 254
181 254
193 254
197 254
199 254
200 254
209 254
211 254
223 254
226 254
229 254
232 254
234 254
253 254
7 255
12 255
13 255
15 255
16 255
23 255
27 255
28 255
31 255
35 255
40 255
43 255
49 255
50 255
52 255
54 255
56 255
66 255
69 255
75 255
78 255
81 255
82 255
87 255
88 255
91 255
96 255
102 255
106 255
107 255
112 255
113 255
120 255
126 255
127 255
129 255
145 255
147 255
148 255
162 255
182 255
190 255
191 255
193 255
197 255
211 255
216 255
224 255
227 255
231 255
234 255
235 255
237 255
246 255
251 255
0 256
6 256
29 256
32 256
35 256
40 256
44 256
53 256
56 256
59 256
64 256
71 256
73 256
76 256
85 256
92 256
95 256
101 256
102 256
105 256
106 256
116 256
120 256
122 256
124 256
132 256
139 256
142 256
146 256
162 256
169 256
176 256
187 256
193 256
194 256
197 256
206 256
207 256
214 256
222 256
224 256
232 256
233 256
241 256
252 256
3 257
5 257
14 257
16 257
18 257
30 257
31 257
32 257
50 257
54 257
56 257
71 257
73 257
104 257
107 257
109 257
113 257
117 257
121 257
133 257
146 257
148 257
150 257
152 257
153 257
160 257
167 257
168 257
171 257
173 257
178 257
181 257
188 257
190 257
193 257
198 257
199 257
203 257
207 257
208 257
211 257
212 257
214 257
223 257
224 257
231 257
241 257
244 257
246 257
247 257
252 257
256 257
6 258
18 258
29 258
41 258
49 258
52 258
54 258
59 258
66 258
68 258
69 258
70 258
78 258
79 258
81 258
93 258
94 258
96 258
99 258
113 258
114 258
118 258
119 258
126 258
131 258
137 258
145 258
147 258
159 258
160 258
162 258
165 258
171 258
172 258
180 258
187 258
188 258
192 258
194 258
197 258
200 258
223 258
239 258
244 258
245 258
246 258
10 259
15 259
18 259
23 259
34 259
73 259
80 259
92 259
96 259
98 259
105 259
108 259
129 259
134 259
147 259
151 259
152 259
159 259
163 259
166 259
184 259
199 259
206 259
213 259
221 259
224 259
228 259
229 259
232 259
239 259
246 259
251 259
252 259
256 259
2 260
7 260
14 260
15 260
19 260
25 260
29 260
31 260
33 260
38 260
43 260
52 260
55 260
57 260
58 260
59 260
61 260
63 260
65 260
73 260
74 260
76 260
77 260
80 260
87 260
92 260
96 260
113 260
114 260
115 260
126 260
137 260
142 260
144 260
145 260
146 260
148 260
149 260
153 260
156 260
163 260
173 260
174 260
177 260
181 260
186 260
187 260
188 260
192 260
196 260
203 260
214 260
219 260
224 260
229 260
230 260
234 260
244 260
248 260
250 260
251 260
253 260
255 260
258 260
259 260
2 261
12 261
14 261
15 261
20 261
25 261
28 261
30 261
35 261
39 261
40 261
41 261
51 261
62 261
68 261
71 261
81 261
87 261
89 261
90 261
107 261
108 261
109 261
111 261
115 261
117 261
120 261
136 261
146 261
148 261
150 261
151 261
152 261
155 261
169 261
173 261
174 261
175 261
178 261
186 261
195 261
201 261
204 261
205 261
212 261
215 261
218 261
220 261
223 261
235 261
236 261
238 261
246 261
249 261
250 261
253 261
254 261
257 261
3 262
4 262
5 262
19 262
22 262
23 262
24 262
25 262
39 262
43 262
53 262
62 262
71 262
73 262
80 262
84 262
88 262
95 262
111 262
122 262
126 262
127 262
152 262
158 262
167 262
171 262
177 262
181 262
186 262
201 262
202 262
203 262
214 262
215 262
229 262
231 262
234 262
237 262
238 262
240 262
244 262
247 262
1 263
4 263
9 263
12 263
16 263
20 263
23 263
43 263
52 263
60 263
63 263
66 263
69 263
70 263
84 263
85 263
91 263
94 263
100 263
101 263
112 263
113 263
114 263
120 263
124 263
126 263
128 263
136 263
142 263
145 263
151 263
162 263
167 263
174 263
179 263
184 263
186 263
204 263
206 263
207 263
208 263
217 263
219 263
226 263
240 263
247 263
252 263
256 263
258 263
262 263
5 264
12 264
17 264
20 264
22 264
24 264
36 264
52 264
53 264
55 264
59 264
61 264
63 264
74 264
77 264
80 264
84 264
93 264
104 264
105 264
114 264
115 264
118 264
122 264
123 264
137 264
143 264
151 264
156 264
159 264
160 264
167 264
174 264
175 264
178 264
179 264
181 264
182 264
192 264
198 264
200 264
201 264
206 264
219 264
232 264
233 264
234 264
244 264
248 264
256 264
261 264
2 265
7 265
8 265
28 265
31 265
39 265
52 265
57 265
59 265
63 265
77 265
80 265
81 265
82 265
93 265
94 265
101 265
117 265
119 265
130 265
132 265
137 265
141 265
143 265
150 265
153 265
159 265
161 265
164 265
165 265
171 265
199 265
201 265
202 265
216 265
220 265
221 265
222 265
227 265
231 265
233 265
236 265
239 265
241 265
247 265
249 265
260 265
0 266
2 266
5 266
12 266
17 266
25 266
26 266
27 266
32 266
35 266
39 266
45 266
50 266
56 266
59 266
60 266
62 266
68 266
70 266
78 266
85 266
96 266
102 266
109 266
116 266
123 266
127 266
128 266
146 266
148 266
151 266
156 266
175 266
180 266
182 266
185 266
187 266
197 266
199 266
204 266
218 266
227 266
228 266
244 266
245 266
251 266
253 266
259 266
260 266
1 267
14 267
18 267
33 267
37 267
44 267
45 267
75 267
78 267
82 267
88 267
91 267
96 267
115 267
123 267
137 267
139 267
148 267
153 267
155 267
165 267
169 267
170 267
173 267
176 267
179 267
181 267
185 267
200 267
202 267
203 267
206 267
207 267
212 267
221 267
236 267
238 267
252 267
254 267
255 267
264 267
2 268
17 268
25 268
36 268
41 268
42 268
45 268
51 268
57 268
58 268
59 268
69 268
83 268
85 268
86 268
90 268
92 268
108 268
115 268
133 268
136 268
137 268
139 268
142 268
143 268
151 268
154 268
159 268
165 268
169 268
170 268
174 268
175 268
179 268
186 268
191 268
194 268
202 268
204 268
221 268
227 268
228 268
241 268
242 268
246 268
251 268
255 268
261 268
263 268
2 269
6 269
41 269
43 269
44 269
45 269
46 269
50 269
61 269
67 269
71 269
74 269
79 269
82 269
84 269
98 269
101 269
109 269
125 269
129 269
133 269
134 269
135 269
159 269
166 269
168 269
171 269
177 269
181 269
182 269
186 269
189 269
191 269
203 269
220 269
221 269
223 269
234 269
236 269
241 269
249 269
256 269
257 269
258 269
261 269
263 269
2 270
10 270
11 270
18 270
32 270
39 270
40 270
44 270
51 270
52 270
62 270
64 270
67 270
80 270
84 270
89 270
94 270
96 270
99 270
105 270
109 270
112 270
116 270
117 270
119 270
122 270
125 270
135 270
141 270
148 270
153 270
157 270
158 270
166 270
171 270
175 270
179 270
182 270
183 270
185 270
188 270
192 270
193 270
200 270
204 270
216 270
218 270
223 270
229 270
234 270
242 270
245 270
247 270
252 270
254 270
264 270
3 271
4 271
6 271
11 271
15 271
18 271
22 271
24 271
27 271
37 271
41 271
48 271
61 271
76 271
77 271
89 271
90 271
94 271
96 271
99 271
112 271
122 271
123 271
130 271
131 271
132 271
133 271
137 271
138 271
142 271
149 271
156 271
160 271
163 271
165 271
175 271
176 271
177 271
185 271
192 271
196 271
206 271
212 271
220 271
229 271
233 271
236 271
250 271
270 271
1 272
22 272
24 272
26 272
33 272
36 272
37 272
38 272
58 272
65 272
76 272
85 272
86 272
90 272
97 272
106 272
115 272
120 272
123 272
125 272
130 272
131 272
139 272
144 272
153 272
158 272
163 272
165 272
169 272
171 272
174 272
183 272
196 272
197 272
200 272
201 272
204 272
208 272
209 272
211 272
213 272
217 272
220 272
221 272
225 272
227 272
232 272
236 272
237 272
244 272
248 272
253 272
257 272
260 272
261 272
262 272
264 272
265 272
269 272
4 273
7 273
11 273
29 273
40 273
41 273
43 273
61 273
63 273
64 273
74 273
75 273
96 273
99 273
130 273
135 273
139 273
147 273
150 273
153 273
155 273
167 273
170 273
177 273
185 273
189 273
195 273
204 273
208 273
215 273
218 273
220 273
222 273
231 273
237 273
240 273
246 273
247 273
249 273
256 273
261 273
0 274
3 274
7 274
8 274
9 274
10 274
13 274
14 274
17 274
20 274
26 274
27 274
28 274
31 274
45 274
53 274
54 274
57 274
63 274
81 274
84 274
92 274
95 274
97 274
101 274
102 274
112 274
121 274
122 274
126 274
128 274
132 274
133 274
143 274
148 274
149 274
154 274
156 274
158 274
162 274
169 274
181 274
196 274
203 274
206 274
210 274
213 274
214 274
227 274
230 274
234 274
249 274
255 274
267 274
1 275
4 275
16 275
17 275
22 275
23 275
24 275
25 275
27 275
29 275
33 275
36 275
44 275
57 275
78 275
79 275
86 275
88 275
91 275
99 275
100 275
106 275
108 275
109 275
112 275
113 275
118 275
119 275
127 275
128 275
136 275
138 275
152 275
153 275
162 275
165 275
170 275
179 275
193 275
199 275
200 275
204 275
207 275
215 275
223 275
229 275
235 275
240 275
244 275
249 275
253 275
255 275
256 275
257 275
258 275
263 275
269 275
272 275
1 276
6 276
10 276
15 276
16 276
19 276
27 276
48 276
49 276
54 276
61 276
62 276
78 276
82 276
88 276
99 276
113 276
114 276
115 276
124 276
125 276
136 276
137 276
155 276
161 276
164 276
172 276
174 276
175 276
190 276
197 276
200 276
207 276
214 276
216 276
226 276
232 276
233 276
234 276
235 276
242 276
243 276
245 276
250 276
254 276
256 276
268 276
272 276
1 277
14 277
18 277
45 277
46 277
53 277
54 277
55 277
63 277
64 277
67 277
68 277
72 277
75 277
82 277
86 277
87 277
90 277
94 277
97 277
101 277
103 277
108 277
130 277
134 277
143 277
145 277
152 277
155 277
157 277
163 277
165 277
169 277
182 277
183 277
186 277
190 277
192 277
194 277
198 277
201 277
207 277
209 277
213 277
214 277
216 277
217 277
218 277
219 277
220 277
243 277
246 277
255 277
274 277
6 278
9 278
12 278
22 278
44 278
59 278
60 278
65 278
75 278
76 278
86 278
94 278
98 278
100 278
111 278
112 278
114 278
116 278
132 278
134 278
135 278
140 278
143 278
154 278
159 278
160 278
173 278
175 278
181 278
185 278
189 278
190 278
193 278
198 278
204 278
213 278
227 278
232 278
236 278
247 278
259 278
261 278
263 278
275 278
1 279
6 279
13 279
15 279
17 279
19 279
26 279
30 279
70 279
75 279
79 279
87 279
90 279
91 279
93 279
100 279
103 279
110 279
111 279
116 279
117 279
125 279
132 279
136 279
144 279
152 279
161 279
164 279
165 279
179 279
182 279
188 279
197 279
217 279
223 279
225 279
233 279
234 279
246 279
257 279
259 279
266 279
269 279
275 279
277 279
1 280
3 280
4 280
5 280
10 280
12 280
17 280
22 280
48 280
54 280
62 280
68 280
93 280
94 280
102 280
109 280
111 280
112 280
126 280
127 280
129 280
135 280
139 280
140 280
143 280
145 280
146 280
147 280
149 280
156 280
158 280
159 280
167 280
177 280
178 280
179 280
192 280
202 280
212 280
214 280
216 280
218 280
221 280
240 280
241 280
242 280
244 280
247 280
248 280
253 280
255 280
259 280
263 280
265 280
2 281
5 281
9 281
10 281
16 281
19 281
22 281
23 281
24 281
27 281
31 281
39 281
46 281
51 281
53 281
54 281
56 281
59 281
72 281
82 281
86 281
87 281
88 281
91 281
97 281
100 281
114 281
118 281
123 281
129 281
136 281
137 281
141 281
144 281
151 281
157 281
161 281
164 281
168 281
177 281
183 281
190 281
191 281
192 281
210 281
214 281
215 281
218 281
219 281
230 281
235 281
249 281
252 281
263 281
267 281
268 281
269 281
273 281
7 282
11 282
12 282
17 282
27 282
29 282
38 282
44 282
53 282
55 282
61 282
68 282
75 282
76 282
87 282
89 282
102 282
108 282
112 282
122 282
127 282
137 282
140 282
145 282
154 282
157 282
159 282
160 282
171 282
172 282
174 282
181 282
189 282
192 282
195 282
199 282
205 282
210 282
227 282
240 282
241 282
260 282
263 282
272 282
279 282
2 283
3 283
5 283
10 283
20 283
23 283
25 283
27 283
34 283
35 283
38 283
47 283
51 283
55 283
69 283
73 283
78 283
83 283
92 283
94 283
97 283
99 283
107 283
113 283
127 283
155 283
157 283
163 283
165 283
167 283
171 283
176 283
181 283
183 283
187 283
193 283
195 283
201 283
204 283
207 283
208 283
210 283
220 283
223 283
224 283
234 283
235 283
237 283
238 283
252 283
254 283
260 283
268 283
273 283
1 284
5 284
7 284
20 284
21 284
31 284
36 284
47 284
49 284
54 284
64 284
74 284
75 284
76 284
88 284
102 284
107 284
108 284
111 284
116 284
118 284
129 284
135 284
146 284
156 284
165 284
167 284
177 284
178 284
187 284
193 284
201 284
205 284
206 284
207 284
208 284
218 284
225 284
233 284
234 284
243 284
247 284
255 284
264 284
265 284
277 284
1 285
5 285
17 285
18 285
30 285
39 285
48 285
51 285
54 285
56 285
57 285
59 285
61 285
65 285
68 285
79 285
85 285
87 285
96 285
97 285
99 285
102 285
108 285
110 285
111 285
121 285
122 285
129 285
132 285
148 285
158 285
161 285
167 285
169 285
171 285
172 285
173 285
176 285
178 285
179 285
183 285
185 285
193 285
206 285
210 285
211 285
213 285
216 285
217 285
224 285
231 285
232 285
233 285
236 285
240 285
245 285
248 285
249 285
251 285
252 285
267 285
278 285
283 285
4 286
9 286
11 286
25 286
35 286
42 286
46 286
60 286
66 286
73 286
79 286
85 286
87 286
88 286
89 286
95 286
103 286
109 286
113 286
115 286
117 286
126 286
129 286
139 286
140 286
142 286
143 286
168 286
180 286
181 286
186 286
188 286
196 286
204 286
205 286
206 286
213 286
215 286
232 286
237 286
241 286
246 286
248 286
251 286
254 286
256 286
268 286
275 286
278 286
281 286
1 287
20 287
28 287
35 287
37 287
42 287
46 287
47 287
50 287
52 287
64 287
74 287
78 287
81 287
82 287
84 287
87 287
102 287
108 287
113 287
121 287
123 287
127 287
128 287
129 287
133 287
134 287
149 287
150 287
161 287
163 287
165 287
173 287
175 287
195 287
207 287
210 287
213 287
217 287
221 287
231 287
235 287
239 287
241 287
261 287
266 287
274 287
275 287
283 287
3 288
9 288
11 288
18 288
20 288
27 288
41 288
43 288
45 288
48 288
66 288
70 288
73 288
82 288
85 288
88 288
90 288
92 288
95 288
100 288
108 288
109 288
116 288
118 288
122 288
130 288
133 288
154 288
155 288
159 288
161 288
163 288
175 288
177 288
194 288
199 288
202 288
212 288
216 288
217 288
223 288
227 288
229 288
240 288
241 288
251 288
258 288
269 288
270 288
285 288
0 289
3 289
5 289
7 289
16 289
19 289
25 289
34 289
41 289
47 289
69 289
73 289
78 289
84 289
86 289
87 289
93 289
97 289
101 289
102 289
106 289
107 289
111 289
118 289
125 289
127 289
132 289
149 289
156 289
161 289
163 289
166 289
175 289
178 289
184 289
202 289
203 289
206 289
208 289
211 289
217 289
218 289
219 289
222 289
223 289
230 289
258 289
260 289
266 289
270 289
274 289
279 289
280 289
285 289
286 289
287 289
10 290
17 290
18 290
27 290
39 290
44 290
45 290
59 290
61 290
70 290
71 290
72 290
77 290
78 290
79 290
87 290
100 290
108 290
109 290
111 290
125 290
130 290
142 290
160 290
163 290
166 290
173 290
178 290
182 290
194 290
195 290
201 290
202 290
213 290
215 290
221 290
233 290
234 290
235 290
253 290
261 290
270 290
276 290
278 290
289 290
10 291
11 291
20 291
26 291
27 291
37 291
38 291
43 291
46 291
52 291
62 291
70 291
71 291
89 291
91 291
100 291
101 291
102 291
104 291
112 291
113 291
114 291
141 291
145 291
161 291
167 291
169 291
172 291
175 291
176 291
193 291
195 291
212 291
219 291
220 291
225 291
226 291
240 291
255 291
256 291
267 291
268 291
269 291
273 291
277 291
285 291
2 292
13 292
21 292
32 292
43 292
44 292
47 292
50 292
56 292
58 292
71 292
73 292
74 292
75 292
76 292
92 292
116 292
119 292
134 292
135 292
144 292
148 292
154 292
163 292
169 292
177 292
184 292
187 292
193 292
195 292
199 292
201 292
204 292
205 292
208 292
211 292
212 292
215 292
216 292
218 292
220 292
225 292
229 292
243 292
247 292
248 292
256 292
261 292
266 292
280 292
285 292
287 292
6 293
9 293
12 293
24 293
25 293
33 293
37 293
46 293
58 293
60 293
62 293
69 293
75 293
78 293
80 293
81 293
88 293
91 293
94 293
100 293
101 293
103 293
121 293
125 293
129 293
130 293
143 293
145 293
146 293
149 293
155 293
159 293
168 293
174 293
177 293
180 293
188 293
190 293
192 293
202 293
211 293
219 293
223 293
225 293
226 293
230 293
235 293
243 293
252 293
256 293
263 293
265 293
270 293
278 293
280 293
284 293
286 293
287 293
6 294
34 294
38 294
46 294
47 294
59 294
62 294
63 294
65 294
66 294
67 294
68 294
78 294
90 294
95 294
96 294
98 294
111 294
114 294
117 294
122 294
123 294
125 294
131 294
137 294
138 294
158 294
161 294
183 294
186 294
191 294
194 294
195 294
196 294
197 294
199 294
204 294
206 294
209 294
210 294
224 294
225 294
231 294
233 294
234 294
246 294
249 294
260 294
272 294
278 294
281 294
283 294
1 295
3 295
10 295
24 295
27 295
32 295
35 295
38 295
45 295
49 295
51 295
61 295
82 295
95 295
96 295
98 295
112 295
115 295
118 295
125 295
127 295
137 295
142 295
162 295
166 295
167 295
171 295
174 295
187 295
194 295
195 295
196 295
200 295
205 295
206 295
214 295
217 295
218 295
225 295
226 295
231 295
232 295
238 295
247 295
249 295
256 295
257 295
266 295
270 295
273 295
276 295
293 295
3 296
17 296
18 296
28 296
29 296
31 296
52 296
56 296
59 296
61 296
70 296
75 296
76 296
82 296
85 296
95 296
96 296
101 296
102 296
106 296
110 296
113 296
114 296
115 296
121 296
127 296
128 296
131 296
132 296
152 296
153 296
160 296
166 296
167 296
168 296
170 296
186 296
196 296
202 296
205 296
207 296
212 296
233 296
241 296
242 296
244 296
248 296
249 296
259 296
277 296
294 296
6 297
9 297
10 297
12 297
20 297
26 297
27 297
30 297
38 297
53 297
60 297
61 297
65 297
72 297
74 297
78 297
87 297
100 297
105 297
107 297
108 297
124 297
128 297
133 297
134 297
142 297
151 297
169 297
170 297
173 297
174 297
189 297
196 297
204 297
205 297
209 297
210 297
216 297
238 297
239 297
242 297
249 297
277 297
278 297
281 297
283 297
286 297
293 297
2 298
4 298
18 298
23 298
24 298
27 298
29 298
30 298
33 298
34 298
42 298
43 298
44 298
50 298
52 298
64 298
71 298
74 298
78 298
79 298
84 298
85 298
86 298
87 298
94 298
103 298
104 298
119 298
121 298
127 298
131 298
135 298
141 298
142 298
148 298
157 298
158 298
161 298
163 298
169 298
175 298
183 298
192 298
197 298
200 298
208 298
213 298
219 298
221 298
225 298
231 298
232 298
234 298
237 298
239 298
240 298
250 298
253 298
261 298
271 298
272 298
275 298
284 298
289 298
290 298
294 298
3 299
7 299
9 299
12 299
13 299
14 299
34 299
36 299
41 299
53 299
57 299
60 299
63 299
65 299
69 299
73 299
75 299
77 299
91 299
94 299
97 299
112 299
115 299
117 299
128 299
131 299
132 299
146 299
150 299
152 299
167 299
168 299
173 299
179 299
180 299
181 299
188 299
194 299
202 299
204 299
207 299
212 299
220 299
225 299
228 299
235 299
237 299
240 299
246 299
250 299
252 299
253 299
255 299
256 299
257 299
262 299
276 299
284 299
290 299
