300 4154 5
11 9 12 15 8 11 14 7 10 5 10 12 14 11 13 9 8 10 5 5 12 9 10 7 12 13 9 7 9 12 12 7 13 14 10 12 10 9 10 13 14 13 12 7 12 14 12 13 10 11 10 11 11 10 4 12 13 9 17 8 10 11 8 10 10 13 8 5 8 16 14 15 14 12 14 14 14 6 11 11 7 9 7 10 12 10 11 13 10 10 14 9 7 8 11 7 11 11 8 13 14 4 4 11 13 11 15 11 9 9 11 9 13 12 11 6 16 9 10 10 8 7 16 13 10 12 13 15 5 10 12 9 7 12 10 7 11 17 10 7 17 9 10 5 11 6 12 10 8 12 6 12 15 3 12 14 9 12 12 12 9 12 10 12 10 9 13 9 11 11 9 10 17 14 8 5 14 10 13 10 10 18 9 12 13 13 8 11 11 13 10 9 15 7 10 16 8 12 11 18 7 7 3 10 12 9 12 7 7 7 9 11 8 5 10 12 15 10 6 9 4 11 14 14 10 7 4 13 7 10 7 6 17 10 13 8 14 9 12 11 14 8 12 10 11 9 10 16 15 8 10 11 15 11 10 13 13 13 12 11 11 5 13 9 13 15 8 12 9 9 15 10 13 11 13 4 6 7 12 6 12 14 12 9 12 9 10 12 10 18 16 9 9 8 12 15 10 9 8 12
3 4
3 5
5 6
4 8
1 9
1 10
6 12
1 13
7 13
6 14
6 16
14 16
15 16
7 17
16 17
13 18
15 18
16 18
16 19
2 21
17 21
13 22
3 23
14 23
0 24
1 24
17 25
21 25
9 26
0 27
1 27
2 27
3 27
7 28
16 28
18 28
21 28
18 29
27 29
10 30
14 30
25 30
11 31
20 31
12 32
13 32
15 32
17 32
23 32
24 32
10 33
11 33
13 33
30 33
11 34
13 34
23 34
6 35
13 35
25 35
27 35
31 35
3 36
6 36
6 37
11 37
26 37
2 38
7 38
8 38
9 38
25 38
35 38
37 39
7 40
8 40
12 40
21 40
28 40
3 41
16 41
24 41
2 42
3 42
4 42
6 42
13 42
19 42
23 42
41 42
11 43
12 43
33 43
37 43
38 43
2 44
9 44
24 44
2 45
20 45
23 45
9 46
13 46
26 46
31 46
41 46
31 47
32 47
38 47
43 47
44 47
45 47
0 48
15 48
25 48
27 48
32 49
34 49
40 49
42 49
2 50
3 50
20 50
30 50
35 50
37 50
42 50
43 50
11 51
22 51
23 51
35 51
38 51
45 51
49 51
4 52
9 52
10 52
12 52
22 52
31 52
42 52
46 52
1 53
9 53
27 53
5 54
14 54
16 54
21 54
38 54
47 54
13 55
19 55
25 55
32 55
35 55
40 55
53 55
54 55
10 56
26 56
32 56
48 56
11 57
15 57
21 57
27 57
28 57
29 57
39 57
53 57
5 58
8 58
20 58
27 58
31 58
32 58
40 58
12 59
14 59
20 59
22 59
26 59
27 59
29 59
32 59
39 59
7 60
21 60
44 60
45 60
47 60
57 60
4 61
12 61
35 61
43 61
47 61
49 61
0 62
5 62
12 62
15 62
17 62
22 62
24 62
35 62
51 62
57 62
23 63
30 63
41 63
46 63
49 63
56 63
57 63
16 64
17 64
20 64
27 64
32 64
35 64
61 64
2 65
5 65
18 65
19 65
28 65
29 65
30 65
49 65
57 65
58 65
29 66
45 66
60 66
9 67
23 67
29 67
65 67
2 68
4 68
9 68
14 68
24 68
28 68
30 68
34 68
41 68
42 68
45 68
56 68
58 68
60 68
62 68
22 69
25 69
28 69
32 69
43 69
53 69
54 69
59 69
2 70
9 70
13 70
21 70
39 70
40 70
59 70
62 70
66 70
5 71
8 71
12 71
21 71
26 71
33 71
35 71
39 71
45 71
48 71
49 71
55 71
60 71
65 71
6 72
25 72
28 72
33 72
35 72
37 72
49 72
54 72
8 73
10 73
13 73
21 73
36 73
37 73
60 73
70 73
19 74
30 74
33 74
41 74
47 74
56 74
64 74
67 74
19 75
38 75
53 75
2 76
10 76
27 76
40 76
59 76
61 76
73 76
15 77
24 77
32 77
37 77
42 77
44 77
51 77
52 77
56 77
57 77
65 77
12 78
26 78
29 78
32 78
44 78
48 78
73 78
16 79
39 79
53 79
62 79
67 79
75 79
0 80
1 80
9 80
66 80
21 81
28 81
57 81
79 81
35 82
47 82
64 82
67 82
70 82
74 82
5 83
10 83
13 83
17 83
31 83
35 83
52 83
53 83
24 84
33 84
39 84
17 85
25 85
37 85
69 85
6 86
11 86
12 86
18 86
25 86
27 86
43 86
48 86
50 86
64 86
29 87
38 87
66 87
67 87
81 87
83 87
86 87
4 88
7 88
45 88
63 88
84 88
87 88
6 89
10 89
15 89
28 89
55 89
78 89
80 89
2 90
8 90
11 90
23 90
27 90
45 90
54 90
58 90
60 90
62 90
64 90
68 90
87 90
31 91
32 91
42 91
46 91
54 91
61 91
13 92
14 92
30 92
45 92
49 92
52 92
53 92
60 92
66 92
73 92
84 92
2 93
37 93
63 93
64 93
70 93
72 93
90 93
92 93
37 94
38 94
58 94
63 94
76 94
84 94
0 95
11 95
14 95
37 95
50 95
66 95
69 95
84 95
86 95
87 95
93 95
19 96
20 96
41 96
61 96
76 96
27 97
32 97
42 97
46 97
57 97
78 97
11 98
37 98
73 98
81 98
11 99
22 99
35 99
37 99
46 99
50 99
59 99
60 99
63 99
75 99
83 99
5 100
9 100
51 100
53 100
94 100
11 101
15 101
31 101
32 101
38 101
49 101
56 101
69 101
74 101
93 101
94 101
16 102
20 102
30 102
32 102
43 102
44 102
60 102
86 102
91 102
0 103
2 103
14 103
30 103
55 103
61 103
67 103
72 103
87 103
96 103
4 104
11 104
15 104
34 104
43 104
51 104
56 104
57 104
69 104
77 104
82 104
88 104
89 104
98 104
8 105
19 105
22 105
26 105
32 105
36 105
59 105
68 105
71 105
77 105
81 105
90 105
103 105
104 105
21 106
25 106
34 106
40 106
62 106
64 106
71 106
74 106
77 106
79 106
83 106
84 106
86 106
87 106
90 106
95 106
101 106
16 107
21 107
27 107
41 107
51 107
68 107
83 107
84 107
92 107
106 107
0 108
7 108
24 108
43 108
48 108
50 108
61 108
65 108
73 108
107 108
3 109
24 109
37 109
68 109
83 109
90 109
102 109
2 110
13 110
14 110
24 110
37 110
50 110
66 110
74 110
75 110
82 110
95 110
96 110
106 110
108 110
0 111
13 111
16 111
27 111
34 111
42 111
43 111
44 111
57 111
58 111
77 111
82 111
85 111
90 111
26 112
32 112
70 112
91 112
0 113
6 113
13 113
42 113
46 113
86 113
88 113
3 114
6 114
7 114
24 114
25 114
49 114
63 114
69 114
83 114
91 114
95 114
97 114
111 114
6 115
21 115
28 115
43 115
55 115
57 115
59 115
73 115
75 115
81 115
91 115
99 115
105 115
113 115
1 116
15 116
16 116
18 116
27 116
58 116
74 116
82 116
84 116
91 116
112 116
5 117
16 117
17 117
21 117
23 117
24 117
89 117
111 117
2 118
20 118
34 118
57 118
71 118
72 118
73 118
75 118
80 118
81 118
82 118
90 118
116 118
12 119
16 119
35 119
50 119
73 119
75 119
78 119
10 120
12 120
36 120
47 120
48 120
56 120
57 120
59 120
69 120
70 120
108 120
119 120
3 121
11 121
12 121
30 121
33 121
47 121
49 121
51 121
57 121
75 121
80 121
83 121
105 121
109 121
4 122
12 122
17 122
34 122
40 122
45 122
50 122
61 122
66 122
90 122
92 122
95 122
97 122
5 123
12 123
15 123
23 123
37 123
39 123
57 123
61 123
73 123
81 123
84 123
96 123
101 123
103 123
8 124
22 124
23 124
24 124
29 124
36 124
43 124
82 124
89 124
94 124
122 124
123 124
49 125
51 125
66 125
95 125
99 125
101 125
12 126
19 126
43 126
83 126
101 126
108 126
125 126
16 127
33 127
64 127
68 127
108 127
125 127
4 128
8 128
9 128
24 128
31 128
32 128
46 128
56 128
57 128
69 128
70 128
73 128
80 128
83 128
94 128
21 129
30 129
33 129
45 129
48 129
60 129
75 129
94 129
96 129
101 129
120 129
127 129
2 130
4 130
8 130
15 130
27 130
33 130
37 130
55 130
59 130
92 130
96 130
103 130
111 130
124 130
125 130
31 131
36 131
40 131
51 131
68 131
100 131
105 131
106 131
0 132
33 132
42 132
46 132
66 132
73 132
86 132
99 132
110 132
112 132
26 133
61 133
70 133
83 133
84 133
102 133
118 133
124 133
5 134
13 134
24 134
43 134
56 134
58 134
68 134
94 134
97 134
98 134
116 134
125 134
128 134
17 135
22 135
43 135
48 135
70 135
75 135
77 135
86 135
115 135
27 136
33 136
35 136
64 136
66 136
68 136
77 136
87 136
90 136
100 136
103 136
106 136
115 136
118 136
134 136
0 137
2 137
11 137
50 137
63 137
66 137
67 137
83 137
97 137
112 137
118 137
133 137
2 138
13 138
39 138
47 138
48 138
49 138
64 138
73 138
83 138
91 138
100 138
104 138
107 138
113 138
131 138
135 138
5 139
13 139
18 139
25 139
28 139
29 139
40 139
41 139
44 139
63 139
88 139
91 139
98 139
99 139
130 139
23 140
37 140
42 140
49 140
65 140
72 140
99 140
100 140
111 140
113 140
118 140
127 140
0 141
9 141
10 141
20 141
34 141
37 141
38 141
43 141
74 141
110 141
118 141
131 141
137 141
138 141
140 141
3 142
5 142
9 142
11 142
18 142
24 142
25 142
35 142
51 142
69 142
71 142
73 142
75 142
83 142
112 142
137 142
4 143
5 143
75 143
88 143
126 143
139 143
14 144
17 144
24 144
31 144
59 144
80 144
89 144
101 144
122 144
135 144
142 144
0 145
25 145
29 145
36 145
45 145
61 145
70 145
71 145
85 145
88 145
99 145
113 145
114 145
128 145
2 146
15 146
21 146
33 146
100 146
124 146
141 146
3 147
17 147
36 147
61 147
62 147
70 147
83 147
84 147
91 147
112 147
130 147
132 147
134 147
142 147
145 147
7 148
9 148
12 148
18 148
26 148
29 148
30 148
77 148
79 148
96 148
107 148
112 148
126 148
128 148
132 148
135 148
7 149
9 149
11 149
14 149
15 149
24 149
27 149
29 149
33 149
34 149
36 149
54 149
64 149
69 149
71 149
81 149
91 149
114 149
126 149
132 149
139 149
140 149
47 150
64 150
81 150
92 150
94 150
111 150
122 150
123 150
127 150
133 150
1 151
13 151
20 151
96 151
100 151
110 151
116 151
118 151
127 151
130 151
33 152
47 152
48 152
51 152
56 152
57 152
79 152
82 152
91 152
94 152
127 152
144 152
2 153
14 153
16 153
32 153
36 153
45 153
87 153
91 153
116 153
117 153
139 153
148 153
23 154
44 154
62 154
71 154
76 154
78 154
86 154
98 154
116 154
135 154
146 154
148 154
0 155
16 155
20 155
27 155
30 155
37 155
44 155
93 155
98 155
102 155
106 155
113 155
153 155
6 156
8 156
28 156
31 156
34 156
37 156
43 156
49 156
54 156
89 156
94 156
105 156
9 157
11 157
25 157
37 157
41 157
43 157
47 157
74 157
76 157
85 157
104 157
122 157
131 157
133 157
2 158
4 158
6 158
11 158
44 158
57 158
72 158
76 158
97 158
100 158
125 158
129 158
135 158
2 159
4 159
11 159
12 159
17 159
20 159
28 159
42 159
44 159
62 159
114 159
137 159
141 159
147 159
158 159
43 160
50 160
58 160
64 160
71 160
74 160
82 160
84 160
85 160
106 160
110 160
114 160
124 160
146 160
147 160
7 161
20 161
28 161
39 161
44 161
48 161
50 161
52 161
63 161
77 161
99 161
116 161
130 161
131 161
138 161
143 161
151 161
152 161
155 161
14 162
21 162
37 162
44 162
109 162
110 162
129 162
142 162
144 162
152 162
7 163
16 163
27 163
29 163
34 163
36 163
37 163
49 163
56 163
59 163
85 163
100 163
129 163
141 163
150 163
11 164
19 164
23 164
41 164
42 164
50 164
78 164
96 164
108 164
112 164
132 164
151 164
5 165
7 165
15 165
16 165
36 165
44 165
52 165
54 165
65 165
113 165
118 165
122 165
128 165
148 165
8 166
14 166
20 166
22 166
23 166
46 166
53 166
68 166
80 166
89 166
107 166
108 166
122 166
130 166
136 166
147 166
148 166
150 166
152 166
159 166
162 166
16 167
39 167
50 167
74 167
83 167
93 167
116 167
137 167
139 167
145 167
157 167
161 167
165 167
12 168
44 168
60 168
63 168
85 168
91 168
92 168
110 168
112 168
136 168
142 168
144 168
161 168
165 168
3 169
4 169
10 169
17 169
24 169
29 169
51 169
64 169
70 169
71 169
77 169
78 169
79 169
86 169
89 169
93 169
116 169
135 169
153 169
156 169
14 170
17 170
32 170
33 170
58 170
60 170
81 170
82 170
125 170
132 170
144 170
155 170
167 170
0 171
1 171
31 171
64 171
73 171
78 171
98 171
112 171
119 171
149 171
3 172
15 172
33 172
38 172
46 172
54 172
55 172
60 172
66 172
83 172
84 172
94 172
96 172
97 172
99 172
108 172
113 172
114 172
116 172
123 172
139 172
143 172
155 172
169 172
2 173
10 173
15 173
23 173
27 173
33 173
41 173
53 173
54 173
64 173
101 173
123 173
135 173
165 173
166 173
169 173
170 173
27 174
28 174
30 174
55 174
93 174
97 174
121 174
134 174
139 174
147 174
167 174
169 174
8 175
24 175
30 175
40 175
41 175
72 175
88 175
96 175
98 175
128 175
130 175
140 175
147 175
159 175
160 175
165 175
171 175
174 175
6 176
7 176
16 176
24 176
36 176
43 176
49 176
76 176
84 176
91 176
92 176
104 176
107 176
113 176
128 176
139 176
144 176
147 176
168 176
174 176
3 177
11 177
12 177
14 177
36 177
45 177
46 177
62 177
63 177
73 177
80 177
87 177
94 177
100 177
101 177
102 177
116 177
147 177
149 177
163 177
5 178
42 178
45 178
51 178
60 178
68 178
71 178
75 178
85 178
95 178
103 178
108 178
112 178
148 178
164 178
165 178
169 178
4 179
18 179
42 179
49 179
54 179
65 179
74 179
85 179
95 179
102 179
104 179
119 179
127 179
0 180
13 180
23 180
34 180
45 180
74 180
96 180
111 180
120 180
127 180
131 180
154 180
2 181
6 181
8 181
9 181
18 181
23 181
103 181
111 181
123 181
142 181
148 181
165 181
170 181
3 182
18 182
21 182
24 182
32 182
69 182
72 182
75 182
77 182
80 182
102 182
108 182
119 182
121 182
124 182
152 182
181 182
2 183
14 183
22 183
24 183
28 183
31 183
47 183
55 183
56 183
59 183
64 183
94 183
107 183
109 183
126 183
132 183
136 183
151 183
157 183
175 183
4 184
20 184
26 184
27 184
32 184
44 184
57 184
61 184
75 184
76 184
77 184
85 184
94 184
100 184
101 184
109 184
121 184
142 184
144 184
149 184
158 184
26 185
37 185
41 185
46 185
52 185
54 185
63 185
66 185
72 185
76 185
88 185
89 185
101 185
122 185
125 185
131 185
150 185
153 185
177 185
18 186
60 186
63 186
64 186
114 186
135 186
136 186
137 186
139 186
142 186
146 186
157 186
181 186
182 186
184 186
18 187
24 187
35 187
75 187
79 187
100 187
103 187
108 187
127 187
129 187
134 187
136 187
141 187
143 187
182 187
17 188
38 188
45 188
57 188
61 188
102 188
107 188
128 188
142 188
147 188
162 188
164 188
174 188
4 189
5 189
9 189
21 189
22 189
44 189
57 189
59 189
81 189
83 189
101 189
130 189
134 189
151 189
154 189
160 189
163 189
170 189
180 189
182 189
22 190
26 190
34 190
37 190
39 190
49 190
52 190
64 190
72 190
91 190
107 190
110 190
118 190
149 190
152 190
161 190
162 190
181 190
0 191
6 191
8 191
19 191
21 191
26 191
40 191
60 191
61 191
70 191
77 191
84 191
91 191
98 191
107 191
108 191
120 191
127 191
132 191
149 191
152 191
159 191
168 191
184 191
3 192
9 192
13 192
43 192
48 192
73 192
84 192
91 192
101 192
102 192
104 192
113 192
133 192
143 192
160 192
161 192
166 192
173 192
174 192
187 192
27 193
36 193
39 193
85 193
90 193
97 193
103 193
106 193
119 193
122 193
126 193
137 193
141 193
158 193
168 193
180 193
183 193
2 194
13 194
14 194
18 194
20 194
21 194
23 194
35 194
37 194
69 194
84 194
87 194
118 194
121 194
133 194
143 194
155 194
176 194
1 195
2 195
4 195
18 195
28 195
31 195
36 195
41 195
55 195
59 195
97 195
103 195
111 195
119 195
120 195
124 195
125 195
129 195
138 195
140 195
160 195
169 195
172 195
16 196
24 196
41 196
70 196
83 196
98 196
105 196
122 196
125 196
136 196
137 196
151 196
154 196
158 196
165 196
188 196
7 197
17 197
40 197
53 197
64 197
95 197
98 197
103 197
126 197
129 197
163 197
174 197
179 197
182 197
185 197
192 197
1 198
11 198
20 198
21 198
58 198
71 198
73 198
84 198
114 198
115 198
123 198
158 198
177 198
178 198
183 198
189 198
192 198
194 198
6 199
35 199
36 199
38 199
40 199
42 199
68 199
80 199
87 199
94 199
114 199
116 199
126 199
139 199
144 199
163 199
166 199
173 199
185 199
189 199
0 200
9 200
25 200
28 200
30 200
45 200
52 200
57 200
60 200
66 200
70 200
71 200
94 200
102 200
123 200
136 200
157 200
162 200
191 200
4 201
11 201
12 201
26 201
29 201
36 201
45 201
61 201
79 201
89 201
90 201
92 201
100 201
103 201
115 201
125 201
131 201
137 201
146 201
151 201
162 201
164 201
166 201
168 201
188 201
192 201
197 201
10 202
14 202
16 202
40 202
47 202
55 202
60 202
68 202
87 202
111 202
133 202
151 202
163 202
171 202
189 202
10 203
22 203
51 203
59 203
64 203
78 203
80 203
87 203
113 203
118 203
122 203
134 203
136 203
160 203
175 203
183 203
187 203
198 203
199 203
17 204
25 204
26 204
36 204
41 204
67 204
68 204
69 204
89 204
112 204
117 204
119 204
125 204
133 204
141 204
153 204
164 204
171 204
173 204
186 204
193 204
1 205
2 205
6 205
19 205
49 205
77 205
78 205
89 205
120 205
128 205
146 205
156 205
166 205
175 205
176 205
187 205
3 206
6 206
21 206
25 206
71 206
93 206
101 206
118 206
130 206
140 206
167 206
175 206
1 207
5 207
19 207
28 207
29 207
30 207
46 207
54 207
59 207
71 207
86 207
97 207
106 207
125 207
155 207
159 207
160 207
165 207
166 207
180 207
183 207
190 207
191 207
194 207
206 207
0 208
17 208
34 208
54 208
89 208
99 208
116 208
124 208
131 208
142 208
146 208
153 208
155 208
163 208
174 208
197 208
201 208
205 208
6 209
30 209
51 209
62 209
74 209
79 209
91 209
99 209
103 209
104 209
110 209
116 209
135 209
140 209
143 209
156 209
160 209
167 209
169 209
200 209
207 209
5 210
11 210
39 210
43 210
51 210
54 210
68 210
84 210
98 210
126 210
131 210
133 210
138 210
147 210
159 210
178 210
183 210
202 210
205 210
209 210
3 211
17 211
45 211
71 211
94 211
107 211
123 211
135 211
140 211
169 211
181 211
4 212
10 212
19 212
24 212
25 212
27 212
44 212
50 212
55 212
65 212
70 212
72 212
81 212
82 212
89 212
108 212
111 212
113 212
119 212
120 212
121 212
124 212
158 212
159 212
162 212
165 212
177 212
178 212
180 212
182 212
203 212
210 212
211 212
3 213
22 213
38 213
41 213
80 213
84 213
103 213
115 213
116 213
122 213
135 213
163 213
176 213
195 213
211 213
212 213
12 214
15 214
16 214
38 214
43 214
45 214
51 214
63 214
66 214
139 214
150 214
178 214
180 214
191 214
204 214
205 214
8 215
17 215
38 215
49 215
70 215
82 215
90 215
91 215
102 215
118 215
129 215
143 215
172 215
175 215
188 215
197 215
198 215
206 215
208 215
210 215
9 216
21 216
25 216
29 216
46 216
61 216
63 216
69 216
84 216
93 216
120 216
122 216
124 216
125 216
128 216
131 216
134 216
145 216
152 216
166 216
178 216
187 216
211 216
21 217
41 217
48 217
57 217
67 217
76 217
99 217
136 217
143 217
161 217
198 217
202 217
1 218
68 218
71 218
90 218
110 218
115 218
120 218
141 218
150 218
152 218
163 218
168 218
183 218
190 218
201 218
4 219
9 219
11 219
34 219
35 219
42 219
58 219
63 219
71 219
93 219
95 219
103 219
109 219
110 219
124 219
137 219
154 219
163 219
169 219
175 219
189 219
196 219
25 220
33 220
48 220
53 220
63 220
67 220
68 220
82 220
96 220
125 220
159 220
174 220
186 220
191 220
193 220
204 220
13 221
19 221
21 221
39 221
51 221
60 221
68 221
72 221
97 221
135 221
146 221
149 221
156 221
182 221
209 221
219 221
220 221
7 222
11 222
18 222
25 222
33 222
40 222
41 222
57 222
116 222
118 222
137 222
138 222
142 222
197 222
204 222
206 222
219 222
3 223
15 223
40 223
46 223
56 223
64 223
65 223
98 223
100 223
104 223
107 223
141 223
144 223
157 223
184 223
203 223
1 224
12 224
31 224
48 224
51 224
68 224
77 224
93 224
94 224
106 224
137 224
163 224
192 224
195 224
210 224
223 224
2 225
4 225
5 225
10 225
11 225
18 225
21 225
22 225
32 225
33 225
47 225
52 225
65 225
82 225
92 225
108 225
127 225
138 225
141 225
157 225
159 225
160 225
176 225
181 225
184 225
207 225
217 225
11 226
16 226
22 226
24 226
25 226
31 226
33 226
57 226
63 226
68 226
69 226
77 226
80 226
95 226
114 226
121 226
126 226
129 226
131 226
134 226
142 226
154 226
157 226
167 226
176 226
177 226
189 226
202 226
204 226
211 226
215 226
29 227
37 227
41 227
55 227
56 227
60 227
71 227
72 227
76 227
91 227
95 227
117 227
132 227
148 227
157 227
184 227
195 227
200 227
222 227
33 228
44 228
57 228
64 228
96 228
101 228
125 228
132 228
140 228
145 228
148 228
183 228
192 228
194 228
195 228
214 228
38 229
60 229
64 229
89 229
90 229
99 229
104 229
108 229
122 229
130 229
136 229
153 229
159 229
194 229
201 229
203 229
221 229
223 229
3 230
6 230
11 230
19 230
20 230
21 230
29 230
30 230
37 230
40 230
42 230
52 230
56 230
60 230
79 230
84 230
86 230
90 230
109 230
110 230
113 230
116 230
120 230
153 230
164 230
170 230
171 230
174 230
176 230
181 230
206 230
224 230
0 231
5 231
13 231
18 231
53 231
61 231
68 231
70 231
73 231
76 231
95 231
104 231
136 231
137 231
141 231
153 231
156 231
157 231
167 231
170 231
172 231
175 231
192 231
197 231
208 231
209 231
228 231
0 232
4 232
30 232
41 232
58 232
77 232
79 232
93 232
94 232
129 232
137 232
144 232
153 232
163 232
168 232
178 232
182 232
194 232
206 232
212 232
226 232
3 233
20 233
25 233
26 233
48 233
60 233
101 233
102 233
105 233
129 233
130 233
137 233
148 233
155 233
172 233
185 233
190 233
207 233
210 233
221 233
227 233
6 234
8 234
23 234
30 234
42 234
44 234
70 234
84 234
100 234
104 234
119 234
133 234
140 234
148 234
160 234
167 234
168 234
207 234
211 234
213 234
214 234
222 234
223 234
17 235
26 235
29 235
33 235
43 235
53 235
81 235
117 235
135 235
156 235
161 235
179 235
200 235
225 235
230 235
232 235
13 236
27 236
42 236
50 236
52 236
54 236
56 236
60 236
72 236
73 236
83 236
97 236
116 236
124 236
130 236
143 236
159 236
163 236
168 236
173 236
182 236
185 236
197 236
202 236
225 236
44 237
53 237
67 237
86 237
102 237
106 237
113 237
124 237
141 237
167 237
182 237
191 237
204 237
207 237
233 237
38 238
42 238
44 238
59 238
68 238
72 238
99 238
100 238
111 238
124 238
125 238
141 238
142 238
172 238
174 238
192 238
213 238
222 238
229 238
230 238
232 238
1 239
4 239
8 239
36 239
59 239
98 239
100 239
102 239
106 239
111 239
123 239
128 239
131 239
132 239
148 239
210 239
214 239
3 240
21 240
36 240
57 240
63 240
68 240
82 240
97 240
122 240
148 240
151 240
159 240
191 240
194 240
207 240
213 240
225 240
226 240
227 240
234 240
16 241
31 241
33 241
41 241
49 241
60 241
69 241
72 241
122 241
127 241
138 241
158 241
171 241
179 241
187 241
191 241
229 241
230 241
7 242
12 242
35 242
38 242
39 242
55 242
57 242
65 242
87 242
88 242
99 242
101 242
103 242
127 242
140 242
172 242
175 242
176 242
183 242
189 242
196 242
201 242
207 242
2 243
5 243
21 243
33 243
35 243
38 243
80 243
81 243
94 243
98 243
118 243
124 243
133 243
146 243
149 243
154 243
170 243
180 243
198 243
215 243
229 243
230 243
234 243
235 243
238 243
242 243
11 244
15 244
33 244
47 244
67 244
76 244
93 244
98 244
103 244
106 244
124 244
129 244
134 244
141 244
147 244
153 244
159 244
170 244
198 244
201 244
207 244
224 244
225 244
227 244
231 244
238 244
0 245
27 245
46 245
77 245
82 245
83 245
91 245
101 245
139 245
147 245
159 245
167 245
172 245
177 245
203 245
209 245
212 245
216 245
217 245
237 245
240 245
241 245
244 245
7 246
11 246
13 246
14 246
23 246
28 246
30 246
31 246
33 246
41 246
44 246
70 246
71 246
85 246
89 246
91 246
98 246
112 246
137 246
152 246
161 246
163 246
164 246
192 246
194 246
200 246
220 246
224 246
234 246
236 246
1 247
14 247
20 247
24 247
32 247
45 247
49 247
62 247
81 247
94 247
97 247
110 247
111 247
118 247
121 247
129 247
153 247
158 247
164 247
168 247
214 247
220 247
224 247
228 247
234 247
240 247
241 247
3 248
12 248
33 248
70 248
81 248
93 248
119 248
126 248
139 248
148 248
154 248
165 248
168 248
180 248
187 248
205 248
211 248
2 249
4 249
10 249
16 249
34 249
61 249
72 249
78 249
91 249
92 249
107 249
122 249
127 249
131 249
138 249
143 249
165 249
166 249
171 249
173 249
180 249
189 249
195 249
207 249
211 249
214 249
233 249
234 249
4 250
5 250
9 250
33 250
40 250
42 250
45 250
48 250
61 250
66 250
67 250
70 250
78 250
80 250
86 250
89 250
105 250
116 250
158 250
172 250
182 250
187 250
192 250
209 250
224 250
233 250
242 250
243 250
1 251
14 251
33 251
38 251
42 251
65 251
77 251
97 251
102 251
104 251
113 251
126 251
128 251
131 251
137 251
152 251
154 251
168 251
170 251
181 251
186 251
192 251
240 251
26 252
43 252
45 252
54 252
64 252
65 252
69 252
71 252
87 252
96 252
106 252
116 252
117 252
139 252
148 252
157 252
163 252
173 252
216 252
219 252
242 252
244 252
3 253
9 253
20 253
22 253
28 253
95 253
141 253
158 253
181 253
188 253
191 253
194 253
195 253
196 253
200 253
215 253
234 253
235 253
15 254
16 254
22 254
35 254
48 254
57 254
60 254
64 254
70 254
81 254
82 254
110 254
119 254
126 254
128 254
165 254
167 254
169 254
187 254
189 254
221 254
229 254
231 254
237 254
239 254
244 254
247 254
251 254
252 254
5 255
6 255
26 255
37 255
40 255
57 255
59 255
100 255
109 255
134 255
143 255
150 255
152 255
167 255
180 255
184 255
204 255
229 255
2 256
7 256
14 256
25 256
38 256
42 256
52 256
83 256
95 256
130 256
154 256
159 256
166 256
183 256
226 256
230 256
244 256
2 257
7 257
29 257
34 257
39 257
64 257
68 257
71 257
104 257
133 257
146 257
148 257
150 257
177 257
179 257
181 257
184 257
189 257
218 257
226 257
248 257
11 258
26 258
29 258
32 258
40 258
52 258
66 258
68 258
91 258
112 258
126 258
147 258
149 258
151 258
155 258
168 258
169 258
193 258
198 258
201 258
211 258
219 258
250 258
253 258
10 259
11 259
21 259
36 259
39 259
63 259
92 259
94 259
99 259
113 259
115 259
118 259
144 259
146 259
156 259
158 259
163 259
170 259
179 259
189 259
198 259
212 259
217 259
223 259
239 259
257 259
6 260
9 260
10 260
13 260
28 260
51 260
63 260
78 260
79 260
85 260
86 260
92 260
116 260
138 260
151 260
156 260
162 260
176 260
191 260
204 260
206 260
222 260
236 260
2 261
22 261
46 261
47 261
51 261
74 261
101 261
120 261
123 261
131 261
143 261
149 261
173 261
174 261
188 261
229 261
241 261
256 261
260 261
0 262
2 262
11 262
21 262
26 262
36 262
42 262
73 262
84 262
107 262
128 262
143 262
144 262
153 262
155 262
156 262
181 262
198 262
214 262
221 262
231 262
240 262
254 262
258 262
260 262
3 263
13 263
16 263
29 263
39 263
58 263
61 263
66 263
75 263
87 263
92 263
95 263
124 263
126 263
136 263
164 263
188 263
191 263
194 263
200 263
209 263
212 263
217 263
224 263
249 263
254 263
1 264
20 264
26 264
35 264
49 264
52 264
60 264
69 264
76 264
86 264
104 264
134 264
160 264
190 264
206 264
261 264
263 264
5 265
27 265
42 265
67 265
72 265
73 265
89 265
100 265
107 265
131 265
142 265
143 265
158 265
170 265
181 265
204 265
228 265
233 265
235 265
249 265
250 265
264 265
4 266
18 266
36 266
48 266
58 266
62 266
78 266
110 266
116 266
129 266
152 266
154 266
169 266
172 266
174 266
192 266
193 266
215 266
223 266
225 266
228 266
236 266
244 266
2 267
4 267
16 267
33 267
40 267
51 267
64 267
74 267
88 267
99 267
119 267
123 267
139 267
145 267
156 267
157 267
161 267
185 267
192 267
198 267
201 267
214 267
225 267
231 267
232 267
239 267
246 267
251 267
0 268
24 268
28 268
50 268
65 268
68 268
78 268
108 268
112 268
115 268
124 268
126 268
138 268
156 268
162 268
163 268
164 268
169 268
171 268
173 268
176 268
188 268
192 268
198 268
205 268
227 268
231 268
238 268
263 268
13 269
25 269
26 269
27 269
45 269
62 269
68 269
73 269
91 269
92 269
104 269
109 269
112 269
117 269
119 269
139 269
142 269
151 269
183 269
184 269
189 269
215 269
236 269
242 269
246 269
255 269
11 270
23 270
60 270
64 270
68 270
75 270
80 270
84 270
93 270
123 270
145 270
158 270
185 270
231 270
240 270
244 270
257 270
37 271
45 271
58 271
61 271
63 271
73 271
78 271
109 271
121 271
126 271
146 271
176 271
190 271
212 271
216 271
225 271
229 271
240 271
247 271
268 271
7 272
24 272
41 272
43 272
49 272
53 272
62 272
67 272
73 272
76 272
102 272
113 272
115 272
133 272
136 272
143 272
144 272
155 272
166 272
181 272
182 272
199 272
205 272
220 272
236 272
249 272
257 272
258 272
268 272
11 273
17 273
37 273
53 273
64 273
89 273
92 273
110 273
113 273
120 273
156 273
183 273
212 273
213 273
227 273
242 273
245 273
247 273
250 273
257 273
271 273
7 274
18 274
24 274
38 274
39 274
49 274
58 274
61 274
71 274
74 274
77 274
88 274
124 274
129 274
150 274
151 274
162 274
188 274
189 274
203 274
251 274
269 274
12 275
22 275
26 275
28 275
52 275
58 275
65 275
70 275
88 275
96 275
98 275
120 275
121 275
131 275
138 275
139 275
142 275
149 275
160 275
163 275
167 275
199 275
201 275
204 275
213 275
222 275
231 275
238 275
248 275
265 275
0 276
18 276
19 276
32 276
40 276
45 276
60 276
76 276
99 276
106 276
113 276
127 276
136 276
138 276
144 276
157 276
174 276
183 276
190 276
224 276
238 276
243 276
252 276
256 276
3 277
21 277
36 277
68 277
74 277
80 277
88 277
94 277
101 277
103 277
104 277
115 277
127 277
137 277
161 277
170 277
179 277
190 277
220 277
227 277
230 277
250 277
254 277
263 277
10 278
11 278
24 278
27 278
28 278
30 278
33 278
43 278
46 278
47 278
48 278
56 278
76 278
84 278
85 278
119 278
135 278
147 278
157 278
162 278
165 278
166 278
169 278
191 278
197 278
231 278
241 278
245 278
246 278
249 278
258 278
260 278
264 278
21 279
23 279
24 279
27 279
31 279
49 279
51 279
80 279
104 279
108 279
122 279
147 279
149 279
166 279
169 279
175 279
176 279
177 279
183 279
186 279
197 279
207 279
216 279
218 279
237 279
242 279
244 279
247 279
249 279
251 279
256 279
257 279
1 280
7 280
25 280
60 280
71 280
75 280
84 280
101 280
112 280
133 280
134 280
139 280
140 280
148 280
151 280
154 280
176 280
177 280
180 280
182 280
189 280
219 280
233 280
236 280
239 280
241 280
267 280
15 281
23 281
24 281
26 281
32 281
38 281
47 281
50 281
56 281
62 281
66 281
91 281
101 281
107 281
121 281
123 281
134 281
135 281
144 281
145 281
160 281
161 281
176 281
179 281
180 281
185 281
205 281
224 281
232 281
234 281
240 281
263 281
29 282
36 282
39 282
41 282
43 282
55 282
69 282
79 282
88 282
89 282
93 282
105 282
145 282
152 282
156 282
188 282
193 282
203 282
217 282
218 282
219 282
234 282
239 282
253 282
7 283
12 283
87 283
91 283
102 283
108 283
120 283
125 283
159 283
164 283
180 283
186 283
197 283
206 283
221 283
251 283
257 283
261 283
271 283
0 284
6 284
31 284
66 284
84 284
86 284
101 284
108 284
130 284
136 284
137 284
153 284
194 284
205 284
207 284
215 284
223 284
235 284
236 284
247 284
251 284
275 284
36 285
50 285
53 285
57 285
58 285
60 285
76 285
94 285
100 285
147 285
150 285
180 285
196 285
197 285
203 285
206 285
212 285
231 285
251 285
252 285
259 285
11 286
13 286
108 286
112 286
139 286
154 286
171 286
175 286
187 286
189 286
193 286
194 286
233 286
277 286
9 287
38 287
41 287
42 287
46 287
52 287
56 287
62 287
74 287
78 287
81 287
88 287
99 287
121 287
123 287
134 287
148 287
150 287
157 287
163 287
165 287
171 287
182 287
184 287
190 287
193 287
197 287
221 287
224 287
233 287
247 287
261 287
267 287
283 287
2 288
22 288
36 288
56 288
57 288
61 288
65 288
66 288
79 288
86 288
90 288
95 288
102 288
107 288
110 288
121 288
128 288
134 288
154 288
161 288
167 288
193 288
199 288
204 288
241 288
253 288
265 288
275 288
3 289
19 289
21 289
22 289
28 289
37 289
52 289
55 289
80 289
81 289
84 289
100 289
141 289
147 289
169 289
171 289
187 289
189 289
190 289
196 289
199 289
201 289
204 289
218 289
222 289
235 289
236 289
237 289
239 289
240 289
258 289
260 289
275 289
278 289
284 289
3 290
7 290
8 290
30 290
31 290
38 290
61 290
71 290
73 290
85 290
87 290
93 290
106 290
113 290
130 290
143 290
154 290
180 290
196 290
214 290
221 290
229 290
231 290
232 290
240 290
255 290
273 290
275 290
288 290
21 291
32 291
37 291
50 291
59 291
68 291
81 291
95 291
102 291
103 291
116 291
125 291
153 291
155 291
165 291
170 291
176 291
180 291
203 291
220 291
227 291
242 291
245 291
255 291
276 291
277 291
282 291
286 291
0 292
1 292
43 292
49 292
61 292
64 292
75 292
84 292
90 292
92 292
97 292
112 292
122 292
132 292
147 292
152 292
159 292
161 292
207 292
211 292
215 292
226 292
227 292
233 292
240 292
247 292
261 292
264 292
285 292
14 293
19 293
28 293
39 293
79 293
85 293
93 293
111 293
120 293
128 293
162 293
176 293
180 293
186 293
198 293
200 293
206 293
215 293
228 293
229 293
232 293
236 293
277 293
279 293
289 293
1 294
6 294
40 294
50 294
68 294
70 294
96 294
99 294
119 294
120 294
125 294
126 294
145 294
153 294
155 294
162 294
165 294
166 294
195 294
198 294
200 294
206 294
232 294
233 294
241 294
257 294
276 294
281 294
288 294
0 295
14 295
16 295
19 295
20 295
21 295
26 295
28 295
50 295
55 295
79 295
116 295
130 295
133 295
140 295
143 295
151 295
154 295
168 295
192 295
205 295
236 295
255 295
268 295
284 295
285 295
289 295
290 295
12 296
27 296
45 296
63 296
73 296
83 296
98 296
102 296
112 296
121 296
122 296
140 296
148 296
150 296
154 296
178 296
190 296
199 296
212 296
223 296
227 296
244 296
255 296
261 296
267 296
271 296
275 296
278 296
289 296
290 296
3 297
5 297
15 297
18 297
19 297
22 297
31 297
38 297
50 297
56 297
65 297
82 297
86 297
89 297
90 297
93 297
99 297
113 297
116 297
119 297
122 297
124 297
125 297
126 297
140 297
149 297
151 297
169 297
176 297
179 297
188 297
193 297
214 297
223 297
224 297
226 297
239 297
261 297
262 297
278 297
287 297
290 297
1 298
7 298
18 298
36 298
42 298
49 298
66 298
78 298
99 298
104 298
129 298
131 298
133 298
136 298
138 298
141 298
142 298
186 298
198 298
200 298
225 298
227 298
232 298
268 298
270 298
275 298
14 299
31 299
36 299
51 299
53 299
54 299
64 299
69 299
73 299
75 299
77 299
79 299
83 299
85 299
95 299
100 299
150 299
159 299
164 299
184 299
186 299
194 299
200 299
209 299
240 299
252 299
265 299
289 299
