300 8683 5
4 2 10 2 9 8 5 5 9 7 4 1 2 10 9 9 3 1 10 1 3 2 8 2 6 3 3 5 4 8 6 7 9 10 1 5 4 2 10 3 6 2 1 3 7 10 5 3 5 4 9 7 1 6 8 2 4 5 9 1 8 2 9 7 8 5 1 5 7 8 10 4 5 1 1 2 10 5 9 8 4 3 10 6 3 5 4 10 9 3 7 10 5 4 5 9 8 9 9 5 2 9 10 10 2 6 10 9 8 7 1 4 3 5 4 1 1 8 5 7 5 1 10 9 4 7 2 10 1 7 10 10 9 7 1 4 3 7 5 10 4 3 2 6 2 9 9 4 8 2 3 5 5 5 2 4 10 8 6 8 6 7 8 7 6 1 9 6 5 2 5 7 6 2 3 3 1 2 8 6 4 9 5 2 3 1 4 10 8 3 8 2 2 3 4 8 5 8 4 2 4 7 9 1 7 7 6 6 8 10 7 6 10 4 9 3 5 2 10 4 5 1 10 8 4 9 5 3 8 10 7 3 8 6 10 10 1 10 5 4 6 4 4 2 5 7 5 10 2 9 9 10 1 3 6 2 3 7 10 10 9 10 1 9 3 7 2 9 6 6 5 5 9 5 7 9 4 9 6 10 8 3 10 10 8 4 8 9 3 2 5 9 2 3 2 9 9 2 10 4
2 12
3 12
4 12
8 12
10 12
9 13
7 14
10 14
1 15
2 15
4 15
0 16
2 16
8 16
1 17
3 17
11 17
4 18
8 18
9 19
9 20
11 20
2 21
3 21
4 21
7 21
3 22
2 23
6 23
0 24
2 24
5 24
8 24
10 24
1 25
11 25
8 26
3 27
9 27
13 27
17 27
22 27
25 27
26 27
2 28
5 28
7 28
11 28
17 28
19 28
9 29
12 29
13 29
18 29
19 29
25 29
26 29
15 30
17 30
0 31
3 31
6 31
15 31
10 32
14 32
0 33
2 33
4 33
12 33
14 33
15 33
16 33
18 33
20 33
2 34
10 34
11 34
15 34
18 34
21 34
24 34
26 34
8 35
10 35
13 35
18 35
23 35
26 35
8 36
14 36
16 36
7 37
11 37
12 37
16 37
18 37
26 37
6 38
10 38
21 38
0 39
8 39
11 39
16 39
17 39
21 39
2 40
6 40
10 40
12 40
16 40
18 40
22 40
25 40
26 40
1 41
2 41
9 41
37 41
0 42
24 42
36 42
5 43
8 43
9 43
19 43
20 43
22 43
24 43
27 43
30 43
31 43
3 44
7 44
10 44
11 44
17 44
20 44
25 44
26 44
32 44
35 44
36 44
38 44
39 44
1 45
2 45
5 45
6 45
19 45
30 45
31 45
36 45
43 45
2 46
5 46
15 46
24 46
28 46
33 46
35 46
38 46
12 47
15 47
21 47
23 47
24 47
28 47
36 47
38 47
39 47
0 48
9 48
17 48
23 48
38 48
42 48
0 49
1 49
16 49
17 49
23 49
41 49
3 50
6 50
11 50
16 50
18 50
21 50
27 50
32 50
35 50
37 50
43 50
1 51
11 51
12 51
14 51
17 51
22 51
34 51
36 51
37 51
38 51
0 52
1 52
2 52
4 52
6 52
12 52
18 52
33 52
34 52
42 52
8 53
25 53
27 53
30 53
32 53
33 53
36 53
39 53
40 53
43 53
1 54
2 54
3 54
4 54
6 54
23 54
24 54
37 54
38 54
43 54
44 54
51 54
2 55
6 55
18 55
20 55
36 55
46 55
51 55
2 56
4 56
6 56
8 56
11 56
12 56
13 56
16 56
29 56
31 56
38 56
53 56
3 57
14 57
15 57
19 57
24 57
33 57
40 57
44 57
47 57
51 57
53 57
2 58
4 58
7 58
28 58
1 59
3 59
11 59
13 59
15 59
18 59
44 59
47 59
51 59
3 60
6 60
7 60
14 60
26 60
29 60
37 60
42 60
47 60
49 60
52 60
1 61
11 61
15 61
17 61
18 61
24 61
29 61
33 61
34 61
36 61
39 61
51 61
55 61
0 62
2 62
3 62
5 62
17 62
23 62
27 62
35 62
43 62
50 62
56 62
0 63
7 63
11 63
39 63
51 63
2 64
6 64
7 64
11 64
12 64
14 64
18 64
22 64
23 64
27 64
30 64
34 64
35 64
45 64
56 64
57 64
59 64
15 65
20 65
22 65
33 65
35 65
36 65
37 65
48 65
52 65
0 66
3 66
4 66
6 66
9 66
12 66
15 66
21 66
30 66
33 66
34 66
44 66
47 66
49 66
5 67
19 67
26 67
28 67
35 67
37 67
39 67
48 67
55 67
6 68
11 68
20 68
25 68
29 68
31 68
34 68
36 68
42 68
44 68
59 68
2 69
5 69
10 69
12 69
16 69
26 69
32 69
37 69
40 69
47 69
54 69
55 69
60 69
61 69
66 69
9 70
16 70
20 70
21 70
22 70
23 70
25 70
26 70
33 70
52 70
59 70
64 70
4 71
6 71
13 71
15 71
17 71
21 71
27 71
29 71
30 71
32 71
33 71
41 71
55 71
58 71
59 71
1 72
17 72
23 72
25 72
26 72
27 72
40 72
57 72
61 72
65 72
68 72
0 73
5 73
7 73
11 73
14 73
16 73
27 73
38 73
39 73
41 73
43 73
45 73
46 73
54 73
56 73
66 73
1 74
25 74
26 74
31 74
34 74
36 74
38 74
44 74
46 74
49 74
54 74
57 74
63 74
0 75
2 75
3 75
5 75
30 75
37 75
50 75
52 75
53 75
54 75
62 75
0 76
3 76
8 76
10 76
12 76
15 76
16 76
21 76
28 76
29 76
38 76
56 76
58 76
59 76
62 76
6 77
26 77
35 77
53 77
59 77
68 77
1 78
11 78
13 78
14 78
15 78
21 78
29 78
34 78
55 78
57 78
59 78
2 79
7 79
15 79
19 79
22 79
23 79
32 79
43 79
52 79
54 79
57 79
63 79
20 80
25 80
28 80
29 80
37 80
40 80
49 80
55 80
61 80
64 80
65 80
70 80
71 80
75 80
77 80
1 81
10 81
11 81
13 81
15 81
21 81
22 81
34 81
54 81
55 81
65 81
67 81
69 81
70 81
2 82
12 82
13 82
31 82
54 82
57 82
61 82
63 82
70 82
71 82
0 83
4 83
13 83
28 83
39 83
40 83
45 83
47 83
48 83
65 83
70 83
74 83
76 83
79 83
9 84
12 84
15 84
19 84
21 84
24 84
30 84
37 84
43 84
49 84
58 84
79 84
3 85
8 85
9 85
24 85
26 85
33 85
34 85
40 85
42 85
45 85
48 85
49 85
50 85
53 85
54 85
63 85
70 85
77 85
78 85
0 86
6 86
11 86
14 86
18 86
25 86
27 86
31 86
40 86
46 86
49 86
51 86
60 86
61 86
63 86
74 86
12 87
13 87
14 87
16 87
25 87
34 87
39 87
44 87
46 87
47 87
49 87
52 87
61 87
62 87
63 87
64 87
66 87
79 87
5 88
6 88
8 88
18 88
28 88
37 88
39 88
55 88
56 88
57 88
58 88
65 88
69 88
71 88
80 88
0 89
3 89
11 89
14 89
21 89
23 89
27 89
29 89
37 89
49 89
50 89
61 89
62 89
63 89
66 89
72 89
73 89
83 89
87 89
8 90
9 90
10 90
12 90
19 90
23 90
26 90
28 90
39 90
40 90
45 90
49 90
50 90
56 90
64 90
65 90
78 90
81 90
2 91
8 91
13 91
29 91
30 91
42 91
50 91
61 91
65 91
67 91
69 91
70 91
71 91
72 91
73 91
77 91
4 92
7 92
13 92
16 92
20 92
25 92
26 92
30 92
44 92
45 92
46 92
51 92
54 92
55 92
56 92
57 92
60 92
73 92
74 92
75 92
78 92
79 92
80 92
83 92
84 92
86 92
13 93
15 93
17 93
20 93
26 93
27 93
29 93
30 93
31 93
32 93
37 93
40 93
49 93
51 93
56 93
57 93
59 93
63 93
69 93
76 93
82 93
85 93
6 94
12 94
16 94
23 94
26 94
28 94
33 94
37 94
42 94
46 94
50 94
53 94
56 94
57 94
64 94
69 94
75 94
76 94
80 94
82 94
87 94
5 95
8 95
12 95
16 95
27 95
30 95
32 95
34 95
39 95
47 95
49 95
57 95
60 95
63 95
66 95
67 95
74 95
75 95
78 95
6 96
11 96
23 96
25 96
32 96
36 96
49 96
55 96
56 96
58 96
62 96
65 96
79 96
87 96
6 97
8 97
18 97
19 97
21 97
22 97
28 97
42 97
48 97
58 97
64 97
72 97
75 97
81 97
84 97
86 97
12 98
17 98
28 98
31 98
32 98
37 98
45 98
47 98
55 98
60 98
61 98
63 98
64 98
74 98
77 98
85 98
4 99
14 99
24 99
33 99
46 99
49 99
52 99
56 99
61 99
69 99
72 99
74 99
79 99
2 100
12 100
15 100
18 100
23 100
29 100
30 100
31 100
33 100
36 100
37 100
41 100
43 100
44 100
52 100
54 100
65 100
66 100
67 100
78 100
86 100
4 101
7 101
9 101
23 101
25 101
40 101
43 101
56 101
57 101
63 101
66 101
67 101
70 101
72 101
73 101
74 101
83 101
85 101
86 101
0 102
4 102
5 102
15 102
17 102
27 102
30 102
31 102
37 102
38 102
41 102
42 102
48 102
53 102
58 102
61 102
64 102
67 102
69 102
77 102
86 102
9 103
19 103
20 103
29 103
31 103
41 103
43 103
54 103
57 103
58 103
60 103
63 103
65 103
67 103
72 103
81 103
84 103
91 103
95 103
96 103
97 103
98 103
3 104
5 104
7 104
8 104
9 104
11 104
19 104
25 104
28 104
34 104
47 104
48 104
67 104
73 104
75 104
78 104
83 104
89 104
92 104
93 104
2 105
3 105
11 105
14 105
22 105
23 105
32 105
38 105
39 105
43 105
46 105
52 105
53 105
78 105
82 105
89 105
4 106
6 106
15 106
17 106
24 106
31 106
36 106
45 106
49 106
50 106
51 106
58 106
59 106
63 106
72 106
74 106
75 106
81 106
84 106
97 106
2 107
8 107
9 107
17 107
27 107
30 107
36 107
37 107
42 107
43 107
44 107
45 107
50 107
56 107
59 107
61 107
66 107
70 107
80 107
81 107
90 107
93 107
94 107
98 107
9 108
14 108
29 108
37 108
39 108
42 108
55 108
58 108
59 108
66 108
77 108
78 108
79 108
83 108
86 108
91 108
93 108
102 108
5 109
8 109
13 109
17 109
22 109
33 109
45 109
48 109
49 109
55 109
63 109
65 109
74 109
76 109
94 109
0 110
6 110
9 110
13 110
14 110
15 110
25 110
27 110
30 110
31 110
32 110
41 110
42 110
52 110
59 110
69 110
71 110
72 110
80 110
83 110
88 110
98 110
102 110
0 111
5 111
7 111
8 111
17 111
20 111
22 111
39 111
43 111
46 111
49 111
52 111
60 111
66 111
75 111
79 111
80 111
84 111
100 111
0 112
5 112
6 112
16 112
17 112
21 112
25 112
39 112
41 112
42 112
44 112
57 112
62 112
67 112
72 112
75 112
79 112
82 112
83 112
84 112
87 112
89 112
93 112
96 112
0 113
1 113
5 113
6 113
17 113
54 113
58 113
62 113
68 113
78 113
81 113
83 113
85 113
86 113
91 113
0 114
9 114
11 114
13 114
16 114
18 114
23 114
25 114
28 114
31 114
40 114
41 114
46 114
65 114
68 114
70 114
72 114
73 114
74 114
80 114
81 114
82 114
88 114
91 114
93 114
95 114
107 114
112 114
2 115
5 115
6 115
7 115
14 115
16 115
27 115
38 115
40 115
44 115
47 115
57 115
64 115
65 115
66 115
68 115
69 115
79 115
89 115
90 115
91 115
95 115
99 115
104 115
0 116
4 116
5 116
7 116
8 116
22 116
45 116
47 116
49 116
50 116
54 116
61 116
66 116
73 116
79 116
84 116
97 116
102 116
111 116
112 116
6 117
12 117
13 117
14 117
16 117
19 117
22 117
23 117
25 117
29 117
31 117
38 117
43 117
46 117
54 117
62 117
64 117
65 117
72 117
73 117
77 117
79 117
83 117
98 117
105 117
110 117
111 117
7 118
9 118
11 118
17 118
22 118
23 118
24 118
25 118
33 118
40 118
41 118
49 118
53 118
54 118
60 118
84 118
88 118
91 118
95 118
102 118
105 118
4 119
13 119
16 119
20 119
22 119
25 119
26 119
27 119
31 119
38 119
48 119
51 119
52 119
54 119
55 119
60 119
63 119
69 119
74 119
77 119
79 119
82 119
92 119
94 119
97 119
99 119
100 119
101 119
112 119
1 120
4 120
5 120
6 120
29 120
31 120
42 120
52 120
56 120
62 120
67 120
72 120
73 120
81 120
86 120
87 120
89 120
96 120
97 120
99 120
101 120
5 121
8 121
14 121
25 121
44 121
46 121
53 121
62 121
63 121
66 121
68 121
69 121
72 121
79 121
83 121
92 121
93 121
101 121
109 121
113 121
1 122
2 122
5 122
7 122
8 122
9 122
15 122
16 122
17 122
20 122
25 122
31 122
35 122
40 122
44 122
50 122
62 122
64 122
67 122
75 122
76 122
83 122
84 122
85 122
88 122
89 122
94 122
95 122
96 122
98 122
102 122
104 122
105 122
7 123
10 123
15 123
18 123
21 123
28 123
33 123
37 123
40 123
45 123
58 123
61 123
79 123
81 123
84 123
97 123
99 123
100 123
102 123
108 123
8 124
17 124
32 124
33 124
39 124
58 124
65 124
67 124
72 124
78 124
82 124
84 124
88 124
98 124
100 124
104 124
107 124
108 124
112 124
4 125
5 125
8 125
9 125
14 125
20 125
23 125
24 125
34 125
36 125
44 125
53 125
56 125
65 125
66 125
68 125
71 125
79 125
84 125
88 125
90 125
98 125
110 125
2 126
6 126
8 126
10 126
23 126
25 126
38 126
42 126
46 126
55 126
63 126
65 126
66 126
68 126
72 126
73 126
75 126
82 126
88 126
96 126
98 126
99 126
100 126
111 126
3 127
12 127
16 127
23 127
50 127
51 127
58 127
60 127
66 127
75 127
77 127
81 127
82 127
89 127
90 127
92 127
101 127
108 127
2 128
9 128
15 128
21 128
24 128
31 128
34 128
39 128
44 128
45 128
52 128
57 128
62 128
66 128
68 128
73 128
76 128
77 128
78 128
96 128
97 128
101 128
107 128
112 128
1 129
13 129
17 129
18 129
20 129
21 129
26 129
28 129
31 129
32 129
41 129
51 129
53 129
62 129
69 129
86 129
89 129
106 129
111 129
113 129
3 130
10 130
18 130
32 130
34 130
38 130
46 130
64 130
66 130
68 130
69 130
78 130
79 130
86 130
88 130
94 130
98 130
102 130
107 130
110 130
1 131
2 131
3 131
5 131
11 131
13 131
14 131
17 131
21 131
24 131
25 131
26 131
33 131
35 131
36 131
37 131
41 131
44 131
50 131
51 131
55 131
60 131
61 131
73 131
83 131
86 131
92 131
95 131
98 131
104 131
113 131
5 132
17 132
24 132
26 132
28 132
33 132
44 132
56 132
68 132
76 132
84 132
88 132
91 132
92 132
96 132
101 132
104 132
107 132
110 132
123 132
124 132
2 133
7 133
13 133
16 133
17 133
23 133
24 133
26 133
29 133
33 133
34 133
39 133
40 133
41 133
43 133
50 133
55 133
56 133
59 133
70 133
71 133
72 133
80 133
85 133
89 133
90 133
99 133
104 133
108 133
109 133
111 133
112 133
115 133
1 134
2 134
4 134
5 134
6 134
10 134
12 134
20 134
22 134
24 134
26 134
36 134
40 134
45 134
48 134
49 134
54 134
55 134
56 134
59 134
66 134
77 134
80 134
82 134
94 134
96 134
104 134
109 134
110 134
118 134
121 134
124 134
127 134
128 134
2 135
3 135
7 135
9 135
13 135
14 135
18 135
20 135
22 135
29 135
35 135
37 135
41 135
49 135
56 135
61 135
66 135
71 135
72 135
75 135
83 135
85 135
87 135
95 135
102 135
104 135
105 135
116 135
120 135
121 135
128 135
130 135
1 136
8 136
14 136
15 136
22 136
24 136
41 136
61 136
65 136
66 136
71 136
72 136
87 136
88 136
91 136
103 136
107 136
113 136
115 136
120 136
126 136
127 136
2 137
3 137
6 137
11 137
15 137
18 137
24 137
25 137
39 137
40 137
42 137
45 137
54 137
58 137
60 137
63 137
65 137
66 137
67 137
68 137
70 137
72 137
75 137
84 137
85 137
89 137
91 137
92 137
103 137
104 137
114 137
120 137
122 137
124 137
129 137
0 138
13 138
20 138
24 138
25 138
30 138
31 138
34 138
37 138
44 138
46 138
56 138
57 138
65 138
66 138
69 138
72 138
81 138
86 138
90 138
95 138
96 138
98 138
102 138
103 138
106 138
107 138
111 138
112 138
117 138
120 138
10 139
12 139
13 139
15 139
18 139
21 139
30 139
48 139
53 139
58 139
62 139
70 139
83 139
97 139
103 139
107 139
108 139
110 139
112 139
114 139
117 139
120 139
126 139
127 139
3 140
7 140
10 140
12 140
13 140
24 140
25 140
30 140
35 140
37 140
39 140
46 140
51 140
56 140
59 140
60 140
62 140
66 140
67 140
76 140
79 140
92 140
96 140
98 140
102 140
108 140
109 140
111 140
121 140
122 140
126 140
131 140
3 141
9 141
11 141
14 141
19 141
28 141
29 141
33 141
36 141
38 141
45 141
47 141
53 141
57 141
62 141
63 141
64 141
68 141
72 141
73 141
75 141
80 141
83 141
85 141
86 141
89 141
91 141
93 141
95 141
114 141
120 141
125 141
14 142
16 142
17 142
21 142
24 142
35 142
47 142
53 142
54 142
60 142
61 142
63 142
64 142
83 142
93 142
94 142
97 142
98 142
104 142
114 142
117 142
128 142
2 143
13 143
18 143
23 143
28 143
48 143
49 143
51 143
56 143
60 143
61 143
62 143
67 143
70 143
77 143
79 143
81 143
83 143
99 143
100 143
122 143
126 143
127 143
130 143
131 143
0 144
13 144
17 144
21 144
24 144
41 144
46 144
47 144
54 144
64 144
65 144
67 144
73 144
78 144
80 144
81 144
90 144
100 144
109 144
117 144
127 144
135 144
137 144
8 145
10 145
18 145
21 145
25 145
26 145
27 145
32 145
34 145
46 145
50 145
54 145
58 145
69 145
72 145
82 145
83 145
90 145
111 145
112 145
137 145
6 146
10 146
18 146
20 146
30 146
34 146
39 146
58 146
74 146
77 146
79 146
81 146
90 146
96 146
100 146
111 146
117 146
119 146
123 146
129 146
139 146
140 146
142 146
0 147
2 147
8 147
12 147
13 147
21 147
29 147
33 147
35 147
38 147
50 147
52 147
67 147
85 147
88 147
95 147
103 147
106 147
124 147
126 147
3 148
5 148
8 148
10 148
40 148
42 148
47 148
67 148
73 148
79 148
92 148
93 148
98 148
100 148
101 148
102 148
113 148
115 148
121 148
129 148
11 149
12 149
13 149
30 149
46 149
54 149
70 149
74 149
75 149
84 149
90 149
97 149
106 149
108 149
109 149
120 149
128 149
129 149
130 149
135 149
0 150
7 150
13 150
16 150
18 150
21 150
26 150
37 150
38 150
39 150
46 150
48 150
49 150
55 150
58 150
59 150
66 150
74 150
80 150
83 150
85 150
88 150
89 150
98 150
101 150
104 150
108 150
111 150
112 150
133 150
141 150
142 150
3 151
7 151
12 151
14 151
17 151
22 151
29 151
37 151
38 151
69 151
72 151
86 151
87 151
89 151
97 151
98 151
100 151
103 151
104 151
110 151
112 151
116 151
125 151
142 151
0 152
1 152
4 152
24 152
31 152
37 152
53 152
55 152
63 152
71 152
76 152
91 152
92 152
93 152
94 152
116 152
117 152
123 152
137 152
0 153
1 153
9 153
11 153
13 153
17 153
26 153
32 153
33 153
42 153
43 153
44 153
51 153
67 153
72 153
98 153
99 153
100 153
103 153
104 153
109 153
113 153
119 153
127 153
129 153
135 153
137 153
145 153
0 154
4 154
6 154
9 154
12 154
13 154
14 154
21 154
28 154
29 154
40 154
50 154
55 154
62 154
64 154
66 154
69 154
78 154
83 154
84 154
85 154
88 154
96 154
98 154
101 154
107 154
111 154
115 154
122 154
124 154
126 154
129 154
132 154
135 154
146 154
150 154
1 155
5 155
6 155
8 155
15 155
19 155
23 155
24 155
26 155
28 155
35 155
36 155
42 155
51 155
55 155
56 155
60 155
74 155
76 155
82 155
83 155
88 155
90 155
96 155
99 155
100 155
105 155
108 155
109 155
112 155
113 155
122 155
124 155
127 155
133 155
136 155
141 155
148 155
150 155
2 156
3 156
10 156
15 156
17 156
19 156
21 156
25 156
35 156
37 156
51 156
52 156
54 156
56 156
63 156
66 156
68 156
73 156
77 156
89 156
94 156
95 156
100 156
101 156
103 156
107 156
124 156
135 156
142 156
146 156
0 157
15 157
18 157
19 157
24 157
25 157
32 157
34 157
37 157
43 157
47 157
48 157
53 157
61 157
72 157
79 157
87 157
102 157
103 157
115 157
131 157
133 157
135 157
143 157
150 157
8 158
9 158
10 158
11 158
18 158
20 158
21 158
23 158
26 158
28 158
30 158
33 158
39 158
42 158
44 158
63 158
65 158
72 158
74 158
103 158
106 158
107 158
110 158
114 158
115 158
120 158
122 158
125 158
130 158
139 158
142 158
148 158
152 158
4 159
9 159
10 159
13 159
25 159
33 159
34 159
38 159
41 159
53 159
55 159
56 159
57 159
60 159
61 159
67 159
68 159
78 159
79 159
80 159
86 159
88 159
95 159
100 159
105 159
111 159
128 159
132 159
138 159
140 159
142 159
143 159
0 160
14 160
26 160
28 160
30 160
31 160
36 160
42 160
43 160
44 160
53 160
57 160
59 160
65 160
72 160
75 160
82 160
91 160
100 160
102 160
105 160
106 160
109 160
112 160
117 160
121 160
123 160
124 160
128 160
137 160
152 160
1 161
4 161
8 161
12 161
22 161
26 161
48 161
60 161
65 161
67 161
68 161
76 161
84 161
85 161
86 161
89 161
91 161
95 161
105 161
106 161
108 161
122 161
127 161
128 161
130 161
131 161
132 161
141 161
142 161
144 161
146 161
151 161
10 162
15 162
16 162
19 162
24 162
32 162
33 162
35 162
37 162
45 162
48 162
51 162
68 162
71 162
74 162
93 162
102 162
103 162
106 162
107 162
108 162
114 162
118 162
121 162
122 162
150 162
155 162
4 163
15 163
17 163
19 163
28 163
50 163
56 163
60 163
62 163
64 163
71 163
76 163
79 163
80 163
87 163
93 163
95 163
99 163
106 163
111 163
114 163
121 163
122 163
130 163
131 163
148 163
152 163
153 163
161 163
0 164
8 164
17 164
22 164
27 164
31 164
38 164
40 164
41 164
61 164
67 164
69 164
86 164
92 164
94 164
98 164
101 164
103 164
115 164
125 164
133 164
139 164
155 164
158 164
7 165
8 165
14 165
16 165
25 165
31 165
36 165
37 165
43 165
46 165
59 165
72 165
85 165
88 165
89 165
93 165
95 165
97 165
101 165
105 165
109 165
111 165
116 165
117 165
118 165
122 165
125 165
126 165
131 165
137 165
141 165
142 165
150 165
153 165
3 166
8 166
9 166
13 166
32 166
35 166
38 166
43 166
44 166
46 166
58 166
87 166
90 166
92 166
94 166
97 166
99 166
106 166
120 166
130 166
135 166
142 166
146 166
148 166
151 166
157 166
158 166
159 166
7 167
8 167
14 167
15 167
21 167
29 167
30 167
33 167
36 167
37 167
39 167
41 167
42 167
48 167
50 167
51 167
54 167
72 167
73 167
79 167
87 167
88 167
100 167
101 167
108 167
118 167
123 167
127 167
131 167
138 167
142 167
148 167
153 167
161 167
0 168
1 168
8 168
15 168
17 168
19 168
22 168
46 168
47 168
58 168
59 168
72 168
75 168
77 168
83 168
87 168
89 168
96 168
121 168
123 168
128 168
132 168
135 168
145 168
146 168
155 168
0 169
1 169
14 169
16 169
22 169
28 169
30 169
47 169
51 169
53 169
54 169
55 169
64 169
65 169
66 169
71 169
81 169
83 169
84 169
85 169
89 169
103 169
107 169
111 169
113 169
114 169
118 169
122 169
123 169
125 169
130 169
137 169
139 169
140 169
142 169
144 169
146 169
150 169
151 169
154 169
158 169
159 169
161 169
0 170
1 170
7 170
9 170
11 170
15 170
23 170
24 170
30 170
31 170
36 170
44 170
54 170
63 170
77 170
84 170
93 170
94 170
98 170
112 170
115 170
118 170
128 170
131 170
133 170
144 170
150 170
151 170
155 170
159 170
9 171
11 171
20 171
34 171
36 171
37 171
46 171
47 171
48 171
49 171
53 171
65 171
70 171
71 171
78 171
82 171
85 171
87 171
88 171
91 171
105 171
108 171
115 171
126 171
134 171
135 171
147 171
149 171
151 171
155 171
162 171
164 171
169 171
0 172
2 172
4 172
7 172
10 172
11 172
25 172
27 172
29 172
30 172
36 172
49 172
53 172
58 172
72 172
81 172
87 172
93 172
94 172
99 172
102 172
104 172
107 172
113 172
114 172
118 172
119 172
121 172
124 172
138 172
143 172
146 172
148 172
149 172
153 172
156 172
158 172
162 172
164 172
167 172
0 173
20 173
23 173
24 173
28 173
33 173
34 173
35 173
39 173
44 173
46 173
47 173
48 173
50 173
54 173
55 173
62 173
70 173
73 173
78 173
95 173
96 173
105 173
112 173
116 173
122 173
133 173
134 173
136 173
139 173
143 173
146 173
147 173
148 173
156 173
2 174
6 174
20 174
21 174
22 174
24 174
30 174
33 174
34 174
37 174
42 174
49 174
50 174
53 174
54 174
62 174
63 174
71 174
87 174
94 174
95 174
101 174
103 174
105 174
118 174
126 174
128 174
129 174
133 174
142 174
155 174
158 174
160 174
0 175
1 175
16 175
20 175
21 175
24 175
25 175
30 175
33 175
39 175
55 175
57 175
70 175
73 175
85 175
92 175
96 175
97 175
104 175
115 175
117 175
122 175
135 175
140 175
142 175
145 175
163 175
165 175
0 176
5 176
7 176
15 176
16 176
47 176
50 176
55 176
58 176
61 176
63 176
71 176
74 176
77 176
78 176
84 176
85 176
88 176
89 176
99 176
101 176
106 176
113 176
124 176
133 176
134 176
137 176
138 176
142 176
145 176
149 176
157 176
160 176
168 176
169 176
5 177
9 177
10 177
11 177
15 177
17 177
18 177
19 177
24 177
27 177
32 177
37 177
43 177
47 177
55 177
57 177
62 177
63 177
70 177
76 177
88 177
96 177
103 177
105 177
106 177
113 177
114 177
118 177
122 177
129 177
130 177
132 177
134 177
140 177
141 177
143 177
155 177
159 177
165 177
3 178
11 178
12 178
14 178
17 178
21 178
25 178
29 178
34 178
51 178
54 178
57 178
67 178
78 178
81 178
86 178
91 178
94 178
97 178
98 178
100 178
111 178
115 178
121 178
126 178
131 178
138 178
144 178
145 178
150 178
151 178
153 178
166 178
167 178
169 178
1 179
7 179
11 179
17 179
40 179
51 179
67 179
69 179
71 179
72 179
87 179
91 179
97 179
107 179
110 179
115 179
118 179
122 179
127 179
128 179
133 179
134 179
136 179
146 179
151 179
154 179
161 179
165 179
174 179
176 179
5 180
24 180
27 180
28 180
31 180
38 180
56 180
65 180
73 180
74 180
75 180
76 180
78 180
79 180
89 180
91 180
93 180
94 180
95 180
97 180
103 180
111 180
117 180
119 180
122 180
125 180
128 180
129 180
130 180
131 180
140 180
145 180
147 180
151 180
155 180
156 180
159 180
166 180
169 180
178 180
6 181
10 181
13 181
18 181
24 181
30 181
36 181
38 181
40 181
41 181
45 181
47 181
52 181
57 181
66 181
67 181
68 181
69 181
77 181
85 181
90 181
101 181
103 181
106 181
107 181
113 181
116 181
128 181
130 181
136 181
144 181
151 181
153 181
154 181
155 181
165 181
178 181
7 182
10 182
16 182
20 182
21 182
24 182
30 182
46 182
49 182
53 182
54 182
56 182
61 182
66 182
76 182
81 182
88 182
91 182
97 182
107 182
114 182
120 182
127 182
131 182
134 182
144 182
147 182
150 182
154 182
155 182
157 182
165 182
173 182
176 182
178 182
13 183
17 183
19 183
22 183
29 183
30 183
32 183
34 183
36 183
40 183
44 183
49 183
53 183
54 183
62 183
63 183
68 183
71 183
75 183
82 183
94 183
97 183
98 183
100 183
106 183
109 183
123 183
125 183
141 183
146 183
147 183
150 183
159 183
169 183
171 183
178 183
5 184
7 184
9 184
12 184
14 184
18 184
20 184
22 184
41 184
44 184
51 184
57 184
68 184
73 184
74 184
77 184
78 184
80 184
81 184
87 184
90 184
95 184
106 184
112 184
113 184
115 184
116 184
120 184
135 184
141 184
168 184
175 184
176 184
177 184
1 185
3 185
8 185
10 185
14 185
15 185
17 185
19 185
21 185
22 185
28 185
33 185
37 185
39 185
40 185
53 185
54 185
56 185
67 185
72 185
75 185
76 185
78 185
81 185
82 185
87 185
92 185
94 185
95 185
96 185
112 185
116 185
118 185
122 185
131 185
134 185
144 185
146 185
149 185
150 185
158 185
161 185
171 185
179 185
183 185
1 186
3 186
4 186
10 186
12 186
18 186
28 186
30 186
39 186
40 186
46 186
48 186
49 186
51 186
55 186
57 186
68 186
72 186
91 186
93 186
97 186
98 186
101 186
103 186
106 186
107 186
119 186
131 186
132 186
140 186
146 186
151 186
152 186
155 186
157 186
164 186
167 186
177 186
180 186
13 187
21 187
29 187
36 187
43 187
52 187
56 187
58 187
62 187
63 187
77 187
86 187
90 187
100 187
102 187
110 187
113 187
115 187
123 187
125 187
129 187
133 187
144 187
145 187
156 187
160 187
166 187
169 187
171 187
183 187
4 188
8 188
15 188
25 188
27 188
31 188
32 188
61 188
63 188
66 188
76 188
81 188
84 188
91 188
97 188
101 188
102 188
107 188
108 188
120 188
134 188
139 188
144 188
150 188
155 188
157 188
159 188
163 188
165 188
178 188
184 188
6 189
10 189
22 189
23 189
43 189
44 189
55 189
68 189
70 189
71 189
76 189
79 189
85 189
87 189
88 189
91 189
103 189
114 189
122 189
126 189
129 189
133 189
135 189
136 189
141 189
145 189
148 189
149 189
150 189
152 189
163 189
166 189
175 189
0 190
6 190
14 190
21 190
23 190
24 190
27 190
28 190
36 190
49 190
52 190
55 190
56 190
59 190
63 190
70 190
71 190
75 190
86 190
87 190
94 190
95 190
100 190
103 190
109 190
111 190
114 190
116 190
117 190
119 190
127 190
129 190
130 190
138 190
147 190
152 190
158 190
163 190
178 190
0 191
4 191
5 191
7 191
8 191
11 191
13 191
26 191
30 191
38 191
55 191
57 191
58 191
59 191
61 191
66 191
69 191
79 191
82 191
84 191
87 191
93 191
94 191
99 191
104 191
113 191
120 191
123 191
125 191
127 191
146 191
150 191
151 191
156 191
162 191
175 191
183 191
9 192
11 192
17 192
28 192
37 192
48 192
61 192
67 192
86 192
89 192
93 192
108 192
117 192
123 192
135 192
136 192
139 192
148 192
156 192
173 192
19 193
22 193
26 193
31 193
34 193
39 193
57 193
62 193
63 193
65 193
69 193
70 193
74 193
77 193
78 193
79 193
95 193
100 193
103 193
105 193
106 193
111 193
113 193
116 193
133 193
137 193
153 193
157 193
159 193
165 193
166 193
171 193
175 193
178 193
181 193
183 193
5 194
6 194
13 194
18 194
24 194
25 194
27 194
31 194
32 194
33 194
40 194
41 194
52 194
54 194
55 194
58 194
61 194
62 194
64 194
70 194
72 194
74 194
77 194
85 194
87 194
90 194
96 194
98 194
99 194
102 194
106 194
119 194
122 194
129 194
131 194
132 194
139 194
141 194
143 194
144 194
147 194
149 194
153 194
155 194
162 194
165 194
166 194
168 194
174 194
179 194
2 195
4 195
6 195
9 195
11 195
32 195
41 195
44 195
52 195
53 195
54 195
64 195
72 195
74 195
75 195
79 195
80 195
93 195
94 195
95 195
97 195
104 195
107 195
110 195
112 195
119 195
134 195
137 195
138 195
140 195
143 195
148 195
149 195
159 195
162 195
163 195
166 195
167 195
173 195
177 195
178 195
189 195
190 195
0 196
1 196
4 196
7 196
10 196
11 196
19 196
26 196
43 196
44 196
58 196
68 196
69 196
87 196
88 196
90 196
91 196
106 196
108 196
115 196
116 196
119 196
121 196
130 196
132 196
134 196
136 196
137 196
139 196
140 196
141 196
143 196
148 196
157 196
159 196
161 196
163 196
171 196
174 196
179 196
180 196
187 196
1 197
2 197
6 197
13 197
29 197
34 197
36 197
37 197
43 197
52 197
53 197
57 197
58 197
61 197
78 197
81 197
84 197
85 197
86 197
94 197
112 197
114 197
116 197
123 197
124 197
133 197
134 197
147 197
156 197
171 197
175 197
177 197
179 197
182 197
184 197
188 197
4 198
13 198
15 198
19 198
29 198
35 198
40 198
47 198
49 198
51 198
53 198
60 198
65 198
73 198
74 198
77 198
80 198
82 198
88 198
91 198
95 198
103 198
104 198
106 198
113 198
118 198
121 198
122 198
130 198
140 198
146 198
149 198
153 198
155 198
156 198
157 198
163 198
168 198
171 198
187 198
188 198
191 198
1 199
7 199
10 199
18 199
36 199
37 199
48 199
57 199
59 199
60 199
66 199
82 199
91 199
92 199
93 199
106 199
112 199
121 199
130 199
134 199
135 199
142 199
164 199
165 199
175 199
192 199
6 200
13 200
16 200
18 200
21 200
34 200
39 200
52 200
55 200
57 200
58 200
63 200
65 200
66 200
71 200
79 200
98 200
103 200
104 200
110 200
121 200
135 200
139 200
142 200
145 200
149 200
154 200
165 200
168 200
169 200
171 200
177 200
193 200
3 201
5 201
7 201
9 201
12 201
14 201
23 201
24 201
25 201
31 201
36 201
51 201
56 201
57 201
64 201
67 201
81 201
87 201
90 201
97 201
102 201
108 201
118 201
120 201
124 201
132 201
138 201
143 201
146 201
151 201
152 201
156 201
168 201
173 201
175 201
176 201
185 201
18 202
48 202
50 202
54 202
58 202
61 202
68 202
74 202
75 202
88 202
97 202
98 202
99 202
103 202
107 202
110 202
111 202
124 202
125 202
128 202
129 202
132 202
138 202
144 202
150 202
159 202
163 202
164 202
170 202
171 202
175 202
181 202
188 202
193 202
2 203
3 203
5 203
17 203
23 203
25 203
28 203
33 203
43 203
44 203
46 203
47 203
49 203
51 203
56 203
58 203
65 203
73 203
75 203
80 203
81 203
84 203
86 203
87 203
90 203
92 203
107 203
108 203
111 203
116 203
123 203
125 203
131 203
134 203
142 203
146 203
152 203
153 203
156 203
164 203
166 203
170 203
176 203
182 203
191 203
195 203
201 203
1 204
4 204
5 204
8 204
16 204
25 204
26 204
39 204
42 204
43 204
51 204
54 204
57 204
75 204
78 204
79 204
85 204
86 204
94 204
97 204
100 204
102 204
108 204
111 204
113 204
127 204
135 204
140 204
150 204
153 204
154 204
157 204
164 204
168 204
172 204
188 204
196 204
198 204
199 204
0 205
36 205
37 205
41 205
44 205
45 205
49 205
55 205
56 205
59 205
65 205
77 205
90 205
96 205
99 205
109 205
110 205
113 205
115 205
118 205
120 205
122 205
129 205
136 205
144 205
145 205
148 205
156 205
163 205
165 205
177 205
187 205
196 205
200 205
201 205
1 206
10 206
13 206
18 206
19 206
23 206
26 206
33 206
35 206
36 206
41 206
44 206
50 206
53 206
60 206
63 206
67 206
74 206
76 206
80 206
90 206
94 206
95 206
101 206
103 206
105 206
111 206
123 206
127 206
131 206
132 206
145 206
147 206
158 206
168 206
175 206
185 206
186 206
190 206
192 206
196 206
198 206
2 207
9 207
11 207
15 207
23 207
26 207
30 207
36 207
42 207
43 207
45 207
55 207
69 207
70 207
74 207
78 207
82 207
84 207
90 207
99 207
101 207
106 207
118 207
122 207
136 207
137 207
142 207
146 207
147 207
149 207
160 207
165 207
166 207
171 207
181 207
189 207
190 207
1 208
5 208
7 208
25 208
26 208
28 208
41 208
42 208
47 208
48 208
54 208
55 208
57 208
58 208
65 208
70 208
74 208
87 208
89 208
91 208
99 208
104 208
105 208
106 208
114 208
115 208
125 208
136 208
139 208
151 208
160 208
161 208
163 208
166 208
167 208
174 208
176 208
178 208
184 208
197 208
202 208
5 209
8 209
12 209
20 209
21 209
28 209
30 209
36 209
39 209
42 209
43 209
49 209
54 209
56 209
57 209
66 209
67 209
70 209
72 209
83 209
86 209
92 209
108 209
109 209
115 209
121 209
123 209
124 209
126 209
128 209
137 209
150 209
155 209
160 209
166 209
167 209
174 209
179 209
188 209
191 209
194 209
196 209
202 209
4 210
16 210
18 210
22 210
31 210
36 210
40 210
45 210
46 210
47 210
48 210
49 210
55 210
78 210
83 210
87 210
97 210
100 210
106 210
109 210
116 210
124 210
139 210
147 210
150 210
156 210
165 210
171 210
172 210
173 210
175 210
180 210
186 210
188 210
196 210
200 210
205 210
207 210
6 211
7 211
13 211
18 211
25 211
36 211
37 211
47 211
49 211
53 211
61 211
62 211
76 211
81 211
82 211
85 211
86 211
87 211
88 211
93 211
94 211
97 211
99 211
100 211
118 211
122 211
133 211
135 211
143 211
145 211
147 211
165 211
173 211
180 211
181 211
184 211
189 211
190 211
191 211
193 211
204 211
206 211
209 211
3 212
8 212
12 212
13 212
16 212
26 212
28 212
30 212
34 212
36 212
39 212
42 212
48 212
50 212
58 212
61 212
65 212
66 212
84 212
90 212
95 212
99 212
109 212
115 212
118 212
122 212
124 212
137 212
139 212
144 212
148 212
155 212
156 212
168 212
177 212
181 212
184 212
186 212
188 212
193 212
195 212
196 212
197 212
202 212
208 212
0 213
1 213
7 213
8 213
10 213
14 213
19 213
21 213
28 213
50 213
60 213
61 213
63 213
64 213
76 213
83 213
84 213
85 213
87 213
89 213
90 213
91 213
92 213
103 213
104 213
108 213
130 213
139 213
141 213
146 213
153 213
158 213
165 213
170 213
171 213
174 213
175 213
179 213
184 213
186 213
194 213
197 213
201 213
205 213
207 213
1 214
2 214
6 214
7 214
11 214
15 214
18 214
21 214
22 214
26 214
36 214
41 214
46 214
49 214
52 214
53 214
54 214
59 214
65 214
72 214
86 214
88 214
93 214
94 214
97 214
99 214
101 214
121 214
126 214
131 214
140 214
144 214
156 214
174 214
175 214
182 214
188 214
189 214
190 214
191 214
3 215
4 215
24 215
47 215
50 215
60 215
61 215
63 215
65 215
66 215
70 215
77 215
83 215
86 215
96 215
98 215
100 215
105 215
109 215
115 215
117 215
131 215
133 215
136 215
145 215
151 215
152 215
154 215
155 215
160 215
161 215
176 215
178 215
185 215
188 215
192 215
195 215
197 215
198 215
205 215
209 215
6 216
8 216
10 216
18 216
21 216
26 216
27 216
36 216
37 216
40 216
43 216
44 216
48 216
50 216
51 216
64 216
66 216
70 216
71 216
79 216
83 216
85 216
89 216
95 216
97 216
98 216
102 216
109 216
114 216
116 216
135 216
137 216
139 216
147 216
150 216
151 216
157 216
159 216
160 216
178 216
187 216
189 216
197 216
202 216
205 216
0 217
2 217
3 217
14 217
21 217
22 217
24 217
35 217
42 217
43 217
46 217
51 217
56 217
58 217
60 217
66 217
67 217
79 217
83 217
86 217
87 217
88 217
89 217
97 217
100 217
112 217
116 217
119 217
138 217
141 217
142 217
143 217
154 217
155 217
159 217
161 217
172 217
175 217
179 217
181 217
184 217
188 217
192 217
203 217
205 217
21 218
23 218
26 218
34 218
37 218
39 218
40 218
46 218
68 218
69 218
76 218
89 218
95 218
96 218
97 218
105 218
106 218
119 218
120 218
129 218
134 218
139 218
152 218
155 218
157 218
158 218
160 218
172 218
173 218
179 218
184 218
185 218
189 218
191 218
0 219
3 219
5 219
10 219
27 219
32 219
36 219
47 219
50 219
51 219
52 219
53 219
56 219
63 219
66 219
69 219
70 219
73 219
79 219
82 219
92 219
94 219
97 219
107 219
108 219
115 219
121 219
122 219
134 219
145 219
148 219
150 219
153 219
159 219
164 219
168 219
174 219
175 219
186 219
187 219
188 219
193 219
202 219
204 219
206 219
207 219
209 219
8 220
14 220
17 220
19 220
20 220
30 220
34 220
36 220
39 220
44 220
47 220
48 220
50 220
51 220
54 220
63 220
80 220
82 220
84 220
86 220
91 220
96 220
98 220
103 220
109 220
120 220
121 220
123 220
125 220
127 220
130 220
132 220
141 220
146 220
147 220
165 220
166 220
169 220
172 220
176 220
184 220
186 220
190 220
193 220
204 220
209 220
216 220
219 220
5 221
7 221
8 221
9 221
11 221
29 221
34 221
36 221
41 221
59 221
61 221
76 221
80 221
85 221
92 221
94 221
95 221
98 221
103 221
108 221
109 221
114 221
116 221
118 221
122 221
133 221
135 221
142 221
143 221
150 221
151 221
153 221
158 221
163 221
165 221
168 221
180 221
182 221
183 221
187 221
188 221
191 221
193 221
194 221
198 221
202 221
204 221
207 221
213 221
215 221
219 221
5 222
7 222
18 222
19 222
27 222
30 222
32 222
42 222
43 222
51 222
61 222
64 222
65 222
67 222
72 222
94 222
107 222
110 222
115 222
121 222
122 222
123 222
125 222
136 222
139 222
143 222
145 222
151 222
153 222
160 222
166 222
180 222
181 222
182 222
185 222
188 222
194 222
208 222
214 222
6 223
8 223
9 223
12 223
13 223
17 223
19 223
22 223
25 223
27 223
39 223
44 223
45 223
50 223
53 223
55 223
63 223
64 223
69 223
77 223
101 223
103 223
107 223
108 223
117 223
121 223
123 223
127 223
128 223
129 223
131 223
137 223
138 223
144 223
146 223
147 223
149 223
151 223
152 223
153 223
154 223
155 223
156 223
164 223
169 223
181 223
183 223
190 223
192 223
194 223
195 223
198 223
199 223
208 223
210 223
211 223
216 223
1 224
7 224
11 224
14 224
16 224
17 224
18 224
19 224
27 224
37 224
38 224
45 224
50 224
63 224
66 224
87 224
90 224
105 224
115 224
121 224
127 224
130 224
134 224
137 224
140 224
147 224
152 224
166 224
175 224
187 224
189 224
191 224
217 224
8 225
11 225
12 225
25 225
31 225
39 225
42 225
48 225
51 225
58 225
66 225
68 225
86 225
97 225
99 225
100 225
102 225
111 225
119 225
128 225
130 225
144 225
146 225
157 225
159 225
173 225
174 225
181 225
197 225
210 225
211 225
218 225
1 226
2 226
5 226
7 226
9 226
14 226
15 226
17 226
38 226
40 226
50 226
55 226
63 226
67 226
68 226
70 226
72 226
82 226
89 226
90 226
91 226
97 226
106 226
119 226
121 226
123 226
128 226
132 226
135 226
141 226
142 226
144 226
157 226
159 226
166 226
171 226
173 226
174 226
178 226
184 226
200 226
202 226
203 226
204 226
213 226
215 226
216 226
217 226
3 227
19 227
20 227
23 227
25 227
28 227
37 227
38 227
44 227
47 227
50 227
51 227
57 227
59 227
61 227
66 227
87 227
90 227
92 227
94 227
96 227
102 227
106 227
110 227
112 227
117 227
119 227
126 227
127 227
129 227
136 227
140 227
143 227
145 227
147 227
149 227
152 227
179 227
0 228
10 228
11 228
14 228
28 228
29 228
32 228
34 228
46 228
51 228
70 228
73 228
75 228
84 228
94 228
98 228
100 228
109 228
112 228
114 228
115 228
117 228
124 228
126 228
129 228
131 228
137 228
140 228
158 228
162 228
166 228
167 228
180 228
188 228
192 228
193 228
194 228
202 228
206 228
224 228
0 229
15 229
28 229
37 229
49 229
50 229
52 229
53 229
55 229
56 229
60 229
67 229
70 229
71 229
77 229
81 229
84 229
86 229
87 229
89 229
92 229
104 229
106 229
117 229
120 229
143 229
165 229
166 229
170 229
173 229
175 229
186 229
193 229
205 229
214 229
217 229
218 229
4 230
5 230
7 230
8 230
28 230
38 230
52 230
54 230
58 230
59 230
64 230
65 230
67 230
68 230
69 230
71 230
77 230
81 230
87 230
92 230
96 230
98 230
101 230
104 230
121 230
122 230
126 230
133 230
141 230
149 230
150 230
163 230
166 230
185 230
195 230
197 230
201 230
202 230
203 230
213 230
217 230
225 230
227 230
8 231
11 231
13 231
16 231
17 231
20 231
22 231
28 231
29 231
30 231
32 231
33 231
39 231
46 231
47 231
51 231
59 231
65 231
82 231
84 231
87 231
90 231
100 231
107 231
110 231
123 231
125 231
126 231
131 231
136 231
138 231
140 231
153 231
154 231
163 231
167 231
168 231
175 231
177 231
178 231
182 231
185 231
194 231
195 231
196 231
202 231
207 231
210 231
212 231
219 231
223 231
0 232
7 232
9 232
10 232
15 232
18 232
21 232
25 232
38 232
39 232
45 232
47 232
49 232
53 232
59 232
64 232
69 232
73 232
75 232
87 232
89 232
92 232
96 232
100 232
103 232
104 232
106 232
107 232
112 232
115 232
120 232
125 232
126 232
128 232
130 232
131 232
135 232
138 232
144 232
146 232
172 232
173 232
187 232
200 232
204 232
206 232
209 232
222 232
224 232
3 233
7 233
8 233
19 233
22 233
33 233
39 233
46 233
49 233
67 233
72 233
79 233
80 233
82 233
88 233
96 233
99 233
100 233
102 233
108 233
114 233
119 233
121 233
122 233
132 233
135 233
141 233
142 233
143 233
147 233
150 233
156 233
161 233
162 233
167 233
169 233
170 233
178 233
184 233
186 233
194 233
196 233
207 233
220 233
1 234
3 234
9 234
13 234
17 234
20 234
23 234
24 234
28 234
33 234
34 234
37 234
44 234
45 234
56 234
61 234
65 234
69 234
74 234
82 234
85 234
90 234
96 234
102 234
107 234
111 234
114 234
115 234
116 234
117 234
125 234
127 234
132 234
151 234
157 234
160 234
167 234
182 234
198 234
199 234
200 234
203 234
206 234
208 234
209 234
221 234
224 234
2 235
5 235
7 235
14 235
27 235
31 235
34 235
35 235
37 235
40 235
45 235
49 235
56 235
64 235
66 235
75 235
80 235
90 235
95 235
96 235
101 235
102 235
105 235
110 235
111 235
112 235
114 235
122 235
128 235
131 235
133 235
134 235
135 235
139 235
140 235
162 235
167 235
174 235
179 235
181 235
189 235
194 235
197 235
198 235
211 235
212 235
219 235
0 236
3 236
4 236
8 236
9 236
12 236
17 236
19 236
21 236
23 236
28 236
29 236
30 236
35 236
38 236
41 236
43 236
48 236
50 236
51 236
52 236
53 236
56 236
57 236
63 236
64 236
67 236
72 236
74 236
75 236
100 236
107 236
108 236
113 236
115 236
121 236
123 236
124 236
129 236
134 236
146 236
149 236
151 236
154 236
157 236
166 236
171 236
174 236
183 236
184 236
188 236
189 236
190 236
199 236
201 236
215 236
217 236
219 236
222 236
20 237
25 237
28 237
32 237
45 237
49 237
64 237
73 237
74 237
84 237
87 237
93 237
98 237
105 237
114 237
119 237
126 237
127 237
130 237
134 237
140 237
141 237
150 237
155 237
156 237
157 237
159 237
160 237
170 237
182 237
198 237
200 237
206 237
212 237
213 237
221 237
223 237
230 237
231 237
6 238
7 238
10 238
24 238
30 238
41 238
44 238
50 238
52 238
56 238
57 238
59 238
60 238
62 238
63 238
64 238
66 238
68 238
69 238
70 238
75 238
77 238
80 238
81 238
85 238
91 238
101 238
102 238
104 238
105 238
117 238
129 238
130 238
134 238
137 238
142 238
144 238
148 238
150 238
154 238
156 238
158 238
160 238
171 238
177 238
185 238
206 238
207 238
213 238
215 238
221 238
225 238
229 238
236 238
2 239
4 239
10 239
16 239
22 239
26 239
28 239
29 239
31 239
33 239
34 239
35 239
36 239
38 239
42 239
44 239
46 239
49 239
60 239
62 239
66 239
73 239
92 239
97 239
99 239
101 239
108 239
109 239
122 239
124 239
128 239
134 239
135 239
137 239
138 239
139 239
142 239
146 239
150 239
158 239
159 239
161 239
164 239
169 239
174 239
175 239
178 239
189 239
190 239
198 239
199 239
224 239
234 239
2 240
4 240
6 240
7 240
18 240
29 240
39 240
50 240
55 240
59 240
79 240
80 240
81 240
94 240
101 240
104 240
106 240
123 240
125 240
130 240
131 240
144 240
145 240
146 240
147 240
148 240
150 240
154 240
157 240
158 240
159 240
166 240
182 240
192 240
198 240
202 240
214 240
217 240
227 240
10 241
12 241
13 241
16 241
18 241
20 241
27 241
42 241
46 241
55 241
56 241
60 241
63 241
69 241
79 241
85 241
96 241
97 241
102 241
108 241
117 241
119 241
126 241
127 241
135 241
137 241
140 241
145 241
146 241
151 241
160 241
173 241
175 241
177 241
178 241
184 241
190 241
197 241
205 241
208 241
210 241
212 241
215 241
219 241
220 241
224 241
229 241
230 241
231 241
234 241
10 242
14 242
17 242
25 242
33 242
40 242
42 242
43 242
58 242
67 242
70 242
74 242
78 242
84 242
90 242
97 242
98 242
103 242
104 242
111 242
116 242
117 242
121 242
122 242
126 242
131 242
135 242
142 242
143 242
144 242
148 242
154 242
155 242
171 242
180 242
184 242
205 242
207 242
209 242
211 242
213 242
222 242
231 242
236 242
0 243
3 243
14 243
17 243
22 243
26 243
34 243
38 243
47 243
48 243
61 243
65 243
70 243
76 243
79 243
85 243
86 243
88 243
91 243
104 243
111 243
121 243
130 243
150 243
151 243
152 243
159 243
167 243
173 243
176 243
192 243
197 243
199 243
203 243
207 243
210 243
215 243
219 243
221 243
231 243
235 243
1 244
4 244
5 244
10 244
15 244
18 244
19 244
21 244
48 244
58 244
70 244
74 244
79 244
84 244
91 244
107 244
116 244
127 244
131 244
132 244
139 244
140 244
150 244
155 244
160 244
161 244
164 244
170 244
176 244
180 244
183 244
184 244
188 244
190 244
192 244
207 244
209 244
215 244
217 244
219 244
225 244
230 244
232 244
2 245
6 245
8 245
9 245
15 245
22 245
25 245
27 245
28 245
32 245
35 245
48 245
49 245
52 245
55 245
60 245
62 245
67 245
72 245
76 245
78 245
80 245
90 245
92 245
99 245
109 245
110 245
111 245
112 245
113 245
117 245
118 245
120 245
124 245
133 245
134 245
146 245
147 245
152 245
156 245
159 245
161 245
165 245
174 245
178 245
181 245
186 245
190 245
196 245
199 245
201 245
207 245
211 245
224 245
228 245
230 245
231 245
232 245
233 245
234 245
9 246
12 246
14 246
18 246
24 246
34 246
35 246
37 246
39 246
41 246
42 246
46 246
52 246
57 246
61 246
75 246
80 246
83 246
86 246
90 246
97 246
115 246
124 246
126 246
132 246
133 246
135 246
137 246
138 246
144 246
146 246
149 246
154 246
156 246
160 246
161 246
167 246
170 246
171 246
175 246
179 246
182 246
184 246
188 246
194 246
203 246
213 246
214 246
215 246
219 246
225 246
226 246
239 246
243 246
244 246
0 247
2 247
3 247
4 247
10 247
12 247
14 247
15 247
16 247
32 247
34 247
35 247
42 247
47 247
53 247
55 247
70 247
74 247
83 247
95 247
103 247
108 247
114 247
122 247
125 247
126 247
130 247
134 247
139 247
145 247
157 247
160 247
162 247
167 247
168 247
169 247
172 247
180 247
183 247
187 247
188 247
189 247
190 247
192 247
193 247
195 247
205 247
210 247
215 247
216 247
220 247
227 247
229 247
237 247
1 248
3 248
4 248
15 248
16 248
19 248
22 248
23 248
28 248
35 248
51 248
55 248
63 248
67 248
76 248
77 248
82 248
86 248
91 248
95 248
98 248
99 248
105 248
106 248
113 248
114 248
118 248
121 248
123 248
127 248
128 248
129 248
131 248
137 248
161 248
162 248
173 248
175 248
180 248
184 248
187 248
192 248
194 248
197 248
199 248
200 248
210 248
212 248
2 249
14 249
18 249
32 249
44 249
53 249
59 249
63 249
67 249
69 249
77 249
81 249
87 249
88 249
93 249
97 249
101 249
110 249
115 249
116 249
117 249
121 249
125 249
131 249
132 249
133 249
134 249
140 249
156 249
157 249
163 249
164 249
167 249
188 249
190 249
192 249
196 249
198 249
199 249
212 249
225 249
226 249
234 249
235 249
239 249
240 249
0 250
6 250
8 250
11 250
12 250
18 250
19 250
27 250
28 250
29 250
31 250
37 250
39 250
47 250
57 250
61 250
65 250
74 250
76 250
84 250
86 250
87 250
90 250
112 250
113 250
115 250
116 250
126 250
127 250
130 250
131 250
139 250
141 250
155 250
172 250
175 250
189 250
192 250
201 250
202 250
203 250
211 250
221 250
224 250
226 250
227 250
228 250
229 250
233 250
239 250
242 250
7 251
13 251
22 251
23 251
35 251
36 251
37 251
44 251
47 251
52 251
57 251
60 251
66 251
69 251
71 251
80 251
81 251
98 251
101 251
103 251
107 251
108 251
111 251
117 251
120 251
121 251
125 251
137 251
151 251
153 251
158 251
165 251
167 251
172 251
174 251
177 251
184 251
193 251
202 251
204 251
207 251
210 251
219 251
221 251
222 251
228 251
237 251
1 252
9 252
10 252
14 252
20 252
34 252
42 252
60 252
63 252
67 252
69 252
82 252
85 252
90 252
98 252
102 252
114 252
115 252
116 252
130 252
133 252
137 252
144 252
146 252
151 252
152 252
154 252
155 252
157 252
168 252
171 252
177 252
178 252
179 252
181 252
182 252
187 252
195 252
196 252
198 252
206 252
208 252
211 252
221 252
226 252
228 252
232 252
235 252
245 252
2 253
6 253
7 253
8 253
10 253
12 253
14 253
16 253
21 253
27 253
28 253
30 253
33 253
34 253
36 253
37 253
41 253
54 253
55 253
63 253
65 253
69 253
73 253
77 253
78 253
85 253
86 253
87 253
88 253
97 253
103 253
108 253
113 253
121 253
122 253
123 253
128 253
131 253
135 253
137 253
139 253
146 253
151 253
154 253
155 253
167 253
175 253
176 253
188 253
195 253
205 253
217 253
223 253
226 253
227 253
243 253
245 253
5 254
12 254
13 254
14 254
15 254
19 254
31 254
44 254
46 254
47 254
49 254
51 254
52 254
55 254
57 254
62 254
64 254
68 254
77 254
82 254
87 254
90 254
96 254
104 254
106 254
108 254
117 254
133 254
142 254
152 254
168 254
177 254
187 254
192 254
194 254
206 254
207 254
208 254
214 254
216 254
220 254
221 254
223 254
225 254
226 254
231 254
240 254
245 254
3 255
8 255
19 255
20 255
21 255
28 255
30 255
36 255
39 255
43 255
49 255
56 255
58 255
59 255
67 255
68 255
69 255
74 255
79 255
81 255
82 255
86 255
89 255
91 255
92 255
96 255
99 255
100 255
106 255
112 255
114 255
123 255
130 255
135 255
138 255
140 255
144 255
153 255
159 255
164 255
168 255
175 255
180 255
182 255
188 255
197 255
205 255
209 255
210 255
214 255
219 255
220 255
223 255
233 255
235 255
243 255
2 256
3 256
4 256
11 256
14 256
16 256
21 256
29 256
32 256
34 256
36 256
39 256
51 256
52 256
57 256
58 256
78 256
90 256
96 256
101 256
103 256
108 256
111 256
115 256
119 256
123 256
125 256
128 256
133 256
135 256
145 256
151 256
161 256
167 256
171 256
175 256
177 256
183 256
187 256
203 256
204 256
210 256
213 256
216 256
218 256
221 256
225 256
236 256
2 257
8 257
16 257
42 257
44 257
49 257
50 257
53 257
56 257
57 257
60 257
66 257
68 257
72 257
75 257
76 257
79 257
84 257
89 257
95 257
106 257
115 257
119 257
120 257
121 257
124 257
132 257
135 257
142 257
149 257
150 257
168 257
173 257
177 257
179 257
180 257
183 257
188 257
190 257
192 257
200 257
201 257
204 257
206 257
213 257
219 257
221 257
222 257
228 257
232 257
234 257
238 257
239 257
242 257
5 258
6 258
8 258
21 258
23 258
27 258
35 258
50 258
55 258
56 258
57 258
69 258
71 258
83 258
89 258
91 258
94 258
103 258
115 258
125 258
132 258
140 258
148 258
151 258
158 258
166 258
167 258
180 258
187 258
189 258
192 258
197 258
199 258
200 258
207 258
211 258
228 258
232 258
234 258
243 258
247 258
253 258
22 259
24 259
29 259
32 259
42 259
44 259
53 259
55 259
56 259
67 259
71 259
83 259
87 259
97 259
99 259
100 259
103 259
107 259
111 259
119 259
133 259
140 259
141 259
146 259
156 259
158 259
170 259
171 259
174 259
182 259
183 259
189 259
192 259
197 259
198 259
199 259
202 259
203 259
212 259
214 259
216 259
220 259
235 259
243 259
244 259
245 259
246 259
247 259
2 260
6 260
12 260
13 260
14 260
15 260
17 260
18 260
36 260
37 260
43 260
45 260
46 260
55 260
57 260
58 260
64 260
83 260
84 260
87 260
90 260
91 260
92 260
102 260
108 260
110 260
112 260
114 260
115 260
118 260
119 260
120 260
124 260
126 260
131 260
140 260
141 260
148 260
160 260
163 260
165 260
170 260
172 260
176 260
177 260
178 260
179 260
182 260
183 260
188 260
192 260
194 260
207 260
208 260
209 260
214 260
215 260
216 260
226 260
230 260
232 260
245 260
247 260
1 261
3 261
7 261
11 261
13 261
15 261
32 261
34 261
38 261
49 261
50 261
52 261
55 261
56 261
69 261
83 261
98 261
99 261
106 261
109 261
114 261
119 261
120 261
122 261
124 261
125 261
136 261
141 261
146 261
147 261
152 261
161 261
162 261
175 261
183 261
187 261
199 261
203 261
209 261
210 261
211 261
212 261
213 261
215 261
228 261
230 261
232 261
238 261
249 261
253 261
1 262
5 262
6 262
16 262
21 262
25 262
32 262
35 262
39 262
45 262
46 262
53 262
56 262
59 262
61 262
65 262
67 262
74 262
77 262
84 262
96 262
97 262
115 262
135 262
137 262
140 262
149 262
157 262
160 262
171 262
175 262
178 262
179 262
183 262
189 262
195 262
196 262
199 262
203 262
211 262
214 262
226 262
235 262
238 262
241 262
245 262
257 262
0 263
3 263
11 263
14 263
15 263
16 263
18 263
19 263
29 263
30 263
31 263
36 263
38 263
40 263
45 263
53 263
56 263
60 263
63 263
65 263
73 263
76 263
84 263
86 263
87 263
88 263
90 263
92 263
93 263
95 263
96 263
99 263
102 263
109 263
111 263
112 263
114 263
117 263
118 263
131 263
132 263
141 263
142 263
143 263
147 263
156 263
162 263
166 263
177 263
179 263
181 263
184 263
187 263
199 263
202 263
205 263
209 263
212 263
213 263
220 263
225 263
227 263
228 263
233 263
243 263
247 263
251 263
256 263
7 264
14 264
20 264
29 264
34 264
42 264
43 264
44 264
55 264
57 264
59 264
61 264
62 264
67 264
79 264
82 264
84 264
93 264
94 264
98 264
110 264
111 264
114 264
134 264
144 264
149 264
153 264
157 264
159 264
173 264
186 264
190 264
195 264
200 264
207 264
210 264
214 264
216 264
224 264
234 264
237 264
250 264
3 265
4 265
14 265
17 265
30 265
32 265
33 265
34 265
46 265
51 265
62 265
64 265
72 265
75 265
78 265
86 265
87 265
88 265
95 265
96 265
101 265
111 265
114 265
128 265
130 265
133 265
136 265
141 265
145 265
154 265
156 265
158 265
171 265
178 265
187 265
189 265
192 265
195 265
197 265
198 265
202 265
211 265
212 265
216 265
221 265
225 265
226 265
227 265
234 265
246 265
249 265
251 265
252 265
255 265
0 266
7 266
8 266
14 266
21 266
41 266
43 266
48 266
54 266
61 266
63 266
68 266
78 266
91 266
98 266
101 266
106 266
107 266
110 266
115 266
117 266
122 266
127 266
132 266
135 266
141 266
142 266
146 266
152 266
153 266
156 266
157 266
165 266
167 266
168 266
173 266
174 266
185 266
189 266
192 266
194 266
195 266
196 266
204 266
206 266
213 266
214 266
219 266
227 266
231 266
233 266
240 266
246 266
250 266
251 266
254 266
255 266
257 266
0 267
3 267
5 267
15 267
17 267
19 267
20 267
25 267
27 267
28 267
31 267
52 267
56 267
57 267
60 267
67 267
74 267
79 267
88 267
92 267
93 267
105 267
117 267
119 267
121 267
126 267
128 267
129 267
132 267
135 267
137 267
148 267
158 267
161 267
163 267
170 267
176 267
181 267
184 267
190 267
194 267
205 267
211 267
212 267
219 267
230 267
233 267
237 267
241 267
253 267
263 267
1 268
6 268
22 268
24 268
30 268
36 268
47 268
51 268
52 268
55 268
56 268
57 268
59 268
66 268
69 268
74 268
80 268
92 268
96 268
98 268
100 268
105 268
107 268
109 268
110 268
115 268
118 268
121 268
131 268
134 268
153 268
154 268
155 268
156 268
161 268
165 268
168 268
172 268
185 268
196 268
202 268
213 268
215 268
217 268
220 268
224 268
233 268
237 268
241 268
246 268
258 268
266 268
0 269
4 269
8 269
18 269
21 269
24 269
25 269
45 269
49 269
55 269
67 269
69 269
75 269
82 269
89 269
95 269
97 269
107 269
110 269
115 269
132 269
136 269
138 269
143 269
144 269
153 269
168 269
170 269
177 269
179 269
182 269
184 269
185 269
187 269
193 269
205 269
206 269
210 269
221 269
230 269
231 269
233 269
235 269
236 269
243 269
245 269
248 269
254 269
255 269
258 269
262 269
263 269
264 269
2 270
16 270
19 270
20 270
25 270
26 270
27 270
33 270
44 270
56 270
62 270
63 270
70 270
77 270
81 270
90 270
102 270
110 270
117 270
120 270
121 270
139 270
141 270
144 270
152 270
153 270
154 270
156 270
164 270
167 270
171 270
173 270
175 270
188 270
190 270
191 270
195 270
204 270
207 270
208 270
209 270
214 270
218 270
241 270
251 270
254 270
257 270
264 270
9 271
13 271
17 271
20 271
29 271
34 271
38 271
40 271
42 271
47 271
59 271
62 271
63 271
72 271
73 271
75 271
76 271
80 271
81 271
84 271
85 271
89 271
93 271
94 271
99 271
114 271
115 271
117 271
120 271
121 271
139 271
149 271
150 271
151 271
153 271
157 271
166 271
169 271
184 271
185 271
188 271
192 271
197 271
202 271
203 271
210 271
211 271
217 271
218 271
222 271
225 271
227 271
241 271
248 271
259 271
265 271
2 272
3 272
18 272
22 272
23 272
27 272
28 272
33 272
39 272
40 272
42 272
46 272
50 272
60 272
65 272
66 272
81 272
85 272
87 272
88 272
96 272
99 272
100 272
101 272
105 272
106 272
112 272
115 272
116 272
121 272
122 272
126 272
132 272
139 272
140 272
144 272
145 272
149 272
153 272
154 272
163 272
174 272
180 272
183 272
187 272
190 272
197 272
204 272
207 272
211 272
222 272
228 272
232 272
238 272
239 272
242 272
246 272
258 272
259 272
261 272
0 273
4 273
19 273
21 273
24 273
32 273
36 273
37 273
42 273
46 273
54 273
57 273
60 273
61 273
66 273
67 273
75 273
79 273
81 273
82 273
87 273
92 273
93 273
107 273
108 273
111 273
122 273
126 273
127 273
129 273
132 273
134 273
135 273
138 273
151 273
154 273
156 273
162 273
163 273
164 273
168 273
171 273
178 273
185 273
186 273
188 273
189 273
198 273
201 273
204 273
207 273
219 273
222 273
224 273
226 273
229 273
233 273
235 273
243 273
245 273
247 273
261 273
264 273
6 274
10 274
22 274
28 274
30 274
34 274
37 274
41 274
48 274
50 274
53 274
56 274
74 274
78 274
81 274
83 274
84 274
85 274
86 274
91 274
99 274
107 274
109 274
114 274
115 274
118 274
123 274
126 274
131 274
133 274
147 274
164 274
171 274
174 274
175 274
180 274
201 274
202 274
205 274
211 274
218 274
229 274
233 274
235 274
237 274
238 274
241 274
250 274
253 274
260 274
261 274
264 274
0 275
3 275
5 275
7 275
12 275
16 275
19 275
38 275
46 275
48 275
58 275
59 275
60 275
69 275
73 275
74 275
75 275
80 275
92 275
96 275
109 275
112 275
115 275
118 275
119 275
120 275
126 275
127 275
129 275
131 275
136 275
159 275
163 275
164 275
165 275
172 275
173 275
177 275
183 275
187 275
199 275
201 275
202 275
205 275
207 275
209 275
213 275
220 275
221 275
223 275
224 275
236 275
246 275
250 275
251 275
256 275
261 275
7 276
9 276
14 276
15 276
18 276
24 276
25 276
30 276
34 276
37 276
40 276
45 276
50 276
52 276
59 276
61 276
65 276
67 276
69 276
73 276
80 276
86 276
92 276
94 276
100 276
103 276
104 276
110 276
112 276
121 276
124 276
126 276
127 276
129 276
142 276
143 276
145 276
147 276
153 276
156 276
158 276
161 276
162 276
164 276
166 276
168 276
169 276
170 276
175 276
179 276
184 276
185 276
191 276
192 276
199 276
200 276
202 276
212 276
217 276
232 276
233 276
234 276
236 276
238 276
239 276
243 276
245 276
251 276
253 276
2 277
3 277
4 277
10 277
11 277
13 277
15 277
18 277
31 277
32 277
39 277
50 277
56 277
59 277
66 277
70 277
71 277
77 277
78 277
84 277
87 277
89 277
96 277
110 277
113 277
114 277
117 277
127 277
133 277
145 277
157 277
160 277
167 277
171 277
173 277
176 277
178 277
185 277
198 277
206 277
215 277
220 277
221 277
224 277
233 277
239 277
242 277
248 277
259 277
266 277
0 278
9 278
30 278
36 278
47 278
53 278
56 278
78 278
81 278
86 278
88 278
97 278
98 278
99 278
100 278
106 278
112 278
114 278
123 278
135 278
136 278
137 278
139 278
140 278
141 278
146 278
155 278
157 278
172 278
179 278
189 278
193 278
195 278
197 278
198 278
204 278
208 278
213 278
216 278
217 278
227 278
228 278
229 278
231 278
243 278
248 278
254 278
257 278
258 278
265 278
268 278
272 278
273 278
277 278
4 279
11 279
12 279
13 279
17 279
24 279
28 279
30 279
36 279
43 279
44 279
45 279
48 279
54 279
58 279
59 279
60 279
62 279
66 279
73 279
77 279
81 279
82 279
84 279
89 279
95 279
100 279
102 279
109 279
114 279
116 279
122 279
133 279
146 279
166 279
173 279
175 279
176 279
182 279
187 279
201 279
205 279
210 279
216 279
217 279
220 279
221 279
227 279
263 279
277 279
13 280
32 280
34 280
36 280
40 280
42 280
45 280
54 280
56 280
58 280
63 280
67 280
71 280
73 280
79 280
85 280
98 280
109 280
110 280
116 280
117 280
118 280
124 280
131 280
132 280
133 280
138 280
140 280
149 280
152 280
155 280
160 280
162 280
163 280
165 280
177 280
183 280
187 280
198 280
204 280
206 280
207 280
217 280
218 280
226 280
234 280
236 280
238 280
239 280
241 280
242 280
244 280
246 280
251 280
268 280
272 280
273 280
3 281
8 281
10 281
19 281
24 281
27 281
30 281
32 281
36 281
45 281
57 281
71 281
73 281
85 281
90 281
102 281
115 281
127 281
129 281
132 281
135 281
142 281
146 281
154 281
156 281
158 281
163 281
166 281
173 281
176 281
181 281
182 281
184 281
185 281
191 281
192 281
203 281
205 281
206 281
212 281
213 281
215 281
219 281
227 281
228 281
234 281
248 281
250 281
257 281
258 281
266 281
1 282
7 282
11 282
13 282
14 282
48 282
52 282
55 282
68 282
71 282
76 282
80 282
90 282
91 282
102 282
119 282
121 282
124 282
126 282
128 282
129 282
135 282
137 282
138 282
139 282
140 282
145 282
148 282
152 282
154 282
159 282
162 282
163 282
166 282
167 282
173 282
188 282
194 282
195 282
200 282
201 282
202 282
205 282
211 282
212 282
216 282
219 282
221 282
225 282
228 282
229 282
231 282
245 282
249 282
252 282
274 282
8 283
9 283
10 283
15 283
22 283
26 283
32 283
44 283
48 283
62 283
64 283
65 283
67 283
70 283
71 283
75 283
76 283
81 283
82 283
89 283
90 283
91 283
106 283
112 283
114 283
116 283
120 283
127 283
128 283
130 283
139 283
141 283
143 283
156 283
161 283
163 283
165 283
167 283
168 283
175 283
176 283
178 283
179 283
181 283
185 283
188 283
192 283
193 283
197 283
210 283
218 283
224 283
227 283
231 283
236 283
246 283
247 283
250 283
251 283
259 283
264 283
268 283
276 283
10 284
17 284
18 284
22 284
26 284
28 284
29 284
30 284
32 284
40 284
43 284
44 284
54 284
55 284
58 284
61 284
63 284
67 284
70 284
76 284
77 284
78 284
80 284
90 284
91 284
92 284
97 284
100 284
103 284
105 284
114 284
120 284
125 284
128 284
131 284
133 284
134 284
145 284
146 284
150 284
153 284
154 284
157 284
178 284
188 284
206 284
210 284
213 284
217 284
237 284
248 284
250 284
252 284
256 284
270 284
275 284
0 285
2 285
3 285
8 285
14 285
15 285
17 285
18 285
19 285
28 285
35 285
38 285
41 285
53 285
57 285
58 285
64 285
66 285
73 285
76 285
80 285
82 285
83 285
85 285
86 285
88 285
90 285
94 285
95 285
96 285
97 285
106 285
109 285
110 285
112 285
121 285
124 285
149 285
166 285
169 285
175 285
177 285
186 285
190 285
201 285
203 285
209 285
210 285
223 285
224 285
227 285
237 285
238 285
250 285
255 285
263 285
266 285
267 285
1 286
12 286
15 286
16 286
21 286
35 286
41 286
43 286
45 286
48 286
58 286
62 286
67 286
75 286
78 286
81 286
86 286
88 286
90 286
96 286
112 286
115 286
126 286
132 286
148 286
151 286
152 286
159 286
162 286
166 286
169 286
180 286
183 286
188 286
190 286
191 286
192 286
194 286
206 286
213 286
220 286
221 286
227 286
229 286
230 286
234 286
236 286
239 286
246 286
247 286
255 286
260 286
263 286
264 286
266 286
267 286
270 286
271 286
273 286
276 286
1 287
17 287
22 287
23 287
27 287
29 287
31 287
35 287
37 287
43 287
48 287
49 287
53 287
57 287
63 287
65 287
66 287
71 287
75 287
76 287
79 287
84 287
85 287
101 287
102 287
104 287
107 287
114 287
125 287
128 287
131 287
139 287
143 287
144 287
147 287
149 287
159 287
160 287
164 287
165 287
170 287
171 287
173 287
176 287
178 287
179 287
182 287
192 287
196 287
198 287
201 287
203 287
204 287
205 287
211 287
214 287
216 287
221 287
222 287
226 287
230 287
232 287
233 287
235 287
240 287
265 287
268 287
272 287
0 288
2 288
7 288
8 288
19 288
25 288
36 288
39 288
42 288
45 288
47 288
49 288
51 288
52 288
65 288
69 288
72 288
76 288
86 288
95 288
102 288
104 288
107 288
109 288
112 288
120 288
128 288
138 288
142 288
148 288
157 288
159 288
165 288
169 288
175 288
179 288
187 288
189 288
190 288
191 288
195 288
203 288
205 288
214 288
227 288
242 288
244 288
256 288
261 288
264 288
266 288
270 288
0 289
2 289
14 289
15 289
29 289
30 289
31 289
33 289
34 289
38 289
42 289
45 289
53 289
55 289
57 289
60 289
61 289
62 289
65 289
69 289
70 289
84 289
86 289
88 289
98 289
99 289
102 289
103 289
107 289
109 289
110 289
116 289
120 289
125 289
128 289
129 289
136 289
137 289
138 289
155 289
156 289
162 289
164 289
170 289
176 289
179 289
184 289
185 289
186 289
187 289
191 289
199 289
200 289
207 289
214 289
221 289
226 289
229 289
230 289
232 289
241 289
251 289
255 289
258 289
259 289
261 289
271 289
277 289
7 290
8 290
24 290
27 290
28 290
36 290
40 290
41 290
43 290
58 290
64 290
66 290
67 290
77 290
80 290
83 290
90 290
92 290
95 290
98 290
105 290
106 290
107 290
114 290
118 290
120 290
121 290
126 290
129 290
131 290
132 290
134 290
135 290
142 290
143 290
145 290
148 290
149 290
155 290
163 290
171 290
175 290
182 290
184 290
186 290
188 290
201 290
206 290
207 290
208 290
211 290
226 290
236 290
238 290
248 290
250 290
251 290
254 290
255 290
257 290
266 290
269 290
17 291
19 291
26 291
28 291
37 291
38 291
43 291
47 291
48 291
54 291
56 291
57 291
61 291
67 291
71 291
77 291
106 291
110 291
113 291
123 291
127 291
129 291
137 291
140 291
143 291
156 291
157 291
169 291
183 291
187 291
194 291
203 291
205 291
209 291
210 291
211 291
223 291
231 291
232 291
235 291
238 291
239 291
243 291
249 291
252 291
256 291
262 291
263 291
267 291
268 291
1 292
3 292
4 292
10 292
11 292
12 292
14 292
16 292
20 292
32 292
34 292
35 292
40 292
42 292
44 292
45 292
51 292
61 292
68 292
77 292
78 292
88 292
91 292
94 292
107 292
110 292
113 292
114 292
119 292
125 292
127 292
128 292
131 292
139 292
156 292
159 292
160 292
162 292
165 292
166 292
171 292
172 292
186 292
189 292
196 292
200 292
201 292
203 292
204 292
208 292
214 292
219 292
221 292
225 292
234 292
236 292
240 292
241 292
245 292
253 292
255 292
262 292
265 292
266 292
272 292
275 292
276 292
1 293
16 293
20 293
34 293
35 293
38 293
52 293
61 293
65 293
73 293
75 293
77 293
78 293
84 293
85 293
92 293
93 293
98 293
99 293
111 293
120 293
127 293
129 293
133 293
134 293
137 293
141 293
142 293
143 293
146 293
147 293
148 293
156 293
157 293
161 293
162 293
165 293
170 293
172 293
173 293
176 293
186 293
190 293
193 293
195 293
196 293
203 293
213 293
215 293
217 293
218 293
220 293
223 293
228 293
234 293
240 293
242 293
243 293
244 293
247 293
250 293
255 293
262 293
266 293
274 293
277 293
281 293
286 293
291 293
6 294
12 294
13 294
14 294
16 294
19 294
24 294
32 294
40 294
45 294
50 294
54 294
56 294
61 294
63 294
79 294
80 294
81 294
85 294
87 294
109 294
113 294
119 294
120 294
127 294
130 294
140 294
141 294
142 294
147 294
149 294
154 294
155 294
157 294
160 294
161 294
162 294
164 294
165 294
172 294
184 294
185 294
187 294
197 294
205 294
206 294
219 294
220 294
227 294
233 294
252 294
270 294
285 294
287 294
290 294
0 295
1 295
5 295
10 295
11 295
18 295
20 295
26 295
30 295
35 295
45 295
51 295
54 295
61 295
64 295
68 295
69 295
71 295
74 295
82 295
94 295
96 295
97 295
98 295
99 295
106 295
107 295
111 295
112 295
114 295
124 295
126 295
127 295
131 295
136 295
138 295
146 295
148 295
149 295
156 295
158 295
171 295
174 295
177 295
178 295
185 295
188 295
190 295
196 295
199 295
201 295
202 295
203 295
208 295
212 295
213 295
216 295
224 295
231 295
235 295
246 295
256 295
260 295
263 295
269 295
286 295
287 295
288 295
16 296
20 296
38 296
45 296
54 296
59 296
66 296
69 296
71 296
72 296
80 296
88 296
89 296
98 296
103 296
104 296
107 296
113 296
114 296
119 296
122 296
131 296
139 296
148 296
149 296
156 296
161 296
168 296
172 296
173 296
181 296
186 296
189 296
190 296
193 296
199 296
205 296
206 296
221 296
227 296
238 296
239 296
240 296
241 296
243 296
244 296
246 296
247 296
260 296
261 296
265 296
272 296
278 296
1 297
2 297
3 297
5 297
14 297
20 297
21 297
32 297
34 297
41 297
45 297
53 297
58 297
62 297
63 297
73 297
80 297
85 297
91 297
92 297
99 297
109 297
110 297
112 297
114 297
121 297
136 297
138 297
154 297
166 297
171 297
176 297
178 297
180 297
182 297
184 297
189 297
191 297
193 297
196 297
198 297
205 297
208 297
223 297
226 297
228 297
229 297
233 297
235 297
248 297
251 297
257 297
267 297
270 297
275 297
279 297
291 297
292 297
8 298
10 298
18 298
20 298
24 298
27 298
28 298
37 298
47 298
48 298
51 298
52 298
53 298
58 298
67 298
75 298
81 298
82 298
92 298
96 298
98 298
105 298
112 298
119 298
124 298
125 298
127 298
131 298
142 298
145 298
147 298
160 298
161 298
162 298
170 298
171 298
175 298
184 298
190 298
193 298
197 298
206 298
210 298
212 298
224 298
225 298
228 298
230 298
232 298
233 298
245 298
251 298
257 298
259 298
269 298
273 298
274 298
279 298
280 298
282 298
284 298
285 298
287 298
289 298
4 299
10 299
14 299
16 299
29 299
52 299
62 299
63 299
73 299
79 299
80 299
81 299
82 299
86 299
89 299
105 299
107 299
109 299
111 299
115 299
122 299
134 299
135 299
146 299
177 299
178 299
181 299
183 299
184 299
185 299
186 299
187 299
189 299
194 299
196 299
204 299
207 299
208 299
212 299
214 299
217 299
229 299
234 299
237 299
242 299
244 299
247 299
252 299
253 299
257 299
264 299
265 299
268 299
273 299
282 299
286 299
289 299
292 299
