300 4930 5
6 1 4 7 7 8 4 3 2 4 1 2 8 3 7 2 7 10 2 9 6 6 3 7 7 6 6 6 10 8 4 8 3 4 5 7 7 6 8 2 2 10 5 8 6 10 9 9 1 1 7 1 3 4 10 4 9 8 10 9 9 5 9 4 7 4 5 10 3 7 1 3 8 7 2 2 1 7 1 4 6 6 9 9 1 2 5 9 3 5 7 1 2 7 1 3 4 3 9 1 1 8 2 1 5 2 7 1 8 9 6 8 4 1 9 1 9 6 3 9 4 3 1 7 4 4 9 7 5 6 6 4 4 7 1 10 6 3 10 3 3 6 9 5 8 6 8 5 2 5 3 4 2 6 1 8 9 5 7 10 7 1 3 5 7 6 6 3 1 7 4 10 10 1 7 3 3 5 6 4 4 4 9 6 10 10 5 7 6 7 4 10 4 10 10 5 6 3 2 6 4 7 1 3 3 7 5 9 9 5 10 10 4 10 7 6 9 4 10 3 9 1 4 7 7 10 9 9 5 10 10 6 3 5 6 7 8 7 2 9 2 6 3 1 3 8 6 8 7 4 9 3 6 5 2 7 9 5 4 9 9 8 7 3 8 2 10 6 1 3 3 4 5 3 2 10 2 3 5 10 10 6 1 1 5 5 9 3 7 8 1 9 4 1 4 10 9 6 10 2
2 7
2 9
3 13
1 15
3 15
5 18
11 18
16 18
17 18
5 19
6 19
7 19
9 19
11 19
12 19
12 20
13 21
1 22
6 23
17 23
5 24
14 24
1 25
2 25
14 25
7 26
9 30
18 30
19 30
25 30
12 33
18 33
24 33
27 33
8 34
16 34
24 34
22 35
9 36
23 36
18 37
21 37
27 37
29 37
4 38
13 38
33 38
13 39
20 39
25 39
26 39
27 39
28 39
31 39
0 40
2 40
5 40
8 40
9 40
18 40
26 40
28 40
31 40
2 41
5 41
12 41
19 41
31 41
7 42
19 42
33 42
34 42
15 43
19 43
23 43
34 43
6 44
8 44
12 44
11 45
41 45
3 46
16 46
18 46
21 46
29 46
43 46
5 47
18 47
24 47
28 47
29 47
30 47
32 47
38 47
2 48
4 48
29 48
12 49
20 49
24 49
7 50
8 50
10 50
14 50
15 50
18 50
19 50
28 50
38 50
39 50
0 51
7 51
38 51
40 51
4 52
7 52
11 52
12 52
18 52
29 52
40 52
3 53
6 53
12 53
36 53
39 53
6 54
7 54
21 54
27 54
30 54
36 54
1 55
5 55
23 55
26 55
50 55
1 56
10 56
35 56
40 56
51 56
6 57
15 57
23 57
31 57
48 57
2 58
9 58
14 58
15 58
16 58
23 58
24 58
31 58
43 58
6 59
7 59
20 59
23 59
37 59
0 60
3 60
8 60
10 60
19 60
3 61
8 61
28 61
31 61
52 61
2 62
30 62
35 62
39 62
48 62
8 63
39 63
4 64
26 64
35 64
36 64
15 65
29 65
36 65
42 65
43 65
8 66
18 66
26 66
41 66
47 66
59 66
20 67
22 67
23 67
30 67
34 67
47 67
60 67
61 67
18 68
23 68
37 68
40 68
58 68
0 69
6 69
13 69
17 69
30 69
39 69
44 69
51 69
10 70
29 70
33 70
44 70
45 70
49 70
50 70
3 71
5 71
29 71
12 72
16 72
23 72
27 72
31 72
32 72
36 72
44 72
57 72
17 73
30 73
36 73
38 73
47 73
8 74
23 74
34 74
56 74
11 75
39 75
63 75
65 75
5 76
23 76
58 76
66 76
67 76
71 76
1 77
17 77
51 77
57 77
65 77
68 77
37 78
41 78
52 78
59 78
63 78
72 78
12 79
15 79
26 79
27 79
28 79
53 79
55 79
57 79
59 79
22 80
30 80
31 80
36 80
49 80
56 80
69 80
7 81
9 81
39 81
62 81
64 81
66 81
3 82
10 82
13 82
16 82
27 82
46 82
47 82
70 82
7 83
14 83
15 83
29 83
32 83
42 83
43 83
52 83
64 83
0 84
4 84
6 84
14 84
17 84
26 84
34 84
42 84
47 84
64 84
1 85
4 85
8 85
12 85
45 85
58 85
62 85
7 86
20 86
64 86
65 86
17 87
24 87
27 87
42 87
46 87
47 87
56 87
60 87
67 87
70 87
4 88
22 88
43 88
54 88
56 88
57 88
69 88
70 88
71 88
43 89
51 89
54 89
58 89
63 89
72 89
5 90
6 90
10 90
28 90
32 90
34 90
38 90
44 90
45 90
47 90
52 90
65 90
82 90
5 91
15 91
30 91
34 91
39 91
42 91
48 91
50 91
52 91
53 91
69 91
72 91
76 91
18 92
22 92
33 92
35 92
51 92
58 92
60 92
61 92
69 92
70 92
71 92
82 92
2 93
5 93
6 93
14 93
17 93
22 93
37 93
40 93
45 93
46 93
54 93
60 93
68 93
77 93
81 93
85 93
1 94
5 94
11 94
15 94
23 94
53 94
60 94
79 94
84 94
86 94
8 95
11 95
21 95
22 95
37 95
49 95
55 95
64 95
65 95
66 95
69 95
80 95
1 96
19 96
22 96
23 96
26 96
29 96
30 96
41 96
58 96
77 96
79 96
86 96
7 97
25 97
31 97
35 97
39 97
45 97
49 97
72 97
3 98
12 98
15 98
22 98
24 98
28 98
40 98
42 98
54 98
55 98
66 98
67 98
81 98
0 99
11 99
15 99
33 99
40 99
44 99
58 99
60 99
61 99
66 99
73 99
74 99
79 99
86 99
1 100
7 100
8 100
9 100
12 100
22 100
25 100
41 100
45 100
53 100
66 100
15 101
29 101
34 101
35 101
47 101
56 101
57 101
60 101
63 101
89 101
98 101
60 102
61 102
83 102
87 102
88 102
9 103
20 103
41 103
49 103
51 103
56 103
59 103
83 103
90 103
91 103
93 103
94 103
95 103
1 104
9 104
12 104
23 104
31 104
56 104
65 104
68 104
79 104
82 104
88 104
96 104
20 105
21 105
28 105
36 105
43 105
55 105
75 105
84 105
89 105
91 105
96 105
6 106
33 106
39 106
60 106
64 106
66 106
74 106
75 106
84 106
96 106
11 107
12 107
20 107
27 107
58 107
59 107
62 107
74 107
81 107
89 107
2 108
5 108
36 108
39 108
40 108
43 108
47 108
64 108
66 108
70 108
90 108
93 108
95 108
14 109
18 109
20 109
50 109
71 109
76 109
78 109
87 109
98 109
17 110
34 110
36 110
51 110
64 110
78 110
86 110
92 110
94 110
104 110
105 110
0 111
10 111
15 111
16 111
26 111
38 111
43 111
70 111
86 111
87 111
93 111
101 111
18 112
19 112
20 112
23 112
35 112
36 112
55 112
63 112
69 112
100 112
8 113
32 113
38 113
56 113
62 113
71 113
82 113
84 113
100 113
105 113
8 114
13 114
38 114
52 114
55 114
69 114
76 114
85 114
87 114
107 114
12 115
18 115
33 115
39 115
40 115
44 115
45 115
49 115
58 115
67 115
68 115
71 115
84 115
107 115
3 116
18 116
22 116
25 116
34 116
38 116
41 116
55 116
58 116
61 116
82 116
86 116
92 116
104 116
1 117
3 117
21 117
31 117
32 117
35 117
37 117
45 117
48 117
71 117
85 117
89 117
90 117
107 117
7 118
19 118
27 118
35 118
41 118
45 118
46 118
50 118
51 118
57 118
61 118
76 118
85 118
112 118
0 119
1 119
11 119
16 119
22 119
36 119
46 119
48 119
65 119
67 119
69 119
83 119
100 119
107 119
113 119
115 119
13 120
57 120
58 120
64 120
90 120
95 120
114 120
19 121
36 121
44 121
50 121
52 121
55 121
69 121
70 121
74 121
78 121
79 121
89 121
96 121
109 121
13 122
29 122
33 122
35 122
36 122
45 122
51 122
60 122
77 122
95 122
106 122
112 122
0 123
7 123
24 123
31 123
62 123
71 123
95 123
98 123
105 123
106 123
114 123
115 123
117 123
2 124
15 124
19 124
40 124
43 124
44 124
52 124
55 124
58 124
62 124
75 124
116 124
0 125
7 125
16 125
26 125
45 125
73 125
74 125
80 125
87 125
102 125
109 125
112 125
116 125
4 126
24 126
47 126
48 126
50 126
53 126
56 126
59 126
60 126
69 126
73 126
77 126
90 126
96 126
103 126
113 126
114 126
12 127
20 127
24 127
32 127
38 127
60 127
68 127
71 127
82 127
83 127
99 127
106 127
7 128
15 128
38 128
60 128
68 128
82 128
86 128
119 128
120 128
21 129
25 129
26 129
29 129
36 129
60 129
66 129
69 129
73 129
78 129
88 129
89 129
100 129
108 129
6 130
18 130
72 130
74 130
84 130
87 130
103 130
119 130
17 131
39 131
48 131
54 131
64 131
67 131
81 131
88 131
109 131
110 131
116 131
120 131
121 131
7 132
9 132
13 132
19 132
38 132
39 132
58 132
71 132
74 132
83 132
91 132
93 132
98 132
99 132
102 132
118 132
124 132
0 133
1 133
30 133
55 133
67 133
85 133
90 133
94 133
98 133
117 133
126 133
127 133
128 133
4 134
8 134
16 134
18 134
19 134
37 134
38 134
39 134
40 134
41 134
45 134
49 134
66 134
70 134
72 134
86 134
91 134
95 134
97 134
100 134
101 134
106 134
113 134
124 134
6 135
8 135
11 135
15 135
18 135
26 135
47 135
54 135
59 135
68 135
75 135
94 135
99 135
112 135
116 135
25 136
26 136
28 136
30 136
50 136
63 136
78 136
99 136
101 136
107 136
111 136
121 136
124 136
129 136
1 137
11 137
14 137
18 137
34 137
56 137
57 137
60 137
61 137
63 137
71 137
76 137
79 137
82 137
87 137
88 137
111 137
115 137
118 137
124 137
3 138
5 138
8 138
11 138
17 138
19 138
22 138
25 138
58 138
72 138
76 138
78 138
90 138
112 138
113 138
115 138
124 138
132 138
5 139
9 139
14 139
16 139
17 139
27 139
31 139
43 139
49 139
53 139
56 139
58 139
68 139
79 139
82 139
95 139
96 139
101 139
102 139
105 139
126 139
1 140
18 140
38 140
40 140
50 140
55 140
59 140
65 140
67 140
84 140
85 140
98 140
117 140
132 140
20 141
32 141
49 141
58 141
61 141
100 141
101 141
108 141
109 141
114 141
116 141
127 141
132 141
15 142
17 142
22 142
34 142
43 142
44 142
55 142
57 142
77 142
79 142
81 142
85 142
95 142
107 142
111 142
115 142
118 142
124 142
8 143
17 143
19 143
32 143
34 143
36 143
42 143
60 143
78 143
82 143
87 143
89 143
93 143
100 143
105 143
112 143
114 143
118 143
3 144
6 144
22 144
23 144
44 144
45 144
56 144
81 144
84 144
88 144
102 144
105 144
121 144
126 144
127 144
141 144
8 145
12 145
17 145
25 145
39 145
62 145
71 145
76 145
77 145
83 145
85 145
88 145
100 145
108 145
121 145
123 145
128 145
132 145
0 146
17 146
25 146
31 146
50 146
59 146
75 146
76 146
87 146
92 146
98 146
100 146
133 146
139 146
0 147
14 147
15 147
28 147
29 147
37 147
55 147
72 147
77 147
84 147
102 147
104 147
121 147
130 147
136 147
139 147
21 148
22 148
27 148
28 148
29 148
33 148
35 148
37 148
40 148
41 148
48 148
62 148
66 148
73 148
80 148
85 148
89 148
93 148
94 148
101 148
105 148
111 148
119 148
120 148
122 148
138 148
140 148
27 149
29 149
33 149
37 149
41 149
42 149
46 149
68 149
79 149
90 149
94 149
102 149
104 149
118 149
122 149
124 149
132 149
133 149
6 150
19 150
25 150
34 150
40 150
59 150
67 150
77 150
79 150
80 150
94 150
119 150
140 150
7 151
13 151
26 151
27 151
33 151
41 151
54 151
60 151
62 151
71 151
84 151
87 151
91 151
101 151
103 151
113 151
126 151
140 151
33 152
39 152
44 152
45 152
67 152
69 152
71 152
78 152
106 152
112 152
114 152
118 152
137 152
140 152
7 153
27 153
44 153
57 153
59 153
68 153
95 153
99 153
100 153
107 153
108 153
111 153
116 153
117 153
120 153
123 153
128 153
138 153
1 154
6 154
10 154
21 154
26 154
42 154
45 154
52 154
63 154
65 154
88 154
108 154
111 154
116 154
121 154
125 154
137 154
5 155
9 155
12 155
54 155
55 155
63 155
65 155
91 155
97 155
108 155
112 155
128 155
142 155
0 156
9 156
10 156
17 156
18 156
26 156
31 156
33 156
38 156
44 156
68 156
74 156
77 156
100 156
106 156
108 156
120 156
125 156
127 156
138 156
148 156
150 156
151 156
154 156
155 156
38 157
49 157
51 157
65 157
73 157
83 157
120 157
133 157
138 157
139 157
141 157
143 157
9 158
13 158
31 158
32 158
37 158
45 158
56 158
57 158
62 158
63 158
68 158
73 158
83 158
101 158
121 158
126 158
141 158
49 159
58 159
68 159
78 159
79 159
82 159
84 159
96 159
103 159
144 159
145 159
146 159
151 159
2 160
4 160
11 160
12 160
15 160
25 160
35 160
38 160
41 160
48 160
56 160
73 160
76 160
106 160
109 160
113 160
123 160
132 160
3 161
13 161
29 161
37 161
48 161
77 161
96 161
103 161
134 161
138 161
149 161
4 162
7 162
15 162
24 162
25 162
36 162
41 162
48 162
53 162
54 162
63 162
89 162
95 162
109 162
130 162
133 162
141 162
148 162
0 163
1 163
2 163
3 163
26 163
27 163
37 163
40 163
61 163
76 163
84 163
87 163
94 163
99 163
101 163
103 163
110 163
149 163
11 164
26 164
27 164
30 164
31 164
76 164
90 164
91 164
112 164
115 164
116 164
136 164
142 164
154 164
160 164
163 164
3 165
46 165
47 165
56 165
63 165
70 165
79 165
81 165
100 165
107 165
147 165
148 165
153 165
156 165
158 165
3 166
6 166
26 166
53 166
55 166
60 166
69 166
86 166
91 166
100 166
108 166
113 166
115 166
119 166
124 166
126 166
127 166
143 166
144 166
147 166
151 166
153 166
158 166
18 167
28 167
34 167
38 167
53 167
59 167
68 167
70 167
87 167
92 167
99 167
111 167
112 167
114 167
116 167
126 167
131 167
134 167
135 167
1 168
12 168
14 168
24 168
30 168
36 168
38 168
39 168
45 168
66 168
67 168
78 168
95 168
103 168
115 168
135 168
143 168
149 168
156 168
158 168
2 169
13 169
16 169
18 169
22 169
35 169
38 169
43 169
78 169
87 169
96 169
108 169
111 169
116 169
118 169
129 169
140 169
141 169
152 169
157 169
160 169
19 170
42 170
43 170
50 170
62 170
70 170
73 170
77 170
89 170
115 170
123 170
127 170
131 170
135 170
138 170
9 171
12 171
32 171
33 171
52 171
64 171
65 171
68 171
79 171
89 171
92 171
100 171
133 171
151 171
9 172
27 172
34 172
39 172
45 172
58 172
60 172
66 172
92 172
116 172
123 172
136 172
146 172
156 172
12 173
13 173
16 173
17 173
32 173
38 173
43 173
44 173
45 173
49 173
52 173
55 173
63 173
66 173
68 173
79 173
80 173
86 173
122 173
125 173
130 173
159 173
4 174
8 174
9 174
10 174
11 174
16 174
23 174
30 174
43 174
47 174
68 174
79 174
86 174
93 174
95 174
100 174
108 174
131 174
138 174
140 174
141 174
142 174
154 174
158 174
166 174
2 175
4 175
6 175
11 175
12 175
23 175
27 175
35 175
36 175
39 175
48 175
61 175
79 175
104 175
105 175
117 175
124 175
130 175
136 175
141 175
143 175
150 175
154 175
169 175
2 176
17 176
25 176
44 176
63 176
71 176
79 176
81 176
89 176
92 176
102 176
112 176
116 176
132 176
136 176
144 176
171 176
7 177
12 177
17 177
23 177
24 177
25 177
26 177
30 177
34 177
42 177
47 177
56 177
62 177
77 177
84 177
93 177
102 177
105 177
112 177
114 177
118 177
136 177
142 177
148 177
173 177
2 178
8 178
17 178
39 178
46 178
51 178
53 178
58 178
65 178
70 178
78 178
111 178
124 178
125 178
131 178
132 178
134 178
136 178
140 178
146 178
152 178
158 178
172 178
7 179
14 179
18 179
32 179
59 179
78 179
89 179
92 179
93 179
96 179
115 179
122 179
136 179
153 179
166 179
5 180
7 180
11 180
21 180
29 180
31 180
36 180
48 180
74 180
76 180
90 180
91 180
111 180
116 180
127 180
131 180
32 181
40 181
64 181
83 181
103 181
109 181
150 181
157 181
160 181
164 181
165 181
170 181
174 181
180 181
1 182
9 182
19 182
41 182
71 182
82 182
91 182
96 182
98 182
115 182
127 182
128 182
143 182
144 182
170 182
174 182
178 182
180 182
4 183
11 183
36 183
40 183
74 183
76 183
80 183
89 183
93 183
95 183
112 183
116 183
119 183
128 183
138 183
160 183
165 183
166 183
178 183
179 183
180 183
21 184
29 184
35 184
37 184
48 184
52 184
54 184
61 184
64 184
71 184
89 184
91 184
92 184
97 184
120 184
122 184
124 184
134 184
136 184
156 184
2 185
3 185
6 185
13 185
18 185
29 185
42 185
45 185
58 185
59 185
67 185
89 185
98 185
105 185
108 185
118 185
128 185
151 185
171 185
174 185
177 185
9 186
13 186
18 186
29 186
30 186
32 186
38 186
46 186
48 186
51 186
60 186
62 186
79 186
82 186
98 186
101 186
103 186
115 186
120 186
127 186
144 186
148 186
150 186
160 186
171 186
13 187
18 187
31 187
83 187
121 187
125 187
139 187
152 187
156 187
165 187
167 187
171 187
173 187
0 188
7 188
10 188
14 188
34 188
37 188
52 188
53 188
74 188
85 188
94 188
99 188
101 188
105 188
125 188
130 188
134 188
140 188
142 188
151 188
170 188
177 188
0 189
16 189
20 189
29 189
33 189
36 189
53 189
62 189
65 189
82 189
101 189
118 189
119 189
122 189
133 189
155 189
161 189
170 189
2 190
5 190
28 190
35 190
40 190
48 190
82 190
95 190
117 190
138 190
143 190
151 190
157 190
167 190
173 190
4 191
7 191
21 191
33 191
44 191
60 191
63 191
78 191
80 191
81 191
88 191
96 191
101 191
130 191
140 191
142 191
152 191
157 191
160 191
170 191
174 191
10 192
38 192
48 192
50 192
54 192
58 192
63 192
68 192
72 192
73 192
77 192
91 192
95 192
118 192
130 192
133 192
142 192
154 192
158 192
161 192
164 192
170 192
177 192
182 192
189 192
1 193
17 193
23 193
28 193
35 193
44 193
51 193
56 193
60 193
63 193
71 193
77 193
91 193
99 193
132 193
142 193
151 193
157 193
162 193
169 193
170 193
178 193
179 193
20 194
32 194
34 194
49 194
51 194
61 194
79 194
86 194
113 194
114 194
118 194
123 194
125 194
130 194
147 194
159 194
166 194
177 194
178 194
181 194
188 194
7 195
8 195
12 195
14 195
15 195
19 195
32 195
52 195
86 195
87 195
96 195
106 195
111 195
114 195
123 195
130 195
131 195
136 195
142 195
174 195
176 195
2 196
9 196
15 196
18 196
31 196
38 196
70 196
72 196
87 196
90 196
91 196
105 196
113 196
117 196
127 196
129 196
130 196
136 196
142 196
147 196
150 196
154 196
162 196
177 196
179 196
180 196
182 196
186 196
191 196
2 197
3 197
28 197
48 197
64 197
78 197
94 197
97 197
101 197
104 197
106 197
108 197
110 197
116 197
122 197
131 197
143 197
152 197
161 197
163 197
172 197
0 198
6 198
13 198
16 198
22 198
41 198
45 198
48 198
54 198
61 198
64 198
104 198
123 198
125 198
128 198
131 198
139 198
141 198
157 198
160 198
181 198
182 198
188 198
1 199
15 199
23 199
31 199
35 199
41 199
46 199
53 199
55 199
60 199
84 199
113 199
120 199
130 199
134 199
140 199
167 199
169 199
174 199
182 199
12 200
24 200
32 200
38 200
51 200
74 200
79 200
87 200
90 200
94 200
140 200
146 200
150 200
152 200
190 200
7 201
14 201
15 201
24 201
32 201
40 201
50 201
64 201
73 201
84 201
94 201
95 201
100 201
101 201
102 201
110 201
115 201
126 201
128 201
142 201
147 201
158 201
159 201
160 201
161 201
164 201
167 201
171 201
188 201
190 201
194 201
195 201
200 201
6 202
19 202
23 202
31 202
33 202
42 202
58 202
64 202
71 202
72 202
81 202
99 202
111 202
134 202
142 202
147 202
148 202
164 202
165 202
174 202
184 202
193 202
200 202
3 203
5 203
15 203
22 203
24 203
34 203
36 203
40 203
43 203
50 203
55 203
68 203
92 203
93 203
102 203
109 203
125 203
129 203
165 203
169 203
176 203
179 203
187 203
198 203
199 203
23 204
25 204
32 204
50 204
51 204
59 204
74 204
88 204
91 204
96 204
100 204
103 204
110 204
113 204
132 204
147 204
159 204
175 204
178 204
182 204
184 204
189 204
196 204
200 204
2 205
7 205
12 205
19 205
27 205
31 205
34 205
39 205
44 205
57 205
62 205
65 205
67 205
69 205
74 205
77 205
97 205
100 205
110 205
132 205
134 205
141 205
148 205
149 205
158 205
177 205
181 205
187 205
188 205
190 205
8 206
21 206
24 206
29 206
33 206
34 206
35 206
66 206
68 206
70 206
75 206
79 206
80 206
94 206
96 206
125 206
146 206
148 206
161 206
163 206
185 206
192 206
197 206
0 207
24 207
37 207
38 207
44 207
56 207
62 207
74 207
79 207
84 207
97 207
102 207
108 207
109 207
117 207
126 207
134 207
142 207
143 207
159 207
161 207
165 207
171 207
174 207
199 207
26 208
30 208
39 208
42 208
43 208
44 208
48 208
60 208
88 208
90 208
91 208
92 208
106 208
108 208
111 208
137 208
141 208
150 208
160 208
170 208
174 208
176 208
188 208
190 208
4 209
6 209
27 209
28 209
49 209
71 209
85 209
87 209
88 209
90 209
136 209
139 209
162 209
167 209
175 209
189 209
204 209
41 210
54 210
65 210
67 210
73 210
86 210
90 210
102 210
103 210
143 210
170 210
172 210
174 210
188 210
204 210
11 211
14 211
37 211
48 211
63 211
76 211
90 211
91 211
95 211
100 211
101 211
120 211
128 211
129 211
135 211
141 211
150 211
157 211
165 211
170 211
172 211
175 211
180 211
184 211
189 211
190 211
198 211
200 211
203 211
37 212
41 212
50 212
60 212
61 212
69 212
97 212
100 212
135 212
145 212
147 212
148 212
165 212
189 212
198 212
202 212
5 213
12 213
18 213
29 213
34 213
44 213
47 213
53 213
63 213
69 213
78 213
79 213
87 213
93 213
104 213
106 213
115 213
131 213
133 213
147 213
151 213
166 213
175 213
182 213
185 213
186 213
189 213
197 213
201 213
205 213
21 214
23 214
26 214
28 214
31 214
32 214
35 214
37 214
42 214
50 214
52 214
61 214
65 214
95 214
104 214
128 214
129 214
130 214
146 214
152 214
153 214
158 214
163 214
165 214
166 214
174 214
175 214
195 214
196 214
204 214
7 215
13 215
17 215
28 215
29 215
37 215
43 215
50 215
52 215
68 215
85 215
92 215
101 215
102 215
103 215
116 215
117 215
120 215
128 215
138 215
142 215
161 215
164 215
168 215
176 215
190 215
198 215
203 215
0 216
1 216
3 216
22 216
45 216
50 216
54 216
59 216
67 216
71 216
75 216
87 216
88 216
99 216
113 216
120 216
128 216
130 216
142 216
158 216
161 216
173 216
181 216
190 216
197 216
202 216
5 217
23 217
33 217
39 217
50 217
54 217
62 217
70 217
72 217
73 217
75 217
95 217
106 217
108 217
114 217
121 217
127 217
140 217
144 217
157 217
165 217
174 217
175 217
176 217
199 217
207 217
15 218
18 218
19 218
20 218
47 218
61 218
79 218
81 218
84 218
93 218
100 218
101 218
115 218
121 218
124 218
135 218
138 218
142 218
147 218
152 218
154 218
156 218
159 218
163 218
174 218
179 218
190 218
194 218
200 218
204 218
6 219
14 219
24 219
30 219
58 219
67 219
74 219
88 219
99 219
136 219
145 219
146 219
156 219
176 219
178 219
189 219
195 219
208 219
3 220
8 220
29 220
30 220
33 220
43 220
48 220
62 220
73 220
81 220
82 220
87 220
92 220
102 220
105 220
121 220
125 220
131 220
136 220
148 220
161 220
185 220
190 220
195 220
208 220
209 220
214 220
216 220
5 221
7 221
9 221
12 221
18 221
29 221
38 221
49 221
77 221
83 221
89 221
94 221
95 221
106 221
114 221
119 221
120 221
137 221
145 221
157 221
175 221
178 221
179 221
181 221
188 221
190 221
195 221
205 221
214 221
22 222
45 222
56 222
58 222
60 222
71 222
72 222
81 222
83 222
87 222
98 222
142 222
153 222
162 222
173 222
177 222
182 222
197 222
200 222
201 222
217 222
8 223
13 223
47 223
52 223
62 223
63 223
79 223
124 223
136 223
140 223
145 223
160 223
176 223
179 223
204 223
205 223
208 223
215 223
0 224
8 224
18 224
33 224
50 224
54 224
78 224
87 224
88 224
93 224
99 224
108 224
110 224
111 224
124 224
133 224
135 224
150 224
174 224
181 224
191 224
200 224
203 224
205 224
215 224
218 224
2 225
21 225
39 225
59 225
67 225
77 225
88 225
94 225
98 225
116 225
130 225
136 225
138 225
147 225
150 225
153 225
158 225
166 225
180 225
185 225
198 225
217 225
6 226
8 226
35 226
38 226
49 226
51 226
53 226
54 226
70 226
71 226
87 226
97 226
104 226
109 226
110 226
112 226
114 226
115 226
120 226
126 226
142 226
156 226
158 226
167 226
174 226
175 226
190 226
193 226
212 226
20 227
21 227
34 227
44 227
46 227
64 227
72 227
73 227
75 227
89 227
101 227
108 227
117 227
118 227
122 227
127 227
168 227
174 227
175 227
176 227
179 227
192 227
209 227
211 227
212 227
6 228
43 228
46 228
67 228
71 228
74 228
89 228
92 228
93 228
110 228
114 228
115 228
119 228
128 228
148 228
154 228
156 228
167 228
168 228
174 228
175 228
176 228
178 228
182 228
186 228
207 228
213 228
22 229
34 229
44 229
55 229
68 229
70 229
88 229
93 229
96 229
98 229
103 229
142 229
162 229
168 229
169 229
188 229
8 230
14 230
22 230
34 230
39 230
40 230
42 230
48 230
75 230
77 230
78 230
92 230
99 230
138 230
143 230
163 230
164 230
165 230
171 230
175 230
188 230
194 230
195 230
209 230
8 231
10 231
16 231
18 231
21 231
22 231
35 231
37 231
46 231
48 231
56 231
66 231
81 231
90 231
95 231
97 231
105 231
113 231
114 231
118 231
130 231
136 231
137 231
153 231
172 231
185 231
187 231
200 231
9 232
12 232
28 232
39 232
49 232
52 232
53 232
87 232
89 232
103 232
107 232
119 232
124 232
127 232
151 232
153 232
163 232
168 232
169 232
189 232
195 232
202 232
210 232
222 232
228 232
2 233
3 233
15 233
19 233
25 233
34 233
42 233
59 233
62 233
66 233
80 233
87 233
94 233
122 233
125 233
142 233
148 233
152 233
161 233
175 233
184 233
199 233
204 233
225 233
15 234
17 234
58 234
74 234
75 234
77 234
81 234
89 234
123 234
127 234
128 234
138 234
142 234
155 234
157 234
178 234
219 234
223 234
10 235
16 235
17 235
20 235
23 235
28 235
31 235
46 235
56 235
64 235
100 235
104 235
107 235
111 235
116 235
119 235
125 235
130 235
138 235
139 235
141 235
175 235
183 235
184 235
186 235
187 235
204 235
10 236
22 236
27 236
34 236
45 236
47 236
57 236
86 236
100 236
101 236
108 236
111 236
112 236
127 236
129 236
137 236
145 236
155 236
176 236
184 236
189 236
198 236
214 236
220 236
221 236
4 237
9 237
13 237
14 237
40 237
45 237
47 237
50 237
72 237
77 237
86 237
89 237
97 237
103 237
114 237
125 237
127 237
133 237
148 237
172 237
184 237
193 237
200 237
209 237
216 237
222 237
229 237
13 238
19 238
29 238
32 238
42 238
50 238
62 238
65 238
91 238
92 238
97 238
106 238
119 238
125 238
128 238
130 238
149 238
150 238
177 238
191 238
201 238
207 238
208 238
212 238
222 238
223 238
229 238
3 239
5 239
21 239
33 239
39 239
41 239
55 239
61 239
79 239
117 239
122 239
135 239
149 239
154 239
162 239
163 239
164 239
175 239
180 239
187 239
200 239
203 239
209 239
220 239
226 239
227 239
3 240
16 240
20 240
22 240
25 240
29 240
36 240
50 240
51 240
55 240
56 240
57 240
58 240
87 240
88 240
90 240
92 240
107 240
111 240
118 240
129 240
159 240
160 240
163 240
181 240
188 240
204 240
210 240
216 240
221 240
223 240
29 241
30 241
34 241
49 241
58 241
66 241
75 241
93 241
111 241
114 241
125 241
130 241
137 241
141 241
147 241
154 241
155 241
161 241
165 241
190 241
192 241
207 241
210 241
224 241
13 242
25 242
31 242
49 242
63 242
70 242
71 242
81 242
105 242
115 242
133 242
147 242
149 242
157 242
159 242
163 242
173 242
174 242
179 242
188 242
191 242
195 242
214 242
224 242
5 243
9 243
14 243
19 243
21 243
24 243
27 243
28 243
29 243
30 243
41 243
54 243
73 243
85 243
99 243
112 243
124 243
133 243
140 243
156 243
181 243
190 243
197 243
203 243
204 243
211 243
217 243
239 243
7 244
15 244
29 244
34 244
40 244
61 244
85 244
88 244
92 244
101 244
128 244
137 244
152 244
154 244
160 244
212 244
214 244
223 244
231 244
238 244
241 244
10 245
18 245
21 245
37 245
54 245
62 245
67 245
80 245
88 245
93 245
99 245
107 245
109 245
114 245
116 245
119 245
140 245
148 245
160 245
164 245
179 245
186 245
192 245
195 245
208 245
215 245
224 245
241 245
21 246
33 246
41 246
44 246
47 246
48 246
51 246
62 246
69 246
70 246
75 246
90 246
104 246
116 246
129 246
130 246
136 246
149 246
154 246
162 246
171 246
172 246
185 246
189 246
194 246
209 246
214 246
7 247
10 247
22 247
25 247
30 247
32 247
36 247
43 247
53 247
62 247
66 247
75 247
78 247
86 247
100 247
112 247
128 247
133 247
151 247
177 247
181 247
186 247
192 247
201 247
208 247
212 247
227 247
237 247
8 248
11 248
19 248
22 248
32 248
57 248
61 248
68 248
69 248
83 248
86 248
87 248
103 248
109 248
113 248
152 248
153 248
159 248
163 248
167 248
174 248
184 248
188 248
193 248
199 248
206 248
222 248
233 248
8 249
43 249
49 249
57 249
62 249
73 249
74 249
88 249
102 249
107 249
110 249
113 249
118 249
127 249
139 249
143 249
144 249
161 249
165 249
198 249
203 249
206 249
210 249
218 249
241 249
18 250
28 250
42 250
45 250
52 250
54 250
57 250
67 250
75 250
78 250
91 250
97 250
102 250
104 250
105 250
108 250
113 250
115 250
120 250
123 250
125 250
131 250
140 250
158 250
161 250
162 250
167 250
177 250
183 250
185 250
195 250
222 250
248 250
2 251
3 251
12 251
14 251
23 251
32 251
39 251
44 251
49 251
68 251
76 251
79 251
87 251
92 251
119 251
134 251
138 251
140 251
142 251
146 251
154 251
163 251
176 251
188 251
201 251
202 251
215 251
247 251
6 252
8 252
15 252
18 252
30 252
39 252
48 252
51 252
67 252
72 252
74 252
78 252
89 252
93 252
114 252
127 252
153 252
170 252
177 252
180 252
181 252
188 252
208 252
210 252
212 252
214 252
241 252
242 252
245 252
249 252
15 253
19 253
25 253
44 253
66 253
69 253
93 253
107 253
110 253
130 253
170 253
173 253
180 253
182 253
193 253
195 253
196 253
245 253
246 253
33 254
44 254
45 254
52 254
58 254
69 254
75 254
92 254
99 254
100 254
105 254
127 254
129 254
148 254
159 254
168 254
190 254
191 254
195 254
208 254
216 254
239 254
4 255
11 255
12 255
14 255
17 255
22 255
23 255
33 255
42 255
52 255
59 255
60 255
62 255
68 255
70 255
73 255
120 255
126 255
134 255
136 255
148 255
170 255
175 255
182 255
187 255
195 255
198 255
211 255
213 255
2 256
4 256
23 256
29 256
37 256
46 256
48 256
61 256
67 256
68 256
86 256
91 256
94 256
96 256
98 256
107 256
112 256
116 256
118 256
124 256
129 256
132 256
134 256
141 256
152 256
176 256
223 256
224 256
244 256
245 256
13 257
22 257
26 257
28 257
32 257
36 257
48 257
50 257
59 257
72 257
76 257
77 257
87 257
88 257
99 257
103 257
120 257
132 257
143 257
151 257
152 257
157 257
159 257
167 257
170 257
183 257
199 257
205 257
209 257
211 257
214 257
215 257
216 257
224 257
226 257
230 257
231 257
245 257
247 257
248 257
1 258
8 258
13 258
20 258
36 258
39 258
44 258
49 258
56 258
61 258
68 258
69 258
84 258
115 258
120 258
127 258
131 258
154 258
160 258
169 258
178 258
210 258
217 258
218 258
219 258
227 258
230 258
235 258
236 258
237 258
246 258
249 258
13 259
36 259
51 259
63 259
70 259
83 259
90 259
93 259
107 259
112 259
121 259
125 259
126 259
158 259
180 259
182 259
187 259
191 259
206 259
211 259
217 259
222 259
227 259
229 259
12 260
32 260
34 260
39 260
44 260
45 260
52 260
54 260
55 260
69 260
89 260
90 260
91 260
101 260
106 260
112 260
115 260
121 260
124 260
125 260
133 260
135 260
164 260
175 260
179 260
201 260
203 260
209 260
214 260
223 260
242 260
245 260
4 261
15 261
16 261
19 261
24 261
38 261
57 261
71 261
74 261
90 261
104 261
108 261
110 261
114 261
118 261
121 261
122 261
127 261
131 261
146 261
163 261
164 261
172 261
174 261
176 261
179 261
182 261
183 261
201 261
208 261
209 261
211 261
212 261
224 261
3 262
25 262
27 262
32 262
41 262
43 262
49 262
58 262
63 262
70 262
74 262
88 262
92 262
99 262
105 262
131 262
132 262
147 262
151 262
160 262
198 262
210 262
230 262
245 262
0 263
12 263
31 263
40 263
64 263
65 263
71 263
109 263
114 263
117 263
119 263
123 263
128 263
130 263
149 263
157 263
164 263
189 263
194 263
203 263
225 263
226 263
228 263
230 263
240 263
241 263
245 263
2 264
4 264
9 264
33 264
36 264
42 264
43 264
44 264
50 264
52 264
68 264
73 264
76 264
94 264
105 264
106 264
108 264
109 264
119 264
129 264
130 264
148 264
154 264
170 264
173 264
186 264
192 264
194 264
197 264
199 264
216 264
222 264
230 264
238 264
239 264
240 264
248 264
252 264
253 264
254 264
0 265
9 265
10 265
14 265
28 265
30 265
38 265
44 265
45 265
49 265
51 265
58 265
59 265
61 265
83 265
96 265
108 265
113 265
121 265
140 265
145 265
149 265
152 265
154 265
156 265
164 265
165 265
182 265
199 265
203 265
204 265
208 265
215 265
231 265
243 265
247 265
251 265
252 265
255 265
0 266
7 266
34 266
79 266
80 266
86 266
100 266
111 266
118 266
123 266
136 266
142 266
146 266
147 266
151 266
156 266
168 266
179 266
199 266
233 266
236 266
238 266
239 266
245 266
248 266
252 266
261 266
17 267
18 267
20 267
24 267
31 267
34 267
42 267
45 267
47 267
68 267
85 267
107 267
111 267
117 267
124 267
145 267
147 267
152 267
157 267
173 267
184 267
188 267
213 267
215 267
231 267
240 267
253 267
259 267
0 268
6 268
12 268
19 268
21 268
30 268
32 268
43 268
44 268
75 268
84 268
85 268
91 268
102 268
109 268
110 268
113 268
124 268
131 268
136 268
142 268
143 268
148 268
152 268
166 268
180 268
184 268
199 268
206 268
213 268
216 268
221 268
224 268
238 268
239 268
245 268
257 268
259 268
1 269
6 269
11 269
30 269
32 269
49 269
52 269
71 269
76 269
81 269
96 269
97 269
101 269
104 269
142 269
144 269
154 269
166 269
178 269
179 269
185 269
190 269
194 269
204 269
210 269
221 269
247 269
248 269
18 270
22 270
24 270
27 270
32 270
57 270
59 270
62 270
63 270
64 270
71 270
77 270
105 270
113 270
118 270
127 270
139 270
144 270
155 270
166 270
173 270
182 270
188 270
189 270
193 270
225 270
232 270
3 271
5 271
17 271
25 271
30 271
52 271
56 271
59 271
77 271
82 271
95 271
97 271
102 271
104 271
122 271
124 271
132 271
139 271
149 271
154 271
161 271
165 271
184 271
189 271
203 271
208 271
219 271
1 272
2 272
6 272
8 272
21 272
45 272
54 272
55 272
56 272
62 272
75 272
76 272
78 272
83 272
111 272
119 272
125 272
129 272
152 272
175 272
199 272
241 272
253 272
254 272
257 272
3 273
5 273
10 273
18 273
23 273
40 273
41 273
43 273
47 273
54 273
59 273
66 273
70 273
79 273
82 273
92 273
95 273
114 273
115 273
119 273
121 273
126 273
135 273
137 273
158 273
187 273
191 273
207 273
232 273
234 273
6 274
13 274
27 274
46 274
52 274
67 274
92 274
97 274
99 274
108 274
109 274
113 274
115 274
118 274
139 274
147 274
151 274
159 274
162 274
169 274
190 274
192 274
196 274
206 274
212 274
222 274
229 274
230 274
234 274
240 274
241 274
242 274
243 274
255 274
260 274
3 275
12 275
27 275
31 275
40 275
75 275
76 275
80 275
82 275
85 275
92 275
116 275
122 275
143 275
156 275
161 275
169 275
171 275
176 275
184 275
201 275
211 275
212 275
214 275
229 275
236 275
254 275
263 275
7 276
11 276
12 276
14 276
21 276
37 276
43 276
65 276
67 276
77 276
78 276
88 276
105 276
125 276
127 276
137 276
160 276
171 276
177 276
180 276
187 276
220 276
222 276
229 276
243 276
249 276
252 276
259 276
16 277
24 277
26 277
45 277
64 277
70 277
73 277
77 277
93 277
94 277
98 277
100 277
102 277
103 277
105 277
111 277
117 277
119 277
121 277
127 277
133 277
146 277
155 277
161 277
167 277
173 277
176 277
205 277
208 277
225 277
231 277
233 277
235 277
243 277
245 277
247 277
253 277
255 277
1 278
2 278
6 278
50 278
61 278
62 278
80 278
87 278
95 278
99 278
101 278
102 278
103 278
106 278
109 278
114 278
125 278
132 278
150 278
169 278
174 278
178 278
184 278
187 278
199 278
201 278
203 278
233 278
234 278
238 278
259 278
4 279
6 279
11 279
16 279
42 279
46 279
50 279
55 279
56 279
62 279
67 279
68 279
73 279
75 279
94 279
98 279
106 279
112 279
130 279
134 279
136 279
152 279
162 279
180 279
186 279
200 279
206 279
216 279
226 279
227 279
230 279
237 279
238 279
239 279
244 279
246 279
11 280
16 280
17 280
42 280
52 280
56 280
58 280
59 280
69 280
72 280
77 280
91 280
95 280
96 280
99 280
103 280
104 280
110 280
150 280
156 280
157 280
160 280
161 280
179 280
189 280
200 280
201 280
208 280
231 280
232 280
234 280
237 280
240 280
260 280
7 281
17 281
37 281
38 281
51 281
56 281
104 281
119 281
129 281
144 281
147 281
163 281
177 281
179 281
181 281
189 281
196 281
214 281
218 281
219 281
221 281
237 281
251 281
259 281
274 281
278 281
4 282
32 282
40 282
60 282
62 282
65 282
72 282
77 282
81 282
97 282
99 282
114 282
119 282
121 282
151 282
167 282
169 282
182 282
187 282
197 282
200 282
208 282
214 282
215 282
219 282
235 282
239 282
243 282
248 282
268 282
275 282
276 282
4 283
7 283
14 283
18 283
19 283
25 283
41 283
57 283
67 283
74 283
82 283
87 283
91 283
92 283
99 283
108 283
111 283
113 283
119 283
123 283
124 283
126 283
132 283
139 283
145 283
148 283
158 283
164 283
173 283
188 283
193 283
195 283
220 283
221 283
240 283
246 283
254 283
258 283
259 283
262 283
270 283
0 284
12 284
13 284
24 284
42 284
48 284
57 284
61 284
62 284
107 284
109 284
114 284
126 284
132 284
134 284
143 284
144 284
153 284
159 284
168 284
173 284
176 284
178 284
185 284
187 284
192 284
197 284
198 284
201 284
204 284
207 284
212 284
223 284
225 284
227 284
240 284
245 284
249 284
257 284
263 284
272 284
26 285
31 285
36 285
37 285
48 285
50 285
52 285
56 285
57 285
62 285
71 285
73 285
106 285
117 285
124 285
131 285
151 285
155 285
185 285
188 285
220 285
222 285
239 285
243 285
246 285
251 285
258 285
262 285
3 286
8 286
62 286
63 286
87 286
88 286
97 286
109 286
113 286
138 286
167 286
180 286
182 286
184 286
212 286
230 286
246 286
271 286
13 287
22 287
25 287
30 287
34 287
37 287
43 287
56 287
58 287
59 287
60 287
65 287
73 287
76 287
102 287
126 287
148 287
153 287
165 287
172 287
191 287
198 287
199 287
201 287
207 287
210 287
226 287
241 287
245 287
252 287
265 287
266 287
268 287
271 287
273 287
279 287
280 287
0 288
25 288
39 288
41 288
43 288
51 288
66 288
70 288
78 288
82 288
83 288
84 288
92 288
93 288
94 288
98 288
114 288
136 288
137 288
142 288
151 288
172 288
175 288
176 288
180 288
195 288
199 288
204 288
213 288
218 288
228 288
258 288
259 288
263 288
272 288
273 288
279 288
1 289
17 289
43 289
45 289
55 289
56 289
72 289
96 289
100 289
103 289
114 289
118 289
131 289
151 289
155 289
156 289
165 289
173 289
190 289
196 289
197 289
224 289
246 289
253 289
263 289
280 289
4 290
5 290
8 290
14 290
16 290
18 290
22 290
32 290
33 290
45 290
59 290
69 290
81 290
88 290
90 290
92 290
116 290
124 290
126 290
129 290
172 290
176 290
210 290
228 290
269 290
272 290
276 290
1 291
6 291
16 291
37 291
47 291
51 291
52 291
64 291
65 291
74 291
82 291
83 291
85 291
91 291
107 291
108 291
112 291
113 291
117 291
129 291
135 291
141 291
149 291
157 291
166 291
167 291
168 291
172 291
185 291
186 291
187 291
198 291
204 291
210 291
213 291
214 291
217 291
225 291
227 291
228 291
231 291
242 291
246 291
263 291
274 291
276 291
0 292
5 292
6 292
8 292
13 292
19 292
26 292
29 292
31 292
35 292
43 292
44 292
55 292
61 292
67 292
72 292
87 292
114 292
124 292
127 292
129 292
140 292
147 292
151 292
156 292
171 292
180 292
199 292
200 292
221 292
224 292
227 292
230 292
241 292
249 292
255 292
275 292
277 292
2 293
8 293
9 293
12 293
24 293
25 293
37 293
42 293
48 293
57 293
66 293
73 293
82 293
88 293
107 293
114 293
123 293
127 293
143 293
145 293
148 293
153 293
162 293
169 293
176 293
181 293
203 293
205 293
213 293
224 293
225 293
228 293
244 293
258 293
269 293
270 293
273 293
278 293
283 293
286 293
1 294
24 294
30 294
37 294
41 294
58 294
67 294
85 294
99 294
100 294
104 294
107 294
109 294
126 294
137 294
151 294
162 294
164 294
169 294
170 294
175 294
198 294
202 294
213 294
217 294
224 294
236 294
240 294
271 294
281 294
0 295
3 295
8 295
13 295
15 295
22 295
23 295
35 295
41 295
47 295
56 295
82 295
89 295
91 295
97 295
112 295
114 295
133 295
141 295
145 295
149 295
154 295
160 295
185 295
189 295
191 295
196 295
201 295
202 295
211 295
220 295
226 295
274 295
1 296
8 296
24 296
29 296
35 296
36 296
48 296
64 296
68 296
76 296
79 296
81 296
82 296
83 296
90 296
100 296
110 296
136 296
153 296
158 296
164 296
181 296
216 296
218 296
248 296
267 296
268 296
276 296
281 296
290 296
1 297
4 297
15 297
20 297
29 297
30 297
46 297
58 297
60 297
87 297
102 297
108 297
112 297
120 297
123 297
129 297
136 297
142 297
149 297
151 297
153 297
156 297
158 297
160 297
162 297
163 297
166 297
168 297
187 297
207 297
208 297
223 297
226 297
231 297
279 297
285 297
0 298
32 298
41 298
47 298
48 298
51 298
80 298
81 298
82 298
84 298
85 298
86 298
104 298
127 298
129 298
136 298
142 298
150 298
151 298
152 298
177 298
180 298
182 298
183 298
188 298
192 298
197 298
204 298
207 298
213 298
216 298
218 298
222 298
223 298
227 298
234 298
242 298
259 298
270 298
284 298
290 298
7 299
17 299
19 299
23 299
31 299
33 299
37 299
73 299
74 299
80 299
113 299
116 299
117 299
122 299
131 299
137 299
139 299
149 299
157 299
161 299
163 299
217 299
220 299
221 299
224 299
227 299
228 299
229 299
231 299
236 299
245 299
257 299
278 299
286 299
290 299
292 299
