300 5535 5
18 17 17 9 9 7 16 6 12 8 1 16 4 3 8 2 4 9 3 1 2 15 19 11 6 12 1 11 9 4 12 9 19 19 2 10 11 1 20 10 20 1 20 7 17 12 17 16 19 2 20 12 1 9 7 17 15 14 12 1 10 15 19 18 17 18 11 16 14 7 13 2 18 4 17 15 1 9 9 5 18 2 17 14 5 5 3 5 8 16 4 5 4 4 11 7 7 5 10 20 8 13 20 2 19 2 14 20 3 11 19 17 11 7 3 11 13 16 6 14 14 2 16 7 18 20 1 17 2 2 19 20 3 7 11 19 20 3 3 14 12 20 17 7 11 4 2 12 16 20 17 12 13 7 8 10 16 10 5 13 19 20 10 7 9 20 12 19 10 8 6 7 11 17 16 5 1 17 5 3 6 5 11 3 10 7 13 5 17 16 2 4 5 9 11 2 4 12 8 1 7 6 17 8 13 4 6 8 9 2 9 12 7 14 6 9 10 3 7 2 7 20 11 2 3 15 1 4 2 8 9 20 19 17 7 5 5 14 5 13 3 10 14 7 8 11 14 7 11 2 18 15 7 17 3 19 3 14 18 14 19 10 10 16 1 1 12 4 7 19 8 16 18 18 17 15 16 7 17 9 6 12 8 14 14 11 12 8 3 4 17 1 15 16 4 3 5 3 9 17
11 12
0 15
7 15
7 16
3 18
9 18
11 18
3 20
4 21
8 21
5 22
13 23
22 23
3 24
11 24
18 24
14 25
16 25
4 26
19 26
2 27
6 27
14 27
16 27
0 28
15 28
22 28
15 29
18 29
21 29
22 29
6 30
9 30
15 30
20 30
0 31
1 31
3 31
22 31
1 32
2 32
3 32
30 32
2 33
10 33
4 34
15 34
0 35
24 35
30 35
5 36
14 36
21 36
23 36
27 36
29 36
14 37
24 37
25 37
29 37
5 38
10 38
15 38
17 38
0 39
1 39
2 40
10 41
23 41
2 42
4 42
5 42
6 42
17 42
19 42
31 42
38 42
41 42
14 43
15 43
17 43
18 43
2 44
4 44
6 44
11 44
19 44
37 44
39 44
2 45
4 45
38 45
40 45
12 46
17 46
21 46
31 46
34 46
38 46
41 46
10 47
17 47
23 47
26 47
39 47
18 48
23 48
29 48
30 48
38 48
3 49
27 49
35 49
38 49
39 49
1 50
5 50
8 50
17 50
20 50
22 50
23 50
29 50
37 50
38 50
45 50
2 51
4 51
7 51
22 51
34 51
39 51
43 51
1 52
15 52
19 52
22 52
24 52
31 52
15 53
24 53
28 53
33 53
35 53
47 53
48 53
7 54
11 54
12 54
16 54
19 54
24 54
25 54
37 54
39 54
7 55
8 55
10 55
12 55
16 55
24 55
30 55
48 55
10 56
13 56
18 56
26 56
28 56
30 56
33 56
51 56
53 56
0 57
29 57
39 57
43 57
45 57
47 57
2 58
5 58
9 58
28 58
33 58
42 58
44 58
50 58
54 58
4 59
5 59
12 59
26 59
35 59
40 59
46 59
48 59
49 59
53 59
0 60
3 60
38 60
42 60
43 60
46 60
55 60
8 61
20 61
41 61
43 61
4 62
25 62
30 62
31 62
41 62
3 63
8 63
11 63
13 63
24 63
27 63
37 63
47 63
51 63
21 64
32 64
34 64
5 65
23 65
24 65
25 65
37 65
38 65
43 65
50 65
51 65
0 66
6 66
14 66
15 66
5 67
7 67
12 67
26 67
30 67
36 67
44 67
48 67
55 67
9 68
20 68
22 68
25 68
28 68
32 68
38 68
43 68
48 68
49 68
55 68
12 69
18 69
20 69
23 69
26 69
28 69
34 69
35 69
44 69
47 69
48 69
53 69
55 69
1 70
2 70
3 70
18 70
26 70
27 70
40 70
41 70
66 70
0 71
6 71
11 71
39 71
40 71
47 71
48 71
53 71
65 71
5 72
22 72
34 72
41 72
42 72
51 72
58 72
60 72
0 73
6 73
12 73
16 73
17 73
23 73
30 73
37 73
38 73
41 73
49 73
52 73
19 74
24 74
47 74
64 74
21 75
29 75
46 75
59 75
6 76
7 76
10 76
14 76
18 76
20 76
23 76
35 76
37 76
58 76
0 77
2 77
9 77
13 77
20 77
23 77
57 77
66 77
67 77
72 77
1 78
4 78
6 78
26 78
41 78
42 78
53 78
10 79
20 79
28 79
34 79
35 79
45 79
53 79
54 79
56 79
57 79
62 79
63 79
3 80
8 80
9 80
11 80
19 80
22 80
23 80
43 80
54 80
55 80
63 80
69 80
11 81
16 81
17 81
21 81
36 81
56 81
61 81
72 81
75 81
0 82
3 82
14 82
20 82
21 82
35 82
41 82
45 82
46 82
54 82
58 82
76 82
1 83
16 83
24 83
33 83
37 83
38 83
39 83
44 83
46 83
50 83
62 83
75 83
0 84
3 84
10 84
33 84
37 84
42 84
55 84
58 84
67 84
74 84
76 84
3 85
19 85
23 85
41 85
61 85
65 85
68 85
69 85
71 85
73 85
75 85
2 86
3 86
19 86
20 86
21 86
34 86
52 86
53 86
64 86
65 86
74 86
2 87
3 87
4 87
21 87
23 87
24 87
29 87
34 87
35 87
38 87
56 87
67 87
70 87
71 87
1 88
10 88
12 88
20 88
50 88
51 88
67 88
70 88
72 88
75 88
0 89
2 89
10 89
13 89
18 89
20 89
25 89
31 89
48 89
52 89
60 89
71 89
8 90
16 90
18 90
19 90
20 90
32 90
37 90
38 90
46 90
1 91
3 91
24 91
30 91
34 91
42 91
45 91
59 91
64 91
69 91
72 91
5 92
26 92
32 92
50 92
53 92
61 92
66 92
72 92
9 93
15 93
34 93
41 93
50 93
62 93
63 93
76 93
5 94
13 94
22 94
29 94
34 94
38 94
51 94
58 94
3 95
4 95
11 95
16 95
17 95
39 95
51 95
57 95
69 95
75 95
82 95
86 95
0 96
4 96
7 96
17 96
19 96
22 96
50 96
56 96
59 96
63 96
67 96
71 96
74 96
75 96
83 96
89 96
4 97
10 97
14 97
17 97
18 97
25 97
26 97
41 97
50 97
53 97
61 97
67 97
70 97
73 97
77 97
86 97
89 97
92 97
5 98
7 98
26 98
27 98
29 98
33 98
46 98
49 98
53 98
57 98
76 98
86 98
0 99
12 99
21 99
45 99
57 99
67 99
87 99
0 100
7 100
12 100
16 100
19 100
36 100
46 100
56 100
57 100
58 100
60 100
69 100
74 100
75 100
88 100
23 101
24 101
26 101
28 101
38 101
44 101
56 101
72 101
77 101
79 101
2 102
4 102
7 102
31 102
35 102
42 102
53 102
62 102
68 102
77 102
91 102
6 103
10 103
24 103
29 103
42 103
58 103
65 103
76 103
88 103
94 103
15 104
16 104
40 104
54 104
59 104
73 104
90 104
94 104
95 104
101 104
102 104
6 105
22 105
23 105
32 105
47 105
75 105
80 105
93 105
97 105
100 105
101 105
9 106
12 106
18 106
23 106
33 106
34 106
45 106
61 106
81 106
89 106
101 106
0 107
18 107
25 107
32 107
49 107
59 107
65 107
73 107
78 107
85 107
86 107
91 107
98 107
102 107
0 108
5 108
32 108
37 108
47 108
50 108
56 108
60 108
64 108
73 108
7 109
9 109
15 109
27 109
40 109
53 109
70 109
75 109
81 109
84 109
88 109
93 109
3 110
6 110
27 110
33 110
49 110
50 110
51 110
59 110
73 110
78 110
86 110
6 111
13 111
14 111
15 111
16 111
33 111
36 111
42 111
54 111
55 111
62 111
73 111
83 111
94 111
98 111
101 111
103 111
104 111
106 111
3 112
9 112
11 112
27 112
28 112
30 112
64 112
77 112
78 112
80 112
88 112
92 112
95 112
101 112
104 112
107 112
1 113
18 113
29 113
30 113
35 113
60 113
72 113
88 113
95 113
97 113
98 113
106 113
107 113
16 114
17 114
22 114
25 114
37 114
42 114
43 114
44 114
53 114
55 114
57 114
59 114
64 114
66 114
71 114
72 114
78 114
86 114
93 114
97 114
103 114
0 115
3 115
41 115
51 115
53 115
56 115
60 115
69 115
100 115
101 115
107 115
111 115
114 115
2 116
21 116
23 116
28 116
31 116
39 116
43 116
45 116
46 116
56 116
62 116
64 116
84 116
87 116
89 116
99 116
101 116
107 116
6 117
17 117
18 117
38 117
54 117
60 117
70 117
81 117
85 117
88 117
102 117
6 118
8 118
9 118
13 118
28 118
37 118
41 118
49 118
79 118
82 118
104 118
105 118
114 118
4 119
5 119
7 119
18 119
24 119
32 119
34 119
38 119
50 119
51 119
53 119
58 119
65 119
70 119
74 119
89 119
101 119
102 119
110 119
114 119
2 120
10 120
21 120
33 120
36 120
40 120
65 120
73 120
74 120
85 120
88 120
98 120
0 121
6 121
12 121
20 121
23 121
32 121
33 121
39 121
52 121
59 121
69 121
71 121
73 121
75 121
83 121
93 121
94 121
95 121
111 121
4 122
7 122
14 122
20 122
28 122
34 122
48 122
49 122
52 122
53 122
54 122
73 122
74 122
81 122
95 122
101 122
105 122
8 123
15 123
16 123
23 123
40 123
48 123
67 123
73 123
80 123
95 123
103 123
2 124
5 124
34 124
36 124
60 124
62 124
67 124
77 124
105 124
106 124
5 125
7 125
10 125
13 125
24 125
35 125
48 125
59 125
76 125
85 125
86 125
90 125
91 125
105 125
106 125
107 125
113 125
10 126
16 126
54 126
71 126
78 126
81 126
90 126
119 126
14 127
24 127
32 127
37 127
46 127
47 127
56 127
66 127
70 127
75 127
86 127
88 127
93 127
97 127
107 127
109 127
16 128
20 128
53 128
69 128
75 128
83 128
97 128
99 128
101 128
102 128
107 128
110 128
119 128
121 128
125 128
10 129
42 129
47 129
49 129
77 129
101 129
109 129
110 129
120 129
122 129
13 130
26 130
31 130
32 130
40 130
41 130
53 130
61 130
78 130
86 130
103 130
104 130
108 130
121 130
124 130
2 131
10 131
14 131
15 131
20 131
23 131
24 131
48 131
72 131
83 131
84 131
85 131
91 131
96 131
121 131
122 131
12 132
21 132
27 132
39 132
42 132
46 132
55 132
57 132
62 132
67 132
68 132
77 132
79 132
90 132
96 132
97 132
101 132
103 132
109 132
118 132
120 132
125 132
7 133
12 133
29 133
36 133
39 133
66 133
70 133
80 133
83 133
85 133
86 133
89 133
93 133
112 133
118 133
13 134
22 134
41 134
44 134
50 134
53 134
57 134
58 134
67 134
78 134
87 134
92 134
93 134
110 134
117 134
120 134
1 135
7 135
11 135
13 135
16 135
34 135
48 135
56 135
68 135
76 135
82 135
94 135
99 135
102 135
105 135
115 135
0 136
32 136
45 136
53 136
59 136
69 136
70 136
74 136
79 136
80 136
96 136
118 136
5 137
7 137
13 137
15 137
23 137
24 137
30 137
32 137
33 137
50 137
62 137
69 137
78 137
89 137
91 137
97 137
102 137
112 137
115 137
125 137
0 138
6 138
27 138
32 138
37 138
50 138
52 138
55 138
69 138
76 138
79 138
80 138
82 138
85 138
87 138
95 138
96 138
100 138
102 138
114 138
123 138
10 139
12 139
21 139
26 139
37 139
38 139
48 139
53 139
56 139
59 139
65 139
67 139
73 139
86 139
91 139
101 139
108 139
121 139
122 139
2 140
10 140
12 140
15 140
21 140
32 140
38 140
54 140
75 140
77 140
85 140
89 140
94 140
97 140
106 140
119 140
121 140
127 140
135 140
137 140
5 141
9 141
11 141
13 141
21 141
25 141
26 141
29 141
30 141
65 141
69 141
75 141
81 141
95 141
109 141
111 141
117 141
124 141
139 141
4 142
8 142
26 142
30 142
32 142
41 142
48 142
50 142
56 142
68 142
88 142
89 142
90 142
93 142
109 142
115 142
128 142
130 142
131 142
135 142
138 142
1 143
4 143
18 143
26 143
29 143
43 143
64 143
66 143
73 143
79 143
81 143
86 143
99 143
111 143
113 143
115 143
118 143
128 143
136 143
139 143
9 144
14 144
19 144
23 144
26 144
54 144
61 144
72 144
73 144
81 144
97 144
103 144
105 144
128 144
133 144
135 144
137 144
138 144
13 145
15 145
17 145
19 145
42 145
48 145
49 145
50 145
54 145
59 145
73 145
81 145
82 145
86 145
91 145
96 145
98 145
109 145
111 145
113 145
119 145
123 145
124 145
129 145
138 145
3 146
7 146
16 146
25 146
28 146
31 146
32 146
37 146
53 146
64 146
93 146
97 146
104 146
116 146
120 146
121 146
2 147
6 147
21 147
27 147
40 147
49 147
56 147
61 147
72 147
75 147
83 147
86 147
89 147
94 147
95 147
98 147
116 147
130 147
133 147
4 148
12 148
15 148
35 148
40 148
43 148
47 148
54 148
71 148
76 148
90 148
24 149
26 149
42 149
57 149
61 149
63 149
69 149
91 149
98 149
103 149
121 149
148 149
4 150
13 150
16 150
22 150
26 150
28 150
32 150
52 150
59 150
61 150
67 150
81 150
82 150
83 150
105 150
118 150
123 150
128 150
140 150
24 151
27 151
28 151
37 151
38 151
51 151
55 151
70 151
80 151
86 151
98 151
117 151
134 151
142 151
7 152
9 152
45 152
47 152
52 152
69 152
102 152
116 152
148 152
12 153
16 153
28 153
30 153
33 153
34 153
35 153
67 153
70 153
77 153
80 153
107 153
109 153
123 153
128 153
2 154
6 154
9 154
15 154
17 154
27 154
29 154
38 154
44 154
53 154
68 154
70 154
81 154
83 154
88 154
90 154
92 154
102 154
111 154
145 154
14 155
47 155
51 155
55 155
59 155
60 155
67 155
81 155
86 155
89 155
92 155
95 155
97 155
106 155
112 155
121 155
126 155
133 155
135 155
136 155
140 155
142 155
6 156
7 156
13 156
15 156
19 156
27 156
29 156
48 156
56 156
70 156
75 156
78 156
96 156
100 156
107 156
108 156
113 156
114 156
120 156
122 156
125 156
141 156
142 156
10 157
24 157
29 157
32 157
34 157
66 157
75 157
100 157
105 157
108 157
109 157
113 157
118 157
123 157
125 157
148 157
8 158
11 158
13 158
39 158
56 158
60 158
61 158
72 158
76 158
77 158
80 158
81 158
87 158
99 158
100 158
103 158
105 158
106 158
120 158
125 158
131 158
132 158
137 158
138 158
140 158
4 159
11 159
34 159
49 159
55 159
100 159
102 159
110 159
125 159
126 159
131 159
135 159
139 159
141 159
143 159
8 160
17 160
18 160
20 160
21 160
54 160
65 160
68 160
73 160
77 160
85 160
90 160
91 160
103 160
109 160
124 160
128 160
132 160
143 160
147 160
1 161
11 161
24 161
25 161
31 161
37 161
39 161
43 161
49 161
69 161
83 161
99 161
100 161
105 161
117 161
142 161
14 162
19 162
23 162
24 162
27 162
37 162
43 162
54 162
58 162
68 162
77 162
78 162
92 162
94 162
104 162
105 162
107 162
121 162
124 162
135 162
11 163
28 163
30 163
33 163
36 163
49 163
56 163
68 163
71 163
74 163
75 163
86 163
132 163
139 163
146 163
15 164
25 164
29 164
36 164
56 164
57 164
67 164
68 164
70 164
80 164
85 164
104 164
119 164
120 164
122 164
133 164
33 165
46 165
50 165
65 165
66 165
75 165
89 165
93 165
100 165
103 165
116 165
136 165
142 165
144 165
151 165
9 166
17 166
19 166
27 166
63 166
70 166
71 166
82 166
87 166
93 166
94 166
99 166
102 166
107 166
118 166
136 166
141 166
146 166
161 166
163 166
9 167
13 167
17 167
46 167
49 167
50 167
64 167
69 167
71 167
79 167
86 167
91 167
93 167
95 167
96 167
104 167
115 167
120 167
136 167
146 167
151 167
153 167
158 167
2 168
12 168
15 168
21 168
28 168
33 168
37 168
38 168
41 168
45 168
46 168
70 168
74 168
84 168
95 168
111 168
114 168
118 168
121 168
134 168
137 168
145 168
19 169
26 169
37 169
40 169
45 169
59 169
61 169
63 169
67 169
73 169
94 169
102 169
108 169
118 169
122 169
148 169
157 169
160 169
1 170
26 170
48 170
55 170
57 170
61 170
71 170
76 170
87 170
92 170
105 170
106 170
111 170
128 170
132 170
154 170
157 170
3 171
10 171
16 171
36 171
52 171
59 171
65 171
66 171
83 171
89 171
91 171
99 171
102 171
103 171
115 171
119 171
123 171
127 171
150 171
158 171
164 171
12 172
31 172
34 172
47 172
50 172
64 172
72 172
84 172
103 172
110 172
118 172
121 172
123 172
142 172
146 172
148 172
151 172
152 172
161 172
1 173
15 173
24 173
32 173
34 173
65 173
66 173
70 173
72 173
74 173
75 173
80 173
84 173
89 173
92 173
100 173
107 173
124 173
128 173
130 173
131 173
136 173
156 173
157 173
9 174
15 174
17 174
19 174
20 174
34 174
57 174
86 174
88 174
92 174
104 174
115 174
126 174
128 174
134 174
141 174
144 174
147 174
150 174
1 175
8 175
11 175
15 175
33 175
36 175
54 175
61 175
68 175
73 175
79 175
87 175
88 175
89 175
102 175
109 175
110 175
112 175
114 175
120 175
125 175
143 175
148 175
151 175
158 175
159 175
5 176
15 176
21 176
27 176
28 176
29 176
30 176
43 176
50 176
53 176
55 176
58 176
68 176
84 176
85 176
98 176
99 176
105 176
106 176
108 176
111 176
114 176
116 176
125 176
136 176
152 176
153 176
13 177
14 177
16 177
17 177
18 177
23 177
38 177
45 177
78 177
83 177
84 177
91 177
94 177
104 177
109 177
110 177
127 177
131 177
141 177
162 177
166 177
171 177
17 178
25 178
40 178
44 178
61 178
75 178
82 178
93 178
95 178
98 178
100 178
104 178
105 178
112 178
117 178
124 178
137 178
143 178
151 178
152 178
154 178
155 178
160 178
168 178
0 179
9 179
10 179
14 179
31 179
35 179
36 179
43 179
57 179
69 179
70 179
71 179
74 179
75 179
78 179
85 179
104 179
114 179
143 179
154 179
17 180
18 180
26 180
50 180
61 180
63 180
66 180
67 180
69 180
70 180
77 180
85 180
86 180
97 180
98 180
109 180
124 180
138 180
148 180
156 180
158 180
161 180
162 180
176 180
10 181
13 181
18 181
28 181
32 181
39 181
45 181
46 181
47 181
50 181
68 181
69 181
85 181
90 181
112 181
113 181
117 181
151 181
173 181
174 181
175 181
19 182
20 182
33 182
42 182
50 182
59 182
76 182
88 182
91 182
101 182
104 182
116 182
128 182
130 182
132 182
134 182
144 182
147 182
148 182
162 182
1 183
3 183
5 183
19 183
25 183
39 183
44 183
46 183
70 183
99 183
105 183
109 183
110 183
116 183
140 183
155 183
172 183
5 184
7 184
11 184
29 184
37 184
39 184
48 184
49 184
62 184
70 184
80 184
106 184
115 184
151 184
176 184
178 184
179 184
181 184
16 185
37 185
42 185
43 185
46 185
51 185
52 185
69 185
88 185
96 185
98 185
101 185
103 185
104 185
108 185
111 185
116 185
120 185
140 185
143 185
144 185
150 185
157 185
164 185
166 185
174 185
175 185
178 185
5 186
7 186
10 186
22 186
25 186
29 186
43 186
49 186
52 186
55 186
68 186
78 186
87 186
93 186
106 186
113 186
138 186
139 186
155 186
163 186
165 186
171 186
173 186
174 186
177 186
180 186
12 187
15 187
19 187
23 187
43 187
44 187
50 187
57 187
65 187
73 187
100 187
103 187
105 187
117 187
122 187
124 187
138 187
152 187
166 187
167 187
168 187
172 187
173 187
3 188
9 188
16 188
17 188
18 188
40 188
45 188
50 188
54 188
61 188
65 188
79 188
90 188
104 188
108 188
128 188
135 188
146 188
148 188
149 188
159 188
176 188
5 189
9 189
11 189
15 189
20 189
35 189
62 189
72 189
95 189
101 189
114 189
119 189
130 189
136 189
145 189
157 189
159 189
173 189
174 189
177 189
178 189
2 190
10 190
15 190
21 190
22 190
32 190
38 190
40 190
42 190
56 190
59 190
71 190
73 190
81 190
92 190
96 190
97 190
101 190
102 190
103 190
106 190
108 190
120 190
121 190
142 190
148 190
169 190
181 190
1 191
32 191
33 191
44 191
59 191
85 191
87 191
94 191
95 191
98 191
100 191
103 191
106 191
109 191
110 191
114 191
128 191
136 191
143 191
165 191
176 191
177 191
180 191
1 192
14 192
17 192
34 192
36 192
48 192
58 192
63 192
68 192
70 192
71 192
79 192
80 192
82 192
98 192
107 192
143 192
150 192
177 192
181 192
7 193
17 193
18 193
29 193
30 193
41 193
51 193
58 193
61 193
64 193
79 193
80 193
81 193
102 193
104 193
107 193
112 193
120 193
123 193
156 193
171 193
172 193
1 194
8 194
11 194
13 194
31 194
43 194
50 194
53 194
55 194
56 194
75 194
79 194
93 194
129 194
133 194
136 194
138 194
141 194
149 194
150 194
151 194
156 194
158 194
180 194
181 194
4 195
5 195
14 195
19 195
23 195
26 195
37 195
41 195
44 195
50 195
57 195
61 195
78 195
83 195
97 195
105 195
110 195
118 195
129 195
131 195
158 195
167 195
0 196
9 196
16 196
23 196
31 196
36 196
37 196
41 196
60 196
62 196
63 196
78 196
80 196
81 196
86 196
92 196
96 196
97 196
111 196
115 196
140 196
145 196
152 196
155 196
162 196
164 196
167 196
171 196
178 196
187 196
0 197
4 197
8 197
17 197
20 197
23 197
25 197
28 197
29 197
31 197
32 197
34 197
43 197
44 197
47 197
54 197
57 197
66 197
68 197
93 197
99 197
100 197
114 197
132 197
137 197
138 197
150 197
156 197
158 197
167 197
185 197
191 197
192 197
193 197
0 198
7 198
26 198
38 198
42 198
44 198
62 198
68 198
70 198
74 198
77 198
83 198
87 198
103 198
108 198
111 198
112 198
119 198
124 198
144 198
148 198
149 198
177 198
178 198
181 198
182 198
188 198
191 198
193 198
4 199
7 199
15 199
17 199
22 199
33 199
43 199
51 199
55 199
59 199
60 199
62 199
66 199
75 199
80 199
82 199
83 199
96 199
108 199
111 199
114 199
117 199
151 199
157 199
159 199
160 199
166 199
184 199
14 200
17 200
28 200
34 200
35 200
45 200
51 200
68 200
82 200
83 200
88 200
93 200
107 200
118 200
119 200
131 200
156 200
172 200
177 200
0 201
4 201
11 201
15 201
17 201
18 201
19 201
20 201
62 201
63 201
68 201
75 201
78 201
79 201
82 201
91 201
93 201
109 201
111 201
112 201
123 201
128 201
136 201
144 201
158 201
162 201
1 202
4 202
17 202
20 202
29 202
34 202
35 202
37 202
38 202
50 202
60 202
70 202
101 202
115 202
127 202
153 202
155 202
170 202
176 202
180 202
194 202
0 203
2 203
9 203
10 203
25 203
36 203
47 203
53 203
68 203
71 203
80 203
81 203
97 203
98 203
99 203
109 203
144 203
145 203
150 203
152 203
186 203
191 203
12 204
17 204
34 204
54 204
59 204
61 204
62 204
72 204
74 204
91 204
109 204
112 204
120 204
122 204
126 204
129 204
132 204
139 204
141 204
146 204
155 204
156 204
174 204
187 204
12 205
13 205
14 205
15 205
19 205
24 205
27 205
31 205
33 205
35 205
52 205
58 205
66 205
74 205
75 205
78 205
117 205
122 205
128 205
138 205
144 205
159 205
167 205
171 205
173 205
192 205
9 206
37 206
39 206
53 206
65 206
86 206
88 206
90 206
104 206
106 206
107 206
111 206
117 206
120 206
127 206
129 206
130 206
132 206
136 206
143 206
153 206
158 206
159 206
163 206
167 206
173 206
176 206
177 206
189 206
192 206
9 207
13 207
32 207
39 207
41 207
51 207
57 207
58 207
62 207
65 207
87 207
103 207
106 207
116 207
117 207
127 207
128 207
136 207
141 207
150 207
170 207
176 207
185 207
187 207
189 207
196 207
197 207
6 208
7 208
8 208
17 208
27 208
29 208
38 208
41 208
44 208
45 208
54 208
71 208
72 208
77 208
96 208
118 208
126 208
130 208
134 208
136 208
142 208
145 208
146 208
153 208
159 208
165 208
191 208
4 209
20 209
22 209
26 209
35 209
49 209
63 209
71 209
74 209
76 209
81 209
82 209
93 209
102 209
106 209
108 209
111 209
115 209
142 209
143 209
147 209
155 209
181 209
1 210
2 210
4 210
7 210
23 210
36 210
37 210
38 210
57 210
60 210
71 210
80 210
92 210
100 210
115 210
116 210
125 210
140 210
142 210
159 210
172 210
173 210
174 210
177 210
179 210
186 210
2 211
8 211
20 211
22 211
24 211
35 211
39 211
63 211
84 211
92 211
100 211
102 211
107 211
111 211
112 211
113 211
114 211
136 211
137 211
140 211
142 211
169 211
172 211
173 211
175 211
181 211
187 211
198 211
199 211
204 211
14 212
24 212
46 212
48 212
55 212
56 212
63 212
66 212
76 212
79 212
84 212
92 212
100 212
104 212
105 212
110 212
115 212
118 212
131 212
136 212
139 212
149 212
157 212
173 212
176 212
179 212
180 212
182 212
183 212
6 213
8 213
21 213
29 213
33 213
34 213
36 213
44 213
54 213
56 213
64 213
69 213
72 213
75 213
82 213
91 213
93 213
97 213
134 213
136 213
137 213
138 213
145 213
154 213
165 213
177 213
183 213
193 213
195 213
198 213
0 214
1 214
3 214
9 214
15 214
33 214
49 214
55 214
57 214
72 214
84 214
88 214
95 214
117 214
149 214
160 214
170 214
173 214
175 214
188 214
192 214
202 214
12 215
15 215
21 215
22 215
24 215
29 215
30 215
35 215
38 215
42 215
46 215
49 215
50 215
58 215
63 215
70 215
79 215
82 215
84 215
85 215
115 215
128 215
134 215
160 215
161 215
163 215
166 215
179 215
185 215
192 215
193 215
7 216
16 216
22 216
24 216
30 216
31 216
33 216
56 216
63 216
67 216
75 216
98 216
99 216
112 216
114 216
119 216
124 216
132 216
134 216
135 216
140 216
142 216
153 216
154 216
164 216
172 216
202 216
7 217
21 217
30 217
37 217
42 217
68 217
70 217
73 217
75 217
96 217
98 217
104 217
105 217
106 217
109 217
120 217
133 217
134 217
135 217
139 217
145 217
153 217
177 217
185 217
189 217
194 217
198 217
203 217
6 218
7 218
13 218
18 218
27 218
40 218
56 218
70 218
76 218
82 218
83 218
86 218
87 218
92 218
100 218
106 218
108 218
110 218
126 218
137 218
154 218
157 218
191 218
203 218
215 218
216 218
13 219
15 219
20 219
29 219
37 219
43 219
44 219
46 219
56 219
65 219
67 219
68 219
75 219
90 219
92 219
93 219
97 219
139 219
141 219
142 219
153 219
154 219
156 219
157 219
170 219
175 219
176 219
184 219
198 219
205 219
207 219
213 219
8 220
11 220
13 220
20 220
29 220
31 220
38 220
43 220
51 220
55 220
60 220
63 220
68 220
69 220
78 220
84 220
91 220
95 220
117 220
118 220
125 220
131 220
155 220
156 220
159 220
161 220
165 220
169 220
175 220
183 220
188 220
193 220
202 220
208 220
215 220
3 221
8 221
9 221
14 221
19 221
31 221
38 221
50 221
76 221
78 221
82 221
86 221
99 221
151 221
152 221
155 221
166 221
178 221
179 221
183 221
189 221
196 221
200 221
212 221
217 221
16 222
19 222
23 222
43 222
44 222
55 222
56 222
63 222
69 222
73 222
75 222
90 222
96 222
118 222
123 222
128 222
131 222
136 222
143 222
147 222
158 222
163 222
180 222
189 222
199 222
215 222
217 222
40 223
41 223
44 223
46 223
48 223
58 223
60 223
81 223
85 223
99 223
103 223
104 223
105 223
112 223
114 223
118 223
121 223
122 223
125 223
134 223
144 223
161 223
176 223
179 223
201 223
202 223
209 223
214 223
216 223
8 224
14 224
16 224
30 224
41 224
53 224
58 224
71 224
75 224
77 224
82 224
92 224
97 224
112 224
119 224
135 224
136 224
139 224
161 224
166 224
169 224
171 224
172 224
181 224
193 224
201 224
0 225
10 225
33 225
34 225
40 225
49 225
73 225
79 225
87 225
90 225
96 225
106 225
110 225
112 225
116 225
117 225
125 225
128 225
136 225
138 225
144 225
146 225
150 225
161 225
166 225
168 225
170 225
172 225
186 225
187 225
199 225
205 225
209 225
217 225
0 226
1 226
9 226
10 226
23 226
36 226
56 226
58 226
62 226
70 226
73 226
83 226
85 226
122 226
141 226
164 226
165 226
166 226
168 226
178 226
185 226
186 226
197 226
216 226
217 226
1 227
7 227
10 227
14 227
16 227
25 227
26 227
32 227
36 227
49 227
56 227
62 227
74 227
93 227
96 227
108 227
109 227
111 227
113 227
117 227
118 227
121 227
131 227
149 227
156 227
163 227
169 227
224 227
1 228
3 228
20 228
31 228
34 228
36 228
39 228
44 228
52 228
62 228
71 228
80 228
85 228
89 228
98 228
121 228
136 228
144 228
148 228
151 228
152 228
158 228
171 228
173 228
195 228
198 228
211 228
212 228
213 228
217 228
224 228
11 229
20 229
31 229
33 229
46 229
73 229
75 229
77 229
79 229
84 229
94 229
103 229
104 229
112 229
113 229
132 229
147 229
168 229
170 229
176 229
185 229
191 229
195 229
201 229
203 229
212 229
223 229
0 230
3 230
8 230
21 230
34 230
39 230
42 230
46 230
50 230
55 230
58 230
65 230
74 230
80 230
87 230
100 230
104 230
119 230
120 230
124 230
128 230
131 230
134 230
144 230
154 230
157 230
164 230
168 230
175 230
183 230
197 230
201 230
205 230
206 230
207 230
211 230
218 230
219 230
2 231
26 231
35 231
36 231
41 231
44 231
45 231
49 231
64 231
75 231
76 231
91 231
100 231
106 231
109 231
114 231
124 231
125 231
140 231
144 231
155 231
175 231
222 231
1 232
14 232
35 232
56 232
74 232
99 232
102 232
119 232
129 232
134 232
144 232
146 232
157 232
167 232
171 232
174 232
176 232
185 232
205 232
3 233
5 233
17 233
20 233
33 233
41 233
48 233
51 233
70 233
75 233
93 233
102 233
106 233
109 233
110 233
119 233
121 233
125 233
127 233
129 233
131 233
133 233
137 233
144 233
155 233
159 233
179 233
182 233
190 233
191 233
193 233
202 233
208 233
213 233
221 233
3 234
23 234
24 234
27 234
44 234
48 234
49 234
77 234
78 234
84 234
93 234
101 234
105 234
109 234
115 234
129 234
134 234
142 234
148 234
175 234
181 234
192 234
215 234
8 235
16 235
31 235
39 235
42 235
45 235
48 235
57 235
58 235
68 235
76 235
79 235
83 235
84 235
91 235
97 235
98 235
101 235
104 235
115 235
117 235
132 235
136 235
142 235
156 235
167 235
173 235
180 235
189 235
190 235
193 235
194 235
197 235
211 235
215 235
216 235
218 235
13 236
17 236
28 236
29 236
51 236
53 236
56 236
58 236
62 236
75 236
87 236
89 236
92 236
96 236
110 236
120 236
127 236
132 236
141 236
147 236
148 236
152 236
155 236
159 236
176 236
178 236
194 236
197 236
199 236
201 236
209 236
211 236
216 236
218 236
4 237
5 237
9 237
17 237
35 237
37 237
43 237
48 237
50 237
63 237
64 237
66 237
81 237
100 237
114 237
119 237
125 237
126 237
127 237
138 237
149 237
151 237
170 237
175 237
177 237
186 237
189 237
191 237
196 237
200 237
223 237
24 238
27 238
31 238
37 238
44 238
72 238
83 238
85 238
100 238
108 238
134 238
136 238
144 238
148 238
167 238
173 238
177 238
183 238
186 238
188 238
192 238
193 238
219 238
221 238
233 238
234 238
0 239
1 239
8 239
19 239
21 239
29 239
42 239
44 239
47 239
61 239
72 239
78 239
83 239
95 239
100 239
101 239
102 239
105 239
108 239
114 239
117 239
122 239
123 239
125 239
128 239
134 239
135 239
144 239
149 239
174 239
176 239
178 239
182 239
197 239
204 239
211 239
215 239
218 239
220 239
229 239
230 239
0 240
3 240
12 240
15 240
20 240
26 240
28 240
30 240
33 240
48 240
61 240
72 240
74 240
77 240
79 240
83 240
85 240
92 240
98 240
99 240
103 240
113 240
116 240
127 240
129 240
138 240
140 240
141 240
144 240
161 240
187 240
188 240
192 240
194 240
195 240
196 240
201 240
214 240
221 240
222 240
224 240
234 240
10 241
13 241
14 241
22 241
24 241
29 241
32 241
34 241
38 241
45 241
47 241
52 241
54 241
57 241
61 241
66 241
70 241
79 241
82 241
86 241
97 241
112 241
117 241
142 241
154 241
155 241
167 241
177 241
178 241
184 241
204 241
211 241
214 241
219 241
223 241
228 241
230 241
6 242
10 242
24 242
34 242
43 242
55 242
84 242
91 242
111 242
112 242
113 242
121 242
128 242
134 242
137 242
138 242
141 242
149 242
150 242
154 242
170 242
181 242
184 242
190 242
191 242
198 242
210 242
217 242
236 242
2 243
7 243
14 243
20 243
27 243
29 243
32 243
34 243
35 243
69 243
72 243
81 243
84 243
107 243
109 243
129 243
134 243
135 243
140 243
143 243
144 243
152 243
157 243
193 243
197 243
206 243
216 243
219 243
231 243
232 243
233 243
3 244
14 244
19 244
39 244
41 244
43 244
44 244
54 244
61 244
74 244
106 244
107 244
123 244
124 244
132 244
133 244
172 244
176 244
187 244
193 244
198 244
205 244
217 244
223 244
228 244
4 245
6 245
8 245
18 245
23 245
36 245
46 245
51 245
59 245
64 245
66 245
75 245
81 245
92 245
105 245
112 245
130 245
151 245
163 245
187 245
188 245
211 245
219 245
220 245
222 245
228 245
234 245
235 245
238 245
240 245
19 246
54 246
65 246
95 246
103 246
110 246
117 246
123 246
125 246
137 246
143 246
147 246
160 246
161 246
167 246
177 246
183 246
191 246
197 246
204 246
206 246
216 246
220 246
222 246
224 246
234 246
236 246
8 247
9 247
16 247
18 247
19 247
31 247
32 247
33 247
46 247
49 247
54 247
69 247
71 247
74 247
78 247
92 247
100 247
133 247
135 247
136 247
142 247
161 247
162 247
177 247
183 247
187 247
191 247
198 247
201 247
202 247
210 247
211 247
215 247
221 247
228 247
230 247
234 247
0 248
1 248
7 248
10 248
20 248
30 248
33 248
40 248
60 248
67 248
69 248
72 248
78 248
79 248
90 248
95 248
98 248
101 248
114 248
121 248
123 248
133 248
138 248
141 248
154 248
174 248
178 248
180 248
186 248
202 248
209 248
223 248
228 248
244 248
29 249
30 249
37 249
57 249
65 249
72 249
78 249
81 249
84 249
92 249
99 249
107 249
109 249
113 249
114 249
130 249
133 249
154 249
155 249
165 249
188 249
189 249
194 249
198 249
212 249
223 249
224 249
226 249
234 249
235 249
244 249
0 250
7 250
14 250
21 250
23 250
25 250
28 250
35 250
39 250
43 250
45 250
51 250
52 250
62 250
79 250
84 250
86 250
99 250
101 250
112 250
126 250
129 250
135 250
147 250
150 250
152 250
163 250
168 250
170 250
171 250
180 250
190 250
193 250
194 250
228 250
234 250
2 251
27 251
30 251
51 251
64 251
75 251
93 251
95 251
96 251
101 251
148 251
155 251
161 251
164 251
166 251
174 251
176 251
177 251
197 251
206 251
212 251
225 251
228 251
240 251
244 251
245 251
7 252
8 252
10 252
15 252
33 252
34 252
35 252
59 252
72 252
75 252
78 252
80 252
89 252
96 252
97 252
101 252
107 252
110 252
121 252
131 252
144 252
154 252
155 252
159 252
179 252
188 252
195 252
199 252
211 252
218 252
228 252
234 252
238 252
250 252
9 253
10 253
15 253
20 253
21 253
42 253
62 253
63 253
65 253
69 253
71 253
72 253
76 253
86 253
91 253
116 253
142 253
150 253
151 253
156 253
158 253
170 253
178 253
186 253
199 253
207 253
215 253
217 253
229 253
230 253
243 253
9 254
17 254
19 254
22 254
48 254
68 254
69 254
72 254
77 254
79 254
92 254
108 254
118 254
122 254
125 254
143 254
147 254
153 254
154 254
155 254
162 254
165 254
169 254
171 254
172 254
182 254
189 254
195 254
206 254
207 254
211 254
238 254
245 254
249 254
17 255
23 255
39 255
53 255
54 255
70 255
76 255
81 255
99 255
130 255
138 255
157 255
172 255
175 255
195 255
199 255
206 255
213 255
236 255
238 255
246 255
247 255
11 256
15 256
22 256
28 256
30 256
42 256
44 256
66 256
73 256
75 256
79 256
92 256
106 256
114 256
126 256
127 256
131 256
133 256
139 256
149 256
164 256
173 256
181 256
183 256
196 256
207 256
221 256
229 256
234 256
236 256
237 256
244 256
245 256
248 256
23 257
35 257
37 257
41 257
43 257
55 257
70 257
77 257
79 257
82 257
87 257
93 257
100 257
102 257
104 257
120 257
124 257
133 257
148 257
158 257
159 257
160 257
165 257
170 257
191 257
230 257
246 257
247 257
249 257
1 258
15 258
17 258
23 258
60 258
62 258
64 258
67 258
68 258
70 258
71 258
82 258
87 258
109 258
111 258
118 258
129 258
132 258
137 258
139 258
149 258
164 258
168 258
174 258
176 258
178 258
181 258
187 258
191 258
194 258
200 258
205 258
208 258
217 258
220 258
229 258
236 258
241 258
248 258
0 259
7 259
8 259
18 259
25 259
29 259
35 259
41 259
48 259
51 259
55 259
66 259
68 259
70 259
76 259
84 259
86 259
93 259
96 259
103 259
104 259
117 259
124 259
134 259
145 259
148 259
172 259
180 259
189 259
204 259
205 259
215 259
216 259
239 259
245 259
248 259
0 260
5 260
24 260
30 260
40 260
47 260
50 260
60 260
61 260
66 260
69 260
91 260
107 260
108 260
132 260
151 260
158 260
163 260
165 260
166 260
173 260
190 260
202 260
203 260
208 260
209 260
227 260
229 260
231 260
1 261
9 261
21 261
22 261
33 261
34 261
39 261
48 261
49 261
72 261
78 261
88 261
92 261
99 261
103 261
108 261
112 261
113 261
114 261
119 261
122 261
131 261
134 261
135 261
136 261
144 261
146 261
157 261
165 261
175 261
184 261
199 261
205 261
209 261
210 261
211 261
217 261
218 261
231 261
233 261
240 261
241 261
8 262
14 262
17 262
20 262
22 262
31 262
39 262
45 262
61 262
67 262
71 262
77 262
85 262
86 262
90 262
95 262
100 262
105 262
107 262
113 262
123 262
125 262
127 262
130 262
139 262
146 262
159 262
160 262
172 262
175 262
177 262
180 262
184 262
187 262
202 262
209 262
223 262
239 262
242 262
243 262
0 263
35 263
37 263
68 263
76 263
95 263
114 263
125 263
133 263
136 263
156 263
159 263
170 263
178 263
191 263
198 263
210 263
224 263
235 263
236 263
241 263
242 263
244 263
245 263
3 264
17 264
21 264
23 264
27 264
30 264
32 264
33 264
42 264
58 264
65 264
78 264
79 264
93 264
101 264
107 264
111 264
120 264
137 264
147 264
156 264
159 264
174 264
181 264
204 264
214 264
221 264
222 264
225 264
226 264
232 264
242 264
2 265
20 265
27 265
33 265
45 265
50 265
53 265
59 265
70 265
79 265
86 265
107 265
122 265
124 265
142 265
147 265
171 265
180 265
189 265
201 265
204 265
226 265
230 265
231 265
235 265
236 265
250 265
253 265
3 266
32 266
39 266
41 266
48 266
50 266
56 266
57 266
64 266
75 266
76 266
82 266
83 266
103 266
105 266
107 266
114 266
118 266
121 266
126 266
136 266
141 266
143 266
154 266
164 266
166 266
180 266
186 266
197 266
211 266
213 266
219 266
231 266
252 266
255 266
259 266
2 267
15 267
17 267
19 267
24 267
29 267
35 267
53 267
65 267
83 267
85 267
91 267
103 267
109 267
111 267
142 267
151 267
158 267
160 267
165 267
173 267
179 267
193 267
197 267
221 267
227 267
232 267
239 267
254 267
261 267
5 268
7 268
26 268
30 268
33 268
35 268
44 268
49 268
53 268
54 268
56 268
57 268
61 268
86 268
97 268
100 268
124 268
129 268
137 268
146 268
149 268
164 268
171 268
174 268
180 268
192 268
203 268
209 268
224 268
226 268
227 268
244 268
257 268
5 269
12 269
20 269
29 269
30 269
35 269
37 269
39 269
50 269
53 269
54 269
61 269
64 269
81 269
84 269
109 269
114 269
118 269
128 269
129 269
133 269
141 269
151 269
167 269
169 269
170 269
196 269
202 269
204 269
205 269
209 269
220 269
244 269
247 269
248 269
262 269
8 270
25 270
31 270
35 270
36 270
39 270
57 270
74 270
75 270
85 270
100 270
136 270
137 270
138 270
140 270
154 270
158 270
170 270
171 270
178 270
187 270
199 270
205 270
208 270
237 270
238 270
242 270
0 271
1 271
4 271
5 271
11 271
16 271
25 271
44 271
52 271
56 271
68 271
76 271
85 271
88 271
91 271
96 271
103 271
104 271
112 271
117 271
119 271
124 271
125 271
132 271
134 271
135 271
140 271
142 271
143 271
171 271
173 271
177 271
190 271
194 271
195 271
196 271
198 271
200 271
248 271
253 271
257 271
4 272
11 272
13 272
16 272
19 272
26 272
30 272
38 272
42 272
43 272
47 272
54 272
58 272
59 272
65 272
69 272
75 272
78 272
109 272
121 272
123 272
153 272
158 272
195 272
214 272
216 272
217 272
218 272
236 272
237 272
243 272
249 272
258 272
19 273
22 273
28 273
34 273
37 273
47 273
50 273
52 273
61 273
65 273
70 273
78 273
83 273
87 273
88 273
102 273
109 273
114 273
124 273
126 273
127 273
130 273
131 273
138 273
148 273
153 273
158 273
169 273
182 273
190 273
194 273
198 273
205 273
218 273
222 273
240 273
261 273
7 274
23 274
29 274
35 274
43 274
56 274
58 274
68 274
72 274
75 274
85 274
110 274
130 274
137 274
144 274
145 274
149 274
154 274
158 274
165 274
168 274
170 274
174 274
190 274
191 274
198 274
200 274
220 274
228 274
229 274
239 274
247 274
252 274
256 274
260 274
262 274
3 275
4 275
19 275
22 275
56 275
57 275
76 275
78 275
80 275
90 275
92 275
94 275
103 275
106 275
107 275
110 275
118 275
121 275
127 275
128 275
154 275
157 275
159 275
165 275
176 275
178 275
196 275
197 275
230 275
232 275
235 275
243 275
244 275
246 275
247 275
259 275
4 276
19 276
20 276
36 276
42 276
43 276
54 276
82 276
89 276
99 276
102 276
103 276
106 276
110 276
115 276
117 276
119 276
126 276
137 276
143 276
152 276
154 276
157 276
160 276
170 276
186 276
188 276
199 276
210 276
216 276
218 276
219 276
223 276
234 276
241 276
247 276
4 277
15 277
20 277
26 277
29 277
41 277
45 277
65 277
67 277
69 277
72 277
75 277
85 277
86 277
90 277
93 277
97 277
104 277
117 277
119 277
120 277
125 277
127 277
129 277
131 277
133 277
144 277
148 277
154 277
173 277
181 277
188 277
192 277
203 277
218 277
222 277
247 277
259 277
263 277
265 277
267 277
271 277
274 277
4 278
8 278
13 278
22 278
25 278
26 278
42 278
51 278
59 278
65 278
66 278
76 278
79 278
97 278
111 278
118 278
132 278
144 278
147 278
153 278
158 278
172 278
178 278
182 278
187 278
189 278
207 278
209 278
231 278
236 278
241 278
253 278
265 278
269 278
1 279
12 279
15 279
17 279
29 279
35 279
37 279
38 279
47 279
50 279
57 279
78 279
92 279
97 279
100 279
117 279
119 279
121 279
137 279
146 279
153 279
173 279
177 279
189 279
190 279
192 279
193 279
198 279
208 279
227 279
231 279
236 279
247 279
252 279
258 279
12 280
17 280
21 280
48 280
50 280
57 280
61 280
65 280
66 280
68 280
70 280
78 280
91 280
97 280
101 280
111 280
114 280
115 280
122 280
138 280
146 280
150 280
173 280
174 280
187 280
189 280
200 280
232 280
252 280
257 280
262 280
265 280
1 281
5 281
10 281
36 281
37 281
38 281
44 281
49 281
50 281
58 281
72 281
80 281
81 281
93 281
95 281
99 281
120 281
122 281
137 281
140 281
144 281
150 281
158 281
169 281
177 281
178 281
202 281
207 281
214 281
215 281
218 281
234 281
243 281
248 281
253 281
257 281
261 281
274 281
275 281
4 282
14 282
16 282
18 282
22 282
48 282
49 282
50 282
54 282
75 282
80 282
94 282
102 282
107 282
108 282
119 282
145 282
147 282
149 282
157 282
168 282
170 282
172 282
178 282
193 282
206 282
216 282
219 282
220 282
231 282
236 282
274 282
275 282
10 283
51 283
76 283
85 283
90 283
95 283
99 283
100 283
106 283
116 283
120 283
126 283
131 283
141 283
142 283
163 283
164 283
169 283
171 283
182 283
185 283
191 283
193 283
200 283
207 283
208 283
211 283
229 283
264 283
276 283
6 284
31 284
36 284
37 284
42 284
47 284
51 284
73 284
82 284
83 284
97 284
98 284
99 284
101 284
105 284
117 284
123 284
126 284
130 284
135 284
152 284
155 284
167 284
173 284
194 284
196 284
211 284
217 284
223 284
233 284
254 284
260 284
278 284
1 285
2 285
12 285
30 285
31 285
34 285
45 285
50 285
51 285
63 285
66 285
74 285
78 285
100 285
134 285
144 285
146 285
154 285
165 285
169 285
170 285
173 285
178 285
180 285
201 285
209 285
222 285
223 285
224 285
231 285
251 285
256 285
278 285
279 285
10 286
19 286
22 286
31 286
53 286
55 286
74 286
76 286
99 286
102 286
103 286
108 286
109 286
115 286
118 286
120 286
129 286
138 286
154 286
155 286
161 286
166 286
185 286
186 286
189 286
191 286
192 286
196 286
210 286
212 286
215 286
230 286
231 286
237 286
240 286
242 286
244 286
253 286
256 286
266 286
270 286
4 287
9 287
12 287
14 287
25 287
37 287
49 287
50 287
62 287
68 287
90 287
96 287
125 287
128 287
142 287
154 287
155 287
159 287
161 287
182 287
184 287
195 287
199 287
207 287
223 287
229 287
233 287
244 287
245 287
247 287
2 288
40 288
46 288
52 288
64 288
88 288
91 288
103 288
129 288
134 288
141 288
153 288
162 288
164 288
175 288
182 288
185 288
193 288
203 288
209 288
216 288
218 288
224 288
243 288
246 288
248 288
250 288
252 288
255 288
263 288
270 288
0 289
4 289
8 289
16 289
20 289
34 289
40 289
45 289
47 289
55 289
64 289
72 289
98 289
102 289
111 289
116 289
127 289
130 289
134 289
161 289
188 289
190 289
191 289
194 289
203 289
212 289
213 289
224 289
227 289
241 289
249 289
283 289
284 289
0 290
4 290
9 290
35 290
47 290
57 290
61 290
66 290
71 290
75 290
76 290
82 290
95 290
109 290
113 290
142 290
150 290
169 290
187 290
191 290
195 290
196 290
201 290
213 290
223 290
227 290
238 290
239 290
241 290
254 290
274 290
278 290
15 291
21 291
25 291
39 291
51 291
54 291
56 291
69 291
78 291
82 291
105 291
109 291
115 291
138 291
148 291
159 291
160 291
173 291
209 291
210 291
212 291
215 291
219 291
222 291
225 291
231 291
239 291
253 291
256 291
285 291
288 291
8 292
38 292
44 292
53 292
82 292
85 292
88 292
97 292
102 292
108 292
132 292
143 292
144 292
163 292
186 292
189 292
202 292
203 292
206 292
211 292
215 292
221 292
240 292
245 292
247 292
250 292
259 292
260 292
273 292
274 292
11 293
24 293
32 293
33 293
40 293
47 293
48 293
49 293
58 293
66 293
73 293
74 293
91 293
126 293
127 293
135 293
137 293
180 293
184 293
204 293
208 293
217 293
223 293
226 293
229 293
243 293
244 293
259 293
261 293
263 293
267 293
269 293
274 293
275 293
276 293
282 293
284 293
1 294
6 294
12 294
18 294
31 294
32 294
34 294
39 294
58 294
65 294
90 294
95 294
97 294
103 294
104 294
113 294
141 294
159 294
169 294
172 294
181 294
182 294
194 294
200 294
204 294
205 294
216 294
227 294
230 294
237 294
258 294
266 294
267 294
268 294
3 295
16 295
33 295
34 295
45 295
47 295
81 295
90 295
93 295
102 295
119 295
128 295
131 295
151 295
161 295
165 295
168 295
174 295
193 295
195 295
197 295
212 295
221 295
225 295
229 295
232 295
252 295
269 295
283 295
286 295
0 296
1 296
2 296
8 296
20 296
22 296
25 296
26 296
37 296
48 296
61 296
63 296
67 296
73 296
74 296
89 296
102 296
107 296
124 296
128 296
135 296
140 296
143 296
146 296
151 296
161 296
164 296
170 296
172 296
182 296
183 296
186 296
188 296
191 296
196 296
214 296
217 296
224 296
270 296
14 297
18 297
38 297
40 297
42 297
45 297
55 297
56 297
59 297
61 297
79 297
85 297
92 297
102 297
117 297
122 297
125 297
127 297
150 297
156 297
162 297
170 297
188 297
198 297
200 297
203 297
205 297
206 297
207 297
219 297
233 297
244 297
245 297
249 297
256 297
262 297
273 297
274 297
276 297
284 297
6 298
8 298
11 298
22 298
28 298
33 298
46 298
47 298
51 298
84 298
85 298
101 298
116 298
120 298
122 298
123 298
133 298
143 298
151 298
179 298
185 298
194 298
216 298
219 298
224 298
231 298
238 298
242 298
247 298
259 298
265 298
266 298
271 298
272 298
273 298
274 298
281 298
283 298
286 298
0 299
3 299
6 299
12 299
20 299
37 299
50 299
57 299
90 299
95 299
105 299
106 299
124 299
125 299
128 299
133 299
140 299
146 299
151 299
158 299
169 299
182 299
184 299
186 299
211 299
227 299
233 299
234 299
257 299
264 299
268 299
275 299
283 299
284 299
288 299
