300 8282 5
2 15 4 19 6 7 15 20 18 2 15 17 16 8 4 7 11 9 8 17 8 3 8 2 8 19 8 12 2 3 8 11 7 7 10 14 17 8 16 8 12 16 8 16 14 13 4 8 11 16 17 19 5 4 12 2 5 19 14 16 11 19 20 12 14 18 19 7 6 3 15 19 6 18 19 15 1 13 14 17 2 9 15 18 1 19 6 3 15 1 3 7 17 11 3 15 19 12 12 12 6 12 5 4 6 14 8 5 2 14 10 5 13 18 13 11 9 12 20 18 12 6 18 2 17 14 16 12 10 1 11 9 12 9 11 12 6 15 12 20 9 6 11 5 1 19 19 14 4 8 17 9 6 10 5 19 15 4 6 16 2 7 1 5 13 11 6 13 2 17 5 12 20 15 4 5 5 3 1 20 5 16 20 11 4 6 15 18 14 5 12 1 9 2 5 16 5 2 4 8 7 6 1 11 4 5 4 14 11 11 15 20 14 4 1 14 19 6 6 19 14 19 20 1 9 17 9 14 17 8 16 6 8 14 18 19 19 7 19 2 16 15 12 4 3 15 15 2 2 12 18 1 17 1 15 10 13 10 5 11 20 6 1 3 12 11 8 19 18 14 3 15 11 13 6 19 11 14 15 9 10 19 11 16 9 12 14 17 10 15 8 2 19 11 9 5 3 11 9 13
9 17
11 17
5 18
7 18
9 18
6 19
14 19
3 20
4 20
11 20
15 20
11 21
1 23
4 23
5 23
7 23
10 23
4 24
9 24
0 25
6 25
11 25
14 25
15 25
16 25
17 25
3 26
11 26
21 26
4 27
5 27
9 27
13 27
19 27
0 28
2 28
7 28
21 28
24 28
3 29
4 29
8 29
12 29
24 29
3 30
16 30
18 30
21 30
5 31
8 31
10 31
21 31
0 32
3 32
11 32
22 32
6 33
9 33
10 33
11 33
15 33
21 33
22 33
31 33
6 34
7 34
12 34
16 34
19 34
20 34
30 34
4 35
10 35
18 35
26 35
7 36
22 36
26 36
31 36
32 36
10 37
12 37
16 37
17 37
19 37
10 38
14 38
16 38
17 38
10 39
12 39
22 39
25 39
30 39
32 39
7 40
12 40
22 40
23 40
24 40
27 40
31 40
1 41
3 41
5 41
7 41
21 41
22 41
31 41
5 42
7 42
9 42
11 42
23 42
27 42
31 42
2 43
4 43
9 43
14 43
20 43
22 43
26 43
27 43
28 43
2 44
5 44
12 44
15 44
18 44
32 44
0 45
1 45
6 45
8 45
10 45
20 45
24 45
26 45
6 46
10 46
12 46
13 46
17 46
20 46
23 46
27 46
32 46
0 47
1 47
3 47
10 47
16 47
17 47
26 47
31 47
33 47
44 47
45 47
8 48
14 48
15 48
21 48
27 48
28 48
33 48
41 48
43 48
0 49
2 49
5 49
6 49
12 49
16 49
24 49
29 49
31 49
36 49
39 49
45 49
6 50
12 50
13 50
16 50
19 50
22 50
24 50
25 50
29 50
38 50
39 50
43 50
46 50
0 51
12 51
15 51
18 51
21 51
33 51
34 51
45 51
4 52
9 52
14 52
16 52
18 52
20 52
26 52
33 52
35 52
36 52
3 53
5 53
19 53
23 53
25 53
44 53
2 54
17 54
26 54
28 54
29 54
32 54
35 54
3 55
8 55
9 55
13 55
18 55
23 55
29 55
32 55
37 55
41 55
43 55
0 56
4 56
10 56
18 56
19 56
20 56
22 56
23 56
25 56
27 56
31 56
33 56
34 56
36 56
41 56
45 56
2 57
9 57
12 57
19 57
21 57
22 57
23 57
34 57
39 57
40 57
52 57
53 57
2 58
8 58
10 58
15 58
18 58
20 58
26 58
30 58
34 58
36 58
39 58
42 58
52 58
4 59
13 59
23 59
27 59
31 59
35 59
36 59
42 59
53 59
54 59
56 59
1 60
2 60
4 60
9 60
10 60
23 60
25 60
28 60
29 60
37 60
40 60
41 60
52 60
17 61
23 61
25 61
26 61
46 61
47 61
2 62
4 62
26 62
27 62
31 62
32 62
36 62
40 62
50 62
51 62
55 62
2 63
6 63
19 63
30 63
31 63
35 63
36 63
41 63
45 63
53 63
56 63
5 64
7 64
22 64
23 64
26 64
30 64
41 64
42 64
45 64
50 64
3 65
8 65
12 65
16 65
20 65
22 65
25 65
26 65
33 65
49 65
50 65
52 65
58 65
61 65
63 65
0 66
2 66
9 66
23 66
28 66
30 66
31 66
35 66
36 66
37 66
43 66
50 66
57 66
59 66
61 66
62 66
3 67
6 67
18 67
20 67
23 67
26 67
31 67
36 67
38 67
43 67
44 67
45 67
0 68
8 68
12 68
21 68
29 68
37 68
43 68
47 68
49 68
51 68
58 68
61 68
17 69
25 69
26 69
27 69
29 69
31 69
33 69
36 69
38 69
42 69
56 69
58 69
64 69
10 70
17 70
20 70
34 70
42 70
43 70
45 70
48 70
0 71
20 71
28 71
34 71
44 71
62 71
63 71
64 71
3 72
7 72
10 72
14 72
22 72
25 72
29 72
30 72
34 72
49 72
13 73
14 73
15 73
19 73
22 73
29 73
43 73
46 73
48 73
50 73
53 73
56 73
63 73
12 74
17 74
20 74
34 74
42 74
45 74
46 74
48 74
49 74
55 74
59 74
61 74
62 74
18 75
22 75
26 75
27 75
28 75
30 75
32 75
33 75
41 75
42 75
50 75
52 75
54 75
55 75
62 75
63 75
64 75
4 76
25 76
30 76
38 76
41 76
43 76
44 76
51 76
52 76
59 76
60 76
61 76
62 76
64 76
4 77
8 77
18 77
21 77
27 77
32 77
34 77
36 77
37 77
40 77
52 77
53 77
55 77
56 77
61 77
1 78
10 78
13 78
14 78
17 78
19 78
20 78
23 78
28 78
33 78
35 78
38 78
40 78
43 78
48 78
50 78
62 78
63 78
1 79
4 79
7 79
18 79
23 79
24 79
29 79
41 79
42 79
48 79
57 79
10 80
14 80
18 80
19 80
21 80
25 80
26 80
38 80
45 80
51 80
7 81
10 81
11 81
21 81
28 81
30 81
31 81
32 81
37 81
41 81
43 81
54 81
58 81
64 81
2 82
3 82
4 82
14 82
17 82
20 82
27 82
29 82
37 82
38 82
43 82
45 82
46 82
54 82
57 82
60 82
63 82
66 82
10 83
13 83
14 83
18 83
25 83
26 83
27 83
29 83
32 83
36 83
40 83
56 83
74 83
81 83
5 84
10 84
14 84
23 84
29 84
31 84
35 84
58 84
64 84
74 84
3 85
6 85
7 85
10 85
11 85
15 85
30 85
36 85
54 85
59 85
66 85
68 85
72 85
73 85
74 85
78 85
7 86
11 86
16 86
22 86
24 86
25 86
26 86
28 86
38 86
39 86
48 86
52 86
58 86
63 86
65 86
66 86
72 86
73 86
76 86
78 86
10 87
22 87
31 87
33 87
35 87
37 87
47 87
73 87
79 87
81 87
20 88
25 88
29 88
30 88
33 88
46 88
62 88
64 88
67 88
75 88
80 88
83 88
84 88
86 88
0 89
2 89
16 89
21 89
27 89
35 89
49 89
59 89
61 89
63 89
64 89
67 89
77 89
1 90
4 90
5 90
7 90
10 90
12 90
22 90
25 90
26 90
39 90
42 90
46 90
52 90
67 90
72 90
75 90
80 90
82 90
87 90
4 91
9 91
11 91
15 91
25 91
33 91
34 91
38 91
43 91
50 91
57 91
59 91
65 91
67 91
82 91
85 91
5 92
6 92
15 92
19 92
43 92
55 92
80 92
1 93
2 93
7 93
10 93
12 93
18 93
21 93
27 93
32 93
43 93
47 93
52 93
53 93
55 93
61 93
62 93
63 93
71 93
75 93
76 93
87 93
5 94
8 94
9 94
17 94
24 94
26 94
30 94
36 94
40 94
43 94
44 94
49 94
55 94
63 94
64 94
65 94
76 94
80 94
81 94
87 94
8 95
9 95
13 95
18 95
19 95
32 95
38 95
48 95
49 95
54 95
58 95
59 95
60 95
63 95
66 95
84 95
86 95
0 96
8 96
15 96
26 96
29 96
39 96
42 96
46 96
49 96
75 96
85 96
6 97
13 97
14 97
21 97
22 97
38 97
42 97
43 97
47 97
49 97
52 97
56 97
75 97
77 97
78 97
80 97
87 97
16 98
20 98
24 98
28 98
34 98
41 98
45 98
51 98
58 98
69 98
74 98
4 99
10 99
12 99
32 99
38 99
42 99
45 99
46 99
47 99
48 99
50 99
52 99
63 99
65 99
72 99
83 99
91 99
94 99
3 100
8 100
20 100
22 100
24 100
31 100
32 100
35 100
40 100
41 100
44 100
45 100
49 100
52 100
55 100
70 100
71 100
72 100
75 100
76 100
79 100
83 100
84 100
87 100
90 100
93 100
5 101
18 101
38 101
39 101
40 101
42 101
55 101
59 101
66 101
69 101
74 101
79 101
80 101
84 101
88 101
94 101
95 101
2 102
8 102
10 102
11 102
15 102
21 102
23 102
27 102
53 102
55 102
67 102
68 102
69 102
77 102
81 102
92 102
98 102
1 103
3 103
5 103
10 103
13 103
16 103
20 103
26 103
31 103
43 103
46 103
53 103
57 103
69 103
70 103
71 103
73 103
77 103
84 103
86 103
2 104
10 104
11 104
12 104
17 104
26 104
31 104
33 104
35 104
36 104
45 104
54 104
57 104
60 104
61 104
68 104
70 104
78 104
79 104
89 104
90 104
97 104
2 105
3 105
5 105
12 105
14 105
29 105
33 105
36 105
39 105
41 105
51 105
66 105
74 105
81 105
83 105
85 105
94 105
0 106
7 106
8 106
10 106
17 106
18 106
23 106
36 106
37 106
44 106
60 106
61 106
63 106
64 106
68 106
69 106
70 106
71 106
79 106
96 106
98 106
8 107
14 107
17 107
30 107
33 107
37 107
46 107
48 107
54 107
70 107
74 107
76 107
77 107
80 107
84 107
89 107
94 107
97 107
6 108
13 108
16 108
17 108
20 108
29 108
31 108
33 108
38 108
43 108
52 108
60 108
62 108
66 108
72 108
83 108
85 108
94 108
12 109
17 109
37 109
40 109
46 109
49 109
52 109
54 109
61 109
62 109
67 109
68 109
72 109
75 109
77 109
78 109
84 109
90 109
91 109
93 109
0 110
5 110
7 110
10 110
16 110
22 110
29 110
30 110
31 110
34 110
46 110
47 110
49 110
54 110
55 110
61 110
62 110
67 110
81 110
85 110
1 111
6 111
11 111
15 111
17 111
18 111
27 111
34 111
36 111
39 111
50 111
51 111
56 111
67 111
77 111
79 111
81 111
89 111
94 111
96 111
2 112
19 112
21 112
25 112
28 112
32 112
34 112
43 112
49 112
60 112
63 112
88 112
94 112
95 112
0 113
11 113
17 113
24 113
36 113
45 113
48 113
53 113
54 113
60 113
61 113
65 113
69 113
76 113
78 113
86 113
92 113
95 113
96 113
101 113
102 113
109 113
111 113
7 114
8 114
10 114
12 114
32 114
33 114
39 114
42 114
65 114
74 114
75 114
76 114
78 114
84 114
86 114
90 114
94 114
95 114
109 114
0 115
2 115
5 115
8 115
39 115
40 115
42 115
53 115
62 115
63 115
64 115
69 115
70 115
75 115
80 115
82 115
83 115
106 115
111 115
11 116
14 116
19 116
22 116
24 116
30 116
36 116
41 116
47 116
50 116
52 116
65 116
72 116
76 116
77 116
89 116
99 116
100 116
104 116
109 116
0 117
2 117
3 117
13 117
14 117
18 117
31 117
35 117
36 117
62 117
71 117
75 117
77 117
79 117
83 117
85 117
111 117
1 118
6 118
10 118
11 118
17 118
21 118
22 118
43 118
53 118
54 118
55 118
69 118
74 118
78 118
80 118
90 118
95 118
98 118
100 118
103 118
105 118
106 118
111 118
0 119
1 119
10 119
13 119
27 119
28 119
31 119
33 119
34 119
38 119
42 119
43 119
44 119
49 119
51 119
54 119
55 119
63 119
67 119
70 119
75 119
76 119
81 119
83 119
85 119
92 119
100 119
106 119
4 120
17 120
27 120
31 120
34 120
35 120
52 120
53 120
58 120
64 120
71 120
76 120
83 120
86 120
88 120
89 120
90 120
94 120
95 120
96 120
97 120
106 120
107 120
9 121
13 121
14 121
15 121
20 121
21 121
24 121
26 121
33 121
39 121
46 121
62 121
72 121
73 121
76 121
77 121
78 121
83 121
84 121
90 121
93 121
100 121
2 122
4 122
10 122
14 122
16 122
17 122
25 122
32 122
51 122
52 122
54 122
63 122
64 122
68 122
82 122
85 122
86 122
95 122
108 122
4 123
14 123
15 123
16 123
20 123
21 123
22 123
25 123
26 123
38 123
42 123
56 123
65 123
71 123
74 123
79 123
99 123
100 123
110 123
116 123
3 124
5 124
7 124
14 124
16 124
17 124
22 124
30 124
38 124
43 124
57 124
58 124
59 124
60 124
66 124
76 124
86 124
89 124
92 124
97 124
104 124
116 124
121 124
8 125
10 125
11 125
19 125
24 125
29 125
33 125
36 125
44 125
52 125
54 125
58 125
64 125
67 125
70 125
72 125
74 125
75 125
79 125
87 125
94 125
104 125
111 125
112 125
117 125
118 125
2 126
7 126
16 126
17 126
20 126
40 126
45 126
46 126
48 126
53 126
55 126
63 126
69 126
75 126
76 126
81 126
84 126
85 126
87 126
100 126
101 126
103 126
107 126
111 126
115 126
118 126
121 126
1 127
2 127
6 127
7 127
8 127
15 127
23 127
24 127
28 127
32 127
34 127
39 127
48 127
51 127
56 127
62 127
66 127
84 127
94 127
97 127
100 127
103 127
114 127
121 127
3 128
10 128
17 128
25 128
33 128
36 128
37 128
44 128
49 128
59 128
61 128
62 128
73 128
75 128
87 128
88 128
89 128
101 128
104 128
109 128
111 128
116 128
117 128
5 129
9 129
18 129
22 129
25 129
29 129
33 129
40 129
42 129
49 129
51 129
52 129
56 129
58 129
62 129
67 129
77 129
80 129
92 129
93 129
94 129
96 129
99 129
102 129
107 129
8 130
13 130
14 130
20 130
25 130
35 130
36 130
43 130
45 130
48 130
49 130
63 130
64 130
67 130
80 130
81 130
85 130
86 130
91 130
95 130
96 130
101 130
103 130
105 130
110 130
111 130
113 130
119 130
2 131
6 131
8 131
10 131
16 131
27 131
30 131
35 131
39 131
45 131
54 131
58 131
59 131
61 131
62 131
65 131
75 131
77 131
82 131
83 131
96 131
105 131
115 131
0 132
5 132
6 132
14 132
17 132
23 132
32 132
37 132
39 132
55 132
56 132
62 132
67 132
75 132
76 132
80 132
90 132
98 132
99 132
106 132
110 132
115 132
1 133
9 133
10 133
11 133
25 133
32 133
37 133
38 133
46 133
54 133
55 133
61 133
64 133
65 133
76 133
77 133
83 133
89 133
96 133
98 133
99 133
106 133
109 133
111 133
114 133
0 134
4 134
5 134
7 134
9 134
13 134
15 134
18 134
21 134
51 134
72 134
90 134
91 134
93 134
95 134
101 134
102 134
105 134
106 134
118 134
129 134
131 134
12 135
13 135
18 135
22 135
27 135
28 135
32 135
35 135
36 135
39 135
42 135
44 135
57 135
58 135
59 135
60 135
64 135
66 135
73 135
80 135
83 135
85 135
89 135
97 135
101 135
112 135
121 135
124 135
128 135
133 135
1 136
3 136
8 136
10 136
15 136
19 136
22 136
26 136
35 136
38 136
46 136
50 136
67 136
70 136
73 136
84 136
85 136
88 136
89 136
91 136
94 136
96 136
99 136
107 136
113 136
132 136
2 137
29 137
30 137
34 137
41 137
52 137
53 137
61 137
63 137
74 137
92 137
95 137
96 137
99 137
104 137
105 137
107 137
129 137
131 137
132 137
2 138
6 138
7 138
24 138
30 138
34 138
39 138
40 138
50 138
58 138
61 138
65 138
70 138
71 138
72 138
73 138
74 138
75 138
90 138
100 138
101 138
105 138
107 138
109 138
111 138
115 138
117 138
118 138
121 138
2 139
6 139
7 139
11 139
19 139
26 139
29 139
33 139
44 139
45 139
52 139
53 139
55 139
66 139
73 139
74 139
77 139
89 139
90 139
91 139
92 139
93 139
94 139
99 139
107 139
113 139
118 139
120 139
123 139
128 139
0 140
5 140
7 140
8 140
11 140
15 140
27 140
30 140
33 140
53 140
56 140
57 140
72 140
74 140
82 140
84 140
85 140
92 140
100 140
102 140
103 140
105 140
113 140
117 140
122 140
123 140
127 140
130 140
7 141
12 141
15 141
19 141
21 141
29 141
30 141
36 141
47 141
49 141
50 141
54 141
73 141
79 141
80 141
84 141
89 141
94 141
101 141
124 141
126 141
131 141
18 142
39 142
60 142
62 142
64 142
72 142
80 142
87 142
95 142
96 142
104 142
109 142
115 142
119 142
125 142
12 143
28 143
30 143
32 143
34 143
38 143
41 143
53 143
56 143
57 143
60 143
63 143
66 143
71 143
73 143
74 143
80 143
84 143
92 143
101 143
119 143
120 143
121 143
127 143
129 143
133 143
17 144
20 144
23 144
26 144
30 144
31 144
35 144
36 144
37 144
43 144
47 144
54 144
60 144
62 144
69 144
72 144
74 144
87 144
88 144
96 144
97 144
110 144
113 144
115 144
0 145
21 145
34 145
37 145
41 145
43 145
52 145
55 145
58 145
59 145
61 145
96 145
97 145
106 145
107 145
116 145
121 145
125 145
0 146
36 146
38 146
50 146
53 146
59 146
60 146
63 146
96 146
100 146
105 146
108 146
110 146
112 146
119 146
122 146
124 146
126 146
132 146
134 146
0 147
6 147
8 147
9 147
12 147
16 147
17 147
18 147
23 147
25 147
34 147
37 147
45 147
57 147
58 147
72 147
84 147
91 147
96 147
108 147
127 147
130 147
140 147
141 147
1 148
2 148
11 148
19 148
21 148
22 148
28 148
32 148
36 148
40 148
45 148
58 148
60 148
68 148
69 148
77 148
105 148
106 148
126 148
130 148
132 148
134 148
140 148
2 149
9 149
13 149
25 149
30 149
32 149
38 149
41 149
44 149
45 149
50 149
52 149
59 149
70 149
75 149
81 149
82 149
84 149
88 149
97 149
111 149
115 149
123 149
136 149
142 149
0 150
2 150
6 150
7 150
15 150
18 150
20 150
32 150
34 150
35 150
46 150
50 150
58 150
59 150
63 150
64 150
68 150
75 150
83 150
84 150
94 150
95 150
102 150
114 150
134 150
135 150
136 150
137 150
10 151
16 151
17 151
21 151
28 151
30 151
31 151
35 151
47 151
53 151
59 151
65 151
69 151
76 151
77 151
81 151
94 151
104 151
105 151
106 151
114 151
115 151
122 151
127 151
131 151
135 151
149 151
150 151
5 152
11 152
21 152
28 152
32 152
34 152
35 152
43 152
45 152
54 152
56 152
60 152
64 152
65 152
74 152
79 152
81 152
87 152
88 152
91 152
93 152
96 152
97 152
106 152
113 152
116 152
117 152
118 152
121 152
124 152
131 152
136 152
139 152
144 152
145 152
5 153
6 153
13 153
14 153
17 153
27 153
28 153
50 153
85 153
90 153
101 153
111 153
115 153
118 153
121 153
128 153
129 153
130 153
138 153
0 154
2 154
5 154
6 154
10 154
14 154
16 154
18 154
22 154
32 154
41 154
45 154
47 154
48 154
54 154
57 154
68 154
83 154
94 154
96 154
98 154
117 154
119 154
121 154
127 154
134 154
146 154
7 155
9 155
17 155
18 155
24 155
28 155
34 155
41 155
45 155
48 155
59 155
65 155
74 155
80 155
88 155
90 155
99 155
101 155
103 155
108 155
113 155
114 155
120 155
121 155
124 155
127 155
130 155
142 155
149 155
150 155
8 156
11 156
30 156
31 156
52 156
64 156
66 156
68 156
71 156
73 156
75 156
77 156
82 156
85 156
88 156
89 156
96 156
103 156
105 156
107 156
108 156
109 156
111 156
113 156
116 156
117 156
118 156
121 156
124 156
128 156
130 156
139 156
140 156
147 156
3 157
6 157
13 157
14 157
15 157
33 157
36 157
38 157
40 157
42 157
53 157
60 157
69 157
78 157
86 157
87 157
93 157
97 157
104 157
106 157
125 157
126 157
3 158
4 158
7 158
8 158
9 158
13 158
16 158
19 158
20 158
29 158
30 158
44 158
49 158
52 158
53 158
55 158
56 158
64 158
71 158
73 158
79 158
81 158
86 158
99 158
101 158
108 158
117 158
132 158
142 158
143 158
144 158
145 158
147 158
149 158
5 159
6 159
9 159
10 159
11 159
12 159
22 159
24 159
28 159
35 159
40 159
53 159
57 159
61 159
63 159
83 159
85 159
98 159
106 159
107 159
117 159
119 159
128 159
137 159
138 159
143 159
146 159
1 160
5 160
13 160
21 160
25 160
29 160
38 160
39 160
43 160
44 160
54 160
57 160
65 160
72 160
82 160
88 160
89 160
91 160
92 160
95 160
100 160
109 160
110 160
113 160
115 160
119 160
127 160
135 160
0 161
5 161
6 161
17 161
28 161
36 161
37 161
40 161
43 161
46 161
64 161
75 161
76 161
80 161
85 161
90 161
95 161
102 161
104 161
106 161
108 161
109 161
116 161
122 161
126 161
128 161
140 161
148 161
149 161
5 162
7 162
9 162
13 162
14 162
16 162
20 162
26 162
37 162
46 162
53 162
66 162
72 162
73 162
75 162
80 162
81 162
85 162
91 162
99 162
100 162
101 162
106 162
112 162
115 162
116 162
117 162
126 162
127 162
141 162
145 162
148 162
149 162
150 162
7 163
13 163
19 163
22 163
31 163
32 163
34 163
38 163
43 163
44 163
57 163
63 163
67 163
68 163
69 163
74 163
75 163
79 163
88 163
91 163
96 163
97 163
99 163
100 163
122 163
143 163
144 163
147 163
148 163
149 163
150 163
10 164
13 164
14 164
16 164
31 164
42 164
64 164
65 164
72 164
73 164
75 164
78 164
94 164
110 164
113 164
115 164
118 164
126 164
130 164
134 164
139 164
143 164
147 164
4 165
6 165
18 165
24 165
25 165
27 165
29 165
34 165
38 165
42 165
46 165
53 165
54 165
57 165
70 165
73 165
74 165
79 165
81 165
87 165
89 165
96 165
98 165
101 165
110 165
121 165
123 165
133 165
134 165
138 165
143 165
156 165
6 166
11 166
18 166
21 166
46 166
50 166
53 166
60 166
61 166
65 166
66 166
71 166
75 166
85 166
91 166
103 166
104 166
107 166
119 166
121 166
122 166
124 166
131 166
135 166
137 166
139 166
141 166
147 166
155 166
156 166
159 166
162 166
163 166
18 167
25 167
38 167
39 167
43 167
45 167
54 167
57 167
60 167
68 167
78 167
80 167
84 167
86 167
87 167
88 167
89 167
95 167
98 167
99 167
103 167
105 167
107 167
118 167
121 167
127 167
128 167
130 167
135 167
139 167
140 167
149 167
156 167
160 167
0 168
4 168
7 168
17 168
29 168
31 168
38 168
40 168
44 168
49 168
56 168
61 168
63 168
79 168
93 168
96 168
97 168
108 168
119 168
124 168
131 168
133 168
149 168
160 168
4 169
13 169
22 169
43 169
44 169
46 169
49 169
56 169
58 169
68 169
69 169
71 169
73 169
75 169
79 169
80 169
98 169
105 169
108 169
115 169
116 169
118 169
127 169
129 169
137 169
144 169
159 169
0 170
13 170
14 170
19 170
20 170
22 170
26 170
27 170
30 170
31 170
35 170
38 170
51 170
55 170
56 170
62 170
66 170
70 170
81 170
85 170
97 170
99 170
102 170
104 170
107 170
108 170
116 170
117 170
120 170
128 170
130 170
131 170
137 170
149 170
157 170
160 170
161 170
0 171
6 171
9 171
15 171
21 171
22 171
23 171
24 171
28 171
35 171
38 171
40 171
41 171
47 171
48 171
53 171
57 171
60 171
64 171
77 171
83 171
84 171
93 171
97 171
101 171
105 171
106 171
113 171
114 171
117 171
119 171
122 171
125 171
128 171
131 171
132 171
138 171
146 171
147 171
148 171
157 171
3 172
5 172
9 172
12 172
28 172
31 172
48 172
51 172
53 172
55 172
62 172
67 172
72 172
73 172
75 172
92 172
97 172
100 172
102 172
110 172
113 172
115 172
122 172
125 172
126 172
128 172
139 172
151 172
152 172
154 172
157 172
158 172
160 172
163 172
0 173
5 173
6 173
14 173
15 173
21 173
34 173
38 173
47 173
52 173
53 173
60 173
68 173
70 173
71 173
74 173
89 173
102 173
106 173
109 173
115 173
131 173
139 173
143 173
144 173
145 173
151 173
152 173
155 173
157 173
164 173
8 174
9 174
16 174
17 174
21 174
25 174
26 174
29 174
43 174
44 174
46 174
47 174
52 174
54 174
67 174
77 174
80 174
86 174
90 174
100 174
104 174
111 174
113 174
118 174
123 174
130 174
135 174
139 174
150 174
153 174
156 174
157 174
165 174
167 174
0 175
1 175
16 175
29 175
45 175
48 175
54 175
55 175
56 175
59 175
61 175
63 175
70 175
72 175
77 175
79 175
82 175
84 175
86 175
87 175
89 175
92 175
96 175
107 175
110 175
111 175
114 175
115 175
117 175
118 175
124 175
136 175
142 175
144 175
153 175
156 175
157 175
158 175
171 175
0 176
7 176
13 176
17 176
20 176
25 176
34 176
44 176
69 176
72 176
74 176
77 176
79 176
87 176
88 176
89 176
90 176
93 176
101 176
104 176
106 176
108 176
111 176
116 176
119 176
122 176
129 176
130 176
133 176
149 176
150 176
154 176
159 176
161 176
166 176
170 176
2 177
7 177
16 177
20 177
22 177
23 177
28 177
31 177
38 177
43 177
47 177
49 177
50 177
63 177
70 177
71 177
72 177
73 177
74 177
80 177
84 177
87 177
90 177
103 177
107 177
114 177
115 177
116 177
119 177
123 177
131 177
140 177
141 177
159 177
161 177
163 177
170 177
0 178
10 178
13 178
21 178
23 178
26 178
35 178
41 178
48 178
59 178
61 178
69 178
72 178
78 178
79 178
82 178
84 178
85 178
86 178
101 178
107 178
111 178
112 178
114 178
116 178
128 178
129 178
131 178
141 178
144 178
149 178
158 178
161 178
162 178
164 178
166 178
172 178
5 179
11 179
13 179
16 179
18 179
23 179
29 179
32 179
33 179
35 179
39 179
40 179
41 179
44 179
50 179
62 179
72 179
79 179
81 179
84 179
86 179
97 179
101 179
102 179
113 179
114 179
115 179
121 179
130 179
132 179
133 179
140 179
145 179
151 179
158 179
159 179
160 179
164 179
168 179
170 179
0 180
2 180
8 180
34 180
39 180
40 180
42 180
48 180
52 180
54 180
55 180
60 180
62 180
68 180
75 180
76 180
81 180
88 180
93 180
103 180
109 180
110 180
112 180
115 180
129 180
130 180
141 180
153 180
158 180
165 180
171 180
1 181
9 181
12 181
14 181
18 181
20 181
27 181
41 181
42 181
43 181
44 181
45 181
49 181
57 181
58 181
65 181
67 181
68 181
69 181
76 181
78 181
80 181
105 181
113 181
124 181
125 181
131 181
135 181
144 181
145 181
150 181
160 181
165 181
169 181
172 181
5 182
6 182
8 182
11 182
19 182
22 182
24 182
34 182
39 182
40 182
41 182
44 182
50 182
57 182
64 182
70 182
73 182
79 182
83 182
87 182
90 182
106 182
111 182
116 182
126 182
128 182
137 182
138 182
140 182
149 182
150 182
156 182
160 182
162 182
170 182
172 182
0 183
1 183
6 183
15 183
18 183
32 183
33 183
35 183
39 183
49 183
51 183
52 183
56 183
59 183
63 183
75 183
76 183
82 183
83 183
88 183
95 183
101 183
102 183
103 183
106 183
107 183
118 183
122 183
124 183
132 183
140 183
141 183
142 183
144 183
149 183
152 183
154 183
156 183
160 183
161 183
163 183
164 183
0 184
1 184
12 184
22 184
25 184
26 184
31 184
34 184
35 184
42 184
47 184
50 184
51 184
52 184
55 184
58 184
61 184
74 184
75 184
77 184
84 184
86 184
87 184
94 184
95 184
105 184
107 184
109 184
112 184
114 184
127 184
134 184
138 184
142 184
152 184
155 184
160 184
170 184
171 184
1 185
3 185
4 185
8 185
12 185
26 185
32 185
35 185
37 185
38 185
39 185
46 185
47 185
50 185
57 185
71 185
74 185
82 185
89 185
93 185
98 185
99 185
101 185
102 185
105 185
106 185
113 185
115 185
117 185
121 185
122 185
127 185
128 185
136 185
138 185
143 185
145 185
148 185
170 185
171 185
4 186
6 186
14 186
17 186
27 186
30 186
31 186
35 186
41 186
46 186
47 186
48 186
61 186
62 186
70 186
72 186
76 186
77 186
82 186
84 186
86 186
88 186
89 186
102 186
103 186
112 186
118 186
127 186
129 186
144 186
150 186
152 186
153 186
154 186
158 186
161 186
163 186
166 186
169 186
171 186
1 187
5 187
10 187
11 187
20 187
22 187
28 187
29 187
31 187
34 187
40 187
41 187
44 187
50 187
56 187
64 187
70 187
71 187
75 187
79 187
82 187
86 187
92 187
95 187
100 187
111 187
116 187
119 187
120 187
135 187
142 187
148 187
151 187
154 187
165 187
178 187
181 187
186 187
1 188
17 188
18 188
21 188
23 188
28 188
38 188
44 188
58 188
64 188
66 188
73 188
80 188
85 188
90 188
101 188
103 188
112 188
113 188
118 188
129 188
133 188
134 188
135 188
138 188
145 188
147 188
150 188
151 188
153 188
155 188
156 188
164 188
166 188
3 189
8 189
10 189
21 189
28 189
29 189
36 189
37 189
40 189
45 189
49 189
61 189
85 189
91 189
95 189
108 189
118 189
131 189
132 189
134 189
137 189
139 189
147 189
156 189
161 189
174 189
181 189
0 190
7 190
9 190
12 190
14 190
18 190
30 190
31 190
48 190
50 190
52 190
57 190
62 190
64 190
65 190
69 190
81 190
85 190
88 190
93 190
98 190
112 190
114 190
115 190
125 190
131 190
134 190
143 190
144 190
153 190
155 190
156 190
166 190
167 190
184 190
15 191
33 191
35 191
36 191
39 191
63 191
64 191
66 191
82 191
84 191
85 191
93 191
95 191
97 191
102 191
103 191
116 191
117 191
123 191
138 191
148 191
150 191
151 191
153 191
173 191
174 191
175 191
177 191
180 191
1 192
8 192
11 192
15 192
21 192
22 192
25 192
33 192
43 192
51 192
53 192
55 192
62 192
68 192
69 192
73 192
80 192
81 192
92 192
108 192
127 192
129 192
134 192
140 192
141 192
147 192
152 192
157 192
165 192
172 192
173 192
176 192
185 192
1 193
3 193
9 193
18 193
24 193
26 193
37 193
39 193
50 193
63 193
79 193
85 193
92 193
102 193
109 193
143 193
148 193
150 193
156 193
159 193
167 193
169 193
170 193
171 193
176 193
2 194
4 194
9 194
12 194
13 194
16 194
20 194
23 194
26 194
27 194
29 194
38 194
44 194
52 194
64 194
65 194
67 194
69 194
70 194
75 194
81 194
84 194
89 194
91 194
93 194
95 194
96 194
103 194
115 194
121 194
132 194
136 194
142 194
143 194
145 194
156 194
157 194
158 194
160 194
163 194
165 194
2 195
3 195
5 195
15 195
17 195
23 195
27 195
32 195
34 195
35 195
44 195
45 195
49 195
70 195
75 195
81 195
97 195
103 195
105 195
112 195
121 195
131 195
139 195
142 195
145 195
150 195
157 195
171 195
175 195
178 195
179 195
181 195
190 195
191 195
193 195
16 196
24 196
31 196
36 196
38 196
39 196
43 196
44 196
46 196
48 196
49 196
51 196
56 196
82 196
88 196
93 196
95 196
98 196
99 196
101 196
109 196
119 196
132 196
136 196
158 196
178 196
180 196
181 196
182 196
184 196
190 196
191 196
17 197
18 197
20 197
26 197
32 197
35 197
38 197
49 197
51 197
52 197
65 197
81 197
85 197
87 197
89 197
96 197
97 197
100 197
106 197
111 197
112 197
129 197
131 197
133 197
142 197
150 197
153 197
156 197
159 197
167 197
187 197
192 197
6 198
14 198
16 198
21 198
23 198
26 198
44 198
45 198
54 198
70 198
73 198
77 198
84 198
91 198
92 198
100 198
102 198
112 198
117 198
123 198
124 198
128 198
135 198
136 198
140 198
142 198
150 198
153 198
154 198
163 198
168 198
172 198
187 198
192 198
193 198
0 199
12 199
14 199
28 199
30 199
33 199
36 199
47 199
50 199
61 199
68 199
74 199
81 199
100 199
113 199
139 199
145 199
147 199
148 199
158 199
166 199
169 199
171 199
174 199
176 199
187 199
190 199
9 200
14 200
20 200
21 200
27 200
39 200
42 200
45 200
47 200
63 200
76 200
84 200
87 200
93 200
94 200
100 200
104 200
110 200
112 200
120 200
145 200
146 200
153 200
157 200
175 200
179 200
181 200
1 201
3 201
9 201
10 201
14 201
16 201
28 201
40 201
43 201
50 201
51 201
56 201
60 201
62 201
64 201
66 201
82 201
87 201
88 201
105 201
109 201
110 201
111 201
112 201
114 201
118 201
136 201
151 201
154 201
166 201
171 201
173 201
176 201
180 201
184 201
186 201
187 201
3 202
6 202
9 202
13 202
32 202
49 202
51 202
63 202
69 202
70 202
71 202
74 202
78 202
81 202
84 202
85 202
87 202
100 202
104 202
107 202
127 202
130 202
134 202
138 202
146 202
148 202
149 202
151 202
159 202
162 202
165 202
169 202
170 202
178 202
179 202
184 202
187 202
188 202
191 202
4 203
9 203
12 203
16 203
23 203
27 203
29 203
30 203
40 203
43 203
56 203
59 203
66 203
67 203
73 203
88 203
97 203
101 203
110 203
133 203
138 203
149 203
153 203
158 203
166 203
176 203
181 203
3 204
6 204
23 204
30 204
36 204
45 204
48 204
60 204
61 204
62 204
65 204
74 204
86 204
87 204
90 204
95 204
106 204
107 204
111 204
113 204
129 204
130 204
139 204
147 204
149 204
152 204
154 204
156 204
168 204
170 204
179 204
183 204
200 204
201 204
10 205
18 205
23 205
25 205
27 205
30 205
47 205
50 205
53 205
58 205
78 205
97 205
98 205
99 205
104 205
106 205
108 205
120 205
121 205
137 205
141 205
145 205
150 205
158 205
161 205
162 205
170 205
174 205
175 205
176 205
180 205
190 205
192 205
193 205
194 205
196 205
7 206
10 206
11 206
13 206
18 206
20 206
22 206
23 206
24 206
25 206
29 206
41 206
45 206
49 206
56 206
60 206
67 206
75 206
76 206
91 206
93 206
94 206
102 206
104 206
106 206
108 206
119 206
121 206
124 206
127 206
129 206
132 206
136 206
141 206
142 206
149 206
161 206
166 206
169 206
171 206
174 206
176 206
178 206
182 206
188 206
189 206
190 206
2 207
3 207
7 207
14 207
18 207
24 207
29 207
36 207
39 207
41 207
44 207
45 207
58 207
63 207
64 207
85 207
93 207
96 207
101 207
105 207
111 207
114 207
133 207
135 207
147 207
155 207
160 207
164 207
165 207
178 207
183 207
184 207
185 207
188 207
196 207
199 207
201 207
1 208
12 208
13 208
18 208
22 208
34 208
35 208
36 208
37 208
41 208
46 208
51 208
52 208
53 208
64 208
73 208
74 208
81 208
83 208
94 208
97 208
104 208
105 208
116 208
124 208
131 208
132 208
133 208
135 208
141 208
145 208
146 208
149 208
150 208
151 208
162 208
163 208
170 208
172 208
174 208
176 208
195 208
3 209
10 209
22 209
26 209
27 209
30 209
39 209
40 209
46 209
49 209
50 209
51 209
68 209
69 209
70 209
80 209
87 209
91 209
100 209
105 209
114 209
119 209
124 209
128 209
137 209
140 209
144 209
147 209
152 209
153 209
162 209
163 209
167 209
180 209
183 209
185 209
191 209
201 209
4 210
6 210
9 210
15 210
20 210
24 210
27 210
39 210
48 210
49 210
56 210
58 210
60 210
61 210
62 210
64 210
78 210
82 210
85 210
88 210
105 210
106 210
111 210
118 210
119 210
123 210
131 210
139 210
141 210
152 210
155 210
156 210
163 210
164 210
166 210
168 210
171 210
179 210
183 210
187 210
188 210
192 210
193 210
196 210
197 210
198 210
199 210
205 210
7 211
8 211
11 211
12 211
16 211
23 211
37 211
40 211
47 211
48 211
51 211
52 211
58 211
61 211
63 211
67 211
70 211
82 211
91 211
98 211
100 211
116 211
124 211
125 211
134 211
142 211
145 211
149 211
158 211
169 211
170 211
183 211
184 211
192 211
193 211
201 211
208 211
3 212
6 212
9 212
12 212
13 212
22 212
23 212
30 212
42 212
43 212
48 212
51 212
54 212
57 212
58 212
59 212
60 212
65 212
68 212
76 212
79 212
86 212
87 212
95 212
98 212
100 212
101 212
114 212
125 212
127 212
134 212
135 212
136 212
150 212
168 212
173 212
183 212
184 212
185 212
187 212
189 212
190 212
191 212
194 212
196 212
202 212
207 212
208 212
2 213
5 213
9 213
18 213
36 213
38 213
46 213
49 213
53 213
56 213
62 213
68 213
84 213
85 213
86 213
87 213
92 213
96 213
100 213
108 213
111 213
116 213
117 213
123 213
124 213
129 213
143 213
147 213
149 213
150 213
157 213
158 213
160 213
162 213
164 213
174 213
175 213
185 213
186 213
187 213
189 213
190 213
193 213
195 213
203 213
207 213
4 214
19 214
27 214
28 214
29 214
36 214
38 214
39 214
40 214
48 214
52 214
77 214
91 214
92 214
99 214
100 214
109 214
111 214
112 214
116 214
117 214
119 214
121 214
130 214
131 214
136 214
144 214
150 214
157 214
160 214
162 214
166 214
168 214
172 214
174 214
175 214
180 214
191 214
202 214
2 215
3 215
17 215
21 215
24 215
27 215
32 215
35 215
36 215
39 215
50 215
54 215
62 215
72 215
73 215
76 215
80 215
88 215
94 215
98 215
99 215
100 215
106 215
115 215
120 215
126 215
131 215
133 215
136 215
144 215
150 215
159 215
164 215
172 215
176 215
188 215
190 215
196 215
200 215
201 215
202 215
203 215
205 215
1 216
5 216
6 216
10 216
16 216
17 216
20 216
23 216
25 216
27 216
31 216
42 216
45 216
67 216
70 216
79 216
82 216
87 216
90 216
97 216
103 216
104 216
107 216
110 216
113 216
114 216
121 216
129 216
131 216
133 216
142 216
145 216
146 216
157 216
159 216
160 216
167 216
189 216
190 216
191 216
193 216
198 216
208 216
1 217
15 217
16 217
20 217
25 217
26 217
31 217
32 217
41 217
42 217
43 217
46 217
47 217
58 217
68 217
69 217
73 217
82 217
84 217
91 217
99 217
108 217
110 217
127 217
132 217
133 217
134 217
138 217
140 217
141 217
142 217
159 217
175 217
176 217
177 217
196 217
201 217
206 217
2 218
6 218
13 218
17 218
27 218
29 218
30 218
31 218
35 218
37 218
55 218
69 218
70 218
72 218
74 218
79 218
95 218
98 218
104 218
106 218
111 218
117 218
122 218
127 218
133 218
134 218
142 218
143 218
145 218
147 218
154 218
163 218
197 218
199 218
201 218
205 218
207 218
210 218
211 218
215 218
0 219
4 219
9 219
15 219
20 219
21 219
35 219
42 219
44 219
52 219
68 219
70 219
74 219
75 219
76 219
84 219
96 219
113 219
117 219
123 219
126 219
135 219
139 219
140 219
150 219
156 219
157 219
160 219
163 219
167 219
168 219
174 219
177 219
178 219
186 219
189 219
192 219
193 219
195 219
197 219
198 219
200 219
209 219
214 219
217 219
21 220
26 220
27 220
30 220
38 220
48 220
50 220
60 220
63 220
67 220
80 220
87 220
97 220
117 220
119 220
129 220
131 220
132 220
136 220
138 220
143 220
150 220
159 220
163 220
164 220
169 220
172 220
180 220
188 220
192 220
194 220
3 221
11 221
13 221
15 221
43 221
64 221
72 221
74 221
76 221
77 221
79 221
80 221
90 221
108 221
113 221
114 221
129 221
131 221
135 221
150 221
159 221
164 221
169 221
178 221
188 221
194 221
204 221
206 221
211 221
212 221
0 222
7 222
9 222
12 222
15 222
31 222
32 222
34 222
38 222
41 222
46 222
47 222
51 222
74 222
83 222
92 222
107 222
119 222
135 222
137 222
140 222
147 222
151 222
152 222
154 222
157 222
159 222
162 222
163 222
167 222
174 222
178 222
184 222
186 222
188 222
193 222
195 222
206 222
209 222
210 222
0 223
9 223
10 223
11 223
13 223
15 223
22 223
29 223
43 223
44 223
57 223
58 223
60 223
62 223
65 223
75 223
88 223
121 223
123 223
126 223
127 223
137 223
139 223
142 223
149 223
153 223
158 223
162 223
164 223
165 223
181 223
189 223
190 223
207 223
208 223
209 223
217 223
6 224
14 224
23 224
25 224
26 224
28 224
30 224
40 224
58 224
61 224
67 224
70 224
72 224
73 224
74 224
82 224
90 224
91 224
95 224
97 224
100 224
109 224
120 224
121 224
124 224
126 224
131 224
132 224
134 224
139 224
140 224
145 224
146 224
153 224
156 224
165 224
166 224
172 224
173 224
176 224
193 224
199 224
200 224
202 224
209 224
1 225
12 225
18 225
21 225
24 225
33 225
34 225
36 225
37 225
46 225
47 225
50 225
58 225
59 225
61 225
64 225
75 225
79 225
81 225
85 225
92 225
96 225
102 225
107 225
113 225
114 225
117 225
128 225
134 225
140 225
144 225
152 225
153 225
158 225
169 225
171 225
176 225
179 225
181 225
183 225
184 225
185 225
190 225
191 225
194 225
201 225
202 225
210 225
10 226
14 226
16 226
32 226
35 226
42 226
45 226
48 226
49 226
51 226
53 226
56 226
60 226
61 226
66 226
69 226
71 226
79 226
86 226
94 226
97 226
99 226
105 226
107 226
122 226
144 226
145 226
148 226
150 226
151 226
173 226
174 226
177 226
180 226
200 226
210 226
215 226
3 227
5 227
10 227
18 227
24 227
27 227
28 227
34 227
38 227
39 227
48 227
55 227
60 227
62 227
73 227
74 227
79 227
80 227
82 227
84 227
91 227
98 227
102 227
103 227
122 227
124 227
125 227
131 227
134 227
136 227
137 227
138 227
141 227
147 227
149 227
152 227
153 227
155 227
163 227
171 227
180 227
183 227
184 227
185 227
187 227
188 227
189 227
192 227
194 227
196 227
197 227
206 227
207 227
210 227
216 227
9 228
19 228
27 228
29 228
31 228
39 228
42 228
43 228
47 228
58 228
70 228
74 228
77 228
78 228
85 228
92 228
96 228
98 228
99 228
107 228
110 228
118 228
120 228
130 228
132 228
145 228
155 228
156 228
158 228
171 228
175 228
182 228
186 228
188 228
193 228
196 228
213 228
216 228
7 229
14 229
15 229
16 229
19 229
26 229
34 229
35 229
40 229
48 229
65 229
69 229
73 229
74 229
80 229
87 229
88 229
97 229
101 229
104 229
109 229
122 229
126 229
129 229
134 229
135 229
137 229
140 229
150 229
151 229
155 229
157 229
158 229
159 229
160 229
162 229
165 229
167 229
176 229
179 229
183 229
194 229
195 229
200 229
203 229
206 229
212 229
213 229
2 230
9 230
14 230
20 230
27 230
28 230
31 230
37 230
43 230
47 230
51 230
59 230
71 230
76 230
109 230
113 230
119 230
122 230
126 230
130 230
131 230
148 230
149 230
150 230
170 230
172 230
175 230
185 230
186 230
189 230
199 230
203 230
7 231
11 231
12 231
25 231
31 231
43 231
44 231
48 231
49 231
53 231
57 231
73 231
74 231
75 231
79 231
86 231
91 231
102 231
105 231
107 231
108 231
110 231
117 231
125 231
129 231
131 231
133 231
140 231
158 231
161 231
165 231
167 231
178 231
180 231
184 231
187 231
194 231
195 231
198 231
199 231
202 231
206 231
218 231
228 231
229 231
230 231
0 232
3 232
5 232
11 232
16 232
22 232
26 232
28 232
29 232
39 232
54 232
57 232
62 232
63 232
68 232
79 232
81 232
88 232
92 232
95 232
97 232
99 232
104 232
105 232
123 232
125 232
137 232
144 232
146 232
147 232
148 232
151 232
152 232
153 232
154 232
158 232
160 232
163 232
165 232
169 232
171 232
172 232
181 232
185 232
191 232
196 232
204 232
208 232
210 232
212 232
222 232
228 232
2 233
5 233
7 233
21 233
34 233
37 233
38 233
39 233
46 233
55 233
61 233
64 233
75 233
79 233
94 233
99 233
102 233
103 233
104 233
111 233
112 233
122 233
123 233
126 233
161 233
162 233
164 233
168 233
170 233
174 233
178 233
182 233
183 233
184 233
186 233
190 233
193 233
195 233
201 233
204 233
221 233
227 233
0 234
10 234
14 234
17 234
19 234
20 234
21 234
31 234
33 234
38 234
41 234
46 234
51 234
55 234
59 234
82 234
85 234
87 234
91 234
94 234
95 234
97 234
100 234
103 234
116 234
121 234
125 234
126 234
129 234
136 234
137 234
161 234
162 234
171 234
172 234
174 234
181 234
191 234
198 234
199 234
201 234
202 234
206 234
207 234
210 234
211 234
213 234
217 234
220 234
222 234
225 234
226 234
228 234
0 235
2 235
3 235
6 235
20 235
23 235
24 235
51 235
57 235
59 235
67 235
68 235
71 235
72 235
93 235
100 235
101 235
102 235
106 235
109 235
113 235
121 235
132 235
134 235
137 235
138 235
143 235
149 235
150 235
152 235
154 235
157 235
165 235
166 235
169 235
171 235
182 235
184 235
193 235
197 235
198 235
199 235
200 235
205 235
211 235
212 235
214 235
218 235
220 235
7 236
8 236
13 236
14 236
15 236
16 236
19 236
21 236
25 236
37 236
60 236
64 236
72 236
76 236
85 236
86 236
89 236
94 236
95 236
97 236
98 236
103 236
114 236
120 236
121 236
123 236
125 236
129 236
133 236
134 236
141 236
148 236
153 236
157 236
158 236
162 236
174 236
191 236
196 236
197 236
205 236
213 236
219 236
220 236
8 237
9 237
12 237
16 237
22 237
27 237
29 237
30 237
31 237
33 237
39 237
40 237
44 237
59 237
62 237
70 237
72 237
75 237
90 237
98 237
106 237
121 237
136 237
137 237
148 237
154 237
162 237
174 237
175 237
177 237
184 237
185 237
186 237
194 237
195 237
200 237
206 237
208 237
211 237
218 237
227 237
229 237
0 238
3 238
10 238
16 238
17 238
18 238
22 238
25 238
26 238
34 238
41 238
47 238
48 238
50 238
54 238
55 238
58 238
59 238
71 238
75 238
84 238
87 238
90 238
97 238
109 238
122 238
133 238
136 238
163 238
174 238
179 238
180 238
202 238
209 238
221 238
229 238
230 238
0 239
1 239
8 239
10 239
14 239
19 239
20 239
21 239
22 239
24 239
33 239
55 239
61 239
72 239
73 239
77 239
87 239
88 239
90 239
92 239
106 239
107 239
112 239
118 239
127 239
138 239
146 239
150 239
151 239
154 239
155 239
160 239
166 239
171 239
172 239
173 239
179 239
188 239
190 239
191 239
194 239
195 239
196 239
197 239
198 239
207 239
212 239
216 239
226 239
231 239
235 239
6 240
9 240
14 240
19 240
20 240
24 240
25 240
26 240
39 240
43 240
44 240
46 240
51 240
57 240
64 240
73 240
76 240
84 240
86 240
99 240
103 240
104 240
105 240
112 240
114 240
118 240
119 240
124 240
131 240
133 240
134 240
136 240
141 240
144 240
145 240
151 240
157 240
164 240
166 240
169 240
177 240
180 240
184 240
187 240
188 240
199 240
210 240
212 240
214 240
217 240
227 240
0 241
2 241
4 241
19 241
24 241
25 241
28 241
30 241
42 241
47 241
50 241
52 241
60 241
67 241
68 241
70 241
74 241
76 241
81 241
87 241
89 241
94 241
96 241
102 241
107 241
109 241
110 241
112 241
121 241
127 241
128 241
130 241
133 241
151 241
162 241
166 241
169 241
175 241
177 241
186 241
189 241
190 241
191 241
194 241
202 241
205 241
207 241
210 241
228 241
234 241
238 241
3 242
6 242
7 242
12 242
15 242
23 242
35 242
42 242
45 242
61 242
66 242
67 242
72 242
74 242
75 242
79 242
96 242
109 242
110 242
115 242
125 242
146 242
148 242
149 242
153 242
155 242
156 242
158 242
169 242
171 242
173 242
177 242
179 242
182 242
184 242
189 242
191 242
193 242
202 242
208 242
211 242
225 242
226 242
227 242
1 243
5 243
7 243
10 243
14 243
34 243
35 243
36 243
37 243
44 243
54 243
56 243
84 243
85 243
92 243
99 243
112 243
132 243
136 243
137 243
144 243
148 243
150 243
151 243
156 243
159 243
164 243
166 243
168 243
174 243
183 243
187 243
190 243
191 243
195 243
197 243
200 243
202 243
206 243
208 243
215 243
218 243
223 243
235 243
7 244
13 244
14 244
18 244
26 244
27 244
54 244
59 244
61 244
62 244
67 244
69 244
83 244
84 244
88 244
91 244
93 244
94 244
97 244
104 244
105 244
115 244
120 244
121 244
131 244
136 244
137 244
140 244
144 244
148 244
149 244
154 244
159 244
162 244
172 244
189 244
192 244
197 244
200 244
210 244
223 244
228 244
230 244
236 244
0 245
1 245
5 245
13 245
14 245
22 245
30 245
42 245
43 245
49 245
63 245
66 245
70 245
74 245
77 245
82 245
94 245
96 245
107 245
122 245
136 245
137 245
140 245
155 245
157 245
159 245
161 245
167 245
175 245
186 245
189 245
203 245
205 245
207 245
209 245
210 245
217 245
220 245
233 245
235 245
0 246
1 246
4 246
11 246
13 246
17 246
18 246
27 246
33 246
36 246
40 246
45 246
54 246
55 246
61 246
63 246
65 246
68 246
71 246
77 246
80 246
84 246
86 246
90 246
102 246
113 246
126 246
128 246
131 246
149 246
150 246
153 246
155 246
157 246
159 246
166 246
171 246
180 246
187 246
190 246
192 246
195 246
213 246
215 246
218 246
220 246
222 246
4 247
8 247
15 247
17 247
18 247
20 247
25 247
28 247
34 247
42 247
54 247
66 247
70 247
78 247
79 247
80 247
85 247
87 247
93 247
94 247
98 247
103 247
106 247
108 247
109 247
118 247
130 247
131 247
137 247
147 247
151 247
152 247
153 247
154 247
162 247
165 247
168 247
169 247
170 247
177 247
178 247
179 247
194 247
207 247
210 247
213 247
220 247
223 247
225 247
7 248
19 248
33 248
34 248
41 248
48 248
52 248
58 248
63 248
65 248
66 248
73 248
77 248
80 248
83 248
86 248
91 248
96 248
113 248
114 248
131 248
132 248
149 248
151 248
154 248
155 248
162 248
165 248
172 248
186 248
196 248
198 248
202 248
203 248
214 248
219 248
223 248
224 248
232 248
233 248
234 248
19 249
44 249
45 249
51 249
58 249
60 249
64 249
70 249
75 249
97 249
98 249
99 249
101 249
102 249
108 249
111 249
120 249
130 249
134 249
138 249
139 249
145 249
147 249
153 249
154 249
158 249
169 249
172 249
181 249
187 249
193 249
201 249
207 249
214 249
215 249
222 249
225 249
228 249
229 249
232 249
3 250
13 250
15 250
17 250
21 250
25 250
27 250
31 250
43 250
52 250
55 250
60 250
61 250
65 250
75 250
84 250
97 250
100 250
102 250
119 250
122 250
133 250
134 250
145 250
146 250
150 250
152 250
173 250
177 250
194 250
200 250
202 250
203 250
208 250
213 250
215 250
218 250
222 250
232 250
236 250
1 251
3 251
14 251
28 251
33 251
36 251
38 251
42 251
43 251
52 251
56 251
60 251
65 251
73 251
75 251
77 251
86 251
88 251
91 251
92 251
93 251
97 251
101 251
112 251
118 251
121 251
128 251
131 251
132 251
135 251
136 251
138 251
140 251
143 251
144 251
149 251
151 251
154 251
161 251
165 251
174 251
180 251
185 251
191 251
196 251
200 251
205 251
214 251
215 251
216 251
221 251
223 251
225 251
231 251
235 251
236 251
240 251
0 252
1 252
5 252
10 252
13 252
14 252
18 252
21 252
25 252
28 252
41 252
44 252
45 252
56 252
60 252
62 252
68 252
79 252
80 252
87 252
93 252
97 252
102 252
103 252
106 252
118 252
120 252
121 252
123 252
128 252
131 252
133 252
134 252
136 252
137 252
150 252
160 252
166 252
182 252
184 252
191 252
192 252
193 252
194 252
196 252
215 252
221 252
222 252
225 252
234 252
238 252
241 252
244 252
245 252
0 253
12 253
21 253
22 253
23 253
28 253
29 253
34 253
37 253
53 253
55 253
61 253
63 253
67 253
70 253
74 253
75 253
82 253
83 253
89 253
108 253
112 253
116 253
121 253
123 253
126 253
128 253
133 253
141 253
148 253
151 253
153 253
157 253
161 253
164 253
171 253
179 253
181 253
197 253
200 253
201 253
204 253
207 253
213 253
214 253
223 253
225 253
237 253
245 253
15 254
16 254
18 254
29 254
39 254
46 254
57 254
61 254
64 254
65 254
75 254
76 254
88 254
90 254
101 254
106 254
111 254
114 254
118 254
119 254
128 254
140 254
144 254
149 254
151 254
152 254
153 254
156 254
159 254
165 254
166 254
169 254
170 254
173 254
174 254
178 254
180 254
182 254
187 254
195 254
198 254
201 254
212 254
213 254
216 254
218 254
219 254
220 254
239 254
244 254
245 254
7 255
11 255
13 255
16 255
24 255
25 255
31 255
47 255
51 255
53 255
68 255
77 255
79 255
81 255
82 255
87 255
92 255
94 255
100 255
103 255
104 255
115 255
118 255
136 255
139 255
143 255
144 255
151 255
152 255
156 255
162 255
180 255
181 255
184 255
190 255
193 255
195 255
198 255
206 255
209 255
210 255
213 255
214 255
215 255
221 255
231 255
236 255
241 255
242 255
1 256
11 256
18 256
22 256
24 256
32 256
35 256
41 256
45 256
48 256
58 256
59 256
61 256
65 256
66 256
73 256
83 256
89 256
101 256
103 256
106 256
112 256
123 256
125 256
128 256
130 256
136 256
153 256
158 256
163 256
170 256
174 256
187 256
193 256
194 256
202 256
204 256
213 256
218 256
220 256
221 256
223 256
226 256
231 256
234 256
241 256
242 256
243 256
244 256
245 256
249 256
255 256
4 257
10 257
13 257
14 257
19 257
24 257
33 257
36 257
38 257
39 257
43 257
47 257
48 257
56 257
58 257
70 257
73 257
77 257
93 257
98 257
100 257
113 257
115 257
121 257
128 257
136 257
137 257
148 257
160 257
165 257
176 257
184 257
186 257
189 257
193 257
199 257
214 257
218 257
223 257
229 257
231 257
234 257
243 257
255 257
6 258
14 258
21 258
23 258
25 258
26 258
34 258
39 258
43 258
55 258
78 258
82 258
93 258
95 258
97 258
100 258
110 258
113 258
118 258
138 258
140 258
149 258
153 258
157 258
169 258
178 258
180 258
187 258
189 258
195 258
198 258
201 258
206 258
208 258
212 258
233 258
241 258
245 258
3 259
10 259
12 259
13 259
16 259
23 259
32 259
35 259
37 259
39 259
42 259
47 259
52 259
53 259
56 259
63 259
65 259
68 259
79 259
85 259
92 259
94 259
95 259
105 259
123 259
127 259
128 259
131 259
135 259
139 259
140 259
143 259
154 259
156 259
162 259
165 259
171 259
173 259
202 259
215 259
219 259
221 259
224 259
235 259
249 259
251 259
253 259
255 259
9 260
10 260
24 260
30 260
33 260
35 260
38 260
39 260
44 260
50 260
54 260
58 260
60 260
63 260
65 260
68 260
70 260
76 260
78 260
85 260
90 260
91 260
93 260
100 260
123 260
129 260
130 260
136 260
141 260
150 260
156 260
157 260
162 260
167 260
180 260
181 260
182 260
185 260
186 260
191 260
193 260
195 260
216 260
219 260
223 260
231 260
235 260
239 260
240 260
251 260
5 261
6 261
16 261
21 261
22 261
30 261
39 261
45 261
52 261
54 261
56 261
58 261
60 261
67 261
71 261
73 261
74 261
79 261
82 261
83 261
89 261
93 261
113 261
132 261
133 261
138 261
146 261
147 261
151 261
153 261
159 261
167 261
169 261
171 261
173 261
184 261
192 261
195 261
210 261
211 261
212 261
217 261
225 261
228 261
234 261
235 261
238 261
242 261
243 261
251 261
253 261
13 262
18 262
41 262
49 262
64 262
65 262
66 262
70 262
79 262
80 262
92 262
101 262
104 262
106 262
108 262
113 262
121 262
129 262
146 262
148 262
157 262
158 262
160 262
165 262
167 262
168 262
170 262
173 262
180 262
183 262
184 262
186 262
187 262
189 262
192 262
194 262
196 262
198 262
208 262
214 262
222 262
224 262
229 262
230 262
239 262
240 262
250 262
253 262
2 263
6 263
13 263
16 263
17 263
20 263
32 263
33 263
42 263
45 263
47 263
49 263
58 263
59 263
64 263
65 263
69 263
72 263
76 263
78 263
80 263
81 263
82 263
84 263
85 263
92 263
101 263
116 263
122 263
124 263
129 263
130 263
133 263
134 263
141 263
153 263
155 263
165 263
167 263
172 263
176 263
178 263
181 263
182 263
184 263
191 263
193 263
201 263
205 263
209 263
210 263
221 263
242 263
247 263
250 263
252 263
255 263
0 264
9 264
17 264
28 264
30 264
33 264
37 264
38 264
41 264
44 264
45 264
47 264
50 264
51 264
52 264
53 264
55 264
68 264
69 264
76 264
85 264
89 264
99 264
102 264
111 264
120 264
129 264
131 264
138 264
144 264
148 264
152 264
157 264
161 264
162 264
171 264
176 264
177 264
179 264
181 264
185 264
186 264
191 264
193 264
201 264
203 264
204 264
206 264
207 264
210 264
214 264
218 264
223 264
229 264
230 264
233 264
238 264
240 264
242 264
244 264
248 264
3 265
6 265
9 265
16 265
19 265
30 265
52 265
53 265
54 265
61 265
67 265
83 265
87 265
89 265
92 265
98 265
101 265
102 265
116 265
118 265
119 265
133 265
136 265
145 265
146 265
156 265
161 265
177 265
179 265
181 265
187 265
190 265
201 265
202 265
204 265
205 265
208 265
209 265
212 265
222 265
223 265
225 265
228 265
231 265
232 265
247 265
250 265
254 265
1 266
5 266
7 266
9 266
10 266
11 266
16 266
18 266
22 266
27 266
33 266
39 266
40 266
41 266
42 266
43 266
47 266
48 266
50 266
51 266
55 266
59 266
61 266
73 266
76 266
79 266
82 266
85 266
93 266
109 266
112 266
113 266
121 266
124 266
125 266
135 266
137 266
146 266
154 266
156 266
159 266
160 266
162 266
166 266
174 266
176 266
177 266
178 266
180 266
182 266
186 266
212 266
222 266
223 266
226 266
229 266
232 266
234 266
237 266
246 266
255 266
257 266
258 266
0 267
2 267
7 267
10 267
19 267
24 267
29 267
40 267
49 267
52 267
53 267
54 267
60 267
64 267
69 267
80 267
84 267
88 267
91 267
93 267
94 267
95 267
98 267
99 267
100 267
101 267
107 267
112 267
114 267
115 267
126 267
130 267
147 267
150 267
159 267
173 267
177 267
178 267
196 267
200 267
206 267
207 267
209 267
214 267
219 267
220 267
225 267
229 267
231 267
234 267
236 267
245 267
252 267
261 267
1 268
2 268
7 268
8 268
10 268
17 268
18 268
25 268
27 268
28 268
29 268
31 268
34 268
37 268
41 268
55 268
63 268
70 268
72 268
80 268
92 268
108 268
110 268
117 268
121 268
125 268
129 268
149 268
163 268
167 268
170 268
177 268
180 268
183 268
188 268
190 268
193 268
194 268
209 268
222 268
224 268
225 268
228 268
238 268
244 268
247 268
248 268
250 268
253 268
255 268
256 268
257 268
262 268
7 269
9 269
20 269
26 269
27 269
28 269
35 269
36 269
48 269
63 269
82 269
86 269
87 269
89 269
100 269
112 269
113 269
116 269
123 269
128 269
129 269
132 269
135 269
140 269
143 269
150 269
160 269
181 269
182 269
184 269
185 269
186 269
189 269
202 269
203 269
204 269
207 269
221 269
233 269
234 269
235 269
236 269
244 269
247 269
250 269
254 269
260 269
2 270
30 270
34 270
36 270
45 270
46 270
47 270
57 270
68 270
73 270
79 270
82 270
87 270
91 270
92 270
99 270
103 270
111 270
117 270
119 270
126 270
146 270
151 270
152 270
161 270
165 270
169 270
171 270
181 270
188 270
190 270
198 270
200 270
217 270
223 270
226 270
229 270
231 270
233 270
243 270
249 270
255 270
258 270
3 271
11 271
18 271
20 271
22 271
29 271
31 271
40 271
42 271
47 271
62 271
64 271
65 271
79 271
87 271
89 271
93 271
104 271
106 271
107 271
108 271
111 271
112 271
116 271
118 271
120 271
121 271
123 271
125 271
131 271
134 271
146 271
171 271
174 271
180 271
184 271
187 271
204 271
208 271
209 271
224 271
234 271
236 271
245 271
254 271
261 271
265 271
4 272
6 272
8 272
10 272
12 272
16 272
25 272
28 272
29 272
36 272
50 272
70 272
71 272
75 272
77 272
78 272
81 272
84 272
88 272
90 272
92 272
97 272
100 272
101 272
102 272
108 272
109 272
120 272
133 272
135 272
140 272
142 272
147 272
155 272
159 272
164 272
181 272
183 272
210 272
219 272
221 272
224 272
229 272
230 272
231 272
233 272
234 272
236 272
239 272
240 272
241 272
243 272
253 272
254 272
257 272
0 273
1 273
3 273
5 273
8 273
16 273
18 273
19 273
21 273
23 273
34 273
47 273
53 273
59 273
60 273
66 273
69 273
70 273
72 273
76 273
77 273
83 273
86 273
91 273
94 273
101 273
107 273
108 273
112 273
120 273
130 273
138 273
142 273
143 273
144 273
151 273
152 273
153 273
154 273
155 273
161 273
166 273
167 273
173 273
174 273
183 273
186 273
189 273
197 273
201 273
206 273
221 273
234 273
242 273
244 273
253 273
255 273
1 274
4 274
9 274
14 274
23 274
42 274
46 274
47 274
59 274
60 274
62 274
65 274
66 274
69 274
73 274
74 274
75 274
79 274
81 274
82 274
93 274
123 274
128 274
129 274
137 274
141 274
169 274
176 274
180 274
186 274
194 274
202 274
204 274
211 274
212 274
214 274
222 274
227 274
228 274
232 274
233 274
234 274
237 274
244 274
250 274
256 274
258 274
263 274
266 274
13 275
24 275
26 275
33 275
51 275
53 275
55 275
56 275
58 275
64 275
68 275
69 275
89 275
95 275
112 275
117 275
122 275
130 275
132 275
133 275
135 275
149 275
160 275
161 275
162 275
176 275
177 275
181 275
182 275
185 275
200 275
203 275
206 275
207 275
220 275
221 275
231 275
232 275
238 275
239 275
248 275
249 275
253 275
259 275
264 275
21 276
27 276
28 276
30 276
36 276
39 276
43 276
53 276
57 276
59 276
61 276
63 276
69 276
72 276
81 276
82 276
92 276
94 276
99 276
106 276
107 276
113 276
114 276
116 276
122 276
126 276
132 276
137 276
144 276
146 276
150 276
163 276
170 276
171 276
184 276
190 276
211 276
212 276
213 276
214 276
216 276
221 276
230 276
231 276
240 276
254 276
257 276
263 276
264 276
267 276
272 276
3 277
14 277
17 277
28 277
30 277
36 277
38 277
45 277
49 277
59 277
62 277
64 277
66 277
72 277
77 277
78 277
84 277
90 277
115 277
118 277
121 277
122 277
128 277
129 277
139 277
144 277
145 277
155 277
166 277
171 277
175 277
178 277
179 277
185 277
189 277
198 277
213 277
216 277
223 277
224 277
236 277
248 277
250 277
262 277
264 277
265 277
269 277
272 277
1 278
4 278
6 278
7 278
17 278
23 278
24 278
25 278
36 278
40 278
44 278
46 278
48 278
52 278
54 278
55 278
57 278
59 278
60 278
61 278
66 278
73 278
74 278
75 278
81 278
83 278
95 278
98 278
101 278
107 278
112 278
119 278
122 278
131 278
135 278
139 278
153 278
175 278
177 278
179 278
180 278
187 278
194 278
197 278
199 278
227 278
230 278
231 278
232 278
233 278
234 278
247 278
249 278
250 278
251 278
256 278
257 278
262 278
267 278
9 279
10 279
15 279
19 279
23 279
26 279
33 279
47 279
54 279
59 279
61 279
66 279
68 279
76 279
77 279
86 279
92 279
93 279
96 279
100 279
105 279
119 279
124 279
127 279
130 279
141 279
145 279
153 279
165 279
171 279
177 279
182 279
186 279
194 279
201 279
204 279
221 279
224 279
229 279
231 279
234 279
236 279
240 279
241 279
245 279
246 279
247 279
255 279
256 279
262 279
268 279
5 280
8 280
9 280
15 280
23 280
24 280
25 280
26 280
40 280
45 280
48 280
59 280
60 280
61 280
68 280
76 280
84 280
91 280
93 280
94 280
100 280
101 280
107 280
117 280
123 280
128 280
131 280
132 280
151 280
153 280
172 280
173 280
175 280
178 280
183 280
192 280
194 280
195 280
196 280
200 280
202 280
206 280
213 280
219 280
221 280
226 280
230 280
233 280
247 280
250 280
252 280
253 280
255 280
3 281
6 281
16 281
24 281
25 281
29 281
31 281
35 281
42 281
46 281
60 281
64 281
66 281
78 281
82 281
87 281
95 281
96 281
99 281
100 281
104 281
114 281
116 281
124 281
127 281
128 281
145 281
146 281
148 281
157 281
169 281
170 281
179 281
184 281
185 281
189 281
191 281
208 281
214 281
221 281
223 281
232 281
233 281
244 281
250 281
261 281
271 281
273 281
0 282
4 282
11 282
14 282
17 282
20 282
23 282
33 282
42 282
43 282
48 282
49 282
52 282
53 282
56 282
60 282
61 282
67 282
71 282
72 282
79 282
84 282
89 282
90 282
101 282
108 282
110 282
113 282
125 282
128 282
129 282
138 282
142 282
147 282
151 282
170 282
174 282
178 282
179 282
180 282
184 282
186 282
189 282
194 282
205 282
206 282
214 282
224 282
226 282
227 282
229 282
234 282
240 282
242 282
250 282
254 282
261 282
263 282
265 282
273 282
5 283
6 283
7 283
8 283
9 283
12 283
17 283
18 283
26 283
36 283
43 283
47 283
48 283
56 283
57 283
60 283
63 283
68 283
70 283
78 283
85 283
88 283
90 283
91 283
94 283
95 283
97 283
98 283
104 283
114 283
123 283
132 283
144 283
154 283
160 283
164 283
171 283
190 283
202 283
204 283
207 283
210 283
228 283
247 283
256 283
260 283
268 283
4 284
11 284
12 284
16 284
17 284
20 284
24 284
27 284
31 284
35 284
36 284
38 284
40 284
50 284
52 284
61 284
68 284
71 284
76 284
77 284
79 284
80 284
81 284
100 284
107 284
112 284
114 284
115 284
116 284
118 284
123 284
125 284
139 284
140 284
146 284
150 284
155 284
159 284
165 284
177 284
190 284
191 284
193 284
204 284
210 284
218 284
219 284
223 284
224 284
226 284
227 284
238 284
244 284
248 284
256 284
258 284
268 284
276 284
279 284
280 284
2 285
11 285
15 285
23 285
24 285
31 285
33 285
41 285
42 285
48 285
50 285
53 285
65 285
67 285
82 285
96 285
97 285
104 285
110 285
114 285
118 285
120 285
126 285
127 285
130 285
143 285
145 285
148 285
153 285
157 285
159 285
169 285
172 285
178 285
180 285
186 285
187 285
188 285
194 285
196 285
200 285
214 285
217 285
227 285
234 285
238 285
242 285
245 285
246 285
248 285
249 285
254 285
256 285
258 285
266 285
13 286
14 286
15 286
27 286
30 286
38 286
39 286
43 286
45 286
46 286
47 286
48 286
50 286
51 286
53 286
56 286
63 286
68 286
69 286
75 286
79 286
85 286
87 286
88 286
97 286
102 286
104 286
115 286
118 286
123 286
130 286
133 286
136 286
137 286
138 286
146 286
147 286
149 286
150 286
157 286
158 286
166 286
186 286
191 286
192 286
201 286
204 286
208 286
220 286
226 286
229 286
236 286
240 286
242 286
251 286
263 286
268 286
271 286
273 286
276 286
23 287
25 287
26 287
29 287
33 287
34 287
44 287
47 287
59 287
61 287
62 287
80 287
81 287
83 287
89 287
92 287
94 287
98 287
99 287
101 287
103 287
108 287
110 287
126 287
127 287
129 287
131 287
135 287
152 287
154 287
160 287
163 287
169 287
177 287
181 287
183 287
184 287
185 287
194 287
206 287
212 287
216 287
220 287
222 287
230 287
233 287
238 287
241 287
247 287
252 287
263 287
264 287
267 287
272 287
278 287
4 288
18 288
19 288
23 288
29 288
30 288
44 288
46 288
48 288
65 288
68 288
78 288
79 288
87 288
95 288
96 288
102 288
108 288
110 288
112 288
125 288
145 288
165 288
168 288
180 288
184 288
198 288
201 288
205 288
210 288
212 288
228 288
232 288
233 288
238 288
243 288
244 288
248 288
259 288
260 288
265 288
268 288
272 288
276 288
277 288
2 289
22 289
32 289
36 289
38 289
50 289
51 289
52 289
53 289
54 289
55 289
60 289
61 289
62 289
66 289
67 289
69 289
74 289
79 289
85 289
87 289
102 289
107 289
112 289
113 289
120 289
122 289
131 289
134 289
139 289
142 289
159 289
161 289
165 289
167 289
171 289
180 289
181 289
185 289
186 289
189 289
198 289
205 289
209 289
211 289
220 289
222 289
230 289
231 289
233 289
246 289
250 289
256 289
260 289
262 289
267 289
271 289
275 289
2 290
7 290
13 290
17 290
20 290
21 290
23 290
47 290
49 290
60 290
65 290
67 290
72 290
80 290
86 290
87 290
88 290
90 290
96 290
97 290
111 290
130 290
133 290
136 290
138 290
141 290
150 290
154 290
160 290
163 290
175 290
185 290
186 290
189 290
198 290
208 290
213 290
216 290
224 290
225 290
226 290
229 290
230 290
241 290
242 290
243 290
245 290
249 290
252 290
254 290
257 290
258 290
259 290
263 290
264 290
270 290
272 290
280 290
0 291
8 291
15 291
17 291
20 291
21 291
24 291
31 291
48 291
51 291
58 291
60 291
62 291
63 291
75 291
82 291
89 291
91 291
93 291
96 291
103 291
113 291
121 291
122 291
126 291
129 291
130 291
131 291
133 291
138 291
143 291
152 291
165 291
175 291
190 291
193 291
205 291
211 291
220 291
223 291
230 291
239 291
241 291
254 291
255 291
260 291
274 291
275 291
278 291
279 291
280 291
284 291
6 292
15 292
24 292
30 292
35 292
36 292
42 292
60 292
61 292
65 292
69 292
70 292
74 292
78 292
79 292
87 292
90 292
94 292
96 292
104 292
113 292
117 292
122 292
123 292
136 292
137 292
138 292
140 292
142 292
149 292
152 292
155 292
165 292
166 292
179 292
182 292
186 292
187 292
193 292
195 292
196 292
200 292
208 292
209 292
215 292
230 292
234 292
238 292
244 292
247 292
257 292
264 292
272 292
274 292
276 292
277 292
280 292
285 292
286 292
289 292
290 292
15 293
26 293
35 293
38 293
43 293
46 293
49 293
52 293
58 293
67 293
69 293
91 293
92 293
93 293
100 293
121 293
132 293
134 293
139 293
142 293
143 293
144 293
150 293
156 293
164 293
167 293
174 293
186 293
195 293
196 293
199 293
204 293
207 293
208 293
211 293
213 293
219 293
230 293
233 293
237 293
240 293
241 293
269 293
270 293
271 293
279 293
284 293
287 293
3 294
8 294
21 294
23 294
30 294
32 294
37 294
39 294
44 294
48 294
52 294
57 294
77 294
80 294
88 294
90 294
94 294
115 294
120 294
125 294
126 294
132 294
136 294
144 294
161 294
180 294
195 294
203 294
204 294
212 294
215 294
220 294
222 294
225 294
240 294
249 294
261 294
266 294
269 294
271 294
274 294
278 294
283 294
289 294
9 295
15 295
23 295
44 295
59 295
62 295
65 295
67 295
73 295
76 295
87 295
93 295
113 295
114 295
124 295
134 295
141 295
145 295
150 295
153 295
154 295
156 295
162 295
169 295
173 295
179 295
180 295
187 295
189 295
192 295
202 295
203 295
204 295
214 295
215 295
222 295
228 295
229 295
234 295
237 295
249 295
265 295
266 295
270 295
271 295
272 295
274 295
284 295
289 295
5 296
7 296
10 296
19 296
26 296
29 296
32 296
37 296
39 296
45 296
49 296
56 296
58 296
60 296
62 296
73 296
75 296
76 296
85 296
89 296
92 296
93 296
94 296
95 296
97 296
100 296
102 296
103 296
105 296
119 296
120 296
124 296
131 296
133 296
152 296
153 296
155 296
162 296
169 296
170 296
171 296
177 296
183 296
190 296
191 296
197 296
199 296
207 296
212 296
214 296
221 296
228 296
232 296
236 296
238 296
253 296
258 296
278 296
281 296
290 296
2 297
4 297
5 297
6 297
9 297
10 297
14 297
15 297
16 297
23 297
29 297
33 297
46 297
51 297
60 297
71 297
75 297
81 297
86 297
97 297
103 297
105 297
106 297
108 297
110 297
114 297
119 297
126 297
130 297
142 297
144 297
146 297
147 297
149 297
151 297
153 297
161 297
176 297
185 297
188 297
189 297
191 297
194 297
198 297
199 297
203 297
215 297
218 297
219 297
223 297
224 297
225 297
236 297
240 297
242 297
251 297
252 297
267 297
274 297
275 297
276 297
281 297
283 297
286 297
287 297
288 297
1 298
2 298
13 298
14 298
17 298
20 298
33 298
38 298
43 298
47 298
60 298
63 298
68 298
80 298
86 298
88 298
95 298
96 298
100 298
103 298
108 298
111 298
117 298
119 298
120 298
121 298
126 298
128 298
129 298
133 298
146 298
148 298
159 298
165 298
166 298
170 298
173 298
177 298
181 298
185 298
188 298
190 298
197 298
210 298
212 298
213 298
214 298
215 298
217 298
224 298
232 298
246 298
249 298
251 298
257 298
261 298
264 298
273 298
274 298
277 298
282 298
286 298
289 298
2 299
10 299
12 299
31 299
34 299
45 299
47 299
49 299
52 299
57 299
73 299
78 299
81 299
86 299
105 299
127 299
128 299
130 299
131 299
132 299
134 299
136 299
143 299
155 299
163 299
164 299
170 299
176 299
182 299
188 299
189 299
204 299
206 299
213 299
215 299
223 299
233 299
242 299
244 299
245 299
248 299
249 299
259 299
261 299
266 299
268 299
269 299
274 299
285 299
287 299
289 299
