300 4454 5
5 12 11 9 2 8 14 14 3 16 8 19 8 13 19 13 18 8 14 13 15 11 17 13 9 6 14 13 15 2 3 13 16 14 18 18 2 15 12 5 3 11 15 4 11 14 11 20 3 10 14 6 8 19 17 8 16 5 15 11 13 4 1 6 10 17 7 17 19 20 16 17 14 11 1 16 1 16 19 9 6 16 14 3 16 14 8 1 3 5 3 8 10 18 16 3 12 19 13 4 4 10 9 5 12 7 2 10 20 17 1 13 15 9 3 11 6 8 14 1 10 10 20 17 17 9 11 7 19 1 3 18 2 10 12 5 12 7 20 6 6 12 4 3 12 14 17 16 12 15 18 5 19 13 3 8 14 18 8 19 5 13 11 2 16 2 19 8 14 7 4 17 8 13 12 5 9 9 17 17 4 7 9 18 19 4 17 12 10 13 2 18 13 15 19 10 7 13 20 15 6 7 4 13 15 5 2 1 12 20 2 8 1 15 16 19 7 10 5 17 1 18 9 20 15 20 18 5 11 7 3 12 18 12 9 13 13 1 14 12 9 1 11 2 18 18 17 16 12 2 18 7 7 6 8 20 4 7 13 9 20 2 12 9 2 2 3 13 8 9 19 13 4 8 15 2 7 2 13 9 14 6 15 17 5 13 17 6 17 7 19 4 4 7 13 7 2 19 8 10
1 12
11 12
6 14
8 14
11 14
7 15
1 16
6 17
6 18
9 18
0 19
4 19
6 19
7 21
3 22
18 22
9 23
11 23
14 23
2 24
7 24
2 25
5 25
8 26
0 27
5 27
11 27
12 28
17 28
20 28
5 29
7 29
9 29
11 29
3 30
20 30
1 31
10 31
11 31
2 32
5 32
25 33
27 33
29 33
0 34
3 34
12 34
14 34
31 34
8 35
12 35
18 35
22 35
28 35
31 35
4 36
6 36
10 36
17 36
26 37
9 38
4 39
7 39
19 39
27 39
31 39
7 40
13 40
23 40
30 40
36 40
0 41
1 41
13 41
18 41
20 41
39 41
6 42
25 42
39 42
10 43
39 43
6 44
7 44
16 44
23 44
38 44
19 45
22 45
25 45
30 45
34 45
39 45
9 46
19 46
29 46
33 46
34 46
38 46
4 47
10 47
11 47
10 48
17 48
39 48
45 48
27 49
38 49
11 50
26 50
35 50
42 50
1 51
30 51
47 51
8 52
12 52
15 52
27 52
31 52
42 52
7 53
9 53
17 53
36 53
40 53
8 54
23 54
26 54
34 54
5 55
10 55
17 55
24 55
26 55
27 55
35 55
37 55
43 55
4 56
5 56
16 56
25 56
31 56
32 56
34 56
47 56
9 57
21 57
36 57
4 58
9 58
12 58
2 59
8 59
10 59
25 59
31 59
44 59
51 59
4 60
8 60
22 60
37 60
50 60
5 61
9 61
25 61
28 61
47 61
49 61
2 62
4 62
13 62
24 62
26 62
38 62
42 62
47 62
51 62
54 62
4 63
7 63
10 63
22 63
24 63
26 63
30 63
31 63
39 63
45 63
47 63
58 63
13 64
14 64
20 64
30 64
5 65
36 65
38 65
40 65
45 65
52 65
0 66
1 66
2 66
30 66
34 66
40 66
41 66
42 66
55 66
56 66
61 66
18 67
21 67
38 67
40 67
52 67
53 67
56 67
60 67
7 68
8 68
23 68
47 68
5 69
19 69
27 69
2 70
13 70
28 70
30 70
41 70
54 70
1 71
15 71
17 71
30 71
36 71
45 71
47 71
54 71
55 71
7 72
24 72
38 72
52 72
53 72
56 72
26 73
31 73
47 73
53 73
54 73
0 74
6 74
13 74
22 74
35 74
38 74
39 74
50 74
64 74
4 75
15 75
21 75
27 75
36 75
45 75
20 76
34 76
41 76
48 76
51 76
52 76
58 76
37 77
51 77
55 77
63 77
73 77
5 78
10 78
19 78
20 78
26 78
34 78
44 78
46 78
48 78
51 78
59 78
72 78
76 78
10 79
14 79
20 79
37 79
51 79
55 79
59 79
76 79
3 80
24 80
44 80
46 80
73 80
4 81
33 81
41 81
53 81
54 81
59 81
62 81
71 81
75 81
4 82
9 82
15 82
16 82
18 82
19 82
20 82
35 82
48 82
50 82
61 82
72 82
0 83
5 83
24 83
30 83
51 83
69 83
76 83
5 84
6 84
12 84
14 84
20 84
40 84
41 84
46 84
47 84
51 84
53 84
54 84
65 84
68 84
3 85
26 85
29 85
33 85
40 85
41 85
70 85
71 85
0 86
12 86
38 86
68 86
69 86
73 86
4 87
13 87
22 87
25 87
26 87
46 87
54 87
63 87
8 88
39 88
40 88
46 88
55 88
71 88
74 88
15 89
25 89
28 89
31 89
40 89
75 89
5 90
18 90
22 90
23 90
30 90
47 90
56 90
59 90
61 90
74 90
85 90
0 91
6 91
19 91
24 91
42 91
50 91
65 91
66 91
74 91
87 91
3 92
10 92
12 92
13 92
14 92
19 92
28 92
29 92
30 92
50 92
61 92
65 92
77 92
88 92
4 93
11 93
27 93
32 93
35 93
39 93
40 93
50 93
75 93
77 93
85 93
89 93
1 94
5 94
15 94
29 94
37 94
51 94
63 94
60 95
75 95
76 95
82 95
5 96
14 96
16 96
31 96
69 96
76 96
77 96
84 96
12 97
16 97
20 97
21 97
56 97
74 97
77 97
78 97
89 97
3 98
12 98
48 98
53 98
63 98
71 98
16 99
26 99
53 99
57 99
65 99
73 99
88 99
89 99
98 99
14 100
29 100
30 100
38 100
52 100
67 100
82 100
97 100
5 101
9 101
19 101
29 101
54 101
61 101
69 101
18 102
38 102
42 102
43 102
44 102
48 102
60 102
71 102
77 102
82 102
92 102
3 103
4 103
12 103
23 103
26 103
45 103
46 103
48 103
50 103
63 103
65 103
78 103
92 103
98 103
0 104
2 104
44 104
49 104
70 104
79 104
80 104
81 104
1 105
16 105
25 105
26 105
28 105
35 105
52 105
57 105
69 105
90 105
95 105
13 106
15 106
16 106
23 106
40 106
45 106
47 106
59 106
63 106
68 106
83 106
84 106
92 106
25 107
26 107
28 107
29 107
37 107
69 107
76 107
82 107
5 108
30 108
47 108
51 108
67 108
79 108
83 108
90 108
91 108
94 108
96 108
97 108
98 108
21 109
29 109
38 109
52 109
61 109
65 109
67 109
68 109
71 109
88 109
95 109
98 109
102 109
9 110
10 110
13 110
24 110
25 110
36 110
37 110
45 110
49 110
52 110
68 110
73 110
75 110
80 110
82 110
96 110
97 110
99 110
34 111
35 111
47 111
52 111
56 111
70 111
80 111
84 111
88 111
89 111
107 111
4 112
8 112
10 112
24 112
34 112
43 112
47 112
48 112
56 112
73 112
77 112
81 112
87 112
89 112
95 112
99 112
106 112
10 113
39 113
51 113
54 113
60 113
66 113
68 113
72 113
77 113
79 113
82 113
97 113
4 114
8 114
15 114
19 114
33 114
41 114
47 114
56 114
59 114
73 114
79 114
89 114
97 114
99 114
101 114
102 114
4 115
9 115
21 115
25 115
31 115
45 115
48 115
51 115
57 115
61 115
62 115
73 115
77 115
79 115
93 115
106 115
2 116
9 116
23 116
36 116
47 116
56 116
60 116
80 116
101 116
11 117
12 117
37 117
62 117
82 117
90 117
104 117
111 117
2 118
14 118
21 118
61 118
67 118
68 118
77 118
89 118
100 118
2 119
14 119
34 119
53 119
64 119
80 119
85 119
89 119
110 119
23 120
26 120
52 120
68 120
70 120
77 120
83 120
93 120
0 121
12 121
28 121
31 121
37 121
50 121
51 121
79 121
80 121
82 121
103 121
107 121
108 121
112 121
31 122
37 122
46 122
61 122
73 122
83 122
84 122
92 122
99 122
103 122
6 123
8 123
24 123
44 123
45 123
48 123
50 123
75 123
84 123
104 123
43 124
51 124
54 124
63 124
80 124
96 124
97 124
1 125
10 125
17 125
35 125
37 125
52 125
75 125
77 125
78 125
106 125
108 125
112 125
21 126
24 126
27 126
30 126
43 126
47 126
53 126
60 126
96 126
114 126
1 127
5 127
24 127
26 127
38 127
51 127
55 127
56 127
68 127
89 127
93 127
98 127
101 127
0 128
1 128
8 128
9 128
13 128
24 128
36 128
38 128
43 128
46 128
49 128
61 128
64 128
69 128
74 128
82 128
89 128
90 128
91 128
113 128
125 128
10 129
21 129
22 129
31 129
54 129
59 129
62 129
66 129
70 129
78 129
79 129
82 129
87 129
90 129
97 129
101 129
106 129
107 129
124 129
7 130
20 130
28 130
41 130
46 130
47 130
74 130
77 130
86 130
110 130
120 130
1 131
9 131
11 131
14 131
37 131
99 131
100 131
116 131
117 131
123 131
4 132
15 132
28 132
33 132
50 132
51 132
69 132
76 132
77 132
86 132
116 132
118 132
5 133
8 133
14 133
19 133
28 133
36 133
40 133
43 133
45 133
57 133
60 133
70 133
93 133
94 133
100 133
110 133
118 133
5 134
21 134
37 134
40 134
53 134
72 134
83 134
87 134
93 134
94 134
112 134
126 134
1 135
10 135
14 135
23 135
26 135
28 135
37 135
38 135
48 135
55 135
56 135
58 135
92 135
96 135
107 135
116 135
12 136
22 136
25 136
34 136
47 136
50 136
60 136
110 136
114 136
23 137
29 137
50 137
55 137
75 137
80 137
89 137
97 137
108 137
112 137
117 137
121 137
3 138
4 138
9 138
10 138
11 138
17 138
18 138
36 138
43 138
61 138
62 138
81 138
91 138
92 138
106 138
108 138
109 138
112 138
114 138
127 138
24 139
32 139
37 139
51 139
52 139
84 139
89 139
92 139
95 139
116 139
123 139
132 139
135 139
2 140
12 140
19 140
28 140
46 140
49 140
59 140
84 140
112 140
119 140
128 140
130 140
135 140
5 141
14 141
15 141
20 141
21 141
24 141
36 141
37 141
38 141
40 141
80 141
83 141
88 141
90 141
129 141
0 142
10 142
12 142
27 142
31 142
37 142
42 142
45 142
51 142
69 142
117 142
119 142
136 142
4 143
10 143
12 143
32 143
37 143
50 143
63 143
84 143
87 143
106 143
116 143
122 143
124 143
133 143
21 144
41 144
55 144
59 144
71 144
74 144
77 144
107 144
131 144
136 144
0 145
8 145
19 145
24 145
49 145
54 145
76 145
78 145
88 145
93 145
96 145
111 145
121 145
126 145
132 145
137 145
1 146
21 146
29 146
43 146
77 146
83 146
93 146
102 146
113 146
114 146
128 146
136 146
16 147
23 147
29 147
31 147
44 147
45 147
47 147
54 147
78 147
80 147
83 147
112 147
120 147
137 147
17 148
44 148
48 148
66 148
96 148
115 148
128 148
129 148
132 148
134 148
135 148
1 149
7 149
17 149
21 149
66 149
69 149
116 149
120 149
122 149
124 149
132 149
134 149
35 150
40 150
50 150
54 150
55 150
67 150
96 150
103 150
104 150
126 150
14 151
19 151
21 151
23 151
53 151
58 151
59 151
77 151
80 151
100 151
103 151
104 151
112 151
118 151
120 151
6 152
27 152
33 152
37 152
47 152
58 152
60 152
61 152
76 152
78 152
82 152
83 152
102 152
106 152
119 152
133 152
137 152
147 152
14 153
35 153
41 153
46 153
49 153
54 153
64 153
77 153
110 153
114 153
120 153
128 153
131 153
3 154
5 154
11 154
17 154
20 154
48 154
60 154
62 154
67 154
74 154
89 154
90 154
112 154
2 155
3 155
6 155
48 155
50 155
56 155
59 155
63 155
66 155
87 155
107 155
114 155
117 155
124 155
129 155
144 155
147 155
1 156
4 156
11 156
15 156
31 156
37 156
39 156
41 156
47 156
49 156
57 156
59 156
88 156
95 156
101 156
125 156
5 157
11 157
18 157
22 157
23 157
38 157
41 157
77 157
78 157
97 157
122 157
128 157
152 157
154 157
27 158
45 158
49 158
72 158
91 158
122 158
124 158
128 158
152 158
155 158
3 159
5 159
18 159
26 159
38 159
40 159
44 159
45 159
60 159
65 159
76 159
96 159
101 159
116 159
119 159
121 159
135 159
145 159
148 159
1 160
10 160
31 160
47 160
56 160
66 160
97 160
107 160
109 160
111 160
120 160
128 160
133 160
140 160
145 160
9 161
11 161
12 161
46 161
85 161
92 161
101 161
102 161
109 161
129 161
137 161
143 161
144 161
4 162
25 162
28 162
32 162
39 162
57 162
71 162
80 162
82 162
86 162
90 162
123 162
135 162
154 162
12 163
13 163
20 163
63 163
67 163
69 163
78 163
85 163
90 163
112 163
133 163
136 163
144 163
0 164
3 164
6 164
25 164
40 164
42 164
59 164
88 164
106 164
120 164
1 165
7 165
11 165
13 165
15 165
36 165
41 165
62 165
70 165
72 165
76 165
109 165
110 165
117 165
132 165
136 165
150 165
160 165
163 165
10 166
20 166
50 166
55 166
75 166
77 166
93 166
94 166
114 166
132 166
134 166
135 166
148 166
160 166
163 166
8 167
14 167
16 167
19 167
44 167
82 167
87 167
96 167
104 167
115 167
116 167
133 167
135 167
136 167
148 167
158 167
14 168
29 168
36 168
37 168
39 168
71 168
95 168
99 168
102 168
120 168
131 168
145 168
13 169
27 169
29 169
41 169
67 169
69 169
84 169
86 169
87 169
93 169
101 169
108 169
109 169
128 169
145 169
163 169
164 169
2 170
6 170
10 170
17 170
55 170
58 170
61 170
86 170
89 170
109 170
129 170
132 170
143 170
144 170
150 170
155 170
2 171
10 171
20 171
21 171
30 171
39 171
50 171
55 171
62 171
67 171
85 171
96 171
107 171
126 171
129 171
3 172
17 172
38 172
40 172
53 172
80 172
88 172
90 172
99 172
106 172
109 172
135 172
142 172
146 172
148 172
149 172
10 173
16 173
19 173
32 173
43 173
48 173
54 173
65 173
67 173
95 173
101 173
130 173
155 173
161 173
163 173
9 174
10 174
20 174
31 174
35 174
55 174
57 174
61 174
65 174
72 174
73 174
76 174
91 174
97 174
108 174
110 174
115 174
117 174
125 174
128 174
130 174
137 174
138 174
142 174
153 174
12 175
23 175
44 175
72 175
75 175
77 175
84 175
100 175
103 175
127 175
134 175
135 175
150 175
151 175
153 175
7 176
10 176
13 176
27 176
43 176
68 176
71 176
72 176
76 176
81 176
97 176
99 176
110 176
116 176
134 176
135 176
148 176
149 176
0 177
1 177
30 177
34 177
40 177
43 177
44 177
63 177
69 177
75 177
78 177
85 177
86 177
90 177
96 177
103 177
107 177
114 177
116 177
117 177
134 177
136 177
152 177
163 177
2 178
10 178
12 178
18 178
21 178
23 178
38 178
54 178
65 178
79 178
105 178
118 178
120 178
133 178
135 178
145 178
152 178
163 178
0 179
2 179
6 179
7 179
9 179
10 179
18 179
27 179
30 179
33 179
49 179
55 179
67 179
84 179
101 179
142 179
156 179
164 179
46 180
55 180
69 180
81 180
102 180
129 180
130 180
149 180
161 180
4 181
59 181
62 181
86 181
102 181
114 181
123 181
131 181
134 181
136 181
148 181
167 181
174 181
32 182
51 182
52 182
53 182
56 182
78 182
79 182
81 182
82 182
84 182
92 182
94 182
120 182
124 182
131 182
139 182
152 182
170 182
177 182
12 183
27 183
56 183
58 183
61 183
63 183
64 183
71 183
81 183
111 183
113 183
115 183
119 183
126 183
143 183
173 183
5 184
11 184
24 184
41 184
70 184
74 184
96 184
102 184
114 184
121 184
143 184
147 184
165 184
170 184
177 184
2 185
8 185
9 185
12 185
18 185
19 185
35 185
38 185
50 185
52 185
57 185
67 185
74 185
92 185
100 185
117 185
125 185
128 185
169 185
18 186
29 186
41 186
47 186
55 186
70 186
89 186
94 186
99 186
116 186
120 186
132 186
135 186
147 186
149 186
156 186
157 186
163 186
1 187
18 187
23 187
28 187
35 187
43 187
46 187
57 187
75 187
81 187
82 187
111 187
118 187
120 187
121 187
128 187
130 187
131 187
132 187
136 187
8 188
14 188
26 188
32 188
33 188
37 188
41 188
54 188
70 188
74 188
76 188
96 188
99 188
106 188
117 188
151 188
162 188
167 188
178 188
7 189
24 189
37 189
42 189
68 189
74 189
89 189
98 189
117 189
132 189
133 189
135 189
141 189
151 189
153 189
157 189
163 189
164 189
176 189
2 190
33 190
55 190
60 190
77 190
88 190
103 190
110 190
119 190
121 190
123 190
127 190
128 190
135 190
141 190
144 190
145 190
167 190
2 191
13 191
29 191
35 191
38 191
47 191
50 191
63 191
72 191
80 191
84 191
88 191
107 191
118 191
120 191
144 191
147 191
156 191
163 191
172 191
176 191
180 191
183 191
2 192
16 192
20 192
24 192
28 192
33 192
52 192
58 192
67 192
74 192
89 192
101 192
103 192
110 192
123 192
129 192
160 192
169 192
186 192
9 193
14 193
22 193
34 193
82 193
87 193
106 193
114 193
146 193
157 193
164 193
172 193
179 193
184 193
189 193
4 194
7 194
9 194
10 194
15 194
27 194
31 194
33 194
55 194
67 194
69 194
75 194
76 194
80 194
87 194
103 194
120 194
132 194
150 194
155 194
165 194
167 194
168 194
172 194
174 194
176 194
9 195
28 195
32 195
34 195
41 195
42 195
44 195
48 195
61 195
67 195
77 195
95 195
113 195
123 195
129 195
138 195
140 195
145 195
168 195
180 195
5 196
6 196
12 196
16 196
17 196
20 196
21 196
31 196
42 196
47 196
69 196
72 196
75 196
79 196
107 196
115 196
130 196
132 196
150 196
162 196
174 196
183 196
189 196
6 197
8 197
14 197
19 197
24 197
27 197
38 197
39 197
40 197
48 197
56 197
73 197
77 197
86 197
89 197
115 197
117 197
123 197
129 197
138 197
143 197
145 197
146 197
148 197
149 197
158 197
164 197
170 197
180 197
181 197
24 198
37 198
39 198
41 198
46 198
50 198
73 198
82 198
83 198
100 198
106 198
107 198
113 198
136 198
144 198
146 198
155 198
158 198
159 198
161 198
164 198
166 198
174 198
190 198
28 199
32 199
43 199
55 199
92 199
109 199
118 199
124 199
135 199
137 199
151 199
155 199
158 199
170 199
172 199
182 199
1 200
20 200
29 200
39 200
41 200
42 200
46 200
53 200
81 200
95 200
108 200
137 200
142 200
152 200
153 200
166 200
5 201
10 201
14 201
15 201
17 201
39 201
46 201
51 201
52 201
58 201
77 201
91 201
128 201
137 201
143 201
145 201
169 201
200 201
1 202
4 202
12 202
18 202
43 202
53 202
67 202
94 202
114 202
117 202
142 202
148 202
150 202
159 202
172 202
182 202
195 202
3 203
6 203
19 203
23 203
24 203
26 203
28 203
55 203
59 203
62 203
78 203
101 203
110 203
114 203
136 203
141 203
145 203
159 203
167 203
172 203
173 203
37 204
43 204
53 204
60 204
61 204
68 204
79 204
90 204
91 204
98 204
134 204
141 204
157 204
183 204
184 204
186 204
190 204
199 204
17 205
41 205
46 205
52 205
54 205
55 205
56 205
88 205
114 205
127 205
140 205
147 205
153 205
162 205
176 205
182 205
188 205
191 205
198 205
27 206
41 206
45 206
49 206
80 206
108 206
124 206
125 206
128 206
132 206
147 206
151 206
153 206
164 206
170 206
177 206
190 206
195 206
13 207
23 207
24 207
25 207
31 207
35 207
49 207
53 207
70 207
106 207
130 207
138 207
142 207
170 207
192 207
200 207
29 208
31 208
41 208
44 208
47 208
50 208
69 208
89 208
107 208
121 208
131 208
147 208
159 208
166 208
178 208
180 208
4 209
35 209
42 209
48 209
53 209
82 209
86 209
107 209
114 209
120 209
132 209
148 209
151 209
158 209
159 209
170 209
173 209
179 209
183 209
186 209
193 209
25 210
30 210
47 210
55 210
96 210
146 210
157 210
166 210
170 210
183 210
194 210
198 210
1 211
18 211
24 211
33 211
36 211
39 211
57 211
68 211
74 211
83 211
94 211
96 211
100 211
103 211
105 211
128 211
133 211
134 211
141 211
154 211
186 211
188 211
194 211
200 211
7 212
10 212
26 212
33 212
35 212
41 212
73 212
84 212
85 212
88 212
94 212
97 212
98 212
99 212
113 212
116 212
123 212
147 212
151 212
152 212
155 212
171 212
197 212
7 213
26 213
28 213
37 213
43 213
49 213
52 213
54 213
76 213
82 213
88 213
97 213
116 213
122 213
124 213
140 213
167 213
168 213
175 213
191 213
199 213
3 214
13 214
24 214
35 214
54 214
59 214
61 214
63 214
64 214
76 214
114 214
115 214
168 214
169 214
191 214
201 214
209 214
3 215
11 215
16 215
30 215
34 215
36 215
37 215
40 215
45 215
49 215
55 215
62 215
64 215
65 215
71 215
86 215
94 215
107 215
110 215
112 215
132 215
135 215
138 215
139 215
162 215
175 215
194 215
202 215
207 215
21 216
22 216
25 216
30 216
37 216
39 216
43 216
44 216
45 216
46 216
50 216
67 216
72 216
79 216
85 216
112 216
114 216
125 216
138 216
140 216
141 216
143 216
148 216
161 216
163 216
172 216
178 216
187 216
194 216
200 216
205 216
206 216
0 217
1 217
9 217
25 217
53 217
64 217
67 217
70 217
75 217
85 217
92 217
95 217
99 217
105 217
115 217
119 217
122 217
143 217
179 217
30 218
37 218
39 218
46 218
70 218
72 218
87 218
106 218
129 218
182 218
185 218
196 218
199 218
203 218
8 219
25 219
43 219
46 219
54 219
65 219
67 219
68 219
69 219
71 219
95 219
97 219
102 219
103 219
113 219
124 219
125 219
129 219
144 219
151 219
159 219
164 219
194 219
195 219
218 219
21 220
25 220
34 220
41 220
43 220
46 220
53 220
56 220
89 220
102 220
118 220
120 220
129 220
139 220
142 220
143 220
162 220
163 220
164 220
170 220
183 220
191 220
192 220
198 220
13 221
21 221
47 221
57 221
64 221
71 221
74 221
75 221
104 221
108 221
112 221
134 221
159 221
160 221
164 221
191 221
203 221
1 222
6 222
8 222
18 222
24 222
31 222
35 222
55 222
57 222
62 222
63 222
66 222
79 222
88 222
95 222
106 222
107 222
113 222
125 222
142 222
148 222
150 222
163 222
171 222
188 222
191 222
198 222
200 222
205 222
2 223
18 223
23 223
45 223
48 223
56 223
60 223
87 223
114 223
118 223
120 223
129 223
162 223
170 223
179 223
181 223
192 223
194 223
201 223
207 223
1 224
12 224
30 224
32 224
34 224
37 224
40 224
49 224
53 224
83 224
88 224
115 224
116 224
124 224
148 224
153 224
155 224
192 224
202 224
210 224
213 224
3 225
29 225
36 225
40 225
64 225
75 225
76 225
79 225
86 225
92 225
93 225
94 225
123 225
140 225
145 225
153 225
160 225
165 225
167 225
169 225
185 225
187 225
192 225
198 225
203 225
212 225
30 226
36 226
46 226
55 226
59 226
92 226
96 226
98 226
107 226
118 226
134 226
142 226
146 226
147 226
153 226
181 226
198 226
199 226
200 226
5 227
7 227
25 227
36 227
45 227
46 227
62 227
64 227
65 227
67 227
71 227
73 227
78 227
81 227
87 227
94 227
101 227
115 227
138 227
172 227
181 227
12 228
13 228
14 228
38 228
45 228
63 228
65 228
81 228
98 228
102 228
142 228
143 228
160 228
170 228
186 228
193 228
197 228
199 228
204 228
209 228
215 228
218 228
3 229
16 229
18 229
28 229
41 229
49 229
55 229
56 229
60 229
70 229
71 229
76 229
78 229
86 229
116 229
125 229
129 229
133 229
145 229
160 229
169 229
181 229
205 229
207 229
212 229
1 230
3 230
7 230
13 230
17 230
19 230
21 230
23 230
24 230
31 230
54 230
65 230
86 230
93 230
96 230
100 230
101 230
139 230
156 230
161 230
164 230
168 230
172 230
179 230
181 230
217 230
4 231
9 231
34 231
40 231
76 231
78 231
104 231
107 231
113 231
125 231
138 231
146 231
165 231
166 231
175 231
179 231
181 231
192 231
200 231
202 231
207 231
208 231
210 231
223 231
6 232
8 232
12 232
17 232
24 232
26 232
35 232
36 232
40 232
48 232
55 232
59 232
65 232
71 232
76 232
96 232
105 232
112 232
113 232
124 232
134 232
143 232
147 232
149 232
151 232
161 232
163 232
189 232
192 232
197 232
207 232
219 232
221 232
35 233
53 233
54 233
72 233
86 233
93 233
118 233
131 233
145 233
151 233
165 233
175 233
178 233
202 233
218 233
228 233
5 234
35 234
37 234
39 234
44 234
58 234
67 234
73 234
84 234
103 234
108 234
116 234
117 234
129 234
133 234
142 234
156 234
164 234
170 234
185 234
204 234
205 234
207 234
217 234
226 234
230 234
13 235
14 235
16 235
38 235
39 235
42 235
44 235
52 235
89 235
97 235
103 235
116 235
121 235
142 235
151 235
155 235
158 235
162 235
169 235
186 235
191 235
195 235
200 235
205 235
206 235
211 235
218 235
226 235
227 235
228 235
40 236
49 236
64 236
75 236
87 236
113 236
131 236
145 236
157 236
173 236
179 236
190 236
191 236
208 236
215 236
3 237
9 237
21 237
39 237
64 237
87 237
89 237
90 237
98 237
102 237
126 237
128 237
139 237
143 237
146 237
154 237
171 237
172 237
184 237
204 237
220 237
2 238
29 238
37 238
40 238
76 238
108 238
151 238
169 238
172 238
179 238
183 238
187 238
190 238
202 238
224 238
230 238
7 239
14 239
18 239
30 239
34 239
39 239
46 239
57 239
61 239
82 239
88 239
96 239
104 239
117 239
130 239
133 239
136 239
197 239
202 239
205 239
220 239
229 239
1 240
4 240
9 240
12 240
17 240
19 240
64 240
72 240
77 240
94 240
113 240
129 240
137 240
139 240
143 240
158 240
166 240
173 240
194 240
196 240
203 240
206 240
223 240
229 240
5 241
17 241
23 241
28 241
37 241
48 241
71 241
78 241
86 241
93 241
103 241
105 241
118 241
133 241
138 241
141 241
144 241
169 241
170 241
174 241
185 241
205 241
217 241
222 241
229 241
235 241
4 242
5 242
8 242
10 242
13 242
19 242
24 242
50 242
97 242
100 242
106 242
108 242
112 242
114 242
123 242
134 242
137 242
138 242
158 242
170 242
174 242
179 242
209 242
221 242
225 242
234 242
26 243
35 243
69 243
71 243
72 243
84 243
101 243
132 243
136 243
139 243
151 243
170 243
174 243
198 243
231 243
4 244
11 244
12 244
13 244
17 244
18 244
20 244
28 244
32 244
35 244
40 244
51 244
74 244
85 244
88 244
100 244
104 244
107 244
108 244
111 244
147 244
148 244
187 244
220 244
238 244
240 244
9 245
15 245
36 245
41 245
67 245
72 245
73 245
137 245
154 245
156 245
162 245
163 245
185 245
187 245
194 245
201 245
204 245
211 245
215 245
229 245
236 245
37 246
43 246
45 246
46 246
50 246
61 246
69 246
77 246
95 246
100 246
108 246
115 246
124 246
135 246
147 246
152 246
156 246
159 246
162 246
172 246
180 246
185 246
189 246
194 246
200 246
211 246
222 246
233 246
7 247
13 247
21 247
45 247
57 247
59 247
79 247
91 247
99 247
103 247
113 247
117 247
138 247
148 247
154 247
172 247
180 247
191 247
197 247
198 247
213 247
232 247
238 247
3 248
8 248
10 248
12 248
36 248
41 248
46 248
55 248
65 248
68 248
77 248
111 248
115 248
120 248
124 248
126 248
127 248
129 248
142 248
145 248
152 248
156 248
157 248
170 248
171 248
183 248
184 248
199 248
209 248
212 248
214 248
217 248
232 248
238 248
3 249
5 249
10 249
23 249
50 249
63 249
65 249
91 249
94 249
115 249
118 249
124 249
138 249
144 249
158 249
164 249
196 249
223 249
6 250
10 250
15 250
18 250
39 250
45 250
52 250
54 250
80 250
82 250
97 250
103 250
115 250
116 250
123 250
125 250
127 250
135 250
140 250
153 250
172 250
213 250
224 250
232 250
0 251
8 251
15 251
22 251
24 251
29 251
33 251
36 251
43 251
52 251
58 251
64 251
66 251
67 251
103 251
117 251
120 251
125 251
142 251
170 251
179 251
187 251
192 251
200 251
206 251
211 251
8 252
20 252
23 252
28 252
32 252
46 252
52 252
64 252
71 252
104 252
123 252
139 252
144 252
148 252
153 252
163 252
174 252
177 252
179 252
181 252
189 252
197 252
217 252
220 252
222 252
223 252
225 252
228 252
235 252
236 252
4 253
13 253
33 253
43 253
45 253
46 253
112 253
113 253
118 253
128 253
137 253
150 253
168 253
170 253
176 253
177 253
188 253
190 253
202 253
213 253
217 253
224 253
237 253
238 253
17 254
23 254
24 254
36 254
57 254
66 254
76 254
81 254
89 254
107 254
111 254
124 254
131 254
138 254
145 254
149 254
153 254
154 254
159 254
164 254
167 254
174 254
177 254
203 254
209 254
222 254
225 254
2 255
5 255
9 255
10 255
11 255
13 255
36 255
48 255
65 255
93 255
114 255
117 255
121 255
141 255
144 255
149 255
194 255
222 255
20 256
37 256
40 256
42 256
63 256
64 256
83 256
97 256
111 256
112 256
117 256
143 256
144 256
145 256
147 256
169 256
176 256
180 256
181 256
185 256
192 256
210 256
212 256
213 256
215 256
227 256
228 256
236 256
2 257
9 257
17 257
51 257
53 257
56 257
75 257
81 257
82 257
85 257
87 257
101 257
114 257
116 257
124 257
133 257
134 257
165 257
166 257
167 257
168 257
169 257
178 257
179 257
189 257
191 257
197 257
215 257
221 257
239 257
49 258
60 258
70 258
74 258
77 258
80 258
81 258
82 258
83 258
92 258
94 258
99 258
105 258
123 258
134 258
137 258
144 258
149 258
152 258
155 258
158 258
165 258
171 258
176 258
178 258
180 258
186 258
196 258
198 258
199 258
214 258
243 258
245 258
12 259
22 259
27 259
28 259
41 259
53 259
107 259
116 259
118 259
128 259
144 259
146 259
148 259
164 259
210 259
221 259
223 259
236 259
245 259
246 259
3 260
4 260
7 260
10 260
19 260
30 260
33 260
34 260
40 260
43 260
44 260
73 260
79 260
82 260
86 260
102 260
108 260
118 260
124 260
137 260
164 260
167 260
172 260
182 260
183 260
184 260
208 260
218 260
224 260
230 260
240 260
249 260
253 260
11 261
13 261
38 261
48 261
57 261
67 261
74 261
76 261
83 261
93 261
99 261
102 261
117 261
131 261
138 261
141 261
162 261
171 261
176 261
186 261
191 261
199 261
205 261
241 261
255 261
12 262
16 262
18 262
20 262
21 262
26 262
38 262
41 262
42 262
58 262
62 262
96 262
100 262
101 262
107 262
120 262
121 262
148 262
159 262
160 262
182 262
184 262
185 262
186 262
197 262
203 262
204 262
209 262
242 262
244 262
12 263
15 263
18 263
26 263
30 263
31 263
45 263
77 263
79 263
87 263
96 263
107 263
110 263
116 263
119 263
129 263
132 263
135 263
137 263
139 263
156 263
170 263
173 263
175 263
181 263
191 263
211 263
234 263
246 263
257 263
2 264
6 264
9 264
17 264
18 264
20 264
22 264
31 264
43 264
46 264
54 264
56 264
71 264
78 264
87 264
97 264
129 264
130 264
149 264
177 264
192 264
194 264
196 264
222 264
224 264
233 264
237 264
242 264
251 264
1 265
9 265
18 265
31 265
37 265
44 265
51 265
57 265
69 265
72 265
80 265
88 265
104 265
115 265
143 265
153 265
156 265
158 265
173 265
192 265
208 265
223 265
224 265
240 265
241 265
248 265
258 265
263 265
2 266
6 266
12 266
13 266
20 266
30 266
52 266
53 266
66 266
67 266
70 266
86 266
87 266
89 266
91 266
95 266
99 266
102 266
108 266
109 266
126 266
133 266
137 266
146 266
155 266
162 266
178 266
201 266
210 266
212 266
228 266
235 266
238 266
4 267
6 267
11 267
21 267
32 267
61 267
65 267
67 267
68 267
71 267
96 267
106 267
107 267
124 267
125 267
139 267
145 267
149 267
160 267
181 267
183 267
204 267
207 267
217 267
224 267
228 267
247 267
251 267
6 268
23 268
65 268
78 268
87 268
98 268
141 268
161 268
180 268
184 268
222 268
236 268
255 268
256 268
9 269
17 269
18 269
35 269
42 269
44 269
58 269
62 269
70 269
74 269
94 269
102 269
113 269
124 269
133 269
148 269
155 269
182 269
204 269
212 269
218 269
226 269
236 269
244 269
245 269
247 269
11 270
48 270
52 270
57 270
64 270
84 270
92 270
115 270
134 270
158 270
171 270
176 270
180 270
192 270
193 270
209 270
216 270
219 270
227 270
237 270
257 270
260 270
19 271
23 271
26 271
27 271
46 271
49 271
54 271
59 271
61 271
75 271
78 271
81 271
106 271
118 271
141 271
146 271
153 271
172 271
175 271
215 271
243 271
249 271
20 272
27 272
31 272
40 272
46 272
47 272
62 272
66 272
76 272
80 272
81 272
82 272
90 272
94 272
97 272
121 272
124 272
126 272
150 272
157 272
160 272
161 272
180 272
187 272
191 272
192 272
206 272
228 272
237 272
261 272
264 272
12 273
15 273
21 273
32 273
33 273
35 273
43 273
70 273
72 273
77 273
84 273
97 273
105 273
136 273
158 273
162 273
175 273
191 273
219 273
229 273
231 273
239 273
1 274
48 274
55 274
62 274
65 274
82 274
83 274
90 274
98 274
109 274
112 274
113 274
127 274
131 274
140 274
141 274
147 274
154 274
156 274
166 274
186 274
195 274
197 274
200 274
204 274
205 274
221 274
228 274
236 274
253 274
259 274
2 275
24 275
36 275
40 275
46 275
47 275
49 275
51 275
59 275
73 275
78 275
82 275
85 275
91 275
95 275
98 275
103 275
128 275
143 275
148 275
178 275
189 275
203 275
205 275
211 275
266 275
0 276
2 276
4 276
6 276
13 276
24 276
47 276
57 276
59 276
81 276
88 276
104 276
110 276
120 276
123 276
132 276
134 276
169 276
188 276
201 276
207 276
216 276
219 276
225 276
226 276
228 276
231 276
232 276
243 276
244 276
247 276
253 276
5 277
15 277
20 277
26 277
30 277
34 277
48 277
56 277
60 277
65 277
72 277
86 277
95 277
99 277
107 277
117 277
118 277
121 277
127 277
135 277
141 277
160 277
163 277
172 277
179 277
195 277
224 277
235 277
236 277
242 277
250 277
254 277
261 277
267 277
271 277
4 278
16 278
20 278
27 278
30 278
37 278
43 278
48 278
54 278
65 278
82 278
92 278
98 278
123 278
130 278
169 278
170 278
172 278
176 278
181 278
196 278
198 278
201 278
206 278
209 278
216 278
220 278
224 278
231 278
262 278
266 278
268 278
273 278
2 279
6 279
14 279
32 279
69 279
73 279
77 279
83 279
88 279
91 279
101 279
106 279
108 279
119 279
124 279
126 279
127 279
129 279
151 279
175 279
177 279
186 279
188 279
207 279
210 279
224 279
235 279
237 279
243 279
246 279
253 279
257 279
263 279
269 279
272 279
13 280
22 280
65 280
87 280
90 280
100 280
106 280
121 280
128 280
164 280
170 280
179 280
193 280
207 280
226 280
234 280
238 280
260 280
268 280
16 281
38 281
39 281
47 281
54 281
59 281
60 281
75 281
80 281
82 281
91 281
92 281
93 281
143 281
144 281
148 281
155 281
161 281
174 281
182 281
206 281
221 281
255 281
257 281
264 281
21 282
23 282
53 282
62 282
64 282
82 282
96 282
109 282
112 282
118 282
119 282
120 282
123 282
138 282
148 282
150 282
162 282
169 282
174 282
180 282
198 282
199 282
215 282
227 282
228 282
245 282
246 282
257 282
262 282
269 282
2 283
9 283
24 283
30 283
32 283
39 283
40 283
46 283
65 283
74 283
96 283
97 283
100 283
105 283
108 283
113 283
125 283
128 283
138 283
143 283
146 283
158 283
174 283
175 283
186 283
195 283
209 283
214 283
217 283
221 283
228 283
240 283
260 283
1 284
8 284
11 284
16 284
24 284
47 284
48 284
57 284
58 284
60 284
65 284
66 284
84 284
90 284
96 284
100 284
104 284
143 284
165 284
176 284
178 284
179 284
182 284
188 284
190 284
204 284
208 284
209 284
237 284
242 284
248 284
250 284
263 284
277 284
3 285
12 285
18 285
22 285
35 285
36 285
49 285
55 285
56 285
67 285
70 285
78 285
90 285
98 285
101 285
119 285
127 285
129 285
151 285
162 285
195 285
199 285
223 285
232 285
236 285
260 285
261 285
265 285
22 286
35 286
37 286
46 286
47 286
63 286
72 286
78 286
84 286
88 286
100 286
115 286
119 286
126 286
128 286
137 286
156 286
158 286
175 286
180 286
188 286
219 286
233 286
251 286
268 286
281 286
14 287
19 287
39 287
42 287
47 287
49 287
63 287
71 287
89 287
91 287
109 287
124 287
130 287
142 287
144 287
154 287
157 287
169 287
171 287
184 287
195 287
196 287
208 287
218 287
234 287
238 287
242 287
249 287
279 287
280 287
4 288
22 288
25 288
26 288
36 288
80 288
94 288
100 288
109 288
123 288
125 288
146 288
157 288
161 288
163 288
174 288
192 288
194 288
199 288
207 288
211 288
214 288
220 288
221 288
239 288
243 288
262 288
21 289
23 289
38 289
43 289
53 289
62 289
95 289
107 289
119 289
120 289
132 289
153 289
154 289
179 289
181 289
191 289
197 289
198 289
199 289
210 289
225 289
241 289
256 289
259 289
29 290
49 290
59 290
82 290
91 290
94 290
105 290
108 290
112 290
121 290
127 290
133 290
149 290
159 290
180 290
183 290
199 290
202 290
215 290
222 290
232 290
260 290
261 290
277 290
281 290
17 291
19 291
22 291
29 291
34 291
36 291
51 291
53 291
80 291
86 291
94 291
95 291
100 291
107 291
123 291
124 291
140 291
143 291
182 291
183 291
187 291
196 291
213 291
225 291
232 291
239 291
247 291
261 291
264 291
19 292
21 292
32 292
37 292
65 292
73 292
80 292
90 292
105 292
115 292
125 292
130 292
140 292
141 292
144 292
148 292
164 292
189 292
190 292
195 292
199 292
207 292
218 292
221 292
238 292
242 292
255 292
280 292
3 293
5 293
33 293
37 293
48 293
51 293
56 293
61 293
82 293
88 293
89 293
104 293
110 293
125 293
140 293
141 293
152 293
157 293
164 293
184 293
187 293
194 293
195 293
199 293
213 293
239 293
251 293
254 293
258 293
266 293
270 293
277 293
5 294
9 294
11 294
14 294
47 294
61 294
62 294
68 294
71 294
72 294
79 294
87 294
90 294
101 294
113 294
114 294
115 294
127 294
131 294
140 294
142 294
168 294
171 294
175 294
178 294
184 294
186 294
208 294
225 294
226 294
227 294
247 294
253 294
258 294
267 294
274 294
282 294
5 295
17 295
28 295
44 295
45 295
47 295
56 295
76 295
77 295
78 295
89 295
129 295
134 295
148 295
166 295
176 295
181 295
187 295
188 295
190 295
192 295
199 295
213 295
234 295
259 295
271 295
278 295
283 295
289 295
16 296
19 296
21 296
36 296
55 296
58 296
78 296
82 296
88 296
95 296
96 296
107 296
129 296
136 296
139 296
157 296
161 296
169 296
171 296
179 296
186 296
188 296
191 296
198 296
202 296
216 296
219 296
228 296
246 296
248 296
258 296
264 296
268 296
274 296
286 296
0 297
13 297
23 297
28 297
31 297
37 297
39 297
53 297
58 297
61 297
64 297
67 297
77 297
80 297
82 297
101 297
107 297
137 297
143 297
145 297
158 297
177 297
181 297
182 297
184 297
216 297
233 297
235 297
240 297
242 297
244 297
245 297
249 297
252 297
282 297
8 298
9 298
34 298
40 298
58 298
64 298
65 298
78 298
85 298
88 298
107 298
110 298
117 298
123 298
126 298
131 298
133 298
153 298
157 298
165 298
168 298
170 298
181 298
185 298
186 298
202 298
211 298
243 298
245 298
247 298
1 299
8 299
9 299
29 299
39 299
42 299
45 299
47 299
49 299
50 299
56 299
62 299
70 299
72 299
74 299
83 299
102 299
104 299
112 299
117 299
136 299
138 299
147 299
151 299
157 299
166 299
175 299
186 299
187 299
203 299
218 299
219 299
223 299
234 299
239 299
268 299
269 299
273 299
279 299
282 299
283 299
