300 2615 5
6 4 2 2 24 1 11 21 7 11 2 4 10 7 1 7 14 1 7 17 1 8 15 1 1 1 1 3 4 4 4 9 1 1 14 4 2 1 1 2 5 1 1 5 1 8 9 7 5 1 13 5 1 7 1 4 14 1 7 1 10 7 16 12 1 6 21 12 2 1 6 2 6 6 3 7 19 5 14 2 5 1 3 2 9 23 1 4 1 6 3 5 1 17 3 1 1 3 10 4 3 5 21 7 2 3 5 12 4 5 1 6 2 9 1 26 9 2 16 3 1 15 4 2 6 7 1 2 12 4 1 14 6 17 14 4 2 3 2 5 2 2 4 12 1 4 7 2 2 1 5 3 2 8 4 3 3 8 1 4 7 6 7 18 6 1 7 7 4 3 10 1 3 4 7 8 1 3 2 2 10 3 2 13 2 3 1 5 1 6 6 7 7 4 2 6 1 5 5 1 7 1 2 2 4 2 16 9 11 9 8 3 2 1 2 4 3 16 2 2 9 1 11 4 1 3 3 21 5 2 7 2 13 18 2 4 4 6 20 2 2 3 1 4 8 4 1 3 1 6 1 5 3 5 3 2 1 2 2 6 1 1 1 3 1 5 20 4 10 6 6 11 1 7 1 3 9 2 12 1 2 1 2 5 3 3 6 1 1 11 8 9 7 8 8 6 4 12 1 6
6 8
0 13
6 13
2 15
0 20
12 22
2 23
3 23
5 24
13 24
17 24
2 25
14 26
8 27
6 28
7 28
13 30
20 30
9 31
1 32
19 32
3 33
14 33
15 33
17 33
25 34
31 34
4 36
6 36
11 37
20 37
14 38
15 39
21 39
26 39
7 40
18 40
24 40
9 41
1 42
9 42
17 42
18 43
40 43
23 44
18 45
40 45
41 45
9 46
36 46
9 47
17 47
18 47
24 47
12 48
16 48
27 48
36 48
3 49
9 49
26 49
5 50
10 50
21 50
31 50
39 50
32 51
5 52
37 52
11 53
17 53
31 53
17 54
40 56
18 57
20 57
28 57
11 58
39 59
7 60
28 60
0 61
8 61
31 61
33 61
41 61
5 62
18 62
30 62
32 62
4 63
6 63
14 63
34 63
41 63
52 63
10 64
11 64
13 64
52 64
58 64
3 65
18 65
24 65
25 65
28 65
42 65
51 65
23 66
34 66
42 66
48 66
10 67
16 67
0 68
24 68
2 69
51 69
56 69
15 70
17 70
27 70
9 73
11 73
35 73
45 73
51 73
65 73
69 73
0 74
24 74
35 74
62 74
12 75
51 75
54 75
59 75
1 76
11 76
23 76
32 76
61 76
54 77
65 77
20 78
26 78
6 79
19 79
21 79
23 79
27 79
48 79
34 80
27 81
43 81
79 81
1 82
28 82
32 82
38 82
2 83
49 83
53 83
69 83
70 83
17 84
34 84
56 84
80 84
28 85
32 85
47 85
19 86
67 86
72 86
73 86
79 86
1 87
50 87
59 87
67 87
72 87
81 87
85 87
2 88
37 88
45 88
80 88
27 89
34 89
64 89
78 89
18 90
20 90
39 90
41 90
67 90
73 90
11 91
26 91
30 91
26 92
33 92
14 93
45 93
58 93
66 93
81 93
47 94
63 94
66 94
73 94
85 94
16 95
34 95
56 95
24 96
38 96
53 96
35 97
40 97
64 97
66 97
83 97
12 98
18 98
33 98
45 98
72 98
83 98
91 98
93 98
2 99
13 99
15 99
18 99
29 99
73 99
81 99
10 100
78 100
85 100
3 101
26 101
31 101
37 101
52 101
59 101
5 102
13 102
21 102
42 102
45 102
51 102
54 102
66 102
15 103
18 103
60 103
92 103
29 104
49 104
56 104
71 104
23 105
58 105
73 105
80 105
84 105
89 105
91 105
7 106
63 106
92 106
0 107
7 107
8 107
23 107
77 107
5 108
29 108
39 108
46 108
50 108
95 108
96 108
4 109
7 109
34 109
42 109
43 109
46 109
86 109
8 110
47 110
86 110
96 110
104 110
35 111
65 111
70 111
104 111
7 112
23 112
25 112
34 112
51 112
54 112
78 112
28 113
31 113
56 113
57 113
61 113
81 113
94 113
7 114
19 114
20 114
29 114
34 114
37 114
58 114
63 114
93 114
24 115
37 115
43 115
92 115
94 115
9 116
25 116
35 116
71 116
74 116
15 117
25 117
46 117
102 117
111 117
1 118
4 118
13 118
72 118
5 119
16 119
19 119
27 119
38 119
99 119
0 120
18 120
31 120
57 120
59 120
63 120
72 120
90 120
97 120
8 121
41 121
45 121
69 121
95 121
56 122
65 122
81 122
86 122
102 122
28 123
36 123
42 123
78 123
2 124
37 124
47 124
56 124
58 124
84 124
92 124
114 124
3 125
90 125
109 125
1 126
6 126
31 126
35 126
59 126
71 126
74 126
85 126
96 126
97 126
3 127
4 127
10 127
13 127
29 127
31 127
32 127
43 127
72 127
98 127
112 127
15 128
17 128
28 128
75 128
81 128
86 128
1 129
23 129
38 129
6 130
15 130
18 130
35 130
78 130
87 130
106 130
108 130
11 131
13 131
21 131
24 131
35 131
38 131
50 131
53 131
56 131
67 131
106 131
111 131
37 132
42 132
73 132
87 132
91 132
95 132
108 132
120 132
0 133
23 133
45 133
46 133
51 133
66 133
83 133
114 133
118 133
123 133
2 134
11 134
13 134
64 134
68 134
88 134
113 134
116 134
1 135
33 135
41 135
44 135
66 135
76 135
79 135
84 135
88 135
94 135
111 135
122 135
126 135
13 136
16 136
34 136
37 136
38 136
45 136
51 136
54 136
56 136
91 136
105 136
109 136
118 136
19 137
54 137
60 137
62 137
70 137
74 137
84 137
125 137
18 138
19 138
27 138
37 138
42 138
50 138
61 138
78 138
82 138
92 138
94 138
34 139
56 139
77 139
90 139
116 139
138 139
0 140
1 140
28 140
81 140
83 140
85 140
90 140
91 140
115 140
5 141
10 141
17 141
34 141
40 141
51 141
59 141
70 141
73 141
74 141
79 141
86 141
99 141
105 141
135 141
50 142
71 142
94 142
106 142
117 142
118 142
123 142
22 143
83 143
93 143
111 143
112 143
133 143
14 144
24 144
37 144
39 144
45 144
90 144
96 144
104 144
109 144
122 144
13 145
44 145
48 145
56 145
84 145
105 145
118 145
125 145
135 145
137 145
144 145
1 146
3 146
25 146
51 146
72 146
115 146
135 146
13 147
17 147
48 147
49 147
99 147
106 147
115 147
133 147
139 147
33 148
60 148
83 148
105 148
127 148
132 148
40 149
50 149
55 149
63 149
107 149
128 149
133 149
29 150
65 150
86 150
141 150
143 150
1 151
6 151
10 151
11 151
16 151
51 151
70 151
111 151
114 151
119 151
129 151
131 151
134 151
4 152
17 152
36 152
85 152
89 152
124 152
12 153
31 153
56 153
58 153
101 153
26 154
75 154
89 154
100 154
112 154
14 155
21 155
40 155
48 155
55 155
72 155
88 155
97 155
118 155
123 155
137 155
139 155
146 155
151 155
3 156
13 156
61 156
65 156
67 156
68 156
94 156
97 156
104 156
112 156
23 157
25 157
64 157
85 157
107 157
125 157
127 157
147 157
2 158
9 158
11 158
28 158
30 158
34 158
52 158
58 158
64 158
78 158
80 158
81 158
91 158
95 158
120 158
12 159
15 159
27 159
38 159
55 159
60 159
73 159
83 159
118 159
131 159
150 159
29 160
86 160
96 160
98 160
121 160
131 160
132 160
5 161
7 161
20 161
25 161
28 161
34 161
60 161
68 161
69 161
81 161
86 161
100 161
116 161
124 161
125 161
134 161
20 162
30 162
54 162
62 162
63 162
84 162
129 162
130 162
144 162
18 163
40 163
46 163
48 163
57 163
79 163
108 163
111 163
135 163
0 164
1 164
42 164
65 164
89 164
106 164
121 164
134 164
139 164
143 164
153 164
31 165
42 165
75 165
78 165
90 165
120 165
145 165
147 165
150 165
22 166
25 166
43 166
64 166
73 166
76 166
126 166
147 166
63 167
83 167
85 167
98 167
137 167
144 167
11 168
19 168
30 168
35 168
43 168
63 168
65 168
69 168
75 168
92 168
94 168
136 168
139 168
150 168
158 168
3 169
4 169
38 169
39 169
62 169
65 169
71 169
76 169
85 169
93 169
99 169
103 169
108 169
121 169
149 169
157 169
2 170
29 170
33 170
36 170
41 170
75 170
85 170
115 170
124 170
128 170
146 170
150 170
158 170
3 171
17 171
33 171
34 171
39 171
47 171
66 171
101 171
104 171
121 171
148 171
157 171
13 172
32 172
81 172
135 172
162 172
3 173
24 173
50 173
69 173
72 173
77 173
79 173
157 173
0 174
19 174
35 174
47 174
69 174
73 174
104 174
128 174
136 174
7 175
9 175
16 175
18 175
23 175
76 175
96 175
111 175
137 175
163 175
48 176
61 176
101 176
116 176
138 176
152 176
164 176
166 176
17 177
26 177
42 177
67 177
92 177
116 177
153 177
18 178
63 178
65 178
113 178
129 178
176 178
14 179
51 179
64 179
92 179
99 179
139 179
155 179
157 179
34 180
46 180
50 180
58 180
63 180
81 180
111 180
136 180
139 180
11 181
14 181
40 181
69 181
79 181
97 181
109 181
150 181
162 181
13 182
23 182
27 182
69 182
83 182
96 182
126 182
135 182
143 182
166 182
22 183
29 183
44 183
52 183
60 183
102 183
112 183
144 183
153 183
169 183
8 184
28 184
48 184
61 184
79 184
85 184
102 184
110 184
114 184
122 184
155 184
6 185
15 185
21 185
40 185
42 185
55 185
58 185
129 185
143 185
159 185
177 185
179 185
34 186
47 186
53 186
55 186
64 186
85 186
93 186
95 186
98 186
109 186
157 186
169 186
2 187
19 187
55 187
62 187
73 187
97 187
104 187
109 187
174 187
0 188
11 188
20 188
36 188
66 188
98 188
108 188
119 188
126 188
133 188
146 188
3 189
19 189
51 189
108 189
117 189
128 189
1 190
15 190
35 190
54 190
56 190
64 190
83 190
91 190
100 190
112 190
153 190
5 191
18 191
26 191
43 191
65 191
82 191
89 191
91 191
128 191
153 191
183 191
10 192
23 192
24 192
78 192
99 192
115 192
124 192
172 192
177 192
8 193
20 193
42 193
58 193
85 193
109 193
158 193
191 193
0 194
5 194
21 194
23 194
34 194
43 194
48 194
109 194
122 194
164 194
182 194
185 194
14 195
42 195
44 195
45 195
84 195
87 195
95 195
102 195
111 195
114 195
126 195
127 195
133 195
152 195
161 195
2 196
5 196
7 196
17 196
20 196
30 196
49 196
84 196
85 196
90 196
101 196
122 196
163 196
187 196
18 197
57 197
61 197
73 197
84 197
97 197
102 197
115 197
120 197
133 197
135 197
148 197
178 197
5 198
37 198
65 198
77 198
89 198
95 198
100 198
101 198
109 198
130 198
137 198
140 198
152 198
160 198
167 198
186 198
21 199
23 199
56 199
127 199
147 199
171 199
174 199
12 200
17 200
19 200
22 200
40 200
48 200
56 200
153 200
160 200
180 200
188 200
191 200
192 200
11 201
72 201
92 201
111 201
118 201
149 201
170 201
171 201
184 201
186 201
192 201
22 202
30 202
37 202
45 202
56 202
68 202
110 202
129 202
135 202
183 202
14 203
24 203
33 203
108 203
120 203
155 203
159 203
176 203
11 204
34 204
80 204
92 204
94 204
104 204
116 204
117 204
146 204
173 204
180 204
184 204
185 204
8 205
22 205
83 205
87 205
95 205
107 205
129 205
134 205
162 205
170 205
171 205
186 205
8 206
15 206
30 206
32 206
47 206
49 206
50 206
57 206
75 206
80 206
93 206
100 206
113 206
116 206
124 206
133 206
155 206
168 206
170 206
203 206
17 207
46 207
52 207
61 207
63 207
66 207
98 207
125 207
138 207
141 207
143 207
160 207
165 207
171 207
174 207
189 207
190 207
194 207
196 207
16 208
27 208
50 208
53 208
66 208
89 208
92 208
108 208
111 208
124 208
140 208
142 208
165 208
194 208
203 208
11 209
24 209
37 209
54 209
56 209
57 209
64 209
71 209
80 209
92 209
135 209
145 209
149 209
161 209
166 209
173 209
187 209
188 209
7 210
9 210
20 210
46 210
48 210
75 210
77 210
94 210
95 210
120 210
134 210
158 210
159 210
161 210
195 210
23 211
38 211
47 211
75 211
78 211
88 211
99 211
100 211
121 211
135 211
139 211
140 211
143 211
161 211
186 211
190 211
191 211
195 211
25 212
36 212
44 212
48 212
112 212
169 212
186 212
9 213
10 213
20 213
30 213
38 213
60 213
66 213
78 213
84 213
97 213
105 213
129 213
155 213
173 213
175 213
184 213
195 213
2 214
8 214
20 214
21 214
42 214
44 214
48 214
51 214
88 214
105 214
133 214
138 214
145 214
178 214
179 214
186 214
201 214
5 215
10 215
41 215
65 215
76 215
85 215
162 215
163 215
1 216
4 216
32 216
42 216
59 216
68 216
89 216
94 216
126 216
137 216
159 216
167 216
181 216
201 216
2 217
27 217
45 217
59 217
63 217
84 217
106 217
110 217
124 217
136 217
170 217
211 217
9 218
34 218
46 218
55 218
56 218
59 218
133 218
144 218
169 218
185 218
198 218
201 218
0 219
11 219
17 219
18 219
26 219
77 219
99 219
108 219
112 219
123 219
191 219
6 220
16 220
28 220
41 220
57 220
66 220
80 220
124 220
141 220
146 220
147 220
155 220
160 220
195 220
199 220
204 220
1 221
5 221
24 221
32 221
51 221
62 221
78 221
132 221
136 221
152 221
157 221
179 221
190 221
208 221
2 222
16 222
26 222
31 222
48 222
50 222
55 222
58 222
71 222
73 222
96 222
98 222
150 222
159 222
168 222
190 222
206 222
6 223
25 223
30 223
57 223
76 223
90 223
149 223
160 223
166 223
169 223
170 223
176 223
177 223
182 223
206 223
219 223
6 224
33 224
37 224
39 224
43 224
89 224
90 224
120 224
156 224
159 224
176 224
179 224
188 224
192 224
219 224
220 224
21 225
110 225
111 225
121 225
123 225
162 225
184 225
190 225
6 226
8 226
11 226
31 226
51 226
66 226
71 226
90 226
99 226
126 226
131 226
151 226
167 226
168 226
209 226
213 226
217 226
5 227
39 227
58 227
98 227
140 227
150 227
172 227
193 227
200 227
201 227
209 227
8 228
35 228
44 228
64 228
65 228
68 228
85 228
104 228
109 228
123 228
137 228
177 228
188 228
189 228
200 228
204 228
206 228
217 228
8 229
22 229
59 229
76 229
86 229
95 229
117 229
132 229
142 229
146 229
151 229
168 229
183 229
192 229
220 229
10 230
12 230
24 230
38 230
81 230
98 230
105 230
109 230
123 230
125 230
132 230
198 230
3 231
20 231
25 231
29 231
39 231
60 231
69 231
87 231
100 231
107 231
114 231
128 231
141 231
171 231
179 231
220 231
27 232
29 232
36 232
37 232
55 232
74 232
88 232
94 232
99 232
100 232
116 232
127 232
146 232
190 232
194 232
28 233
38 233
61 233
70 233
99 233
111 233
123 233
125 233
177 233
179 233
13 234
42 234
56 234
74 234
83 234
84 234
85 234
86 234
113 234
121 234
144 234
145 234
150 234
153 234
156 234
182 234
201 234
225 234
4 235
7 235
35 235
38 235
65 235
66 235
100 235
101 235
103 235
113 235
122 235
129 235
140 235
151 235
185 235
198 235
210 235
212 235
213 235
34 236
68 236
119 236
123 236
140 236
164 236
173 236
180 236
187 236
222 236
7 237
33 237
40 237
43 237
45 237
51 237
52 237
65 237
82 237
148 237
151 237
153 237
164 237
188 237
192 237
206 237
208 237
220 237
0 238
38 238
50 238
64 238
70 238
114 238
149 238
180 238
192 238
201 238
203 238
209 238
6 239
64 239
67 239
85 239
92 239
104 239
117 239
120 239
121 239
122 239
128 239
131 239
132 239
149 239
185 239
193 239
198 239
214 239
1 240
17 240
23 240
36 240
50 240
72 240
78 240
126 240
147 240
163 240
187 240
1 241
21 241
65 241
110 241
120 241
125 241
126 241
134 241
139 241
168 241
188 241
207 241
220 241
233 241
24 242
36 242
63 242
72 242
92 242
145 242
147 242
160 242
171 242
189 242
197 242
231 242
6 243
21 243
25 243
48 243
55 243
97 243
104 243
116 243
137 243
139 243
149 243
22 244
28 244
31 244
42 244
55 244
63 244
73 244
101 244
103 244
121 244
147 244
151 244
160 244
185 244
202 244
208 244
232 244
0 245
3 245
23 245
124 245
145 245
161 245
167 245
181 245
182 245
183 245
193 245
196 245
216 245
12 246
15 246
19 246
27 246
54 246
67 246
91 246
132 246
143 246
162 246
219 246
228 246
234 246
242 246
2 247
7 247
44 247
56 247
67 247
75 247
97 247
98 247
100 247
101 247
106 247
130 247
143 247
183 247
193 247
205 247
6 248
41 248
45 248
61 248
66 248
70 248
77 248
93 248
113 248
117 248
158 248
179 248
201 248
210 248
213 248
216 248
226 248
229 248
242 248
34 249
39 249
78 249
86 249
90 249
95 249
107 249
127 249
150 249
182 249
196 249
216 249
218 249
231 249
5 250
8 250
10 250
26 250
55 250
70 250
108 250
133 250
146 250
184 250
200 250
214 250
219 250
243 250
18 251
29 251
40 251
55 251
81 251
84 251
106 251
125 251
130 251
160 251
171 251
183 251
213 251
215 251
223 251
0 252
24 252
43 252
56 252
96 252
101 252
105 252
124 252
135 252
141 252
166 252
169 252
204 252
213 252
226 252
239 252
10 253
19 253
26 253
53 253
68 253
85 253
103 253
118 253
123 253
158 253
160 253
172 253
179 253
187 253
216 253
220 253
224 253
234 253
236 253
22 254
30 254
52 254
140 254
141 254
151 254
155 254
159 254
162 254
177 254
198 254
208 254
212 254
243 254
244 254
29 255
115 255
122 255
150 255
151 255
198 255
208 255
242 255
3 256
11 256
12 256
13 256
48 256
74 256
98 256
105 256
135 256
137 256
165 256
168 256
196 256
203 256
204 256
208 256
213 256
229 256
239 256
247 256
30 257
43 257
49 257
61 257
82 257
89 257
101 257
116 257
140 257
182 257
186 257
195 257
229 257
241 257
249 257
32 258
33 258
53 258
63 258
84 258
88 258
107 258
116 258
133 258
143 258
173 258
216 258
233 258
243 258
10 259
44 259
46 259
54 259
63 259
94 259
141 259
150 259
161 259
166 259
191 259
209 259
217 259
225 259
16 260
36 260
76 260
78 260
84 260
95 260
104 260
135 260
151 260
186 260
190 260
192 260
198 260
205 260
215 260
238 260
6 261
34 261
41 261
51 261
52 261
101 261
103 261
168 261
180 261
185 261
198 261
200 261
222 261
237 261
39 262
40 262
56 262
84 262
116 262
128 262
129 262
131 262
172 262
177 262
190 262
207 262
250 262
22 263
34 263
43 263
53 263
73 263
83 263
99 263
107 263
128 263
130 263
146 263
169 263
201 263
207 263
223 263
224 263
254 263
35 264
61 264
68 264
70 264
90 264
119 264
125 264
130 264
134 264
137 264
147 264
149 264
168 264
170 264
174 264
181 264
187 264
225 264
228 264
255 264
15 265
32 265
45 265
84 265
92 265
97 265
99 265
111 265
125 265
166 265
211 265
212 265
259 265
6 266
21 266
23 266
40 266
86 266
101 266
127 266
133 266
145 266
149 266
153 266
157 266
163 266
174 266
211 266
228 266
262 266
0 267
22 267
29 267
48 267
53 267
68 267
71 267
72 267
80 267
84 267
100 267
102 267
108 267
135 267
175 267
207 267
213 267
227 267
241 267
250 267
22 268
25 268
26 268
30 268
67 268
84 268
89 268
101 268
108 268
113 268
133 268
206 268
27 269
49 269
59 269
76 269
82 269
94 269
125 269
148 269
196 269
198 269
210 269
211 269
244 269
15 270
27 270
41 270
50 270
62 270
90 270
109 270
116 270
124 270
151 270
175 270
181 270
187 270
216 270
218 270
223 270
224 270
233 270
240 270
243 270
250 270
252 270
261 270
3 271
23 271
25 271
34 271
69 271
99 271
128 271
172 271
178 271
240 271
11 272
25 272
56 272
67 272
85 272
93 272
122 272
124 272
128 272
138 272
149 272
160 272
231 272
239 272
26 273
57 273
65 273
81 273
83 273
119 273
153 273
164 273
176 273
183 273
187 273
192 273
211 273
226 273
228 273
242 273
257 273
3 274
21 274
35 274
44 274
58 274
60 274
77 274
83 274
130 274
152 274
153 274
154 274
166 274
172 274
176 274
183 274
189 274
226 274
241 274
264 274
272 274
14 275
35 275
46 275
66 275
69 275
92 275
100 275
102 275
174 275
187 275
227 275
262 275
268 275
36 276
52 276
58 276
85 276
86 276
147 276
149 276
160 276
166 276
172 276
184 276
187 276
205 276
273 276
7 277
53 277
83 277
98 277
126 277
163 277
165 277
180 277
184 277
186 277
189 277
232 277
250 277
256 277
257 277
259 277
267 277
13 278
51 278
73 278
94 278
107 278
144 278
160 278
188 278
221 278
260 278
13 279
15 279
77 279
136 279
161 279
165 279
202 279
213 279
229 279
238 279
245 279
247 279
250 279
257 279
262 279
1 280
5 280
10 280
12 280
35 280
78 280
91 280
121 280
147 280
160 280
180 280
201 280
214 280
215 280
216 280
218 280
243 280
37 281
90 281
91 281
113 281
118 281
126 281
139 281
173 281
189 281
208 281
235 281
263 281
3 282
10 282
44 282
65 282
86 282
89 282
95 282
119 282
140 282
155 282
161 282
188 282
192 282
227 282
238 282
239 282
242 282
252 282
10 283
14 283
37 283
43 283
60 283
71 283
72 283
74 283
94 283
100 283
191 283
200 283
277 283
28 284
45 284
46 284
57 284
67 284
108 284
129 284
139 284
143 284
163 284
205 284
236 284
256 284
17 285
19 285
34 285
88 285
107 285
112 285
118 285
160 285
168 285
179 285
192 285
201 285
203 285
205 285
209 285
223 285
231 285
240 285
269 285
32 286
36 286
61 286
68 286
87 286
101 286
126 286
136 286
152 286
192 286
210 286
235 286
247 286
255 286
266 286
49 287
60 287
87 287
103 287
105 287
111 287
114 287
134 287
146 287
153 287
164 287
170 287
174 287
176 287
6 288
17 288
27 288
33 288
35 288
45 288
49 288
52 288
56 288
72 288
77 288
86 288
108 288
130 288
145 288
153 288
183 288
195 288
205 288
207 288
210 288
224 288
229 288
236 288
254 288
24 289
27 289
42 289
54 289
81 289
91 289
114 289
121 289
125 289
141 289
144 289
200 289
248 289
261 289
266 289
275 289
33 290
40 290
41 290
53 290
61 290
73 290
99 290
108 290
127 290
139 290
154 290
164 290
201 290
211 290
217 290
232 290
253 290
267 290
278 290
288 290
14 291
38 291
83 291
86 291
88 291
103 291
113 291
116 291
125 291
130 291
152 291
185 291
186 291
199 291
210 291
248 291
256 291
259 291
261 291
275 291
277 291
284 291
288 291
8 292
21 292
22 292
26 292
65 292
79 292
91 292
96 292
139 292
141 292
143 292
153 292
195 292
199 292
208 292
235 292
240 292
262 292
280 292
282 292
8 293
17 293
28 293
48 293
59 293
62 293
117 293
119 293
137 293
139 293
151 293
167 293
173 293
190 293
204 293
208 293
223 293
233 293
235 293
257 293
22 294
33 294
36 294
38 294
42 294
52 294
67 294
69 294
93 294
132 294
134 294
137 294
142 294
143 294
149 294
200 294
213 294
245 294
249 294
254 294
265 294
273 294
14 295
23 295
46 295
71 295
72 295
93 295
95 295
106 295
114 295
123 295
133 295
134 295
170 295
172 295
194 295
215 295
233 295
234 295
238 295
255 295
257 295
267 295
273 295
45 296
77 296
98 296
100 296
120 296
129 296
135 296
144 296
171 296
181 296
220 296
18 297
22 297
25 297
44 297
67 297
70 297
77 297
126 297
141 297
167 297
174 297
221 297
247 297
37 298
51 298
58 298
75 298
79 298
87 298
106 298
109 298
121 298
122 298
125 298
146 298
162 298
188 298
205 298
207 298
209 298
238 298
267 298
270 298
28 299
33 299
42 299
65 299
105 299
108 299
109 299
118 299
121 299
123 299
140 299
174 299
178 299
186 299
212 299
213 299
242 299
270 299
