300 7279 5
5 5 1 1 1 5 3 6 5 4 15 1 1 1 2 1 7 6 1 5 16 1 7 9 4 3 20 3 6 1 1 2 9 14 7 12 6 12 5 11 2 8 12 3 6 2 1 4 2 9 4 3 3 3 12 3 6 4 2 6 2 5 14 1 6 1 2 5 4 2 1 2 17 9 12 2 18 1 9 16 4 11 3 6 3 5 4 1 4 4 11 4 9 8 5 4 9 7 2 2 15 5 3 7 1 1 2 2 1 1 3 21 2 1 3 4 13 8 5 8 6 3 13 3 2 10 7 13 6 29 2 7 3 3 3 1 1 1 5 3 10 1 1 15 12 5 2 1 1 15 1 13 3 2 1 1 3 3 5 14 5 1 20 1 1 3 3 11 7 2 11 12 2 4 1 8 3 2 3 2 10 1 1 7 3 13 1 7 6 15 3 2 1 5 3 8 5 11 2 15 7 5 5 2 6 8 35 6 3 5 5 2 6 8 3 9 2 3 9 2 6 1 1 1 20 11 6 2 7 7 5 1 6 4 1 6 6 2 5 14 15 7 4 1 3 15 1 4 10 3 1 3 1 4 1 4 2 11 1 7 28 1 10 2 3 3 1 5 1 8 2 3 2 10 9 8 15 5 4 5 1 3 1 1 25 2 1 2 10 1 4 8 5 11 1 5 1 6 6 7
3 10
8 10
3 11
3 12
2 14
0 15
8 15
1 16
3 17
6 17
7 17
8 18
9 19
2 21
9 21
0 22
5 22
9 22
11 22
14 22
20 22
1 23
3 23
6 23
7 23
12 23
21 23
4 24
5 24
10 24
15 24
16 24
0 25
3 25
6 25
11 25
12 25
20 25
7 26
9 26
10 26
1 27
5 27
9 27
10 27
11 27
13 27
15 27
3 28
4 28
12 28
16 28
20 28
2 29
4 29
15 29
5 30
9 30
14 30
15 30
3 31
12 31
13 31
20 31
24 31
25 31
11 32
12 32
15 32
21 32
6 33
11 33
13 33
18 33
28 33
30 33
1 34
16 34
2 35
5 35
11 35
14 35
22 35
5 36
13 36
14 36
17 36
24 36
7 37
9 37
10 37
25 37
27 37
28 37
0 38
2 38
12 38
27 38
5 39
25 39
35 39
3 40
4 40
5 40
12 40
20 40
36 40
9 41
29 41
33 41
34 41
35 41
9 42
21 42
25 42
26 42
33 42
34 42
1 43
2 43
3 43
4 43
9 43
30 43
33 43
36 43
2 44
4 44
6 44
8 44
28 44
29 44
30 44
33 44
37 44
1 45
9 45
10 45
12 45
13 45
20 45
31 45
33 45
36 45
38 45
40 45
4 46
8 46
15 46
29 46
33 46
42 46
43 46
4 47
8 47
11 47
16 47
18 47
24 47
29 47
32 47
35 47
37 47
40 47
43 47
9 48
14 48
33 48
35 48
39 48
41 48
42 48
10 49
15 49
18 49
33 49
34 49
36 49
40 49
43 49
45 49
47 49
2 50
5 50
16 50
20 50
23 50
26 50
33 50
43 50
1 51
3 51
14 51
18 51
25 51
26 51
31 51
39 51
40 51
45 51
5 52
27 52
28 52
30 52
31 52
40 52
3 53
6 53
9 53
12 53
19 53
24 53
26 53
29 53
47 53
2 54
9 54
10 54
12 54
20 54
22 54
29 54
33 54
8 55
16 55
23 55
25 55
31 55
33 55
37 55
41 55
2 56
12 56
15 56
16 56
28 56
38 56
39 56
1 57
2 57
3 57
4 57
7 57
25 57
27 57
28 57
32 57
33 57
34 57
36 57
41 57
4 58
5 58
8 58
10 58
17 58
19 58
36 58
39 58
43 58
44 58
46 58
1 59
4 59
8 59
9 59
15 59
18 59
30 59
38 59
43 59
46 59
1 60
14 60
19 60
32 60
33 60
42 60
47 60
49 60
53 60
11 61
14 61
15 61
16 61
19 61
27 61
34 61
38 61
39 61
44 61
3 62
8 62
14 62
23 62
36 62
45 62
47 62
48 62
51 62
10 63
17 63
18 63
19 63
22 63
29 63
58 63
0 64
5 64
13 64
16 64
19 64
21 64
29 64
38 64
41 64
57 64
59 64
0 65
8 65
10 65
14 65
17 65
18 65
33 65
45 65
57 65
61 65
3 66
4 66
7 66
10 66
20 66
22 66
35 66
42 66
48 66
55 66
56 66
59 66
2 67
12 67
19 67
27 67
28 67
29 67
31 67
32 67
34 67
38 67
46 67
59 67
61 67
6 68
18 68
20 68
26 68
28 68
29 68
32 68
37 68
44 68
60 68
0 69
1 69
2 69
7 69
8 69
14 69
16 69
28 69
29 69
39 69
56 69
1 70
12 70
14 70
15 70
34 70
36 70
39 70
40 70
43 70
47 70
55 70
6 71
8 71
13 71
21 71
28 71
30 71
43 71
0 72
2 72
3 72
10 72
15 72
21 72
26 72
27 72
31 72
37 72
39 72
47 72
54 72
25 73
26 73
31 73
33 73
37 73
44 73
46 73
48 73
1 74
2 74
6 74
10 74
11 74
16 74
17 74
51 74
55 74
56 74
58 74
61 74
2 75
19 75
23 75
24 75
31 75
34 75
38 75
43 75
49 75
64 75
73 75
12 76
14 76
19 76
20 76
21 76
26 76
27 76
38 76
39 76
46 76
52 76
53 76
61 76
3 77
7 77
9 77
10 77
16 77
21 77
29 77
42 77
47 77
60 77
66 77
73 77
1 78
2 78
4 78
11 78
28 78
29 78
33 78
35 78
43 78
50 78
55 78
63 78
65 78
12 79
14 79
19 79
20 79
41 79
54 79
57 79
14 80
26 80
31 80
34 80
45 80
46 80
49 80
51 80
54 80
61 80
64 80
67 80
71 80
72 80
1 81
4 81
9 81
10 81
13 81
35 81
40 81
46 81
49 81
53 81
58 81
63 81
68 81
72 81
5 82
9 82
11 82
21 82
24 82
25 82
31 82
50 82
51 82
54 82
61 82
5 83
6 83
12 83
24 83
31 83
34 83
43 83
48 83
50 83
71 83
10 84
11 84
12 84
18 84
32 84
33 84
36 84
49 84
60 84
62 84
64 84
65 84
67 84
68 84
69 84
1 85
3 85
11 85
15 85
16 85
19 85
25 85
26 85
32 85
34 85
63 85
74 85
9 86
13 86
14 86
15 86
17 86
19 86
20 86
25 86
55 86
56 86
57 86
60 86
61 86
64 86
65 86
74 86
7 87
8 87
9 87
14 87
20 87
21 87
24 87
25 87
26 87
32 87
40 87
46 87
52 87
55 87
66 87
3 88
8 88
13 88
20 88
21 88
23 88
32 88
38 88
43 88
51 88
53 88
60 88
61 88
65 88
70 88
73 88
18 89
25 89
26 89
31 89
45 89
53 89
54 89
62 89
63 89
68 89
76 89
82 89
84 89
87 89
1 90
7 90
8 90
13 90
21 90
25 90
26 90
29 90
38 90
52 90
53 90
57 90
62 90
63 90
73 90
75 90
77 90
80 90
87 90
0 91
2 91
3 91
7 91
12 91
29 91
36 91
38 91
58 91
65 91
66 91
73 91
1 92
5 92
10 92
12 92
24 92
27 92
31 92
33 92
45 92
51 92
58 92
71 92
73 92
76 92
80 92
82 92
85 92
5 93
30 93
33 93
44 93
65 93
67 93
1 94
10 94
11 94
35 94
36 94
58 94
60 94
78 94
82 94
1 95
6 95
14 95
22 95
34 95
41 95
42 95
60 95
61 95
70 95
71 95
75 95
81 95
87 95
88 95
7 96
14 96
16 96
29 96
35 96
39 96
44 96
58 96
68 96
74 96
77 96
88 96
12 97
13 97
14 97
24 97
27 97
38 97
49 97
59 97
70 97
71 97
75 97
4 98
24 98
28 98
31 98
38 98
43 98
48 98
54 98
55 98
64 98
69 98
76 98
78 98
86 98
0 99
9 99
11 99
12 99
14 99
21 99
24 99
27 99
29 99
33 99
41 99
42 99
44 99
47 99
52 99
55 99
58 99
74 99
75 99
76 99
78 99
4 100
5 100
8 100
13 100
14 100
22 100
33 100
34 100
44 100
45 100
62 100
70 100
8 101
14 101
26 101
42 101
64 101
66 101
67 101
70 101
71 101
79 101
85 101
86 101
88 101
92 101
95 101
97 101
98 101
1 102
13 102
20 102
21 102
22 102
23 102
24 102
27 102
29 102
35 102
37 102
39 102
50 102
52 102
59 102
60 102
63 102
66 102
71 102
77 102
88 102
92 102
97 102
2 103
5 103
6 103
7 103
8 103
24 103
34 103
54 103
55 103
61 103
71 103
73 103
77 103
78 103
81 103
83 103
90 103
93 103
95 103
2 104
11 104
16 104
20 104
26 104
28 104
29 104
31 104
37 104
43 104
47 104
50 104
53 104
60 104
66 104
69 104
78 104
82 104
91 104
95 104
98 104
10 105
19 105
27 105
39 105
48 105
51 105
58 105
70 105
80 105
86 105
1 106
3 106
4 106
9 106
14 106
17 106
21 106
33 106
39 106
40 106
48 106
51 106
52 106
55 106
57 106
64 106
68 106
77 106
79 106
93 106
96 106
98 106
3 107
19 107
33 107
34 107
38 107
39 107
40 107
43 107
44 107
61 107
79 107
86 107
7 108
25 108
27 108
29 108
31 108
32 108
38 108
43 108
46 108
51 108
54 108
66 108
70 108
73 108
75 108
77 108
88 108
97 108
0 109
1 109
3 109
4 109
5 109
9 109
15 109
19 109
23 109
26 109
27 109
33 109
37 109
38 109
45 109
46 109
47 109
58 109
59 109
67 109
69 109
71 109
73 109
76 109
82 109
95 109
97 109
100 109
1 110
2 110
20 110
28 110
41 110
42 110
59 110
63 110
68 110
70 110
76 110
78 110
94 110
97 110
100 110
9 111
17 111
18 111
22 111
24 111
32 111
51 111
54 111
55 111
56 111
58 111
70 111
81 111
84 111
87 111
88 111
98 111
2 112
18 112
19 112
20 112
25 112
31 112
36 112
37 112
41 112
43 112
54 112
57 112
58 112
59 112
60 112
64 112
74 112
76 112
90 112
97 112
100 112
0 113
18 113
24 113
28 113
30 113
32 113
41 113
48 113
51 113
59 113
64 113
77 113
80 113
90 113
98 113
0 114
4 114
9 114
12 114
13 114
19 114
21 114
31 114
39 114
44 114
45 114
57 114
76 114
93 114
94 114
98 114
99 114
101 114
104 114
7 115
8 115
18 115
19 115
23 115
28 115
29 115
31 115
37 115
46 115
61 115
64 115
66 115
74 115
76 115
78 115
80 115
85 115
88 115
99 115
100 115
107 115
112 115
5 116
15 116
17 116
18 116
20 116
22 116
24 116
28 116
34 116
36 116
39 116
46 116
51 116
63 116
65 116
80 116
87 116
89 116
105 116
106 116
110 116
111 116
112 116
5 117
8 117
19 117
20 117
55 117
56 117
60 117
62 117
68 117
77 117
85 117
88 117
97 117
99 117
3 118
7 118
10 118
13 118
37 118
39 118
41 118
48 118
54 118
56 118
64 118
69 118
70 118
79 118
88 118
106 118
4 119
6 119
14 119
17 119
23 119
30 119
56 119
73 119
76 119
79 119
96 119
98 119
106 119
107 119
109 119
11 120
25 120
26 120
35 120
41 120
42 120
52 120
68 120
87 120
97 120
102 120
104 120
3 121
29 121
33 121
34 121
37 121
42 121
54 121
55 121
71 121
79 121
84 121
87 121
109 121
1 122
7 122
13 122
21 122
22 122
23 122
27 122
31 122
33 122
43 122
45 122
47 122
54 122
62 122
63 122
68 122
73 122
77 122
105 122
109 122
110 122
3 123
8 123
19 123
24 123
36 123
42 123
46 123
49 123
51 123
54 123
57 123
63 123
74 123
81 123
83 123
88 123
90 123
95 123
104 123
107 123
110 123
1 124
4 124
6 124
16 124
20 124
23 124
31 124
40 124
42 124
47 124
59 124
70 124
84 124
88 124
90 124
95 124
97 124
98 124
99 124
104 124
109 124
111 124
115 124
122 124
1 125
4 125
20 125
29 125
30 125
64 125
66 125
68 125
73 125
77 125
94 125
104 125
111 125
114 125
116 125
117 125
7 126
22 126
23 126
24 126
32 126
42 126
48 126
51 126
54 126
67 126
72 126
80 126
84 126
90 126
93 126
107 126
111 126
118 126
119 126
10 127
20 127
21 127
26 127
42 127
44 127
50 127
56 127
60 127
70 127
73 127
77 127
83 127
94 127
103 127
104 127
105 127
118 127
15 128
20 128
42 128
48 128
56 128
58 128
59 128
61 128
77 128
78 128
80 128
87 128
88 128
104 128
116 128
117 128
121 128
122 128
6 129
22 129
23 129
24 129
29 129
34 129
43 129
44 129
45 129
57 129
61 129
65 129
66 129
72 129
93 129
101 129
103 129
104 129
107 129
119 129
122 129
0 130
3 130
4 130
11 130
17 130
21 130
27 130
31 130
32 130
37 130
51 130
59 130
68 130
72 130
73 130
81 130
83 130
86 130
87 130
100 130
102 130
107 130
0 131
2 131
4 131
8 131
12 131
18 131
24 131
25 131
30 131
31 131
39 131
49 131
50 131
58 131
61 131
63 131
69 131
71 131
72 131
73 131
81 131
90 131
92 131
93 131
98 131
102 131
104 131
105 131
115 131
118 131
128 131
10 132
11 132
17 132
20 132
25 132
31 132
34 132
45 132
65 132
72 132
76 132
78 132
79 132
80 132
82 132
84 132
87 132
89 132
91 132
99 132
103 132
108 132
109 132
114 132
119 132
120 132
0 133
4 133
9 133
13 133
14 133
24 133
26 133
28 133
34 133
38 133
50 133
51 133
58 133
62 133
65 133
72 133
76 133
82 133
93 133
102 133
107 133
110 133
119 133
121 133
0 134
1 134
13 134
14 134
19 134
31 134
33 134
34 134
50 134
52 134
57 134
58 134
63 134
64 134
72 134
74 134
83 134
102 134
108 134
113 134
117 134
122 134
6 135
9 135
10 135
22 135
26 135
35 135
37 135
47 135
57 135
58 135
59 135
63 135
65 135
69 135
75 135
86 135
102 135
108 135
110 135
124 135
125 135
127 135
2 136
9 136
13 136
16 136
29 136
31 136
32 136
35 136
36 136
42 136
48 136
50 136
57 136
58 136
77 136
79 136
81 136
84 136
93 136
96 136
110 136
120 136
122 136
124 136
6 137
16 137
19 137
27 137
34 137
38 137
42 137
46 137
49 137
50 137
52 137
55 137
61 137
64 137
72 137
73 137
75 137
79 137
81 137
90 137
91 137
100 137
101 137
113 137
115 137
117 137
127 137
13 138
18 138
49 138
51 138
53 138
55 138
60 138
65 138
68 138
77 138
86 138
87 138
90 138
100 138
108 138
110 138
114 138
115 138
118 138
125 138
21 139
29 139
32 139
46 139
48 139
50 139
60 139
65 139
70 139
75 139
76 139
99 139
108 139
111 139
115 139
117 139
120 139
124 139
2 140
12 140
28 140
38 140
39 140
41 140
43 140
50 140
56 140
61 140
65 140
81 140
84 140
86 140
99 140
104 140
109 140
111 140
114 140
123 140
128 140
129 140
131 140
132 140
133 140
2 141
14 141
19 141
26 141
27 141
30 141
56 141
57 141
58 141
64 141
69 141
102 141
106 141
107 141
128 141
131 141
136 141
3 142
4 142
24 142
27 142
31 142
43 142
47 142
48 142
49 142
60 142
65 142
78 142
79 142
88 142
92 142
100 142
103 142
116 142
128 142
138 142
0 143
10 143
12 143
23 143
25 143
27 143
32 143
36 143
45 143
52 143
60 143
66 143
69 143
79 143
83 143
86 143
87 143
89 143
98 143
106 143
114 143
119 143
127 143
137 143
139 143
44 144
46 144
53 144
64 144
78 144
85 144
87 144
89 144
98 144
100 144
102 144
103 144
108 144
111 144
121 144
124 144
129 144
131 144
133 144
139 144
2 145
9 145
10 145
12 145
18 145
35 145
43 145
52 145
53 145
62 145
63 145
69 145
78 145
79 145
84 145
92 145
95 145
97 145
115 145
124 145
132 145
0 146
12 146
13 146
14 146
15 146
18 146
20 146
29 146
33 146
37 146
40 146
46 146
54 146
56 146
58 146
63 146
65 146
68 146
75 146
76 146
77 146
79 146
83 146
85 146
95 146
106 146
107 146
123 146
132 146
0 147
9 147
15 147
25 147
35 147
37 147
44 147
47 147
50 147
53 147
59 147
63 147
70 147
73 147
76 147
83 147
100 147
103 147
104 147
105 147
107 147
109 147
115 147
138 147
9 148
17 148
18 148
19 148
21 148
31 148
33 148
38 148
43 148
51 148
52 148
54 148
68 148
75 148
82 148
85 148
93 148
105 148
107 148
110 148
119 148
122 148
123 148
125 148
131 148
133 148
135 148
0 149
1 149
7 149
11 149
13 149
14 149
16 149
20 149
22 149
24 149
25 149
37 149
41 149
46 149
63 149
64 149
72 149
75 149
79 149
83 149
88 149
97 149
104 149
106 149
115 149
120 149
124 149
127 149
128 149
134 149
144 149
2 150
3 150
5 150
15 150
17 150
26 150
28 150
39 150
44 150
49 150
79 150
80 150
88 150
97 150
100 150
105 150
108 150
109 150
114 150
115 150
122 150
125 150
140 150
146 150
147 150
8 151
11 151
37 151
39 151
42 151
58 151
70 151
77 151
79 151
83 151
113 151
116 151
120 151
129 151
135 151
146 151
1 152
5 152
14 152
19 152
22 152
23 152
24 152
39 152
51 152
74 152
82 152
88 152
98 152
102 152
118 152
121 152
124 152
126 152
143 152
2 153
20 153
22 153
31 153
39 153
41 153
43 153
44 153
50 153
57 153
60 153
68 153
77 153
80 153
82 153
83 153
109 153
110 153
111 153
122 153
132 153
133 153
136 153
142 153
145 153
146 153
2 154
4 154
23 154
27 154
36 154
48 154
51 154
64 154
74 154
77 154
81 154
82 154
84 154
88 154
89 154
92 154
94 154
96 154
102 154
103 154
117 154
118 154
120 154
125 154
134 154
141 154
146 154
0 155
5 155
16 155
20 155
22 155
26 155
30 155
36 155
45 155
51 155
55 155
57 155
59 155
72 155
78 155
80 155
82 155
90 155
99 155
118 155
130 155
132 155
143 155
0 156
7 156
9 156
12 156
24 156
41 156
56 156
71 156
93 156
94 156
95 156
98 156
104 156
123 156
127 156
134 156
147 156
150 156
155 156
2 157
4 157
7 157
19 157
21 157
26 157
29 157
31 157
39 157
41 157
45 157
50 157
51 157
52 157
53 157
57 157
58 157
62 157
76 157
80 157
86 157
89 157
90 157
97 157
103 157
105 157
106 157
112 157
118 157
120 157
121 157
125 157
127 157
132 157
150 157
7 158
20 158
28 158
36 158
38 158
39 158
54 158
58 158
65 158
72 158
73 158
74 158
81 158
90 158
91 158
93 158
96 158
98 158
100 158
101 158
110 158
117 158
119 158
121 158
127 158
128 158
130 158
136 158
137 158
151 158
154 158
17 159
19 159
28 159
29 159
30 159
33 159
39 159
40 159
46 159
49 159
55 159
64 159
70 159
82 159
84 159
89 159
90 159
96 159
102 159
105 159
106 159
107 159
114 159
118 159
125 159
130 159
137 159
145 159
150 159
151 159
152 159
153 159
154 159
6 160
9 160
13 160
15 160
20 160
28 160
31 160
32 160
37 160
39 160
44 160
48 160
54 160
57 160
59 160
69 160
73 160
76 160
81 160
82 160
85 160
88 160
91 160
92 160
108 160
113 160
120 160
126 160
134 160
136 160
137 160
138 160
141 160
149 160
0 161
10 161
11 161
25 161
26 161
33 161
35 161
36 161
40 161
48 161
71 161
73 161
74 161
79 161
114 161
117 161
123 161
124 161
128 161
129 161
130 161
131 161
133 161
137 161
144 161
155 161
0 162
9 162
10 162
15 162
21 162
23 162
33 162
37 162
40 162
50 162
51 162
54 162
57 162
58 162
59 162
60 162
61 162
68 162
74 162
75 162
81 162
86 162
88 162
93 162
96 162
104 162
118 162
120 162
128 162
139 162
142 162
146 162
147 162
1 163
3 163
4 163
20 163
36 163
37 163
41 163
43 163
47 163
54 163
56 163
60 163
65 163
67 163
71 163
72 163
76 163
82 163
84 163
88 163
90 163
92 163
105 163
116 163
118 163
121 163
130 163
141 163
142 163
145 163
146 163
148 163
152 163
8 164
17 164
20 164
25 164
27 164
29 164
31 164
38 164
42 164
53 164
54 164
61 164
63 164
69 164
75 164
83 164
85 164
87 164
92 164
98 164
100 164
103 164
106 164
111 164
117 164
121 164
124 164
129 164
134 164
141 164
144 164
146 164
147 164
155 164
8 165
16 165
18 165
52 165
60 165
68 165
69 165
76 165
80 165
86 165
103 165
107 165
110 165
116 165
123 165
125 165
131 165
147 165
148 165
152 165
8 166
9 166
32 166
33 166
37 166
42 166
43 166
49 166
56 166
61 166
66 166
67 166
73 166
90 166
101 166
108 166
116 166
127 166
131 166
141 166
144 166
147 166
148 166
155 166
9 167
10 167
15 167
27 167
66 167
70 167
85 167
88 167
89 167
99 167
101 167
104 167
110 167
111 167
119 167
120 167
129 167
132 167
134 167
143 167
145 167
2 168
9 168
12 168
15 168
19 168
24 168
25 168
33 168
34 168
35 168
40 168
43 168
44 168
45 168
48 168
49 168
59 168
60 168
61 168
62 168
64 168
66 168
67 168
80 168
81 168
83 168
84 168
108 168
111 168
114 168
124 168
132 168
135 168
138 168
141 168
147 168
150 168
152 168
4 169
10 169
21 169
24 169
26 169
47 169
50 169
51 169
61 169
68 169
70 169
76 169
78 169
84 169
85 169
89 169
98 169
99 169
103 169
111 169
123 169
128 169
135 169
136 169
146 169
147 169
2 170
7 170
13 170
16 170
31 170
33 170
36 170
40 170
41 170
44 170
49 170
50 170
60 170
69 170
72 170
73 170
81 170
94 170
95 170
96 170
101 170
103 170
104 170
106 170
107 170
116 170
125 170
140 170
143 170
145 170
9 171
13 171
27 171
38 171
39 171
41 171
44 171
51 171
55 171
58 171
59 171
63 171
65 171
83 171
84 171
88 171
94 171
106 171
122 171
125 171
130 171
132 171
134 171
137 171
142 171
1 172
4 172
8 172
11 172
12 172
23 172
31 172
32 172
37 172
51 172
60 172
77 172
80 172
83 172
84 172
90 172
93 172
97 172
100 172
111 172
112 172
122 172
124 172
134 172
137 172
141 172
154 172
156 172
167 172
1 173
2 173
4 173
10 173
21 173
24 173
26 173
30 173
32 173
41 173
48 173
51 173
54 173
57 173
59 173
76 173
77 173
80 173
90 173
99 173
107 173
112 173
131 173
142 173
148 173
151 173
152 173
153 173
157 173
163 173
4 174
11 174
25 174
26 174
31 174
32 174
37 174
40 174
45 174
48 174
51 174
60 174
62 174
65 174
73 174
84 174
88 174
93 174
101 174
103 174
107 174
118 174
119 174
120 174
127 174
132 174
142 174
144 174
147 174
159 174
165 174
0 175
4 175
18 175
20 175
21 175
26 175
37 175
43 175
50 175
52 175
54 175
56 175
68 175
80 175
84 175
88 175
99 175
105 175
106 175
112 175
117 175
129 175
138 175
139 175
148 175
159 175
160 175
165 175
166 175
169 175
170 175
0 176
1 176
17 176
21 176
40 176
50 176
53 176
60 176
63 176
69 176
72 176
79 176
81 176
83 176
89 176
99 176
104 176
108 176
129 176
130 176
136 176
140 176
150 176
156 176
158 176
170 176
0 177
5 177
14 177
20 177
22 177
26 177
28 177
30 177
35 177
47 177
50 177
51 177
64 177
67 177
78 177
82 177
83 177
84 177
89 177
96 177
102 177
106 177
109 177
112 177
118 177
127 177
128 177
134 177
137 177
164 177
11 178
13 178
28 178
31 178
33 178
45 178
50 178
61 178
67 178
69 178
71 178
72 178
76 178
81 178
84 178
86 178
90 178
93 178
96 178
97 178
100 178
101 178
102 178
103 178
112 178
113 178
123 178
145 178
157 178
167 178
2 179
10 179
23 179
28 179
33 179
38 179
42 179
68 179
71 179
78 179
86 179
95 179
99 179
103 179
110 179
115 179
120 179
130 179
139 179
144 179
155 179
159 179
170 179
1 180
9 180
11 180
19 180
21 180
25 180
28 180
29 180
47 180
62 180
66 180
77 180
87 180
106 180
107 180
119 180
121 180
124 180
129 180
130 180
131 180
139 180
154 180
155 180
159 180
160 180
10 181
24 181
26 181
31 181
37 181
41 181
49 181
50 181
51 181
52 181
53 181
56 181
72 181
73 181
75 181
81 181
100 181
104 181
111 181
138 181
145 181
151 181
156 181
164 181
0 182
2 182
3 182
15 182
22 182
28 182
40 182
42 182
43 182
58 182
74 182
91 182
95 182
96 182
99 182
100 182
108 182
113 182
124 182
139 182
146 182
159 182
160 182
166 182
167 182
170 182
0 183
1 183
9 183
10 183
14 183
17 183
18 183
23 183
28 183
38 183
43 183
52 183
53 183
55 183
74 183
78 183
80 183
85 183
93 183
107 183
113 183
116 183
121 183
131 183
133 183
140 183
141 183
142 183
143 183
144 183
146 183
149 183
154 183
158 183
169 183
172 183
173 183
0 184
14 184
38 184
42 184
52 184
59 184
64 184
82 184
89 184
97 184
101 184
104 184
110 184
114 184
116 184
128 184
145 184
159 184
8 185
13 185
19 185
20 185
25 185
26 185
29 185
30 185
34 185
35 185
36 185
41 185
52 185
60 185
62 185
67 185
70 185
73 185
75 185
81 185
92 185
93 185
94 185
97 185
103 185
104 185
108 185
109 185
121 185
124 185
126 185
127 185
143 185
147 185
150 185
159 185
165 185
166 185
172 185
175 185
176 185
1 186
7 186
14 186
16 186
18 186
27 186
42 186
51 186
59 186
67 186
82 186
83 186
100 186
106 186
112 186
122 186
124 186
138 186
157 186
164 186
169 186
170 186
173 186
176 186
177 186
180 186
2 187
14 187
26 187
29 187
36 187
37 187
38 187
40 187
42 187
45 187
61 187
66 187
67 187
70 187
74 187
82 187
93 187
100 187
102 187
105 187
110 187
112 187
113 187
119 187
126 187
127 187
133 187
156 187
162 187
169 187
176 187
13 188
24 188
25 188
28 188
37 188
40 188
45 188
46 188
52 188
56 188
73 188
75 188
77 188
82 188
90 188
103 188
108 188
115 188
131 188
135 188
137 188
139 188
141 188
150 188
152 188
163 188
171 188
174 188
177 188
2 189
11 189
28 189
37 189
41 189
46 189
47 189
48 189
50 189
83 189
91 189
98 189
100 189
101 189
103 189
125 189
133 189
155 189
156 189
159 189
162 189
165 189
172 189
6 190
9 190
10 190
14 190
21 190
26 190
36 190
42 190
63 190
71 190
77 190
81 190
90 190
96 190
112 190
119 190
123 190
124 190
126 190
128 190
130 190
137 190
141 190
145 190
163 190
169 190
173 190
180 190
1 191
22 191
25 191
31 191
32 191
39 191
40 191
51 191
59 191
60 191
61 191
62 191
66 191
67 191
93 191
99 191
102 191
109 191
110 191
111 191
119 191
121 191
150 191
155 191
165 191
167 191
175 191
180 191
182 191
188 191
189 191
1 192
5 192
16 192
20 192
31 192
51 192
52 192
61 192
62 192
67 192
73 192
82 192
92 192
102 192
111 192
120 192
127 192
130 192
134 192
137 192
150 192
153 192
168 192
176 192
178 192
183 192
186 192
2 193
5 193
9 193
18 193
28 193
37 193
51 193
62 193
68 193
75 193
84 193
86 193
87 193
94 193
97 193
98 193
105 193
111 193
113 193
117 193
119 193
122 193
138 193
147 193
159 193
176 193
177 193
179 193
187 193
3 194
15 194
31 194
36 194
41 194
46 194
47 194
55 194
57 194
65 194
66 194
72 194
74 194
78 194
79 194
89 194
97 194
104 194
106 194
116 194
118 194
130 194
131 194
140 194
143 194
145 194
146 194
151 194
154 194
157 194
158 194
159 194
182 194
4 195
10 195
11 195
12 195
15 195
28 195
36 195
39 195
47 195
56 195
63 195
68 195
69 195
81 195
84 195
85 195
88 195
96 195
99 195
121 195
128 195
135 195
139 195
140 195
142 195
148 195
150 195
165 195
168 195
170 195
185 195
186 195
189 195
0 196
1 196
4 196
5 196
8 196
10 196
14 196
17 196
26 196
32 196
35 196
37 196
44 196
45 196
65 196
69 196
73 196
76 196
77 196
78 196
82 196
86 196
105 196
116 196
121 196
131 196
132 196
133 196
138 196
142 196
143 196
145 196
154 196
157 196
158 196
159 196
169 196
170 196
186 196
189 196
2 197
12 197
19 197
23 197
27 197
34 197
49 197
54 197
55 197
58 197
68 197
88 197
92 197
107 197
115 197
133 197
136 197
138 197
146 197
148 197
149 197
153 197
154 197
158 197
168 197
169 197
173 197
175 197
185 197
186 197
190 197
0 198
4 198
7 198
9 198
17 198
20 198
21 198
28 198
30 198
33 198
37 198
39 198
40 198
42 198
58 198
75 198
88 198
94 198
106 198
109 198
113 198
122 198
126 198
127 198
130 198
132 198
134 198
141 198
145 198
150 198
153 198
155 198
161 198
176 198
181 198
185 198
1 199
2 199
5 199
11 199
12 199
17 199
28 199
41 199
55 199
56 199
57 199
59 199
64 199
77 199
98 199
102 199
107 199
123 199
129 199
136 199
139 199
148 199
159 199
166 199
173 199
175 199
178 199
187 199
11 200
16 200
20 200
27 200
29 200
32 200
33 200
49 200
50 200
51 200
53 200
54 200
63 200
74 200
78 200
83 200
94 200
96 200
103 200
104 200
109 200
110 200
111 200
113 200
120 200
128 200
129 200
136 200
144 200
146 200
171 200
174 200
23 201
30 201
33 201
39 201
43 201
50 201
53 201
54 201
56 201
62 201
65 201
69 201
75 201
77 201
80 201
84 201
102 201
105 201
107 201
109 201
118 201
121 201
128 201
132 201
139 201
144 201
157 201
161 201
166 201
177 201
181 201
185 201
0 202
5 202
10 202
16 202
26 202
30 202
31 202
32 202
35 202
36 202
37 202
39 202
44 202
46 202
52 202
58 202
60 202
61 202
62 202
64 202
69 202
70 202
75 202
93 202
96 202
107 202
117 202
118 202
119 202
124 202
125 202
126 202
145 202
149 202
155 202
156 202
173 202
175 202
179 202
184 202
186 202
187 202
5 203
9 203
11 203
24 203
27 203
31 203
36 203
39 203
43 203
44 203
46 203
49 203
58 203
87 203
95 203
117 203
119 203
123 203
128 203
130 203
131 203
138 203
141 203
142 203
149 203
162 203
171 203
173 203
174 203
182 203
188 203
1 204
4 204
7 204
8 204
21 204
24 204
27 204
35 204
44 204
66 204
80 204
90 204
91 204
92 204
99 204
109 204
116 204
122 204
132 204
134 204
137 204
140 204
144 204
146 204
150 204
155 204
164 204
165 204
166 204
170 204
174 204
180 204
186 204
187 204
4 205
10 205
16 205
20 205
25 205
26 205
28 205
29 205
33 205
37 205
38 205
51 205
63 205
68 205
74 205
76 205
93 205
105 205
107 205
110 205
113 205
122 205
128 205
132 205
146 205
157 205
162 205
164 205
165 205
168 205
171 205
172 205
182 205
0 206
2 206
7 206
8 206
13 206
14 206
19 206
23 206
25 206
29 206
34 206
38 206
46 206
51 206
70 206
71 206
80 206
95 206
104 206
107 206
108 206
120 206
124 206
139 206
148 206
152 206
160 206
163 206
164 206
167 206
169 206
178 206
188 206
195 206
196 206
197 206
199 206
200 206
204 206
2 207
3 207
4 207
10 207
12 207
13 207
17 207
20 207
41 207
55 207
57 207
61 207
62 207
79 207
83 207
96 207
99 207
103 207
109 207
112 207
113 207
115 207
116 207
121 207
124 207
130 207
140 207
148 207
154 207
158 207
159 207
163 207
165 207
170 207
183 207
186 207
188 207
192 207
194 207
197 207
200 207
204 207
5 208
8 208
17 208
19 208
21 208
24 208
26 208
28 208
43 208
49 208
52 208
72 208
78 208
80 208
82 208
92 208
93 208
94 208
95 208
97 208
99 208
105 208
120 208
122 208
127 208
139 208
142 208
148 208
171 208
172 208
200 208
201 208
204 208
205 208
3 209
7 209
12 209
13 209
20 209
25 209
28 209
32 209
34 209
38 209
48 209
53 209
58 209
61 209
62 209
70 209
71 209
80 209
86 209
92 209
93 209
95 209
101 209
103 209
106 209
107 209
110 209
111 209
112 209
121 209
123 209
133 209
137 209
147 209
148 209
154 209
177 209
181 209
188 209
192 209
194 209
196 209
201 209
203 209
8 210
10 210
11 210
12 210
13 210
21 210
26 210
29 210
37 210
38 210
42 210
43 210
45 210
60 210
61 210
64 210
71 210
75 210
81 210
92 210
97 210
98 210
99 210
102 210
105 210
110 210
111 210
114 210
129 210
139 210
148 210
153 210
161 210
173 210
175 210
178 210
181 210
186 210
189 210
193 210
194 210
197 210
202 210
18 211
23 211
38 211
39 211
44 211
46 211
60 211
63 211
66 211
70 211
76 211
81 211
82 211
89 211
103 211
104 211
106 211
109 211
116 211
122 211
128 211
133 211
137 211
141 211
143 211
144 211
146 211
147 211
148 211
150 211
152 211
164 211
174 211
176 211
180 211
183 211
184 211
185 211
188 211
205 211
4 212
16 212
21 212
32 212
36 212
46 212
50 212
59 212
84 212
91 212
95 212
111 212
117 212
121 212
122 212
126 212
144 212
146 212
148 212
152 212
159 212
160 212
168 212
169 212
172 212
175 212
177 212
179 212
181 212
183 212
184 212
188 212
198 212
202 212
205 212
2 213
5 213
8 213
9 213
15 213
18 213
21 213
30 213
42 213
48 213
53 213
61 213
63 213
79 213
87 213
93 213
98 213
99 213
102 213
105 213
109 213
112 213
135 213
139 213
142 213
150 213
151 213
152 213
163 213
164 213
176 213
177 213
188 213
192 213
1 214
7 214
16 214
34 214
36 214
45 214
48 214
55 214
56 214
62 214
66 214
69 214
72 214
73 214
74 214
76 214
94 214
99 214
101 214
102 214
105 214
106 214
110 214
123 214
129 214
132 214
134 214
138 214
147 214
154 214
158 214
163 214
170 214
172 214
180 214
181 214
193 214
196 214
199 214
204 214
212 214
213 214
5 215
6 215
8 215
18 215
24 215
31 215
35 215
37 215
41 215
52 215
53 215
58 215
61 215
66 215
72 215
84 215
90 215
97 215
99 215
105 215
128 215
129 215
132 215
139 215
143 215
145 215
146 215
148 215
150 215
151 215
154 215
159 215
183 215
197 215
198 215
208 215
209 215
2 216
3 216
5 216
7 216
10 216
13 216
14 216
18 216
22 216
23 216
25 216
28 216
35 216
48 216
52 216
73 216
74 216
77 216
85 216
91 216
97 216
103 216
107 216
110 216
114 216
117 216
133 216
138 216
143 216
148 216
151 216
169 216
180 216
184 216
187 216
191 216
203 216
206 216
4 217
13 217
23 217
24 217
30 217
36 217
49 217
50 217
54 217
58 217
67 217
74 217
76 217
77 217
83 217
91 217
108 217
117 217
121 217
123 217
128 217
130 217
131 217
137 217
146 217
148 217
164 217
166 217
172 217
177 217
187 217
189 217
190 217
191 217
200 217
201 217
207 217
210 217
213 217
9 218
10 218
12 218
17 218
24 218
26 218
28 218
34 218
40 218
43 218
44 218
45 218
53 218
61 218
86 218
110 218
115 218
130 218
137 218
138 218
149 218
159 218
161 218
171 218
177 218
182 218
184 218
186 218
194 218
196 218
206 218
3 219
11 219
25 219
27 219
28 219
39 219
43 219
47 219
55 219
59 219
74 219
82 219
90 219
97 219
98 219
107 219
111 219
115 219
118 219
120 219
124 219
131 219
151 219
153 219
160 219
162 219
168 219
174 219
175 219
176 219
179 219
195 219
202 219
209 219
211 219
4 220
6 220
19 220
20 220
40 220
52 220
69 220
80 220
85 220
104 220
133 220
162 220
164 220
175 220
176 220
178 220
180 220
182 220
184 220
190 220
193 220
198 220
1 221
6 221
11 221
22 221
31 221
35 221
46 221
52 221
64 221
67 221
69 221
72 221
73 221
91 221
99 221
101 221
120 221
126 221
127 221
131 221
139 221
140 221
146 221
148 221
152 221
167 221
173 221
188 221
192 221
193 221
205 221
208 221
0 222
3 222
13 222
28 222
31 222
54 222
59 222
60 222
65 222
73 222
82 222
92 222
97 222
98 222
116 222
117 222
122 222
129 222
133 222
141 222
142 222
143 222
173 222
176 222
177 222
186 222
203 222
206 222
208 222
211 222
212 222
2 223
5 223
28 223
41 223
43 223
48 223
50 223
64 223
65 223
70 223
71 223
87 223
93 223
95 223
106 223
110 223
117 223
119 223
129 223
132 223
139 223
140 223
144 223
155 223
158 223
159 223
167 223
168 223
178 223
181 223
199 223
204 223
205 223
210 223
1 224
7 224
9 224
30 224
51 224
54 224
63 224
74 224
77 224
84 224
89 224
90 224
93 224
101 224
121 224
122 224
129 224
140 224
144 224
147 224
150 224
167 224
169 224
190 224
193 224
194 224
202 224
203 224
209 224
211 224
1 225
14 225
18 225
29 225
32 225
33 225
37 225
39 225
56 225
60 225
63 225
66 225
72 225
76 225
85 225
86 225
100 225
103 225
106 225
127 225
128 225
142 225
145 225
150 225
152 225
154 225
155 225
158 225
168 225
171 225
176 225
182 225
191 225
203 225
211 225
5 226
10 226
11 226
17 226
18 226
26 226
36 226
46 226
49 226
52 226
63 226
64 226
68 226
74 226
80 226
92 226
93 226
98 226
99 226
106 226
121 226
130 226
134 226
140 226
149 226
153 226
157 226
165 226
166 226
169 226
177 226
179 226
184 226
199 226
206 226
208 226
209 226
211 226
214 226
216 226
219 226
221 226
2 227
4 227
28 227
35 227
37 227
38 227
45 227
63 227
64 227
69 227
72 227
76 227
79 227
80 227
84 227
91 227
98 227
124 227
131 227
137 227
140 227
146 227
151 227
172 227
181 227
189 227
191 227
192 227
193 227
194 227
199 227
200 227
201 227
203 227
204 227
209 227
214 227
217 227
218 227
3 228
10 228
12 228
31 228
36 228
41 228
44 228
47 228
50 228
54 228
63 228
76 228
92 228
93 228
96 228
99 228
103 228
106 228
107 228
108 228
113 228
115 228
118 228
122 228
125 228
128 228
131 228
134 228
138 228
142 228
156 228
164 228
167 228
187 228
189 228
192 228
198 228
203 228
204 228
206 228
208 228
211 228
212 228
213 228
219 228
220 228
4 229
25 229
31 229
50 229
57 229
60 229
62 229
66 229
68 229
72 229
73 229
75 229
85 229
87 229
92 229
100 229
104 229
111 229
115 229
118 229
119 229
123 229
138 229
144 229
150 229
156 229
161 229
170 229
171 229
175 229
178 229
180 229
187 229
193 229
194 229
203 229
212 229
215 229
218 229
221 229
3 230
4 230
7 230
12 230
15 230
19 230
22 230
23 230
28 230
29 230
39 230
42 230
43 230
54 230
63 230
65 230
71 230
72 230
73 230
92 230
97 230
107 230
112 230
117 230
119 230
120 230
126 230
130 230
136 230
137 230
141 230
142 230
146 230
151 230
157 230
162 230
164 230
168 230
173 230
180 230
182 230
187 230
191 230
192 230
193 230
195 230
196 230
220 230
225 230
12 231
15 231
28 231
42 231
48 231
59 231
71 231
74 231
81 231
88 231
89 231
90 231
96 231
103 231
109 231
128 231
132 231
134 231
137 231
160 231
162 231
163 231
167 231
170 231
176 231
177 231
178 231
182 231
188 231
191 231
195 231
199 231
202 231
204 231
210 231
211 231
216 231
219 231
1 232
3 232
5 232
10 232
18 232
21 232
22 232
23 232
26 232
27 232
30 232
35 232
40 232
42 232
43 232
58 232
66 232
71 232
78 232
81 232
87 232
98 232
104 232
109 232
116 232
117 232
123 232
127 232
138 232
140 232
141 232
143 232
144 232
153 232
154 232
171 232
175 232
182 232
197 232
207 232
208 232
217 232
218 232
219 232
2 233
3 233
9 233
10 233
13 233
14 233
16 233
22 233
24 233
26 233
41 233
56 233
57 233
76 233
78 233
83 233
86 233
87 233
91 233
94 233
98 233
100 233
109 233
118 233
124 233
127 233
139 233
147 233
149 233
156 233
167 233
170 233
174 233
185 233
195 233
199 233
205 233
206 233
210 233
217 233
218 233
5 234
7 234
11 234
17 234
20 234
33 234
34 234
39 234
48 234
60 234
61 234
63 234
71 234
78 234
79 234
82 234
88 234
91 234
106 234
110 234
111 234
121 234
122 234
123 234
126 234
129 234
130 234
135 234
137 234
145 234
150 234
151 234
157 234
162 234
180 234
184 234
185 234
203 234
205 234
212 234
215 234
219 234
221 234
222 234
224 234
0 235
6 235
7 235
20 235
25 235
29 235
31 235
37 235
44 235
51 235
52 235
74 235
76 235
82 235
89 235
90 235
105 235
111 235
115 235
123 235
126 235
131 235
135 235
144 235
148 235
158 235
160 235
168 235
176 235
177 235
180 235
186 235
196 235
201 235
213 235
225 235
230 235
232 235
233 235
13 236
15 236
26 236
36 236
37 236
38 236
48 236
50 236
52 236
60 236
66 236
69 236
72 236
79 236
80 236
88 236
98 236
99 236
105 236
107 236
113 236
114 236
116 236
119 236
138 236
139 236
144 236
146 236
148 236
151 236
160 236
168 236
169 236
198 236
201 236
212 236
214 236
215 236
217 236
227 236
228 236
231 236
3 237
6 237
17 237
20 237
25 237
28 237
29 237
31 237
32 237
35 237
44 237
61 237
71 237
78 237
87 237
95 237
109 237
113 237
114 237
115 237
116 237
118 237
120 237
124 237
132 237
141 237
143 237
155 237
156 237
159 237
166 237
179 237
180 237
185 237
186 237
193 237
196 237
203 237
204 237
210 237
215 237
9 238
10 238
13 238
19 238
21 238
23 238
42 238
43 238
53 238
58 238
61 238
62 238
63 238
78 238
79 238
82 238
83 238
90 238
93 238
97 238
105 238
113 238
122 238
127 238
129 238
133 238
135 238
138 238
145 238
152 238
159 238
160 238
161 238
163 238
166 238
173 238
176 238
183 238
186 238
188 238
189 238
192 238
199 238
207 238
214 238
215 238
218 238
224 238
228 238
230 238
232 238
233 238
2 239
10 239
11 239
12 239
26 239
27 239
28 239
39 239
72 239
90 239
95 239
107 239
110 239
117 239
131 239
138 239
142 239
143 239
144 239
158 239
167 239
168 239
170 239
183 239
195 239
197 239
198 239
199 239
209 239
233 239
8 240
13 240
17 240
18 240
22 240
26 240
28 240
30 240
31 240
41 240
51 240
56 240
59 240
61 240
71 240
76 240
87 240
91 240
98 240
106 240
107 240
110 240
116 240
125 240
133 240
139 240
144 240
149 240
150 240
151 240
156 240
163 240
169 240
170 240
175 240
177 240
179 240
181 240
183 240
193 240
204 240
208 240
210 240
213 240
220 240
5 241
7 241
11 241
18 241
24 241
27 241
30 241
32 241
36 241
37 241
42 241
60 241
64 241
66 241
76 241
78 241
99 241
109 241
131 241
135 241
137 241
138 241
141 241
147 241
166 241
177 241
188 241
194 241
197 241
198 241
199 241
202 241
236 241
4 242
22 242
39 242
47 242
56 242
65 242
72 242
74 242
77 242
78 242
81 242
87 242
92 242
94 242
100 242
105 242
113 242
114 242
116 242
119 242
124 242
130 242
132 242
136 242
138 242
144 242
163 242
166 242
171 242
173 242
177 242
178 242
180 242
181 242
187 242
196 242
198 242
209 242
211 242
216 242
217 242
222 242
223 242
237 242
4 243
8 243
12 243
16 243
36 243
40 243
48 243
52 243
77 243
88 243
89 243
91 243
104 243
105 243
119 243
125 243
129 243
139 243
141 243
157 243
160 243
164 243
165 243
191 243
198 243
201 243
211 243
229 243
235 243
2 244
12 244
20 244
36 244
44 244
46 244
48 244
50 244
52 244
68 244
73 244
76 244
79 244
90 244
92 244
98 244
111 244
115 244
117 244
121 244
122 244
127 244
134 244
140 244
149 244
154 244
156 244
161 244
176 244
204 244
221 244
224 244
232 244
239 244
6 245
13 245
15 245
18 245
20 245
25 245
27 245
40 245
47 245
49 245
55 245
56 245
62 245
66 245
78 245
79 245
89 245
90 245
92 245
93 245
95 245
102 245
122 245
138 245
139 245
148 245
153 245
154 245
169 245
178 245
180 245
191 245
197 245
198 245
203 245
224 245
225 245
228 245
232 245
4 246
13 246
18 246
30 246
41 246
46 246
51 246
65 246
69 246
70 246
72 246
83 246
91 246
93 246
97 246
100 246
103 246
111 246
113 246
114 246
121 246
122 246
126 246
132 246
136 246
138 246
140 246
142 246
144 246
155 246
162 246
167 246
185 246
187 246
190 246
192 246
205 246
206 246
207 246
215 246
219 246
220 246
232 246
238 246
1 247
3 247
10 247
17 247
23 247
32 247
47 247
49 247
52 247
53 247
58 247
61 247
63 247
69 247
72 247
74 247
86 247
95 247
99 247
100 247
105 247
109 247
116 247
121 247
124 247
132 247
133 247
136 247
151 247
154 247
163 247
165 247
174 247
186 247
187 247
188 247
190 247
191 247
199 247
200 247
204 247
207 247
211 247
218 247
219 247
224 247
3 248
11 248
12 248
39 248
41 248
44 248
46 248
47 248
50 248
55 248
62 248
64 248
66 248
75 248
78 248
84 248
86 248
91 248
94 248
105 248
115 248
133 248
136 248
158 248
161 248
163 248
166 248
168 248
169 248
176 248
183 248
184 248
189 248
192 248
195 248
205 248
212 248
215 248
218 248
220 248
226 248
229 248
1 249
4 249
15 249
18 249
24 249
27 249
28 249
43 249
60 249
68 249
82 249
84 249
86 249
103 249
113 249
119 249
138 249
143 249
145 249
153 249
168 249
169 249
182 249
190 249
194 249
196 249
199 249
214 249
226 249
231 249
233 249
239 249
1 250
5 250
16 250
21 250
22 250
27 250
32 250
33 250
34 250
37 250
38 250
42 250
52 250
54 250
59 250
60 250
61 250
66 250
68 250
72 250
74 250
83 250
92 250
94 250
96 250
108 250
112 250
121 250
129 250
133 250
139 250
149 250
155 250
163 250
164 250
171 250
175 250
185 250
186 250
193 250
194 250
197 250
204 250
205 250
216 250
223 250
234 250
236 250
4 251
6 251
13 251
16 251
17 251
38 251
45 251
46 251
53 251
57 251
58 251
63 251
74 251
106 251
111 251
114 251
137 251
144 251
147 251
150 251
153 251
155 251
170 251
195 251
197 251
202 251
204 251
213 251
216 251
220 251
229 251
19 252
23 252
31 252
33 252
48 252
52 252
54 252
57 252
60 252
70 252
71 252
93 252
94 252
95 252
97 252
99 252
102 252
113 252
116 252
121 252
122 252
125 252
129 252
130 252
137 252
140 252
150 252
153 252
158 252
160 252
164 252
165 252
176 252
183 252
186 252
192 252
196 252
217 252
226 252
235 252
237 252
240 252
242 252
2 253
11 253
12 253
14 253
20 253
32 253
42 253
43 253
47 253
63 253
66 253
83 253
86 253
95 253
99 253
121 253
122 253
128 253
137 253
141 253
144 253
166 253
179 253
181 253
188 253
200 253
205 253
214 253
226 253
250 253
3 254
6 254
11 254
13 254
16 254
21 254
26 254
29 254
32 254
41 254
48 254
57 254
60 254
64 254
69 254
71 254
72 254
80 254
94 254
138 254
141 254
145 254
151 254
158 254
161 254
164 254
167 254
170 254
176 254
180 254
182 254
184 254
185 254
186 254
193 254
195 254
200 254
201 254
202 254
222 254
226 254
228 254
237 254
246 254
5 255
9 255
14 255
18 255
23 255
25 255
39 255
40 255
54 255
71 255
75 255
81 255
85 255
87 255
97 255
99 255
102 255
105 255
111 255
114 255
115 255
120 255
121 255
125 255
126 255
128 255
129 255
130 255
133 255
134 255
148 255
156 255
162 255
164 255
177 255
184 255
186 255
196 255
199 255
209 255
219 255
221 255
224 255
226 255
228 255
231 255
242 255
248 255
1 256
3 256
6 256
10 256
18 256
20 256
24 256
28 256
30 256
33 256
39 256
42 256
46 256
54 256
60 256
61 256
64 256
79 256
81 256
94 256
95 256
106 256
111 256
132 256
134 256
135 256
141 256
144 256
146 256
148 256
160 256
162 256
163 256
164 256
165 256
167 256
168 256
180 256
190 256
195 256
199 256
205 256
207 256
210 256
211 256
213 256
216 256
220 256
228 256
239 256
245 256
247 256
3 257
4 257
6 257
18 257
26 257
36 257
40 257
68 257
69 257
76 257
77 257
80 257
82 257
83 257
110 257
113 257
117 257
125 257
134 257
139 257
140 257
143 257
157 257
159 257
162 257
167 257
173 257
176 257
187 257
191 257
196 257
199 257
201 257
202 257
211 257
215 257
221 257
224 257
229 257
4 258
14 258
17 258
23 258
26 258
32 258
35 258
39 258
43 258
44 258
49 258
54 258
61 258
63 258
64 258
68 258
71 258
84 258
85 258
90 258
92 258
94 258
99 258
102 258
110 258
114 258
116 258
121 258
125 258
131 258
133 258
137 258
145 258
151 258
162 258
166 258
179 258
183 258
184 258
187 258
190 258
216 258
222 258
224 258
230 258
249 258
8 259
11 259
17 259
19 259
40 259
43 259
66 259
71 259
72 259
80 259
89 259
105 259
107 259
108 259
119 259
121 259
126 259
127 259
130 259
136 259
146 259
159 259
160 259
166 259
168 259
170 259
185 259
186 259
188 259
193 259
202 259
204 259
211 259
214 259
218 259
226 259
248 259
5 260
7 260
8 260
26 260
35 260
36 260
38 260
48 260
57 260
58 260
60 260
62 260
63 260
66 260
68 260
79 260
81 260
84 260
87 260
89 260
95 260
98 260
114 260
115 260
121 260
126 260
128 260
143 260
148 260
149 260
151 260
153 260
157 260
165 260
177 260
182 260
191 260
194 260
208 260
211 260
221 260
222 260
234 260
238 260
241 260
2 261
3 261
6 261
28 261
38 261
55 261
59 261
74 261
79 261
86 261
87 261
88 261
89 261
90 261
91 261
94 261
98 261
99 261
101 261
104 261
106 261
110 261
112 261
117 261
144 261
149 261
151 261
154 261
162 261
165 261
183 261
187 261
200 261
201 261
208 261
211 261
218 261
224 261
226 261
234 261
241 261
245 261
248 261
249 261
1 262
6 262
16 262
35 262
46 262
47 262
56 262
62 262
72 262
73 262
75 262
103 262
124 262
126 262
139 262
142 262
154 262
161 262
166 262
167 262
168 262
173 262
180 262
184 262
186 262
191 262
196 262
199 262
203 262
209 262
210 262
218 262
219 262
228 262
238 262
239 262
240 262
5 263
6 263
16 263
23 263
24 263
25 263
30 263
33 263
38 263
48 263
55 263
56 263
58 263
67 263
80 263
81 263
89 263
105 263
106 263
126 263
129 263
130 263
132 263
134 263
140 263
150 263
156 263
163 263
165 263
166 263
183 263
189 263
197 263
214 263
221 263
230 263
235 263
237 263
238 263
240 263
246 263
0 264
6 264
10 264
14 264
16 264
18 264
22 264
29 264
52 264
55 264
60 264
63 264
72 264
76 264
77 264
89 264
92 264
95 264
96 264
100 264
105 264
108 264
112 264
117 264
120 264
128 264
136 264
146 264
148 264
150 264
154 264
158 264
159 264
176 264
178 264
182 264
193 264
199 264
204 264
210 264
211 264
213 264
214 264
217 264
226 264
236 264
243 264
2 265
17 265
26 265
42 265
52 265
53 265
74 265
76 265
77 265
90 265
93 265
98 265
100 265
103 265
109 265
114 265
120 265
132 265
139 265
144 265
148 265
163 265
165 265
172 265
178 265
187 265
191 265
195 265
197 265
208 265
211 265
217 265
223 265
224 265
228 265
235 265
240 265
246 265
4 266
13 266
23 266
29 266
30 266
34 266
37 266
39 266
45 266
69 266
90 266
99 266
101 266
104 266
105 266
112 266
119 266
121 266
128 266
129 266
132 266
145 266
153 266
157 266
165 266
167 266
176 266
178 266
182 266
186 266
190 266
195 266
197 266
198 266
201 266
202 266
207 266
215 266
219 266
227 266
228 266
230 266
234 266
239 266
243 266
246 266
15 267
23 267
24 267
30 267
35 267
69 267
70 267
72 267
78 267
85 267
86 267
91 267
105 267
111 267
113 267
121 267
122 267
136 267
137 267
140 267
145 267
151 267
157 267
158 267
163 267
167 267
168 267
169 267
178 267
182 267
210 267
217 267
219 267
221 267
227 267
250 267
9 268
22 268
24 268
35 268
38 268
39 268
46 268
49 268
66 268
68 268
69 268
75 268
87 268
91 268
100 268
103 268
110 268
114 268
122 268
123 268
140 268
145 268
163 268
164 268
174 268
181 268
188 268
198 268
201 268
204 268
205 268
209 268
210 268
212 268
213 268
214 268
216 268
225 268
226 268
229 268
230 268
231 268
17 269
21 269
32 269
41 269
42 269
48 269
51 269
52 269
55 269
56 269
62 269
63 269
65 269
69 269
72 269
77 269
84 269
90 269
91 269
93 269
103 269
135 269
136 269
137 269
138 269
142 269
147 269
149 269
159 269
163 269
174 269
183 269
188 269
199 269
209 269
211 269
233 269
247 269
250 269
258 269
260 269
262 269
4 270
10 270
11 270
12 270
18 270
26 270
29 270
56 270
58 270
60 270
64 270
67 270
71 270
76 270
78 270
94 270
99 270
101 270
102 270
103 270
114 270
118 270
119 270
128 270
132 270
141 270
148 270
150 270
155 270
159 270
162 270
165 270
168 270
170 270
179 270
220 270
229 270
231 270
238 270
242 270
248 270
250 270
251 270
0 271
7 271
16 271
23 271
27 271
31 271
36 271
37 271
40 271
44 271
48 271
53 271
56 271
63 271
67 271
69 271
72 271
73 271
82 271
88 271
97 271
101 271
116 271
117 271
118 271
123 271
129 271
133 271
136 271
145 271
156 271
165 271
168 271
172 271
191 271
194 271
195 271
200 271
201 271
203 271
212 271
220 271
235 271
246 271
248 271
251 271
253 271
261 271
263 271
5 272
20 272
21 272
22 272
30 272
33 272
34 272
37 272
51 272
61 272
74 272
75 272
76 272
91 272
95 272
101 272
104 272
125 272
128 272
134 272
138 272
140 272
144 272
169 272
174 272
176 272
180 272
193 272
199 272
207 272
212 272
223 272
228 272
229 272
240 272
243 272
252 272
253 272
263 272
267 272
4 273
13 273
16 273
25 273
33 273
47 273
50 273
56 273
57 273
63 273
66 273
73 273
75 273
100 273
109 273
114 273
122 273
124 273
130 273
133 273
134 273
135 273
139 273
140 273
145 273
150 273
151 273
158 273
165 273
179 273
202 273
221 273
223 273
227 273
235 273
237 273
241 273
244 273
246 273
258 273
22 274
23 274
25 274
26 274
42 274
43 274
51 274
59 274
63 274
79 274
100 274
116 274
117 274
134 274
136 274
141 274
159 274
174 274
181 274
189 274
190 274
195 274
207 274
210 274
211 274
219 274
223 274
226 274
233 274
248 274
255 274
259 274
263 274
267 274
3 275
6 275
12 275
21 275
22 275
32 275
35 275
38 275
50 275
52 275
58 275
75 275
76 275
78 275
83 275
85 275
88 275
107 275
110 275
116 275
129 275
131 275
140 275
143 275
146 275
147 275
151 275
155 275
158 275
164 275
171 275
193 275
197 275
203 275
211 275
212 275
215 275
231 275
236 275
250 275
251 275
252 275
259 275
1 276
2 276
20 276
32 276
34 276
36 276
45 276
46 276
51 276
63 276
67 276
73 276
78 276
91 276
100 276
102 276
103 276
106 276
121 276
122 276
124 276
125 276
126 276
132 276
150 276
159 276
165 276
170 276
177 276
184 276
188 276
202 276
206 276
213 276
218 276
219 276
227 276
232 276
242 276
244 276
247 276
249 276
252 276
255 276
258 276
268 276
0 277
6 277
17 277
27 277
29 277
36 277
38 277
41 277
52 277
58 277
60 277
69 277
73 277
77 277
90 277
91 277
92 277
102 277
113 277
128 277
129 277
138 277
145 277
160 277
163 277
189 277
190 277
193 277
194 277
200 277
205 277
220 277
222 277
224 277
228 277
233 277
238 277
253 277
256 277
259 277
274 277
13 278
17 278
19 278
26 278
47 278
67 278
80 278
82 278
86 278
90 278
102 278
113 278
119 278
120 278
133 278
149 278
163 278
165 278
168 278
169 278
175 278
178 278
188 278
202 278
206 278
207 278
211 278
216 278
218 278
230 278
240 278
253 278
270 278
1 279
3 279
7 279
8 279
23 279
28 279
41 279
44 279
57 279
62 279
69 279
74 279
75 279
83 279
84 279
100 279
106 279
111 279
125 279
127 279
132 279
144 279
145 279
154 279
169 279
181 279
183 279
185 279
187 279
194 279
198 279
203 279
204 279
220 279
236 279
239 279
241 279
248 279
265 279
275 279
0 280
5 280
8 280
21 280
26 280
27 280
31 280
45 280
59 280
61 280
78 280
87 280
98 280
103 280
104 280
107 280
115 280
117 280
122 280
123 280
129 280
141 280
142 280
143 280
145 280
146 280
148 280
151 280
161 280
166 280
170 280
171 280
174 280
183 280
186 280
190 280
196 280
221 280
224 280
234 280
241 280
243 280
246 280
274 280
7 281
13 281
19 281
34 281
35 281
38 281
39 281
43 281
44 281
45 281
65 281
73 281
75 281
78 281
79 281
82 281
84 281
85 281
93 281
99 281
116 281
119 281
124 281
127 281
132 281
136 281
137 281
148 281
151 281
167 281
177 281
179 281
183 281
198 281
205 281
207 281
219 281
220 281
235 281
239 281
240 281
241 281
246 281
250 281
251 281
255 281
256 281
261 281
267 281
0 282
2 282
6 282
12 282
13 282
21 282
42 282
50 282
76 282
77 282
78 282
79 282
101 282
125 282
127 282
128 282
140 282
152 282
153 282
160 282
162 282
164 282
174 282
177 282
180 282
184 282
186 282
195 282
199 282
224 282
226 282
231 282
232 282
235 282
238 282
240 282
245 282
247 282
253 282
258 282
266 282
1 283
7 283
10 283
18 283
22 283
33 283
42 283
45 283
51 283
54 283
55 283
56 283
59 283
74 283
82 283
88 283
100 283
103 283
114 283
121 283
125 283
135 283
140 283
145 283
148 283
152 283
159 283
174 283
179 283
186 283
193 283
200 283
203 283
204 283
206 283
207 283
237 283
249 283
254 283
258 283
263 283
269 283
270 283
2 284
3 284
10 284
13 284
15 284
22 284
31 284
41 284
42 284
50 284
58 284
72 284
74 284
75 284
99 284
103 284
107 284
115 284
125 284
130 284
133 284
136 284
144 284
147 284
149 284
150 284
154 284
166 284
178 284
180 284
182 284
188 284
189 284
191 284
194 284
195 284
196 284
214 284
216 284
217 284
219 284
231 284
237 284
238 284
241 284
244 284
248 284
249 284
253 284
257 284
268 284
272 284
6 285
13 285
15 285
19 285
23 285
24 285
38 285
41 285
56 285
59 285
61 285
67 285
70 285
71 285
73 285
84 285
101 285
115 285
117 285
122 285
149 285
150 285
152 285
154 285
175 285
177 285
208 285
211 285
215 285
221 285
230 285
241 285
254 285
259 285
265 285
273 285
1 286
4 286
21 286
32 286
40 286
41 286
43 286
44 286
56 286
68 286
89 286
102 286
113 286
114 286
122 286
133 286
143 286
169 286
173 286
176 286
180 286
190 286
197 286
199 286
202 286
212 286
216 286
228 286
230 286
237 286
250 286
253 286
256 286
266 286
267 286
280 286
282 286
283 286
3 287
4 287
9 287
12 287
19 287
22 287
23 287
26 287
46 287
47 287
49 287
52 287
66 287
71 287
72 287
74 287
78 287
81 287
83 287
87 287
92 287
95 287
97 287
107 287
111 287
115 287
116 287
121 287
124 287
126 287
129 287
130 287
135 287
143 287
145 287
154 287
160 287
166 287
177 287
182 287
187 287
194 287
195 287
205 287
209 287
210 287
217 287
223 287
225 287
231 287
232 287
240 287
246 287
247 287
248 287
253 287
254 287
259 287
260 287
264 287
273 287
276 287
278 287
0 288
1 288
6 288
12 288
16 288
17 288
57 288
58 288
59 288
60 288
61 288
63 288
64 288
66 288
70 288
82 288
100 288
111 288
115 288
141 288
146 288
149 288
158 288
170 288
180 288
181 288
183 288
186 288
187 288
196 288
197 288
200 288
203 288
206 288
209 288
224 288
228 288
234 288
240 288
246 288
256 288
265 288
273 288
276 288
285 288
1 289
15 289
16 289
19 289
20 289
21 289
22 289
28 289
65 289
71 289
78 289
93 289
120 289
134 289
141 289
155 289
156 289
160 289
167 289
184 289
186 289
196 289
199 289
203 289
204 289
216 289
217 289
223 289
225 289
226 289
234 289
237 289
242 289
243 289
249 289
250 289
252 289
256 289
259 289
265 289
268 289
280 289
0 290
2 290
4 290
7 290
13 290
14 290
17 290
20 290
23 290
27 290
33 290
41 290
49 290
51 290
55 290
58 290
62 290
67 290
79 290
84 290
102 290
104 290
111 290
123 290
127 290
130 290
134 290
144 290
152 290
154 290
156 290
159 290
163 290
165 290
170 290
175 290
178 290
180 290
181 290
185 290
188 290
189 290
192 290
197 290
198 290
199 290
200 290
201 290
203 290
204 290
205 290
206 290
208 290
210 290
212 290
214 290
215 290
219 290
246 290
250 290
251 290
260 290
266 290
272 290
1 291
2 291
3 291
7 291
21 291
23 291
39 291
40 291
44 291
69 291
85 291
89 291
90 291
96 291
101 291
105 291
120 291
124 291
130 291
142 291
149 291
156 291
159 291
162 291
164 291
165 291
167 291
183 291
184 291
186 291
187 291
196 291
205 291
224 291
230 291
252 291
253 291
261 291
265 291
274 291
279 291
280 291
284 291
0 292
6 292
23 292
24 292
32 292
40 292
41 292
49 292
53 292
61 292
62 292
67 292
79 292
95 292
96 292
106 292
109 292
135 292
153 292
161 292
172 292
178 292
183 292
186 292
199 292
203 292
206 292
216 292
217 292
227 292
228 292
255 292
259 292
260 292
262 292
265 292
266 292
282 292
6 293
10 293
13 293
19 293
21 293
25 293
29 293
31 293
33 293
43 293
44 293
49 293
55 293
62 293
67 293
88 293
98 293
100 293
102 293
111 293
120 293
127 293
148 293
166 293
171 293
172 293
174 293
181 293
185 293
187 293
191 293
193 293
209 293
210 293
215 293
220 293
258 293
270 293
272 293
280 293
282 293
7 294
8 294
11 294
12 294
15 294
17 294
19 294
21 294
29 294
30 294
41 294
47 294
50 294
58 294
62 294
63 294
75 294
84 294
87 294
92 294
93 294
102 294
103 294
117 294
120 294
125 294
140 294
145 294
146 294
158 294
161 294
168 294
176 294
178 294
182 294
192 294
204 294
211 294
217 294
227 294
230 294
232 294
241 294
245 294
249 294
256 294
268 294
269 294
270 294
278 294
282 294
1 295
9 295
13 295
17 295
20 295
22 295
34 295
38 295
39 295
40 295
41 295
52 295
54 295
59 295
60 295
62 295
79 295
81 295
87 295
89 295
91 295
93 295
96 295
102 295
103 295
106 295
107 295
113 295
120 295
136 295
152 295
166 295
171 295
173 295
176 295
177 295
178 295
182 295
186 295
191 295
192 295
194 295
197 295
203 295
204 295
214 295
216 295
234 295
238 295
242 295
250 295
256 295
261 295
270 295
272 295
273 295
6 296
7 296
11 296
12 296
17 296
18 296
20 296
23 296
33 296
39 296
43 296
60 296
61 296
64 296
67 296
75 296
77 296
78 296
88 296
93 296
95 296
98 296
102 296
103 296
104 296
113 296
129 296
132 296
135 296
139 296
142 296
157 296
164 296
165 296
175 296
181 296
197 296
215 296
224 296
225 296
226 296
228 296
230 296
231 296
237 296
251 296
262 296
265 296
266 296
272 296
277 296
284 296
2 297
8 297
21 297
22 297
25 297
30 297
45 297
48 297
54 297
85 297
86 297
87 297
88 297
89 297
92 297
93 297
95 297
97 297
99 297
101 297
103 297
109 297
116 297
137 297
138 297
166 297
167 297
182 297
186 297
187 297
189 297
193 297
198 297
205 297
210 297
215 297
216 297
233 297
242 297
244 297
245 297
251 297
255 297
264 297
283 297
284 297
6 298
7 298
8 298
10 298
18 298
22 298
26 298
30 298
31 298
34 298
52 298
65 298
84 298
85 298
94 298
95 298
107 298
113 298
121 298
122 298
140 298
150 298
164 298
166 298
170 298
171 298
172 298
182 298
191 298
200 298
207 298
210 298
224 298
226 298
229 298
236 298
239 298
240 298
242 298
246 298
250 298
255 298
257 298
268 298
276 298
30 299
34 299
37 299
39 299
40 299
46 299
48 299
51 299
67 299
70 299
73 299
77 299
79 299
96 299
98 299
99 299
101 299
103 299
105 299
114 299
118 299
122 299
123 299
124 299
126 299
140 299
143 299
151 299
157 299
158 299
166 299
171 299
176 299
195 299
197 299
198 299
200 299
209 299
219 299
221 299
226 299
237 299
242 299
244 299
245 299
249 299
252 299
257 299
279 299
280 299
285 299
