300 5251 5
4 6 23 8 1 1 14 2 4 2 5 4 2 4 3 4 5 1 3 1 8 3 4 4 12 7 9 3 9 4 6 7 5 7 4 2 1 7 2 3 1 3 7 2 2 7 4 1 17 4 1 2 10 25 8 2 3 9 6 2 8 4 13 2 2 6 5 3 6 2 5 3 2 19 3 6 17 3 6 6 3 7 3 1 1 2 14 6 8 3 3 4 4 5 9 8 4 1 8 14 4 5 8 6 17 8 10 6 5 3 5 2 1 2 6 27 1 3 2 1 2 7 3 4 6 42 3 4 4 4 3 4 2 11 13 9 1 8 9 2 3 19 9 22 5 7 10 1 10 8 5 4 5 5 5 13 3 1 1 3 4 3 2 1 4 5 1 31 13 16 13 8 1 5 2 9 9 1 4 3 11 9 11 4 4 4 1 11 2 2 2 12 4 8 4 14 1 1 9 8 7 1 1 1 12 2 1 4 8 3 4 20 18 4 5 2 1 8 2 3 4 1 3 5 9 2 20 3 11 2 3 1 3 1 7 9 9 15 2 6 5 1 1 5 1 3 1 5 5 1 1 2 11 3 7 7 5 4 9 8 21 2 5 1 6 1 2 8 3 13 13 15 3 21 5 1 1 12 32 1 22 7 1 4 5 2 4 5 6 2 2 7 4 19 4 4 5 4 1 9
3 13
10 13
5 14
6 15
2 16
7 16
9 16
4 17
12 17
3 18
12 18
0 20
6 20
9 20
11 20
10 21
11 21
20 22
1 23
13 23
13 24
18 24
9 25
20 25
17 26
1 27
17 27
20 27
3 28
13 28
19 28
18 29
8 30
14 30
16 30
1 31
8 32
19 32
23 32
0 33
6 33
10 33
16 33
23 33
25 33
30 33
1 34
14 34
15 34
22 34
24 34
28 34
9 35
14 35
19 35
20 35
24 35
30 36
9 37
16 37
17 37
20 37
21 37
0 38
3 38
6 38
7 38
11 38
17 38
11 39
14 39
14 40
30 40
13 41
19 41
1 42
9 42
10 42
12 42
25 42
27 42
30 42
0 43
16 43
20 43
21 43
24 43
1 44
17 44
22 44
5 45
8 45
9 45
21 45
6 46
9 46
18 46
1 47
4 47
7 47
24 47
27 47
28 47
38 47
38 48
10 49
18 49
22 49
36 49
39 49
45 49
5 50
12 50
44 50
8 51
22 51
43 51
2 52
4 52
8 52
10 52
17 52
20 52
27 52
39 52
41 52
46 52
19 53
23 53
24 53
28 53
43 53
44 53
3 54
7 54
9 54
10 54
22 54
34 54
39 54
45 54
5 55
27 55
32 55
45 55
0 56
5 56
10 56
11 56
13 56
23 56
34 56
46 56
16 57
21 57
41 57
3 58
12 58
14 58
19 58
26 58
32 58
34 58
37 58
6 59
22 59
24 59
31 59
38 59
50 59
54 59
1 60
2 60
14 60
16 60
21 60
24 60
27 60
49 60
7 61
9 61
14 61
15 61
17 61
19 61
27 61
40 61
44 61
45 61
48 61
49 61
50 61
13 62
20 62
27 62
33 62
35 62
42 62
58 62
47 63
53 63
6 64
9 64
11 64
51 64
56 64
10 65
25 65
35 65
38 65
53 65
1 66
37 66
38 66
0 67
9 67
28 67
51 67
54 67
3 68
5 68
8 68
23 68
43 68
49 68
50 68
66 68
67 68
0 69
1 69
15 69
36 69
39 69
45 69
47 69
63 69
64 69
66 69
67 69
1 70
4 70
19 70
21 70
25 70
44 70
55 70
2 71
51 71
58 71
61 71
67 71
11 72
29 72
36 72
43 72
46 72
56 72
59 72
63 72
11 73
18 73
23 73
28 73
41 73
51 73
2 74
12 74
24 74
32 74
33 74
35 74
37 74
40 74
49 74
7 75
16 75
17 75
31 75
38 75
59 75
62 75
67 75
2 76
5 76
11 76
16 76
20 76
21 76
24 76
26 76
28 76
40 76
52 76
55 76
59 76
61 76
1 77
6 77
11 77
12 77
14 77
16 77
17 77
21 77
25 77
28 77
48 77
51 77
59 77
12 78
16 78
20 78
23 78
38 78
59 78
63 78
68 78
42 79
55 79
59 79
60 79
62 79
64 79
77 79
0 80
10 80
12 80
15 80
48 80
56 80
65 80
11 81
21 81
26 81
38 81
45 81
53 81
72 81
75 81
76 81
7 82
8 82
10 82
12 82
14 82
29 82
33 82
48 82
49 82
55 82
65 82
71 82
75 82
27 83
28 83
30 83
39 83
40 83
42 83
45 83
48 83
51 83
54 83
71 83
76 83
6 84
11 84
12 84
14 84
17 84
19 84
23 84
39 84
42 84
44 84
72 84
74 84
11 85
17 85
26 85
30 85
50 85
55 85
56 85
9 86
11 86
14 86
21 86
29 86
32 86
41 86
56 86
63 86
65 86
66 86
69 86
10 87
20 87
43 87
48 87
57 87
60 87
64 87
72 87
73 87
0 88
13 88
16 88
20 88
24 88
29 88
42 88
45 88
49 88
55 88
65 88
66 88
68 88
71 88
76 88
77 88
3 89
40 89
47 89
55 89
56 89
59 89
61 89
75 89
77 89
0 90
18 90
69 90
76 90
83 90
88 90
8 91
33 91
35 91
48 91
51 91
58 91
81 91
84 91
3 92
7 92
14 92
17 92
34 92
36 92
42 92
44 92
52 92
53 92
60 92
70 92
80 92
84 92
86 92
2 93
15 93
23 93
27 93
32 93
45 93
51 93
55 93
72 93
78 93
81 93
82 93
84 93
11 94
17 94
18 94
19 94
21 94
29 94
71 94
85 94
87 94
8 95
31 95
32 95
34 95
45 95
62 95
67 95
70 95
72 95
0 96
26 96
32 96
35 96
52 96
60 96
67 96
76 96
86 96
0 97
2 97
3 97
11 97
13 97
23 97
25 97
47 97
48 97
55 97
62 97
63 97
64 97
66 97
72 97
75 97
82 97
12 98
23 98
64 98
75 98
77 98
4 99
11 99
15 99
23 99
35 99
66 99
70 99
72 99
83 99
85 99
86 99
87 99
88 99
9 100
16 100
19 100
26 100
29 100
47 100
50 100
62 100
75 100
84 100
92 100
98 100
6 101
19 101
27 101
32 101
33 101
54 101
57 101
64 101
70 101
74 101
79 101
92 101
93 101
9 102
21 102
26 102
28 102
41 102
49 102
71 102
78 102
83 102
98 102
5 103
11 103
16 103
21 103
33 103
38 103
40 103
41 103
56 103
68 103
74 103
77 103
4 104
7 104
8 104
11 104
15 104
22 104
23 104
33 104
38 104
47 104
65 104
68 104
83 104
84 104
85 104
90 104
1 105
10 105
33 105
50 105
65 105
72 105
80 105
82 105
86 105
93 105
97 105
12 106
23 106
28 106
32 106
53 106
55 106
70 106
72 106
79 106
85 106
90 106
92 106
0 107
1 107
5 107
14 107
22 107
27 107
28 107
29 107
33 107
48 107
52 107
55 107
61 107
91 107
92 107
93 107
97 107
20 108
21 108
32 108
51 108
57 108
75 108
79 108
85 108
91 108
93 108
15 109
27 109
36 109
44 109
59 109
62 109
67 109
81 109
92 109
98 109
1 110
25 110
31 110
38 110
49 110
50 110
68 110
72 110
88 110
32 111
40 111
46 111
49 111
53 111
67 111
69 111
81 111
83 111
88 111
98 111
99 111
105 111
7 112
16 112
18 112
24 112
26 112
27 112
44 112
46 112
51 112
53 112
54 112
59 112
65 112
68 112
82 112
83 112
84 112
89 112
2 113
10 113
37 113
38 113
44 113
48 113
53 113
62 113
103 113
109 113
0 114
2 114
9 114
11 114
16 114
22 114
50 114
52 114
66 114
97 114
2 115
8 115
17 115
19 115
25 115
26 115
44 115
54 115
56 115
63 115
74 115
85 115
94 115
95 115
105 115
107 115
5 116
6 116
10 116
15 116
36 116
37 116
48 116
51 116
52 116
62 116
68 116
69 116
71 116
77 116
82 116
96 116
102 116
105 116
1 117
27 117
42 117
45 117
46 117
50 117
54 117
57 117
66 117
68 117
75 117
95 117
97 117
108 117
110 117
7 118
24 118
30 118
37 118
62 118
75 118
78 118
95 118
100 118
106 118
116 118
14 119
21 119
24 119
26 119
27 119
32 119
34 119
35 119
36 119
40 119
42 119
47 119
57 119
59 119
68 119
83 119
88 119
100 119
112 119
6 120
16 120
21 120
36 120
37 120
54 120
62 120
77 120
95 120
107 120
110 120
4 121
23 121
53 121
61 121
72 121
96 121
114 121
8 122
19 122
23 122
30 122
42 122
58 122
64 122
65 122
79 122
84 122
91 122
98 122
102 122
116 122
117 122
8 123
16 123
19 123
24 123
29 123
34 123
39 123
40 123
47 123
48 123
50 123
55 123
75 123
91 123
101 123
8 124
27 124
29 124
33 124
39 124
41 124
56 124
59 124
60 124
63 124
72 124
74 124
86 124
96 124
98 124
101 124
108 124
114 124
5 125
10 125
17 125
25 125
32 125
36 125
39 125
52 125
70 125
84 125
87 125
98 125
103 125
107 125
111 125
116 125
11 126
22 126
24 126
28 126
33 126
35 126
39 126
47 126
70 126
82 126
93 126
101 126
111 126
117 126
12 127
13 127
15 127
20 127
28 127
32 127
57 127
71 127
76 127
80 127
83 127
94 127
103 127
109 127
114 127
116 127
6 128
8 128
11 128
27 128
39 128
40 128
52 128
67 128
69 128
70 128
79 128
93 128
110 128
112 128
121 128
1 129
5 129
17 129
18 129
29 129
31 129
47 129
53 129
60 129
79 129
82 129
83 129
91 129
92 129
102 129
108 129
113 129
121 129
7 130
8 130
9 130
11 130
18 130
24 130
27 130
56 130
63 130
67 130
78 130
93 130
99 130
106 130
112 130
122 130
124 130
0 131
9 131
11 131
17 131
25 131
32 131
61 131
78 131
81 131
89 131
96 131
117 131
120 131
123 131
0 132
6 132
7 132
15 132
27 132
29 132
30 132
32 132
36 132
48 132
66 132
76 132
108 132
112 132
114 132
120 132
123 132
18 133
28 133
29 133
35 133
40 133
44 133
51 133
59 133
61 133
81 133
82 133
85 133
88 133
89 133
96 133
100 133
115 133
14 134
25 134
35 134
36 134
38 134
46 134
54 134
55 134
57 134
59 134
60 134
61 134
63 134
93 134
97 134
117 134
2 135
12 135
21 135
22 135
25 135
32 135
35 135
44 135
48 135
49 135
56 135
81 135
83 135
92 135
94 135
100 135
102 135
105 135
109 135
113 135
125 135
5 136
6 136
20 136
24 136
30 136
32 136
35 136
49 136
50 136
51 136
74 136
79 136
81 136
85 136
92 136
99 136
105 136
112 136
118 136
21 137
32 137
35 137
41 137
53 137
58 137
74 137
98 137
112 137
116 137
129 137
7 138
19 138
21 138
24 138
25 138
56 138
63 138
65 138
68 138
73 138
79 138
89 138
90 138
121 138
7 139
23 139
25 139
35 139
48 139
77 139
80 139
83 139
84 139
98 139
99 139
109 139
113 139
119 139
121 139
129 139
13 140
14 140
16 140
30 140
39 140
54 140
64 140
68 140
79 140
80 140
98 140
100 140
117 140
125 140
19 141
36 141
37 141
50 141
58 141
77 141
78 141
92 141
97 141
101 141
105 141
110 141
111 141
129 141
10 142
23 142
26 142
50 142
77 142
82 142
90 142
107 142
111 142
118 142
120 142
6 143
11 143
17 143
21 143
48 143
51 143
53 143
54 143
55 143
58 143
59 143
60 143
61 143
64 143
70 143
72 143
84 143
91 143
97 143
104 143
114 143
117 143
126 143
127 143
2 144
13 144
23 144
30 144
33 144
48 144
49 144
50 144
70 144
86 144
87 144
97 144
99 144
111 144
114 144
135 144
3 145
28 145
39 145
49 145
65 145
68 145
77 145
80 145
84 145
85 145
105 145
120 145
125 145
140 145
141 145
9 146
24 146
28 146
33 146
36 146
40 146
45 146
49 146
54 146
61 146
83 146
87 146
94 146
115 146
6 147
8 147
18 147
28 147
32 147
38 147
49 147
52 147
55 147
59 147
62 147
97 147
115 147
120 147
129 147
132 147
136 147
138 147
142 147
4 148
5 148
11 148
45 148
47 148
49 148
55 148
70 148
76 148
92 148
114 148
129 148
131 148
138 148
2 149
4 149
8 149
20 149
25 149
26 149
31 149
39 149
41 149
45 149
57 149
58 149
62 149
76 149
79 149
82 149
86 149
101 149
102 149
136 149
140 149
0 150
18 150
20 150
24 150
27 150
30 150
36 150
44 150
51 150
64 150
83 150
85 150
91 150
92 150
96 150
97 150
101 150
116 150
144 150
147 150
149 150
12 151
18 151
41 151
49 151
52 151
60 151
89 151
98 151
99 151
102 151
106 151
119 151
123 151
130 151
133 151
138 151
140 151
143 151
144 151
9 152
16 152
43 152
44 152
45 152
48 152
53 152
57 152
59 152
60 152
61 152
66 152
73 152
75 152
79 152
89 152
93 152
98 152
103 152
104 152
126 152
133 152
140 152
16 153
20 153
24 153
26 153
40 153
54 153
59 153
67 153
73 153
84 153
88 153
92 153
102 153
115 153
125 153
136 153
137 153
148 153
8 154
13 154
71 154
76 154
80 154
83 154
94 154
110 154
121 154
126 154
132 154
9 155
23 155
28 155
48 155
58 155
63 155
68 155
72 155
83 155
91 155
96 155
103 155
120 155
122 155
129 155
146 155
31 156
38 156
50 156
56 156
68 156
72 156
90 156
96 156
101 156
112 156
118 156
145 156
153 156
2 157
8 157
14 157
15 157
25 157
29 157
33 157
48 157
72 157
78 157
86 157
90 157
94 157
100 157
105 157
108 157
109 157
119 157
129 157
133 157
135 157
146 157
19 158
35 158
40 158
43 158
68 158
75 158
89 158
92 158
95 158
104 158
107 158
112 158
128 158
145 158
148 158
152 158
13 159
17 159
21 159
27 159
33 159
39 159
48 159
52 159
59 159
68 159
78 159
118 159
128 159
133 159
134 159
8 160
9 160
32 160
33 160
35 160
54 160
60 160
67 160
76 160
95 160
98 160
103 160
104 160
115 160
118 160
119 160
122 160
124 160
129 160
136 160
143 160
154 160
2 161
8 161
9 161
26 161
47 161
65 161
74 161
77 161
89 161
101 161
109 161
115 161
122 161
132 161
136 161
138 161
141 161
144 161
146 161
28 162
30 162
34 162
39 162
40 162
47 162
49 162
56 162
57 162
72 162
74 162
76 162
87 162
99 162
114 162
120 162
124 162
125 162
130 162
138 162
145 162
6 163
20 163
30 163
36 163
38 163
50 163
51 163
55 163
57 163
65 163
70 163
73 163
83 163
85 163
87 163
98 163
112 163
119 163
130 163
150 163
152 163
154 163
33 164
77 164
83 164
86 164
100 164
109 164
111 164
125 164
131 164
137 164
149 164
2 165
33 165
36 165
67 165
72 165
74 165
82 165
95 165
96 165
101 165
103 165
108 165
117 165
127 165
136 165
139 165
155 165
7 166
22 166
27 166
28 166
29 166
33 166
35 166
40 166
44 166
51 166
60 166
62 166
66 166
71 166
75 166
93 166
98 166
101 166
109 166
113 166
135 166
138 166
149 166
6 167
13 167
15 167
17 167
25 167
27 167
28 167
42 167
44 167
45 167
49 167
57 167
60 167
67 167
69 167
71 167
72 167
90 167
96 167
103 167
104 167
109 167
118 167
119 167
127 167
131 167
137 167
139 167
142 167
146 167
150 167
154 167
157 167
1 168
2 168
10 168
21 168
32 168
47 168
78 168
87 168
94 168
105 168
111 168
126 168
152 168
0 169
7 169
12 169
18 169
33 169
34 169
36 169
40 169
42 169
64 169
71 169
81 169
83 169
84 169
86 169
87 169
88 169
93 169
95 169
96 169
104 169
105 169
109 169
137 169
148 169
0 170
1 170
6 170
10 170
16 170
20 170
21 170
24 170
32 170
39 170
43 170
47 170
58 170
59 170
70 170
71 170
79 170
82 170
83 170
89 170
95 170
96 170
97 170
112 170
114 170
120 170
130 170
134 170
135 170
159 170
166 170
17 171
35 171
54 171
57 171
67 171
68 171
81 171
85 171
88 171
95 171
98 171
126 171
130 171
132 171
137 171
140 171
148 171
152 171
156 171
158 171
160 171
166 171
9 172
10 172
11 172
15 172
24 172
28 172
30 172
47 172
65 172
79 172
89 172
99 172
103 172
109 172
123 172
129 172
134 172
151 172
156 172
161 172
9 173
12 173
13 173
16 173
20 173
28 173
32 173
37 173
43 173
47 173
50 173
58 173
78 173
85 173
86 173
102 173
112 173
114 173
128 173
131 173
133 173
146 173
159 173
1 174
4 174
7 174
12 174
16 174
29 174
31 174
43 174
52 174
55 174
67 174
73 174
77 174
78 174
82 174
92 174
106 174
111 174
118 174
124 174
127 174
140 174
142 174
157 174
165 174
13 175
14 175
19 175
32 175
41 175
57 175
65 175
106 175
118 175
119 175
129 175
136 175
137 175
139 175
8 176
21 176
38 176
58 176
60 176
72 176
74 176
84 176
95 176
97 176
98 176
100 176
105 176
109 176
111 176
114 176
115 176
119 176
123 176
126 176
134 176
156 176
158 176
4 177
16 177
18 177
23 177
27 177
30 177
60 177
63 177
65 177
69 177
70 177
82 177
86 177
91 177
97 177
108 177
120 177
124 177
139 177
164 177
19 178
42 178
47 178
52 178
59 178
66 178
77 178
82 178
91 178
94 178
124 178
130 178
133 178
149 178
157 178
161 178
1 179
7 179
22 179
32 179
36 179
40 179
44 179
57 179
63 179
71 179
81 179
88 179
96 179
102 179
114 179
120 179
130 179
134 179
135 179
142 179
148 179
153 179
156 179
157 179
165 179
166 179
178 179
25 180
28 180
32 180
36 180
41 180
47 180
54 180
65 180
79 180
84 180
88 180
95 180
101 180
103 180
107 180
112 180
128 180
133 180
155 180
158 180
165 180
167 180
172 180
173 180
9 181
32 181
36 181
67 181
78 181
81 181
83 181
90 181
107 181
109 181
115 181
119 181
127 181
131 181
143 181
145 181
164 181
165 181
5 182
17 182
27 182
34 182
60 182
63 182
80 182
90 182
95 182
101 182
106 182
109 182
119 182
129 182
137 182
140 182
142 182
149 182
156 182
173 182
2 183
15 183
17 183
24 183
29 183
33 183
41 183
47 183
55 183
59 183
67 183
71 183
79 183
82 183
98 183
100 183
106 183
107 183
109 183
125 183
130 183
133 183
147 183
148 183
162 183
179 183
180 183
4 184
8 184
11 184
16 184
23 184
36 184
38 184
43 184
49 184
52 184
70 184
73 184
81 184
95 184
107 184
111 184
146 184
147 184
150 184
161 184
162 184
163 184
164 184
3 185
4 185
11 185
27 185
30 185
39 185
40 185
53 185
61 185
72 185
76 185
78 185
92 185
106 185
109 185
111 185
127 185
145 185
148 185
157 185
160 185
166 185
9 186
16 186
19 186
22 186
35 186
64 186
66 186
105 186
106 186
107 186
121 186
125 186
131 186
143 186
150 186
160 186
167 186
172 186
15 187
23 187
24 187
27 187
43 187
48 187
50 187
55 187
79 187
85 187
90 187
94 187
96 187
100 187
101 187
104 187
112 187
115 187
123 187
124 187
128 187
133 187
141 187
142 187
171 187
2 188
3 188
4 188
7 188
11 188
17 188
18 188
41 188
45 188
55 188
75 188
76 188
81 188
95 188
109 188
118 188
124 188
126 188
130 188
133 188
135 188
155 188
158 188
165 188
173 188
179 188
7 189
17 189
23 189
27 189
37 189
44 189
48 189
51 189
70 189
74 189
84 189
85 189
97 189
105 189
115 189
119 189
122 189
129 189
144 189
146 189
148 189
150 189
155 189
176 189
178 189
26 190
29 190
36 190
49 190
56 190
60 190
75 190
83 190
105 190
109 190
118 190
119 190
122 190
130 190
131 190
133 190
136 190
137 190
139 190
141 190
147 190
155 190
158 190
169 190
170 190
0 191
3 191
7 191
16 191
18 191
29 191
39 191
47 191
51 191
99 191
108 191
110 191
115 191
130 191
134 191
145 191
147 191
151 191
157 191
158 191
159 191
160 191
162 191
167 191
171 191
173 191
16 192
18 192
26 192
27 192
43 192
49 192
54 192
58 192
78 192
109 192
117 192
118 192
119 192
122 192
133 192
135 192
146 192
147 192
148 192
166 192
4 193
18 193
24 193
28 193
40 193
45 193
46 193
48 193
52 193
56 193
76 193
79 193
84 193
86 193
114 193
119 193
148 193
171 193
4 194
14 194
26 194
43 194
49 194
53 194
62 194
63 194
88 194
90 194
92 194
93 194
140 194
144 194
153 194
164 194
167 194
181 194
0 195
11 195
20 195
25 195
31 195
38 195
70 195
76 195
84 195
87 195
105 195
123 195
126 195
131 195
136 195
149 195
164 195
171 195
5 196
12 196
15 196
18 196
37 196
39 196
41 196
48 196
49 196
62 196
72 196
85 196
89 196
93 196
97 196
109 196
124 196
132 196
137 196
140 196
153 196
157 196
176 196
182 196
5 197
13 197
14 197
24 197
32 197
36 197
75 197
77 197
82 197
84 197
97 197
109 197
113 197
121 197
124 197
131 197
142 197
150 197
153 197
163 197
176 197
180 197
185 197
192 197
2 198
6 198
12 198
13 198
14 198
35 198
42 198
43 198
49 198
55 198
61 198
70 198
76 198
81 198
94 198
98 198
100 198
109 198
110 198
115 198
133 198
155 198
167 198
178 198
179 198
184 198
191 198
12 199
14 199
21 199
22 199
54 199
60 199
72 199
77 199
84 199
86 199
88 199
89 199
90 199
107 199
111 199
122 199
130 199
134 199
142 199
150 199
156 199
171 199
177 199
186 199
189 199
192 199
0 200
13 200
16 200
20 200
36 200
38 200
47 200
53 200
61 200
63 200
79 200
85 200
86 200
89 200
90 200
107 200
112 200
128 200
131 200
134 200
136 200
147 200
154 200
162 200
167 200
170 200
180 200
183 200
184 200
188 200
1 201
15 201
40 201
44 201
47 201
60 201
66 201
73 201
79 201
80 201
85 201
92 201
93 201
95 201
98 201
102 201
103 201
119 201
122 201
125 201
148 201
150 201
152 201
159 201
165 201
177 201
181 201
182 201
2 202
10 202
16 202
21 202
32 202
40 202
56 202
60 202
63 202
76 202
77 202
93 202
109 202
129 202
137 202
154 202
160 202
162 202
178 202
1 203
14 203
16 203
19 203
30 203
69 203
73 203
95 203
96 203
111 203
124 203
128 203
129 203
136 203
146 203
152 203
168 203
176 203
186 203
198 203
199 203
2 204
3 204
4 204
6 204
12 204
23 204
25 204
43 204
69 204
98 204
103 204
106 204
111 204
120 204
121 204
122 204
125 204
142 204
143 204
173 204
176 204
195 204
21 205
22 205
31 205
48 205
74 205
99 205
109 205
112 205
133 205
140 205
171 205
202 205
2 206
17 206
22 206
34 206
36 206
38 206
45 206
50 206
64 206
67 206
78 206
80 206
85 206
89 206
100 206
128 206
138 206
140 206
149 206
157 206
164 206
172 206
193 206
14 207
15 207
18 207
29 207
33 207
39 207
49 207
72 207
75 207
76 207
77 207
84 207
96 207
104 207
114 207
121 207
131 207
162 207
173 207
196 207
198 207
0 208
7 208
15 208
16 208
19 208
31 208
32 208
34 208
37 208
38 208
43 208
50 208
54 208
64 208
74 208
95 208
103 208
104 208
108 208
115 208
118 208
119 208
120 208
141 208
155 208
166 208
169 208
176 208
180 208
185 208
186 208
190 208
7 209
19 209
28 209
34 209
37 209
42 209
57 209
69 209
73 209
75 209
79 209
95 209
113 209
118 209
122 209
124 209
137 209
138 209
147 209
148 209
149 209
151 209
155 209
171 209
175 209
189 209
194 209
196 209
16 210
33 210
36 210
37 210
39 210
57 210
58 210
60 210
68 210
82 210
87 210
94 210
106 210
116 210
117 210
123 210
153 210
179 210
184 210
192 210
193 210
202 210
25 211
31 211
48 211
54 211
59 211
78 211
84 211
93 211
109 211
119 211
122 211
127 211
129 211
161 211
179 211
206 211
207 211
2 212
6 212
11 212
44 212
52 212
59 212
71 212
86 212
87 212
91 212
94 212
107 212
123 212
145 212
176 212
179 212
182 212
195 212
198 212
204 212
207 212
209 212
0 213
12 213
18 213
34 213
51 213
80 213
82 213
91 213
111 213
114 213
121 213
124 213
126 213
131 213
140 213
143 213
150 213
169 213
171 213
177 213
181 213
182 213
183 213
190 213
197 213
9 214
18 214
20 214
24 214
28 214
35 214
40 214
42 214
62 214
65 214
66 214
75 214
79 214
80 214
98 214
124 214
137 214
144 214
163 214
174 214
177 214
181 214
197 214
206 214
16 215
19 215
20 215
24 215
28 215
30 215
32 215
38 215
48 215
49 215
51 215
53 215
54 215
76 215
81 215
92 215
143 215
145 215
161 215
169 215
175 215
186 215
189 215
190 215
193 215
198 215
202 215
205 215
207 215
2 216
7 216
14 216
16 216
20 216
43 216
55 216
61 216
63 216
67 216
77 216
79 216
81 216
83 216
86 216
89 216
93 216
94 216
96 216
113 216
116 216
122 216
135 216
136 216
143 216
149 216
157 216
160 216
170 216
178 216
180 216
191 216
207 216
7 217
17 217
26 217
35 217
43 217
46 217
47 217
55 217
86 217
88 217
90 217
91 217
94 217
110 217
129 217
140 217
141 217
143 217
144 217
149 217
154 217
156 217
159 217
160 217
162 217
196 217
209 217
1 218
2 218
23 218
35 218
61 218
69 218
70 218
71 218
72 218
76 218
83 218
121 218
125 218
133 218
155 218
160 218
164 218
183 218
186 218
188 218
189 218
200 218
203 218
204 218
3 219
11 219
16 219
40 219
63 219
69 219
74 219
83 219
84 219
85 219
97 219
101 219
103 219
107 219
108 219
139 219
140 219
152 219
153 219
174 219
207 219
1 220
2 220
8 220
10 220
12 220
17 220
18 220
27 220
31 220
54 220
58 220
74 220
78 220
79 220
95 220
102 220
116 220
125 220
131 220
143 220
145 220
171 220
179 220
180 220
184 220
189 220
18 221
19 221
21 221
26 221
31 221
48 221
49 221
50 221
69 221
77 221
105 221
106 221
111 221
114 221
118 221
124 221
128 221
130 221
133 221
140 221
158 221
162 221
165 221
166 221
191 221
192 221
199 221
209 221
3 222
26 222
83 222
84 222
90 222
112 222
114 222
119 222
124 222
125 222
132 222
138 222
147 222
149 222
155 222
156 222
157 222
160 222
162 222
165 222
171 222
172 222
175 222
183 222
185 222
199 222
3 223
10 223
11 223
18 223
23 223
30 223
33 223
42 223
54 223
58 223
59 223
70 223
76 223
88 223
91 223
99 223
102 223
103 223
106 223
109 223
111 223
112 223
113 223
115 223
147 223
186 223
190 223
1 224
2 224
7 224
19 224
30 224
33 224
36 224
42 224
43 224
45 224
49 224
54 224
55 224
82 224
83 224
88 224
102 224
105 224
116 224
119 224
129 224
145 224
149 224
161 224
166 224
169 224
173 224
176 224
182 224
188 224
194 224
195 224
196 224
200 224
210 224
221 224
7 225
10 225
27 225
39 225
41 225
43 225
52 225
57 225
61 225
84 225
91 225
95 225
99 225
112 225
113 225
114 225
125 225
154 225
165 225
176 225
177 225
183 225
191 225
200 225
208 225
217 225
219 225
222 225
3 226
17 226
39 226
44 226
51 226
54 226
62 226
83 226
88 226
109 226
119 226
131 226
142 226
165 226
167 226
173 226
176 226
198 226
199 226
200 226
202 226
209 226
210 226
6 227
8 227
16 227
17 227
28 227
31 227
39 227
40 227
43 227
45 227
46 227
48 227
61 227
64 227
65 227
71 227
96 227
99 227
101 227
109 227
110 227
121 227
122 227
124 227
134 227
168 227
172 227
180 227
186 227
216 227
4 228
7 228
19 228
28 228
31 228
38 228
54 228
71 228
95 228
99 228
108 228
116 228
119 228
120 228
128 228
145 228
157 228
169 228
171 228
177 228
180 228
182 228
194 228
207 228
5 229
9 229
13 229
15 229
17 229
19 229
22 229
33 229
52 229
56 229
75 229
76 229
78 229
83 229
86 229
99 229
101 229
111 229
121 229
146 229
162 229
183 229
185 229
195 229
212 229
222 229
5 230
9 230
11 230
14 230
23 230
33 230
50 230
62 230
63 230
65 230
72 230
97 230
98 230
123 230
128 230
132 230
135 230
160 230
164 230
195 230
203 230
205 230
206 230
207 230
218 230
221 230
8 231
22 231
28 231
31 231
69 231
77 231
78 231
81 231
82 231
92 231
106 231
121 231
124 231
138 231
140 231
141 231
145 231
154 231
165 231
171 231
200 231
209 231
210 231
216 231
22 232
42 232
63 232
66 232
71 232
74 232
76 232
77 232
80 232
96 232
103 232
108 232
111 232
112 232
119 232
139 232
149 232
150 232
154 232
157 232
164 232
165 232
167 232
177 232
188 232
203 232
204 232
208 232
213 232
221 232
18 233
22 233
33 233
37 233
72 233
84 233
85 233
100 233
102 233
106 233
119 233
133 233
136 233
146 233
147 233
149 233
155 233
165 233
169 233
175 233
179 233
204 233
211 233
8 234
21 234
26 234
47 234
77 234
85 234
100 234
105 234
111 234
124 234
125 234
126 234
128 234
132 234
148 234
153 234
169 234
171 234
174 234
181 234
183 234
188 234
191 234
193 234
195 234
206 234
219 234
0 235
5 235
13 235
16 235
18 235
27 235
29 235
36 235
37 235
50 235
51 235
55 235
65 235
80 235
85 235
92 235
100 235
103 235
104 235
106 235
111 235
116 235
121 235
127 235
132 235
134 235
143 235
160 235
162 235
172 235
187 235
192 235
200 235
214 235
224 235
226 235
18 236
26 236
41 236
42 236
91 236
96 236
100 236
106 236
130 236
131 236
134 236
138 236
146 236
152 236
175 236
186 236
189 236
193 236
197 236
207 236
216 236
218 236
225 236
8 237
9 237
11 237
23 237
27 237
29 237
30 237
48 237
65 237
66 237
72 237
76 237
79 237
83 237
87 237
95 237
96 237
101 237
115 237
126 237
134 237
157 237
166 237
170 237
171 237
176 237
177 237
185 237
187 237
189 237
199 237
208 237
218 237
225 237
0 238
13 238
51 238
85 238
92 238
102 238
108 238
126 238
135 238
141 238
145 238
175 238
179 238
185 238
188 238
191 238
196 238
203 238
204 238
210 238
217 238
4 239
16 239
19 239
41 239
42 239
55 239
70 239
80 239
82 239
87 239
89 239
99 239
100 239
106 239
117 239
147 239
152 239
159 239
160 239
167 239
168 239
175 239
184 239
189 239
191 239
198 239
200 239
217 239
218 239
223 239
225 239
233 239
19 240
34 240
36 240
47 240
56 240
81 240
90 240
92 240
106 240
109 240
111 240
114 240
124 240
132 240
143 240
149 240
150 240
155 240
160 240
180 240
199 240
209 240
214 240
215 240
217 240
220 240
222 240
225 240
4 241
28 241
29 241
49 241
53 241
65 241
66 241
70 241
72 241
78 241
85 241
90 241
104 241
137 241
141 241
162 241
169 241
171 241
172 241
203 241
221 241
231 241
0 242
3 242
22 242
32 242
46 242
68 242
79 242
92 242
95 242
97 242
104 242
118 242
119 242
123 242
127 242
151 242
174 242
185 242
192 242
217 242
0 243
3 243
4 243
7 243
20 243
27 243
36 243
40 243
41 243
47 243
50 243
53 243
86 243
108 243
119 243
126 243
135 243
138 243
151 243
162 243
166 243
186 243
187 243
189 243
204 243
206 243
208 243
217 243
221 243
226 243
14 244
17 244
19 244
29 244
59 244
60 244
66 244
90 244
91 244
103 244
109 244
119 244
121 244
124 244
140 244
147 244
149 244
159 244
170 244
177 244
191 244
195 244
198 244
199 244
219 244
2 245
3 245
8 245
11 245
15 245
21 245
24 245
27 245
29 245
36 245
44 245
78 245
85 245
98 245
106 245
142 245
149 245
157 245
158 245
163 245
167 245
192 245
196 245
201 245
212 245
219 245
228 245
236 245
237 245
240 245
1 246
15 246
17 246
66 246
76 246
77 246
85 246
96 246
97 246
98 246
101 246
122 246
123 246
129 246
133 246
140 246
144 246
148 246
175 246
182 246
183 246
190 246
201 246
223 246
0 247
13 247
22 247
33 247
43 247
57 247
60 247
64 247
65 247
72 247
74 247
78 247
92 247
100 247
101 247
104 247
120 247
130 247
155 247
157 247
162 247
174 247
181 247
187 247
189 247
191 247
196 247
197 247
207 247
212 247
234 247
4 248
5 248
9 248
17 248
19 248
27 248
31 248
36 248
40 248
46 248
55 248
61 248
74 248
76 248
84 248
91 248
97 248
98 248
100 248
106 248
108 248
109 248
111 248
112 248
114 248
119 248
125 248
134 248
142 248
143 248
144 248
148 248
149 248
172 248
182 248
188 248
205 248
206 248
212 248
226 248
227 248
230 248
238 248
8 249
14 249
31 249
44 249
49 249
76 249
94 249
124 249
125 249
149 249
155 249
158 249
163 249
164 249
165 249
179 249
181 249
182 249
188 249
189 249
201 249
203 249
208 249
218 249
226 249
236 249
5 250
41 250
49 250
61 250
64 250
66 250
68 250
76 250
77 250
78 250
105 250
108 250
116 250
130 250
141 250
149 250
152 250
161 250
173 250
179 250
196 250
225 250
227 250
229 250
15 251
44 251
45 251
46 251
66 251
68 251
72 251
85 251
98 251
105 251
141 251
148 251
151 251
156 251
161 251
170 251
178 251
180 251
181 251
204 251
214 251
215 251
216 251
217 251
230 251
233 251
242 251
243 251
5 252
7 252
21 252
30 252
36 252
37 252
40 252
43 252
47 252
49 252
61 252
69 252
70 252
71 252
73 252
74 252
77 252
81 252
93 252
101 252
104 252
105 252
109 252
123 252
126 252
135 252
136 252
140 252
143 252
183 252
187 252
190 252
198 252
205 252
221 252
224 252
230 252
4 253
10 253
18 253
22 253
36 253
62 253
63 253
74 253
82 253
83 253
88 253
93 253
107 253
112 253
116 253
126 253
127 253
129 253
131 253
147 253
152 253
153 253
156 253
168 253
184 253
192 253
193 253
196 253
201 253
214 253
239 253
6 254
11 254
13 254
19 254
27 254
46 254
48 254
68 254
88 254
95 254
98 254
99 254
109 254
111 254
134 254
137 254
139 254
141 254
145 254
151 254
152 254
154 254
179 254
181 254
183 254
200 254
207 254
213 254
216 254
229 254
237 254
1 255
4 255
32 255
38 255
41 255
47 255
49 255
64 255
73 255
92 255
93 255
100 255
101 255
104 255
121 255
135 255
142 255
175 255
181 255
209 255
218 255
219 255
243 255
12 256
24 256
29 256
32 256
34 256
37 256
41 256
44 256
51 256
56 256
63 256
70 256
72 256
74 256
79 256
80 256
86 256
87 256
92 256
104 256
113 256
122 256
136 256
143 256
152 256
177 256
186 256
198 256
204 256
206 256
225 256
226 256
240 256
241 256
2 257
9 257
11 257
12 257
15 257
19 257
23 257
24 257
34 257
36 257
38 257
45 257
47 257
51 257
54 257
57 257
59 257
65 257
76 257
92 257
94 257
109 257
110 257
118 257
125 257
128 257
153 257
155 257
162 257
184 257
186 257
202 257
207 257
215 257
224 257
231 257
232 257
239 257
3 258
13 258
14 258
43 258
46 258
68 258
76 258
80 258
82 258
84 258
99 258
105 258
119 258
120 258
128 258
130 258
156 258
183 258
186 258
188 258
210 258
211 258
223 258
238 258
248 258
250 258
257 258
3 259
4 259
22 259
30 259
32 259
48 259
61 259
62 259
63 259
67 259
74 259
88 259
117 259
125 259
128 259
129 259
134 259
140 259
141 259
157 259
166 259
174 259
185 259
197 259
198 259
199 259
211 259
215 259
217 259
220 259
245 259
247 259
3 260
6 260
11 260
14 260
16 260
37 260
46 260
50 260
58 260
62 260
68 260
83 260
85 260
89 260
94 260
99 260
104 260
117 260
125 260
136 260
141 260
144 260
153 260
169 260
171 260
173 260
175 260
181 260
185 260
194 260
200 260
209 260
210 260
214 260
217 260
227 260
229 260
232 260
233 260
237 260
245 260
0 261
9 261
15 261
38 261
39 261
50 261
54 261
63 261
67 261
72 261
76 261
79 261
80 261
81 261
100 261
103 261
104 261
107 261
114 261
120 261
138 261
207 261
217 261
236 261
241 261
249 261
5 262
7 262
26 262
27 262
37 262
74 262
84 262
85 262
89 262
96 262
98 262
99 262
104 262
117 262
120 262
121 262
131 262
135 262
144 262
153 262
162 262
167 262
175 262
176 262
182 262
190 262
201 262
207 262
209 262
227 262
231 262
232 262
242 262
0 263
3 263
6 263
27 263
52 263
57 263
60 263
67 263
70 263
73 263
94 263
95 263
97 263
98 263
101 263
104 263
124 263
130 263
133 263
141 263
158 263
166 263
167 263
168 263
203 263
217 263
233 263
11 264
13 264
15 264
18 264
20 264
30 264
32 264
37 264
47 264
52 264
60 264
98 264
110 264
111 264
115 264
117 264
131 264
153 264
171 264
180 264
181 264
183 264
187 264
200 264
204 264
208 264
213 264
221 264
227 264
253 264
256 264
257 264
5 265
6 265
8 265
20 265
42 265
45 265
49 265
58 265
73 265
74 265
76 265
82 265
85 265
89 265
93 265
96 265
106 265
112 265
128 265
132 265
140 265
160 265
168 265
172 265
192 265
195 265
202 265
207 265
229 265
234 265
241 265
249 265
1 266
2 266
21 266
22 266
29 266
48 266
50 266
54 266
60 266
64 266
89 266
102 266
106 266
112 266
116 266
119 266
145 266
146 266
153 266
179 266
183 266
194 266
199 266
212 266
230 266
246 266
252 266
50 267
61 267
62 267
64 267
77 267
79 267
80 267
84 267
99 267
123 267
133 267
136 267
147 267
150 267
163 267
170 267
184 267
188 267
191 267
206 267
211 267
225 267
234 267
236 267
244 267
257 267
1 268
18 268
20 268
22 268
23 268
28 268
34 268
45 268
48 268
49 268
66 268
75 268
93 268
98 268
102 268
105 268
115 268
122 268
125 268
129 268
147 268
149 268
159 268
163 268
168 268
173 268
181 268
183 268
184 268
187 268
194 268
203 268
205 268
206 268
213 268
228 268
247 268
248 268
253 268
9 269
15 269
16 269
19 269
25 269
28 269
31 269
34 269
41 269
48 269
54 269
55 269
60 269
87 269
93 269
98 269
137 269
139 269
143 269
144 269
146 269
149 269
157 269
159 269
162 269
199 269
211 269
217 269
222 269
227 269
228 269
232 269
236 269
237 269
240 269
241 269
247 269
264 269
8 270
19 270
22 270
29 270
30 270
47 270
51 270
52 270
61 270
69 270
73 270
78 270
88 270
94 270
95 270
103 270
107 270
121 270
136 270
141 270
143 270
144 270
145 270
152 270
163 270
180 270
186 270
210 270
218 270
221 270
230 270
232 270
244 270
248 270
253 270
254 270
262 270
268 270
13 271
21 271
29 271
31 271
54 271
58 271
61 271
65 271
69 271
100 271
103 271
142 271
146 271
153 271
158 271
179 271
191 271
200 271
204 271
205 271
227 271
228 271
232 271
244 271
257 271
268 271
13 272
24 272
25 272
43 272
51 272
69 272
72 272
98 272
102 272
113 272
117 272
136 272
149 272
150 272
171 272
173 272
183 272
190 272
196 272
203 272
204 272
212 272
218 272
234 272
268 272
24 273
26 273
28 273
35 273
36 273
72 273
83 273
85 273
89 273
94 273
96 273
119 273
121 273
128 273
143 273
161 273
172 273
174 273
180 273
188 273
189 273
192 273
204 273
215 273
221 273
223 273
234 273
236 273
245 273
261 273
265 273
4 274
6 274
15 274
18 274
48 274
103 274
116 274
119 274
127 274
129 274
139 274
140 274
165 274
178 274
187 274
190 274
207 274
208 274
218 274
221 274
232 274
235 274
248 274
1 275
35 275
54 275
55 275
61 275
66 275
67 275
74 275
79 275
84 275
91 275
92 275
95 275
96 275
102 275
108 275
116 275
142 275
151 275
157 275
159 275
169 275
170 275
178 275
204 275
207 275
217 275
219 275
220 275
224 275
226 275
228 275
237 275
241 275
243 275
245 275
246 275
248 275
258 275
265 275
267 275
10 276
46 276
52 276
54 276
63 276
66 276
72 276
76 276
78 276
84 276
99 276
106 276
112 276
114 276
126 276
128 276
131 276
134 276
141 276
147 276
165 276
192 276
194 276
197 276
214 276
222 276
235 276
251 276
255 276
0 277
2 277
11 277
16 277
23 277
24 277
28 277
36 277
46 277
48 277
53 277
59 277
72 277
86 277
101 277
103 277
112 277
114 277
145 277
147 277
149 277
181 277
187 277
191 277
196 277
198 277
200 277
204 277
206 277
253 277
15 278
30 278
60 278
79 278
96 278
102 278
114 278
117 278
126 278
135 278
137 278
142 278
146 278
147 278
149 278
169 278
185 278
193 278
195 278
202 278
204 278
205 278
207 278
208 278
209 278
236 278
237 278
243 278
245 278
254 278
8 279
32 279
34 279
49 279
52 279
68 279
69 279
90 279
115 279
141 279
154 279
168 279
172 279
173 279
188 279
189 279
194 279
202 279
212 279
233 279
242 279
246 279
250 279
4 280
17 280
24 280
32 280
37 280
40 280
62 280
69 280
71 280
82 280
87 280
117 280
126 280
130 280
139 280
142 280
157 280
159 280
160 280
162 280
172 280
181 280
188 280
193 280
206 280
221 280
223 280
225 280
228 280
232 280
234 280
241 280
11 281
14 281
18 281
40 281
55 281
56 281
70 281
74 281
76 281
85 281
93 281
99 281
109 281
120 281
134 281
148 281
158 281
162 281
168 281
193 281
198 281
199 281
204 281
232 281
236 281
242 281
244 281
245 281
254 281
261 281
264 281
0 282
1 282
5 282
10 282
13 282
24 282
27 282
52 282
60 282
61 282
63 282
88 282
89 282
91 282
103 282
113 282
115 282
122 282
125 282
128 282
130 282
136 282
159 282
162 282
164 282
179 282
181 282
183 282
252 282
254 282
257 282
262 282
3 283
5 283
30 283
35 283
51 283
54 283
63 283
67 283
75 283
79 283
80 283
88 283
111 283
121 283
141 283
144 283
160 283
179 283
190 283
195 283
207 283
210 283
222 283
223 283
234 283
241 283
245 283
248 283
250 283
251 283
253 283
266 283
5 284
7 284
12 284
18 284
26 284
32 284
38 284
43 284
44 284
48 284
56 284
58 284
61 284
63 284
70 284
72 284
75 284
77 284
79 284
85 284
101 284
112 284
113 284
122 284
124 284
127 284
136 284
139 284
142 284
153 284
160 284
164 284
171 284
172 284
184 284
195 284
221 284
224 284
228 284
231 284
233 284
242 284
253 284
261 284
275 284
282 284
8 285
18 285
46 285
52 285
55 285
57 285
61 285
79 285
88 285
105 285
107 285
129 285
134 285
135 285
137 285
157 285
173 285
174 285
187 285
196 285
214 285
237 285
238 285
245 285
281 285
4 286
21 286
32 286
43 286
67 286
88 286
91 286
103 286
106 286
117 286
121 286
124 286
137 286
138 286
139 286
145 286
155 286
157 286
169 286
179 286
181 286
183 286
187 286
193 286
194 286
196 286
201 286
210 286
213 286
217 286
230 286
240 286
269 286
280 286
0 287
4 287
10 287
12 287
22 287
23 287
30 287
43 287
48 287
58 287
72 287
98 287
101 287
113 287
116 287
117 287
120 287
130 287
131 287
139 287
153 287
161 287
171 287
174 287
178 287
212 287
234 287
236 287
251 287
266 287
275 287
4 288
6 288
13 288
21 288
23 288
31 288
44 288
50 288
60 288
75 288
80 288
90 288
94 288
98 288
108 288
111 288
112 288
114 288
121 288
122 288
125 288
141 288
145 288
151 288
158 288
162 288
176 288
181 288
195 288
220 288
224 288
233 288
237 288
267 288
281 288
6 289
7 289
13 289
18 289
28 289
30 289
37 289
47 289
52 289
60 289
70 289
89 289
103 289
104 289
117 289
120 289
126 289
131 289
132 289
149 289
158 289
167 289
182 289
183 289
190 289
194 289
198 289
201 289
214 289
215 289
219 289
223 289
239 289
241 289
253 289
262 289
269 289
271 289
274 289
275 289
2 290
3 290
4 290
20 290
22 290
50 290
55 290
57 290
64 290
73 290
74 290
75 290
78 290
85 290
108 290
126 290
141 290
162 290
173 290
175 290
177 290
180 290
183 290
185 290
190 290
193 290
194 290
206 290
218 290
224 290
226 290
243 290
247 290
250 290
256 290
278 290
281 290
7 291
14 291
17 291
18 291
53 291
70 291
71 291
73 291
77 291
80 291
81 291
83 291
88 291
93 291
106 291
113 291
135 291
144 291
159 291
171 291
184 291
186 291
189 291
203 291
209 291
213 291
216 291
237 291
250 291
256 291
269 291
280 291
283 291
9 292
27 292
48 292
58 292
59 292
64 292
75 292
80 292
105 292
109 292
114 292
120 292
129 292
131 292
136 292
138 292
141 292
147 292
161 292
166 292
168 292
188 292
196 292
198 292
199 292
201 292
215 292
229 292
237 292
242 292
255 292
260 292
266 292
286 292
10 293
14 293
24 293
32 293
42 293
45 293
46 293
61 293
76 293
79 293
82 293
91 293
94 293
99 293
106 293
114 293
122 293
124 293
126 293
135 293
140 293
142 293
166 293
176 293
180 293
190 293
220 293
221 293
224 293
246 293
249 293
265 293
274 293
281 293
282 293
7 294
16 294
18 294
25 294
27 294
47 294
50 294
58 294
59 294
62 294
65 294
76 294
78 294
87 294
89 294
92 294
104 294
108 294
109 294
113 294
121 294
122 294
126 294
130 294
143 294
145 294
151 294
158 294
170 294
191 294
196 294
206 294
211 294
216 294
217 294
218 294
239 294
247 294
252 294
264 294
267 294
274 294
275 294
277 294
280 294
288 294
19 295
25 295
59 295
67 295
91 295
93 295
97 295
98 295
109 295
110 295
125 295
129 295
152 295
153 295
157 295
161 295
173 295
176 295
179 295
184 295
185 295
234 295
238 295
251 295
252 295
255 295
256 295
259 295
260 295
270 295
2 296
5 296
24 296
28 296
38 296
62 296
63 296
91 296
96 296
98 296
102 296
106 296
108 296
112 296
117 296
122 296
124 296
134 296
145 296
156 296
158 296
166 296
181 296
184 296
191 296
203 296
218 296
219 296
225 296
226 296
230 296
239 296
241 296
256 296
257 296
265 296
267 296
268 296
5 297
21 297
25 297
26 297
29 297
34 297
37 297
44 297
45 297
49 297
59 297
67 297
98 297
107 297
110 297
112 297
119 297
133 297
139 297
148 297
149 297
155 297
189 297
198 297
214 297
218 297
230 297
244 297
267 297
277 297
287 297
4 298
6 298
7 298
11 298
17 298
35 298
45 298
56 298
77 298
98 298
100 298
103 298
104 298
118 298
128 298
133 298
137 298
145 298
152 298
155 298
167 298
172 298
173 298
177 298
179 298
184 298
188 298
232 298
241 298
253 298
256 298
259 298
266 298
274 298
287 298
290 298
0 299
9 299
44 299
66 299
69 299
72 299
74 299
86 299
87 299
90 299
94 299
99 299
109 299
110 299
111 299
112 299
114 299
126 299
130 299
139 299
143 299
160 299
161 299
163 299
166 299
172 299
189 299
202 299
206 299
213 299
218 299
225 299
228 299
230 299
244 299
249 299
258 299
271 299
272 299
274 299
277 299
279 299
