300 4235 5
1 24 4 14 7 1 1 21 26 16 4 4 1 40 16 25 21 3 22 9 2 8 9 6 13 1 2 4 8 11 1 8 15 39 13 21 6 1 10 11 25 25 32 5 8 10 15 39 14 2 5 8 7 8 4 10 4 3 7 15 11 1 19 20 10 13 18 4 6 13 6 9 7 11 2 10 31 1 3 6 31 1 8 9 7 19 12 19 1 32 6 4 2 32 9 39 4 5 10 14 13 16 5 9 5 8 6 2 14 2 7 7 30 3 10 65 5 15 18 16 7 5 2 38 13 8 19 1 11 8 3 11 3 13 24 8 7 9 29 12 12 5 6 2 9 4 1 22 1 1 8 17 4 4 19 1 9 12 30 1 3 13 3 4 2 6 11 8 12 43 1 3 2 17 8 18 7 8 22 13 29 12 32 15 2 10 19 7 10 5 2 3 2 7 2 7 30 1 2 1 15 1 11 28 15 3 3 20 10 8 18 2 4 7 1 13 2 6 6 10 16 4 8 12 3 1 2 5 6 4 14 6 7 4 11 5 6 9 17 13 5 9 3 20 8 1 27 2 7 2 2 12 20 25 7 12 8 19 1 1 27 11 6 5 10 41 12 4 4 5 5 1 2 7 11 19 8 2 3 2 9 1 11 5 1 3 4 13 61 2 2 9 71 5 2 5 13 13 3 3
2 10
7 10
9 10
4 11
5 13
2 14
5 14
5 16
6 16
7 19
5 20
5 21
1 23
5 24
8 25
12 25
13 25
22 25
7 26
14 26
18 26
7 27
9 27
1 28
5 28
5 29
6 29
10 29
16 29
18 31
22 33
1 34
3 34
9 34
1 35
6 35
7 35
13 35
18 35
0 36
2 36
18 36
3 37
15 37
16 37
31 37
14 38
23 38
31 38
29 39
18 40
25 40
35 40
12 41
3 42
24 42
2 44
3 44
7 44
10 44
11 44
7 45
9 45
19 45
0 46
5 46
6 46
22 46
31 46
33 46
21 47
29 47
30 47
38 47
2 48
27 48
38 48
39 48
41 48
14 49
17 49
22 49
36 49
8 50
13 50
19 50
23 50
25 50
33 50
8 51
18 51
22 51
37 51
5 52
33 52
42 52
48 52
0 53
3 53
8 53
26 53
30 53
32 53
35 53
46 53
3 54
6 54
18 54
45 54
12 55
19 55
31 55
34 55
40 55
41 55
43 55
4 56
20 56
23 56
41 56
50 56
2 57
12 57
18 57
24 57
33 57
40 57
11 58
22 58
23 58
29 58
31 58
35 58
46 58
3 59
4 59
10 59
13 59
21 59
43 59
51 59
2 60
5 60
7 60
15 60
23 60
24 60
39 60
48 60
53 60
59 60
4 61
8 61
21 61
31 61
33 61
48 61
49 61
56 61
58 61
23 62
45 62
54 62
55 62
59 62
9 63
16 63
21 63
24 63
28 63
31 63
33 63
35 63
41 63
43 63
47 63
53 63
55 63
6 64
11 64
22 64
28 64
34 64
42 64
17 65
22 65
40 65
44 65
50 65
14 66
26 66
29 66
37 66
43 66
48 66
58 66
14 67
16 67
44 67
51 67
53 67
61 67
65 67
3 68
5 68
19 68
22 68
33 68
44 68
1 69
4 69
9 69
12 69
33 69
45 69
59 69
65 69
19 70
55 70
61 70
5 71
12 71
19 71
25 71
28 71
43 71
1 72
7 72
15 72
21 72
22 72
5 73
20 73
23 73
30 73
46 73
52 73
1 74
3 74
10 74
13 74
14 74
31 74
35 74
38 74
51 74
58 74
14 75
28 75
29 75
39 75
43 75
46 75
54 75
13 76
20 76
24 76
25 76
0 77
1 77
7 77
15 77
20 77
21 77
42 77
49 77
50 77
51 77
55 77
73 77
0 78
9 78
16 78
47 78
58 78
70 78
71 78
8 79
21 79
31 79
55 79
63 79
2 80
8 80
14 80
25 80
38 80
1 81
2 81
25 81
28 81
36 81
53 81
66 81
71 81
75 81
77 81
7 82
8 82
68 82
71 82
3 83
12 83
14 83
17 83
31 83
35 83
38 83
47 83
73 83
8 84
9 84
22 84
37 84
59 84
18 85
25 85
29 85
44 85
47 85
59 85
73 85
4 86
36 86
42 86
58 86
13 87
14 87
26 87
33 87
38 87
47 87
52 87
55 87
13 88
15 88
37 88
42 88
52 88
4 89
9 89
27 89
35 89
43 89
48 89
52 89
64 89
76 89
87 89
9 90
27 90
41 90
42 90
43 90
49 90
58 90
76 90
77 90
11 91
12 91
16 91
45 91
46 91
53 91
63 91
6 92
13 92
16 92
22 92
39 92
61 92
67 92
73 92
0 93
6 93
8 93
18 93
35 93
41 93
45 93
71 93
73 93
84 93
86 93
11 94
18 94
19 94
25 94
36 94
66 94
72 94
76 94
83 94
7 95
10 95
25 95
28 95
35 95
57 95
61 95
80 95
85 95
7 96
28 96
47 96
54 96
59 96
60 96
64 96
66 96
86 96
2 97
5 97
8 97
18 97
20 97
25 97
33 97
34 97
39 97
72 97
75 97
81 97
4 98
26 98
33 98
38 98
45 98
46 98
52 98
57 98
58 98
60 98
68 98
79 98
82 98
11 99
13 99
28 99
64 99
65 99
7 100
17 100
25 100
29 100
30 100
35 100
50 100
51 100
56 100
71 100
72 100
73 100
82 100
93 100
94 100
96 100
97 100
3 101
10 101
12 101
24 101
28 101
35 101
39 101
47 101
66 101
67 101
71 101
72 101
78 101
82 101
86 101
88 101
8 102
15 102
33 102
47 102
52 102
53 102
68 102
70 102
81 102
6 103
7 103
14 103
17 103
21 103
24 103
44 103
48 103
55 103
62 103
69 103
70 103
71 103
89 103
2 104
9 104
15 104
21 104
29 104
41 104
60 104
62 104
70 104
73 104
75 104
79 104
80 104
86 104
93 104
96 104
5 105
20 105
45 105
55 105
56 105
66 105
67 105
71 105
75 105
92 105
97 105
27 106
32 106
52 106
69 106
77 106
81 106
4 107
8 107
18 107
19 107
23 107
32 107
55 107
64 107
79 107
80 107
85 107
86 107
90 107
1 108
11 108
21 108
24 108
42 108
50 108
52 108
57 108
59 108
71 108
73 108
83 108
102 108
1 109
15 109
67 109
80 109
107 109
12 110
20 110
42 110
52 110
91 110
95 110
102 110
0 111
6 111
17 111
24 111
30 111
31 111
51 111
58 111
67 111
77 111
78 111
84 111
86 111
93 111
102 111
103 111
43 112
51 112
54 112
78 112
86 112
99 112
4 113
19 113
48 113
49 113
51 113
53 113
57 113
68 113
74 113
83 113
87 113
96 113
106 113
2 114
6 114
11 114
15 114
26 114
30 114
31 114
35 114
37 114
64 114
4 115
20 115
25 115
33 115
41 115
48 115
53 115
54 115
55 115
60 115
76 115
79 115
21 116
35 116
43 116
50 116
72 116
84 116
90 116
93 116
102 116
5 117
9 117
24 117
40 117
45 117
52 117
57 117
67 117
79 117
87 117
96 117
100 117
19 118
24 118
54 118
70 118
72 118
77 118
11 119
21 119
39 119
47 119
70 119
82 119
91 119
94 119
4 120
12 120
15 120
23 120
28 120
30 120
52 120
68 120
78 120
94 120
97 120
98 120
103 120
13 121
14 121
22 121
27 121
29 121
33 121
51 121
60 121
68 121
108 121
22 122
35 122
40 122
57 122
75 122
85 122
87 122
103 122
109 122
112 122
4 123
6 123
17 123
24 123
28 123
43 123
44 123
47 123
66 123
70 123
98 123
101 123
106 123
110 123
117 123
3 124
8 124
12 124
17 124
35 124
37 124
40 124
44 124
59 124
68 124
83 124
96 124
107 124
110 124
9 125
10 125
17 125
35 125
39 125
53 125
56 125
63 125
73 125
78 125
102 125
12 126
31 126
33 126
72 126
85 126
117 126
119 126
29 127
41 127
42 127
47 127
49 127
50 127
54 127
75 127
76 127
78 127
80 127
94 127
98 127
117 127
3 128
4 128
36 128
50 128
53 128
64 128
66 128
72 128
76 128
87 128
93 128
111 128
115 128
4 129
25 129
34 129
37 129
52 129
56 129
64 129
92 129
21 130
28 130
45 130
79 130
86 130
4 131
16 131
19 131
27 131
32 131
34 131
35 131
38 131
41 131
46 131
49 131
61 131
71 131
92 131
96 131
105 131
109 131
110 131
116 131
6 132
12 132
21 132
40 132
62 132
65 132
79 132
95 132
100 132
110 132
111 132
114 132
4 133
7 133
8 133
15 133
22 133
24 133
37 133
39 133
42 133
43 133
45 133
48 133
76 133
78 133
81 133
83 133
93 133
117 133
11 134
13 134
30 134
50 134
54 134
64 134
70 134
79 134
86 134
93 134
114 134
129 134
21 135
30 135
44 135
62 135
103 135
108 135
118 135
124 135
1 136
6 136
8 136
14 136
32 136
35 136
36 136
37 136
48 136
56 136
61 136
62 136
64 136
66 136
77 136
80 136
86 136
88 136
89 136
93 136
102 136
104 136
108 136
114 136
122 136
131 136
4 137
16 137
21 137
35 137
57 137
102 137
104 137
105 137
17 138
28 138
44 138
56 138
66 138
71 138
76 138
79 138
86 138
108 138
111 138
123 138
7 139
9 139
49 139
54 139
59 139
61 139
69 139
79 139
82 139
87 139
93 139
95 139
113 139
125 139
127 139
5 140
26 140
28 140
38 140
43 140
62 140
65 140
68 140
105 140
110 140
134 140
135 140
10 141
13 141
24 141
39 141
45 141
49 141
60 141
71 141
80 141
90 141
99 141
115 141
128 141
129 141
6 142
11 142
17 142
24 142
40 142
53 142
68 142
87 142
102 142
107 142
120 142
10 143
18 143
28 143
34 143
49 143
52 143
56 143
70 143
72 143
78 143
79 143
87 143
102 143
104 143
113 143
115 143
123 143
125 143
130 143
5 144
11 144
20 144
31 144
34 144
44 144
54 144
57 144
74 144
89 144
95 144
108 144
127 144
1 145
4 145
20 145
58 145
68 145
74 145
78 145
89 145
105 145
121 145
0 146
4 146
24 146
36 146
43 146
44 146
50 146
52 146
53 146
69 146
95 146
109 146
111 146
119 146
133 146
136 146
0 147
22 147
32 147
33 147
62 147
67 147
74 147
77 147
85 147
86 147
95 147
96 147
98 147
103 147
125 147
127 147
130 147
135 147
137 147
9 148
17 148
31 148
36 148
38 148
39 148
41 148
44 148
45 148
46 148
49 148
60 148
63 148
71 148
99 148
107 148
111 148
112 148
125 148
132 148
137 148
5 149
18 149
22 149
26 149
33 149
46 149
47 149
48 149
65 149
66 149
100 149
109 149
126 149
5 150
8 150
32 150
43 150
50 150
51 150
54 150
58 150
83 150
84 150
87 150
89 150
98 150
100 150
101 150
104 150
111 150
114 150
123 150
134 150
0 151
9 151
39 151
41 151
60 151
68 151
69 151
75 151
90 151
98 151
105 151
118 151
119 151
0 152
10 152
18 152
20 152
37 152
39 152
41 152
42 152
52 152
63 152
81 152
96 152
98 152
105 152
113 152
129 152
132 152
133 152
142 152
25 153
38 153
39 153
42 153
59 153
83 153
96 153
100 153
102 153
116 153
125 153
141 153
145 153
2 154
4 154
21 154
22 154
23 154
63 154
71 154
77 154
84 154
93 154
124 154
126 154
130 154
131 154
4 155
45 155
61 155
85 155
86 155
111 155
118 155
119 155
127 155
131 155
137 155
7 156
9 156
16 156
31 156
39 156
43 156
54 156
56 156
63 156
65 156
84 156
98 156
112 156
127 156
134 156
6 157
11 157
18 157
25 157
32 157
40 157
51 157
55 157
74 157
81 157
96 157
111 157
118 157
124 157
125 157
131 157
142 157
149 157
20 158
27 158
34 158
38 158
40 158
41 158
48 158
63 158
68 158
75 158
114 158
121 158
127 158
129 158
146 158
10 159
11 159
15 159
17 159
45 159
60 159
67 159
69 159
71 159
77 159
96 159
99 159
116 159
131 159
132 159
150 159
10 160
14 160
19 160
24 160
33 160
45 160
50 160
55 160
58 160
60 160
83 160
96 160
101 160
105 160
117 160
141 160
14 161
28 161
40 161
41 161
52 161
55 161
59 161
62 161
63 161
66 161
67 161
76 161
91 161
92 161
105 161
144 161
16 162
57 162
77 162
86 162
120 162
129 162
135 162
142 162
145 162
149 162
6 163
8 163
32 163
33 163
35 163
43 163
45 163
50 163
131 163
142 163
148 163
18 164
26 164
32 164
39 164
40 164
47 164
49 164
52 164
53 164
67 164
77 164
80 164
85 164
91 164
111 164
149 164
5 165
13 165
26 165
33 165
34 165
46 165
54 165
55 165
61 165
73 165
92 165
96 165
102 165
113 165
115 165
116 165
118 165
142 165
159 165
8 166
20 166
41 166
59 166
63 166
81 166
99 166
101 166
104 166
118 166
127 166
149 166
0 167
4 167
10 167
22 167
35 167
37 167
40 167
48 167
49 167
52 167
62 167
69 167
73 167
81 167
85 167
89 167
92 167
95 167
99 167
116 167
124 167
126 167
144 167
150 167
157 167
5 168
13 168
21 168
27 168
39 168
45 168
46 168
52 168
60 168
68 168
74 168
86 168
90 168
100 168
110 168
112 168
122 168
132 168
139 168
141 168
147 168
150 168
152 168
3 169
18 169
19 169
24 169
35 169
40 169
79 169
88 169
95 169
102 169
106 169
112 169
114 169
116 169
135 169
140 169
153 169
155 169
156 169
159 169
6 170
20 170
26 170
28 170
29 170
31 170
41 170
50 170
56 170
87 170
88 170
112 170
131 170
139 170
143 170
153 170
7 171
53 171
57 171
59 171
60 171
90 171
92 171
98 171
119 171
136 171
139 171
145 171
150 171
153 171
0 172
86 172
89 172
104 172
112 172
124 172
129 172
141 172
5 173
11 173
19 173
31 173
47 173
51 173
54 173
65 173
74 173
91 173
94 173
107 173
134 173
142 173
146 173
159 173
165 173
26 174
37 174
47 174
55 174
61 174
64 174
66 174
69 174
95 174
104 174
112 174
147 174
148 174
149 174
153 174
161 174
167 174
171 174
13 175
35 175
73 175
78 175
81 175
85 175
89 175
97 175
103 175
116 175
140 175
143 175
144 175
145 175
150 175
171 175
11 176
17 176
40 176
59 176
60 176
89 176
96 176
117 176
136 176
149 176
167 176
169 176
171 176
10 177
16 177
37 177
39 177
93 177
99 177
106 177
112 177
128 177
131 177
149 177
159 177
169 177
170 177
9 178
39 178
43 178
48 178
63 178
64 178
66 178
74 178
82 178
84 178
85 178
95 178
116 178
132 178
139 178
142 178
147 178
1 179
5 179
7 179
10 179
14 179
47 179
48 179
63 179
66 179
68 179
72 179
101 179
111 179
116 179
123 179
140 179
143 179
160 179
11 180
18 180
19 180
35 180
54 180
101 180
107 180
109 180
124 180
141 180
145 180
4 181
12 181
24 181
30 181
36 181
46 181
49 181
62 181
83 181
119 181
125 181
128 181
150 181
158 181
159 181
164 181
167 181
6 182
7 182
15 182
21 182
40 182
47 182
76 182
95 182
98 182
101 182
111 182
127 182
128 182
137 182
138 182
141 182
158 182
163 182
169 182
2 183
4 183
13 183
16 183
33 183
45 183
67 183
82 183
120 183
121 183
125 183
168 183
178 183
182 183
3 184
11 184
30 184
33 184
74 184
77 184
78 184
88 184
91 184
94 184
116 184
125 184
133 184
144 184
151 184
178 184
180 184
181 184
7 185
27 185
38 185
48 185
52 185
56 185
60 185
64 185
71 185
81 185
93 185
97 185
108 185
130 185
149 185
156 185
165 185
169 185
173 185
180 185
3 186
4 186
6 186
10 186
36 186
56 186
57 186
58 186
82 186
100 186
116 186
119 186
149 186
169 186
4 187
7 187
39 187
40 187
53 187
122 187
133 187
143 187
156 187
158 187
171 187
1 188
22 188
23 188
41 188
58 188
62 188
73 188
82 188
89 188
100 188
103 188
118 188
121 188
127 188
152 188
158 188
159 188
163 188
166 188
175 188
15 189
18 189
47 189
52 189
55 189
62 189
73 189
109 189
118 189
134 189
168 189
15 190
30 190
38 190
46 190
58 190
64 190
68 190
70 190
75 190
86 190
93 190
94 190
104 190
121 190
126 190
128 190
137 190
154 190
171 190
176 190
15 191
34 191
42 191
58 191
77 191
81 191
93 191
95 191
96 191
121 191
124 191
128 191
133 191
146 191
149 191
166 191
180 191
5 192
10 192
15 192
23 192
24 192
30 192
32 192
48 192
51 192
55 192
57 192
67 192
108 192
110 192
116 192
119 192
135 192
150 192
161 192
163 192
174 192
9 193
14 193
26 193
34 193
36 193
50 193
57 193
66 193
67 193
80 193
106 193
160 193
162 193
168 193
4 194
5 194
7 194
12 194
14 194
55 194
56 194
84 194
89 194
107 194
110 194
119 194
140 194
150 194
161 194
174 194
182 194
4 195
10 195
19 195
20 195
38 195
45 195
85 195
93 195
111 195
118 195
121 195
127 195
131 195
144 195
151 195
163 195
177 195
2 196
7 196
8 196
9 196
11 196
15 196
45 196
46 196
50 196
57 196
63 196
84 196
85 196
93 196
110 196
112 196
115 196
119 196
129 196
137 196
144 196
145 196
153 196
165 196
173 196
177 196
181 196
3 197
35 197
52 197
75 197
85 197
87 197
107 197
109 197
116 197
125 197
138 197
161 197
163 197
165 197
170 197
174 197
18 198
25 198
37 198
60 198
66 198
69 198
75 198
80 198
115 198
122 198
133 198
143 198
153 198
165 198
167 198
172 198
189 198
2 199
3 199
27 199
31 199
35 199
39 199
43 199
51 199
65 199
90 199
91 199
98 199
99 199
158 199
159 199
160 199
184 199
187 199
8 200
14 200
20 200
26 200
50 200
72 200
74 200
76 200
82 200
85 200
91 200
101 200
106 200
121 200
129 200
142 200
150 200
162 200
177 200
196 200
16 201
18 201
26 201
33 201
40 201
58 201
67 201
69 201
71 201
74 201
75 201
95 201
103 201
107 201
114 201
118 201
131 201
145 201
146 201
149 201
193 201
20 202
26 202
28 202
59 202
68 202
76 202
86 202
103 202
110 202
124 202
149 202
151 202
186 202
187 202
0 203
1 203
5 203
12 203
20 203
24 203
45 203
57 203
75 203
83 203
92 203
117 203
122 203
135 203
137 203
139 203
141 203
161 203
165 203
175 203
192 203
10 204
20 204
22 204
24 204
52 204
54 204
56 204
64 204
75 204
83 204
104 204
125 204
134 204
143 204
144 204
152 204
161 204
168 204
169 204
175 204
185 204
187 204
193 204
194 204
0 205
11 205
25 205
32 205
34 205
36 205
43 205
70 205
73 205
102 205
112 205
136 205
141 205
146 205
157 205
168 205
180 205
190 205
4 206
27 206
32 206
42 206
48 206
60 206
65 206
93 206
132 206
140 206
162 206
163 206
164 206
167 206
169 206
172 206
0 207
1 207
3 207
4 207
7 207
9 207
25 207
29 207
40 207
58 207
64 207
65 207
71 207
89 207
93 207
94 207
114 207
132 207
143 207
151 207
161 207
169 207
177 207
186 207
187 207
192 207
199 207
15 208
19 208
36 208
38 208
53 208
65 208
70 208
73 208
80 208
85 208
102 208
103 208
109 208
117 208
128 208
144 208
154 208
157 208
159 208
165 208
169 208
171 208
172 208
186 208
197 208
0 209
11 209
17 209
20 209
34 209
43 209
47 209
52 209
76 209
87 209
93 209
98 209
100 209
102 209
103 209
107 209
134 209
149 209
166 209
176 209
179 209
33 210
38 210
56 210
84 210
87 210
96 210
102 210
103 210
104 210
119 210
123 210
147 210
149 210
151 210
153 210
157 210
159 210
161 210
163 210
20 211
28 211
62 211
68 211
71 211
72 211
87 211
105 211
121 211
125 211
130 211
150 211
159 211
165 211
170 211
175 211
176 211
190 211
206 211
11 212
29 212
77 212
92 212
99 212
118 212
126 212
151 212
157 212
161 212
174 212
175 212
189 212
195 212
198 212
0 213
25 213
28 213
32 213
49 213
59 213
70 213
89 213
96 213
112 213
114 213
115 213
117 213
118 213
175 213
177 213
188 213
195 213
202 213
14 214
20 214
58 214
60 214
62 214
84 214
94 214
106 214
115 214
120 214
129 214
142 214
144 214
162 214
188 214
202 214
10 215
17 215
20 215
23 215
26 215
38 215
39 215
43 215
45 215
46 215
47 215
61 215
66 215
68 215
85 215
98 215
107 215
112 215
126 215
137 215
144 215
149 215
153 215
166 215
169 215
172 215
204 215
205 215
206 215
1 216
12 216
30 216
44 216
58 216
69 216
77 216
84 216
90 216
136 216
152 216
155 216
156 216
157 216
163 216
168 216
181 216
186 216
189 216
191 216
194 216
200 216
203 216
205 216
206 216
210 216
0 217
15 217
16 217
44 217
55 217
61 217
69 217
76 217
83 217
102 217
113 217
139 217
141 217
155 217
188 217
191 217
6 218
7 218
67 218
74 218
91 218
96 218
111 218
113 218
127 218
132 218
146 218
154 218
160 218
163 218
180 218
181 218
183 218
184 218
199 218
205 218
5 219
8 219
21 219
38 219
45 219
53 219
78 219
84 219
93 219
100 219
110 219
138 219
146 219
147 219
148 219
158 219
181 219
185 219
207 219
13 220
26 220
35 220
36 220
39 220
43 220
49 220
56 220
65 220
66 220
69 220
75 220
76 220
97 220
103 220
124 220
128 220
138 220
148 220
157 220
164 220
167 220
174 220
175 220
179 220
182 220
183 220
189 220
5 221
7 221
24 221
27 221
30 221
40 221
55 221
113 221
142 221
157 221
182 221
183 221
188 221
197 221
203 221
209 221
210 221
14 222
24 222
37 222
61 222
71 222
77 222
80 222
111 222
116 222
120 222
140 222
152 222
156 222
162 222
170 222
175 222
188 222
197 222
7 223
17 223
31 223
32 223
46 223
71 223
114 223
120 223
132 223
137 223
140 223
158 223
168 223
176 223
177 223
3 224
5 224
8 224
11 224
16 224
19 224
24 224
51 224
75 224
81 224
96 224
107 224
128 224
131 224
140 224
179 224
205 224
11 225
15 225
18 225
49 225
53 225
57 225
59 225
76 225
77 225
83 225
87 225
111 225
117 225
120 225
121 225
145 225
152 225
180 225
188 225
195 225
0 226
12 226
39 226
41 226
59 226
70 226
75 226
86 226
96 226
114 226
129 226
137 226
159 226
167 226
186 226
187 226
204 226
215 226
218 226
222 226
17 227
23 227
30 227
32 227
51 227
66 227
77 227
80 227
82 227
92 227
108 227
122 227
136 227
142 227
160 227
182 227
193 227
199 227
212 227
6 228
8 228
11 228
14 228
17 228
31 228
44 228
48 228
51 228
60 228
66 228
75 228
94 228
121 228
132 228
133 228
151 228
169 228
174 228
205 228
206 228
211 228
212 228
220 228
18 229
35 229
40 229
47 229
51 229
78 229
83 229
88 229
100 229
107 229
130 229
139 229
192 229
3 230
8 230
24 230
29 230
42 230
55 230
63 230
64 230
73 230
93 230
100 230
101 230
103 230
126 230
128 230
140 230
153 230
156 230
163 230
167 230
184 230
190 230
210 230
211 230
10 231
14 231
27 231
51 231
54 231
56 231
76 231
77 231
80 231
92 231
94 231
114 231
131 231
133 231
145 231
170 231
192 231
200 231
207 231
210 231
212 231
219 231
8 232
30 232
41 232
44 232
45 232
58 232
69 232
70 232
74 232
84 232
90 232
91 232
93 232
94 232
96 232
120 232
124 232
130 232
147 232
157 232
164 232
170 232
177 232
179 232
189 232
198 232
205 232
213 232
12 233
26 233
31 233
45 233
49 233
56 233
61 233
65 233
68 233
72 233
84 233
133 233
137 233
205 233
219 233
224 233
1 234
2 234
4 234
28 234
31 234
33 234
39 234
48 234
69 234
71 234
74 234
77 234
83 234
110 234
126 234
127 234
137 234
139 234
145 234
163 234
173 234
200 234
201 234
204 234
206 234
207 234
214 234
220 234
40 235
58 235
64 235
68 235
70 235
103 235
106 235
113 235
129 235
131 235
154 235
181 235
193 235
200 235
6 236
25 236
41 236
51 236
61 236
68 236
82 236
95 236
111 236
121 236
137 236
140 236
144 236
151 236
153 236
168 236
169 236
170 236
188 236
202 236
206 236
213 236
216 236
0 237
19 237
26 237
48 237
98 237
100 237
101 237
120 237
129 237
133 237
161 237
175 237
178 237
192 237
211 237
213 237
216 237
220 237
224 237
32 238
36 238
37 238
39 238
55 238
67 238
70 238
91 238
102 238
114 238
123 238
163 238
172 238
181 238
187 238
195 238
204 238
208 238
209 238
226 238
8 239
28 239
30 239
45 239
46 239
57 239
58 239
64 239
72 239
79 239
83 239
84 239
91 239
95 239
99 239
108 239
128 239
143 239
148 239
161 239
168 239
170 239
197 239
216 239
217 239
218 239
227 239
231 239
232 239
5 240
16 240
26 240
32 240
40 240
49 240
50 240
57 240
63 240
77 240
80 240
90 240
94 240
105 240
123 240
130 240
163 240
174 240
180 240
195 240
211 240
212 240
226 240
19 241
23 241
28 241
29 241
66 241
75 241
77 241
88 241
97 241
114 241
118 241
122 241
127 241
143 241
152 241
158 241
173 241
212 241
17 242
18 242
24 242
48 242
59 242
73 242
78 242
89 242
96 242
110 242
111 242
129 242
131 242
134 242
146 242
165 242
169 242
178 242
180 242
196 242
198 242
207 242
208 242
209 242
214 242
229 242
232 242
15 243
29 243
51 243
54 243
68 243
70 243
74 243
110 243
120 243
121 243
140 243
150 243
176 243
183 243
188 243
192 243
206 243
213 243
220 243
223 243
225 243
227 243
1 244
3 244
4 244
6 244
8 244
13 244
18 244
19 244
21 244
62 244
88 244
91 244
104 244
106 244
108 244
110 244
118 244
126 244
128 244
130 244
146 244
149 244
151 244
191 244
198 244
204 244
211 244
220 244
21 245
22 245
23 245
45 245
46 245
60 245
66 245
77 245
78 245
84 245
99 245
115 245
127 245
148 245
166 245
167 245
169 245
185 245
189 245
191 245
196 245
197 245
206 245
212 245
214 245
220 245
223 245
224 245
227 245
5 246
19 246
23 246
64 246
77 246
86 246
89 246
96 246
101 246
110 246
139 246
145 246
152 246
153 246
159 246
179 246
193 246
196 246
212 246
215 246
226 246
232 246
17 247
31 247
34 247
43 247
49 247
62 247
83 247
99 247
102 247
104 247
105 247
121 247
129 247
146 247
152 247
154 247
158 247
163 247
167 247
174 247
175 247
182 247
210 247
212 247
227 247
9 248
14 248
22 248
31 248
32 248
36 248
38 248
58 248
63 248
68 248
85 248
86 248
88 248
98 248
108 248
109 248
111 248
117 248
151 248
171 248
172 248
184 248
193 248
198 248
203 248
205 248
206 248
216 248
227 248
231 248
233 248
235 248
6 249
9 249
30 249
34 249
39 249
40 249
44 249
52 249
66 249
68 249
69 249
91 249
121 249
127 249
144 249
158 249
171 249
196 249
215 249
226 249
229 249
235 249
239 249
242 249
248 249
9 250
13 250
25 250
26 250
27 250
31 250
35 250
44 250
57 250
83 250
87 250
95 250
101 250
122 250
123 250
126 250
130 250
131 250
144 250
151 250
153 250
156 250
158 250
161 250
176 250
203 250
213 250
245 250
3 251
16 251
21 251
31 251
40 251
78 251
84 251
100 251
120 251
124 251
129 251
137 251
155 251
175 251
181 251
194 251
209 251
211 251
227 251
17 252
18 252
24 252
32 252
47 252
51 252
64 252
69 252
72 252
74 252
82 252
83 252
104 252
105 252
106 252
107 252
146 252
154 252
165 252
175 252
181 252
207 252
212 252
217 252
232 252
240 252
7 253
14 253
22 253
33 253
52 253
55 253
59 253
65 253
74 253
87 253
88 253
91 253
97 253
101 253
132 253
143 253
186 253
193 253
202 253
205 253
221 253
227 253
228 253
240 253
8 254
20 254
39 254
59 254
65 254
67 254
85 254
88 254
101 254
110 254
115 254
126 254
130 254
144 254
145 254
152 254
159 254
168 254
187 254
215 254
226 254
245 254
12 255
22 255
31 255
33 255
61 255
71 255
81 255
98 255
103 255
109 255
111 255
116 255
122 255
129 255
134 255
156 255
161 255
173 255
238 255
1 256
16 256
25 256
28 256
45 256
49 256
60 256
63 256
71 256
76 256
108 256
123 256
139 256
149 256
152 256
177 256
187 256
192 256
194 256
236 256
238 256
16 257
41 257
44 257
53 257
79 257
99 257
105 257
116 257
117 257
123 257
126 257
129 257
131 257
150 257
175 257
199 257
205 257
208 257
209 257
216 257
219 257
225 257
227 257
234 257
3 258
17 258
34 258
43 258
44 258
55 258
57 258
66 258
67 258
80 258
92 258
111 258
112 258
117 258
119 258
121 258
132 258
139 258
142 258
147 258
157 258
195 258
203 258
212 258
233 258
236 258
241 258
4 259
5 259
7 259
9 259
10 259
24 259
40 259
64 259
77 259
90 259
99 259
106 259
116 259
117 259
136 259
138 259
164 259
176 259
198 259
219 259
223 259
235 259
240 259
9 260
40 260
42 260
59 260
60 260
62 260
82 260
93 260
96 260
108 260
129 260
138 260
149 260
150 260
157 260
158 260
168 260
176 260
211 260
212 260
232 260
259 260
0 261
7 261
22 261
23 261
67 261
70 261
106 261
141 261
144 261
146 261
149 261
154 261
168 261
171 261
176 261
218 261
231 261
10 262
13 262
23 262
25 262
31 262
35 262
47 262
61 262
63 262
66 262
78 262
80 262
92 262
122 262
133 262
151 262
170 262
177 262
184 262
188 262
190 262
220 262
235 262
248 262
23 263
26 263
32 263
37 263
44 263
52 263
61 263
62 263
69 263
73 263
97 263
104 263
105 263
113 263
116 263
119 263
126 263
138 263
155 263
169 263
181 263
183 263
194 263
197 263
198 263
203 263
207 263
208 263
217 263
224 263
35 264
37 264
58 264
61 264
62 264
90 264
91 264
97 264
104 264
128 264
131 264
163 264
170 264
179 264
186 264
195 264
200 264
211 264
227 264
231 264
232 264
243 264
245 264
246 264
0 265
2 265
12 265
24 265
26 265
32 265
34 265
46 265
50 265
58 265
74 265
78 265
90 265
109 265
117 265
122 265
136 265
148 265
150 265
191 265
194 265
211 265
218 265
222 265
223 265
252 265
0 266
11 266
13 266
16 266
19 266
26 266
34 266
45 266
62 266
70 266
80 266
84 266
99 266
101 266
122 266
123 266
133 266
143 266
175 266
178 266
179 266
198 266
200 266
205 266
206 266
209 266
219 266
226 266
229 266
230 266
255 266
256 266
259 266
6 267
65 267
70 267
75 267
97 267
106 267
119 267
124 267
136 267
139 267
181 267
182 267
190 267
201 267
211 267
224 267
23 268
38 268
59 268
63 268
66 268
82 268
83 268
87 268
117 268
142 268
147 268
151 268
155 268
168 268
181 268
199 268
204 268
231 268
239 268
240 268
248 268
256 268
257 268
3 269
33 269
88 269
90 269
93 269
95 269
98 269
104 269
117 269
121 269
129 269
148 269
165 269
188 269
230 269
244 269
245 269
6 270
15 270
29 270
30 270
49 270
55 270
59 270
64 270
83 270
94 270
104 270
111 270
116 270
118 270
128 270
138 270
154 270
172 270
173 270
175 270
181 270
183 270
194 270
204 270
232 270
255 270
259 270
3 271
7 271
12 271
15 271
23 271
29 271
31 271
33 271
44 271
46 271
56 271
58 271
59 271
62 271
70 271
71 271
87 271
108 271
113 271
116 271
123 271
126 271
144 271
165 271
169 271
185 271
191 271
213 271
216 271
235 271
242 271
6 272
10 272
28 272
68 272
74 272
86 272
94 272
125 272
126 272
163 272
169 272
172 272
204 272
218 272
221 272
231 272
243 272
250 272
253 272
255 272
25 273
26 273
29 273
61 273
72 273
83 273
90 273
128 273
130 273
142 273
149 273
153 273
160 273
209 273
229 273
247 273
257 273
260 273
266 273
271 273
16 274
24 274
36 274
40 274
59 274
74 274
79 274
80 274
83 274
96 274
100 274
101 274
105 274
115 274
128 274
131 274
132 274
140 274
149 274
175 274
192 274
197 274
222 274
234 274
250 274
262 274
268 274
3 275
6 275
7 275
11 275
20 275
26 275
27 275
28 275
53 275
55 275
57 275
58 275
61 275
67 275
73 275
93 275
106 275
116 275
120 275
142 275
150 275
151 275
164 275
169 275
170 275
185 275
190 275
201 275
203 275
206 275
217 275
244 275
262 275
264 275
8 276
9 276
24 276
40 276
41 276
42 276
53 276
56 276
75 276
87 276
90 276
105 276
106 276
117 276
128 276
150 276
184 276
193 276
194 276
210 276
226 276
233 276
251 276
254 276
265 276
15 277
33 277
48 277
54 277
63 277
72 277
76 277
86 277
111 277
114 277
142 277
153 277
164 277
172 277
174 277
180 277
190 277
210 277
227 277
253 277
5 278
11 278
38 278
47 278
58 278
82 278
85 278
94 278
99 278
107 278
117 278
124 278
138 278
141 278
147 278
149 278
154 278
156 278
179 278
182 278
184 278
199 278
206 278
214 278
217 278
256 278
1 279
3 279
5 279
13 279
16 279
22 279
38 279
40 279
74 279
89 279
102 279
154 279
166 279
173 279
175 279
187 279
197 279
199 279
235 279
240 279
258 279
259 279
1 280
5 280
7 280
8 280
14 280
28 280
36 280
43 280
47 280
48 280
54 280
58 280
75 280
76 280
88 280
90 280
94 280
97 280
117 280
121 280
128 280
129 280
140 280
163 280
169 280
173 280
175 280
176 280
177 280
188 280
191 280
209 280
211 280
213 280
227 280
232 280
252 280
258 280
1 281
3 281
19 281
28 281
29 281
42 281
45 281
52 281
71 281
74 281
75 281
78 281
80 281
81 281
84 281
89 281
100 281
105 281
118 281
121 281
125 281
131 281
139 281
141 281
143 281
152 281
164 281
169 281
183 281
192 281
198 281
203 281
204 281
212 281
219 281
227 281
234 281
235 281
251 281
253 281
254 281
260 281
262 281
267 281
269 281
6 282
28 282
29 282
31 282
33 282
38 282
46 282
52 282
90 282
93 282
114 282
121 282
153 282
182 282
198 282
206 282
214 282
215 282
220 282
225 282
231 282
240 282
245 282
263 282
264 282
266 282
11 283
15 283
16 283
39 283
51 283
58 283
72 283
85 283
91 283
115 283
122 283
133 283
142 283
155 283
177 283
183 283
196 283
199 283
211 283
229 283
230 283
236 283
239 283
249 283
260 283
267 283
270 283
1 284
25 284
38 284
44 284
65 284
76 284
85 284
89 284
91 284
95 284
111 284
123 284
125 284
127 284
158 284
161 284
163 284
169 284
178 284
186 284
202 284
206 284
211 284
240 284
242 284
247 284
263 284
0 285
1 285
22 285
28 285
48 285
49 285
84 285
90 285
91 285
93 285
101 285
123 285
124 285
130 285
152 285
155 285
187 285
201 285
204 285
227 285
233 285
244 285
250 285
251 285
253 285
255 285
262 285
270 285
271 285
13 286
29 286
39 286
46 286
50 286
51 286
60 286
62 286
72 286
76 286
84 286
102 286
109 286
110 286
113 286
117 286
137 286
154 286
179 286
181 286
190 286
193 286
203 286
243 286
253 286
268 286
0 287
12 287
22 287
30 287
49 287
55 287
74 287
78 287
95 287
134 287
139 287
141 287
144 287
159 287
162 287
219 287
221 287
230 287
237 287
253 287
255 287
259 287
268 287
7 288
22 288
27 288
30 288
37 288
64 288
70 288
83 288
88 288
95 288
108 288
111 288
115 288
117 288
130 288
142 288
148 288
154 288
164 288
179 288
203 288
206 288
214 288
217 288
219 288
224 288
226 288
245 288
254 288
255 288
270 288
271 288
17 289
24 289
25 289
26 289
32 289
65 289
76 289
87 289
97 289
98 289
100 289
104 289
108 289
111 289
114 289
116 289
144 289
157 289
165 289
172 289
185 289
201 289
204 289
206 289
212 289
222 289
227 289
255 289
284 289
286 289
7 290
14 290
15 290
22 290
34 290
42 290
44 290
69 290
70 290
79 290
80 290
88 290
135 290
137 290
166 290
187 290
190 290
192 290
201 290
216 290
248 290
254 290
262 290
264 290
273 290
275 290
287 290
4 291
8 291
10 291
18 291
23 291
28 291
35 291
37 291
42 291
43 291
60 291
61 291
66 291
72 291
81 291
90 291
107 291
108 291
127 291
144 291
149 291
163 291
167 291
175 291
192 291
200 291
214 291
251 291
255 291
265 291
283 291
3 292
14 292
26 292
37 292
53 292
56 292
62 292
73 292
80 292
86 292
95 292
102 292
103 292
114 292
123 292
159 292
194 292
213 292
234 292
262 292
274 292
277 292
16 293
33 293
35 293
39 293
58 293
81 293
88 293
101 293
103 293
104 293
108 293
115 293
135 293
147 293
152 293
167 293
168 293
169 293
226 293
258 293
260 293
284 293
4 294
9 294
33 294
35 294
47 294
51 294
54 294
58 294
65 294
94 294
107 294
123 294
125 294
128 294
131 294
164 294
169 294
188 294
198 294
201 294
220 294
233 294
254 294
258 294
270 294
5 295
16 295
21 295
27 295
29 295
30 295
32 295
44 295
64 295
65 295
72 295
96 295
99 295
100 295
109 295
112 295
130 295
131 295
140 295
152 295
171 295
174 295
175 295
196 295
205 295
214 295
216 295
217 295
221 295
235 295
239 295
253 295
254 295
263 295
278 295
279 295
285 295
288 295
290 295
5 296
15 296
19 296
23 296
28 296
42 296
47 296
48 296
49 296
53 296
59 296
74 296
92 296
104 296
125 296
142 296
150 296
160 296
165 296
180 296
184 296
189 296
205 296
209 296
223 296
227 296
235 296
246 296
255 296
257 296
269 296
0 297
21 297
33 297
44 297
47 297
73 297
90 297
91 297
116 297
117 297
133 297
136 297
153 297
158 297
179 297
187 297
188 297
222 297
226 297
266 297
267 297
270 297
5 298
14 298
35 298
46 298
93 298
98 298
105 298
145 298
151 298
158 298
159 298
178 298
195 298
199 298
206 298
221 298
225 298
241 298
246 298
262 298
265 298
274 298
278 298
289 298
12 299
15 299
35 299
40 299
45 299
51 299
67 299
69 299
73 299
80 299
93 299
94 299
99 299
105 299
108 299
133 299
135 299
149 299
150 299
155 299
178 299
191 299
195 299
246 299
250 299
266 299
271 299
273 299
275 299
282 299
292 299
294 299
