300 2361 5
51 37 2 7 9 9 10 8 16 6 27 16 3 5 22 4 12 14 3 2 37 18 5 2 2 5 66 4 13 2 12 50 8 16 8 4 17 19 3 3 11 8 15 2 1 2 2 12 6 14 30 5 23 2 2 7 1 9 30 5 2 35 17 1 3 3 2 1 9 16 22 10 17 17 10 2 30 7 1 2 19 19 9 36 2 7 2 6 4 19 26 3 18 16 15 4 32 13 1 6 3 17 15 8 2 3 1 8 4 9 13 16 23 7 22 7 6 5 7 3 1 14 10 1 3 12 7 11 7 1 6 6 35 2 6 3 4 4 3 8 4 3 2 3 4 6 11 19 18 22 1 6 6 13 6 15 9 4 6 8 2 1 6 5 9 11 4 11 22 14 1 1 35 21 17 18 20 6 49 17 33 6 14 9 4 2 17 11 2 12 26 19 7 11 4 11 6 4 15 26 15 8 1 21 35 13 4 13 1 4 11 29 10 3 2 1 36 19 30 12 10 4 17 3 1 7 6 9 8 18 9 3 3 19 5 8 9 3 6 7 1 26 15 6 2 6 23 4 3 25 2 8 10 16 3 27 15 6 24 2 25 14 2 2 21 13 16 6 8 7 42 10 4 9 6 4 11 7 14 10 7 6 9 17 11 2 13 1 18 4 23 9 22 7 7 4 3 8 13 4
2 10
6 12
0 13
2 14
7 14
6 15
4 17
4 18
3 19
5 19
11 20
8 21
14 22
18 22
12 24
10 25
14 25
5 28
13 28
3 29
8 29
11 29
17 29
1 30
14 30
11 31
12 31
15 31
3 32
27 32
0 33
9 33
3 35
6 35
11 35
28 35
11 36
18 36
1 37
35 38
34 39
9 40
7 41
6 42
10 42
2 43
17 44
18 44
29 44
32 44
18 45
20 45
27 45
17 46
23 46
29 46
37 46
40 46
42 46
5 47
9 47
18 48
33 48
12 49
13 49
35 49
0 50
9 50
22 50
19 51
27 51
0 52
24 52
13 54
17 54
32 54
42 54
13 55
19 55
20 55
21 55
40 55
24 56
31 56
38 56
18 57
48 57
26 58
52 58
8 59
11 59
36 59
8 60
36 61
37 61
42 61
2 62
3 62
31 62
41 62
31 63
32 63
34 63
5 64
53 64
0 65
4 65
9 65
25 65
41 65
23 66
40 66
41 66
54 66
13 67
28 67
32 67
38 67
61 67
19 68
45 68
47 68
22 69
54 69
5 70
15 70
21 70
29 70
40 70
10 71
33 72
37 72
50 72
48 73
51 73
53 73
57 73
21 74
57 74
62 74
13 75
41 75
10 76
17 76
27 76
66 76
19 77
20 77
43 77
52 77
9 78
24 78
27 78
58 78
62 78
63 78
30 79
39 79
51 79
31 80
34 80
48 80
6 81
7 81
13 81
51 81
52 81
57 81
63 81
59 82
70 82
74 82
76 82
77 82
16 83
68 83
73 83
10 85
13 85
18 85
20 85
21 85
38 85
48 85
67 85
70 85
71 85
4 86
7 86
34 86
21 87
20 88
27 88
38 88
41 88
45 88
56 88
66 88
27 89
46 89
14 90
16 90
18 90
19 90
22 90
55 90
71 90
78 90
6 91
16 91
19 91
34 91
73 91
24 92
31 92
50 92
54 92
74 92
5 93
15 93
38 93
59 93
18 94
44 94
48 94
61 94
76 94
30 95
34 95
46 95
60 95
61 95
64 95
90 95
8 96
14 96
26 96
34 96
38 96
44 96
48 96
59 96
71 96
91 96
9 97
21 97
26 97
34 97
44 97
72 97
48 98
71 98
72 98
87 98
22 99
34 99
46 99
71 99
89 99
0 100
48 100
63 100
71 100
2 101
48 101
52 101
59 101
60 101
65 101
7 102
22 102
32 102
43 102
70 102
17 103
18 103
23 103
67 103
96 103
14 104
32 104
45 104
69 104
74 104
90 104
3 105
25 105
26 105
40 105
42 105
64 105
83 105
91 105
101 105
34 106
39 106
66 106
74 106
19 107
45 107
92 107
3 108
9 108
26 108
78 108
97 108
3 109
8 109
23 109
45 109
57 109
82 109
88 109
32 110
44 110
45 110
87 110
19 111
28 111
30 111
44 111
53 111
92 111
10 112
17 112
23 112
30 112
53 112
75 112
110 112
12 113
35 113
41 113
72 113
93 113
97 113
1 114
7 114
15 114
28 114
53 114
76 114
93 114
102 114
6 115
9 115
31 115
77 115
78 115
104 115
1 116
10 116
42 116
45 116
67 116
74 116
81 116
84 116
110 116
26 117
38 117
44 117
54 117
66 117
85 117
14 118
55 118
97 118
11 119
34 119
39 119
86 119
47 120
75 120
76 120
82 120
83 120
108 120
6 121
27 121
40 121
91 121
11 122
18 122
42 122
69 122
11 123
15 123
92 123
98 123
117 123
5 124
22 124
25 124
33 124
86 124
105 124
119 124
16 125
25 125
53 125
106 125
107 125
111 125
121 125
5 126
37 126
41 126
59 126
67 126
77 126
81 126
90 126
101 126
7 127
11 127
44 127
49 127
56 127
75 127
1 128
4 128
36 128
65 128
93 128
114 128
47 129
85 129
122 129
17 130
33 130
38 130
42 130
89 130
97 130
112 130
0 131
7 131
9 131
22 131
41 131
58 131
68 131
82 131
101 131
112 131
118 131
28 132
32 132
42 132
68 132
84 132
87 132
0 133
19 133
38 133
44 133
51 133
53 133
62 133
95 133
101 133
7 134
16 134
36 134
66 134
99 134
105 134
111 134
15 135
17 135
21 135
52 135
58 135
59 135
63 135
120 135
122 135
10 136
25 136
26 136
41 136
44 136
54 136
63 136
65 136
95 136
115 136
117 136
119 136
128 136
9 137
14 137
20 137
32 137
47 137
60 137
67 137
76 137
84 137
101 137
9 138
33 138
61 138
62 138
74 138
99 138
117 138
121 138
9 139
21 139
32 139
57 139
71 139
73 139
86 139
129 139
3 140
13 140
27 140
33 140
57 140
69 140
84 140
91 140
96 140
117 140
127 140
30 141
41 141
69 141
103 141
9 142
20 142
47 142
64 142
84 142
104 142
107 142
131 142
14 143
26 143
35 143
44 143
63 143
92 143
93 143
108 143
124 143
127 143
11 144
54 144
70 144
86 144
96 144
126 144
3 145
7 145
10 145
22 145
30 145
34 145
93 145
96 145
0 146
8 146
22 146
38 146
43 146
75 146
76 146
106 146
137 146
7 147
19 147
94 147
106 147
107 147
110 147
128 147
131 147
140 147
2 148
56 148
68 148
97 148
121 148
123 148
141 148
6 149
125 149
23 150
37 150
59 150
60 150
69 150
86 150
108 150
111 150
62 151
71 151
74 151
91 151
95 151
120 151
16 152
18 152
30 152
41 152
74 152
79 152
130 152
143 152
149 152
2 153
35 153
52 153
71 153
120 153
10 154
15 154
19 154
22 154
23 154
28 154
48 154
65 154
85 154
131 154
144 154
148 154
13 155
21 155
29 155
63 155
80 155
86 155
109 155
111 155
115 155
129 155
132 155
137 155
35 156
68 156
139 156
141 156
144 156
24 157
30 157
37 157
40 157
69 157
74 157
79 157
90 157
99 157
111 157
16 158
33 158
53 158
59 158
60 158
61 158
63 158
69 158
106 158
125 158
130 158
133 158
9 159
19 159
54 159
67 159
141 159
15 160
41 160
54 160
104 160
114 160
125 160
145 160
23 161
35 161
39 161
47 161
81 161
103 161
128 161
131 161
11 162
40 162
77 162
78 162
89 162
107 162
123 162
139 162
159 162
4 163
30 163
59 163
60 163
104 163
110 163
115 163
157 163
43 164
44 164
72 164
88 164
91 164
94 164
114 164
115 164
120 164
130 164
140 164
3 165
11 165
14 165
18 165
61 165
76 165
86 165
88 165
108 165
114 165
125 165
160 165
10 166
44 166
91 166
92 166
95 166
103 166
113 166
126 166
137 166
147 166
8 167
11 167
12 167
16 167
33 167
67 167
76 167
154 167
155 167
12 168
19 168
44 168
57 168
67 168
125 168
129 168
149 168
3 169
18 169
32 169
38 169
42 169
51 169
62 169
118 169
146 169
159 169
23 170
83 170
90 170
129 170
143 170
144 170
151 170
5 171
91 171
104 171
111 171
115 171
119 171
120 171
134 171
138 171
140 171
165 171
25 172
36 172
59 172
74 172
84 172
86 172
130 172
139 172
2 173
20 173
30 173
34 173
72 173
87 173
97 173
111 173
164 173
6 174
26 174
42 174
48 174
50 174
58 174
65 174
69 174
96 174
132 174
145 174
146 174
150 174
3 175
19 175
49 175
65 175
98 175
100 175
105 175
112 175
122 175
131 175
48 176
49 176
67 176
94 176
118 176
8 177
43 177
49 177
51 177
52 177
53 177
101 177
115 177
148 177
151 177
8 178
29 178
31 178
32 178
44 178
55 178
61 178
103 178
150 178
158 178
20 179
25 179
88 179
98 179
141 179
160 179
161 179
21 180
28 180
31 180
50 180
54 180
55 180
60 180
74 180
76 180
84 180
123 180
124 180
127 180
136 180
143 180
146 180
150 180
164 180
166 180
23 181
87 181
104 181
110 181
150 181
154 181
164 181
179 181
14 182
15 182
17 182
31 182
58 182
60 182
70 182
78 182
94 182
170 182
11 183
13 183
17 183
25 183
37 183
84 183
103 183
120 183
141 183
145 183
161 183
163 183
172 183
38 184
66 184
97 184
134 184
0 185
19 185
40 185
46 185
60 185
66 185
93 185
118 185
168 185
172 185
29 186
34 186
44 186
87 186
90 186
137 186
154 186
171 186
179 186
5 187
31 187
35 187
36 187
51 187
70 187
88 187
105 187
111 187
126 187
135 187
154 187
24 188
53 188
54 188
55 188
74 188
78 188
110 188
4 189
21 189
36 189
43 189
51 189
55 189
77 189
80 189
88 189
114 189
115 189
129 189
141 189
145 189
161 189
25 190
27 190
39 190
55 190
66 190
80 190
87 190
91 190
0 191
6 191
62 191
67 191
95 191
112 191
158 191
167 191
9 192
15 192
21 192
29 192
57 192
143 192
10 193
43 193
55 193
61 193
101 193
134 193
145 193
146 193
159 193
7 194
19 194
36 194
42 194
77 194
89 194
114 194
148 194
173 194
85 195
101 195
107 195
127 195
151 195
170 195
175 195
1 196
6 196
24 196
65 196
93 196
114 196
155 196
161 196
178 196
13 197
24 197
32 197
36 197
37 197
55 197
69 197
74 197
82 197
111 197
128 197
148 197
183 197
2 198
4 198
9 198
30 198
34 198
38 198
55 198
71 198
82 198
109 198
117 198
119 198
141 198
162 198
174 198
1 199
7 199
10 199
35 199
132 199
139 199
171 199
8 200
32 200
36 200
37 200
49 200
65 200
89 200
117 200
128 200
138 200
3 201
18 201
70 201
107 201
123 201
132 201
145 201
148 201
149 201
164 201
169 201
188 201
13 202
17 202
63 202
66 202
118 202
128 202
153 202
156 202
2 203
3 203
6 203
70 203
87 203
119 203
148 203
169 203
175 203
180 203
29 204
37 204
41 204
101 204
117 204
132 204
167 204
194 204
199 204
203 204
100 205
106 205
110 205
121 205
141 205
149 205
155 205
157 205
160 205
192 205
201 205
0 206
41 206
46 206
61 206
78 206
79 206
84 206
134 206
142 206
169 206
21 207
51 207
69 207
88 207
147 207
161 207
180 207
0 208
13 208
45 208
56 208
61 208
82 208
108 208
121 208
180 208
7 209
23 209
28 209
58 209
60 209
71 209
79 209
86 209
123 209
149 209
152 209
165 209
10 210
29 210
43 210
92 210
148 210
192 210
13 211
25 211
51 211
52 211
75 211
96 211
110 211
134 211
141 211
155 211
41 212
98 212
103 212
128 212
166 212
178 212
3 213
10 213
20 213
29 213
40 213
47 213
71 213
92 213
160 213
165 213
168 213
177 213
7 214
15 214
36 214
47 214
52 214
54 214
69 214
75 214
78 214
130 214
131 214
147 214
157 214
161 214
182 214
202 214
38 215
39 215
67 215
71 215
81 215
84 215
93 215
112 215
117 215
206 215
9 216
39 216
43 216
45 216
49 216
55 216
73 216
100 216
104 216
113 216
127 216
174 216
178 216
199 216
5 217
15 217
45 217
115 217
143 217
160 217
161 217
180 217
193 217
26 218
52 218
78 218
111 218
113 218
146 218
147 218
153 218
154 218
195 218
22 219
45 219
57 219
62 219
81 219
87 219
95 219
106 219
111 219
129 219
133 219
135 219
140 219
153 219
157 219
44 220
50 220
60 220
84 220
88 220
104 220
184 220
5 221
20 221
43 221
45 221
51 221
59 221
125 221
133 221
156 221
177 221
210 221
1 222
4 222
18 222
81 222
85 222
87 222
110 222
166 222
167 222
172 222
187 222
3 223
4 223
29 223
34 223
36 223
39 223
42 223
45 223
85 223
102 223
105 223
112 223
145 223
165 223
166 223
188 223
190 223
198 223
201 223
67 224
88 224
122 224
136 224
140 224
141 224
174 224
191 224
195 224
8 225
27 225
54 225
79 225
119 225
126 225
136 225
148 225
149 225
162 225
166 225
193 225
3 226
9 226
14 226
25 226
48 226
144 226
172 226
189 226
4 227
10 227
46 227
47 227
48 227
59 227
93 227
108 227
165 227
211 227
18 228
22 228
110 228
116 228
123 228
132 228
140 228
143 228
153 228
157 228
170 228
176 228
34 229
37 229
61 229
74 229
95 229
113 229
116 229
128 229
134 229
137 229
148 229
163 229
224 229
41 230
55 230
78 230
95 230
135 230
145 230
146 230
163 230
210 230
8 231
15 231
20 231
36 231
50 231
112 231
169 231
171 231
175 231
204 231
228 231
26 232
38 232
46 232
56 232
104 232
123 232
183 232
189 232
214 232
216 232
45 233
59 233
77 233
91 233
100 233
123 233
131 233
159 233
172 233
211 233
219 233
221 233
224 233
226 233
41 234
52 234
81 234
88 234
94 234
113 234
138 234
163 234
167 234
174 234
184 234
193 234
207 234
63 235
78 235
107 235
179 235
181 235
185 235
187 235
197 235
205 235
218 235
7 236
34 236
46 236
87 236
89 236
101 236
102 236
142 236
171 236
177 236
189 236
195 236
218 236
225 236
3 237
40 237
84 237
90 237
100 237
109 237
199 237
203 237
204 237
207 237
231 237
234 237
16 238
19 238
44 238
51 238
67 238
84 238
85 238
90 238
104 238
109 238
115 238
156 238
167 238
171 238
214 238
7 239
19 239
111 239
122 239
138 239
140 239
153 239
170 239
182 239
189 239
212 239
214 239
28 240
30 240
32 240
35 240
41 240
48 240
52 240
53 240
69 240
95 240
145 240
162 240
184 240
27 241
44 241
68 241
77 241
84 241
97 241
121 241
155 241
158 241
233 241
236 241
5 242
48 242
56 242
69 242
96 242
110 242
123 242
133 242
185 242
186 242
192 242
221 242
20 243
80 243
116 243
125 243
143 243
155 243
0 244
21 244
39 244
42 244
79 244
87 244
98 244
136 244
156 244
161 244
162 244
174 244
215 244
231 244
234 244
238 244
10 245
11 245
23 245
49 245
96 245
110 245
120 245
132 245
134 245
137 245
155 245
164 245
172 245
179 245
195 245
206 245
218 245
220 245
11 246
18 246
34 246
45 246
49 246
51 246
75 246
95 246
142 246
157 246
186 246
222 246
230 246
234 246
243 246
18 247
31 247
78 247
112 247
124 247
156 247
157 247
228 247
237 247
0 248
18 248
38 248
55 248
60 248
72 248
101 248
146 248
159 248
163 248
169 248
242 248
1 249
12 249
14 249
31 249
43 249
90 249
117 249
126 249
199 249
212 249
231 249
26 250
33 250
41 250
49 250
76 250
126 250
151 250
175 250
179 250
231 250
5 251
8 251
9 251
16 251
59 251
102 251
109 251
112 251
124 251
129 251
147 251
162 251
176 251
191 251
225 251
236 251
6 252
18 252
32 252
38 252
87 252
98 252
114 252
121 252
130 252
136 252
231 252
233 252
236 252
29 253
44 253
75 253
82 253
88 253
120 253
131 253
150 253
152 253
153 253
164 253
185 253
204 253
206 253
16 254
56 254
57 254
94 254
113 254
125 254
137 254
176 254
217 254
2 255
10 255
40 255
45 255
48 255
57 255
65 255
71 255
73 255
93 255
105 255
127 255
138 255
142 255
148 255
169 255
183 255
196 255
199 255
203 255
214 255
215 255
217 255
3 256
10 256
27 256
30 256
67 256
96 256
106 256
124 256
132 256
148 256
172 256
175 256
182 256
230 256
48 257
52 257
63 257
72 257
95 257
107 257
111 257
120 257
136 257
217 257
221 257
226 257
245 257
2 258
44 258
85 258
90 258
96 258
100 258
110 258
115 258
124 258
144 258
165 258
203 258
43 259
46 259
65 259
78 259
90 259
115 259
133 259
143 259
149 259
164 259
192 259
212 259
218 259
232 259
253 259
5 260
17 260
30 260
39 260
46 260
71 260
89 260
101 260
110 260
121 260
126 260
178 260
197 260
13 261
29 261
41 261
49 261
55 261
64 261
69 261
72 261
104 261
116 261
149 261
160 261
167 261
172 261
189 261
233 261
21 262
22 262
41 262
43 262
58 262
119 262
126 262
138 262
145 262
157 262
175 262
193 262
203 262
220 262
222 262
225 262
4 263
33 263
37 263
67 263
116 263
125 263
128 263
133 263
147 263
150 263
179 263
182 263
226 263
227 263
64 264
82 264
84 264
93 264
95 264
96 264
113 264
127 264
151 264
160 264
180 264
205 264
231 264
64 265
111 265
112 265
157 265
174 265
214 265
218 265
260 265
83 266
96 266
139 266
165 266
205 266
208 266
244 266
246 266
252 266
254 266
263 266
23 267
48 267
49 267
62 267
65 267
76 267
97 267
113 267
122 267
127 267
130 267
139 267
158 267
171 267
191 267
219 267
18 268
20 268
23 268
48 268
53 268
67 268
104 268
110 268
142 268
148 268
174 268
181 268
186 268
225 268
233 268
235 268
237 268
248 268
26 269
48 269
49 269
59 269
84 269
98 269
105 269
113 269
135 269
149 269
200 269
201 269
205 269
212 269
244 269
263 269
1 270
14 270
22 270
26 270
40 270
52 270
91 270
100 270
102 270
133 270
134 270
139 270
146 270
161 270
162 270
181 270
182 270
246 270
8 271
10 271
13 271
31 271
53 271
71 271
73 271
76 271
85 271
109 271
167 271
177 271
178 271
256 271
24 272
39 272
45 272
56 272
78 272
106 272
112 272
121 272
135 272
136 272
144 272
153 272
156 272
176 272
182 272
189 272
21 273
23 273
25 273
57 273
59 273
80 273
92 273
132 273
195 273
198 273
256 273
3 274
18 274
58 274
61 274
80 274
103 274
122 274
128 274
133 274
144 274
152 274
165 274
192 274
197 274
241 274
6 275
18 275
23 275
41 275
55 275
67 275
71 275
95 275
102 275
103 275
155 275
159 275
162 275
224 275
228 275
264 275
26 276
69 276
70 276
121 276
128 276
131 276
190 276
196 276
214 276
233 276
258 276
0 277
18 277
28 277
49 277
53 277
60 277
63 277
74 277
82 277
89 277
91 277
104 277
115 277
116 277
123 277
129 277
133 277
167 277
192 277
239 277
243 277
249 277
258 277
16 278
43 278
45 278
68 278
80 278
101 278
130 278
131 278
159 278
184 278
197 278
227 278
236 278
268 278
3 279
20 279
25 279
34 279
45 279
65 279
68 279
71 279
74 279
77 279
89 279
109 279
111 279
132 279
134 279
162 279
164 279
165 279
169 279
171 279
213 279
230 279
15 280
18 280
20 280
33 280
67 280
76 280
84 280
90 280
94 280
107 280
155 280
172 280
198 280
262 280
5 281
28 281
29 281
42 281
45 281
53 281
55 281
73 281
78 281
112 281
113 281
124 281
154 281
181 281
243 281
244 281
246 281
252 281
268 281
271 281
6 282
40 282
78 282
85 282
116 282
143 282
150 282
159 282
163 282
199 282
221 282
226 282
240 282
243 282
254 282
262 282
0 283
14 283
27 283
39 283
117 283
131 283
150 283
159 283
171 283
172 283
181 283
198 283
211 283
228 283
233 283
257 283
262 283
275 283
278 283
32 284
42 284
60 284
62 284
93 284
99 284
111 284
165 284
282 284
29 285
54 285
64 285
92 285
97 285
98 285
99 285
101 285
118 285
133 285
160 285
161 285
177 285
180 285
184 285
186 285
195 285
217 285
235 285
10 286
40 286
43 286
81 286
110 286
117 286
133 286
134 286
136 286
170 286
198 286
205 286
215 286
233 286
255 286
7 287
9 287
12 287
13 287
14 287
20 287
40 287
48 287
88 287
227 287
228 287
240 287
241 287
264 287
57 288
60 288
116 288
168 288
206 288
207 288
220 288
226 288
240 288
246 288
4 289
17 289
63 289
68 289
80 289
93 289
121 289
137 289
192 289
205 289
207 289
209 289
269 289
271 289
273 289
23 290
49 290
61 290
115 290
131 290
151 290
166 290
167 290
176 290
199 290
208 290
215 290
229 290
232 290
255 290
266 290
275 290
38 291
40 291
43 291
49 291
85 291
107 291
117 291
168 291
183 291
208 291
209 291
280 291
28 292
83 292
92 292
99 292
115 292
128 292
129 292
157 292
161 292
239 292
246 292
251 292
254 292
275 292
282 292
6 293
13 293
63 293
65 293
87 293
91 293
110 293
120 293
164 293
188 293
194 293
201 293
263 293
1 294
5 294
51 294
80 294
82 294
103 294
117 294
125 294
149 294
161 294
165 294
166 294
167 294
185 294
217 294
219 294
229 294
232 294
263 294
269 294
282 294
285 294
41 295
64 295
70 295
73 295
77 295
107 295
141 295
145 295
173 295
184 295
202 295
205 295
210 295
221 295
284 295
0 296
1 296
58 296
63 296
139 296
140 296
147 296
156 296
164 296
185 296
220 296
248 296
285 296
286 296
30 297
35 297
47 297
55 297
82 297
150 297
157 297
188 297
197 297
198 297
222 297
226 297
279 297
32 298
53 298
56 298
62 298
76 298
80 298
81 298
85 298
102 298
187 298
196 298
223 298
229 298
245 298
248 298
22 299
36 299
63 299
91 299
100 299
102 299
113 299
124 299
142 299
192 299
198 299
200 299
244 299
246 299
247 299
250 299
268 299
