300 6880 5
23 1 37 3 11 1 2 2 11 1 10 3 6 13 48 11 8 3 10 14 17 2 2 20 10 13 19 3 22 12 4 6 5 10 4 11 2 11 16 15 5 2 9 28 11 9 6 5 2 6 8 2 4 16 1 5 15 24 6 44 9 20 16 2 16 13 6 15 15 22 5 12 2 38 1 9 30 20 27 18 14 12 10 5 13 2 9 30 10 13 6 3 7 10 31 9 11 1 9 2 17 20 2 7 1 25 14 23 18 1 29 1 19 12 2 1 8 35 2 10 9 2 1 3 14 18 1 4 3 9 11 3 13 10 23 22 2 37 7 6 18 1 15 3 1 9 3 16 11 13 8 38 10 2 33 8 10 40 22 28 1 5 12 6 48 19 34 15 1 7 2 33 15 28 2 18 4 3 2 21 39 2 7 5 6 13 14 16 15 35 12 6 22 18 7 16 21 8 5 14 15 51 7 17 3 3 4 8 8 1 7 14 27 44 4 7 15 4 7 14 7 4 1 14 24 22 12 17 12 5 6 2 1 6 2 12 14 23 1 3 13 4 4 39 15 19 20 6 30 11 2 6 5 12 21 2 57 1 13 2 24 20 20 48 2 6 25 8 15 10 10 2 7 12 3 12 16 15 4 2 5 14 7 3 4 2 2 4 11 8 10 8 15 10 23 4 16 4 3 6
1 9
2 10
3 10
5 10
8 10
1 13
2 13
3 13
5 13
6 13
0 14
4 14
5 14
7 14
9 14
0 15
2 15
0 17
6 17
7 17
8 17
9 18
0 19
1 19
13 19
7 20
9 20
2 21
13 21
4 23
8 23
2 24
6 24
8 24
11 24
10 26
17 26
19 26
22 26
23 26
25 26
2 27
4 27
15 27
21 27
24 27
2 28
5 28
7 28
8 28
13 28
16 28
17 28
4 29
5 29
9 29
21 29
23 29
2 30
3 30
4 30
15 30
17 30
23 30
0 31
7 32
11 32
13 32
2 33
6 33
12 33
21 33
22 33
25 33
3 34
5 34
10 34
13 34
16 34
1 35
3 35
4 35
13 35
18 35
22 35
25 35
15 36
17 36
21 36
7 37
10 37
12 37
18 37
3 38
7 38
8 38
16 38
17 38
24 38
35 38
36 38
37 38
1 39
2 39
3 39
9 39
11 39
12 39
17 39
27 39
5 40
13 40
14 40
23 40
34 40
5 41
6 41
16 41
21 41
22 41
28 41
34 41
7 42
12 42
13 42
15 42
23 42
24 42
28 42
31 42
33 42
37 42
2 43
4 43
8 43
15 43
17 43
36 43
2 44
5 44
6 44
17 44
1 45
10 45
12 45
18 45
22 45
25 45
29 45
4 46
6 46
7 46
10 46
14 46
32 46
7 47
10 47
15 47
22 47
29 47
36 47
38 47
45 47
0 48
5 48
8 48
9 48
13 48
17 48
18 48
19 48
23 48
31 48
37 48
40 48
46 48
5 49
14 49
22 49
23 49
26 49
31 49
34 49
38 49
1 50
5 50
11 50
17 50
22 50
35 50
36 50
37 50
43 50
44 50
5 51
8 51
14 51
16 51
17 51
18 51
20 51
28 51
30 51
34 51
41 51
44 51
0 52
13 52
14 52
15 52
36 52
38 52
10 53
15 53
19 53
30 53
34 53
35 53
36 53
37 53
39 53
41 53
46 53
2 54
21 54
27 54
29 54
33 54
34 54
40 54
14 55
19 55
21 55
33 55
35 55
36 55
40 55
6 56
7 56
8 56
14 56
15 56
33 56
37 56
46 56
13 57
18 57
19 57
27 57
35 57
38 57
40 57
12 58
18 58
25 58
7 59
15 59
16 59
31 59
41 59
45 59
6 60
16 60
17 60
18 60
21 60
25 60
27 60
30 60
41 60
44 60
46 60
5 61
9 61
13 61
14 61
15 61
16 61
25 61
29 61
31 61
40 61
46 61
10 62
11 62
12 62
21 62
22 62
27 62
31 62
32 62
52 62
53 62
60 62
1 63
4 63
7 63
10 63
11 63
14 63
15 63
16 63
22 63
31 63
34 63
41 63
42 63
49 63
60 63
0 64
6 64
14 64
28 64
34 64
40 64
44 64
28 65
29 65
40 65
57 65
58 65
59 65
7 66
8 66
10 66
23 66
40 66
13 67
21 67
22 67
35 67
40 67
56 67
10 68
13 68
18 68
31 68
35 68
41 68
51 68
60 68
4 69
14 69
17 69
22 69
27 69
28 69
32 69
44 69
49 69
50 69
59 69
5 70
28 70
33 70
46 70
53 70
57 70
61 70
2 71
4 71
6 71
13 71
33 71
47 71
54 71
59 71
2 72
3 72
5 72
8 72
25 72
29 72
39 72
41 72
47 72
53 72
55 72
57 72
61 72
66 72
71 72
5 73
6 73
9 73
16 73
18 73
27 73
37 73
40 73
45 73
46 73
50 73
54 73
64 73
67 73
70 73
7 74
14 74
16 74
19 74
29 74
30 74
32 74
33 74
40 74
42 74
43 74
51 74
52 74
53 74
57 74
60 74
64 74
0 75
7 75
9 75
14 75
17 75
20 75
29 75
51 75
53 75
54 75
57 75
66 75
0 76
6 76
9 76
16 76
22 76
26 76
28 76
32 76
38 76
50 76
61 76
12 77
19 77
37 77
47 77
49 77
52 77
54 77
55 77
57 77
7 78
13 78
14 78
19 78
29 78
32 78
38 78
7 79
13 79
14 79
17 79
22 79
26 79
32 79
38 79
40 79
42 79
48 79
50 79
56 79
57 79
61 79
0 80
4 80
5 80
11 80
13 80
24 80
27 80
30 80
39 80
45 80
51 80
52 80
57 80
7 81
12 81
18 81
22 81
24 81
25 81
31 81
37 81
61 81
3 82
7 82
14 82
18 82
21 82
23 82
28 82
29 82
35 82
41 82
51 82
54 82
55 82
66 82
68 82
5 83
7 83
19 83
24 83
31 83
32 83
38 83
41 83
43 83
53 83
54 83
0 84
1 84
8 84
10 84
26 84
41 84
45 84
57 84
0 85
1 85
9 85
18 85
29 85
36 85
41 85
43 85
81 85
5 86
23 86
42 86
52 86
58 86
72 86
74 86
79 86
82 86
3 87
16 87
25 87
32 87
33 87
35 87
41 87
45 87
46 87
47 87
48 87
57 87
64 87
73 87
76 87
81 87
0 88
20 88
25 88
27 88
39 88
46 88
67 88
79 88
81 88
83 88
17 89
21 89
28 89
32 89
35 89
51 89
70 89
75 89
76 89
1 90
23 90
24 90
25 90
26 90
43 90
49 90
56 90
65 90
69 90
76 90
82 90
0 91
14 91
19 91
23 91
40 91
41 91
46 91
56 91
63 91
65 91
70 91
82 91
84 91
4 92
21 92
22 92
24 92
38 92
43 92
49 92
61 92
74 92
79 92
89 92
5 93
10 93
16 93
19 93
20 93
22 93
35 93
47 93
48 93
50 93
76 93
77 93
81 93
84 93
86 93
87 93
17 94
26 94
37 94
44 94
45 94
48 94
61 94
67 94
80 94
81 94
88 94
90 94
6 95
15 95
19 95
20 95
21 95
31 95
32 95
40 95
60 95
80 95
86 95
1 96
2 96
5 96
12 96
19 96
23 96
25 96
30 96
32 96
36 96
43 96
47 96
48 96
56 96
57 96
59 96
62 96
75 96
78 96
87 96
89 96
8 97
11 97
37 97
43 97
52 97
60 97
63 97
67 97
70 97
71 97
78 97
83 97
90 97
6 98
14 98
17 98
29 98
31 98
40 98
41 98
48 98
54 98
75 98
78 98
90 98
0 99
1 99
14 99
15 99
25 99
39 99
46 99
53 99
58 99
59 99
61 99
70 99
94 99
97 99
2 100
15 100
23 100
41 100
43 100
48 100
58 100
59 100
68 100
79 100
81 100
82 100
83 100
96 100
98 100
2 101
17 101
22 101
24 101
28 101
34 101
37 101
40 101
42 101
44 101
57 101
58 101
62 101
70 101
76 101
92 101
93 101
95 101
98 101
20 102
33 102
35 102
36 102
47 102
50 102
54 102
60 102
62 102
66 102
80 102
88 102
90 102
97 102
2 103
10 103
13 103
27 103
29 103
37 103
39 103
42 103
47 103
63 103
68 103
71 103
77 103
89 103
94 103
96 103
2 104
6 104
14 104
25 104
31 104
32 104
33 104
34 104
41 104
55 104
62 104
72 104
74 104
77 104
80 104
82 104
98 104
14 105
23 105
28 105
36 105
45 105
47 105
49 105
56 105
65 105
66 105
70 105
80 105
91 105
94 105
7 106
11 106
13 106
16 106
25 106
26 106
33 106
34 106
36 106
42 106
56 106
59 106
69 106
76 106
78 106
79 106
84 106
94 106
98 106
6 107
14 107
33 107
41 107
54 107
67 107
71 107
72 107
91 107
96 107
1 108
3 108
17 108
25 108
26 108
42 108
44 108
48 108
54 108
56 108
72 108
76 108
79 108
86 108
89 108
90 108
91 108
7 109
8 109
9 109
21 109
22 109
28 109
30 109
31 109
33 109
34 109
36 109
37 109
42 109
43 109
48 109
49 109
50 109
52 109
72 109
74 109
85 109
89 109
95 109
5 110
6 110
8 110
11 110
18 110
33 110
38 110
45 110
55 110
59 110
76 110
78 110
84 110
3 111
7 111
11 111
20 111
24 111
40 111
41 111
50 111
51 111
59 111
63 111
67 111
74 111
78 111
79 111
83 111
89 111
95 111
96 111
0 112
8 112
18 112
21 112
26 112
27 112
30 112
36 112
44 112
50 112
69 112
70 112
80 112
86 112
1 113
12 113
30 113
37 113
50 113
56 113
57 113
60 113
62 113
66 113
73 113
79 113
88 113
96 113
3 114
4 114
19 114
35 114
36 114
37 114
43 114
45 114
64 114
67 114
84 114
86 114
91 114
94 114
95 114
96 114
7 115
17 115
23 115
27 115
37 115
43 115
56 115
61 115
68 115
75 115
76 115
79 115
82 115
87 115
96 115
113 115
0 116
5 116
15 116
18 116
27 116
37 116
41 116
55 116
56 116
58 116
72 116
80 116
92 116
96 116
107 116
112 116
3 117
14 117
17 117
35 117
36 117
49 117
69 117
80 117
84 117
86 117
91 117
96 117
106 117
113 117
1 118
6 118
8 118
13 118
16 118
22 118
34 118
42 118
49 118
58 118
59 118
65 118
67 118
69 118
71 118
72 118
73 118
76 118
82 118
87 118
91 118
101 118
105 118
106 118
110 118
113 118
11 119
16 119
21 119
27 119
28 119
29 119
31 119
36 119
38 119
43 119
44 119
45 119
49 119
61 119
62 119
69 119
73 119
86 119
87 119
91 119
95 119
106 119
109 119
7 120
9 120
11 120
15 120
39 120
42 120
52 120
58 120
64 120
66 120
76 120
78 120
81 120
87 120
88 120
89 120
90 120
97 120
99 120
106 120
109 120
112 120
0 121
2 121
9 121
13 121
17 121
25 121
31 121
33 121
49 121
53 121
63 121
64 121
70 121
77 121
83 121
89 121
104 121
105 121
0 122
2 122
3 122
6 122
12 122
21 122
26 122
33 122
37 122
38 122
50 122
55 122
58 122
60 122
61 122
64 122
66 122
68 122
74 122
90 122
100 122
102 122
104 122
0 123
7 123
9 123
14 123
17 123
29 123
47 123
50 123
54 123
60 123
62 123
63 123
64 123
69 123
82 123
101 123
105 123
108 123
109 123
110 123
112 123
114 123
1 124
4 124
17 124
38 124
43 124
50 124
53 124
59 124
60 124
69 124
75 124
83 124
90 124
92 124
97 124
102 124
104 124
113 124
1 125
10 125
13 125
16 125
17 125
18 125
19 125
24 125
39 125
40 125
42 125
54 125
62 125
64 125
68 125
73 125
81 125
90 125
113 125
124 125
10 126
14 126
23 126
24 126
26 126
33 126
36 126
41 126
42 126
49 126
72 126
83 126
84 126
85 126
91 126
100 126
101 126
115 126
5 127
12 127
20 127
27 127
29 127
37 127
39 127
40 127
43 127
45 127
49 127
61 127
82 127
85 127
88 127
89 127
96 127
97 127
99 127
103 127
116 127
123 127
4 128
6 128
9 128
12 128
17 128
21 128
33 128
38 128
40 128
47 128
63 128
71 128
75 128
79 128
95 128
98 128
101 128
103 128
105 128
111 128
113 128
114 128
120 128
0 129
3 129
8 129
13 129
14 129
21 129
23 129
36 129
45 129
58 129
71 129
81 129
90 129
94 129
102 129
104 129
108 129
111 129
119 129
123 129
1 130
6 130
13 130
25 130
39 130
44 130
61 130
67 130
73 130
80 130
81 130
96 130
101 130
107 130
117 130
0 131
9 131
15 131
19 131
24 131
29 131
42 131
50 131
53 131
54 131
61 131
68 131
83 131
85 131
97 131
103 131
109 131
113 131
117 131
121 131
126 131
3 132
26 132
30 132
37 132
43 132
51 132
58 132
59 132
85 132
89 132
94 132
112 132
118 132
119 132
120 132
122 132
123 132
27 133
44 133
57 133
61 133
68 133
71 133
87 133
93 133
96 133
103 133
114 133
118 133
119 133
127 133
13 134
28 134
29 134
34 134
39 134
50 134
55 134
65 134
79 134
85 134
88 134
97 134
107 134
114 134
118 134
119 134
0 135
12 135
16 135
18 135
21 135
25 135
29 135
35 135
40 135
42 135
51 135
56 135
64 135
70 135
73 135
81 135
83 135
85 135
92 135
105 135
107 135
109 135
110 135
111 135
114 135
119 135
120 135
125 135
128 135
15 136
18 136
23 136
26 136
34 136
38 136
39 136
40 136
49 136
73 136
78 136
82 136
86 136
87 136
88 136
90 136
101 136
107 136
113 136
119 136
13 137
19 137
24 137
30 137
33 137
37 137
39 137
49 137
54 137
58 137
62 137
63 137
76 137
78 137
80 137
87 137
90 137
91 137
103 137
106 137
107 137
108 137
109 137
116 137
121 137
122 137
0 138
11 138
12 138
21 138
24 138
29 138
30 138
37 138
39 138
47 138
69 138
76 138
95 138
103 138
117 138
122 138
127 138
132 138
133 138
134 138
137 138
2 139
5 139
19 139
20 139
24 139
27 139
31 139
45 139
46 139
58 139
65 139
67 139
69 139
70 139
71 139
72 139
74 139
81 139
89 139
93 139
96 139
100 139
102 139
104 139
106 139
110 139
111 139
124 139
125 139
129 139
0 140
16 140
20 140
25 140
26 140
35 140
38 140
44 140
50 140
58 140
72 140
80 140
85 140
89 140
96 140
105 140
107 140
127 140
130 140
132 140
135 140
1 141
11 141
14 141
16 141
18 141
30 141
34 141
41 141
44 141
57 141
60 141
64 141
74 141
80 141
85 141
97 141
107 141
117 141
131 141
1 142
3 142
5 142
8 142
20 142
27 142
33 142
37 142
39 142
41 142
45 142
49 142
58 142
62 142
71 142
80 142
81 142
87 142
88 142
93 142
107 142
110 142
111 142
114 142
116 142
127 142
8 143
25 143
26 143
28 143
29 143
36 143
56 143
57 143
80 143
87 143
110 143
126 143
130 143
136 143
137 143
3 144
8 144
14 144
15 144
19 144
22 144
26 144
28 144
34 144
57 144
58 144
62 144
63 144
64 144
65 144
69 144
76 144
77 144
83 144
89 144
98 144
109 144
112 144
113 144
115 144
127 144
136 144
1 145
5 145
7 145
23 145
25 145
27 145
28 145
35 145
37 145
45 145
51 145
55 145
56 145
62 145
67 145
70 145
77 145
78 145
87 145
96 145
97 145
98 145
107 145
118 145
120 145
121 145
122 145
130 145
133 145
136 145
8 146
13 146
14 146
16 146
17 146
19 146
24 146
25 146
26 146
34 146
37 146
44 146
45 146
64 146
65 146
72 146
75 146
77 146
95 146
110 146
121 146
122 146
123 146
129 146
132 146
9 147
10 147
13 147
15 147
16 147
23 147
28 147
29 147
34 147
54 147
57 147
59 147
69 147
72 147
83 147
91 147
93 147
103 147
116 147
122 147
0 148
2 148
5 148
6 148
18 148
24 148
40 148
46 148
49 148
51 148
52 148
75 148
85 148
86 148
88 148
89 148
96 148
104 148
105 148
108 148
121 148
13 149
14 149
50 149
54 149
59 149
62 149
69 149
71 149
75 149
85 149
88 149
92 149
96 149
97 149
110 149
117 149
129 149
133 149
134 149
136 149
137 149
4 150
17 150
21 150
24 150
27 150
30 150
41 150
57 150
58 150
61 150
76 150
87 150
95 150
103 150
105 150
112 150
127 150
136 150
145 150
1 151
11 151
14 151
15 151
20 151
21 151
22 151
25 151
27 151
33 151
34 151
44 151
53 151
57 151
73 151
76 151
78 151
83 151
86 151
95 151
99 151
111 151
112 151
116 151
135 151
140 151
7 152
14 152
15 152
20 152
24 152
27 152
39 152
40 152
43 152
46 152
50 152
55 152
64 152
69 152
83 152
84 152
93 152
109 152
118 152
123 152
132 152
134 152
135 152
137 152
139 152
149 152
27 153
34 153
35 153
39 153
49 153
56 153
57 153
65 153
70 153
94 153
97 153
106 153
114 153
128 153
145 153
3 154
11 154
12 154
19 154
30 154
37 154
43 154
50 154
53 154
54 154
67 154
70 154
71 154
72 154
75 154
76 154
78 154
81 154
90 154
96 154
104 154
109 154
114 154
119 154
121 154
122 154
126 154
136 154
142 154
145 154
146 154
148 154
0 155
7 155
8 155
13 155
15 155
16 155
22 155
28 155
29 155
30 155
45 155
47 155
58 155
62 155
66 155
72 155
82 155
86 155
89 155
95 155
99 155
103 155
104 155
111 155
117 155
121 155
122 155
133 155
136 155
139 155
145 155
149 155
1 156
8 156
19 156
29 156
34 156
43 156
46 156
74 156
79 156
88 156
93 156
104 156
112 156
120 156
132 156
143 156
13 157
17 157
28 157
33 157
44 157
47 157
49 157
74 157
81 157
89 157
90 157
97 157
98 157
99 157
104 157
105 157
106 157
113 157
115 157
117 157
121 157
132 157
134 157
141 157
143 157
148 157
1 158
4 158
8 158
9 158
17 158
41 158
44 158
73 158
74 158
102 158
109 158
110 158
115 158
118 158
126 158
134 158
139 158
8 159
20 159
28 159
33 159
44 159
49 159
51 159
55 159
56 159
65 159
78 159
80 159
91 159
95 159
101 159
103 159
108 159
126 159
129 159
130 159
145 159
3 160
6 160
14 160
29 160
32 160
33 160
47 160
50 160
62 160
63 160
71 160
77 160
78 160
79 160
88 160
99 160
118 160
124 160
125 160
130 160
131 160
132 160
139 160
146 160
148 160
8 161
16 161
23 161
36 161
40 161
45 161
55 161
60 161
64 161
75 161
84 161
85 161
86 161
98 161
100 161
111 161
136 161
145 161
148 161
149 161
152 161
13 162
17 162
27 162
29 162
32 162
34 162
37 162
45 162
53 162
54 162
58 162
59 162
60 162
68 162
72 162
78 162
101 162
116 162
117 162
121 162
127 162
141 162
144 162
158 162
0 163
1 163
4 163
13 163
22 163
24 163
32 163
34 163
36 163
45 163
46 163
49 163
51 163
53 163
54 163
57 163
70 163
75 163
76 163
81 163
88 163
93 163
97 163
119 163
127 163
131 163
155 163
8 164
13 164
15 164
22 164
34 164
46 164
51 164
52 164
56 164
59 164
63 164
64 164
71 164
75 164
78 164
79 164
80 164
81 164
84 164
88 164
91 164
107 164
117 164
121 164
126 164
140 164
152 164
3 165
25 165
33 165
34 165
35 165
37 165
45 165
48 165
52 165
55 165
56 165
58 165
63 165
64 165
68 165
85 165
88 165
89 165
91 165
95 165
98 165
102 165
123 165
126 165
127 165
134 165
137 165
138 165
143 165
149 165
154 165
156 165
0 166
2 166
7 166
13 166
17 166
19 166
31 166
45 166
46 166
53 166
54 166
60 166
66 166
67 166
71 166
92 166
94 166
118 166
137 166
140 166
146 166
153 166
160 166
3 167
5 167
8 167
13 167
24 167
27 167
39 167
47 167
50 167
52 167
57 167
79 167
82 167
83 167
84 167
98 167
99 167
103 167
110 167
132 167
134 167
135 167
147 167
153 167
157 167
0 168
2 168
18 168
22 168
25 168
26 168
33 168
35 168
36 168
38 168
45 168
50 168
60 168
71 168
74 168
79 168
85 168
93 168
99 168
108 168
119 168
124 168
145 168
151 168
154 168
7 169
10 169
22 169
23 169
26 169
29 169
36 169
45 169
49 169
52 169
54 169
55 169
56 169
57 169
64 169
69 169
81 169
85 169
91 169
93 169
96 169
101 169
113 169
120 169
124 169
139 169
144 169
146 169
148 169
150 169
159 169
3 170
6 170
18 170
23 170
29 170
33 170
41 170
46 170
61 170
64 170
69 170
70 170
73 170
74 170
76 170
80 170
81 170
86 170
87 170
95 170
99 170
102 170
113 170
116 170
118 170
119 170
126 170
131 170
141 170
145 170
154 170
158 170
8 171
9 171
13 171
26 171
37 171
49 171
57 171
62 171
63 171
77 171
78 171
94 171
96 171
97 171
103 171
108 171
113 171
126 171
127 171
131 171
133 171
157 171
158 171
164 171
0 172
4 172
20 172
21 172
23 172
27 172
33 172
39 172
40 172
51 172
59 172
60 172
62 172
79 172
84 172
89 172
90 172
91 172
94 172
111 172
135 172
137 172
138 172
139 172
151 172
152 172
154 172
168 172
170 172
4 173
5 173
16 173
19 173
24 173
28 173
41 173
42 173
44 173
47 173
51 173
55 173
69 173
70 173
78 173
92 173
110 173
114 173
121 173
124 173
134 173
136 173
137 173
140 173
152 173
155 173
162 173
170 173
13 174
17 174
20 174
29 174
35 174
45 174
51 174
65 174
72 174
73 174
82 174
92 174
103 174
121 174
122 174
125 174
131 174
135 174
143 174
146 174
147 174
158 174
164 174
167 174
168 174
9 175
16 175
19 175
23 175
29 175
37 175
39 175
40 175
42 175
52 175
54 175
55 175
58 175
75 175
85 175
99 175
103 175
111 175
115 175
119 175
130 175
138 175
149 175
157 175
158 175
6 176
8 176
9 176
11 176
12 176
13 176
14 176
17 176
27 176
32 176
34 176
39 176
40 176
50 176
55 176
60 176
64 176
69 176
73 176
77 176
110 176
116 176
117 176
124 176
127 176
128 176
135 176
143 176
147 176
151 176
165 176
168 176
1 177
2 177
7 177
19 177
23 177
28 177
29 177
31 177
39 177
44 177
46 177
49 177
51 177
52 177
56 177
62 177
63 177
66 177
70 177
72 177
73 177
80 177
88 177
91 177
93 177
103 177
106 177
116 177
130 177
132 177
139 177
148 177
154 177
157 177
167 177
1 178
8 178
25 178
32 178
33 178
36 178
37 178
47 178
54 178
57 178
67 178
69 178
74 178
86 178
87 178
96 178
97 178
102 178
105 178
106 178
112 178
116 178
132 178
133 178
134 178
138 178
148 178
165 178
167 178
168 178
2 179
12 179
19 179
24 179
31 179
40 179
41 179
44 179
47 179
53 179
57 179
59 179
62 179
64 179
68 179
72 179
73 179
76 179
85 179
88 179
95 179
103 179
106 179
111 179
112 179
125 179
131 179
138 179
140 179
149 179
153 179
156 179
0 180
4 180
5 180
9 180
17 180
21 180
29 180
49 180
52 180
55 180
65 180
67 180
70 180
72 180
78 180
80 180
85 180
103 180
111 180
118 180
121 180
131 180
133 180
142 180
149 180
0 181
12 181
13 181
14 181
15 181
20 181
24 181
27 181
34 181
49 181
50 181
53 181
55 181
58 181
75 181
77 181
80 181
89 181
104 181
105 181
120 181
128 181
129 181
132 181
137 181
138 181
139 181
141 181
144 181
146 181
149 181
150 181
155 181
156 181
157 181
160 181
165 181
11 182
17 182
18 182
42 182
44 182
49 182
54 182
62 182
66 182
67 182
69 182
72 182
97 182
105 182
107 182
109 182
115 182
121 182
131 182
134 182
141 182
146 182
160 182
161 182
165 182
175 182
179 182
180 182
181 182
3 183
6 183
8 183
11 183
15 183
19 183
20 183
40 183
49 183
50 183
52 183
66 183
80 183
87 183
91 183
92 183
108 183
109 183
111 183
115 183
118 183
121 183
127 183
128 183
132 183
141 183
146 183
150 183
160 183
162 183
168 183
175 183
177 183
180 183
181 183
1 184
3 184
5 184
8 184
10 184
14 184
23 184
38 184
49 184
64 184
67 184
76 184
78 184
98 184
100 184
103 184
112 184
126 184
135 184
139 184
140 184
141 184
151 184
156 184
163 184
169 184
176 184
178 184
179 184
181 184
21 185
25 185
29 185
44 185
48 185
51 185
53 185
59 185
63 185
66 185
67 185
73 185
74 185
76 185
77 185
80 185
89 185
101 185
103 185
105 185
107 185
114 185
124 185
125 185
130 185
144 185
147 185
153 185
163 185
10 186
13 186
17 186
22 186
28 186
32 186
46 186
49 186
50 186
52 186
54 186
57 186
69 186
75 186
79 186
81 186
92 186
101 186
104 186
106 186
111 186
112 186
115 186
139 186
142 186
150 186
152 186
153 186
163 186
165 186
181 186
27 187
38 187
51 187
55 187
58 187
76 187
86 187
96 187
103 187
104 187
110 187
114 187
119 187
121 187
123 187
126 187
140 187
145 187
146 187
162 187
163 187
164 187
165 187
177 187
0 188
10 188
17 188
24 188
29 188
43 188
46 188
47 188
63 188
65 188
66 188
70 188
72 188
76 188
77 188
91 188
103 188
110 188
122 188
126 188
136 188
138 188
141 188
146 188
148 188
169 188
181 188
0 189
5 189
10 189
11 189
16 189
17 189
31 189
42 189
46 189
48 189
52 189
57 189
58 189
65 189
70 189
75 189
77 189
79 189
83 189
95 189
98 189
104 189
107 189
115 189
120 189
125 189
135 189
139 189
148 189
152 189
164 189
168 189
175 189
178 189
181 189
0 190
13 190
17 190
29 190
31 190
43 190
44 190
46 190
53 190
54 190
56 190
58 190
75 190
76 190
78 190
80 190
88 190
92 190
101 190
120 190
132 190
133 190
136 190
140 190
141 190
143 190
151 190
164 190
167 190
169 190
170 190
177 190
185 190
189 190
30 191
37 191
42 191
52 191
62 191
84 191
87 191
92 191
98 191
100 191
103 191
104 191
106 191
108 191
109 191
116 191
117 191
122 191
137 191
138 191
148 191
156 191
162 191
170 191
174 191
178 191
183 191
2 192
5 192
10 192
14 192
20 192
21 192
29 192
35 192
47 192
48 192
50 192
58 192
60 192
90 192
92 192
93 192
94 192
99 192
103 192
105 192
122 192
124 192
139 192
141 192
142 192
143 192
151 192
152 192
159 192
162 192
164 192
165 192
174 192
4 193
9 193
25 193
27 193
36 193
37 193
61 193
85 193
89 193
107 193
110 193
119 193
126 193
130 193
134 193
135 193
141 193
147 193
149 193
150 193
170 193
185 193
188 193
2 194
6 194
8 194
12 194
18 194
21 194
24 194
26 194
28 194
41 194
47 194
48 194
67 194
76 194
84 194
86 194
87 194
93 194
96 194
101 194
106 194
123 194
127 194
131 194
147 194
148 194
160 194
165 194
167 194
170 194
171 194
178 194
189 194
7 195
14 195
24 195
26 195
28 195
50 195
53 195
55 195
58 195
60 195
83 195
99 195
102 195
113 195
115 195
122 195
124 195
127 195
143 195
144 195
145 195
165 195
174 195
176 195
177 195
179 195
3 196
11 196
12 196
20 196
21 196
22 196
42 196
45 196
57 196
59 196
62 196
63 196
72 196
76 196
78 196
84 196
85 196
88 196
90 196
97 196
103 196
105 196
108 196
117 196
122 196
125 196
130 196
140 196
142 196
144 196
154 196
161 196
167 196
184 196
185 196
186 196
3 197
5 197
17 197
19 197
24 197
27 197
29 197
34 197
35 197
39 197
43 197
46 197
55 197
57 197
62 197
71 197
82 197
86 197
90 197
98 197
110 197
120 197
125 197
133 197
144 197
146 197
151 197
161 197
163 197
171 197
172 197
178 197
180 197
185 197
10 198
11 198
12 198
13 198
22 198
31 198
33 198
36 198
39 198
42 198
56 198
58 198
59 198
73 198
75 198
86 198
93 198
94 198
105 198
106 198
112 198
113 198
114 198
121 198
130 198
162 198
174 198
195 198
8 199
35 199
44 199
48 199
53 199
86 199
90 199
95 199
97 199
101 199
106 199
109 199
116 199
117 199
119 199
124 199
126 199
128 199
130 199
131 199
137 199
145 199
149 199
154 199
158 199
166 199
169 199
178 199
184 199
186 199
5 200
6 200
8 200
10 200
14 200
24 200
26 200
42 200
43 200
49 200
57 200
71 200
73 200
75 200
98 200
107 200
110 200
114 200
118 200
130 200
131 200
135 200
143 200
147 200
155 200
170 200
171 200
173 200
179 200
2 201
5 201
12 201
18 201
29 201
39 201
40 201
46 201
63 201
66 201
67 201
69 201
70 201
77 201
79 201
80 201
86 201
90 201
91 201
107 201
122 201
125 201
131 201
137 201
138 201
140 201
148 201
150 201
152 201
154 201
155 201
165 201
172 201
174 201
181 201
182 201
25 202
51 202
58 202
61 202
64 202
77 202
78 202
86 202
93 202
103 202
108 202
115 202
118 202
121 202
122 202
123 202
135 202
137 202
151 202
178 202
182 202
197 202
3 203
4 203
9 203
14 203
15 203
20 203
21 203
26 203
28 203
40 203
42 203
46 203
48 203
50 203
52 203
61 203
72 203
81 203
91 203
128 203
146 203
156 203
160 203
163 203
168 203
171 203
178 203
183 203
184 203
188 203
190 203
197 203
6 204
7 204
9 204
19 204
33 204
38 204
41 204
54 204
56 204
60 204
76 204
91 204
100 204
103 204
106 204
111 204
118 204
120 204
131 204
136 204
143 204
145 204
150 204
151 204
155 204
168 204
170 204
174 204
183 204
187 204
192 204
2 205
15 205
17 205
20 205
25 205
26 205
29 205
33 205
41 205
46 205
55 205
64 205
70 205
72 205
79 205
93 205
97 205
98 205
102 205
107 205
127 205
129 205
137 205
138 205
146 205
149 205
151 205
152 205
154 205
159 205
163 205
164 205
179 205
183 205
185 205
188 205
191 205
0 206
4 206
10 206
16 206
17 206
20 206
24 206
26 206
36 206
51 206
52 206
53 206
58 206
63 206
70 206
83 206
90 206
92 206
98 206
99 206
117 206
132 206
137 206
147 206
153 206
159 206
162 206
177 206
180 206
184 206
186 206
188 206
192 206
193 206
3 207
13 207
14 207
15 207
28 207
31 207
33 207
41 207
43 207
44 207
45 207
47 207
49 207
52 207
56 207
57 207
63 207
72 207
73 207
75 207
77 207
85 207
86 207
95 207
110 207
111 207
112 207
114 207
120 207
123 207
143 207
144 207
159 207
168 207
169 207
171 207
174 207
177 207
179 207
187 207
197 207
206 207
0 208
2 208
15 208
17 208
18 208
27 208
31 208
32 208
35 208
36 208
39 208
44 208
62 208
71 208
81 208
92 208
100 208
102 208
103 208
104 208
116 208
119 208
136 208
138 208
145 208
150 208
182 208
203 208
204 208
205 208
0 209
1 209
2 209
6 209
8 209
9 209
19 209
24 209
27 209
30 209
34 209
36 209
40 209
43 209
46 209
49 209
56 209
57 209
58 209
59 209
69 209
78 209
97 209
105 209
109 209
110 209
114 209
129 209
131 209
137 209
149 209
153 209
154 209
158 209
165 209
175 209
176 209
192 209
194 209
198 209
203 209
6 210
7 210
8 210
11 210
18 210
22 210
29 210
42 210
43 210
44 210
68 210
77 210
94 210
98 210
111 210
112 210
114 210
115 210
117 210
129 210
133 210
134 210
137 210
140 210
156 210
165 210
169 210
173 210
175 210
177 210
189 210
192 210
199 210
8 211
10 211
13 211
20 211
21 211
46 211
47 211
48 211
50 211
61 211
71 211
73 211
80 211
81 211
83 211
86 211
87 211
92 211
93 211
99 211
105 211
109 211
110 211
124 211
126 211
127 211
133 211
144 211
155 211
165 211
170 211
174 211
184 211
188 211
191 211
197 211
205 211
4 212
15 212
25 212
27 212
29 212
42 212
46 212
57 212
59 212
63 212
66 212
67 212
71 212
89 212
97 212
99 212
101 212
113 212
117 212
125 212
126 212
129 212
146 212
154 212
158 212
165 212
184 212
197 212
198 212
206 212
1 213
3 213
6 213
7 213
11 213
12 213
17 213
29 213
31 213
33 213
34 213
43 213
44 213
45 213
46 213
50 213
68 213
72 213
76 213
80 213
94 213
107 213
112 213
116 213
125 213
128 213
136 213
148 213
149 213
150 213
166 213
171 213
172 213
181 213
183 213
186 213
193 213
195 213
201 213
205 213
0 214
1 214
3 214
19 214
24 214
27 214
43 214
44 214
47 214
49 214
60 214
62 214
70 214
78 214
86 214
87 214
88 214
89 214
90 214
96 214
116 214
126 214
136 214
147 214
155 214
160 214
173 214
179 214
184 214
193 214
195 214
198 214
0 215
1 215
15 215
25 215
34 215
37 215
39 215
43 215
49 215
52 215
57 215
63 215
64 215
74 215
81 215
95 215
99 215
104 215
111 215
115 215
119 215
125 215
133 215
134 215
144 215
167 215
173 215
177 215
183 215
194 215
201 215
205 215
2 216
6 216
12 216
19 216
25 216
26 216
45 216
53 216
56 216
58 216
60 216
68 216
74 216
77 216
80 216
88 216
94 216
100 216
105 216
116 216
129 216
130 216
136 216
142 216
145 216
156 216
161 216
175 216
198 216
200 216
202 216
20 217
26 217
33 217
47 217
63 217
72 217
82 217
83 217
87 217
89 217
103 217
134 217
137 217
146 217
153 217
157 217
174 217
190 217
6 218
14 218
15 218
22 218
24 218
25 218
26 218
34 218
37 218
43 218
45 218
49 218
51 218
53 218
68 218
72 218
76 218
80 218
88 218
93 218
94 218
95 218
99 218
104 218
116 218
118 218
125 218
132 218
133 218
143 218
149 218
156 218
158 218
172 218
177 218
179 218
185 218
193 218
194 218
197 218
200 218
204 218
209 218
1 219
4 219
5 219
10 219
11 219
14 219
16 219
30 219
31 219
33 219
37 219
41 219
42 219
62 219
64 219
68 219
83 219
99 219
102 219
103 219
111 219
123 219
124 219
137 219
140 219
146 219
153 219
155 219
163 219
168 219
181 219
186 219
187 219
192 219
198 219
205 219
207 219
212 219
213 219
217 219
0 220
3 220
6 220
7 220
9 220
11 220
17 220
19 220
21 220
30 220
41 220
43 220
47 220
60 220
61 220
74 220
95 220
99 220
104 220
109 220
112 220
124 220
125 220
132 220
152 220
169 220
174 220
183 220
189 220
191 220
194 220
202 220
3 221
4 221
6 221
9 221
12 221
14 221
17 221
25 221
26 221
28 221
29 221
39 221
41 221
47 221
55 221
64 221
65 221
73 221
81 221
87 221
88 221
90 221
98 221
99 221
104 221
105 221
108 221
112 221
123 221
132 221
135 221
137 221
142 221
150 221
160 221
162 221
168 221
169 221
173 221
175 221
176 221
187 221
188 221
199 221
214 221
3 222
6 222
8 222
21 222
24 222
36 222
43 222
47 222
48 222
59 222
61 222
64 222
70 222
74 222
81 222
82 222
84 222
86 222
94 222
101 222
102 222
112 222
126 222
127 222
129 222
140 222
172 222
173 222
178 222
190 222
200 222
205 222
206 222
211 222
214 222
217 222
10 223
16 223
28 223
35 223
42 223
44 223
78 223
80 223
82 223
85 223
89 223
91 223
102 223
103 223
106 223
112 223
114 223
118 223
124 223
129 223
142 223
147 223
154 223
166 223
174 223
176 223
177 223
180 223
190 223
192 223
195 223
201 223
13 224
16 224
21 224
33 224
38 224
59 224
60 224
63 224
64 224
70 224
71 224
72 224
78 224
79 224
91 224
120 224
147 224
148 224
155 224
162 224
165 224
170 224
172 224
177 224
184 224
191 224
199 224
206 224
4 225
19 225
24 225
38 225
57 225
102 225
104 225
114 225
126 225
140 225
141 225
143 225
147 225
150 225
152 225
155 225
160 225
165 225
170 225
174 225
175 225
184 225
187 225
190 225
199 225
205 225
206 225
209 225
210 225
213 225
14 226
22 226
23 226
26 226
28 226
29 226
35 226
38 226
53 226
67 226
81 226
89 226
109 226
111 226
115 226
117 226
127 226
135 226
141 226
151 226
154 226
162 226
164 226
165 226
167 226
172 226
199 226
201 226
207 226
219 226
223 226
5 227
22 227
24 227
25 227
36 227
38 227
40 227
46 227
52 227
58 227
63 227
71 227
86 227
90 227
93 227
95 227
98 227
99 227
101 227
106 227
111 227
117 227
119 227
120 227
126 227
127 227
128 227
132 227
146 227
155 227
157 227
164 227
166 227
183 227
184 227
192 227
198 227
201 227
207 227
217 227
223 227
12 228
22 228
28 228
30 228
36 228
41 228
43 228
49 228
54 228
59 228
61 228
62 228
68 228
90 228
95 228
100 228
109 228
133 228
140 228
151 228
159 228
161 228
168 228
170 228
178 228
179 228
182 228
185 228
186 228
193 228
194 228
204 228
210 228
215 228
4 229
6 229
12 229
13 229
14 229
27 229
43 229
56 229
63 229
65 229
68 229
81 229
89 229
112 229
113 229
118 229
119 229
127 229
140 229
142 229
147 229
153 229
165 229
166 229
182 229
183 229
185 229
197 229
208 229
211 229
0 230
3 230
18 230
21 230
26 230
30 230
35 230
37 230
39 230
54 230
59 230
65 230
66 230
76 230
78 230
86 230
87 230
88 230
102 230
113 230
123 230
133 230
144 230
145 230
152 230
155 230
159 230
164 230
169 230
184 230
185 230
189 230
193 230
206 230
208 230
210 230
222 230
224 230
16 231
23 231
24 231
25 231
30 231
45 231
58 231
60 231
65 231
76 231
84 231
93 231
99 231
122 231
124 231
126 231
161 231
162 231
166 231
175 231
184 231
187 231
212 231
0 232
1 232
6 232
7 232
24 232
32 232
33 232
38 232
41 232
46 232
51 232
52 232
53 232
79 232
83 232
92 232
127 232
140 232
144 232
155 232
158 232
160 232
168 232
170 232
183 232
184 232
185 232
191 232
209 232
214 232
215 232
216 232
4 233
6 233
9 233
18 233
20 233
26 233
27 233
29 233
32 233
44 233
47 233
48 233
52 233
53 233
56 233
71 233
76 233
78 233
90 233
100 233
103 233
105 233
110 233
150 233
156 233
157 233
200 233
215 233
216 233
219 233
5 234
20 234
26 234
42 234
43 234
59 234
60 234
61 234
72 234
82 234
84 234
103 234
105 234
114 234
131 234
147 234
148 234
155 234
158 234
160 234
178 234
186 234
188 234
199 234
211 234
8 235
9 235
17 235
31 235
33 235
41 235
49 235
69 235
86 235
90 235
92 235
93 235
100 235
109 235
118 235
119 235
120 235
127 235
128 235
143 235
145 235
149 235
155 235
160 235
173 235
179 235
197 235
199 235
201 235
208 235
218 235
220 235
1 236
3 236
17 236
18 236
22 236
30 236
33 236
35 236
37 236
41 236
42 236
48 236
54 236
66 236
76 236
82 236
87 236
91 236
103 236
107 236
108 236
116 236
119 236
123 236
124 236
125 236
138 236
148 236
168 236
180 236
187 236
188 236
189 236
191 236
192 236
196 236
208 236
214 236
0 237
6 237
19 237
20 237
22 237
23 237
26 237
33 237
36 237
38 237
47 237
55 237
59 237
61 237
89 237
96 237
110 237
129 237
140 237
144 237
145 237
147 237
161 237
171 237
177 237
187 237
193 237
200 237
203 237
214 237
216 237
217 237
221 237
1 238
6 238
10 238
11 238
12 238
16 238
24 238
27 238
31 238
35 238
56 238
67 238
70 238
72 238
80 238
81 238
87 238
88 238
98 238
106 238
109 238
126 238
127 238
128 238
133 238
134 238
136 238
139 238
148 238
150 238
155 238
156 238
162 238
166 238
172 238
176 238
184 238
185 238
190 238
191 238
193 238
195 238
0 239
1 239
2 239
20 239
25 239
39 239
61 239
68 239
70 239
72 239
78 239
81 239
84 239
94 239
100 239
104 239
106 239
117 239
119 239
121 239
122 239
139 239
140 239
144 239
150 239
161 239
187 239
5 240
8 240
11 240
13 240
18 240
33 240
37 240
39 240
42 240
45 240
46 240
47 240
52 240
59 240
61 240
63 240
80 240
92 240
93 240
96 240
101 240
106 240
109 240
111 240
113 240
125 240
133 240
141 240
149 240
159 240
173 240
175 240
183 240
187 240
196 240
198 240
200 240
210 240
221 240
222 240
8 241
9 241
19 241
27 241
40 241
47 241
48 241
52 241
87 241
89 241
95 241
98 241
108 241
109 241
111 241
114 241
140 241
146 241
150 241
164 241
167 241
173 241
177 241
193 241
195 241
197 241
204 241
205 241
217 241
219 241
223 241
224 241
5 242
23 242
30 242
34 242
36 242
39 242
42 242
45 242
52 242
57 242
62 242
78 242
90 242
91 242
94 242
104 242
106 242
112 242
117 242
118 242
120 242
132 242
135 242
154 242
160 242
163 242
171 242
173 242
177 242
179 242
182 242
194 242
195 242
200 242
218 242
225 242
230 242
233 242
1 243
11 243
12 243
19 243
37 243
39 243
50 243
59 243
68 243
77 243
82 243
92 243
97 243
107 243
112 243
113 243
118 243
124 243
125 243
127 243
130 243
131 243
138 243
139 243
157 243
170 243
173 243
183 243
210 243
220 243
230 243
231 243
238 243
7 244
10 244
16 244
23 244
28 244
37 244
48 244
49 244
50 244
54 244
56 244
62 244
85 244
97 244
101 244
114 244
115 244
134 244
135 244
137 244
142 244
143 244
148 244
151 244
177 244
178 244
184 244
207 244
211 244
225 244
229 244
232 244
1 245
7 245
12 245
29 245
32 245
62 245
63 245
73 245
76 245
78 245
79 245
85 245
87 245
88 245
98 245
103 245
112 245
117 245
132 245
142 245
147 245
149 245
155 245
157 245
162 245
182 245
188 245
211 245
216 245
219 245
228 245
233 245
236 245
241 245
4 246
6 246
11 246
14 246
17 246
22 246
27 246
37 246
48 246
50 246
61 246
77 246
80 246
93 246
108 246
118 246
119 246
134 246
139 246
141 246
143 246
156 246
176 246
178 246
185 246
188 246
195 246
197 246
200 246
208 246
216 246
220 246
221 246
226 246
5 247
7 247
9 247
14 247
28 247
29 247
30 247
35 247
37 247
39 247
45 247
48 247
52 247
61 247
65 247
67 247
71 247
94 247
98 247
109 247
118 247
122 247
136 247
143 247
147 247
149 247
162 247
175 247
180 247
187 247
198 247
200 247
201 247
209 247
225 247
239 247
240 247
7 248
18 248
27 248
31 248
32 248
34 248
35 248
36 248
38 248
40 248
41 248
42 248
44 248
47 248
50 248
51 248
56 248
69 248
79 248
84 248
87 248
90 248
102 248
107 248
115 248
121 248
125 248
129 248
135 248
160 248
161 248
168 248
183 248
195 248
198 248
200 248
211 248
213 248
216 248
230 248
240 248
5 249
28 249
29 249
34 249
41 249
66 249
68 249
74 249
80 249
83 249
95 249
98 249
100 249
103 249
105 249
120 249
126 249
134 249
143 249
155 249
156 249
158 249
159 249
162 249
163 249
164 249
173 249
174 249
175 249
182 249
198 249
200 249
220 249
230 249
233 249
236 249
237 249
8 250
14 250
24 250
31 250
33 250
37 250
49 250
55 250
56 250
66 250
76 250
88 250
90 250
97 250
99 250
100 250
109 250
110 250
117 250
125 250
130 250
146 250
149 250
155 250
161 250
164 250
165 250
169 250
178 250
186 250
188 250
189 250
191 250
202 250
212 250
216 250
222 250
230 250
0 251
2 251
6 251
15 251
16 251
18 251
26 251
37 251
39 251
46 251
68 251
71 251
74 251
80 251
95 251
97 251
105 251
111 251
114 251
118 251
119 251
122 251
132 251
139 251
144 251
147 251
148 251
166 251
168 251
193 251
199 251
214 251
215 251
224 251
228 251
230 251
232 251
234 251
4 252
24 252
31 252
39 252
43 252
46 252
51 252
67 252
69 252
86 252
88 252
90 252
106 252
108 252
131 252
142 252
149 252
150 252
152 252
158 252
163 252
201 252
205 252
209 252
212 252
215 252
229 252
232 252
235 252
237 252
240 252
241 252
4 253
15 253
16 253
20 253
22 253
34 253
37 253
46 253
52 253
61 253
67 253
69 253
78 253
82 253
91 253
92 253
94 253
99 253
101 253
106 253
107 253
111 253
120 253
121 253
124 253
128 253
130 253
133 253
140 253
146 253
151 253
154 253
156 253
170 253
180 253
191 253
192 253
198 253
199 253
201 253
203 253
215 253
228 253
231 253
239 253
241 253
6 254
10 254
15 254
27 254
32 254
34 254
38 254
39 254
47 254
48 254
51 254
65 254
76 254
79 254
93 254
101 254
105 254
106 254
120 254
123 254
132 254
136 254
140 254
141 254
146 254
151 254
152 254
153 254
156 254
159 254
166 254
167 254
169 254
186 254
192 254
193 254
203 254
216 254
225 254
227 254
231 254
233 254
236 254
237 254
13 255
29 255
32 255
34 255
51 255
53 255
63 255
74 255
86 255
94 255
95 255
104 255
110 255
116 255
121 255
122 255
145 255
156 255
164 255
165 255
179 255
185 255
193 255
203 255
206 255
213 255
231 255
236 255
237 255
238 255
242 255
243 255
245 255
248 255
250 255
0 256
7 256
13 256
15 256
18 256
23 256
32 256
33 256
34 256
35 256
37 256
57 256
64 256
67 256
74 256
75 256
77 256
93 256
95 256
97 256
106 256
116 256
121 256
130 256
131 256
144 256
162 256
163 256
168 256
174 256
175 256
193 256
205 256
213 256
218 256
219 256
222 256
224 256
228 256
245 256
13 257
18 257
20 257
29 257
36 257
37 257
38 257
43 257
59 257
82 257
87 257
92 257
94 257
95 257
97 257
101 257
121 257
123 257
135 257
139 257
151 257
152 257
158 257
159 257
162 257
165 257
171 257
172 257
173 257
174 257
175 257
179 257
207 257
216 257
227 257
231 257
239 257
9 258
16 258
32 258
46 258
59 258
62 258
65 258
70 258
72 258
74 258
95 258
100 258
102 258
103 258
104 258
114 258
115 258
119 258
125 258
126 258
128 258
153 258
154 258
157 258
158 258
163 258
164 258
173 258
177 258
185 258
205 258
206 258
211 258
217 258
227 258
228 258
237 258
238 258
239 258
247 258
249 258
7 259
14 259
21 259
33 259
35 259
38 259
44 259
45 259
58 259
64 259
72 259
73 259
74 259
77 259
79 259
83 259
143 259
146 259
158 259
160 259
166 259
170 259
195 259
215 259
222 259
229 259
231 259
238 259
242 259
245 259
246 259
249 259
250 259
2 260
18 260
23 260
26 260
38 260
45 260
46 260
51 260
57 260
60 260
65 260
66 260
69 260
71 260
76 260
78 260
79 260
81 260
91 260
92 260
95 260
108 260
117 260
129 260
130 260
132 260
147 260
152 260
154 260
160 260
161 260
162 260
173 260
175 260
190 260
193 260
198 260
199 260
206 260
225 260
238 260
244 260
245 260
253 260
5 261
14 261
16 261
17 261
20 261
22 261
28 261
29 261
44 261
48 261
53 261
54 261
58 261
68 261
93 261
96 261
97 261
101 261
104 261
107 261
115 261
117 261
128 261
130 261
135 261
137 261
148 261
162 261
169 261
175 261
176 261
177 261
179 261
182 261
183 261
193 261
195 261
203 261
209 261
223 261
226 261
235 261
237 261
242 261
243 261
246 261
250 261
252 261
5 262
6 262
8 262
12 262
13 262
29 262
34 262
64 262
65 262
90 262
95 262
99 262
100 262
104 262
120 262
135 262
143 262
145 262
161 262
178 262
183 262
192 262
194 262
195 262
197 262
203 262
205 262
213 262
231 262
240 262
253 262
1 263
6 263
9 263
12 263
14 263
23 263
25 263
26 263
35 263
41 263
44 263
48 263
75 263
82 263
83 263
90 263
95 263
113 263
119 263
128 263
136 263
139 263
144 263
146 263
147 263
159 263
174 263
176 263
181 263
196 263
203 263
214 263
236 263
239 263
240 263
245 263
254 263
258 263
262 263
8 264
9 264
10 264
15 264
16 264
35 264
41 264
48 264
53 264
54 264
60 264
91 264
93 264
101 264
111 264
112 264
116 264
118 264
134 264
138 264
144 264
149 264
151 264
161 264
167 264
169 264
178 264
181 264
184 264
186 264
189 264
194 264
210 264
216 264
226 264
229 264
235 264
238 264
240 264
241 264
250 264
254 264
261 264
9 265
10 265
11 265
15 265
20 265
31 265
33 265
55 265
58 265
60 265
64 265
71 265
77 265
81 265
89 265
93 265
95 265
104 265
109 265
121 265
124 265
139 265
140 265
142 265
145 265
147 265
153 265
159 265
160 265
188 265
198 265
200 265
201 265
208 265
211 265
212 265
220 265
221 265
223 265
243 265
246 265
251 265
257 265
258 265
262 265
0 266
7 266
34 266
40 266
45 266
50 266
57 266
59 266
70 266
76 266
81 266
89 266
98 266
103 266
106 266
116 266
119 266
122 266
126 266
128 266
129 266
132 266
135 266
145 266
155 266
159 266
166 266
170 266
179 266
182 266
183 266
184 266
191 266
201 266
209 266
218 266
224 266
226 266
228 266
234 266
238 266
239 266
260 266
8 267
19 267
27 267
30 267
34 267
43 267
45 267
48 267
50 267
67 267
70 267
73 267
77 267
78 267
87 267
90 267
93 267
95 267
97 267
102 267
108 267
116 267
120 267
134 267
139 267
190 267
193 267
195 267
200 267
201 267
202 267
204 267
207 267
214 267
219 267
233 267
242 267
243 267
257 267
259 267
34 268
51 268
54 268
56 268
65 268
70 268
75 268
80 268
95 268
103 268
109 268
112 268
131 268
151 268
156 268
159 268
161 268
171 268
175 268
187 268
189 268
191 268
195 268
200 268
204 268
218 268
231 268
234 268
238 268
241 268
242 268
243 268
248 268
249 268
0 269
5 269
6 269
8 269
17 269
28 269
32 269
34 269
38 269
59 269
60 269
63 269
65 269
76 269
81 269
85 269
90 269
93 269
97 269
113 269
118 269
143 269
147 269
148 269
155 269
156 269
157 269
158 269
175 269
183 269
184 269
196 269
204 269
211 269
217 269
219 269
224 269
238 269
241 269
243 269
247 269
261 269
3 270
7 270
21 270
31 270
36 270
37 270
50 270
51 270
53 270
55 270
75 270
82 270
84 270
88 270
99 270
100 270
104 270
109 270
112 270
114 270
116 270
134 270
138 270
139 270
140 270
147 270
152 270
156 270
161 270
169 270
179 270
184 270
187 270
192 270
193 270
197 270
218 270
236 270
243 270
247 270
257 270
2 271
10 271
11 271
18 271
34 271
38 271
48 271
49 271
52 271
56 271
67 271
73 271
87 271
95 271
114 271
116 271
125 271
127 271
130 271
134 271
142 271
149 271
158 271
161 271
163 271
165 271
166 271
181 271
185 271
196 271
200 271
202 271
203 271
206 271
207 271
210 271
213 271
223 271
224 271
227 271
228 271
229 271
231 271
238 271
240 271
242 271
259 271
2 272
5 272
12 272
15 272
28 272
30 272
39 272
44 272
52 272
59 272
62 272
69 272
72 272
73 272
75 272
83 272
87 272
92 272
101 272
104 272
121 272
125 272
128 272
131 272
141 272
142 272
157 272
160 272
161 272
162 272
163 272
167 272
169 272
173 272
174 272
184 272
198 272
200 272
206 272
211 272
224 272
226 272
229 272
233 272
259 272
270 272
3 273
5 273
7 273
10 273
27 273
30 273
33 273
36 273
38 273
42 273
54 273
76 273
78 273
86 273
94 273
108 273
112 273
114 273
119 273
124 273
137 273
143 273
147 273
160 273
161 273
169 273
177 273
197 273
200 273
202 273
207 273
211 273
220 273
226 273
234 273
235 273
240 273
250 273
261 273
0 274
2 274
12 274
17 274
23 274
28 274
38 274
41 274
46 274
47 274
54 274
63 274
79 274
83 274
86 274
101 274
105 274
113 274
116 274
126 274
128 274
131 274
158 274
175 274
180 274
181 274
184 274
190 274
195 274
198 274
211 274
224 274
236 274
245 274
248 274
254 274
256 274
257 274
270 274
271 274
1 275
6 275
7 275
11 275
31 275
38 275
40 275
61 275
65 275
71 275
74 275
75 275
76 275
81 275
83 275
85 275
98 275
99 275
101 275
106 275
107 275
109 275
114 275
125 275
127 275
129 275
132 275
136 275
137 275
147 275
149 275
157 275
158 275
161 275
165 275
177 275
183 275
193 275
194 275
196 275
201 275
210 275
221 275
229 275
235 275
240 275
242 275
246 275
247 275
248 275
252 275
254 275
259 275
269 275
4 276
29 276
34 276
37 276
45 276
46 276
53 276
56 276
59 276
60 276
61 276
64 276
65 276
71 276
72 276
76 276
77 276
89 276
96 276
111 276
116 276
121 276
125 276
137 276
147 276
157 276
158 276
161 276
168 276
176 276
184 276
187 276
189 276
196 276
207 276
209 276
210 276
229 276
238 276
243 276
269 276
6 277
15 277
17 277
18 277
19 277
29 277
35 277
37 277
56 277
57 277
59 277
63 277
88 277
91 277
92 277
94 277
107 277
109 277
110 277
111 277
114 277
120 277
127 277
128 277
134 277
152 277
154 277
164 277
165 277
167 277
173 277
179 277
180 277
189 277
194 277
209 277
220 277
222 277
223 277
227 277
228 277
233 277
238 277
240 277
242 277
252 277
254 277
8 278
10 278
18 278
26 278
32 278
33 278
38 278
46 278
53 278
67 278
69 278
70 278
73 278
78 278
85 278
90 278
97 278
108 278
112 278
129 278
134 278
135 278
140 278
142 278
148 278
161 278
166 278
167 278
171 278
172 278
177 278
180 278
202 278
211 278
221 278
227 278
237 278
252 278
258 278
259 278
266 278
270 278
0 279
2 279
4 279
5 279
6 279
7 279
14 279
19 279
27 279
36 279
37 279
39 279
44 279
47 279
49 279
55 279
56 279
60 279
61 279
62 279
69 279
70 279
73 279
77 279
81 279
112 279
113 279
116 279
122 279
128 279
133 279
134 279
138 279
139 279
142 279
144 279
146 279
184 279
189 279
190 279
197 279
201 279
205 279
207 279
208 279
212 279
225 279
235 279
236 279
243 279
255 279
265 279
269 279
2 280
3 280
9 280
10 280
20 280
21 280
25 280
30 280
31 280
36 280
37 280
45 280
57 280
61 280
69 280
77 280
79 280
102 280
123 280
128 280
134 280
137 280
141 280
145 280
161 280
164 280
167 280
168 280
190 280
193 280
201 280
206 280
210 280
211 280
222 280
223 280
239 280
245 280
262 280
268 280
270 280
13 281
32 281
35 281
40 281
44 281
45 281
55 281
59 281
64 281
71 281
83 281
85 281
90 281
98 281
104 281
110 281
112 281
115 281
116 281
127 281
130 281
131 281
134 281
145 281
150 281
158 281
167 281
170 281
174 281
177 281
181 281
195 281
209 281
225 281
230 281
235 281
249 281
256 281
260 281
264 281
266 281
269 281
4 282
11 282
19 282
20 282
22 282
29 282
39 282
44 282
52 282
60 282
66 282
87 282
103 282
105 282
114 282
117 282
119 282
126 282
131 282
152 282
153 282
160 282
162 282
168 282
169 282
192 282
204 282
216 282
219 282
220 282
228 282
231 282
232 282
243 282
244 282
247 282
251 282
253 282
259 282
269 282
270 282
2 283
8 283
16 283
19 283
23 283
29 283
50 283
54 283
67 283
84 283
99 283
103 283
104 283
106 283
113 283
123 283
128 283
133 283
134 283
135 283
136 283
137 283
138 283
140 283
145 283
154 283
161 283
193 283
198 283
204 283
208 283
213 283
216 283
225 283
243 283
254 283
256 283
262 283
270 283
1 284
9 284
15 284
26 284
30 284
36 284
46 284
55 284
59 284
79 284
80 284
84 284
87 284
89 284
93 284
97 284
99 284
102 284
115 284
116 284
121 284
136 284
138 284
154 284
166 284
168 284
171 284
182 284
184 284
186 284
188 284
194 284
198 284
200 284
203 284
204 284
205 284
219 284
221 284
224 284
229 284
234 284
241 284
242 284
250 284
267 284
2 285
5 285
8 285
11 285
14 285
25 285
34 285
40 285
49 285
52 285
55 285
58 285
60 285
87 285
89 285
94 285
96 285
99 285
101 285
104 285
105 285
109 285
114 285
125 285
133 285
137 285
144 285
154 285
172 285
173 285
178 285
185 285
216 285
218 285
226 285
232 285
233 285
239 285
243 285
247 285
248 285
252 285
253 285
280 285
4 286
5 286
6 286
16 286
24 286
28 286
53 286
64 286
69 286
70 286
78 286
91 286
101 286
107 286
110 286
116 286
122 286
133 286
141 286
150 286
162 286
167 286
173 286
175 286
179 286
180 286
194 286
195 286
199 286
235 286
237 286
244 286
245 286
253 286
254 286
257 286
267 286
279 286
8 287
9 287
17 287
22 287
24 287
28 287
53 287
55 287
59 287
63 287
66 287
68 287
80 287
91 287
99 287
102 287
106 287
119 287
122 287
131 287
154 287
164 287
173 287
177 287
184 287
185 287
191 287
194 287
213 287
215 287
223 287
244 287
245 287
257 287
262 287
269 287
276 287
279 287
2 288
6 288
24 288
33 288
36 288
53 288
64 288
65 288
67 288
86 288
89 288
97 288
98 288
99 288
101 288
105 288
108 288
119 288
129 288
130 288
133 288
143 288
153 288
158 288
162 288
178 288
179 288
192 288
210 288
211 288
215 288
221 288
228 288
229 288
232 288
236 288
250 288
251 288
254 288
260 288
265 288
269 288
2 289
4 289
6 289
14 289
23 289
50 289
54 289
55 289
66 289
73 289
80 289
85 289
88 289
89 289
93 289
109 289
111 289
121 289
133 289
135 289
136 289
141 289
149 289
154 289
159 289
167 289
180 289
186 289
201 289
204 289
207 289
220 289
222 289
226 289
241 289
254 289
260 289
261 289
262 289
269 289
280 289
8 290
10 290
23 290
31 290
38 290
41 290
42 290
46 290
55 290
59 290
60 290
71 290
81 290
85 290
93 290
96 290
100 290
109 290
116 290
128 290
130 290
132 290
137 290
143 290
156 290
165 290
168 290
172 290
177 290
202 290
203 290
227 290
230 290
244 290
272 290
281 290
15 291
17 291
19 291
24 291
29 291
33 291
36 291
64 291
67 291
73 291
82 291
89 291
92 291
94 291
96 291
97 291
100 291
107 291
122 291
124 291
125 291
129 291
131 291
134 291
145 291
150 291
160 291
165 291
167 291
174 291
175 291
179 291
194 291
210 291
213 291
218 291
222 291
232 291
233 291
247 291
251 291
257 291
258 291
262 291
268 291
274 291
277 291
278 291
283 291
0 292
2 292
3 292
19 292
21 292
35 292
38 292
48 292
50 292
51 292
52 292
54 292
55 292
58 292
61 292
71 292
76 292
82 292
88 292
92 292
106 292
118 292
121 292
132 292
134 292
141 292
149 292
155 292
156 292
158 292
166 292
171 292
173 292
180 292
191 292
200 292
208 292
211 292
214 292
216 292
225 292
228 292
230 292
232 292
234 292
242 292
248 292
249 292
251 292
254 292
264 292
273 292
274 292
276 292
281 292
283 292
286 292
6 293
13 293
17 293
21 293
33 293
34 293
41 293
50 293
51 293
56 293
63 293
68 293
71 293
74 293
88 293
91 293
94 293
104 293
107 293
108 293
122 293
127 293
128 293
134 293
162 293
164 293
166 293
167 293
186 293
195 293
202 293
213 293
218 293
220 293
232 293
240 293
243 293
247 293
253 293
259 293
260 293
263 293
265 293
266 293
270 293
271 293
273 293
277 293
1 294
2 294
6 294
8 294
19 294
21 294
24 294
25 294
26 294
35 294
42 294
67 294
71 294
73 294
78 294
88 294
92 294
96 294
97 294
107 294
110 294
114 294
126 294
132 294
147 294
153 294
158 294
161 294
164 294
168 294
175 294
187 294
192 294
195 294
199 294
210 294
215 294
239 294
240 294
243 294
258 294
260 294
262 294
282 294
287 294
4 295
7 295
10 295
13 295
14 295
15 295
17 295
18 295
23 295
28 295
48 295
51 295
53 295
64 295
71 295
79 295
86 295
99 295
103 295
149 295
171 295
173 295
174 295
188 295
190 295
194 295
196 295
197 295
211 295
213 295
220 295
224 295
225 295
237 295
269 295
270 295
271 295
273 295
282 295
9 296
18 296
34 296
95 296
96 296
102 296
105 296
107 296
111 296
112 296
121 296
125 296
140 296
141 296
158 296
160 296
161 296
167 296
173 296
175 296
184 296
186 296
201 296
208 296
210 296
212 296
214 296
220 296
222 296
223 296
230 296
235 296
241 296
250 296
253 296
255 296
259 296
261 296
265 296
266 296
267 296
268 296
270 296
277 296
280 296
282 296
24 297
26 297
39 297
46 297
59 297
73 297
79 297
85 297
87 297
106 297
108 297
110 297
117 297
132 297
140 297
145 297
148 297
150 297
153 297
163 297
169 297
171 297
172 297
174 297
175 297
184 297
188 297
199 297
202 297
217 297
219 297
220 297
223 297
225 297
232 297
237 297
241 297
242 297
244 297
251 297
257 297
270 297
277 297
0 298
1 298
8 298
12 298
13 298
24 298
25 298
27 298
33 298
34 298
39 298
41 298
45 298
49 298
53 298
54 298
56 298
59 298
62 298
64 298
75 298
76 298
82 298
88 298
95 298
111 298
115 298
118 298
133 298
136 298
150 298
151 298
153 298
163 298
169 298
172 298
173 298
194 298
197 298
207 298
209 298
213 298
224 298
225 298
227 298
243 298
248 298
261 298
262 298
265 298
271 298
277 298
3 299
14 299
19 299
24 299
32 299
36 299
45 299
46 299
50 299
57 299
58 299
59 299
61 299
64 299
72 299
81 299
82 299
87 299
89 299
102 299
106 299
116 299
117 299
136 299
138 299
141 299
159 299
173 299
174 299
183 299
186 299
190 299
193 299
201 299
204 299
207 299
212 299
213 299
215 299
219 299
234 299
237 299
239 299
253 299
254 299
274 299
277 299
291 299
