300 4961 5
17 2 17 36 14 8 11 18 8 14 3 13 11 2 1 1 5 15 39 5 11 6 22 9 1 1 12 3 1 3 22 23 2 6 2 1 8 7 5 4 1 17 6 13 3 1 15 1 19 1 2 43 13 6 24 3 7 3 21 10 1 14 15 4 5 3 14 8 33 39 16 14 6 2 8 1 29 4 17 8 10 7 10 14 5 16 1 7 25 10 28 2 2 7 2 22 5 5 1 18 5 23 8 7 21 10 5 4 5 6 2 6 17 27 5 7 10 9 15 1 2 8 7 4 3 32 13 24 1 1 19 53 7 1 5 9 1 12 15 3 6 28 6 4 15 12 15 14 6 8 1 9 16 9 8 4 11 11 5 5 45 14 29 7 6 1 10 23 4 4 2 18 9 54 6 19 12 2 3 31 56 20 4 3 8 3 13 30 5 3 6 1 4 1 10 27 5 16 34 9 16 7 23 14 6 13 5 5 1 20 5 8 4 14 6 18 8 12 61 17 4 4 5 4 14 4 37 1 18 20 3 32 16 32 19 18 23 8 13 50 6 11 18 8 5 3 18 9 12 6 2 3 1 9 9 6 3 10 8 3 23 31 9 18 5 2 1 12 52 14 3 11 12 18 36 2 24 1 18 10 3 1 5 13 21 2 10 9 7 13 5 7 11 13 4 3 4 2 14 7
1 9
3 12
4 14
8 15
4 16
2 17
4 17
1 20
4 20
8 21
5 22
6 22
1 24
1 25
8 25
13 25
24 25
8 26
12 26
15 26
4 27
18 27
20 27
5 28
13 28
23 28
12 30
15 30
16 30
1 31
19 31
21 31
3 32
5 32
6 32
9 32
19 32
20 32
8 33
18 33
20 34
21 34
7 35
24 35
3 36
20 36
23 36
25 36
29 36
30 36
0 37
1 37
12 37
17 37
21 37
22 37
0 38
4 38
12 38
13 38
20 38
21 38
31 38
5 39
25 39
30 39
6 40
10 40
16 40
23 40
5 41
11 41
18 41
1 42
18 42
32 42
2 43
4 43
20 43
27 43
0 44
5 44
15 44
25 44
27 44
29 44
32 44
8 45
24 45
28 45
0 46
12 46
14 46
15 46
16 46
23 46
32 46
39 46
44 46
45 46
7 47
33 47
38 47
41 47
0 48
5 48
8 48
21 48
28 48
29 48
37 48
1 49
13 49
21 49
25 49
38 49
39 49
41 49
42 49
0 50
5 50
8 50
18 50
32 50
36 50
0 51
13 51
43 51
45 51
0 52
4 52
12 52
16 52
21 52
35 52
0 53
1 53
3 53
18 53
32 53
2 54
7 54
10 54
22 54
27 54
33 54
34 54
35 54
38 54
53 54
9 55
15 55
39 55
48 55
51 55
53 55
0 56
14 56
25 56
29 56
0 57
35 57
42 57
44 57
48 57
53 57
4 58
7 58
12 58
19 58
20 58
23 58
29 58
30 58
2 59
17 59
20 59
21 59
41 59
46 59
5 60
16 60
22 60
36 60
38 60
43 60
7 61
8 61
9 61
10 61
12 61
31 61
39 61
44 61
4 62
5 62
6 62
12 62
13 62
21 62
23 62
34 62
48 62
7 63
9 63
12 63
24 63
30 63
17 64
25 64
30 64
53 64
3 65
4 65
9 65
20 65
35 65
42 65
47 65
52 65
54 65
10 66
14 66
21 66
48 66
57 66
5 67
13 67
24 67
47 67
51 67
62 67
1 68
8 68
9 68
11 68
15 68
52 68
5 69
10 69
25 69
63 69
6 70
27 70
34 70
43 70
45 70
46 70
61 70
3 71
18 71
22 71
24 71
25 71
26 71
31 71
56 71
7 72
44 72
46 72
55 72
1 73
5 73
25 73
27 73
33 73
42 73
50 73
57 73
61 73
62 73
8 74
9 74
23 74
30 74
42 74
50 74
0 75
12 75
13 75
21 75
40 75
46 75
53 75
60 75
2 76
19 76
25 76
49 76
56 76
59 76
6 77
7 77
12 77
20 77
22 77
29 77
41 77
42 77
48 77
57 77
58 77
72 77
73 77
74 77
75 77
4 78
16 78
31 78
33 78
51 78
60 78
63 78
68 78
72 78
8 79
11 79
22 79
32 79
53 79
5 80
21 80
39 80
49 80
50 80
55 80
58 80
73 80
74 80
76 80
14 81
19 81
27 81
28 81
41 81
43 81
54 81
55 81
59 81
60 81
61 81
75 81
31 82
32 82
51 82
57 82
61 82
66 82
26 83
35 83
38 83
61 83
76 83
12 84
19 84
23 84
32 84
33 84
68 84
75 84
76 84
78 84
11 85
12 85
37 85
46 85
47 85
53 85
56 85
59 85
65 85
68 85
10 86
20 86
22 86
23 86
52 86
61 86
5 87
10 87
20 87
35 87
54 87
73 87
83 87
12 88
15 88
21 88
53 88
60 88
80 88
2 89
9 89
17 89
18 89
32 89
37 89
42 89
46 89
47 89
60 89
69 89
71 89
12 90
20 90
31 90
56 90
66 90
68 90
69 90
4 91
9 91
15 91
21 91
34 91
35 91
36 91
43 91
50 91
55 91
57 91
66 91
70 91
73 91
13 92
28 92
29 92
30 92
39 92
45 92
53 92
68 92
80 92
9 93
15 93
16 93
49 93
54 93
57 93
59 93
67 93
78 93
7 94
17 94
45 94
49 94
57 94
59 94
70 94
74 94
76 94
79 94
0 95
3 95
4 95
10 95
17 95
26 95
28 95
29 95
40 95
60 95
73 95
86 95
89 95
92 95
93 95
10 96
21 96
22 96
35 96
43 96
45 96
49 96
51 96
60 96
71 96
72 96
94 96
8 97
23 97
24 97
40 97
49 97
52 97
53 97
67 97
77 97
78 97
84 97
0 98
7 98
11 98
16 98
20 98
22 98
30 98
33 98
39 98
43 98
47 98
62 98
67 98
77 98
81 98
86 98
5 99
13 99
17 99
19 99
21 99
26 99
56 99
57 99
92 99
8 100
12 100
20 100
23 100
28 100
31 100
47 100
68 100
78 100
86 100
89 100
93 100
2 101
9 101
23 101
39 101
41 101
94 101
0 102
7 102
19 102
21 102
29 102
33 102
35 102
39 102
49 102
82 102
85 102
92 102
97 102
100 102
101 102
23 103
37 103
69 103
92 103
101 103
3 104
7 104
8 104
10 104
36 104
54 104
60 104
66 104
68 104
12 105
18 105
23 105
44 105
55 105
56 105
72 105
79 105
84 105
86 105
87 105
6 106
18 106
21 106
32 106
37 106
62 106
73 106
75 106
80 106
88 106
89 106
94 106
4 107
29 107
39 107
47 107
67 107
78 107
98 107
3 108
13 108
18 108
23 108
25 108
36 108
39 108
41 108
43 108
56 108
71 108
81 108
89 108
92 108
94 108
19 109
27 109
34 109
38 109
50 109
57 109
64 109
71 109
72 109
87 109
96 109
9 110
26 110
38 110
39 110
64 110
66 110
77 110
79 110
4 111
10 111
20 111
48 111
61 111
90 111
96 111
100 111
1 112
15 112
17 112
21 112
24 112
29 112
43 112
57 112
76 112
78 112
84 112
2 113
5 113
17 113
22 113
27 113
33 113
39 113
41 113
42 113
49 113
55 113
59 113
65 113
70 113
84 113
87 113
101 113
0 114
16 114
17 114
27 114
45 114
51 114
64 114
80 114
82 114
94 114
96 114
2 115
9 115
16 115
32 115
43 115
46 115
74 115
2 116
13 116
15 116
19 116
22 116
25 116
28 116
32 116
49 116
69 116
71 116
75 116
81 116
89 116
92 116
97 116
102 116
109 116
12 117
28 117
33 117
40 117
45 117
47 117
77 117
78 117
81 117
86 117
109 117
115 117
2 118
3 118
35 118
37 118
46 118
48 118
50 118
76 118
77 118
81 118
111 118
17 119
20 119
32 119
39 119
47 119
74 119
78 119
82 119
4 120
24 120
38 120
41 120
44 120
57 120
81 120
88 120
107 120
109 120
114 120
8 121
17 121
18 121
21 121
23 121
27 121
31 121
34 121
44 121
51 121
52 121
66 121
76 121
85 121
92 121
99 121
107 121
12 122
17 122
23 122
43 122
45 122
50 122
51 122
59 122
61 122
64 122
65 122
67 122
69 122
86 122
89 122
101 122
104 122
107 122
9 123
22 123
39 123
40 123
61 123
62 123
74 123
76 123
91 123
93 123
99 123
106 123
108 123
11 124
13 124
24 124
35 124
42 124
52 124
58 124
64 124
75 124
80 124
84 124
103 124
112 124
113 124
116 124
122 124
8 125
19 125
29 125
31 125
32 125
35 125
36 125
39 125
42 125
44 125
46 125
47 125
53 125
61 125
63 125
71 125
102 125
105 125
107 125
7 126
18 126
29 126
38 126
59 126
4 127
16 127
25 127
47 127
50 127
56 127
65 127
81 127
82 127
84 127
89 127
95 127
113 127
2 128
4 128
5 128
11 128
56 128
72 128
83 128
91 128
94 128
98 128
99 128
108 128
110 128
117 128
118 128
6 129
24 129
25 129
27 129
31 129
43 129
51 129
62 129
63 129
64 129
74 129
92 129
101 129
111 129
123 129
10 130
17 130
22 130
24 130
29 130
35 130
46 130
67 130
89 130
99 130
100 130
103 130
119 130
16 131
22 131
26 131
33 131
37 131
39 131
47 131
70 131
73 131
76 131
98 131
99 131
114 131
0 132
5 132
14 132
16 132
19 132
29 132
36 132
49 132
51 132
71 132
73 132
78 132
96 132
97 132
112 132
120 132
123 132
127 132
7 133
22 133
29 133
31 133
39 133
50 133
61 133
65 133
66 133
70 133
72 133
78 133
101 133
118 133
129 133
131 133
1 134
6 134
12 134
29 134
31 134
35 134
36 134
54 134
74 134
76 134
89 134
90 134
97 134
103 134
120 134
3 135
25 135
40 135
43 135
58 135
65 135
67 135
74 135
85 135
92 135
99 135
103 135
122 135
17 136
19 136
34 136
37 136
42 136
54 136
76 136
97 136
102 136
116 136
117 136
118 136
5 137
29 137
33 137
35 137
36 137
41 137
53 137
63 137
69 137
77 137
82 137
88 137
112 137
121 137
128 137
4 138
8 138
14 138
17 138
18 138
21 138
45 138
71 138
73 138
109 138
115 138
3 139
19 139
23 139
25 139
29 139
31 139
34 139
44 139
55 139
70 139
76 139
81 139
84 139
95 139
117 139
2 140
14 140
15 140
26 140
33 140
38 140
41 140
74 140
86 140
108 140
121 140
0 141
10 141
15 141
23 141
28 141
34 141
47 141
76 141
85 141
102 141
108 141
116 141
120 141
125 141
130 141
2 142
13 142
19 142
25 142
31 142
37 142
40 142
43 142
44 142
50 142
55 142
57 142
58 142
91 142
101 142
105 142
108 142
118 142
8 143
15 143
21 143
25 143
33 143
34 143
66 143
68 143
76 143
77 143
78 143
81 143
84 143
105 143
108 143
121 143
138 143
139 143
8 144
13 144
17 144
26 144
36 144
38 144
40 144
42 144
46 144
53 144
56 144
58 144
72 144
101 144
102 144
110 144
112 144
124 144
141 144
2 145
7 145
14 145
15 145
16 145
24 145
27 145
28 145
47 145
80 145
83 145
85 145
89 145
104 145
112 145
119 145
124 145
125 145
135 145
2 146
11 146
16 146
30 146
51 146
61 146
62 146
74 146
94 146
126 146
132 146
139 146
141 146
10 147
21 147
32 147
46 147
55 147
58 147
70 147
77 147
80 147
81 147
83 147
89 147
90 147
92 147
120 147
121 147
8 148
10 148
36 148
45 148
52 148
56 148
69 148
87 148
89 148
104 148
112 148
113 148
128 148
135 148
1 149
3 149
22 149
33 149
38 149
54 149
55 149
56 149
60 149
81 149
86 149
88 149
93 149
94 149
95 149
96 149
97 149
117 149
123 149
133 149
135 149
9 150
12 150
31 150
43 150
46 150
50 150
62 150
81 150
89 150
100 150
102 150
108 150
135 150
0 151
26 151
44 151
51 151
55 151
64 151
73 151
86 151
95 151
109 151
136 151
141 151
5 152
11 152
33 152
36 152
39 152
46 152
55 152
60 152
66 152
70 152
92 152
94 152
102 152
108 152
114 152
140 152
146 152
149 152
151 152
5 153
10 153
20 153
30 153
31 153
38 153
44 153
45 153
52 153
63 153
78 153
80 153
86 153
108 153
111 153
114 153
115 153
120 153
121 153
127 153
130 153
149 153
150 153
3 154
7 154
13 154
14 154
18 154
23 154
29 154
44 154
45 154
46 154
73 154
78 154
103 154
108 154
113 154
115 154
132 154
135 154
141 154
142 154
146 154
16 155
24 155
29 155
47 155
53 155
55 155
63 155
100 155
110 155
117 155
122 155
140 155
0 156
5 156
10 156
16 156
24 156
41 156
48 156
51 156
59 156
60 156
73 156
74 156
78 156
95 156
96 156
105 156
109 156
114 156
117 156
128 156
132 156
142 156
149 156
25 157
27 157
28 157
42 157
47 157
62 157
63 157
73 157
84 157
85 157
89 157
90 157
100 157
107 157
110 157
113 157
114 157
122 157
128 157
138 157
5 158
13 158
18 158
29 158
37 158
41 158
56 158
65 158
68 158
83 158
93 158
128 158
134 158
139 158
5 159
11 159
13 159
22 159
25 159
28 159
35 159
48 159
66 159
75 159
80 159
87 159
96 159
121 159
136 159
145 159
147 159
4 160
23 160
24 160
31 160
41 160
61 160
82 160
84 160
87 160
98 160
99 160
101 160
107 160
134 160
142 160
143 160
150 160
21 161
42 161
44 161
52 161
58 161
78 161
82 161
91 161
103 161
108 161
111 161
116 161
120 161
135 161
137 161
1 162
20 162
24 162
26 162
29 162
40 162
41 162
57 162
66 162
72 162
73 162
79 162
83 162
101 162
102 162
104 162
109 162
120 162
126 162
127 162
130 162
145 162
5 163
11 163
16 163
21 163
30 163
37 163
43 163
62 163
65 163
74 163
93 163
102 163
105 163
114 163
117 163
122 163
128 163
131 163
135 163
23 164
27 164
42 164
44 164
71 164
90 164
94 164
96 164
105 164
113 164
141 164
142 164
146 164
147 164
6 165
25 165
28 165
35 165
45 165
48 165
62 165
68 165
70 165
94 165
100 165
108 165
123 165
147 165
156 165
3 166
9 166
11 166
32 166
41 166
42 166
60 166
86 166
91 166
94 166
102 166
106 166
117 166
128 166
131 166
136 166
137 166
139 166
160 166
7 167
20 167
47 167
51 167
63 167
78 167
86 167
100 167
110 167
119 167
122 167
125 167
160 167
15 168
33 168
34 168
37 168
44 168
66 168
72 168
91 168
100 168
102 168
136 168
143 168
150 168
156 168
7 169
19 169
30 169
31 169
39 169
42 169
67 169
68 169
90 169
91 169
114 169
117 169
135 169
136 169
145 169
148 169
149 169
153 169
4 170
5 170
10 170
15 170
19 170
35 170
44 170
57 170
59 170
71 170
74 170
78 170
119 170
140 170
143 170
144 170
147 170
151 170
154 170
155 170
156 170
157 170
9 171
35 171
56 171
66 171
70 171
74 171
76 171
83 171
84 171
113 171
114 171
126 171
130 171
145 171
149 171
151 171
156 171
160 171
5 172
16 172
44 172
48 172
61 172
64 172
66 172
67 172
71 172
76 172
78 172
89 172
97 172
113 172
114 172
115 172
121 172
125 172
129 172
132 172
133 172
154 172
9 173
11 173
15 173
20 173
23 173
24 173
42 173
43 173
52 173
57 173
58 173
72 173
79 173
82 173
83 173
85 173
90 173
92 173
96 173
105 173
106 173
108 173
114 173
121 173
141 173
154 173
158 173
171 173
1 174
3 174
18 174
20 174
32 174
43 174
52 174
53 174
61 174
63 174
66 174
71 174
74 174
78 174
82 174
83 174
96 174
101 174
104 174
116 174
117 174
136 174
148 174
159 174
160 174
162 174
165 174
14 175
15 175
34 175
43 175
99 175
104 175
149 175
154 175
161 175
167 175
9 176
12 176
14 176
43 176
49 176
62 176
82 176
84 176
95 176
101 176
103 176
107 176
117 176
119 176
121 176
127 176
144 176
157 176
17 177
33 177
34 177
43 177
45 177
55 177
56 177
81 177
86 177
90 177
92 177
102 177
107 177
110 177
112 177
114 177
117 177
129 177
146 177
160 177
167 177
10 178
19 178
22 178
23 178
30 178
38 178
44 178
46 178
50 178
51 178
61 178
64 178
75 178
85 178
86 178
98 178
100 178
104 178
114 178
141 178
142 178
165 178
14 179
20 179
24 179
32 179
40 179
54 179
59 179
66 179
72 179
90 179
95 179
99 179
117 179
127 179
132 179
149 179
154 179
3 180
17 180
33 180
35 180
46 180
58 180
66 180
70 180
81 180
83 180
87 180
90 180
95 180
101 180
107 180
115 180
132 180
158 180
163 180
5 181
11 181
17 181
19 181
23 181
50 181
51 181
55 181
68 181
71 181
75 181
87 181
112 181
133 181
136 181
159 181
161 181
164 181
9 182
10 182
22 182
35 182
57 182
62 182
73 182
76 182
81 182
84 182
97 182
98 182
110 182
125 182
131 182
136 182
138 182
142 182
143 182
152 182
164 182
172 182
174 182
175 182
4 183
7 183
17 183
42 183
43 183
45 183
46 183
52 183
53 183
54 183
82 183
85 183
86 183
94 183
117 183
128 183
131 183
133 183
138 183
150 183
156 183
160 183
170 183
174 183
178 183
181 183
4 184
7 184
8 184
11 184
24 184
28 184
53 184
58 184
60 184
65 184
70 184
71 184
74 184
77 184
79 184
84 184
105 184
140 184
165 184
3 185
9 185
10 185
22 185
25 185
26 185
31 185
57 185
62 185
68 185
77 185
83 185
94 185
108 185
110 185
131 185
134 185
137 185
138 185
140 185
150 185
152 185
160 185
163 185
164 185
165 185
166 185
181 185
3 186
15 186
26 186
33 186
43 186
74 186
75 186
77 186
82 186
93 186
110 186
117 186
118 186
121 186
123 186
142 186
153 186
155 186
12 187
16 187
22 187
30 187
33 187
38 187
49 187
50 187
54 187
60 187
61 187
89 187
111 187
115 187
120 187
128 187
153 187
158 187
162 187
168 187
169 187
27 188
34 188
36 188
37 188
43 188
48 188
54 188
61 188
64 188
72 188
73 188
84 188
92 188
109 188
112 188
119 188
133 188
144 188
146 188
148 188
150 188
156 188
165 188
175 188
8 189
26 189
28 189
32 189
45 189
52 189
57 189
58 189
68 189
95 189
98 189
105 189
122 189
124 189
126 189
127 189
130 189
139 189
164 189
167 189
169 189
3 190
21 190
22 190
27 190
31 190
35 190
38 190
39 190
42 190
47 190
82 190
92 190
93 190
112 190
120 190
122 190
127 190
135 190
153 190
155 190
158 190
162 190
171 190
180 190
18 191
21 191
33 191
34 191
36 191
38 191
41 191
44 191
48 191
54 191
55 191
71 191
89 191
90 191
104 191
121 191
123 191
128 191
131 191
135 191
139 191
170 191
173 191
181 191
183 191
186 191
188 191
5 192
7 192
33 192
39 192
50 192
52 192
70 192
74 192
91 192
103 192
106 192
139 192
148 192
154 192
157 192
159 192
168 192
176 192
186 192
189 192
0 193
2 193
7 193
8 193
23 193
39 193
40 193
52 193
54 193
63 193
88 193
99 193
138 193
171 193
172 193
177 193
183 193
189 193
5 194
20 194
22 194
40 194
61 194
84 194
91 194
92 194
99 194
102 194
113 194
114 194
120 194
122 194
123 194
125 194
127 194
133 194
154 194
158 194
159 194
3 195
10 195
20 195
23 195
36 195
40 195
72 195
96 195
141 195
145 195
152 195
169 195
178 195
187 195
9 196
13 196
30 196
45 196
62 196
71 196
96 196
113 196
114 196
119 196
124 196
126 196
151 196
154 196
0 197
5 197
10 197
26 197
33 197
35 197
36 197
41 197
60 197
66 197
71 197
76 197
88 197
99 197
115 197
119 197
128 197
135 197
146 197
173 197
1 198
2 198
29 198
34 198
36 198
40 198
81 198
91 198
93 198
117 198
130 198
131 198
134 198
142 198
160 198
166 198
170 198
171 198
190 198
195 198
1 199
22 199
29 199
46 199
50 199
67 199
68 199
76 199
77 199
83 199
97 199
101 199
119 199
121 199
130 199
140 199
143 199
144 199
167 199
173 199
175 199
179 199
180 199
194 199
11 200
18 200
26 200
40 200
41 200
68 200
76 200
79 200
96 200
108 200
117 200
118 200
122 200
131 200
156 200
179 200
187 200
190 200
196 200
7 201
22 201
25 201
41 201
62 201
67 201
71 201
80 201
83 201
93 201
98 201
133 201
135 201
146 201
150 201
153 201
163 201
165 201
170 201
185 201
24 202
25 202
34 202
39 202
43 202
44 202
79 202
88 202
91 202
103 202
131 202
133 202
136 202
140 202
143 202
148 202
158 202
159 202
160 202
181 202
188 202
11 203
15 203
30 203
61 203
75 203
103 203
128 203
132 203
134 203
136 203
158 203
162 203
170 203
175 203
177 203
183 203
187 203
188 203
192 203
193 203
5 204
6 204
15 204
18 204
26 204
59 204
61 204
66 204
73 204
78 204
83 204
86 204
89 204
106 204
127 204
133 204
140 204
147 204
148 204
166 204
169 204
174 204
191 204
192 204
2 205
7 205
8 205
14 205
16 205
22 205
32 205
46 205
65 205
87 205
89 205
91 205
95 205
122 205
147 205
150 205
155 205
164 205
166 205
167 205
172 205
174 205
177 205
178 205
190 205
196 205
11 206
15 206
27 206
36 206
45 206
54 206
63 206
73 206
103 206
108 206
110 206
118 206
132 206
144 206
154 206
156 206
157 206
163 206
197 206
0 207
5 207
14 207
43 207
57 207
80 207
95 207
100 207
105 207
113 207
118 207
120 207
129 207
130 207
144 207
147 207
150 207
155 207
167 207
174 207
175 207
188 207
4 208
6 208
9 208
23 208
29 208
34 208
38 208
40 208
47 208
58 208
80 208
82 208
84 208
96 208
116 208
148 208
160 208
172 208
174 208
177 208
187 208
190 208
7 209
12 209
13 209
26 209
50 209
56 209
60 209
84 209
106 209
107 209
111 209
130 209
131 209
135 209
136 209
137 209
140 209
141 209
151 209
152 209
165 209
166 209
168 209
169 209
170 209
172 209
188 209
191 209
0 210
1 210
6 210
7 210
11 210
37 210
59 210
60 210
61 210
64 210
67 210
75 210
76 210
80 210
85 210
89 210
90 210
103 210
118 210
119 210
120 210
141 210
148 210
159 210
167 210
168 210
179 210
186 210
10 211
13 211
21 211
25 211
41 211
42 211
43 211
59 211
61 211
65 211
73 211
84 211
100 211
107 211
108 211
113 211
116 211
126 211
134 211
135 211
139 211
144 211
184 211
7 212
9 212
10 212
33 212
34 212
43 212
57 212
59 212
66 212
74 212
82 212
88 212
99 212
121 212
122 212
127 212
143 212
148 212
161 212
162 212
166 212
174 212
179 212
184 212
186 212
198 212
200 212
202 212
206 212
0 213
2 213
4 213
8 213
30 213
31 213
36 213
37 213
39 213
47 213
49 213
86 213
106 213
118 213
123 213
136 213
145 213
148 213
179 213
184 213
199 213
201 213
203 213
14 214
16 214
44 214
49 214
52 214
53 214
57 214
66 214
72 214
74 214
76 214
85 214
96 214
100 214
116 214
120 214
125 214
128 214
144 214
150 214
161 214
164 214
166 214
4 215
15 215
18 215
24 215
54 215
63 215
67 215
73 215
101 215
103 215
105 215
124 215
133 215
140 215
141 215
147 215
163 215
165 215
185 215
202 215
8 216
17 216
26 216
33 216
39 216
50 216
62 216
77 216
81 216
93 216
115 216
123 216
126 216
130 216
145 216
150 216
158 216
160 216
164 216
173 216
178 216
181 216
201 216
12 217
18 217
19 217
21 217
23 217
32 217
33 217
38 217
39 217
44 217
50 217
53 217
56 217
60 217
75 217
79 217
86 217
87 217
92 217
105 217
106 217
118 217
126 217
129 217
154 217
156 217
158 217
159 217
166 217
177 217
178 217
179 217
190 217
196 217
205 217
35 218
36 218
43 218
47 218
64 218
85 218
94 218
95 218
105 218
121 218
135 218
144 218
146 218
155 218
166 218
193 218
8 219
13 219
26 219
47 219
57 219
63 219
68 219
73 219
79 219
80 219
92 219
101 219
107 219
118 219
129 219
142 219
145 219
146 219
150 219
156 219
162 219
163 219
167 219
173 219
180 219
191 219
195 219
12 220
14 220
15 220
41 220
43 220
50 220
60 220
61 220
70 220
71 220
73 220
78 220
92 220
97 220
100 220
125 220
127 220
129 220
133 220
149 220
152 220
157 220
166 220
176 220
177 220
178 220
182 220
210 220
2 221
21 221
26 221
32 221
34 221
42 221
46 221
51 221
62 221
64 221
70 221
87 221
89 221
103 221
105 221
115 221
131 221
139 221
151 221
156 221
159 221
177 221
191 221
200 221
5 222
24 222
32 222
38 222
41 222
42 222
55 222
60 222
74 222
80 222
81 222
86 222
104 222
105 222
110 222
115 222
131 222
137 222
140 222
145 222
147 222
152 222
155 222
159 222
161 222
162 222
168 222
170 222
185 222
7 223
12 223
14 223
20 223
26 223
36 223
45 223
48 223
53 223
65 223
69 223
77 223
82 223
89 223
93 223
98 223
118 223
130 223
133 223
153 223
178 223
185 223
190 223
194 223
0 224
21 224
23 224
28 224
44 224
50 224
57 224
80 224
91 224
98 224
100 224
122 224
130 224
146 224
163 224
166 224
171 224
173 224
174 224
185 224
193 224
210 224
12 225
16 225
20 225
23 225
41 225
42 225
53 225
63 225
71 225
79 225
80 225
84 225
112 225
118 225
136 225
149 225
166 225
199 225
4 226
8 226
20 226
24 226
31 226
37 226
52 226
63 226
83 226
88 226
110 226
115 226
123 226
124 226
131 226
135 226
139 226
171 226
175 226
183 226
190 226
193 226
202 226
204 226
221 226
13 227
14 227
23 227
39 227
45 227
47 227
58 227
60 227
69 227
72 227
78 227
84 227
88 227
122 227
132 227
136 227
137 227
146 227
147 227
172 227
178 227
195 227
197 227
203 227
205 227
209 227
4 228
18 228
22 228
51 228
69 228
72 228
76 228
91 228
102 228
107 228
115 228
118 228
126 228
131 228
140 228
146 228
156 228
157 228
162 228
163 228
167 228
168 228
169 228
179 228
185 228
187 228
194 228
200 228
202 228
11 229
24 229
25 229
34 229
40 229
51 229
68 229
84 229
89 229
102 229
117 229
119 229
122 229
156 229
181 229
196 229
208 229
214 229
224 229
16 230
26 230
39 230
43 230
44 230
47 230
54 230
57 230
58 230
59 230
60 230
69 230
73 230
79 230
92 230
96 230
102 230
106 230
126 230
149 230
157 230
158 230
180 230
190 230
196 230
207 230
208 230
213 230
221 230
223 230
224 230
4 231
6 231
20 231
38 231
44 231
45 231
50 231
96 231
100 231
110 231
117 231
121 231
128 231
143 231
147 231
158 231
167 231
170 231
171 231
174 231
175 231
190 231
197 231
198 231
212 231
215 231
18 232
24 232
34 232
54 232
57 232
60 232
69 232
73 232
74 232
82 232
83 232
117 232
130 232
135 232
151 232
153 232
201 232
223 232
8 233
14 233
16 233
22 233
28 233
29 233
43 233
47 233
55 233
56 233
63 233
66 233
70 233
73 233
76 233
80 233
107 233
111 233
126 233
159 233
180 233
182 233
184 233
186 233
193 233
199 233
215 233
17 234
23 234
26 234
29 234
33 234
36 234
49 234
57 234
61 234
72 234
78 234
80 234
87 234
88 234
102 234
108 234
124 234
129 234
137 234
148 234
170 234
217 234
219 234
222 234
223 234
225 234
6 235
20 235
44 235
54 235
86 235
91 235
93 235
109 235
114 235
122 235
163 235
171 235
195 235
204 235
225 235
4 236
15 236
51 236
56 236
69 236
81 236
86 236
103 236
106 236
113 236
115 236
122 236
124 236
126 236
142 236
149 236
151 236
152 236
157 236
158 236
167 236
168 236
176 236
177 236
196 236
211 236
212 236
214 236
227 236
233 236
7 237
25 237
54 237
62 237
66 237
77 237
97 237
98 237
111 237
116 237
121 237
131 237
134 237
136 237
143 237
151 237
152 237
159 237
169 237
171 237
173 237
174 237
193 237
199 237
205 237
218 237
220 237
221 237
234 237
235 237
24 238
34 238
38 238
47 238
49 238
53 238
55 238
56 238
58 238
62 238
65 238
67 238
77 238
85 238
102 238
104 238
117 238
123 238
136 238
139 238
154 238
161 238
172 238
176 238
187 238
192 238
209 238
213 238
219 238
18 239
23 239
34 239
36 239
39 239
43 239
66 239
76 239
88 239
98 239
110 239
112 239
142 239
147 239
169 239
194 239
202 239
203 239
225 239
229 239
4 240
17 240
42 240
47 240
52 240
55 240
71 240
72 240
76 240
77 240
78 240
95 240
100 240
119 240
129 240
152 240
166 240
170 240
171 240
176 240
179 240
181 240
188 240
209 240
224 240
225 240
2 241
4 241
9 241
12 241
27 241
32 241
37 241
39 241
41 241
42 241
57 241
58 241
67 241
68 241
71 241
83 241
84 241
92 241
109 241
110 241
112 241
115 241
129 241
132 241
152 241
177 241
178 241
179 241
192 241
208 241
211 241
219 241
220 241
25 242
33 242
63 242
67 242
69 242
77 242
88 242
89 242
106 242
132 242
151 242
154 242
167 242
172 242
179 242
182 242
201 242
206 242
217 242
2 243
45 243
47 243
53 243
60 243
78 243
85 243
88 243
91 243
111 243
112 243
136 243
138 243
140 243
153 243
159 243
161 243
162 243
163 243
170 243
174 243
195 243
202 243
206 243
217 243
220 243
234 243
18 244
20 244
26 244
34 244
51 244
83 244
86 244
95 244
119 244
132 244
134 244
142 244
146 244
150 244
164 244
172 244
192 244
195 244
199 244
215 244
233 244
3 245
9 245
17 245
29 245
41 245
46 245
49 245
68 245
76 245
79 245
90 245
95 245
113 245
122 245
137 245
143 245
147 245
157 245
160 245
162 245
171 245
175 245
187 245
197 245
202 245
212 245
217 245
218 245
221 245
21 246
44 246
56 246
61 246
63 246
78 246
84 246
92 246
101 246
107 246
112 246
116 246
121 246
123 246
131 246
144 246
151 246
152 246
156 246
160 246
165 246
168 246
171 246
172 246
173 246
188 246
198 246
208 246
214 246
233 246
12 247
14 247
17 247
25 247
30 247
32 247
39 247
53 247
54 247
77 247
95 247
105 247
111 247
132 247
134 247
136 247
145 247
170 247
174 247
176 247
177 247
183 247
188 247
201 247
211 247
216 247
230 247
233 247
237 247
239 247
241 247
243 247
1 248
6 248
22 248
26 248
31 248
44 248
78 248
80 248
83 248
85 248
93 248
94 248
100 248
111 248
112 248
134 248
138 248
145 248
149 248
157 248
175 248
204 248
206 248
212 248
220 248
237 248
240 248
243 248
244 248
246 248
4 249
10 249
13 249
22 249
26 249
37 249
50 249
60 249
77 249
89 249
108 249
114 249
125 249
127 249
128 249
140 249
148 249
162 249
178 249
213 249
223 249
226 249
245 249
2 250
6 250
54 250
56 250
61 250
63 250
64 250
65 250
73 250
74 250
82 250
86 250
111 250
120 250
121 250
127 250
129 250
139 250
143 250
144 250
146 250
158 250
168 250
172 250
183 250
186 250
191 250
207 250
219 250
223 250
6 251
7 251
9 251
17 251
33 251
34 251
35 251
47 251
53 251
55 251
61 251
76 251
79 251
84 251
105 251
109 251
114 251
119 251
133 251
139 251
142 251
144 251
148 251
154 251
170 251
173 251
186 251
193 251
196 251
205 251
207 251
208 251
215 251
229 251
236 251
239 251
241 251
5 252
25 252
40 252
54 252
65 252
88 252
91 252
106 252
107 252
109 252
114 252
122 252
127 252
138 252
149 252
155 252
158 252
164 252
171 252
176 252
178 252
192 252
194 252
197 252
198 252
199 252
202 252
206 252
232 252
17 253
22 253
33 253
48 253
52 253
53 253
54 253
63 253
64 253
92 253
94 253
99 253
107 253
108 253
113 253
114 253
130 253
141 253
147 253
150 253
154 253
155 253
168 253
177 253
189 253
198 253
206 253
226 253
229 253
234 253
239 253
18 254
24 254
26 254
27 254
40 254
51 254
53 254
61 254
68 254
69 254
70 254
74 254
77 254
90 254
111 254
122 254
127 254
143 254
158 254
160 254
162 254
171 254
172 254
183 254
201 254
202 254
221 254
232 254
243 254
245 254
11 255
34 255
42 255
50 255
53 255
56 255
67 255
70 255
75 255
96 255
103 255
105 255
123 255
124 255
135 255
138 255
147 255
148 255
166 255
177 255
178 255
190 255
192 255
202 255
219 255
227 255
235 255
7 256
9 256
15 256
18 256
24 256
26 256
58 256
63 256
79 256
86 256
87 256
92 256
93 256
94 256
98 256
100 256
106 256
113 256
117 256
124 256
125 256
142 256
173 256
180 256
202 256
210 256
214 256
217 256
221 256
226 256
232 256
241 256
25 257
26 257
31 257
37 257
39 257
46 257
47 257
57 257
73 257
77 257
101 257
122 257
125 257
130 257
149 257
164 257
167 257
183 257
188 257
195 257
203 257
209 257
213 257
223 257
227 257
228 257
229 257
235 257
236 257
0 258
9 258
13 258
24 258
38 258
41 258
45 258
55 258
90 258
96 258
100 258
103 258
104 258
119 258
125 258
129 258
137 258
149 258
152 258
153 258
170 258
178 258
182 258
194 258
201 258
208 258
217 258
224 258
226 258
231 258
240 258
254 258
26 259
29 259
37 259
40 259
43 259
46 259
47 259
51 259
62 259
64 259
83 259
92 259
103 259
106 259
112 259
116 259
132 259
133 259
137 259
142 259
145 259
164 259
177 259
178 259
183 259
189 259
192 259
197 259
201 259
210 259
226 259
229 259
239 259
240 259
248 259
250 259
29 260
43 260
47 260
48 260
49 260
52 260
60 260
63 260
64 260
65 260
69 260
74 260
76 260
110 260
112 260
113 260
115 260
122 260
130 260
135 260
150 260
155 260
173 260
174 260
176 260
189 260
204 260
213 260
230 260
234 260
237 260
256 260
4 261
9 261
23 261
27 261
49 261
50 261
51 261
52 261
62 261
70 261
72 261
82 261
85 261
95 261
113 261
117 261
119 261
127 261
134 261
156 261
169 261
173 261
204 261
207 261
219 261
222 261
251 261
253 261
16 262
17 262
57 262
61 262
64 262
65 262
69 262
91 262
127 262
135 262
148 262
163 262
165 262
170 262
171 262
177 262
180 262
191 262
200 262
201 262
207 262
223 262
231 262
234 262
239 262
1 263
8 263
10 263
16 263
25 263
35 263
49 263
51 263
54 263
65 263
66 263
91 263
92 263
115 263
127 263
133 263
144 263
158 263
163 263
170 263
175 263
176 263
190 263
201 263
205 263
206 263
207 263
208 263
210 263
221 263
233 263
234 263
239 263
243 263
245 263
248 263
9 264
12 264
13 264
29 264
38 264
50 264
51 264
57 264
62 264
70 264
78 264
87 264
96 264
100 264
130 264
134 264
136 264
139 264
160 264
162 264
179 264
188 264
198 264
200 264
218 264
219 264
232 264
241 264
247 264
251 264
253 264
0 265
12 265
13 265
32 265
39 265
40 265
60 265
76 265
78 265
103 265
125 265
127 265
134 265
138 265
149 265
153 265
156 265
166 265
176 265
185 265
187 265
193 265
195 265
201 265
208 265
209 265
213 265
215 265
222 265
227 265
8 266
9 266
24 266
35 266
41 266
50 266
107 266
114 266
123 266
127 266
142 266
143 266
144 266
145 266
157 266
166 266
170 266
180 266
188 266
193 266
199 266
202 266
203 266
205 266
213 266
226 266
230 266
231 266
247 266
4 267
11 267
12 267
13 267
29 267
30 267
31 267
32 267
50 267
54 267
62 267
75 267
87 267
89 267
133 267
147 267
155 267
161 267
181 267
191 267
195 267
198 267
216 267
229 267
232 267
257 267
264 267
265 267
7 268
10 268
25 268
31 268
34 268
35 268
47 268
49 268
60 268
74 268
75 268
94 268
98 268
110 268
111 268
116 268
134 268
149 268
154 268
168 268
175 268
179 268
183 268
193 268
201 268
203 268
208 268
214 268
221 268
230 268
245 268
246 268
247 268
249 268
256 268
266 268
6 269
7 269
18 269
23 269
44 269
46 269
86 269
88 269
92 269
101 269
117 269
119 269
130 269
133 269
137 269
155 269
160 269
162 269
180 269
188 269
197 269
210 269
215 269
218 269
263 269
266 269
2 270
18 270
22 270
33 270
40 270
53 270
59 270
61 270
64 270
65 270
76 270
86 270
97 270
104 270
113 270
127 270
130 270
135 270
140 270
143 270
144 270
152 270
171 270
175 270
189 270
193 270
201 270
237 270
243 270
2 271
31 271
35 271
37 271
46 271
47 271
51 271
71 271
72 271
90 271
100 271
101 271
119 271
123 271
125 271
136 271
141 271
146 271
158 271
171 271
179 271
196 271
200 271
208 271
210 271
215 271
221 271
229 271
238 271
243 271
248 271
262 271
15 272
22 272
27 272
34 272
39 272
57 272
62 272
63 272
73 272
79 272
80 272
92 272
100 272
105 272
124 272
130 272
133 272
145 272
147 272
154 272
173 272
178 272
191 272
192 272
199 272
202 272
206 272
217 272
224 272
227 272
252 272
259 272
6 273
10 273
12 273
14 273
23 273
68 273
75 273
81 273
82 273
91 273
92 273
101 273
105 273
138 273
147 273
150 273
155 273
158 273
177 273
180 273
181 273
188 273
212 273
225 273
230 273
238 273
245 273
254 273
263 273
264 273
11 274
20 274
31 274
36 274
39 274
50 274
62 274
64 274
66 274
68 274
91 274
108 274
124 274
139 274
147 274
151 274
166 274
174 274
175 274
191 274
203 274
207 274
209 274
221 274
230 274
234 274
245 274
250 274
256 274
6 275
14 275
29 275
36 275
40 275
42 275
46 275
47 275
55 275
63 275
72 275
94 275
101 275
118 275
120 275
129 275
130 275
144 275
147 275
150 275
166 275
178 275
179 275
197 275
203 275
211 275
221 275
248 275
251 275
0 276
4 276
5 276
13 276
18 276
39 276
47 276
52 276
55 276
62 276
64 276
65 276
73 276
77 276
86 276
89 276
93 276
97 276
105 276
140 276
144 276
157 276
163 276
174 276
182 276
198 276
217 276
227 276
231 276
232 276
255 276
3 277
4 277
5 277
20 277
24 277
29 277
33 277
42 277
50 277
62 277
67 277
76 277
90 277
108 277
114 277
116 277
117 277
121 277
124 277
125 277
127 277
136 277
142 277
170 277
184 277
192 277
195 277
199 277
202 277
207 277
210 277
211 277
213 277
230 277
235 277
240 277
261 277
265 277
269 277
5 278
15 278
29 278
33 278
37 278
38 278
57 278
74 278
85 278
87 278
94 278
105 278
110 278
114 278
117 278
133 278
135 278
139 278
161 278
164 278
171 278
177 278
187 278
192 278
194 278
199 278
207 278
208 278
214 278
216 278
217 278
224 278
231 278
232 278
253 278
259 278
260 278
264 278
265 278
268 278
275 278
28 279
30 279
50 279
60 279
68 279
73 279
75 279
96 279
99 279
103 279
113 279
114 279
117 279
121 279
125 279
162 279
165 279
168 279
171 279
175 279
185 279
191 279
197 279
198 279
201 279
202 279
205 279
209 279
214 279
224 279
243 279
250 279
256 279
263 279
267 279
268 279
2 280
15 280
22 280
26 280
34 280
40 280
48 280
64 280
75 280
76 280
78 280
84 280
90 280
100 280
101 280
102 280
104 280
106 280
124 280
128 280
131 280
133 280
136 280
139 280
141 280
144 280
151 280
153 280
162 280
170 280
171 280
197 280
199 280
202 280
224 280
232 280
275 280
1 281
9 281
25 281
39 281
42 281
54 281
55 281
56 281
59 281
65 281
77 281
78 281
81 281
98 281
109 281
123 281
129 281
143 281
156 281
157 281
184 281
185 281
193 281
203 281
220 281
229 281
230 281
234 281
244 281
23 282
40 282
66 282
79 282
88 282
108 282
137 282
142 282
144 282
145 282
161 282
163 282
196 282
197 282
218 282
224 282
232 282
235 282
253 282
264 282
265 282
275 282
14 283
24 283
28 283
29 283
56 283
61 283
64 283
73 283
74 283
79 283
94 283
96 283
119 283
132 283
149 283
157 283
167 283
172 283
183 283
205 283
212 283
222 283
228 283
234 283
235 283
240 283
244 283
254 283
262 283
264 283
272 283
273 283
2 284
27 284
41 284
45 284
55 284
59 284
62 284
70 284
87 284
107 284
126 284
128 284
129 284
161 284
185 284
189 284
201 284
209 284
211 284
214 284
218 284
240 284
243 284
255 284
260 284
264 284
4 285
5 285
11 285
26 285
29 285
39 285
52 285
67 285
75 285
76 285
85 285
104 285
134 285
145 285
152 285
180 285
191 285
200 285
231 285
240 285
245 285
257 285
263 285
268 285
273 285
282 285
13 286
18 286
44 286
49 286
53 286
57 286
62 286
82 286
127 286
135 286
153 286
165 286
175 286
182 286
192 286
223 286
233 286
251 286
254 286
262 286
269 286
18 287
22 287
30 287
57 287
58 287
61 287
67 287
75 287
76 287
83 287
96 287
107 287
114 287
125 287
129 287
156 287
163 287
166 287
181 287
189 287
190 287
212 287
216 287
230 287
232 287
242 287
244 287
254 287
260 287
273 287
280 287
1 288
2 288
9 288
14 288
19 288
31 288
56 288
61 288
64 288
66 288
67 288
83 288
85 288
113 288
140 288
143 288
152 288
166 288
171 288
178 288
191 288
200 288
205 288
213 288
218 288
221 288
222 288
227 288
229 288
238 288
243 288
248 288
270 288
272 288
278 288
282 288
0 289
13 289
17 289
18 289
22 289
36 289
38 289
39 289
47 289
50 289
66 289
71 289
74 289
83 289
96 289
113 289
125 289
127 289
132 289
145 289
156 289
165 289
166 289
179 289
192 289
193 289
214 289
228 289
236 289
261 289
262 289
277 289
10 290
24 290
33 290
35 290
38 290
71 290
84 290
88 290
94 290
102 290
110 290
119 290
120 290
127 290
141 290
146 290
159 290
188 290
193 290
199 290
208 290
209 290
213 290
226 290
234 290
235 290
244 290
255 290
257 290
277 290
280 290
4 291
10 291
37 291
39 291
45 291
55 291
57 291
59 291
69 291
76 291
80 291
83 291
93 291
96 291
103 291
148 291
157 291
163 291
172 291
174 291
184 291
190 291
234 291
235 291
251 291
256 291
283 291
284 291
5 292
14 292
36 292
41 292
42 292
49 292
54 292
70 292
81 292
82 292
86 292
87 292
97 292
98 292
103 292
109 292
121 292
126 292
130 292
153 292
154 292
164 292
174 292
194 292
201 292
214 292
217 292
219 292
220 292
227 292
234 292
267 292
274 292
275 292
287 292
2 293
18 293
26 293
28 293
52 293
56 293
57 293
73 293
78 293
80 293
83 293
89 293
90 293
97 293
121 293
125 293
129 293
134 293
136 293
137 293
153 293
156 293
163 293
170 293
188 293
194 293
209 293
210 293
213 293
225 293
226 293
229 293
239 293
244 293
248 293
254 293
264 293
268 293
272 293
274 293
277 293
288 293
12 294
17 294
24 294
40 294
49 294
53 294
62 294
92 294
96 294
106 294
113 294
121 294
126 294
136 294
147 294
155 294
159 294
161 294
169 294
170 294
174 294
176 294
191 294
193 294
198 294
199 294
228 294
229 294
261 294
275 294
283 294
285 294
11 295
20 295
53 295
56 295
66 295
68 295
75 295
79 295
81 295
82 295
88 295
95 295
103 295
109 295
117 295
127 295
131 295
140 295
143 295
163 295
172 295
178 295
185 295
186 295
187 295
189 295
192 295
201 295
214 295
221 295
231 295
232 295
233 295
235 295
245 295
253 295
254 295
255 295
258 295
260 295
281 295
36 296
59 296
61 296
62 296
66 296
73 296
77 296
78 296
80 296
103 296
117 296
123 296
136 296
145 296
154 296
156 296
163 296
164 296
178 296
188 296
192 296
202 296
205 296
219 296
220 296
225 296
231 296
265 296
277 296
10 297
20 297
30 297
38 297
45 297
51 297
54 297
57 297
65 297
81 297
86 297
97 297
105 297
108 297
113 297
116 297
129 297
142 297
143 297
148 297
168 297
172 297
188 297
213 297
224 297
225 297
231 297
232 297
235 297
248 297
256 297
271 297
272 297
280 297
282 297
287 297
7 298
9 298
16 298
19 298
33 298
34 298
41 298
42 298
46 298
48 298
51 298
53 298
58 298
64 298
68 298
83 298
87 298
92 298
98 298
100 298
120 298
128 298
130 298
142 298
144 298
145 298
154 298
158 298
160 298
166 298
167 298
186 298
196 298
207 298
221 298
242 298
245 298
246 298
265 298
273 298
274 298
276 298
9 299
18 299
25 299
31 299
36 299
45 299
46 299
53 299
57 299
58 299
59 299
64 299
67 299
76 299
77 299
88 299
97 299
119 299
130 299
156 299
158 299
162 299
167 299
175 299
193 299
194 299
201 299
229 299
233 299
240 299
255 299
269 299
275 299
277 299
286 299
287 299
