300 4294 5
15 2 5 18 4 9 8 14 2 18 19 1 15 9 16 1 7 9 2 15 14 8 7 7 4 11 13 2 7 12 10 7 20 13 9 11 10 5 14 17 15 18 16 8 16 4 14 1 19 14 19 16 11 7 5 3 15 5 16 6 15 3 6 3 5 12 13 2 18 8 16 19 20 14 15 14 19 17 6 5 6 8 17 9 8 10 14 9 9 20 18 16 2 14 17 6 2 3 17 20 12 18 2 2 16 18 1 6 15 13 5 16 19 1 6 1 11 10 12 1 3 5 10 4 13 10 11 9 7 17 10 18 2 8 18 6 7 7 5 14 7 2 13 14 15 13 10 19 3 4 18 15 6 5 19 19 17 1 16 17 6 3 12 5 5 2 5 3 19 8 6 18 15 17 12 9 11 1 14 15 17 20 1 16 6 5 2 6 2 7 16 12 3 2 12 16 10 10 20 8 12 3 7 8 15 10 17 2 12 18 3 15 3 5 6 16 11 15 13 2 14 13 14 10 1 19 9 14 12 10 1 1 3 3 8 2 6 7 6 12 14 12 7 17 20 5 10 16 11 18 17 19 17 19 19 18 20 6 15 16 10 17 3 1 2 19 9 10 4 17 13 6 20 16 5 11 16 14 18 19 17 12 9 15 17 14 3 15 12 19 18 16 17 4 2 12 19 13 7 20
1 4
5 7
7 9
1 13
3 13
6 14
11 14
10 16
0 17
14 17
15 17
0 18
11 18
13 18
6 19
17 20
19 20
5 21
5 22
8 24
18 24
4 25
5 25
16 25
8 26
1 27
26 27
20 28
25 28
26 28
11 29
5 30
10 30
12 30
16 30
26 30
25 31
5 32
11 32
20 32
21 32
24 32
16 33
30 33
8 34
11 34
18 34
20 34
3 35
4 35
8 35
22 35
29 35
34 36
26 37
4 38
28 38
32 38
36 38
1 39
6 39
9 39
37 39
7 40
22 40
28 40
30 40
31 40
37 40
6 41
19 41
40 41
1 42
13 42
21 42
23 42
27 42
28 42
32 42
2 43
5 43
26 43
27 43
33 43
41 43
7 44
23 44
31 44
33 44
34 44
37 44
39 44
4 45
20 45
22 45
23 45
25 45
27 45
30 45
41 45
10 46
13 46
18 46
21 46
36 46
38 46
40 46
42 46
43 46
24 47
27 47
0 48
3 48
7 48
16 48
35 48
9 49
10 49
29 49
7 50
11 50
14 50
22 50
44 50
10 51
16 51
28 51
40 51
11 52
15 52
19 52
25 52
35 52
45 52
48 52
9 53
13 53
19 53
44 53
48 53
0 54
8 54
17 54
35 54
38 54
39 54
21 55
23 55
25 55
30 55
44 55
45 55
0 56
12 56
22 56
30 56
31 56
33 56
10 57
22 57
35 57
32 58
35 58
36 58
38 58
43 58
3 59
9 59
20 59
47 59
3 60
11 60
15 60
23 60
27 60
34 60
11 61
12 61
27 61
37 61
46 61
47 61
51 61
5 62
30 62
36 62
46 62
47 62
59 62
6 63
41 63
45 63
48 63
53 63
57 63
59 63
61 63
16 64
35 64
39 64
41 64
59 64
60 64
11 65
17 65
24 65
27 65
35 65
44 65
47 65
49 65
3 66
9 66
17 66
23 66
45 66
6 67
10 67
19 67
20 67
34 67
65 67
10 68
12 68
21 68
33 68
39 68
42 68
43 68
47 68
50 68
52 68
54 68
16 69
31 69
48 69
58 69
2 70
6 70
24 70
32 70
42 70
49 70
53 70
55 70
15 71
21 71
22 71
25 71
31 71
34 71
35 71
45 71
69 71
5 72
13 72
25 72
27 72
50 72
51 72
60 72
65 72
67 72
69 72
70 72
12 73
32 73
38 73
42 73
3 74
10 74
19 74
20 74
24 74
56 74
63 74
67 74
3 75
19 75
24 75
32 75
40 75
46 75
50 75
55 75
68 75
33 76
54 76
60 76
61 76
65 76
74 76
5 77
14 77
15 77
28 77
60 77
64 77
67 77
73 77
3 78
5 78
19 78
20 78
22 78
77 78
13 79
17 79
26 79
34 79
37 79
61 79
1 80
12 80
19 80
24 80
39 80
42 80
56 80
11 81
16 81
26 81
33 81
42 81
57 81
58 81
64 81
69 81
71 81
73 81
78 81
80 81
6 82
11 82
25 82
30 82
42 82
45 82
58 82
61 82
79 82
22 83
25 83
34 83
43 83
52 83
64 83
3 84
6 84
16 84
20 84
21 84
25 84
26 84
43 84
48 84
58 84
61 84
63 84
75 84
83 84
16 85
36 85
45 85
64 85
0 86
14 86
22 86
29 86
35 86
55 86
67 86
74 86
85 86
0 87
15 87
48 87
77 87
3 88
4 88
9 88
20 88
37 88
44 88
69 88
77 88
13 89
20 89
26 89
28 89
41 89
59 89
82 89
87 89
13 90
21 90
27 90
29 90
31 90
32 90
37 90
46 90
49 90
61 90
77 90
6 91
21 91
31 91
33 91
34 91
44 91
54 91
56 91
75 91
79 91
3 92
10 92
15 92
19 92
24 92
32 92
45 92
50 92
57 92
66 92
72 92
4 93
13 93
35 93
38 93
41 93
44 93
46 93
51 93
54 93
68 93
72 93
75 93
79 93
87 93
91 93
92 93
9 94
17 94
46 94
51 94
52 94
77 94
90 94
24 95
37 95
40 95
46 95
66 95
67 95
74 95
89 95
4 96
10 96
19 96
29 96
39 96
40 96
42 96
44 96
55 96
64 96
76 96
26 97
35 97
58 97
62 97
66 97
70 97
81 97
10 98
11 98
31 98
50 98
83 98
91 98
12 99
13 99
32 99
44 99
45 99
79 99
12 100
24 100
32 100
37 100
38 100
39 100
42 100
57 100
62 100
87 100
91 100
0 101
12 101
21 101
27 101
38 101
45 101
46 101
54 101
73 101
74 101
83 101
98 101
99 101
6 102
8 102
13 102
16 102
21 102
23 102
58 102
66 102
68 102
73 102
86 102
94 102
99 102
1 103
23 103
28 103
34 103
35 103
47 103
68 103
3 104
9 104
11 104
17 104
22 104
42 104
43 104
45 104
58 104
59 104
60 104
64 104
65 104
70 104
71 104
75 104
81 104
97 104
99 104
4 105
16 105
36 105
46 105
53 105
54 105
57 105
70 105
85 105
24 106
32 106
41 106
48 106
73 106
79 106
81 106
92 106
96 106
100 106
5 107
8 107
13 107
23 107
52 107
67 107
70 107
71 107
76 107
81 107
21 108
22 108
36 108
52 108
60 108
67 108
76 108
99 108
10 109
27 109
31 109
39 109
42 109
50 109
56 109
63 109
69 109
85 109
16 110
41 110
55 110
59 110
80 110
81 110
88 110
97 110
98 110
105 110
0 111
10 111
16 111
58 111
63 111
69 111
77 111
81 111
98 111
105 111
106 111
9 112
32 112
33 112
42 112
45 112
52 112
53 112
72 112
76 112
77 112
88 112
91 112
104 112
38 113
42 113
53 113
55 113
59 113
65 113
86 113
89 113
101 113
111 113
41 114
43 114
47 114
53 114
57 114
62 114
64 114
99 114
10 115
27 115
30 115
36 115
48 115
55 115
68 115
70 115
97 115
102 115
104 115
2 116
16 116
23 116
32 116
42 116
48 116
51 116
73 116
79 116
80 116
82 116
91 116
101 116
1 117
6 117
38 117
41 117
42 117
66 117
69 117
76 117
84 117
100 117
109 117
0 118
6 118
11 118
30 118
35 118
46 118
49 118
55 118
56 118
59 118
78 118
103 118
107 118
0 119
7 119
11 119
16 119
20 119
49 119
55 119
64 119
86 119
91 119
102 119
34 120
53 120
54 120
62 120
76 120
84 120
90 120
101 120
8 121
17 121
19 121
36 121
64 121
66 121
86 121
101 121
9 122
11 122
16 122
18 122
35 122
41 122
56 122
62 122
76 122
80 122
83 122
85 122
93 122
98 122
104 122
110 122
111 122
115 122
17 123
69 123
71 123
77 123
78 123
87 123
107 123
113 123
1 124
10 124
14 124
15 124
24 124
39 124
41 124
42 124
54 124
62 124
64 124
79 124
94 124
117 124
6 125
38 125
41 125
54 125
72 125
93 125
106 125
13 126
34 126
38 126
56 126
66 126
104 126
108 126
113 126
121 126
1 127
15 127
30 127
72 127
77 127
92 127
93 127
99 127
102 127
0 128
5 128
6 128
17 128
18 128
61 128
75 128
90 128
94 128
96 128
110 128
122 128
6 129
28 129
42 129
58 129
63 129
66 129
93 129
102 129
127 129
12 130
16 130
24 130
25 130
26 130
29 130
37 130
39 130
47 130
82 130
86 130
87 130
118 130
122 130
129 130
24 131
25 131
42 131
47 131
74 131
79 131
86 131
87 131
102 131
110 131
116 131
122 131
125 131
16 132
21 132
22 132
29 132
45 132
54 132
58 132
71 132
106 132
109 132
112 132
113 132
123 132
1 133
10 133
30 133
31 133
45 133
71 133
109 133
112 133
118 133
128 133
1 134
18 134
27 134
77 134
86 134
93 134
95 134
99 134
103 134
112 134
126 134
5 135
16 135
32 135
48 135
53 135
64 135
95 135
99 135
103 135
125 135
133 135
7 136
15 136
16 136
19 136
23 136
31 136
33 136
40 136
42 136
43 136
70 136
76 136
96 136
105 136
127 136
135 136
10 137
16 137
23 137
50 137
73 137
81 137
94 137
97 137
99 137
107 137
136 137
2 138
4 138
28 138
32 138
33 138
94 138
95 138
98 138
103 138
113 138
124 138
126 138
11 139
20 139
40 139
55 139
64 139
69 139
71 139
84 139
89 139
96 139
98 139
119 139
130 139
30 140
32 140
38 140
41 140
59 140
113 140
128 140
11 141
19 141
27 141
43 141
57 141
71 141
72 141
83 141
84 141
91 141
92 141
101 141
121 141
125 141
18 142
34 142
54 142
71 142
105 142
124 142
133 142
2 143
39 143
46 143
59 143
65 143
115 143
123 143
8 144
9 144
42 144
51 144
62 144
90 144
93 144
100 144
106 144
118 144
47 145
101 145
122 145
123 145
134 145
20 146
32 146
57 146
58 146
65 146
68 146
71 146
93 146
103 146
123 146
141 146
5 147
7 147
27 147
44 147
47 147
58 147
67 147
74 147
88 147
103 147
120 147
21 148
27 148
41 148
57 148
58 148
60 148
64 148
88 148
92 148
94 148
97 148
100 148
104 148
110 148
133 148
147 148
3 149
7 149
15 149
25 149
38 149
44 149
85 149
95 149
99 149
110 149
113 149
118 149
28 150
39 150
47 150
60 150
70 150
71 150
76 150
79 150
83 150
100 150
114 150
118 150
132 150
143 150
5 151
7 151
15 151
30 151
44 151
57 151
58 151
82 151
87 151
99 151
100 151
113 151
115 151
121 151
131 151
136 151
150 151
11 152
23 152
33 152
63 152
64 152
68 152
73 152
86 152
94 152
95 152
132 152
140 152
141 152
142 152
15 153
69 153
72 153
73 153
91 153
93 153
104 153
109 153
116 153
130 153
131 153
135 153
136 153
18 154
19 154
25 154
29 154
52 154
59 154
60 154
62 154
67 154
72 154
80 154
84 154
104 154
106 154
121 154
124 154
126 154
132 154
142 154
6 155
10 155
45 155
65 155
68 155
78 155
88 155
89 155
92 155
108 155
113 155
116 155
5 156
6 156
9 156
29 156
37 156
46 156
47 156
52 156
66 156
68 156
77 156
81 156
131 156
139 156
141 156
1 157
2 157
8 157
9 157
44 157
53 157
57 157
89 157
90 157
94 157
99 157
102 157
111 157
116 157
143 157
1 158
13 158
35 158
39 158
44 158
55 158
78 158
97 158
112 158
126 158
129 158
134 158
143 158
3 159
7 159
8 159
18 159
20 159
22 159
23 159
35 159
72 159
73 159
81 159
99 159
123 159
145 159
152 159
153 159
15 160
17 160
22 160
23 160
28 160
29 160
42 160
54 160
57 160
63 160
64 160
76 160
83 160
107 160
131 160
132 160
40 161
62 161
81 161
86 161
93 161
95 161
96 161
97 161
102 161
104 161
109 161
119 161
121 161
123 161
125 161
126 161
131 161
133 161
148 161
150 161
85 162
99 162
124 162
127 162
139 162
147 162
154 162
158 162
8 163
13 163
43 163
51 163
77 163
89 163
98 163
107 163
109 163
110 163
119 163
143 163
147 163
151 163
152 163
162 163
2 164
18 164
38 164
46 164
53 164
57 164
61 164
76 164
77 164
82 164
98 164
99 164
100 164
114 164
116 164
122 164
147 164
156 164
162 164
7 165
18 165
27 165
41 165
46 165
62 165
64 165
76 165
83 165
92 165
97 165
117 165
131 165
146 165
147 165
149 165
17 166
46 166
55 166
82 166
98 166
106 166
107 166
112 166
117 166
125 166
128 166
129 166
145 166
156 166
162 166
2 167
5 167
22 167
38 167
45 167
52 167
53 167
69 167
137 167
158 167
159 167
166 167
12 168
14 168
25 168
32 168
36 168
37 168
43 168
59 168
61 168
63 168
82 168
89 168
107 168
116 168
118 168
119 168
146 168
160 168
164 168
6 169
23 169
31 169
36 169
46 169
52 169
61 169
63 169
64 169
72 169
85 169
92 169
93 169
110 169
128 169
143 169
149 169
153 169
157 169
162 169
164 169
15 170
23 170
36 170
63 170
69 170
77 170
87 170
98 170
110 170
153 170
154 170
165 170
169 170
19 171
38 171
55 171
74 171
81 171
89 171
90 171
91 171
98 171
136 171
140 171
161 171
9 172
13 172
19 172
20 172
26 172
48 172
56 172
59 172
67 172
69 172
72 172
77 172
99 172
111 172
128 172
129 172
138 172
162 172
1 173
18 173
20 173
43 173
52 173
72 173
81 173
93 173
114 173
118 173
133 173
138 173
139 173
141 173
154 173
1 174
16 174
50 174
59 174
66 174
92 174
95 174
96 174
97 174
116 174
143 174
146 174
159 174
164 174
166 174
8 175
29 175
31 175
41 175
59 175
60 175
62 175
65 175
71 175
82 175
84 175
110 175
132 175
154 175
155 175
163 175
173 175
1 176
11 176
12 176
21 176
34 176
38 176
40 176
64 176
83 176
114 176
119 176
120 176
132 176
133 176
136 176
144 176
159 176
174 176
43 177
53 177
55 177
58 177
59 177
61 177
62 177
66 177
84 177
86 177
89 177
90 177
104 177
134 177
140 177
153 177
166 177
169 177
176 177
6 178
25 178
27 178
28 178
32 178
37 178
39 178
40 178
44 178
49 178
54 178
77 178
79 178
84 178
88 178
90 178
91 178
97 178
106 178
149 178
154 178
160 178
163 178
173 178
175 178
2 179
3 179
15 179
18 179
45 179
50 179
70 179
75 179
76 179
77 179
94 179
98 179
99 179
104 179
112 179
115 179
122 179
125 179
134 179
142 179
149 179
158 179
8 180
33 180
41 180
50 180
51 180
62 180
68 180
82 180
83 180
87 180
94 180
97 180
108 180
112 180
23 181
41 181
43 181
45 181
49 181
58 181
61 181
62 181
70 181
77 181
79 181
87 181
97 181
103 181
112 181
120 181
122 181
130 181
138 181
146 181
176 181
178 181
31 182
43 182
47 182
58 182
64 182
68 182
87 182
105 182
113 182
118 182
125 182
146 182
149 182
151 182
152 182
175 182
1 183
5 183
6 183
21 183
51 183
53 183
62 183
71 183
72 183
97 183
101 183
105 183
109 183
111 183
117 183
124 183
138 183
157 183
159 183
0 184
30 184
32 184
33 184
36 184
58 184
68 184
84 184
108 184
112 184
114 184
121 184
122 184
129 184
132 184
134 184
138 184
139 184
150 184
169 184
175 184
180 184
6 185
13 185
28 185
38 185
39 185
60 185
75 185
76 185
80 185
84 185
89 185
113 185
115 185
121 185
132 185
140 185
149 185
151 185
159 185
7 186
11 186
25 186
42 186
43 186
62 186
67 186
76 186
81 186
93 186
116 186
125 186
152 186
156 186
161 186
164 186
172 186
181 186
182 186
4 187
14 187
20 187
23 187
27 187
28 187
36 187
53 187
68 187
72 187
78 187
91 187
104 187
106 187
135 187
165 187
168 187
169 187
179 187
1 188
10 188
16 188
19 188
47 188
48 188
49 188
65 188
95 188
98 188
134 188
137 188
169 188
173 188
181 188
7 189
13 189
15 189
19 189
20 189
23 189
30 189
36 189
45 189
53 189
70 189
76 189
83 189
99 189
108 189
117 189
119 189
135 189
144 189
158 189
161 189
163 189
176 189
13 190
53 190
56 190
58 190
63 190
69 190
73 190
87 190
99 190
104 190
106 190
145 190
154 190
161 190
170 190
178 190
5 191
8 191
17 191
36 191
54 191
75 191
81 191
105 191
108 191
110 191
113 191
116 191
122 191
126 191
140 191
143 191
158 191
173 191
177 191
2 192
13 192
23 192
31 192
44 192
55 192
57 192
58 192
60 192
66 192
70 192
71 192
74 192
80 192
90 192
121 192
159 192
163 192
166 192
175 192
178 192
182 192
184 192
191 192
6 193
11 193
19 193
24 193
53 193
54 193
58 193
71 193
75 193
77 193
78 193
93 193
103 193
108 193
116 193
118 193
142 193
145 193
148 193
175 193
189 193
191 193
25 194
41 194
68 194
69 194
83 194
94 194
96 194
118 194
119 194
125 194
153 194
154 194
168 194
174 194
175 194
181 194
6 195
17 195
19 195
33 195
49 195
77 195
78 195
108 195
110 195
114 195
119 195
128 195
130 195
131 195
137 195
163 195
165 195
170 195
173 195
183 195
185 195
3 196
8 196
19 196
20 196
21 196
31 196
36 196
46 196
47 196
57 196
60 196
68 196
74 196
79 196
80 196
96 196
101 196
106 196
114 196
140 196
148 196
150 196
158 196
177 196
193 196
194 196
3 197
5 197
43 197
62 197
82 197
140 197
148 197
149 197
164 197
178 197
180 197
184 197
187 197
8 198
39 198
43 198
51 198
69 198
72 198
88 198
89 198
96 198
108 198
109 198
124 198
135 198
141 198
146 198
147 198
155 198
160 198
177 198
180 198
185 198
192 198
0 199
7 199
15 199
29 199
44 199
51 199
70 199
75 199
87 199
88 199
113 199
126 199
128 199
137 199
138 199
151 199
155 199
156 199
174 199
177 199
181 199
192 199
198 199
3 200
14 200
16 200
18 200
26 200
27 200
41 200
52 200
57 200
68 200
100 200
102 200
108 200
127 200
137 200
143 200
166 200
174 200
198 200
199 200
22 201
24 201
26 201
27 201
31 201
46 201
89 201
121 201
137 201
163 201
176 201
180 201
196 201
200 201
15 202
28 202
37 202
40 202
43 202
50 202
65 202
71 202
86 202
99 202
106 202
113 202
135 202
140 202
168 202
181 202
185 202
195 202
196 202
197 202
5 203
15 203
18 203
23 203
42 203
50 203
51 203
55 203
62 203
73 203
77 203
111 203
119 203
120 203
122 203
123 203
134 203
152 203
171 203
175 203
188 203
5 204
7 204
22 204
43 204
57 204
60 204
70 204
74 204
89 204
94 204
108 204
122 204
156 204
168 204
169 204
186 204
4 205
15 205
17 205
19 205
30 205
31 205
37 205
39 205
55 205
58 205
73 205
83 205
88 205
92 205
112 205
143 205
146 205
155 205
158 205
182 205
192 205
2 206
5 206
7 206
10 206
12 206
16 206
17 206
28 206
47 206
59 206
70 206
91 206
97 206
113 206
116 206
120 206
124 206
126 206
147 206
154 206
165 206
180 206
198 206
205 206
32 207
33 207
37 207
66 207
89 207
95 207
101 207
102 207
109 207
116 207
120 207
126 207
129 207
133 207
155 207
163 207
167 207
174 207
189 207
190 207
7 208
19 208
21 208
28 208
45 208
61 208
63 208
77 208
89 208
108 208
110 208
128 208
149 208
167 208
179 208
188 208
200 208
205 208
207 208
11 209
30 209
31 209
32 209
34 209
57 209
76 209
88 209
116 209
126 209
152 209
159 209
169 209
180 209
185 209
196 209
28 210
88 210
98 210
128 210
141 210
152 210
153 210
161 210
188 210
48 211
51 211
55 211
68 211
74 211
78 211
87 211
92 211
96 211
101 211
105 211
106 211
118 211
131 211
133 211
135 211
138 211
147 211
148 211
166 211
167 211
173 211
180 211
199 211
200 211
0 212
3 212
10 212
14 212
21 212
22 212
25 212
37 212
41 212
47 212
54 212
56 212
68 212
87 212
92 212
93 212
98 212
106 212
115 212
124 212
126 212
141 212
143 212
156 212
165 212
180 212
182 212
189 212
196 212
206 212
208 212
18 213
20 213
21 213
35 213
41 213
49 213
59 213
72 213
77 213
81 213
84 213
94 213
101 213
114 213
117 213
130 213
149 213
192 213
11 214
19 214
49 214
59 214
74 214
96 214
102 214
118 214
126 214
127 214
131 214
132 214
135 214
137 214
155 214
163 214
168 214
173 214
179 214
182 214
194 214
209 214
26 215
33 215
37 215
61 215
79 215
81 215
94 215
101 215
102 215
105 215
114 215
119 215
120 215
153 215
155 215
156 215
164 215
168 215
192 215
19 216
25 216
44 216
45 216
58 216
61 216
64 216
78 216
89 216
92 216
97 216
118 216
125 216
142 216
143 216
149 216
172 216
196 216
198 216
207 216
14 217
19 217
41 217
46 217
49 217
68 217
74 217
83 217
85 217
87 217
96 217
100 217
117 217
119 217
122 217
129 217
136 217
144 217
145 217
150 217
153 217
157 217
159 217
160 217
166 217
171 217
197 217
2 218
21 218
26 218
30 218
41 218
97 218
112 218
116 218
117 218
123 218
126 218
133 218
134 218
142 218
149 218
166 218
179 218
184 218
188 218
199 218
7 219
17 219
18 219
21 219
39 219
41 219
95 219
108 219
110 219
118 219
128 219
129 219
135 219
155 219
160 219
165 219
191 219
198 219
201 219
213 219
1 220
8 220
12 220
13 220
28 220
31 220
54 220
55 220
67 220
73 220
83 220
88 220
95 220
135 220
142 220
145 220
149 220
156 220
165 220
173 220
216 220
3 221
17 221
42 221
47 221
67 221
70 221
76 221
82 221
112 221
140 221
145 221
181 221
184 221
214 221
7 222
21 222
31 222
35 222
37 222
39 222
66 222
95 222
111 222
113 222
142 222
156 222
216 222
4 223
5 223
26 223
36 223
43 223
45 223
55 223
64 223
67 223
75 223
77 223
79 223
82 223
86 223
87 223
96 223
104 223
112 223
117 223
125 223
129 223
170 223
185 223
199 223
204 223
212 223
216 223
217 223
5 224
46 224
47 224
53 224
57 224
65 224
66 224
91 224
152 224
165 224
172 224
200 224
205 224
221 224
19 225
25 225
37 225
42 225
53 225
69 225
73 225
94 225
100 225
113 225
128 225
137 225
146 225
151 225
154 225
160 225
171 225
176 225
178 225
180 225
181 225
184 225
186 225
198 225
202 225
206 225
207 225
214 225
216 225
219 225
27 226
28 226
32 226
38 226
54 226
56 226
62 226
80 226
85 226
88 226
89 226
95 226
99 226
114 226
117 226
128 226
156 226
165 226
181 226
185 226
2 227
23 227
25 227
27 227
49 227
61 227
65 227
101 227
115 227
126 227
129 227
132 227
133 227
135 227
138 227
143 227
145 227
149 227
158 227
173 227
180 227
183 227
191 227
194 227
199 227
210 227
214 227
216 227
1 228
3 228
39 228
47 228
53 228
76 228
80 228
91 228
94 228
106 228
112 228
124 228
130 228
134 228
136 228
179 228
180 228
184 228
186 228
188 228
192 228
200 228
204 228
205 228
216 228
221 228
225 228
21 229
52 229
60 229
72 229
81 229
85 229
96 229
125 229
126 229
132 229
147 229
173 229
176 229
184 229
188 229
189 229
197 229
202 229
216 229
226 229
18 230
32 230
79 230
104 230
110 230
118 230
126 230
136 230
137 230
144 230
160 230
167 230
170 230
187 230
195 230
208 230
225 230
2 231
13 231
21 231
22 231
40 231
48 231
53 231
65 231
74 231
77 231
92 231
96 231
99 231
127 231
140 231
162 231
166 231
171 231
180 231
210 231
219 231
226 231
227 231
0 232
3 232
24 232
27 232
36 232
45 232
50 232
67 232
72 232
77 232
78 232
89 232
112 232
116 232
137 232
149 232
151 232
174 232
184 232
188 232
189 232
200 232
213 232
5 233
8 233
13 233
18 233
36 233
50 233
53 233
58 233
62 233
70 233
85 233
91 233
128 233
167 233
169 233
185 233
186 233
190 233
211 233
212 233
214 233
217 233
219 233
222 233
225 233
1 234
9 234
10 234
14 234
15 234
23 234
30 234
42 234
57 234
62 234
66 234
76 234
103 234
104 234
109 234
121 234
126 234
128 234
162 234
163 234
172 234
175 234
188 234
199 234
208 234
211 234
215 234
221 234
232 234
18 235
19 235
53 235
54 235
65 235
66 235
67 235
68 235
70 235
72 235
84 235
88 235
94 235
117 235
138 235
142 235
150 235
158 235
159 235
161 235
175 235
205 235
212 235
214 235
219 235
220 235
228 235
28 236
44 236
52 236
58 236
66 236
73 236
74 236
78 236
81 236
97 236
99 236
108 236
113 236
119 236
126 236
169 236
184 236
207 236
211 236
216 236
227 236
5 237
10 237
19 237
47 237
55 237
60 237
61 237
65 237
66 237
77 237
82 237
88 237
92 237
95 237
97 237
125 237
134 237
137 237
158 237
165 237
186 237
197 237
199 237
203 237
209 237
234 237
10 238
12 238
23 238
38 238
52 238
55 238
85 238
89 238
96 238
99 238
116 238
135 238
138 238
161 238
170 238
171 238
177 238
191 238
204 238
21 239
28 239
48 239
57 239
72 239
73 239
82 239
92 239
95 239
111 239
142 239
143 239
147 239
152 239
164 239
179 239
183 239
185 239
199 239
201 239
210 239
218 239
227 239
229 239
238 239
0 240
1 240
8 240
15 240
18 240
27 240
48 240
59 240
67 240
110 240
112 240
144 240
148 240
159 240
163 240
172 240
197 240
198 240
201 240
210 240
213 240
214 240
225 240
230 240
9 241
10 241
22 241
27 241
43 241
54 241
57 241
69 241
75 241
93 241
100 241
115 241
127 241
135 241
139 241
157 241
158 241
160 241
173 241
185 241
205 241
206 241
218 241
234 241
8 242
11 242
21 242
25 242
39 242
61 242
66 242
76 242
78 242
83 242
99 242
101 242
110 242
113 242
115 242
116 242
120 242
123 242
176 242
184 242
198 242
200 242
202 242
203 242
218 242
234 242
11 243
12 243
19 243
38 243
50 243
61 243
73 243
75 243
76 243
84 243
85 243
107 243
111 243
113 243
127 243
132 243
148 243
155 243
189 243
191 243
235 243
236 243
240 243
11 244
34 244
38 244
41 244
44 244
48 244
97 244
107 244
112 244
118 244
119 244
121 244
127 244
152 244
163 244
169 244
180 244
188 244
206 244
215 244
228 244
38 245
54 245
63 245
78 245
79 245
111 245
114 245
118 245
138 245
139 245
159 245
164 245
170 245
175 245
199 245
200 245
202 245
205 245
213 245
215 245
244 245
25 246
27 246
32 246
43 246
141 246
156 246
178 246
205 246
214 246
218 246
228 246
240 246
245 246
8 247
11 247
12 247
13 247
20 247
22 247
37 247
40 247
87 247
99 247
101 247
119 247
122 247
125 247
128 247
137 247
150 247
151 247
161 247
190 247
202 247
212 247
213 247
221 247
234 247
235 247
236 247
237 247
242 247
246 247
15 248
24 248
28 248
36 248
42 248
52 248
81 248
93 248
121 248
131 248
138 248
139 248
140 248
151 248
159 248
177 248
179 248
181 248
192 248
193 248
211 248
219 248
223 248
230 248
238 248
247 248
1 249
12 249
29 249
61 249
70 249
85 249
89 249
97 249
106 249
110 249
146 249
153 249
161 249
165 249
182 249
188 249
217 249
219 249
225 249
230 249
244 249
0 250
10 250
16 250
35 250
38 250
41 250
44 250
51 250
66 250
74 250
92 250
98 250
106 250
108 250
117 250
144 250
149 250
159 250
166 250
167 250
171 250
173 250
181 250
186 250
200 250
201 250
202 250
238 250
239 250
5 251
20 251
39 251
53 251
62 251
67 251
69 251
80 251
88 251
103 251
112 251
129 251
168 251
184 251
185 251
222 251
239 251
26 252
54 252
72 252
91 252
92 252
93 252
127 252
137 252
144 252
147 252
168 252
206 252
207 252
210 252
212 252
229 252
238 252
2 253
5 253
24 253
31 253
38 253
53 253
57 253
64 253
66 253
72 253
117 253
129 253
130 253
133 253
142 253
165 253
175 253
186 253
191 253
193 253
196 253
199 253
203 253
208 253
211 253
218 253
3 254
4 254
5 254
24 254
25 254
50 254
55 254
62 254
75 254
85 254
87 254
88 254
97 254
113 254
144 254
158 254
175 254
192 254
194 254
201 254
207 254
215 254
216 254
226 254
227 254
238 254
253 254
2 255
3 255
9 255
23 255
30 255
54 255
89 255
94 255
108 255
109 255
110 255
119 255
125 255
137 255
146 255
173 255
177 255
178 255
190 255
193 255
210 255
214 255
216 255
224 255
253 255
12 256
16 256
19 256
20 256
36 256
39 256
46 256
64 256
75 256
77 256
82 256
102 256
109 256
117 256
122 256
126 256
127 256
131 256
137 256
138 256
146 256
149 256
154 256
158 256
164 256
173 256
213 256
225 256
227 256
231 256
26 257
30 257
32 257
35 257
38 257
43 257
68 257
79 257
104 257
116 257
121 257
133 257
136 257
137 257
145 257
150 257
151 257
161 257
165 257
176 257
180 257
188 257
196 257
202 257
214 257
218 257
224 257
240 257
245 257
6 258
8 258
17 258
25 258
29 258
41 258
57 258
62 258
75 258
78 258
79 258
84 258
113 258
116 258
119 258
129 258
140 258
155 258
157 258
174 258
175 258
181 258
183 258
184 258
186 258
196 258
210 258
215 258
244 258
12 259
38 259
54 259
79 259
81 259
89 259
91 259
93 259
121 259
130 259
140 259
151 259
171 259
172 259
185 259
214 259
221 259
229 259
246 259
15 260
23 260
28 260
32 260
40 260
48 260
61 260
64 260
65 260
66 260
80 260
86 260
114 260
126 260
142 260
143 260
153 260
158 260
165 260
222 260
231 260
233 260
245 260
255 260
0 261
7 261
20 261
25 261
77 261
81 261
84 261
89 261
94 261
98 261
103 261
115 261
118 261
121 261
144 261
147 261
150 261
152 261
167 261
206 261
207 261
215 261
243 261
256 261
6 262
17 262
52 262
72 262
75 262
79 262
83 262
88 262
106 262
116 262
124 262
129 262
161 262
170 262
179 262
185 262
203 262
241 262
245 262
8 263
12 263
13 263
37 263
38 263
42 263
47 263
48 263
63 263
86 263
87 263
94 263
116 263
124 263
126 263
158 263
176 263
181 263
186 263
189 263
193 263
198 263
200 263
212 263
226 263
0 264
5 264
24 264
50 264
77 264
93 264
95 264
148 264
149 264
152 264
180 264
182 264
194 264
198 264
209 264
213 264
222 264
224 264
232 264
241 264
247 264
257 264
258 264
263 264
39 265
43 265
66 265
74 265
84 265
121 265
128 265
142 265
149 265
150 265
159 265
170 265
191 265
193 265
200 265
201 265
204 265
206 265
209 265
210 265
211 265
229 265
251 265
7 266
11 266
14 266
17 266
28 266
54 266
57 266
81 266
84 266
98 266
109 266
110 266
116 266
125 266
126 266
138 266
156 266
158 266
172 266
189 266
198 266
205 266
208 266
249 266
250 266
10 267
15 267
25 267
33 267
37 267
45 267
57 267
78 267
82 267
96 267
122 267
123 267
135 267
146 267
168 267
190 267
200 267
203 267
205 267
221 267
235 267
237 267
248 267
256 267
18 268
30 268
35 268
37 268
39 268
46 268
72 268
97 268
117 268
122 268
129 268
139 268
143 268
148 268
169 268
180 268
201 268
249 268
262 268
19 269
26 269
30 269
33 269
37 269
42 269
53 269
75 269
122 269
123 269
127 269
142 269
165 269
172 269
183 269
192 269
210 269
211 269
218 269
247 269
250 269
262 269
264 269
2 270
9 270
14 270
37 270
40 270
41 270
48 270
68 270
78 270
85 270
91 270
139 270
157 270
211 270
243 270
260 270
1 271
9 271
42 271
54 271
74 271
92 271
93 271
113 271
133 271
158 271
179 271
181 271
186 271
188 271
196 271
197 271
220 271
222 271
240 271
251 271
0 272
1 272
4 272
10 272
16 272
72 272
75 272
84 272
93 272
102 272
103 272
120 272
125 272
127 272
176 272
178 272
196 272
200 272
209 272
216 272
226 272
242 272
246 272
266 272
2 273
23 273
27 273
32 273
33 273
37 273
38 273
55 273
63 273
64 273
83 273
89 273
93 273
100 273
103 273
105 273
114 273
118 273
122 273
134 273
139 273
148 273
152 273
157 273
158 273
172 273
184 273
189 273
190 273
195 273
204 273
205 273
228 273
230 273
244 273
259 273
0 274
2 274
19 274
68 274
83 274
102 274
103 274
128 274
158 274
159 274
191 274
213 274
223 274
234 274
254 274
265 274
5 275
9 275
17 275
28 275
45 275
52 275
53 275
56 275
67 275
68 275
69 275
71 275
89 275
102 275
104 275
111 275
132 275
134 275
136 275
138 275
148 275
153 275
171 275
176 275
182 275
184 275
185 275
187 275
190 275
192 275
203 275
220 275
229 275
247 275
249 275
257 275
10 276
14 276
21 276
23 276
25 276
31 276
37 276
39 276
55 276
58 276
87 276
90 276
108 276
147 276
149 276
154 276
157 276
159 276
165 276
175 276
190 276
197 276
200 276
225 276
231 276
235 276
270 276
1 277
4 277
29 277
64 277
74 277
81 277
90 277
93 277
123 277
124 277
128 277
132 277
157 277
174 277
188 277
218 277
234 277
241 277
254 277
255 277
265 277
266 277
6 278
10 278
11 278
25 278
64 278
90 278
96 278
109 278
113 278
149 278
154 278
163 278
168 278
197 278
202 278
203 278
210 278
222 278
223 278
237 278
239 278
240 278
14 279
33 279
41 279
43 279
67 279
74 279
96 279
100 279
111 279
114 279
115 279
118 279
123 279
130 279
169 279
171 279
172 279
175 279
187 279
189 279
210 279
219 279
234 279
264 279
0 280
10 280
12 280
35 280
41 280
45 280
46 280
47 280
48 280
62 280
67 280
70 280
81 280
82 280
83 280
96 280
111 280
113 280
114 280
121 280
123 280
131 280
143 280
144 280
148 280
169 280
171 280
180 280
195 280
208 280
219 280
231 280
233 280
241 280
243 280
251 280
6 281
21 281
24 281
25 281
28 281
46 281
65 281
73 281
74 281
82 281
83 281
86 281
99 281
105 281
118 281
128 281
149 281
151 281
154 281
155 281
166 281
175 281
209 281
210 281
236 281
250 281
258 281
268 281
278 281
280 281
8 282
41 282
46 282
54 282
63 282
69 282
83 282
108 282
118 282
132 282
148 282
151 282
169 282
189 282
192 282
203 282
207 282
216 282
240 282
243 282
245 282
248 282
251 282
6 283
16 283
18 283
25 283
39 283
50 283
53 283
75 283
77 283
93 283
99 283
108 283
113 283
118 283
120 283
135 283
140 283
145 283
151 283
155 283
156 283
162 283
170 283
175 283
177 283
181 283
191 283
196 283
222 283
223 283
229 283
233 283
238 283
248 283
6 284
40 284
45 284
51 284
59 284
75 284
87 284
88 284
140 284
142 284
144 284
150 284
171 284
174 284
185 284
194 284
201 284
202 284
222 284
253 284
260 284
263 284
269 284
280 284
0 285
7 285
59 285
67 285
69 285
77 285
86 285
97 285
101 285
105 285
113 285
124 285
125 285
129 285
134 285
151 285
152 285
160 285
168 285
188 285
217 285
231 285
238 285
248 285
269 285
271 285
275 285
276 285
4 286
11 286
20 286
32 286
35 286
36 286
86 286
96 286
99 286
103 286
110 286
114 286
155 286
159 286
164 286
173 286
240 286
252 286
253 286
265 286
267 286
276 286
284 286
1 287
8 287
18 287
20 287
21 287
32 287
36 287
37 287
42 287
80 287
96 287
114 287
125 287
142 287
145 287
167 287
173 287
178 287
192 287
196 287
199 287
201 287
208 287
215 287
220 287
228 287
231 287
251 287
263 287
269 287
275 287
280 287
283 287
12 288
44 288
64 288
67 288
69 288
70 288
77 288
85 288
89 288
105 288
118 288
128 288
140 288
152 288
155 288
163 288
199 288
219 288
225 288
228 288
240 288
242 288
257 288
259 288
268 288
9 289
17 289
20 289
43 289
51 289
68 289
73 289
84 289
87 289
91 289
96 289
97 289
107 289
133 289
154 289
159 289
171 289
178 289
179 289
185 289
191 289
209 289
237 289
241 289
248 289
263 289
272 289
280 289
286 289
19 290
31 290
49 290
61 290
64 290
78 290
84 290
93 290
94 290
111 290
117 290
127 290
134 290
138 290
145 290
157 290
162 290
171 290
177 290
178 290
188 290
197 290
203 290
205 290
213 290
234 290
236 290
241 290
254 290
255 290
270 290
276 290
13 291
21 291
40 291
53 291
61 291
83 291
88 291
103 291
110 291
111 291
165 291
190 291
225 291
231 291
237 291
239 291
244 291
259 291
276 291
283 291
284 291
285 291
289 291
0 292
17 292
20 292
24 292
29 292
39 292
40 292
50 292
51 292
52 292
53 292
54 292
77 292
86 292
117 292
128 292
138 292
141 292
143 292
154 292
158 292
172 292
197 292
242 292
247 292
250 292
265 292
270 292
271 292
282 292
6 293
12 293
18 293
34 293
49 293
89 293
94 293
97 293
99 293
101 293
105 293
107 293
108 293
149 293
150 293
177 293
186 293
197 293
201 293
222 293
241 293
246 293
275 293
284 293
288 293
10 294
11 294
17 294
22 294
29 294
44 294
56 294
72 294
91 294
109 294
118 294
130 294
146 294
161 294
175 294
181 294
188 294
190 294
195 294
197 294
207 294
210 294
231 294
260 294
271 294
276 294
3 295
7 295
10 295
11 295
35 295
42 295
73 295
76 295
93 295
116 295
119 295
126 295
127 295
128 295
145 295
146 295
148 295
151 295
157 295
166 295
171 295
176 295
196 295
235 295
236 295
240 295
271 295
280 295
4 296
12 296
20 296
22 296
25 296
36 296
46 296
48 296
51 296
71 296
85 296
90 296
94 296
103 296
110 296
119 296
129 296
137 296
149 296
167 296
171 296
172 296
199 296
215 296
227 296
233 296
236 296
244 296
254 296
263 296
267 296
277 296
4 297
14 297
20 297
35 297
37 297
48 297
50 297
55 297
66 297
71 297
73 297
91 297
96 297
110 297
113 297
116 297
117 297
144 297
149 297
164 297
168 297
198 297
208 297
219 297
225 297
246 297
255 297
276 297
288 297
17 298
28 298
47 298
62 298
76 298
81 298
82 298
92 298
99 298
109 298
117 298
132 298
141 298
143 298
150 298
153 298
154 298
155 298
162 298
166 298
173 298
178 298
180 298
192 298
197 298
212 298
238 298
251 298
258 298
272 298
274 298
276 298
289 298
291 298
9 299
16 299
17 299
18 299
21 299
25 299
42 299
45 299
60 299
70 299
72 299
77 299
88 299
93 299
98 299
101 299
103 299
132 299
133 299
141 299
151 299
154 299
163 299
166 299
170 299
175 299
178 299
183 299
202 299
217 299
223 299
235 299
246 299
251 299
265 299
268 299
275 299
279 299
281 299
