300 3199 5
6 6 6 4 6 6 5 7 5 5 5 6 6 6 7 5 5 7 6 5 8 6 4 8 5 4 6 5 4 4 7 7 4 6 6 5 4 3 5 4 6 6 7 5 5 6 5 5 5 7 7 5 4 6 6 6 6 7 5 6 6 5 4 5 4 6 6 6 6 7 6 6 6 7 4 7 6 7 5 6 5 6 4 7 6 6 6 5 6 5 5 5 6 6 6 6 5 7 5 4 5 5 5 6 6 7 4 7 7 6 7 7 8 6 5 6 6 8 6 7 5 7 8 4 5 4 6 5 6 5 6 6 5 6 4 5 5 6 5 6 5 7 5 6 6 5 7 7 6 6 6 4 5 4 5 4 7 4 6 4 3 6 5 8 6 7 5 6 5 5 7 6 5 5 6 4 5 5 5 6 6 6 7 3 4 8 4 7 4 6 6 6 6 5 6 6 6 7 7 6 7 7 4 4 4 6 4 5 5 5 5 6 5 7 6 7 8 4 7 6 7 6 4 6 7 5 4 7 5 5 5 5 6 6 6 5 6 6 5 5 5 8 5 6 6 6 8 3 6 5 4 5 6 8 7 7 3 6 8 7 6 5 6 7 4 5 4 7 5 5 6 5 4 5 6 8 5 5 6 6 5 6 3 4 6 4 5 5 7 7 5 6 5 7 6 4 5 5 6 5
4 9
6 11
6 13
7 14
4 16
4 17
11 17
6 18
3 19
6 19
12 19
13 19
4 21
13 21
3 23
13 23
15 25
8 26
0 27
14 28
7 29
15 29
17 29
20 29
25 29
26 29
21 30
28 30
1 31
4 31
15 31
21 31
14 32
14 33
3 34
15 34
8 35
4 36
6 36
28 36
19 37
24 37
16 38
7 39
26 39
12 40
21 40
10 41
17 41
18 41
23 41
0 42
1 42
3 42
20 42
24 42
6 43
9 43
24 43
18 44
29 44
30 44
39 44
0 45
17 45
23 45
31 45
34 45
36 45
6 46
23 46
16 47
18 47
19 47
27 47
19 48
36 48
41 48
14 49
15 49
31 49
2 50
13 50
15 50
0 51
2 51
24 51
35 51
1 52
14 52
25 52
34 52
6 53
17 53
4 54
6 54
8 54
12 54
17 54
34 54
41 54
20 56
40 56
44 56
0 57
31 57
42 57
46 57
52 57
1 58
2 58
27 58
29 58
34 58
6 59
12 59
23 59
35 59
2 60
19 60
22 60
28 60
50 60
3 61
4 61
12 61
23 61
27 61
46 61
53 61
1 62
11 62
21 62
28 62
37 62
40 62
49 62
9 63
16 63
30 63
40 63
49 63
17 64
21 65
27 65
39 65
44 65
53 65
27 66
50 67
2 68
48 68
56 68
13 69
13 70
14 70
21 70
56 70
63 70
66 70
4 71
11 71
38 71
39 71
46 71
55 71
10 72
20 72
46 72
47 72
66 72
17 73
19 73
28 73
59 73
60 73
62 73
0 74
17 74
19 74
34 74
42 74
54 74
60 74
5 75
9 75
15 75
42 75
0 76
25 76
30 76
39 76
42 76
59 76
11 77
23 77
43 77
56 77
21 78
32 78
44 78
45 78
4 79
6 79
13 79
14 79
51 79
3 80
9 80
18 80
31 80
48 80
53 80
58 80
1 81
11 81
41 81
44 81
68 81
71 81
11 82
20 82
35 82
37 82
54 82
61 82
79 82
11 83
60 83
8 84
16 84
31 84
35 84
37 84
48 84
57 84
66 84
68 84
72 84
76 84
17 85
26 85
33 85
34 85
46 85
74 85
19 86
31 86
0 87
8 87
49 87
79 87
6 88
35 88
45 88
61 88
8 89
72 89
78 89
10 90
13 90
15 90
19 90
31 90
47 90
54 90
64 90
82 90
0 91
13 91
14 91
42 91
43 91
82 91
20 92
41 92
48 92
89 92
13 93
31 93
36 93
44 93
57 93
69 93
74 93
77 93
81 93
6 94
15 94
17 94
19 94
23 94
48 94
52 94
64 94
65 94
77 94
87 94
0 95
3 95
11 95
15 95
16 95
17 95
21 95
23 95
32 95
46 95
55 95
88 95
17 96
27 96
31 96
60 96
88 96
89 96
3 97
7 97
18 97
1 98
2 98
9 98
44 98
32 99
37 99
48 99
62 99
69 99
5 100
14 100
41 100
42 100
79 100
88 100
89 100
1 101
10 101
11 101
29 101
37 101
43 101
60 101
68 101
78 101
80 101
88 101
0 102
6 102
19 102
31 102
50 102
82 102
100 102
27 103
34 103
40 103
41 103
55 103
66 103
67 103
78 103
26 104
32 104
49 104
56 104
57 104
58 104
66 104
84 104
88 104
7 105
19 105
20 105
26 105
32 105
88 105
96 105
42 106
45 106
46 106
97 106
0 107
6 107
11 107
24 107
62 107
64 107
65 107
94 107
31 108
44 108
53 108
56 108
89 108
11 109
15 109
23 109
24 109
30 109
39 109
43 109
47 109
48 109
52 109
54 109
68 109
94 109
95 109
13 110
24 110
73 110
88 110
90 110
13 111
39 111
41 111
47 111
66 111
83 111
86 111
93 111
8 112
13 112
22 112
68 112
75 112
88 112
95 112
99 112
8 113
33 113
41 113
51 113
64 113
77 113
82 113
89 113
91 113
102 113
103 113
22 114
35 114
42 114
50 114
69 114
93 114
97 114
108 114
12 115
18 115
39 115
53 115
59 115
66 115
69 115
76 115
82 115
83 115
98 115
0 116
24 116
32 116
55 116
89 116
93 116
96 116
4 117
21 117
45 117
53 117
87 117
88 117
100 117
108 117
30 118
61 118
70 118
79 118
81 118
90 118
95 118
12 119
16 119
106 119
19 120
28 120
81 120
104 120
2 121
9 121
29 121
50 121
69 121
72 121
107 121
113 121
8 122
16 122
29 122
30 122
32 122
36 122
69 122
84 122
94 122
111 122
113 122
4 123
11 123
27 123
48 123
58 123
74 123
85 123
116 123
12 124
15 124
24 124
25 124
46 124
50 124
63 124
25 125
27 125
30 125
51 125
57 125
64 125
67 125
80 125
92 125
102 125
3 126
36 126
50 126
53 126
69 126
71 126
87 126
98 126
111 126
16 127
73 127
76 127
80 127
84 127
96 127
99 127
118 127
23 128
48 128
73 128
84 128
98 128
104 128
39 129
44 129
84 129
85 129
2 130
34 130
44 130
60 130
61 130
66 130
86 130
103 130
1 131
9 131
11 131
24 131
29 131
44 131
45 131
46 131
54 131
57 131
66 131
70 131
111 131
0 132
8 132
20 132
29 132
33 132
69 132
76 132
88 132
104 132
107 132
109 132
112 132
116 132
5 133
6 133
7 133
14 133
30 133
52 133
69 133
74 133
93 133
98 133
106 133
2 134
5 134
14 134
17 134
46 134
52 134
69 134
72 134
87 134
91 134
101 134
109 134
118 134
47 135
50 135
63 135
65 135
76 135
93 135
99 135
108 135
118 135
119 135
0 136
51 136
61 136
69 136
71 136
82 136
104 136
105 136
108 136
7 137
12 137
25 137
33 137
58 137
71 137
77 137
112 137
125 137
22 138
64 138
87 138
100 138
132 138
6 139
11 139
18 139
21 139
33 139
59 139
86 139
90 139
96 139
107 139
127 139
1 140
26 140
36 140
38 140
43 140
54 140
95 140
96 140
105 140
115 140
123 140
124 140
16 141
31 141
37 141
41 141
73 141
76 141
86 141
88 141
106 141
107 141
115 141
128 141
7 142
8 142
43 142
54 142
59 142
65 142
106 142
119 142
121 142
2 143
4 143
7 143
14 143
28 143
33 143
43 143
44 143
54 143
65 143
85 143
89 143
98 143
107 143
111 143
117 143
121 143
123 143
125 143
128 143
39 144
43 144
54 144
57 144
84 144
87 144
97 144
113 144
131 144
133 144
13 145
31 145
45 145
54 145
55 145
61 145
80 145
82 145
103 145
122 145
132 145
139 145
2 146
7 146
32 146
81 146
102 146
112 146
113 146
121 146
122 146
128 146
32 147
54 147
69 147
80 147
89 147
112 147
7 148
12 148
13 148
24 148
31 148
40 148
56 148
60 148
92 148
95 148
118 148
124 148
128 148
139 148
9 149
12 149
15 149
54 149
55 149
67 149
96 149
111 149
121 149
129 149
130 149
131 149
14 150
28 150
55 150
58 150
59 150
68 150
81 150
87 150
90 150
124 150
128 150
129 150
2 151
17 151
32 151
70 151
82 151
84 151
86 151
87 151
92 151
108 151
109 151
114 151
126 151
129 151
1 152
8 152
32 152
44 152
51 152
79 152
81 152
112 152
113 152
122 152
125 152
140 152
1 153
7 153
28 153
30 153
34 153
37 153
38 153
39 153
67 153
86 153
105 153
122 153
139 153
145 153
150 153
30 154
42 154
51 154
58 154
61 154
78 154
85 154
107 154
108 154
115 154
127 154
142 154
3 155
4 155
17 155
18 155
42 155
44 155
64 155
75 155
82 155
99 155
101 155
111 155
117 155
124 155
143 155
11 156
12 156
51 156
61 156
62 156
74 156
105 156
111 156
116 156
145 156
150 156
1 157
19 157
28 157
38 157
40 157
50 157
82 157
93 157
120 157
127 157
128 157
133 157
134 157
150 157
152 157
11 158
12 158
17 158
25 158
28 158
58 158
69 158
120 158
131 158
145 158
4 159
15 159
17 159
19 159
22 159
42 159
53 159
61 159
64 159
68 159
102 159
111 159
130 159
0 160
20 160
25 160
66 160
74 160
94 160
126 160
150 160
14 161
17 161
26 161
61 161
62 161
63 161
64 161
73 161
77 161
93 161
98 161
143 161
29 162
48 162
52 162
54 162
57 162
58 162
69 162
92 162
118 162
121 162
123 162
130 162
12 163
22 163
28 163
53 163
57 163
84 163
91 163
107 163
108 163
113 163
23 164
31 164
32 164
58 164
76 164
98 164
145 164
21 165
24 165
28 165
55 165
68 165
95 165
122 165
128 165
138 165
2 166
21 166
64 166
67 166
74 166
78 166
83 166
96 166
112 166
122 166
135 166
143 166
146 166
160 166
5 167
8 167
24 167
28 167
48 167
79 167
95 167
96 167
99 167
108 167
5 168
15 168
16 168
36 168
51 168
57 168
59 168
71 168
98 168
99 168
139 168
7 169
11 169
17 169
33 169
55 169
72 169
75 169
81 169
103 169
104 169
106 169
112 169
121 169
130 169
132 169
134 169
142 169
144 169
156 169
12 170
28 170
44 170
61 170
64 170
73 170
78 170
92 170
93 170
94 170
97 170
134 170
137 170
147 170
155 170
42 171
43 171
47 171
67 171
79 171
85 171
101 171
137 171
139 171
141 171
143 171
147 171
164 171
15 172
21 172
26 172
40 172
61 172
108 172
109 172
117 172
143 172
146 172
151 172
152 172
154 172
162 172
10 173
14 173
40 173
42 173
44 173
63 173
72 173
96 173
105 173
114 173
116 173
122 173
126 173
137 173
155 173
159 173
2 174
3 174
8 174
17 174
40 174
41 174
43 174
44 174
75 174
76 174
117 174
3 175
6 175
9 175
11 175
18 175
19 175
33 175
48 175
58 175
67 175
74 175
102 175
130 175
143 175
148 175
158 175
2 176
12 176
25 176
30 176
31 176
52 176
57 176
64 176
66 176
73 176
111 176
118 176
146 176
147 176
163 176
175 176
31 177
100 177
107 177
120 177
158 177
162 177
21 178
31 178
50 178
61 178
78 178
108 178
133 178
163 178
2 179
26 179
35 179
36 179
46 179
54 179
64 179
89 179
122 179
123 179
145 179
147 179
149 179
172 179
2 180
18 180
22 180
40 180
41 180
49 180
57 180
63 180
74 180
92 180
117 180
119 180
122 180
129 180
131 180
168 180
171 180
0 181
2 181
4 181
31 181
34 181
36 181
47 181
61 181
65 181
71 181
102 181
106 181
145 181
156 181
159 181
162 181
0 182
4 182
13 182
24 182
30 182
63 182
89 182
90 182
107 182
119 182
153 182
154 182
12 183
59 183
62 183
96 183
102 183
110 183
125 183
130 183
145 183
154 183
155 183
166 183
10 184
15 184
44 184
51 184
57 184
60 184
62 184
69 184
91 184
94 184
106 184
124 184
139 184
146 184
158 184
171 184
174 184
23 185
31 185
55 185
69 185
70 185
81 185
83 185
106 185
113 185
120 185
121 185
135 185
142 185
155 185
15 186
21 186
26 186
32 186
36 186
41 186
117 186
132 186
143 186
174 186
16 187
19 187
23 187
30 187
32 187
65 187
79 187
94 187
96 187
104 187
164 187
172 187
3 188
62 188
73 188
75 188
84 188
116 188
119 188
174 188
16 189
19 189
23 189
26 189
32 189
34 189
60 189
75 189
77 189
82 189
92 189
93 189
112 189
124 189
140 189
147 189
152 189
15 190
17 190
36 190
91 190
112 190
121 190
132 190
158 190
168 190
4 191
5 191
8 191
26 191
27 191
53 191
57 191
88 191
103 191
118 191
149 191
159 191
171 191
177 191
183 191
186 191
5 192
7 192
10 192
18 192
25 192
46 192
69 192
71 192
89 192
95 192
102 192
110 192
123 192
129 192
9 193
21 193
33 193
36 193
46 193
58 193
66 193
75 193
77 193
98 193
116 193
128 193
132 193
152 193
161 193
164 193
16 194
25 194
43 194
45 194
84 194
96 194
120 194
139 194
181 194
46 195
51 195
70 195
81 195
94 195
114 195
153 195
178 195
180 195
6 196
45 196
65 196
69 196
111 196
142 196
160 196
172 196
180 196
181 196
3 197
6 197
12 197
75 197
87 197
93 197
97 197
100 197
102 197
117 197
133 197
136 197
162 197
175 197
179 197
184 197
7 198
32 198
41 198
44 198
59 198
97 198
130 198
164 198
175 198
183 198
0 199
10 199
24 199
40 199
46 199
53 199
57 199
65 199
77 199
113 199
117 199
119 199
167 199
179 199
186 199
13 200
15 200
77 200
89 200
134 200
172 200
175 200
184 200
11 201
31 201
84 201
91 201
141 201
143 201
161 201
163 201
167 201
2 202
7 202
37 202
39 202
43 202
66 202
87 202
88 202
109 202
124 202
126 202
131 202
132 202
133 202
143 202
146 202
150 202
163 202
167 202
171 202
177 202
178 202
0 203
11 203
13 203
42 203
83 203
104 203
127 203
128 203
146 203
159 203
194 203
195 203
198 203
1 204
13 204
19 204
24 204
39 204
53 204
60 204
71 204
88 204
96 204
118 204
122 204
131 204
133 204
5 205
16 205
25 205
37 205
48 205
55 205
60 205
86 205
114 205
118 205
123 205
143 205
157 205
181 205
182 205
197 205
9 206
11 206
15 206
54 206
93 206
130 206
141 206
151 206
159 206
184 206
1 207
64 207
73 207
74 207
75 207
87 207
96 207
109 207
147 207
9 208
47 208
52 208
93 208
99 208
112 208
125 208
177 208
185 208
191 208
9 209
15 209
22 209
25 209
26 209
30 209
39 209
47 209
60 209
62 209
73 209
103 209
106 209
128 209
130 209
132 209
142 209
157 209
166 209
172 209
182 209
5 210
7 210
22 210
41 210
62 210
92 210
98 210
101 210
106 210
118 210
120 210
123 210
125 210
132 210
144 210
147 210
170 210
191 210
2 211
4 211
12 211
35 211
51 211
53 211
58 211
70 211
83 211
85 211
92 211
105 211
113 211
115 211
124 211
128 211
130 211
142 211
153 211
195 211
11 212
42 212
50 212
68 212
70 212
89 212
108 212
117 212
125 212
147 212
150 212
163 212
174 212
0 213
4 213
16 213
27 213
30 213
42 213
45 213
48 213
50 213
66 213
74 213
94 213
101 213
110 213
111 213
137 213
160 213
163 213
167 213
179 213
188 213
208 213
61 214
99 214
107 214
111 214
119 214
129 214
152 214
154 214
171 214
208 214
22 215
43 215
55 215
66 215
76 215
84 215
90 215
123 215
161 215
167 215
200 215
2 216
8 216
9 216
26 216
31 216
52 216
55 216
78 216
84 216
89 216
102 216
105 216
108 216
133 216
160 216
163 216
179 216
199 216
8 217
22 217
60 217
67 217
71 217
77 217
79 217
94 217
98 217
105 217
140 217
149 217
158 217
171 217
174 217
178 217
194 217
1 218
19 218
24 218
47 218
64 218
89 218
100 218
111 218
117 218
120 218
127 218
132 218
139 218
188 218
193 218
11 219
17 219
38 219
56 219
58 219
90 219
119 219
122 219
141 219
162 219
190 219
196 219
214 219
23 220
39 220
86 220
122 220
127 220
132 220
153 220
166 220
167 220
186 220
188 220
189 220
203 220
216 220
28 221
34 221
39 221
40 221
58 221
72 221
76 221
86 221
123 221
142 221
146 221
185 221
186 221
189 221
195 221
215 221
32 222
35 222
60 222
64 222
67 222
77 222
79 222
91 222
131 222
155 222
158 222
205 222
18 223
29 223
44 223
100 223
134 223
185 223
198 223
199 223
200 223
3 224
13 224
17 224
26 224
32 224
52 224
72 224
86 224
102 224
122 224
126 224
158 224
159 224
163 224
183 224
188 224
193 224
199 224
202 224
206 224
216 224
13 225
16 225
35 225
40 225
63 225
66 225
78 225
87 225
98 225
116 225
132 225
134 225
143 225
145 225
151 225
152 225
171 225
174 225
179 225
185 225
212 225
1 226
34 226
45 226
50 226
53 226
73 226
74 226
79 226
106 226
109 226
129 226
130 226
143 226
150 226
179 226
195 226
196 226
213 226
14 227
19 227
24 227
55 227
65 227
76 227
78 227
94 227
97 227
101 227
114 227
115 227
130 227
184 227
191 227
213 227
215 227
11 228
12 228
14 228
22 228
32 228
35 228
39 228
41 228
43 228
47 228
74 228
98 228
106 228
120 228
130 228
138 228
139 228
144 228
171 228
173 228
216 228
3 229
5 229
14 229
26 229
34 229
114 229
116 229
130 229
132 229
141 229
174 229
180 229
188 229
196 229
207 229
210 229
223 229
1 230
6 230
12 230
36 230
39 230
43 230
50 230
53 230
56 230
64 230
87 230
133 230
151 230
153 230
185 230
193 230
203 230
205 230
214 230
227 230
11 231
15 231
21 231
29 231
43 231
53 231
62 231
65 231
137 231
138 231
141 231
150 231
158 231
160 231
162 231
163 231
166 231
172 231
183 231
218 231
221 231
13 232
14 232
17 232
56 232
93 232
117 232
162 232
173 232
179 232
190 232
196 232
199 232
200 232
202 232
207 232
228 232
25 233
53 233
64 233
68 233
75 233
90 233
107 233
117 233
123 233
139 233
142 233
144 233
151 233
178 233
180 233
185 233
195 233
3 234
16 234
34 234
53 234
61 234
64 234
65 234
66 234
70 234
84 234
89 234
113 234
120 234
190 234
206 234
210 234
227 234
13 235
15 235
16 235
28 235
48 235
71 235
81 235
85 235
91 235
103 235
108 235
110 235
114 235
117 235
129 235
155 235
160 235
171 235
178 235
211 235
223 235
224 235
13 236
18 236
59 236
91 236
110 236
126 236
135 236
158 236
159 236
165 236
172 236
187 236
199 236
27 237
29 237
33 237
41 237
48 237
63 237
84 237
87 237
90 237
101 237
109 237
121 237
141 237
142 237
147 237
149 237
164 237
178 237
182 237
218 237
21 238
22 238
58 238
89 238
100 238
135 238
172 238
181 238
207 238
229 238
0 239
4 239
28 239
37 239
63 239
65 239
66 239
81 239
85 239
95 239
96 239
128 239
137 239
181 239
185 239
201 239
215 239
221 239
231 239
22 240
95 240
104 240
106 240
108 240
119 240
150 240
154 240
157 240
166 240
207 240
8 241
15 241
27 241
32 241
73 241
79 241
85 241
91 241
112 241
142 241
149 241
154 241
156 241
157 241
175 241
186 241
193 241
199 241
206 241
208 241
222 241
7 242
10 242
13 242
24 242
34 242
44 242
55 242
68 242
80 242
82 242
150 242
163 242
182 242
196 242
201 242
211 242
221 242
233 242
3 243
12 243
21 243
51 243
58 243
61 243
62 243
67 243
88 243
107 243
118 243
142 243
164 243
186 243
192 243
200 243
211 243
4 244
6 244
16 244
17 244
33 244
61 244
67 244
86 244
105 244
109 244
120 244
160 244
162 244
177 244
182 244
205 244
216 244
222 244
22 245
45 245
48 245
53 245
61 245
74 245
86 245
89 245
93 245
96 245
121 245
126 245
148 245
151 245
153 245
156 245
162 245
211 245
213 245
10 246
23 246
31 246
32 246
35 246
38 246
64 246
86 246
119 246
120 246
130 246
163 246
185 246
190 246
192 246
223 246
224 246
226 246
236 246
21 247
44 247
52 247
78 247
94 247
123 247
138 247
142 247
180 247
190 247
194 247
210 247
221 247
35 248
47 248
63 248
72 248
109 248
136 248
146 248
164 248
167 248
177 248
184 248
188 248
198 248
217 248
1 249
6 249
25 249
64 249
65 249
84 249
95 249
131 249
136 249
137 249
148 249
179 249
180 249
219 249
232 249
8 250
10 250
30 250
34 250
49 250
84 250
95 250
115 250
167 250
197 250
205 250
209 250
2 251
11 251
57 251
66 251
116 251
140 251
161 251
175 251
191 251
204 251
206 251
246 251
5 252
14 252
15 252
30 252
32 252
53 252
58 252
73 252
94 252
103 252
133 252
136 252
138 252
145 252
172 252
184 252
198 252
217 252
218 252
225 252
233 252
242 252
243 252
244 252
246 252
1 253
23 253
39 253
42 253
57 253
63 253
93 253
102 253
110 253
123 253
132 253
142 253
159 253
167 253
170 253
205 253
220 253
243 253
11 254
13 254
18 254
24 254
39 254
45 254
46 254
50 254
83 254
91 254
103 254
112 254
114 254
138 254
141 254
178 254
185 254
195 254
197 254
221 254
226 254
244 254
246 254
15 255
19 255
20 255
32 255
52 255
67 255
79 255
95 255
107 255
111 255
114 255
124 255
138 255
151 255
178 255
180 255
187 255
200 255
203 255
204 255
223 255
227 255
239 255
10 256
14 256
44 256
52 256
67 256
100 256
120 256
149 256
151 256
186 256
191 256
216 256
220 256
238 256
42 257
44 257
52 257
64 257
78 257
81 257
120 257
139 257
140 257
141 257
151 257
160 257
176 257
181 257
195 257
213 257
225 257
232 257
251 257
3 258
24 258
36 258
38 258
59 258
71 258
72 258
76 258
83 258
95 258
100 258
144 258
159 258
164 258
166 258
174 258
177 258
196 258
197 258
202 258
223 258
226 258
227 258
230 258
1 259
9 259
12 259
16 259
22 259
31 259
32 259
40 259
59 259
90 259
104 259
115 259
134 259
140 259
153 259
175 259
177 259
182 259
183 259
202 259
205 259
208 259
215 259
220 259
231 259
29 260
37 260
43 260
78 260
91 260
114 260
122 260
155 260
181 260
184 260
214 260
216 260
221 260
224 260
28 261
38 261
52 261
71 261
73 261
77 261
91 261
92 261
94 261
100 261
106 261
118 261
122 261
153 261
169 261
172 261
193 261
203 261
12 262
19 262
22 262
45 262
69 262
71 262
73 262
80 262
105 262
118 262
121 262
123 262
129 262
142 262
183 262
219 262
224 262
3 263
36 263
61 263
65 263
70 263
71 263
77 263
103 263
113 263
122 263
129 263
154 263
163 263
170 263
171 263
196 263
220 263
225 263
237 263
242 263
253 263
12 264
21 264
43 264
83 264
140 264
150 264
167 264
179 264
211 264
16 265
25 265
28 265
36 265
37 265
63 265
66 265
99 265
100 265
110 265
131 265
142 265
150 265
165 265
167 265
215 265
226 265
228 265
234 265
254 265
256 265
260 265
1 266
3 266
13 266
38 266
53 266
57 266
94 266
109 266
111 266
116 266
161 266
169 266
181 266
196 266
201 266
206 266
230 266
252 266
253 266
260 266
261 266
49 267
53 267
54 267
82 267
92 267
93 267
99 267
154 267
179 267
182 267
195 267
217 267
218 267
244 267
250 267
6 268
8 268
12 268
14 268
83 268
88 268
95 268
153 268
169 268
191 268
223 268
230 268
254 268
264 268
1 269
5 269
15 269
16 269
17 269
20 269
57 269
87 269
129 269
130 269
134 269
145 269
157 269
175 269
176 269
210 269
234 269
242 269
254 269
255 269
263 269
4 270
7 270
28 270
30 270
34 270
37 270
39 270
55 270
74 270
82 270
94 270
96 270
97 270
126 270
146 270
164 270
173 270
177 270
179 270
186 270
191 270
213 270
224 270
242 270
249 270
257 270
258 270
261 270
264 270
0 271
14 271
44 271
67 271
69 271
85 271
139 271
151 271
162 271
184 271
209 271
247 271
251 271
13 272
17 272
21 272
32 272
38 272
72 272
77 272
105 272
109 272
124 272
134 272
141 272
154 272
194 272
197 272
215 272
226 272
242 272
247 272
254 272
4 273
5 273
11 273
35 273
54 273
58 273
63 273
78 273
81 273
93 273
110 273
115 273
116 273
117 273
120 273
147 273
148 273
150 273
159 273
172 273
177 273
187 273
203 273
210 273
215 273
236 273
240 273
242 273
244 273
15 274
25 274
37 274
66 274
130 274
150 274
153 274
196 274
201 274
231 274
238 274
51 275
61 275
72 275
74 275
93 275
94 275
107 275
119 275
136 275
138 275
152 275
158 275
161 275
162 275
197 275
199 275
206 275
215 275
262 275
8 276
22 276
32 276
34 276
49 276
63 276
91 276
96 276
98 276
125 276
145 276
160 276
163 276
180 276
187 276
191 276
197 276
202 276
237 276
256 276
258 276
7 277
22 277
29 277
42 277
44 277
51 277
52 277
64 277
74 277
75 277
76 277
126 277
131 277
176 277
196 277
201 277
231 277
233 277
243 277
246 277
253 277
263 277
9 278
33 278
37 278
76 278
86 278
103 278
110 278
171 278
178 278
180 278
187 278
192 278
244 278
255 278
259 278
267 278
269 278
270 278
271 278
18 279
28 279
31 279
40 279
49 279
63 279
90 279
95 279
104 279
106 279
154 279
155 279
164 279
174 279
182 279
193 279
232 279
235 279
236 279
264 279
272 279
15 280
28 280
30 280
42 280
61 280
62 280
82 280
83 280
115 280
122 280
125 280
138 280
169 280
172 280
184 280
188 280
193 280
203 280
204 280
228 280
256 280
29 281
48 281
55 281
60 281
82 281
91 281
104 281
105 281
126 281
141 281
146 281
148 281
173 281
177 281
180 281
185 281
195 281
196 281
197 281
200 281
206 281
223 281
226 281
241 281
260 281
275 281
3 282
6 282
44 282
45 282
57 282
73 282
82 282
96 282
138 282
188 282
202 282
216 282
217 282
241 282
248 282
27 283
37 283
57 283
84 283
138 283
152 283
166 283
170 283
184 283
187 283
204 283
218 283
242 283
253 283
267 283
272 283
19 284
31 284
32 284
85 284
95 284
112 284
114 284
124 284
131 284
144 284
166 284
179 284
194 284
206 284
226 284
228 284
233 284
234 284
252 284
274 284
276 284
54 285
60 285
63 285
68 285
86 285
87 285
93 285
127 285
149 285
175 285
194 285
209 285
226 285
260 285
265 285
268 285
85 286
97 286
116 286
119 286
140 286
156 286
162 286
164 286
183 286
214 286
232 286
233 286
259 286
262 286
273 286
9 287
25 287
30 287
61 287
64 287
91 287
96 287
119 287
124 287
130 287
145 287
164 287
179 287
183 287
189 287
217 287
230 287
234 287
249 287
250 287
264 287
266 287
20 288
51 288
70 288
74 288
77 288
91 288
92 288
93 288
119 288
131 288
187 288
188 288
198 288
212 288
215 288
220 288
224 288
230 288
232 288
239 288
272 288
0 289
7 289
20 289
23 289
27 289
29 289
52 289
53 289
65 289
66 289
73 289
74 289
84 289
87 289
115 289
149 289
184 289
199 289
215 289
271 289
273 289
275 289
284 289
285 289
0 290
12 290
21 290
46 290
72 290
75 290
110 290
134 290
154 290
175 290
177 290
182 290
186 290
196 290
197 290
207 290
212 290
213 290
261 290
267 290
268 290
269 290
270 290
272 290
280 290
284 290
16 291
25 291
41 291
54 291
57 291
76 291
91 291
113 291
154 291
174 291
189 291
213 291
216 291
218 291
220 291
221 291
229 291
239 291
242 291
248 291
256 291
259 291
260 291
8 292
20 292
64 292
78 292
82 292
95 292
119 292
134 292
139 292
144 292
184 292
186 292
215 292
227 292
228 292
230 292
261 292
265 292
280 292
282 292
2 293
18 293
20 293
32 293
39 293
97 293
138 293
143 293
154 293
156 293
159 293
186 293
191 293
209 293
222 293
225 293
233 293
254 293
286 293
288 293
1 294
17 294
30 294
52 294
63 294
86 294
88 294
91 294
94 294
145 294
168 294
172 294
182 294
209 294
214 294
233 294
278 294
12 295
14 295
48 295
63 295
82 295
98 295
104 295
108 295
116 295
124 295
132 295
137 295
147 295
173 295
179 295
180 295
187 295
193 295
204 295
205 295
222 295
240 295
249 295
273 295
275 295
283 295
0 296
3 296
9 296
33 296
45 296
50 296
70 296
110 296
116 296
137 296
142 296
160 296
177 296
185 296
197 296
211 296
220 296
224 296
238 296
246 296
269 296
284 296
286 296
4 297
19 297
22 297
42 297
57 297
77 297
84 297
85 297
86 297
96 297
106 297
153 297
165 297
171 297
204 297
219 297
249 297
251 297
281 297
1 298
10 298
25 298
35 298
42 298
55 298
63 298
65 298
68 298
77 298
81 298
115 298
119 298
138 298
143 298
155 298
157 298
167 298
177 298
178 298
184 298
199 298
206 298
226 298
237 298
245 298
246 298
252 298
279 298
283 298
3 299
13 299
20 299
30 299
47 299
51 299
59 299
62 299
66 299
96 299
114 299
115 299
127 299
135 299
166 299
181 299
185 299
187 299
193 299
197 299
241 299
253 299
263 299
274 299
285 299
