300 7735 5
5 5 6 7 5 6 6 5 6 4 5 7 6 5 5 5 7 5 6 7 5 7 7 4 5 5 6 7 6 6 6 7 5 5 6 3 6 6 6 6 6 5 5 8 5 6 6 6 4 5 6 8 7 5 7 6 6 5 6 6 5 6 5 7 5 4 6 5 5 5 7 5 5 6 5 7 6 6 5 4 5 6 5 8 4 6 6 7 4 6 5 5 5 5 5 4 7 5 6 6 6 5 6 5 5 7 6 5 7 6 7 6 6 4 4 4 6 8 4 4 6 6 5 6 6 7 6 5 4 4 5 6 7 7 6 5 7 6 4 6 6 6 6 5 5 4 6 6 5 4 7 5 4 6 6 4 5 5 5 4 6 5 6 6 5 5 6 6 8 7 5 6 5 5 5 5 6 5 5 7 5 5 4 5 3 5 5 5 6 6 3 5 7 5 5 5 8 5 6 5 4 5 6 5 3 6 6 6 5 7 5 7 5 5 6 5 5 6 6 5 5 4 7 6 6 6 5 5 6 5 6 6 4 4 6 5 7 6 6 4 5 6 4 7 6 5 6 7 7 5 4 7 8 6 5 5 7 7 7 7 5 5 4 6 5 3 6 6 5 5 5 5 6 7 6 5 5 4 6 6 5 6 6 5 4 5 5 6 6 4 5 6 6 5 4 6 7 6 7 5
3 20
12 20
17 20
1 21
7 21
9 21
19 21
2 22
3 22
15 22
16 22
11 23
1 24
7 24
8 24
15 24
18 24
2 25
4 25
9 25
11 25
13 25
19 25
4 26
6 26
8 26
9 26
12 26
15 26
8 27
11 27
19 27
5 28
11 28
13 28
5 29
17 29
11 30
17 30
19 30
2 31
8 31
17 31
0 32
2 32
3 32
5 32
15 32
19 32
8 33
11 34
22 34
26 34
30 34
6 35
14 35
15 35
22 35
29 35
30 35
31 35
33 35
10 36
15 36
32 36
6 37
18 37
19 37
21 37
28 37
29 37
31 37
3 38
9 38
10 38
11 38
16 38
20 38
21 38
29 38
33 38
4 39
28 39
14 40
17 40
22 40
25 40
27 40
30 40
0 41
5 41
8 41
18 41
19 41
20 41
21 41
23 41
27 41
31 41
1 42
3 42
4 42
5 42
7 42
12 42
15 42
19 42
22 42
25 42
28 42
33 42
3 43
10 43
14 43
18 43
20 43
26 43
28 43
8 44
18 44
23 44
29 44
33 44
0 45
4 45
7 45
11 45
15 45
22 45
28 45
30 45
39 45
0 46
5 46
8 46
15 46
25 46
29 46
34 46
0 47
7 47
13 47
14 47
27 47
39 47
42 47
44 47
1 48
3 48
12 48
23 48
33 48
35 48
37 48
44 48
4 49
6 49
7 49
9 49
21 49
24 49
36 49
37 49
40 49
41 49
44 49
1 50
7 50
22 50
26 50
32 50
33 50
44 50
4 51
9 51
17 51
21 51
27 51
31 51
33 51
36 51
3 52
15 52
24 52
26 52
29 52
43 52
49 52
16 53
22 53
23 53
24 53
27 53
29 53
32 53
34 53
45 53
50 53
1 54
12 54
19 54
24 54
25 54
30 54
42 54
50 54
0 55
1 55
3 55
4 55
22 55
43 55
50 55
6 56
21 56
25 56
26 56
28 56
29 56
39 56
47 56
1 57
5 57
10 57
20 57
26 57
31 57
32 57
42 57
43 57
0 58
1 58
5 58
6 58
7 58
8 58
11 58
21 58
23 58
24 58
26 58
30 58
32 58
35 58
42 58
43 58
46 58
51 58
1 59
2 59
8 59
21 59
26 59
37 59
49 59
51 59
16 60
17 60
19 60
25 60
27 60
31 60
35 60
38 60
39 60
45 60
0 61
1 61
14 61
30 61
33 61
38 61
39 61
41 61
43 61
49 61
1 62
13 62
16 62
17 62
26 62
27 62
28 62
40 62
0 63
1 63
3 63
4 63
10 63
11 63
12 63
21 63
33 63
36 63
43 63
46 63
48 63
50 63
0 64
8 64
9 64
17 64
24 64
29 64
19 65
20 65
32 65
34 65
42 65
43 65
52 65
54 65
58 65
14 66
16 66
19 66
24 66
32 66
33 66
35 66
48 66
49 66
55 66
58 66
60 66
64 66
0 67
3 67
4 67
14 67
16 67
18 67
29 67
30 67
32 67
38 67
41 67
43 67
51 67
56 67
0 68
1 68
2 68
18 68
20 68
22 68
23 68
34 68
35 68
39 68
40 68
49 68
52 68
55 68
57 68
61 68
63 68
64 68
2 69
6 69
8 69
22 69
27 69
36 69
37 69
39 69
47 69
50 69
64 69
2 70
4 70
6 70
12 70
14 70
15 70
17 70
20 70
30 70
35 70
36 70
41 70
43 70
44 70
52 70
53 70
56 70
64 70
0 71
1 71
2 71
4 71
7 71
14 71
20 71
22 71
27 71
28 71
30 71
31 71
35 71
39 71
40 71
43 71
51 71
54 71
63 71
10 72
20 72
21 72
33 72
37 72
39 72
45 72
51 72
54 72
55 72
2 73
4 73
9 73
11 73
14 73
17 73
21 73
27 73
28 73
29 73
38 73
46 73
47 73
49 73
50 73
53 73
54 73
58 73
59 73
3 74
6 74
16 74
18 74
23 74
56 74
58 74
61 74
0 75
4 75
9 75
14 75
26 75
27 75
30 75
37 75
42 75
61 75
5 76
8 76
11 76
19 76
47 76
49 76
54 76
56 76
60 76
61 76
0 77
7 77
9 77
14 77
19 77
33 77
41 77
42 77
54 77
62 77
75 77
8 78
17 78
20 78
22 78
27 78
46 78
49 78
51 78
53 78
71 78
75 78
10 79
11 79
17 79
32 79
38 79
41 79
42 79
47 79
49 79
65 79
72 79
75 79
9 80
17 80
23 80
33 80
36 80
46 80
52 80
56 80
63 80
64 80
65 80
2 81
3 81
5 81
8 81
15 81
18 81
25 81
29 81
35 81
43 81
48 81
51 81
53 81
70 81
73 81
76 81
0 82
12 82
14 82
29 82
36 82
45 82
59 82
60 82
61 82
62 82
64 82
68 82
72 82
14 83
31 83
33 83
36 83
37 83
57 83
62 83
71 83
1 84
9 84
14 84
16 84
20 84
22 84
23 84
28 84
31 84
35 84
38 84
40 84
45 84
46 84
47 84
48 84
63 84
68 84
69 84
75 84
76 84
2 85
11 85
15 85
16 85
20 85
22 85
25 85
26 85
46 85
50 85
52 85
55 85
64 85
66 85
68 85
71 85
1 86
5 86
9 86
19 86
21 86
25 86
31 86
34 86
35 86
42 86
57 86
72 86
1 87
15 87
25 87
32 87
47 87
50 87
51 87
61 87
63 87
69 87
74 87
75 87
77 87
78 87
84 87
85 87
1 88
3 88
5 88
8 88
13 88
18 88
24 88
30 88
38 88
40 88
42 88
44 88
46 88
57 88
58 88
60 88
61 88
63 88
64 88
65 88
72 88
78 88
80 88
82 88
85 88
7 89
19 89
24 89
28 89
64 89
68 89
70 89
71 89
74 89
78 89
81 89
84 89
86 89
2 90
12 90
51 90
53 90
56 90
58 90
65 90
68 90
78 90
84 90
3 91
11 91
14 91
16 91
28 91
31 91
37 91
38 91
40 91
45 91
50 91
51 91
61 91
64 91
65 91
70 91
74 91
85 91
2 92
4 92
6 92
11 92
13 92
17 92
18 92
22 92
30 92
39 92
57 92
59 92
68 92
74 92
80 92
84 92
85 92
8 93
15 93
33 93
35 93
42 93
48 93
57 93
58 93
65 93
71 93
73 93
74 93
80 93
82 93
84 93
4 94
8 94
13 94
20 94
37 94
38 94
39 94
44 94
47 94
53 94
61 94
64 94
68 94
75 94
78 94
84 94
1 95
3 95
4 95
7 95
9 95
12 95
16 95
18 95
20 95
22 95
42 95
46 95
54 95
55 95
59 95
60 95
67 95
68 95
71 95
75 95
0 96
12 96
22 96
35 96
38 96
41 96
44 96
52 96
61 96
66 96
68 96
69 96
80 96
82 96
84 96
85 96
0 97
5 97
8 97
10 97
12 97
15 97
16 97
28 97
30 97
31 97
43 97
45 97
53 97
57 97
58 97
66 97
67 97
68 97
71 97
74 97
76 97
79 97
82 97
87 97
93 97
5 98
6 98
14 98
16 98
27 98
32 98
51 98
57 98
66 98
67 98
69 98
74 98
17 99
37 99
39 99
41 99
44 99
45 99
47 99
62 99
63 99
66 99
70 99
71 99
79 99
83 99
85 99
90 99
92 99
31 100
33 100
47 100
59 100
60 100
61 100
77 100
78 100
80 100
82 100
83 100
88 100
90 100
95 100
4 101
8 101
12 101
25 101
26 101
48 101
56 101
65 101
68 101
70 101
73 101
75 101
80 101
84 101
85 101
90 101
2 102
11 102
17 102
22 102
28 102
41 102
43 102
46 102
48 102
49 102
53 102
65 102
66 102
71 102
72 102
80 102
89 102
93 102
0 103
4 103
6 103
7 103
11 103
13 103
16 103
19 103
32 103
35 103
42 103
46 103
56 103
59 103
60 103
69 103
70 103
76 103
80 103
85 103
9 104
11 104
17 104
22 104
32 104
41 104
45 104
48 104
59 104
71 104
74 104
79 104
80 104
91 104
92 104
6 105
7 105
10 105
17 105
21 105
22 105
24 105
26 105
27 105
29 105
35 105
38 105
45 105
60 105
61 105
65 105
68 105
82 105
85 105
90 105
92 105
5 106
9 106
14 106
19 106
30 106
33 106
39 106
43 106
50 106
62 106
64 106
65 106
67 106
78 106
88 106
91 106
92 106
104 106
3 107
13 107
17 107
29 107
36 107
39 107
41 107
52 107
55 107
58 107
63 107
70 107
76 107
85 107
98 107
2 108
15 108
47 108
65 108
67 108
84 108
88 108
94 108
95 108
102 108
1 109
10 109
16 109
21 109
22 109
24 109
25 109
30 109
31 109
39 109
56 109
58 109
65 109
69 109
74 109
85 109
87 109
102 109
104 109
1 110
10 110
17 110
36 110
46 110
52 110
57 110
59 110
74 110
92 110
95 110
97 110
103 110
2 111
4 111
7 111
10 111
19 111
32 111
38 111
39 111
42 111
43 111
44 111
46 111
59 111
60 111
62 111
67 111
71 111
77 111
78 111
87 111
91 111
94 111
95 111
97 111
98 111
109 111
2 112
4 112
19 112
34 112
39 112
45 112
49 112
54 112
64 112
70 112
78 112
81 112
85 112
87 112
90 112
96 112
97 112
98 112
99 112
1 113
16 113
25 113
27 113
30 113
52 113
53 113
60 113
63 113
65 113
70 113
76 113
79 113
80 113
81 113
83 113
88 113
89 113
92 113
93 113
95 113
8 114
12 114
14 114
17 114
23 114
24 114
25 114
27 114
37 114
47 114
49 114
51 114
53 114
76 114
86 114
105 114
106 114
108 114
6 115
7 115
11 115
15 115
17 115
28 115
38 115
51 115
53 115
57 115
58 115
60 115
75 115
77 115
86 115
91 115
92 115
100 115
101 115
103 115
108 115
3 116
4 116
7 116
18 116
21 116
23 116
32 116
43 116
45 116
47 116
52 116
61 116
64 116
80 116
96 116
99 116
107 116
3 117
5 117
7 117
24 117
25 117
30 117
34 117
40 117
41 117
44 117
52 117
56 117
65 117
73 117
75 117
78 117
81 117
97 117
105 117
108 117
0 118
6 118
18 118
19 118
20 118
21 118
24 118
32 118
42 118
49 118
61 118
63 118
73 118
74 118
75 118
77 118
80 118
81 118
83 118
84 118
86 118
88 118
95 118
108 118
5 119
11 119
21 119
33 119
34 119
42 119
43 119
49 119
54 119
61 119
67 119
71 119
79 119
83 119
94 119
99 119
100 119
105 119
109 119
112 119
3 120
7 120
9 120
25 120
30 120
32 120
34 120
43 120
48 120
58 120
84 120
87 120
93 120
96 120
102 120
103 120
104 120
110 120
115 120
2 121
5 121
6 121
9 121
17 121
20 121
28 121
43 121
53 121
58 121
66 121
80 121
86 121
101 121
0 122
1 122
3 122
9 122
22 122
26 122
43 122
50 122
51 122
56 122
57 122
63 122
70 122
75 122
86 122
90 122
91 122
94 122
109 122
111 122
114 122
1 123
4 123
8 123
15 123
17 123
18 123
20 123
24 123
33 123
36 123
43 123
45 123
47 123
52 123
58 123
61 123
64 123
69 123
70 123
79 123
81 123
82 123
92 123
94 123
95 123
101 123
103 123
108 123
109 123
6 124
13 124
14 124
21 124
22 124
25 124
28 124
32 124
40 124
41 124
44 124
55 124
56 124
64 124
65 124
78 124
82 124
83 124
84 124
88 124
89 124
95 124
96 124
105 124
114 124
115 124
8 125
11 125
19 125
28 125
33 125
49 125
53 125
54 125
60 125
62 125
90 125
92 125
95 125
97 125
105 125
112 125
113 125
114 125
123 125
0 126
7 126
32 126
37 126
39 126
41 126
45 126
49 126
50 126
51 126
60 126
61 126
66 126
95 126
101 126
102 126
106 126
112 126
116 126
0 127
2 127
25 127
27 127
31 127
35 127
46 127
49 127
50 127
56 127
63 127
77 127
79 127
83 127
89 127
91 127
96 127
100 127
101 127
106 127
114 127
116 127
120 127
123 127
0 128
6 128
10 128
21 128
24 128
27 128
37 128
43 128
44 128
45 128
47 128
79 128
84 128
85 128
87 128
90 128
92 128
94 128
99 128
100 128
101 128
105 128
109 128
112 128
120 128
0 129
3 129
5 129
19 129
26 129
30 129
56 129
59 129
66 129
68 129
74 129
79 129
82 129
101 129
104 129
107 129
113 129
119 129
120 129
0 130
6 130
12 130
13 130
14 130
45 130
46 130
48 130
50 130
52 130
53 130
54 130
55 130
61 130
65 130
77 130
80 130
95 130
98 130
103 130
105 130
118 130
121 130
122 130
4 131
5 131
9 131
18 131
20 131
34 131
36 131
76 131
80 131
84 131
92 131
117 131
126 131
2 132
3 132
13 132
37 132
40 132
41 132
49 132
50 132
52 132
53 132
61 132
69 132
74 132
76 132
78 132
80 132
83 132
85 132
87 132
90 132
93 132
96 132
100 132
104 132
116 132
118 132
125 132
128 132
7 133
19 133
23 133
25 133
28 133
30 133
32 133
36 133
53 133
55 133
61 133
72 133
73 133
84 133
100 133
101 133
104 133
112 133
118 133
125 133
126 133
127 133
4 134
17 134
18 134
20 134
22 134
25 134
31 134
33 134
44 134
47 134
51 134
52 134
56 134
62 134
63 134
71 134
75 134
81 134
87 134
88 134
90 134
96 134
98 134
108 134
109 134
114 134
116 134
118 134
119 134
123 134
124 134
129 134
130 134
11 135
15 135
20 135
22 135
39 135
42 135
44 135
53 135
54 135
73 135
75 135
77 135
78 135
81 135
83 135
116 135
125 135
4 136
13 136
16 136
49 136
60 136
62 136
66 136
72 136
79 136
80 136
83 136
84 136
103 136
111 136
115 136
121 136
122 136
124 136
2 137
13 137
20 137
28 137
39 137
46 137
48 137
49 137
61 137
65 137
68 137
79 137
87 137
92 137
94 137
106 137
108 137
124 137
129 137
130 137
13 138
21 138
22 138
34 138
40 138
53 138
69 138
73 138
79 138
84 138
98 138
105 138
110 138
114 138
122 138
128 138
0 139
14 139
23 139
25 139
37 139
44 139
48 139
51 139
56 139
79 139
85 139
94 139
102 139
105 139
108 139
115 139
118 139
119 139
124 139
128 139
1 140
4 140
9 140
14 140
16 140
24 140
37 140
41 140
49 140
52 140
53 140
59 140
63 140
67 140
68 140
87 140
96 140
97 140
102 140
116 140
128 140
13 141
22 141
26 141
29 141
34 141
36 141
46 141
55 141
68 141
77 141
78 141
86 141
88 141
92 141
97 141
105 141
7 142
9 142
11 142
16 142
18 142
19 142
20 142
22 142
35 142
37 142
41 142
60 142
63 142
65 142
67 142
79 142
87 142
88 142
89 142
93 142
114 142
116 142
127 142
129 142
5 143
7 143
26 143
30 143
43 143
44 143
49 143
58 143
61 143
69 143
76 143
77 143
80 143
81 143
87 143
100 143
104 143
106 143
111 143
123 143
129 143
130 143
4 144
7 144
13 144
37 144
39 144
47 144
49 144
59 144
67 144
69 144
70 144
72 144
81 144
88 144
90 144
92 144
94 144
97 144
99 144
111 144
118 144
121 144
0 145
2 145
28 145
36 145
38 145
39 145
47 145
55 145
60 145
62 145
79 145
87 145
90 145
93 145
97 145
98 145
101 145
108 145
111 145
121 145
131 145
1 146
2 146
7 146
14 146
25 146
26 146
29 146
37 146
46 146
47 146
49 146
50 146
51 146
64 146
67 146
71 146
73 146
79 146
83 146
96 146
102 146
104 146
111 146
134 146
136 146
138 146
141 146
3 147
4 147
5 147
20 147
25 147
40 147
42 147
43 147
50 147
55 147
56 147
66 147
68 147
76 147
79 147
92 147
94 147
100 147
106 147
109 147
110 147
119 147
131 147
132 147
133 147
138 147
143 147
3 148
9 148
23 148
34 148
39 148
46 148
52 148
62 148
74 148
75 148
94 148
95 148
97 148
103 148
105 148
106 148
110 148
118 148
122 148
123 148
137 148
140 148
143 148
1 149
8 149
9 149
13 149
25 149
28 149
36 149
38 149
42 149
49 149
54 149
64 149
66 149
76 149
88 149
90 149
94 149
97 149
100 149
107 149
110 149
115 149
116 149
118 149
120 149
123 149
125 149
129 149
130 149
133 149
139 149
3 150
10 150
11 150
17 150
25 150
34 150
45 150
54 150
57 150
63 150
71 150
75 150
77 150
84 150
85 150
87 150
90 150
116 150
128 150
129 150
132 150
133 150
134 150
135 150
137 150
140 150
4 151
6 151
7 151
12 151
21 151
24 151
35 151
36 151
42 151
55 151
60 151
70 151
71 151
72 151
77 151
89 151
91 151
92 151
99 151
100 151
104 151
107 151
113 151
122 151
128 151
140 151
141 151
143 151
6 152
7 152
8 152
13 152
24 152
26 152
31 152
34 152
56 152
61 152
63 152
65 152
70 152
85 152
87 152
106 152
112 152
113 152
116 152
118 152
122 152
124 152
127 152
129 152
131 152
135 152
136 152
140 152
1 153
3 153
5 153
6 153
7 153
13 153
15 153
16 153
27 153
32 153
36 153
40 153
44 153
50 153
52 153
56 153
57 153
66 153
68 153
77 153
81 153
87 153
91 153
96 153
102 153
107 153
109 153
112 153
117 153
122 153
125 153
127 153
128 153
134 153
1 154
2 154
3 154
13 154
28 154
32 154
39 154
40 154
41 154
48 154
54 154
64 154
66 154
72 154
74 154
101 154
102 154
120 154
124 154
125 154
135 154
137 154
139 154
141 154
1 155
2 155
13 155
34 155
40 155
47 155
52 155
54 155
56 155
61 155
64 155
69 155
70 155
75 155
79 155
85 155
88 155
104 155
112 155
117 155
118 155
121 155
122 155
133 155
134 155
136 155
10 156
15 156
21 156
26 156
27 156
31 156
37 156
48 156
67 156
70 156
72 156
74 156
75 156
76 156
83 156
85 156
88 156
109 156
110 156
112 156
129 156
134 156
135 156
13 157
18 157
19 157
20 157
31 157
37 157
42 157
46 157
47 157
50 157
54 157
56 157
63 157
68 157
71 157
80 157
102 157
103 157
106 157
109 157
116 157
118 157
122 157
126 157
128 157
130 157
132 157
135 157
137 157
142 157
144 157
9 158
12 158
13 158
21 158
22 158
27 158
30 158
33 158
37 158
39 158
41 158
45 158
46 158
54 158
58 158
63 158
65 158
66 158
67 158
71 158
72 158
83 158
101 158
105 158
106 158
107 158
110 158
128 158
137 158
140 158
143 158
2 159
4 159
15 159
23 159
27 159
39 159
45 159
49 159
52 159
58 159
66 159
69 159
84 159
96 159
105 159
109 159
112 159
131 159
140 159
1 160
14 160
17 160
18 160
19 160
23 160
25 160
28 160
33 160
38 160
39 160
41 160
57 160
61 160
70 160
74 160
78 160
79 160
85 160
86 160
87 160
89 160
96 160
98 160
107 160
108 160
119 160
126 160
128 160
0 161
4 161
10 161
12 161
21 161
22 161
47 161
52 161
74 161
83 161
86 161
87 161
109 161
111 161
112 161
118 161
119 161
123 161
128 161
139 161
151 161
6 162
11 162
15 162
19 162
31 162
32 162
34 162
39 162
45 162
50 162
51 162
67 162
73 162
78 162
88 162
91 162
100 162
111 162
112 162
124 162
126 162
132 162
142 162
147 162
149 162
6 163
11 163
14 163
21 163
23 163
29 163
33 163
40 163
41 163
42 163
44 163
51 163
56 163
65 163
68 163
82 163
84 163
87 163
109 163
119 163
132 163
134 163
136 163
142 163
146 163
149 163
156 163
10 164
13 164
20 164
25 164
34 164
45 164
51 164
59 164
63 164
83 164
92 164
93 164
96 164
99 164
105 164
112 164
117 164
125 164
126 164
128 164
136 164
138 164
151 164
156 164
4 165
17 165
22 165
26 165
29 165
30 165
32 165
34 165
41 165
49 165
51 165
60 165
67 165
72 165
73 165
77 165
84 165
101 165
102 165
106 165
113 165
115 165
116 165
118 165
121 165
122 165
125 165
127 165
136 165
137 165
144 165
146 165
150 165
3 166
4 166
18 166
24 166
62 166
66 166
71 166
84 166
87 166
88 166
89 166
106 166
112 166
121 166
129 166
135 166
143 166
149 166
155 166
159 166
3 167
6 167
15 167
18 167
20 167
21 167
23 167
24 167
26 167
28 167
35 167
41 167
46 167
53 167
59 167
74 167
103 167
109 167
114 167
130 167
133 167
149 167
14 168
20 168
31 168
35 168
57 168
68 168
72 168
75 168
79 168
83 168
89 168
90 168
94 168
96 168
98 168
100 168
109 168
120 168
122 168
130 168
132 168
135 168
136 168
139 168
143 168
160 168
4 169
7 169
8 169
20 169
31 169
32 169
36 169
41 169
49 169
61 169
62 169
65 169
66 169
67 169
73 169
76 169
78 169
83 169
85 169
98 169
100 169
103 169
106 169
107 169
109 169
117 169
120 169
124 169
128 169
136 169
137 169
139 169
158 169
160 169
2 170
5 170
7 170
10 170
13 170
17 170
22 170
26 170
28 170
33 170
39 170
42 170
50 170
52 170
56 170
71 170
72 170
86 170
99 170
107 170
108 170
119 170
125 170
127 170
134 170
143 170
144 170
151 170
154 170
160 170
6 171
10 171
11 171
17 171
28 171
30 171
35 171
37 171
45 171
50 171
53 171
64 171
83 171
111 171
113 171
116 171
125 171
128 171
132 171
147 171
7 172
8 172
23 172
41 172
43 172
49 172
50 172
51 172
56 172
60 172
63 172
65 172
66 172
72 172
74 172
75 172
84 172
90 172
93 172
112 172
118 172
123 172
124 172
126 172
127 172
130 172
133 172
134 172
136 172
154 172
1 173
14 173
23 173
30 173
36 173
42 173
48 173
59 173
60 173
63 173
64 173
65 173
76 173
92 173
95 173
102 173
103 173
104 173
110 173
112 173
114 173
116 173
123 173
125 173
127 173
133 173
134 173
142 173
150 173
158 173
2 174
3 174
6 174
8 174
19 174
23 174
34 174
47 174
57 174
63 174
70 174
71 174
74 174
84 174
85 174
92 174
102 174
105 174
106 174
107 174
108 174
111 174
119 174
123 174
126 174
136 174
137 174
141 174
150 174
156 174
3 175
6 175
11 175
12 175
17 175
24 175
26 175
30 175
67 175
70 175
72 175
81 175
86 175
91 175
97 175
103 175
105 175
108 175
109 175
115 175
127 175
134 175
138 175
140 175
153 175
155 175
156 175
157 175
165 175
170 175
171 175
3 176
7 176
9 176
10 176
19 176
23 176
33 176
34 176
41 176
46 176
55 176
56 176
60 176
65 176
68 176
77 176
85 176
88 176
89 176
97 176
98 176
100 176
117 176
119 176
130 176
136 176
140 176
146 176
155 176
156 176
2 177
14 177
15 177
17 177
22 177
35 177
41 177
48 177
49 177
50 177
51 177
53 177
56 177
61 177
65 177
66 177
75 177
84 177
92 177
95 177
97 177
101 177
107 177
108 177
113 177
122 177
123 177
138 177
172 177
1 178
2 178
14 178
17 178
20 178
22 178
25 178
34 178
35 178
36 178
38 178
40 178
43 178
48 178
54 178
55 178
57 178
60 178
71 178
72 178
75 178
93 178
97 178
98 178
118 178
130 178
133 178
137 178
139 178
140 178
148 178
154 178
157 178
162 178
164 178
173 178
2 179
5 179
6 179
10 179
11 179
12 179
17 179
28 179
33 179
37 179
40 179
42 179
48 179
56 179
65 179
80 179
92 179
99 179
107 179
111 179
120 179
121 179
126 179
135 179
138 179
141 179
143 179
148 179
159 179
160 179
166 179
169 179
1 180
4 180
8 180
11 180
16 180
18 180
35 180
46 180
51 180
53 180
54 180
68 180
70 180
74 180
97 180
102 180
103 180
115 180
116 180
117 180
128 180
136 180
144 180
146 180
165 180
174 180
2 181
8 181
14 181
15 181
20 181
27 181
35 181
45 181
50 181
57 181
59 181
65 181
66 181
68 181
69 181
71 181
82 181
84 181
91 181
92 181
98 181
100 181
102 181
105 181
113 181
121 181
125 181
133 181
143 181
145 181
156 181
160 181
164 181
168 181
172 181
174 181
1 182
4 182
8 182
30 182
33 182
51 182
56 182
57 182
61 182
63 182
69 182
76 182
77 182
81 182
82 182
88 182
91 182
93 182
97 182
100 182
101 182
102 182
105 182
107 182
109 182
111 182
115 182
121 182
126 182
127 182
128 182
133 182
134 182
138 182
140 182
159 182
166 182
171 182
172 182
174 182
7 183
9 183
24 183
25 183
29 183
31 183
33 183
36 183
37 183
38 183
41 183
50 183
54 183
55 183
60 183
65 183
69 183
80 183
82 183
84 183
93 183
100 183
108 183
109 183
121 183
126 183
132 183
133 183
136 183
139 183
145 183
148 183
156 183
159 183
165 183
169 183
0 184
11 184
23 184
28 184
33 184
37 184
51 184
56 184
62 184
65 184
67 184
83 184
94 184
102 184
104 184
105 184
108 184
115 184
126 184
135 184
139 184
149 184
151 184
152 184
155 184
169 184
6 185
7 185
8 185
9 185
16 185
18 185
22 185
24 185
25 185
28 185
32 185
36 185
37 185
41 185
45 185
48 185
51 185
52 185
57 185
64 185
67 185
69 185
75 185
79 185
83 185
100 185
102 185
120 185
121 185
125 185
128 185
139 185
153 185
154 185
161 185
166 185
167 185
170 185
172 185
0 186
3 186
7 186
12 186
20 186
21 186
24 186
29 186
34 186
35 186
36 186
46 186
48 186
49 186
50 186
53 186
57 186
58 186
59 186
62 186
67 186
71 186
76 186
77 186
78 186
81 186
85 186
103 186
112 186
115 186
118 186
122 186
124 186
128 186
131 186
143 186
144 186
148 186
149 186
152 186
154 186
156 186
157 186
165 186
2 187
3 187
11 187
18 187
22 187
24 187
26 187
41 187
55 187
61 187
65 187
66 187
78 187
82 187
83 187
99 187
104 187
106 187
109 187
121 187
127 187
136 187
141 187
145 187
147 187
154 187
161 187
166 187
0 188
1 188
2 188
19 188
21 188
26 188
35 188
37 188
51 188
69 188
77 188
84 188
87 188
97 188
104 188
105 188
119 188
120 188
125 188
129 188
138 188
145 188
147 188
162 188
164 188
167 188
173 188
6 189
18 189
29 189
35 189
42 189
43 189
47 189
50 189
57 189
58 189
60 189
78 189
85 189
87 189
88 189
92 189
96 189
99 189
103 189
109 189
114 189
123 189
127 189
130 189
131 189
136 189
137 189
145 189
146 189
169 189
170 189
175 189
184 189
187 189
0 190
19 190
28 190
41 190
53 190
62 190
71 190
78 190
81 190
84 190
97 190
105 190
109 190
115 190
117 190
119 190
120 190
123 190
124 190
134 190
136 190
143 190
148 190
160 190
167 190
174 190
176 190
178 190
179 190
180 190
3 191
4 191
9 191
14 191
28 191
32 191
34 191
40 191
41 191
47 191
54 191
62 191
78 191
86 191
87 191
91 191
101 191
107 191
114 191
126 191
128 191
130 191
134 191
142 191
158 191
167 191
172 191
173 191
177 191
179 191
181 191
0 192
4 192
8 192
10 192
12 192
16 192
17 192
20 192
22 192
24 192
35 192
46 192
49 192
53 192
68 192
71 192
74 192
75 192
77 192
85 192
87 192
102 192
117 192
131 192
139 192
144 192
152 192
159 192
161 192
185 192
3 193
9 193
17 193
19 193
21 193
22 193
28 193
32 193
58 193
99 193
105 193
106 193
107 193
112 193
118 193
122 193
130 193
134 193
138 193
139 193
140 193
144 193
148 193
154 193
160 193
161 193
169 193
173 193
174 193
186 193
187 193
188 193
4 194
5 194
6 194
9 194
11 194
16 194
34 194
50 194
52 194
64 194
69 194
73 194
77 194
88 194
94 194
106 194
110 194
111 194
127 194
128 194
141 194
142 194
147 194
150 194
153 194
163 194
170 194
179 194
184 194
185 194
6 195
17 195
18 195
28 195
32 195
33 195
36 195
40 195
44 195
46 195
48 195
49 195
50 195
55 195
59 195
61 195
63 195
79 195
83 195
90 195
92 195
97 195
101 195
103 195
110 195
112 195
115 195
117 195
121 195
123 195
125 195
128 195
136 195
139 195
144 195
152 195
157 195
165 195
168 195
169 195
171 195
173 195
174 195
177 195
181 195
184 195
1 196
9 196
10 196
13 196
19 196
23 196
27 196
33 196
38 196
47 196
48 196
49 196
56 196
63 196
73 196
87 196
89 196
90 196
92 196
94 196
95 196
98 196
103 196
105 196
106 196
115 196
117 196
122 196
126 196
130 196
135 196
144 196
151 196
152 196
157 196
160 196
166 196
167 196
168 196
174 196
1 197
3 197
11 197
16 197
19 197
26 197
29 197
31 197
44 197
46 197
53 197
56 197
64 197
65 197
67 197
73 197
74 197
80 197
106 197
115 197
116 197
119 197
135 197
137 197
140 197
146 197
153 197
158 197
160 197
161 197
179 197
182 197
183 197
0 198
16 198
26 198
27 198
28 198
36 198
44 198
47 198
48 198
53 198
57 198
63 198
66 198
71 198
74 198
82 198
83 198
100 198
112 198
121 198
126 198
129 198
131 198
136 198
138 198
140 198
141 198
142 198
143 198
154 198
160 198
167 198
169 198
172 198
174 198
181 198
0 199
5 199
13 199
14 199
16 199
20 199
23 199
38 199
40 199
41 199
63 199
66 199
67 199
95 199
98 199
99 199
101 199
106 199
110 199
112 199
114 199
118 199
120 199
128 199
166 199
173 199
178 199
179 199
184 199
185 199
186 199
6 200
7 200
11 200
26 200
35 200
49 200
50 200
57 200
58 200
61 200
62 200
75 200
79 200
80 200
97 200
121 200
126 200
133 200
137 200
140 200
144 200
148 200
168 200
170 200
173 200
179 200
182 200
3 201
5 201
15 201
25 201
38 201
44 201
47 201
50 201
52 201
53 201
56 201
64 201
70 201
76 201
82 201
88 201
93 201
98 201
101 201
112 201
113 201
114 201
127 201
130 201
133 201
140 201
152 201
157 201
164 201
166 201
167 201
170 201
1 202
6 202
26 202
32 202
34 202
36 202
65 202
73 202
93 202
95 202
99 202
100 202
105 202
106 202
107 202
109 202
111 202
116 202
118 202
121 202
122 202
129 202
131 202
135 202
139 202
160 202
161 202
172 202
174 202
180 202
181 202
198 202
1 203
7 203
8 203
16 203
18 203
26 203
37 203
48 203
51 203
60 203
65 203
69 203
70 203
74 203
79 203
85 203
94 203
95 203
97 203
101 203
110 203
124 203
135 203
137 203
143 203
147 203
160 203
163 203
174 203
180 203
190 203
192 203
2 204
4 204
5 204
6 204
8 204
16 204
18 204
19 204
36 204
37 204
38 204
43 204
51 204
56 204
59 204
62 204
66 204
67 204
68 204
77 204
88 204
94 204
96 204
103 204
104 204
110 204
113 204
115 204
120 204
123 204
133 204
139 204
147 204
150 204
155 204
184 204
199 204
201 204
0 205
7 205
14 205
17 205
19 205
23 205
30 205
36 205
43 205
44 205
61 205
67 205
70 205
71 205
72 205
74 205
79 205
83 205
92 205
94 205
103 205
104 205
106 205
108 205
109 205
117 205
120 205
125 205
126 205
129 205
130 205
132 205
143 205
145 205
147 205
149 205
152 205
154 205
161 205
181 205
183 205
197 205
199 205
5 206
7 206
11 206
15 206
17 206
27 206
34 206
37 206
42 206
47 206
51 206
53 206
59 206
62 206
64 206
67 206
72 206
79 206
82 206
86 206
94 206
95 206
101 206
112 206
115 206
128 206
129 206
142 206
152 206
162 206
163 206
168 206
173 206
176 206
185 206
195 206
200 206
203 206
3 207
11 207
13 207
14 207
17 207
21 207
41 207
43 207
47 207
54 207
65 207
73 207
81 207
82 207
92 207
103 207
133 207
136 207
147 207
148 207
151 207
152 207
157 207
167 207
170 207
194 207
201 207
1 208
4 208
7 208
8 208
12 208
15 208
17 208
19 208
25 208
33 208
34 208
38 208
39 208
50 208
53 208
56 208
65 208
67 208
71 208
72 208
73 208
77 208
83 208
84 208
101 208
103 208
113 208
117 208
126 208
135 208
137 208
140 208
141 208
146 208
151 208
154 208
155 208
157 208
159 208
160 208
177 208
186 208
200 208
201 208
7 209
16 209
17 209
20 209
25 209
31 209
32 209
37 209
43 209
45 209
46 209
62 209
68 209
74 209
78 209
79 209
86 209
88 209
98 209
104 209
109 209
116 209
119 209
122 209
127 209
128 209
140 209
148 209
150 209
156 209
170 209
172 209
183 209
196 209
197 209
199 209
203 209
6 210
10 210
15 210
16 210
17 210
25 210
30 210
32 210
35 210
36 210
37 210
45 210
53 210
55 210
61 210
62 210
70 210
100 210
113 210
125 210
126 210
132 210
134 210
139 210
152 210
169 210
201 210
205 210
16 211
25 211
26 211
29 211
32 211
43 211
45 211
46 211
48 211
54 211
57 211
60 211
63 211
67 211
74 211
75 211
87 211
89 211
90 211
95 211
98 211
99 211
100 211
102 211
130 211
132 211
133 211
140 211
143 211
149 211
152 211
161 211
164 211
169 211
174 211
178 211
182 211
183 211
184 211
187 211
190 211
193 211
1 212
5 212
6 212
15 212
19 212
24 212
28 212
31 212
33 212
37 212
45 212
46 212
47 212
57 212
65 212
66 212
68 212
70 212
86 212
87 212
90 212
95 212
98 212
99 212
101 212
106 212
107 212
109 212
113 212
118 212
120 212
123 212
126 212
127 212
135 212
137 212
141 212
142 212
147 212
148 212
153 212
173 212
185 212
190 212
201 212
2 213
4 213
6 213
8 213
13 213
14 213
19 213
33 213
40 213
45 213
54 213
58 213
64 213
70 213
81 213
82 213
83 213
84 213
94 213
104 213
105 213
107 213
112 213
113 213
114 213
115 213
125 213
136 213
153 213
163 213
175 213
181 213
183 213
187 213
190 213
200 213
14 214
15 214
19 214
30 214
33 214
36 214
40 214
42 214
44 214
55 214
63 214
64 214
76 214
83 214
89 214
91 214
95 214
105 214
106 214
108 214
116 214
122 214
127 214
129 214
136 214
141 214
158 214
167 214
169 214
170 214
173 214
174 214
175 214
183 214
194 214
197 214
2 215
3 215
6 215
11 215
16 215
22 215
28 215
35 215
36 215
37 215
46 215
55 215
56 215
59 215
66 215
71 215
73 215
77 215
82 215
85 215
86 215
93 215
97 215
99 215
100 215
102 215
108 215
109 215
117 215
122 215
125 215
127 215
156 215
161 215
163 215
166 215
170 215
174 215
178 215
185 215
186 215
199 215
201 215
4 216
14 216
24 216
30 216
31 216
42 216
54 216
56 216
61 216
64 216
65 216
67 216
69 216
74 216
75 216
76 216
77 216
84 216
89 216
90 216
98 216
104 216
108 216
115 216
118 216
122 216
125 216
139 216
140 216
146 216
148 216
159 216
160 216
165 216
172 216
180 216
190 216
195 216
202 216
5 217
6 217
7 217
10 217
15 217
23 217
28 217
31 217
32 217
33 217
35 217
37 217
41 217
47 217
50 217
51 217
52 217
64 217
70 217
82 217
91 217
92 217
96 217
97 217
99 217
102 217
108 217
115 217
119 217
125 217
127 217
138 217
149 217
150 217
159 217
162 217
164 217
172 217
176 217
181 217
185 217
188 217
189 217
195 217
206 217
210 217
212 217
216 217
2 218
8 218
10 218
14 218
17 218
21 218
23 218
27 218
30 218
31 218
34 218
43 218
48 218
49 218
60 218
73 218
76 218
88 218
91 218
92 218
96 218
97 218
105 218
107 218
108 218
110 218
112 218
146 218
150 218
158 218
161 218
164 218
169 218
176 218
177 218
179 218
194 218
196 218
197 218
203 218
13 219
14 219
25 219
26 219
27 219
28 219
32 219
42 219
48 219
51 219
56 219
60 219
70 219
79 219
80 219
81 219
93 219
99 219
119 219
136 219
137 219
151 219
156 219
157 219
158 219
162 219
164 219
178 219
181 219
204 219
5 220
7 220
12 220
17 220
18 220
21 220
24 220
25 220
29 220
33 220
37 220
40 220
43 220
47 220
66 220
69 220
73 220
89 220
97 220
98 220
103 220
108 220
115 220
116 220
123 220
132 220
136 220
143 220
154 220
155 220
166 220
170 220
174 220
176 220
191 220
197 220
199 220
200 220
201 220
205 220
216 220
13 221
29 221
31 221
41 221
47 221
53 221
59 221
62 221
63 221
71 221
90 221
101 221
103 221
110 221
128 221
140 221
141 221
149 221
159 221
165 221
173 221
175 221
178 221
190 221
194 221
196 221
211 221
214 221
7 222
14 222
29 222
37 222
40 222
41 222
42 222
52 222
56 222
58 222
65 222
72 222
81 222
86 222
105 222
106 222
114 222
122 222
123 222
128 222
131 222
133 222
135 222
137 222
149 222
150 222
152 222
167 222
174 222
177 222
179 222
180 222
191 222
192 222
195 222
198 222
202 222
203 222
204 222
210 222
6 223
13 223
27 223
28 223
29 223
31 223
35 223
39 223
51 223
54 223
57 223
58 223
67 223
93 223
98 223
101 223
106 223
117 223
120 223
124 223
127 223
132 223
149 223
151 223
154 223
157 223
163 223
165 223
168 223
177 223
184 223
190 223
193 223
194 223
199 223
206 223
207 223
208 223
212 223
214 223
217 223
0 224
3 224
7 224
10 224
13 224
17 224
22 224
27 224
28 224
31 224
35 224
46 224
52 224
64 224
66 224
75 224
80 224
87 224
94 224
96 224
106 224
107 224
109 224
111 224
115 224
121 224
125 224
128 224
134 224
141 224
144 224
145 224
150 224
151 224
152 224
158 224
160 224
162 224
165 224
188 224
192 224
207 224
210 224
213 224
8 225
9 225
12 225
21 225
31 225
33 225
36 225
53 225
58 225
65 225
78 225
80 225
84 225
85 225
86 225
88 225
96 225
101 225
102 225
109 225
117 225
119 225
120 225
136 225
139 225
140 225
145 225
146 225
148 225
150 225
151 225
155 225
156 225
157 225
168 225
172 225
173 225
174 225
177 225
182 225
190 225
191 225
200 225
214 225
216 225
217 225
12 226
14 226
16 226
20 226
25 226
45 226
57 226
71 226
75 226
77 226
81 226
88 226
97 226
98 226
99 226
112 226
115 226
119 226
125 226
140 226
144 226
171 226
179 226
180 226
188 226
190 226
198 226
199 226
203 226
212 226
214 226
221 226
4 227
5 227
12 227
17 227
20 227
22 227
26 227
27 227
36 227
41 227
42 227
44 227
47 227
53 227
57 227
58 227
59 227
62 227
64 227
65 227
66 227
71 227
74 227
77 227
84 227
87 227
89 227
94 227
96 227
106 227
113 227
117 227
120 227
121 227
136 227
138 227
157 227
159 227
169 227
170 227
174 227
186 227
189 227
200 227
212 227
223 227
225 227
3 228
8 228
10 228
19 228
23 228
24 228
45 228
52 228
61 228
66 228
67 228
74 228
90 228
93 228
99 228
121 228
128 228
134 228
144 228
150 228
153 228
155 228
160 228
163 228
164 228
180 228
183 228
187 228
191 228
205 228
206 228
218 228
219 228
220 228
0 229
4 229
11 229
20 229
23 229
29 229
31 229
32 229
36 229
37 229
40 229
45 229
54 229
60 229
63 229
70 229
72 229
74 229
84 229
95 229
123 229
126 229
129 229
134 229
137 229
142 229
151 229
153 229
155 229
157 229
175 229
184 229
196 229
198 229
205 229
208 229
221 229
223 229
0 230
4 230
12 230
14 230
15 230
32 230
40 230
47 230
53 230
65 230
73 230
76 230
77 230
83 230
94 230
100 230
105 230
108 230
109 230
110 230
121 230
124 230
130 230
142 230
145 230
146 230
148 230
150 230
156 230
158 230
159 230
161 230
163 230
167 230
170 230
174 230
176 230
180 230
192 230
198 230
200 230
202 230
210 230
212 230
218 230
220 230
221 230
222 230
223 230
0 231
6 231
9 231
14 231
24 231
26 231
27 231
28 231
38 231
40 231
44 231
47 231
52 231
65 231
73 231
74 231
75 231
82 231
87 231
91 231
96 231
101 231
105 231
115 231
117 231
128 231
130 231
137 231
140 231
151 231
161 231
163 231
167 231
182 231
186 231
187 231
188 231
197 231
210 231
212 231
0 232
5 232
7 232
15 232
21 232
22 232
25 232
28 232
29 232
36 232
37 232
40 232
54 232
57 232
59 232
60 232
61 232
63 232
74 232
75 232
79 232
84 232
85 232
89 232
101 232
103 232
115 232
126 232
127 232
133 232
145 232
147 232
148 232
151 232
159 232
163 232
182 232
194 232
195 232
199 232
205 232
209 232
217 232
221 232
222 232
8 233
9 233
12 233
21 233
22 233
34 233
39 233
53 233
55 233
74 233
82 233
83 233
92 233
99 233
104 233
113 233
114 233
118 233
120 233
124 233
127 233
135 233
141 233
155 233
162 233
171 233
174 233
176 233
179 233
183 233
185 233
186 233
187 233
200 233
201 233
203 233
208 233
212 233
216 233
219 233
220 233
221 233
222 233
225 233
1 234
5 234
8 234
9 234
14 234
23 234
24 234
34 234
36 234
41 234
43 234
62 234
63 234
67 234
68 234
70 234
80 234
89 234
97 234
100 234
113 234
117 234
118 234
121 234
122 234
124 234
125 234
126 234
132 234
143 234
146 234
149 234
151 234
157 234
162 234
165 234
177 234
182 234
187 234
199 234
205 234
208 234
215 234
216 234
4 235
8 235
16 235
18 235
19 235
21 235
39 235
51 235
53 235
61 235
65 235
68 235
82 235
88 235
89 235
106 235
108 235
111 235
125 235
134 235
139 235
146 235
163 235
165 235
172 235
173 235
183 235
189 235
190 235
200 235
215 235
223 235
0 236
7 236
23 236
37 236
41 236
45 236
47 236
68 236
69 236
75 236
90 236
97 236
107 236
108 236
117 236
122 236
127 236
131 236
133 236
135 236
145 236
156 236
158 236
160 236
168 236
177 236
182 236
185 236
188 236
192 236
199 236
200 236
206 236
208 236
213 236
225 236
0 237
8 237
26 237
29 237
32 237
33 237
48 237
50 237
52 237
55 237
58 237
61 237
65 237
78 237
80 237
89 237
91 237
116 237
125 237
126 237
129 237
138 237
146 237
149 237
166 237
171 237
178 237
180 237
181 237
193 237
201 237
204 237
207 237
211 237
216 237
229 237
5 238
18 238
20 238
30 238
46 238
51 238
57 238
58 238
65 238
71 238
74 238
78 238
81 238
89 238
101 238
104 238
106 238
107 238
111 238
120 238
123 238
133 238
139 238
141 238
143 238
144 238
151 238
163 238
165 238
171 238
175 238
176 238
182 238
183 238
184 238
202 238
211 238
212 238
214 238
215 238
216 238
218 238
225 238
226 238
227 238
235 238
3 239
17 239
23 239
25 239
29 239
30 239
39 239
41 239
45 239
47 239
51 239
64 239
86 239
90 239
92 239
95 239
98 239
99 239
105 239
108 239
116 239
128 239
132 239
139 239
148 239
150 239
152 239
158 239
166 239
167 239
178 239
182 239
188 239
202 239
205 239
206 239
208 239
219 239
225 239
226 239
228 239
0 240
9 240
10 240
12 240
15 240
25 240
43 240
48 240
50 240
59 240
63 240
66 240
70 240
82 240
85 240
104 240
113 240
117 240
119 240
127 240
128 240
136 240
139 240
142 240
143 240
145 240
154 240
180 240
182 240
183 240
188 240
189 240
193 240
197 240
199 240
201 240
204 240
210 240
211 240
212 240
218 240
221 240
222 240
224 240
225 240
231 240
5 241
17 241
23 241
26 241
39 241
42 241
43 241
45 241
48 241
51 241
60 241
61 241
71 241
77 241
84 241
86 241
88 241
92 241
97 241
98 241
102 241
113 241
115 241
133 241
141 241
156 241
158 241
159 241
161 241
163 241
164 241
168 241
177 241
178 241
190 241
192 241
196 241
199 241
201 241
202 241
203 241
208 241
220 241
231 241
1 242
2 242
7 242
12 242
15 242
17 242
22 242
34 242
43 242
62 242
64 242
67 242
69 242
71 242
72 242
73 242
74 242
75 242
84 242
86 242
90 242
96 242
97 242
104 242
108 242
109 242
111 242
119 242
120 242
122 242
124 242
125 242
128 242
132 242
136 242
146 242
149 242
166 242
167 242
169 242
171 242
173 242
195 242
197 242
204 242
206 242
210 242
215 242
217 242
226 242
227 242
231 242
10 243
18 243
27 243
35 243
45 243
49 243
52 243
53 243
60 243
67 243
75 243
76 243
83 243
86 243
88 243
95 243
104 243
112 243
113 243
114 243
115 243
119 243
130 243
149 243
156 243
175 243
176 243
177 243
182 243
186 243
187 243
206 243
207 243
220 243
222 243
224 243
225 243
229 243
233 243
4 244
5 244
7 244
15 244
24 244
29 244
43 244
44 244
51 244
53 244
56 244
68 244
69 244
73 244
80 244
81 244
89 244
94 244
96 244
98 244
112 244
117 244
120 244
124 244
130 244
135 244
146 244
151 244
160 244
161 244
171 244
174 244
193 244
196 244
199 244
205 244
207 244
227 244
229 244
233 244
236 244
3 245
9 245
12 245
19 245
22 245
31 245
41 245
42 245
43 245
47 245
52 245
63 245
65 245
68 245
76 245
81 245
85 245
86 245
101 245
115 245
126 245
133 245
136 245
153 245
169 245
172 245
174 245
185 245
188 245
193 245
210 245
221 245
225 245
226 245
3 246
16 246
22 246
33 246
40 246
48 246
49 246
52 246
54 246
58 246
59 246
60 246
64 246
71 246
73 246
78 246
84 246
95 246
96 246
106 246
117 246
119 246
123 246
128 246
133 246
138 246
139 246
143 246
146 246
152 246
154 246
155 246
157 246
158 246
164 246
169 246
172 246
175 246
178 246
180 246
186 246
188 246
192 246
195 246
210 246
213 246
215 246
228 246
234 246
238 246
5 247
7 247
10 247
16 247
17 247
24 247
29 247
32 247
36 247
41 247
47 247
60 247
67 247
69 247
70 247
81 247
83 247
88 247
92 247
100 247
103 247
104 247
119 247
126 247
127 247
144 247
148 247
151 247
153 247
156 247
164 247
178 247
181 247
202 247
204 247
212 247
213 247
218 247
221 247
237 247
242 247
0 248
1 248
14 248
16 248
19 248
38 248
46 248
56 248
57 248
65 248
66 248
72 248
74 248
86 248
89 248
90 248
91 248
96 248
99 248
111 248
115 248
118 248
126 248
128 248
132 248
133 248
145 248
148 248
161 248
162 248
163 248
164 248
166 248
180 248
183 248
186 248
206 248
231 248
233 248
238 248
242 248
2 249
5 249
6 249
14 249
16 249
18 249
24 249
25 249
31 249
32 249
37 249
38 249
45 249
48 249
49 249
55 249
62 249
68 249
72 249
73 249
80 249
88 249
89 249
90 249
95 249
97 249
113 249
119 249
123 249
130 249
138 249
143 249
147 249
158 249
173 249
180 249
181 249
206 249
212 249
215 249
221 249
224 249
226 249
235 249
238 249
241 249
4 250
12 250
18 250
21 250
23 250
24 250
32 250
48 250
50 250
54 250
59 250
71 250
81 250
82 250
91 250
98 250
106 250
112 250
115 250
123 250
132 250
136 250
139 250
140 250
148 250
149 250
157 250
164 250
165 250
166 250
167 250
178 250
181 250
230 250
231 250
235 250
240 250
243 250
4 251
18 251
21 251
24 251
31 251
37 251
38 251
54 251
58 251
69 251
71 251
77 251
82 251
84 251
95 251
103 251
104 251
115 251
118 251
119 251
120 251
129 251
131 251
171 251
175 251
184 251
189 251
192 251
197 251
200 251
215 251
219 251
227 251
233 251
238 251
239 251
241 251
2 252
12 252
21 252
37 252
45 252
55 252
58 252
72 252
76 252
79 252
97 252
100 252
106 252
109 252
111 252
113 252
117 252
118 252
121 252
123 252
126 252
131 252
132 252
139 252
142 252
144 252
152 252
153 252
168 252
179 252
183 252
187 252
190 252
195 252
216 252
224 252
235 252
239 252
241 252
243 252
4 253
6 253
13 253
15 253
33 253
37 253
38 253
47 253
48 253
51 253
52 253
53 253
54 253
56 253
61 253
69 253
70 253
71 253
72 253
79 253
81 253
83 253
84 253
89 253
90 253
96 253
101 253
105 253
115 253
121 253
126 253
128 253
129 253
130 253
136 253
143 253
144 253
150 253
154 253
163 253
167 253
174 253
191 253
197 253
202 253
203 253
211 253
214 253
216 253
219 253
222 253
228 253
231 253
233 253
239 253
2 254
4 254
5 254
10 254
14 254
23 254
28 254
30 254
32 254
55 254
57 254
62 254
67 254
69 254
75 254
76 254
79 254
90 254
102 254
108 254
110 254
112 254
113 254
114 254
115 254
119 254
122 254
123 254
129 254
133 254
134 254
135 254
141 254
149 254
150 254
157 254
159 254
172 254
174 254
175 254
178 254
179 254
183 254
184 254
186 254
192 254
197 254
200 254
201 254
206 254
240 254
241 254
5 255
15 255
20 255
25 255
27 255
33 255
50 255
52 255
54 255
60 255
80 255
81 255
83 255
95 255
96 255
97 255
108 255
111 255
113 255
121 255
129 255
130 255
131 255
136 255
137 255
140 255
153 255
159 255
164 255
177 255
181 255
182 255
191 255
202 255
208 255
209 255
211 255
220 255
228 255
229 255
231 255
232 255
234 255
237 255
2 256
7 256
17 256
22 256
24 256
62 256
71 256
73 256
82 256
93 256
103 256
106 256
110 256
114 256
118 256
123 256
125 256
134 256
140 256
143 256
144 256
148 256
155 256
162 256
168 256
174 256
190 256
205 256
206 256
222 256
227 256
238 256
242 256
1 257
3 257
5 257
10 257
14 257
17 257
18 257
21 257
27 257
29 257
35 257
40 257
41 257
43 257
44 257
47 257
48 257
58 257
64 257
68 257
86 257
89 257
90 257
93 257
100 257
101 257
103 257
107 257
111 257
112 257
124 257
143 257
144 257
146 257
151 257
152 257
156 257
167 257
190 257
193 257
194 257
203 257
205 257
223 257
226 257
230 257
238 257
239 257
242 257
243 257
9 258
11 258
12 258
16 258
37 258
40 258
52 258
56 258
57 258
58 258
63 258
66 258
69 258
71 258
75 258
83 258
94 258
95 258
106 258
107 258
114 258
118 258
123 258
132 258
141 258
145 258
150 258
154 258
155 258
157 258
160 258
175 258
183 258
185 258
190 258
213 258
214 258
216 258
226 258
228 258
232 258
236 258
238 258
11 259
20 259
24 259
42 259
45 259
53 259
54 259
62 259
70 259
78 259
86 259
87 259
89 259
97 259
105 259
106 259
108 259
111 259
113 259
114 259
116 259
128 259
129 259
130 259
131 259
132 259
134 259
141 259
143 259
148 259
163 259
174 259
178 259
179 259
184 259
189 259
190 259
205 259
209 259
211 259
215 259
220 259
222 259
233 259
235 259
239 259
240 259
241 259
246 259
251 259
10 260
25 260
47 260
49 260
52 260
53 260
54 260
56 260
61 260
67 260
79 260
81 260
83 260
86 260
88 260
90 260
97 260
104 260
106 260
118 260
121 260
122 260
123 260
146 260
148 260
149 260
156 260
162 260
175 260
176 260
186 260
187 260
192 260
194 260
195 260
196 260
203 260
207 260
213 260
214 260
215 260
217 260
218 260
228 260
230 260
235 260
236 260
244 260
249 260
250 260
1 261
4 261
9 261
14 261
25 261
26 261
28 261
29 261
30 261
31 261
44 261
52 261
53 261
68 261
73 261
77 261
80 261
82 261
87 261
91 261
94 261
104 261
106 261
111 261
113 261
114 261
117 261
120 261
123 261
126 261
129 261
130 261
138 261
141 261
142 261
167 261
169 261
175 261
178 261
180 261
181 261
182 261
189 261
192 261
195 261
198 261
200 261
207 261
213 261
227 261
235 261
248 261
252 261
4 262
13 262
16 262
18 262
24 262
25 262
31 262
46 262
48 262
51 262
54 262
56 262
57 262
65 262
69 262
73 262
93 262
108 262
117 262
121 262
122 262
124 262
128 262
145 262
147 262
151 262
160 262
162 262
173 262
181 262
186 262
194 262
202 262
205 262
206 262
229 262
231 262
239 262
252 262
255 262
257 262
6 263
8 263
10 263
13 263
14 263
17 263
31 263
35 263
36 263
41 263
44 263
46 263
48 263
50 263
55 263
58 263
59 263
68 263
71 263
96 263
97 263
102 263
103 263
113 263
118 263
119 263
120 263
124 263
137 263
138 263
150 263
151 263
168 263
175 263
201 263
219 263
228 263
246 263
0 264
4 264
6 264
7 264
8 264
11 264
12 264
25 264
35 264
38 264
40 264
42 264
46 264
66 264
68 264
85 264
86 264
87 264
90 264
92 264
109 264
118 264
123 264
125 264
131 264
135 264
139 264
153 264
157 264
159 264
160 264
167 264
177 264
182 264
185 264
194 264
195 264
198 264
203 264
207 264
216 264
217 264
224 264
228 264
236 264
239 264
241 264
247 264
250 264
251 264
256 264
5 265
19 265
32 265
41 265
47 265
52 265
60 265
61 265
66 265
67 265
68 265
69 265
75 265
76 265
81 265
83 265
88 265
91 265
99 265
102 265
106 265
109 265
114 265
122 265
136 265
137 265
160 265
167 265
168 265
174 265
178 265
190 265
197 265
199 265
200 265
206 265
217 265
237 265
238 265
250 265
255 265
256 265
257 265
0 266
4 266
5 266
6 266
7 266
14 266
17 266
19 266
27 266
39 266
44 266
45 266
53 266
63 266
77 266
91 266
92 266
94 266
100 266
103 266
104 266
112 266
113 266
121 266
124 266
126 266
128 266
130 266
132 266
161 266
168 266
172 266
173 266
174 266
180 266
186 266
189 266
190 266
197 266
200 266
202 266
203 266
204 266
205 266
211 266
219 266
224 266
231 266
240 266
242 266
244 266
246 266
251 266
254 266
256 266
2 267
3 267
13 267
21 267
22 267
29 267
35 267
37 267
50 267
52 267
57 267
64 267
83 267
84 267
101 267
108 267
110 267
112 267
114 267
116 267
124 267
125 267
127 267
138 267
139 267
141 267
157 267
159 267
162 267
166 267
175 267
177 267
178 267
188 267
190 267
191 267
194 267
200 267
203 267
213 267
216 267
222 267
231 267
240 267
241 267
245 267
248 267
254 267
256 267
258 267
7 268
9 268
12 268
18 268
24 268
26 268
30 268
36 268
43 268
45 268
51 268
55 268
56 268
61 268
70 268
72 268
83 268
85 268
93 268
102 268
111 268
117 268
125 268
126 268
130 268
132 268
134 268
149 268
152 268
160 268
164 268
178 268
180 268
192 268
194 268
212 268
215 268
222 268
224 268
227 268
230 268
239 268
246 268
254 268
261 268
2 269
20 269
24 269
32 269
36 269
37 269
43 269
56 269
60 269
71 269
79 269
98 269
99 269
100 269
102 269
106 269
109 269
112 269
114 269
129 269
133 269
141 269
149 269
160 269
177 269
180 269
187 269
191 269
192 269
194 269
198 269
211 269
221 269
225 269
237 269
238 269
242 269
243 269
249 269
4 270
16 270
37 270
38 270
40 270
41 270
47 270
53 270
54 270
55 270
60 270
61 270
76 270
86 270
93 270
95 270
111 270
114 270
115 270
125 270
132 270
137 270
140 270
148 270
158 270
162 270
163 270
165 270
169 270
173 270
175 270
180 270
186 270
189 270
204 270
205 270
215 270
221 270
223 270
234 270
237 270
241 270
250 270
4 271
9 271
12 271
14 271
15 271
18 271
23 271
32 271
44 271
45 271
47 271
51 271
55 271
59 271
61 271
69 271
72 271
75 271
76 271
80 271
82 271
93 271
101 271
102 271
106 271
111 271
114 271
134 271
143 271
144 271
148 271
152 271
164 271
167 271
178 271
189 271
190 271
193 271
200 271
203 271
206 271
215 271
227 271
228 271
232 271
233 271
237 271
239 271
242 271
248 271
254 271
259 271
261 271
264 271
6 272
16 272
24 272
27 272
28 272
29 272
51 272
52 272
68 272
76 272
83 272
84 272
97 272
101 272
107 272
117 272
118 272
127 272
129 272
146 272
152 272
159 272
165 272
167 272
168 272
178 272
184 272
188 272
197 272
204 272
212 272
215 272
216 272
227 272
231 272
234 272
239 272
241 272
244 272
250 272
251 272
258 272
262 272
264 272
0 273
8 273
11 273
15 273
18 273
26 273
38 273
41 273
48 273
58 273
60 273
61 273
66 273
77 273
81 273
84 273
89 273
102 273
106 273
108 273
110 273
113 273
117 273
118 273
123 273
132 273
133 273
141 273
144 273
148 273
151 273
157 273
158 273
159 273
161 273
163 273
174 273
183 273
185 273
190 273
193 273
204 273
208 273
212 273
218 273
225 273
226 273
236 273
240 273
258 273
260 273
262 273
263 273
264 273
269 273
270 273
1 274
5 274
12 274
17 274
33 274
41 274
47 274
53 274
66 274
75 274
76 274
83 274
88 274
98 274
108 274
125 274
129 274
132 274
134 274
139 274
152 274
155 274
156 274
160 274
181 274
186 274
191 274
199 274
209 274
226 274
227 274
232 274
246 274
257 274
262 274
267 274
270 274
2 275
4 275
5 275
8 275
9 275
20 275
25 275
28 275
32 275
34 275
39 275
40 275
44 275
49 275
52 275
61 275
68 275
72 275
73 275
86 275
95 275
101 275
102 275
103 275
104 275
106 275
107 275
109 275
110 275
117 275
129 275
130 275
136 275
143 275
146 275
152 275
154 275
172 275
175 275
185 275
194 275
214 275
215 275
225 275
227 275
231 275
237 275
255 275
256 275
263 275
268 275
272 275
4 276
12 276
16 276
18 276
25 276
31 276
35 276
36 276
38 276
43 276
50 276
55 276
56 276
61 276
76 276
79 276
83 276
88 276
89 276
95 276
96 276
99 276
108 276
109 276
112 276
122 276
129 276
136 276
140 276
147 276
148 276
150 276
153 276
159 276
173 276
174 276
175 276
185 276
188 276
194 276
202 276
212 276
221 276
222 276
225 276
226 276
240 276
244 276
248 276
251 276
255 276
268 276
270 276
6 277
7 277
11 277
18 277
22 277
28 277
29 277
34 277
39 277
43 277
45 277
47 277
58 277
63 277
69 277
72 277
89 277
99 277
102 277
108 277
111 277
113 277
125 277
133 277
143 277
145 277
150 277
157 277
159 277
160 277
168 277
182 277
183 277
189 277
196 277
201 277
202 277
210 277
217 277
220 277
222 277
224 277
227 277
231 277
232 277
239 277
242 277
245 277
248 277
250 277
252 277
255 277
262 277
266 277
269 277
1 278
3 278
18 278
23 278
24 278
25 278
28 278
30 278
48 278
59 278
68 278
77 278
79 278
97 278
99 278
104 278
110 278
114 278
119 278
123 278
125 278
129 278
132 278
140 278
150 278
155 278
169 278
174 278
177 278
181 278
183 278
184 278
190 278
191 278
193 278
195 278
199 278
200 278
202 278
205 278
209 278
214 278
220 278
222 278
223 278
230 278
232 278
236 278
245 278
250 278
253 278
259 278
264 278
270 278
272 278
0 279
5 279
8 279
17 279
18 279
22 279
28 279
29 279
31 279
32 279
34 279
35 279
46 279
48 279
49 279
58 279
64 279
67 279
73 279
79 279
85 279
87 279
91 279
103 279
108 279
111 279
114 279
121 279
122 279
125 279
127 279
128 279
130 279
140 279
143 279
145 279
151 279
152 279
154 279
157 279
158 279
162 279
176 279
180 279
182 279
184 279
208 279
211 279
218 279
220 279
221 279
233 279
253 279
264 279
265 279
272 279
1 280
3 280
5 280
7 280
14 280
27 280
28 280
37 280
38 280
40 280
43 280
46 280
52 280
60 280
66 280
71 280
86 280
90 280
92 280
99 280
108 280
110 280
115 280
117 280
126 280
133 280
143 280
144 280
145 280
149 280
153 280
156 280
159 280
167 280
173 280
182 280
183 280
187 280
192 280
199 280
207 280
235 280
238 280
240 280
246 280
247 280
255 280
271 280
0 281
3 281
6 281
8 281
10 281
12 281
20 281
23 281
24 281
34 281
35 281
37 281
42 281
43 281
47 281
51 281
53 281
57 281
58 281
60 281
70 281
74 281
76 281
79 281
87 281
88 281
99 281
104 281
107 281
109 281
126 281
133 281
147 281
157 281
162 281
168 281
182 281
188 281
198 281
204 281
207 281
210 281
219 281
221 281
222 281
224 281
234 281
236 281
237 281
248 281
249 281
250 281
257 281
272 281
2 282
7 282
12 282
15 282
24 282
26 282
28 282
30 282
33 282
41 282
49 282
54 282
58 282
67 282
69 282
73 282
74 282
85 282
93 282
96 282
106 282
111 282
112 282
114 282
118 282
121 282
123 282
133 282
144 282
146 282
147 282
149 282
151 282
152 282
153 282
155 282
162 282
169 282
173 282
175 282
183 282
186 282
205 282
207 282
208 282
215 282
220 282
224 282
225 282
233 282
235 282
238 282
247 282
252 282
256 282
262 282
265 282
267 282
18 283
19 283
24 283
26 283
31 283
34 283
35 283
39 283
42 283
43 283
57 283
59 283
68 283
73 283
81 283
91 283
103 283
107 283
111 283
121 283
124 283
127 283
162 283
167 283
175 283
180 283
191 283
203 283
207 283
212 283
218 283
236 283
239 283
243 283
250 283
251 283
261 283
263 283
264 283
269 283
2 284
5 284
15 284
18 284
28 284
36 284
43 284
53 284
70 284
73 284
76 284
82 284
84 284
102 284
105 284
106 284
111 284
114 284
117 284
119 284
131 284
137 284
139 284
143 284
146 284
150 284
157 284
158 284
163 284
167 284
168 284
179 284
187 284
193 284
202 284
211 284
214 284
219 284
222 284
226 284
233 284
235 284
236 284
247 284
248 284
255 284
264 284
265 284
268 284
0 285
10 285
13 285
14 285
27 285
31 285
37 285
40 285
44 285
46 285
51 285
64 285
69 285
79 285
87 285
97 285
104 285
107 285
108 285
110 285
111 285
112 285
114 285
117 285
118 285
120 285
127 285
128 285
129 285
131 285
133 285
134 285
137 285
139 285
142 285
146 285
152 285
155 285
166 285
168 285
172 285
175 285
179 285
181 285
190 285
200 285
202 285
215 285
224 285
226 285
227 285
233 285
245 285
250 285
256 285
261 285
264 285
269 285
8 286
9 286
13 286
20 286
25 286
27 286
28 286
30 286
37 286
41 286
47 286
63 286
64 286
71 286
75 286
76 286
89 286
94 286
95 286
113 286
117 286
123 286
130 286
132 286
133 286
136 286
153 286
160 286
167 286
174 286
176 286
182 286
202 286
207 286
217 286
220 286
248 286
253 286
260 286
261 286
268 286
273 286
274 286
285 286
1 287
3 287
13 287
17 287
21 287
22 287
44 287
46 287
51 287
56 287
59 287
62 287
91 287
100 287
106 287
111 287
121 287
144 287
147 287
150 287
154 287
155 287
156 287
159 287
164 287
172 287
173 287
181 287
182 287
195 287
196 287
210 287
213 287
223 287
225 287
237 287
241 287
251 287
254 287
260 287
267 287
270 287
271 287
285 287
1 288
6 288
14 288
18 288
21 288
24 288
33 288
34 288
36 288
41 288
49 288
50 288
54 288
59 288
62 288
72 288
73 288
84 288
88 288
94 288
95 288
100 288
103 288
120 288
123 288
125 288
131 288
133 288
141 288
146 288
154 288
156 288
162 288
163 288
164 288
165 288
168 288
169 288
174 288
178 288
195 288
200 288
208 288
214 288
215 288
216 288
222 288
224 288
226 288
233 288
243 288
253 288
256 288
257 288
8 289
14 289
16 289
28 289
34 289
37 289
45 289
50 289
52 289
54 289
56 289
60 289
69 289
72 289
75 289
82 289
85 289
89 289
106 289
107 289
116 289
118 289
119 289
124 289
138 289
140 289
142 289
143 289
146 289
152 289
163 289
165 289
170 289
173 289
174 289
175 289
177 289
189 289
191 289
193 289
228 289
234 289
241 289
249 289
250 289
252 289
263 289
280 289
0 290
3 290
19 290
27 290
37 290
40 290
45 290
51 290
55 290
61 290
69 290
74 290
79 290
80 290
84 290
86 290
87 290
92 290
93 290
94 290
98 290
101 290
104 290
112 290
116 290
123 290
125 290
137 290
141 290
152 290
153 290
165 290
169 290
173 290
178 290
189 290
195 290
197 290
202 290
204 290
206 290
210 290
213 290
218 290
222 290
228 290
238 290
239 290
241 290
242 290
262 290
266 290
273 290
276 290
278 290
282 290
283 290
19 291
31 291
32 291
47 291
58 291
60 291
62 291
65 291
70 291
74 291
77 291
88 291
100 291
101 291
105 291
106 291
123 291
126 291
137 291
140 291
142 291
143 291
144 291
148 291
151 291
155 291
157 291
158 291
165 291
166 291
174 291
177 291
192 291
194 291
197 291
202 291
223 291
224 291
233 291
235 291
239 291
244 291
247 291
249 291
256 291
259 291
274 291
279 291
5 292
7 292
8 292
12 292
13 292
14 292
22 292
28 292
29 292
36 292
38 292
43 292
46 292
61 292
63 292
68 292
73 292
82 292
88 292
92 292
96 292
101 292
108 292
110 292
113 292
118 292
132 292
141 292
151 292
156 292
159 292
171 292
180 292
182 292
185 292
204 292
205 292
208 292
213 292
237 292
240 292
247 292
249 292
253 292
257 292
271 292
273 292
276 292
280 292
9 293
10 293
17 293
18 293
19 293
26 293
29 293
32 293
42 293
43 293
47 293
48 293
51 293
54 293
56 293
57 293
62 293
65 293
68 293
73 293
82 293
89 293
94 293
98 293
99 293
116 293
131 293
132 293
134 293
144 293
152 293
156 293
164 293
168 293
170 293
190 293
191 293
196 293
207 293
211 293
216 293
220 293
221 293
222 293
226 293
240 293
247 293
255 293
257 293
262 293
266 293
272 293
283 293
2 294
3 294
4 294
5 294
17 294
34 294
49 294
62 294
63 294
85 294
88 294
97 294
99 294
106 294
108 294
128 294
135 294
158 294
159 294
162 294
165 294
180 294
183 294
185 294
194 294
201 294
202 294
203 294
208 294
217 294
220 294
222 294
224 294
228 294
231 294
232 294
235 294
236 294
246 294
252 294
254 294
267 294
268 294
278 294
282 294
8 295
20 295
27 295
44 295
52 295
56 295
59 295
65 295
67 295
87 295
89 295
135 295
148 295
150 295
152 295
155 295
166 295
169 295
172 295
176 295
189 295
193 295
198 295
204 295
226 295
228 295
233 295
236 295
239 295
245 295
260 295
261 295
263 295
288 295
16 296
24 296
27 296
28 296
38 296
46 296
52 296
78 296
83 296
84 296
96 296
102 296
105 296
118 296
123 296
126 296
129 296
139 296
142 296
146 296
149 296
153 296
173 296
183 296
198 296
203 296
209 296
212 296
217 296
225 296
236 296
244 296
250 296
257 296
270 296
276 296
279 296
282 296
290 296
9 297
15 297
16 297
17 297
53 297
58 297
60 297
61 297
68 297
75 297
76 297
77 297
91 297
92 297
94 297
99 297
101 297
103 297
106 297
108 297
121 297
123 297
125 297
127 297
140 297
145 297
148 297
149 297
156 297
157 297
158 297
163 297
164 297
165 297
166 297
169 297
172 297
179 297
181 297
182 297
188 297
196 297
199 297
202 297
203 297
213 297
214 297
215 297
220 297
222 297
232 297
234 297
239 297
242 297
253 297
254 297
255 297
260 297
262 297
274 297
277 297
284 297
15 298
16 298
22 298
23 298
27 298
29 298
31 298
37 298
38 298
39 298
43 298
45 298
46 298
47 298
58 298
63 298
65 298
77 298
83 298
92 298
106 298
110 298
131 298
135 298
139 298
155 298
160 298
162 298
164 298
168 298
177 298
179 298
182 298
185 298
188 298
189 298
191 298
193 298
199 298
202 298
210 298
213 298
216 298
218 298
219 298
220 298
222 298
225 298
227 298
229 298
234 298
235 298
245 298
248 298
249 298
250 298
256 298
258 298
270 298
275 298
276 298
1 299
6 299
9 299
10 299
14 299
31 299
40 299
42 299
43 299
47 299
58 299
59 299
63 299
73 299
83 299
97 299
100 299
102 299
104 299
108 299
109 299
110 299
113 299
115 299
118 299
120 299
126 299
127 299
133 299
134 299
135 299
137 299
140 299
144 299
156 299
157 299
158 299
164 299
169 299
178 299
181 299
184 299
190 299
195 299
198 299
200 299
202 299
205 299
210 299
212 299
226 299
227 299
229 299
247 299
249 299
257 299
262 299
271 299
281 299
291 299
