300 5839 5
5 4 6 6 3 6 6 6 6 5 5 5 4 5 6 7 5 6 4 5 5 7 5 6 6 7 5 8 4 7 5 4 5 6 4 7 7 6 6 6 7 6 4 4 6 7 5 6 5 6 7 5 4 4 7 7 7 5 5 6 6 5 5 6 6 6 7 5 8 6 6 6 5 7 6 6 5 7 4 6 5 6 5 8 6 7 5 7 6 4 6 5 5 6 5 6 6 7 7 4 6 6 4 6 6 6 6 6 7 6 4 6 5 5 6 5 7 6 6 6 8 5 5 7 7 6 6 5 6 5 5 5 5 5 5 5 5 7 6 6 5 6 7 6 5 5 6 5 5 6 4 4 5 5 5 6 6 5 5 6 6 3 4 5 5 4 6 4 6 6 6 6 5 6 6 8 5 6 4 7 4 5 5 5 8 6 6 6 6 4 4 8 5 7 5 5 4 6 6 6 6 6 5 7 4 4 6 5 6 6 6 6 5 6 5 7 5 4 7 6 8 4 6 7 6 6 6 7 5 5 5 4 5 5 5 5 4 5 7 5 5 6 5 6 6 5 5 5 5 4 6 6 7 6 5 5 6 6 6 3 4 4 5 4 6 4 5 5 5 6 6 5 6 8 7 5 4 6 6 4 4 5 7 6 5 5 6 5 5 5 4 5 5 5 6 4 5 5 6 6
6 10
2 11
1 12
8 13
13 14
7 15
4 16
12 16
11 17
0 18
5 18
8 18
1 19
14 20
1 21
2 22
3 22
6 22
9 22
15 22
19 22
3 23
4 23
10 23
12 23
13 23
1 24
4 24
6 24
0 25
9 26
19 26
2 27
4 27
8 27
9 27
11 27
13 27
21 27
24 27
12 28
18 28
24 28
0 29
1 29
3 29
7 29
10 29
14 29
12 30
2 31
12 31
8 32
10 32
24 32
14 33
16 33
0 34
3 34
6 34
16 34
21 34
12 35
14 35
19 35
20 35
24 35
15 36
16 36
21 36
10 37
11 37
20 37
36 37
2 38
17 38
22 38
30 38
31 38
0 39
6 39
8 39
19 39
28 39
33 39
34 39
35 39
9 40
20 40
21 40
31 40
32 40
0 41
3 42
5 42
14 42
21 42
27 42
35 42
17 43
22 43
34 43
18 44
30 44
35 44
6 45
8 45
18 45
20 45
24 45
35 45
13 46
14 46
18 46
20 46
31 46
41 46
42 46
45 46
1 47
8 47
18 47
19 47
34 47
39 47
41 47
44 47
26 48
30 48
32 48
37 48
39 48
5 49
9 49
12 49
25 49
28 49
37 49
1 50
19 50
22 50
39 50
0 51
11 51
13 51
16 51
23 51
31 51
34 51
36 51
39 51
45 51
4 52
6 52
7 52
12 52
38 52
42 52
45 52
10 53
22 53
26 53
35 53
36 53
11 54
14 54
17 54
25 54
26 54
31 54
34 54
3 55
13 55
23 55
26 55
43 55
44 55
46 55
51 55
4 56
26 56
36 56
6 57
9 57
17 57
21 57
39 57
43 57
50 57
51 57
12 58
23 58
37 58
47 58
52 58
5 59
9 59
13 59
14 59
16 59
26 59
27 59
31 59
47 59
12 60
13 60
22 60
33 60
36 60
46 60
51 60
3 61
6 61
8 61
16 61
20 61
22 61
34 61
36 61
44 61
10 62
13 62
21 62
22 62
33 62
38 62
39 62
41 62
43 62
5 63
10 63
26 63
36 63
42 63
54 63
1 64
9 64
17 64
27 64
28 64
49 64
53 64
7 65
16 65
28 65
32 65
38 65
43 65
52 65
54 65
19 66
25 66
51 66
53 66
1 67
2 67
4 67
10 67
11 67
21 67
22 67
36 67
55 67
1 68
8 68
26 68
31 68
35 68
43 68
44 68
47 68
48 68
61 68
63 68
11 69
13 69
17 69
18 69
27 69
28 69
30 69
34 69
40 69
46 69
48 69
57 69
63 69
9 70
10 70
12 70
14 70
17 70
24 70
49 70
54 70
59 70
63 70
4 71
7 71
13 71
22 71
23 71
53 71
56 71
2 72
7 72
19 72
25 72
37 72
38 72
40 72
42 72
55 72
63 72
3 73
6 73
9 73
17 73
24 73
45 73
52 73
59 73
1 74
13 74
35 74
38 74
53 74
55 74
57 74
1 75
2 75
14 75
24 75
36 75
49 75
57 75
61 75
4 76
15 76
30 76
31 76
35 76
37 76
38 76
41 76
45 76
48 76
60 76
61 76
9 77
13 77
23 77
31 77
33 77
42 77
51 77
55 77
10 78
29 78
40 78
46 78
52 78
54 78
58 78
3 79
13 79
20 79
22 79
27 79
29 79
31 79
36 79
37 79
41 79
46 79
52 79
53 79
62 79
0 80
5 80
8 80
9 80
12 80
17 80
30 80
38 80
43 80
52 80
55 80
57 80
5 81
9 81
11 81
13 81
21 81
22 81
24 81
25 81
42 81
59 81
62 81
63 81
1 82
6 82
8 82
9 82
14 82
15 82
18 82
24 82
25 82
28 82
32 82
35 82
42 82
44 82
63 82
2 83
9 83
10 83
25 83
27 83
34 83
40 83
41 83
45 83
63 83
65 83
2 84
3 84
9 84
13 84
23 84
32 84
35 84
38 84
41 84
49 84
65 84
14 85
25 85
36 85
51 85
55 85
60 85
79 85
82 85
14 86
15 86
17 86
44 86
54 86
55 86
56 86
58 86
63 86
70 86
76 86
78 86
52 87
75 87
1 88
3 88
4 88
9 88
13 88
21 88
23 88
34 88
38 88
43 88
44 88
45 88
63 88
72 88
74 88
84 88
6 89
9 89
15 89
18 89
25 89
26 89
28 89
37 89
43 89
44 89
69 89
4 90
34 90
39 90
56 90
63 90
72 90
79 90
16 91
25 91
31 91
36 91
51 91
59 91
79 91
84 91
1 92
21 92
23 92
31 92
36 92
39 92
41 92
43 92
53 92
73 92
77 92
0 93
6 93
14 93
15 93
17 93
18 93
20 93
37 93
43 93
46 93
49 93
54 93
56 93
58 93
59 93
60 93
69 93
76 93
78 93
81 93
83 93
84 93
9 94
13 94
27 94
29 94
47 94
66 94
76 94
79 94
80 94
87 94
89 94
37 95
39 95
54 95
61 95
62 95
66 95
68 95
72 95
82 95
88 95
89 95
91 95
1 96
2 96
9 96
16 96
18 96
24 96
37 96
39 96
51 96
52 96
60 96
65 96
75 96
78 96
81 96
84 96
2 97
5 97
21 97
26 97
30 97
38 97
44 97
49 97
58 97
66 97
86 97
87 97
88 97
9 98
29 98
32 98
44 98
46 98
52 98
57 98
71 98
77 98
86 98
87 98
88 98
92 98
4 99
22 99
27 99
28 99
29 99
52 99
53 99
57 99
61 99
66 99
80 99
90 99
0 100
6 100
8 100
13 100
20 100
21 100
25 100
29 100
31 100
32 100
49 100
50 100
61 100
65 100
66 100
81 100
86 100
6 101
18 101
19 101
35 101
40 101
42 101
49 101
54 101
57 101
61 101
64 101
65 101
67 101
72 101
76 101
79 101
89 101
1 102
5 102
8 102
9 102
10 102
15 102
16 102
21 102
25 102
37 102
49 102
51 102
62 102
63 102
66 102
68 102
85 102
90 102
100 102
2 103
20 103
31 103
33 103
34 103
37 103
42 103
47 103
75 103
81 103
84 103
85 103
10 104
15 104
20 104
27 104
31 104
41 104
43 104
44 104
54 104
57 104
59 104
65 104
69 104
89 104
90 104
92 104
2 105
6 105
7 105
14 105
26 105
29 105
35 105
38 105
41 105
47 105
53 105
59 105
73 105
76 105
77 105
82 105
88 105
89 105
100 105
9 106
13 106
16 106
21 106
28 106
29 106
35 106
44 106
51 106
54 106
55 106
61 106
65 106
67 106
80 106
89 106
94 106
95 106
11 107
12 107
18 107
22 107
30 107
33 107
39 107
42 107
43 107
63 107
67 107
69 107
71 107
81 107
85 107
87 107
90 107
92 107
93 107
96 107
2 108
21 108
48 108
50 108
52 108
55 108
57 108
60 108
61 108
80 108
91 108
100 108
4 109
22 109
26 109
34 109
43 109
49 109
51 109
54 109
60 109
63 109
71 109
74 109
76 109
79 109
85 109
10 110
17 110
22 110
38 110
45 110
55 110
82 110
96 110
1 111
11 111
15 111
35 111
36 111
53 111
59 111
62 111
73 111
81 111
90 111
92 111
3 112
9 112
17 112
25 112
31 112
56 112
72 112
93 112
94 112
100 112
106 112
8 113
17 113
46 113
52 113
60 113
65 113
67 113
68 113
69 113
77 113
78 113
93 113
97 113
104 113
107 113
16 114
18 114
24 114
42 114
48 114
53 114
55 114
60 114
69 114
71 114
94 114
109 114
111 114
12 115
18 115
38 115
65 115
68 115
73 115
89 115
90 115
91 115
103 115
1 116
16 116
19 116
26 116
31 116
45 116
46 116
66 116
76 116
84 116
104 116
107 116
4 117
5 117
32 117
44 117
47 117
59 117
60 117
65 117
67 117
78 117
87 117
90 117
95 117
106 117
19 118
29 118
47 118
53 118
56 118
60 118
64 118
67 118
75 118
84 118
102 118
106 118
13 119
32 119
34 119
42 119
45 119
46 119
62 119
65 119
67 119
77 119
108 119
109 119
111 119
10 120
21 120
35 120
45 120
51 120
52 120
66 120
79 120
94 120
12 121
19 121
28 121
44 121
50 121
55 121
59 121
61 121
64 121
69 121
70 121
74 121
82 121
92 121
109 121
6 122
14 122
22 122
34 122
38 122
43 122
45 122
51 122
58 122
68 122
77 122
23 123
26 123
29 123
30 123
33 123
41 123
47 123
55 123
57 123
60 123
65 123
69 123
70 123
91 123
97 123
99 123
103 123
106 123
111 123
14 124
18 124
21 124
41 124
43 124
45 124
50 124
68 124
85 124
89 124
99 124
109 124
111 124
9 125
20 125
34 125
35 125
46 125
53 125
55 125
59 125
64 125
76 125
84 125
5 126
7 126
13 126
19 126
32 126
38 126
50 126
61 126
78 126
82 126
84 126
85 126
89 126
91 126
95 126
98 126
101 126
5 127
9 127
10 127
14 127
20 127
26 127
32 127
33 127
36 127
63 127
70 127
75 127
83 127
87 127
90 127
92 127
93 127
95 127
96 127
99 127
103 127
114 127
123 127
11 128
19 128
21 128
27 128
29 128
40 128
47 128
56 128
59 128
61 128
70 128
73 128
76 128
77 128
80 128
81 128
89 128
95 128
116 128
4 129
8 129
14 129
15 129
20 129
39 129
51 129
58 129
62 129
65 129
87 129
94 129
114 129
115 129
118 129
122 129
0 130
20 130
29 130
32 130
37 130
43 130
64 130
75 130
83 130
85 130
97 130
101 130
108 130
113 130
119 130
1 131
6 131
23 131
37 131
41 131
54 131
61 131
67 131
77 131
80 131
85 131
86 131
119 131
122 131
123 131
124 131
0 132
8 132
19 132
22 132
28 132
30 132
39 132
44 132
48 132
49 132
53 132
54 132
55 132
58 132
68 132
75 132
90 132
103 132
105 132
109 132
111 132
0 133
7 133
13 133
16 133
22 133
39 133
41 133
43 133
45 133
47 133
49 133
50 133
54 133
55 133
61 133
74 133
77 133
80 133
81 133
82 133
85 133
87 133
94 133
104 133
120 133
130 133
6 134
8 134
18 134
26 134
59 134
62 134
66 134
80 134
85 134
94 134
95 134
97 134
105 134
106 134
108 134
114 134
121 134
124 134
3 135
14 135
19 135
20 135
21 135
28 135
35 135
39 135
42 135
60 135
84 135
112 135
18 136
50 136
51 136
57 136
58 136
71 136
75 136
86 136
87 136
97 136
101 136
104 136
105 136
106 136
107 136
119 136
122 136
127 136
13 137
45 137
59 137
88 137
91 137
93 137
94 137
96 137
117 137
129 137
4 138
6 138
14 138
20 138
26 138
37 138
40 138
57 138
67 138
68 138
69 138
71 138
82 138
95 138
97 138
98 138
103 138
107 138
110 138
119 138
130 138
13 139
16 139
18 139
26 139
27 139
33 139
39 139
46 139
48 139
50 139
51 139
57 139
59 139
61 139
66 139
77 139
82 139
83 139
90 139
91 139
97 139
100 139
103 139
104 139
125 139
128 139
19 140
33 140
40 140
41 140
44 140
45 140
58 140
59 140
71 140
75 140
76 140
77 140
78 140
91 140
110 140
111 140
122 140
129 140
131 140
134 140
135 140
137 140
8 141
34 141
44 141
50 141
56 141
58 141
59 141
61 141
68 141
74 141
79 141
85 141
96 141
101 141
105 141
108 141
115 141
119 141
122 141
123 141
125 141
1 142
4 142
8 142
9 142
15 142
27 142
29 142
36 142
37 142
39 142
40 142
44 142
52 142
54 142
59 142
74 142
76 142
77 142
79 142
100 142
103 142
114 142
115 142
124 142
134 142
4 143
7 143
10 143
19 143
22 143
26 143
27 143
32 143
36 143
42 143
46 143
50 143
59 143
63 143
78 143
85 143
106 143
107 143
117 143
120 143
121 143
135 143
33 144
57 144
62 144
78 144
96 144
108 144
115 144
137 144
1 145
5 145
6 145
47 145
53 145
73 145
83 145
87 145
92 145
93 145
107 145
108 145
124 145
128 145
129 145
132 145
137 145
3 146
6 146
8 146
9 146
11 146
21 146
24 146
27 146
37 146
40 146
47 146
52 146
58 146
64 146
70 146
74 146
85 146
91 146
94 146
95 146
96 146
101 146
102 146
111 146
119 146
125 146
127 146
129 146
132 146
2 147
4 147
12 147
17 147
21 147
34 147
41 147
55 147
70 147
76 147
83 147
89 147
102 147
114 147
129 147
134 147
144 147
146 147
0 148
9 148
15 148
16 148
27 148
38 148
54 148
57 148
58 148
59 148
64 148
80 148
95 148
97 148
98 148
99 148
102 148
103 148
104 148
116 148
117 148
130 148
137 148
140 148
2 149
5 149
16 149
27 149
42 149
53 149
75 149
81 149
82 149
84 149
90 149
97 149
100 149
104 149
105 149
109 149
112 149
122 149
139 149
141 149
0 150
33 150
34 150
37 150
48 150
51 150
56 150
67 150
70 150
86 150
87 150
89 150
91 150
125 150
132 150
134 150
2 151
6 151
19 151
25 151
41 151
57 151
67 151
68 151
77 151
82 151
107 151
113 151
119 151
136 151
0 152
23 152
30 152
32 152
37 152
45 152
46 152
63 152
66 152
92 152
93 152
95 152
104 152
129 152
132 152
136 152
144 152
3 153
9 153
23 153
25 153
26 153
35 153
61 153
69 153
70 153
74 153
80 153
82 153
87 153
89 153
94 153
97 153
101 153
115 153
122 153
126 153
133 153
140 153
3 154
7 154
10 154
20 154
24 154
54 154
60 154
66 154
68 154
69 154
84 154
86 154
104 154
106 154
112 154
117 154
142 154
145 154
1 155
2 155
8 155
13 155
23 155
31 155
43 155
45 155
47 155
48 155
54 155
59 155
75 155
82 155
84 155
86 155
90 155
99 155
106 155
112 155
126 155
132 155
140 155
145 155
8 156
9 156
19 156
21 156
55 156
58 156
62 156
63 156
67 156
78 156
93 156
99 156
108 156
121 156
137 156
138 156
140 156
1 157
11 157
20 157
30 157
32 157
62 157
64 157
65 157
67 157
72 157
80 157
89 157
104 157
116 157
121 157
125 157
128 157
133 157
135 157
141 157
145 157
22 158
33 158
37 158
84 158
85 158
88 158
102 158
104 158
109 158
110 158
129 158
136 158
138 158
0 159
36 159
42 159
45 159
52 159
55 159
58 159
67 159
69 159
72 159
79 159
88 159
93 159
116 159
117 159
127 159
138 159
8 160
17 160
23 160
25 160
27 160
30 160
31 160
35 160
40 160
42 160
44 160
46 160
48 160
55 160
62 160
64 160
74 160
80 160
84 160
95 160
120 160
125 160
130 160
134 160
137 160
143 160
8 161
9 161
14 161
15 161
19 161
26 161
31 161
33 161
48 161
54 161
56 161
80 161
84 161
88 161
89 161
90 161
98 161
107 161
111 161
124 161
126 161
2 162
29 162
32 162
45 162
49 162
53 162
57 162
62 162
67 162
69 162
80 162
91 162
92 162
96 162
102 162
103 162
109 162
120 162
0 163
15 163
17 163
18 163
23 163
41 163
42 163
43 163
61 163
74 163
81 163
89 163
112 163
127 163
132 163
144 163
7 164
18 164
19 164
20 164
23 164
27 164
30 164
32 164
34 164
35 164
39 164
57 164
69 164
70 164
77 164
84 164
87 164
90 164
96 164
98 164
111 164
133 164
135 164
136 164
140 164
146 164
148 164
149 164
151 164
154 164
5 165
7 165
14 165
19 165
28 165
31 165
36 165
76 165
81 165
82 165
87 165
95 165
96 165
104 165
120 165
130 165
135 165
144 165
152 165
7 166
13 166
15 166
22 166
72 166
76 166
93 166
99 166
102 166
103 166
110 166
121 166
124 166
127 166
131 166
141 166
143 166
148 166
151 166
154 166
7 167
8 167
17 167
29 167
33 167
42 167
53 167
55 167
67 167
68 167
75 167
79 167
90 167
95 167
96 167
103 167
107 167
109 167
119 167
134 167
146 167
150 167
152 167
155 167
157 167
161 167
162 167
163 167
4 168
6 168
7 168
15 168
18 168
28 168
31 168
50 168
57 168
68 168
69 168
70 168
83 168
88 168
98 168
103 168
125 168
137 168
141 168
150 168
157 168
3 169
8 169
13 169
17 169
34 169
35 169
38 169
47 169
55 169
59 169
71 169
74 169
92 169
100 169
101 169
104 169
111 169
126 169
131 169
135 169
142 169
155 169
3 170
4 170
7 170
15 170
17 170
36 170
50 170
55 170
57 170
73 170
84 170
90 170
100 170
101 170
117 170
121 170
125 170
145 170
150 170
151 170
159 170
3 171
13 171
18 171
21 171
29 171
46 171
61 171
64 171
73 171
77 171
90 171
116 171
136 171
139 171
145 171
157 171
160 171
1 172
22 172
30 172
31 172
36 172
40 172
44 172
47 172
56 172
57 172
62 172
66 172
80 172
82 172
90 172
92 172
93 172
97 172
100 172
102 172
110 172
117 172
118 172
119 172
122 172
130 172
131 172
132 172
139 172
150 172
159 172
11 173
13 173
15 173
16 173
20 173
24 173
31 173
38 173
48 173
49 173
50 173
55 173
59 173
64 173
67 173
88 173
90 173
112 173
120 173
124 173
132 173
150 173
155 173
171 173
1 174
21 174
22 174
41 174
50 174
54 174
71 174
86 174
98 174
103 174
107 174
118 174
119 174
120 174
123 174
130 174
144 174
157 174
158 174
7 175
11 175
17 175
19 175
55 175
59 175
65 175
67 175
72 175
80 175
110 175
120 175
124 175
143 175
157 175
158 175
5 176
17 176
23 176
25 176
32 176
36 176
41 176
45 176
57 176
66 176
70 176
78 176
102 176
114 176
122 176
129 176
152 176
156 176
161 176
165 176
168 176
0 177
5 177
16 177
27 177
35 177
47 177
51 177
75 177
77 177
85 177
91 177
94 177
104 177
111 177
137 177
139 177
144 177
153 177
157 177
161 177
167 177
168 177
171 177
2 178
13 178
15 178
17 178
19 178
23 178
35 178
36 178
55 178
57 178
64 178
72 178
88 178
98 178
105 178
131 178
132 178
139 178
146 178
148 178
162 178
163 178
165 178
172 178
8 179
10 179
12 179
15 179
17 179
18 179
20 179
22 179
24 179
25 179
37 179
44 179
58 179
68 179
75 179
83 179
95 179
100 179
110 179
136 179
146 179
149 179
150 179
160 179
6 180
9 180
18 180
33 180
50 180
56 180
64 180
71 180
106 180
115 180
121 180
148 180
149 180
152 180
157 180
159 180
165 180
170 180
172 180
6 181
13 181
27 181
29 181
34 181
35 181
43 181
61 181
63 181
65 181
73 181
77 181
80 181
89 181
90 181
98 181
104 181
111 181
120 181
148 181
160 181
167 181
11 182
18 182
30 182
47 182
48 182
57 182
63 182
73 182
82 182
89 182
99 182
104 182
113 182
125 182
154 182
163 182
165 182
167 182
16 183
20 183
21 183
25 183
30 183
34 183
37 183
39 183
45 183
54 183
65 183
68 183
71 183
72 183
81 183
85 183
86 183
90 183
95 183
100 183
110 183
112 183
114 183
129 183
156 183
172 183
14 184
19 184
27 184
45 184
47 184
72 184
75 184
78 184
82 184
85 184
94 184
113 184
114 184
131 184
132 184
143 184
147 184
158 184
159 184
167 184
0 185
4 185
11 185
21 185
23 185
43 185
55 185
63 185
87 185
92 185
99 185
108 185
111 185
124 185
130 185
152 185
157 185
167 185
26 186
40 186
60 186
71 186
75 186
77 186
78 186
81 186
84 186
94 186
95 186
99 186
109 186
112 186
115 186
126 186
179 186
183 186
1 187
4 187
10 187
30 187
35 187
36 187
43 187
50 187
66 187
79 187
84 187
106 187
111 187
119 187
123 187
133 187
135 187
151 187
153 187
154 187
160 187
166 187
173 187
17 188
18 188
30 188
42 188
44 188
45 188
53 188
68 188
74 188
75 188
77 188
78 188
85 188
87 188
97 188
121 188
130 188
133 188
134 188
140 188
141 188
144 188
145 188
146 188
152 188
172 188
179 188
180 188
5 189
6 189
8 189
12 189
14 189
27 189
32 189
41 189
46 189
48 189
54 189
64 189
81 189
88 189
89 189
93 189
96 189
102 189
136 189
142 189
146 189
159 189
165 189
166 189
174 189
17 190
30 190
34 190
41 190
47 190
53 190
55 190
58 190
63 190
68 190
70 190
74 190
103 190
105 190
113 190
120 190
125 190
132 190
134 190
138 190
142 190
146 190
159 190
168 190
174 190
185 190
1 191
31 191
33 191
37 191
41 191
45 191
55 191
56 191
66 191
67 191
73 191
85 191
94 191
99 191
113 191
115 191
121 191
125 191
126 191
135 191
138 191
139 191
144 191
157 191
158 191
168 191
176 191
184 191
8 192
17 192
27 192
45 192
59 192
62 192
91 192
99 192
117 192
123 192
124 192
141 192
146 192
149 192
156 192
164 192
172 192
12 193
16 193
20 193
24 193
30 193
31 193
32 193
49 193
50 193
52 193
55 193
57 193
72 193
75 193
80 193
84 193
89 193
90 193
95 193
99 193
112 193
118 193
119 193
120 193
121 193
124 193
151 193
168 193
169 193
181 193
184 193
4 194
13 194
21 194
23 194
41 194
48 194
68 194
70 194
73 194
78 194
82 194
93 194
111 194
113 194
114 194
116 194
119 194
131 194
167 194
176 194
184 194
185 194
6 195
12 195
15 195
20 195
21 195
33 195
34 195
50 195
54 195
67 195
70 195
71 195
86 195
90 195
104 195
116 195
138 195
173 195
176 195
178 195
180 195
1 196
6 196
9 196
24 196
25 196
32 196
44 196
46 196
50 196
51 196
54 196
57 196
59 196
62 196
74 196
75 196
76 196
79 196
91 196
94 196
95 196
105 196
107 196
108 196
112 196
119 196
130 196
6 197
21 197
28 197
30 197
33 197
44 197
48 197
59 197
60 197
61 197
65 197
70 197
78 197
82 197
92 197
95 197
103 197
104 197
108 197
118 197
125 197
156 197
163 197
164 197
168 197
184 197
2 198
14 198
37 198
43 198
47 198
49 198
60 198
66 198
74 198
77 198
80 198
82 198
88 198
90 198
105 198
108 198
125 198
132 198
135 198
167 198
175 198
184 198
0 199
1 199
24 199
29 199
35 199
40 199
58 199
76 199
79 199
81 199
88 199
93 199
101 199
105 199
107 199
128 199
136 199
143 199
144 199
148 199
156 199
161 199
165 199
166 199
167 199
173 199
185 199
5 200
17 200
33 200
34 200
48 200
51 200
59 200
63 200
74 200
78 200
83 200
88 200
111 200
116 200
118 200
123 200
124 200
127 200
133 200
134 200
137 200
140 200
142 200
143 200
146 200
154 200
164 200
172 200
175 200
177 200
179 200
181 200
182 200
5 201
7 201
14 201
21 201
24 201
29 201
37 201
38 201
46 201
49 201
56 201
59 201
67 201
68 201
77 201
81 201
106 201
111 201
130 201
141 201
144 201
145 201
146 201
148 201
164 201
177 201
185 201
7 202
12 202
15 202
23 202
29 202
32 202
44 202
46 202
62 202
66 202
76 202
92 202
93 202
97 202
98 202
101 202
104 202
112 202
114 202
115 202
121 202
123 202
131 202
135 202
136 202
165 202
170 202
181 202
192 202
195 202
196 202
198 202
7 203
19 203
22 203
23 203
27 203
29 203
34 203
45 203
48 203
50 203
55 203
57 203
64 203
70 203
79 203
86 203
89 203
90 203
93 203
102 203
104 203
112 203
116 203
127 203
169 203
178 203
181 203
182 203
184 203
192 203
194 203
199 203
7 204
9 204
11 204
14 204
16 204
23 204
26 204
28 204
30 204
53 204
70 204
72 204
74 204
80 204
87 204
128 204
129 204
131 204
132 204
143 204
149 204
157 204
162 204
174 204
182 204
188 204
189 204
195 204
197 204
0 205
5 205
13 205
56 205
75 205
77 205
80 205
82 205
85 205
87 205
88 205
91 205
93 205
94 205
100 205
120 205
121 205
123 205
128 205
134 205
147 205
153 205
158 205
165 205
171 205
184 205
198 205
199 205
16 206
21 206
33 206
39 206
44 206
49 206
66 206
77 206
86 206
112 206
114 206
116 206
118 206
120 206
122 206
126 206
130 206
139 206
142 206
145 206
151 206
162 206
164 206
171 206
190 206
34 207
46 207
60 207
75 207
81 207
84 207
89 207
101 207
116 207
129 207
132 207
141 207
155 207
158 207
167 207
176 207
177 207
193 207
14 208
18 208
19 208
29 208
40 208
42 208
52 208
64 208
85 208
91 208
92 208
98 208
106 208
117 208
123 208
124 208
147 208
154 208
159 208
161 208
165 208
167 208
179 208
181 208
190 208
201 208
0 209
2 209
5 209
7 209
24 209
41 209
46 209
47 209
53 209
67 209
77 209
80 209
81 209
89 209
93 209
115 209
139 209
141 209
143 209
152 209
168 209
180 209
196 209
3 210
19 210
21 210
27 210
29 210
45 210
51 210
56 210
57 210
61 210
66 210
69 210
79 210
85 210
86 210
97 210
120 210
126 210
156 210
173 210
187 210
1 211
5 211
10 211
12 211
17 211
22 211
30 211
33 211
38 211
44 211
55 211
74 211
77 211
78 211
82 211
84 211
89 211
95 211
118 211
125 211
133 211
135 211
137 211
141 211
152 211
158 211
160 211
163 211
170 211
179 211
182 211
184 211
188 211
204 211
1 212
12 212
19 212
22 212
39 212
48 212
49 212
53 212
55 212
56 212
66 212
68 212
75 212
82 212
87 212
102 212
114 212
117 212
129 212
131 212
140 212
149 212
151 212
153 212
157 212
161 212
162 212
172 212
176 212
177 212
186 212
201 212
1 213
7 213
8 213
9 213
22 213
28 213
33 213
37 213
38 213
45 213
51 213
70 213
73 213
87 213
91 213
105 213
106 213
113 213
125 213
148 213
188 213
191 213
193 213
198 213
206 213
1 214
2 214
11 214
35 214
37 214
39 214
52 214
53 214
56 214
61 214
63 214
68 214
74 214
81 214
92 214
93 214
98 214
99 214
100 214
101 214
115 214
117 214
119 214
120 214
132 214
133 214
134 214
136 214
152 214
153 214
157 214
161 214
163 214
172 214
188 214
189 214
193 214
201 214
208 214
7 215
13 215
26 215
27 215
29 215
33 215
43 215
44 215
49 215
55 215
65 215
77 215
79 215
81 215
83 215
102 215
116 215
127 215
129 215
139 215
148 215
150 215
178 215
180 215
183 215
186 215
187 215
5 216
36 216
48 216
50 216
54 216
64 216
82 216
86 216
93 216
99 216
100 216
104 216
124 216
130 216
144 216
158 216
183 216
190 216
193 216
194 216
199 216
204 216
4 217
10 217
29 217
36 217
37 217
54 217
55 217
56 217
63 217
65 217
83 217
84 217
93 217
102 217
107 217
108 217
130 217
131 217
135 217
138 217
169 217
187 217
190 217
196 217
14 218
23 218
25 218
29 218
35 218
40 218
47 218
54 218
55 218
57 218
58 218
74 218
80 218
85 218
90 218
92 218
99 218
122 218
127 218
131 218
132 218
137 218
148 218
193 218
197 218
13 219
19 219
27 219
52 219
58 219
60 219
63 219
68 219
79 219
87 219
92 219
112 219
119 219
133 219
137 219
141 219
148 219
152 219
164 219
166 219
200 219
201 219
202 219
210 219
4 220
9 220
14 220
16 220
17 220
20 220
30 220
34 220
53 220
54 220
77 220
93 220
96 220
97 220
101 220
111 220
115 220
132 220
145 220
150 220
151 220
157 220
163 220
165 220
166 220
178 220
181 220
182 220
184 220
186 220
3 221
7 221
10 221
16 221
25 221
46 221
61 221
65 221
71 221
83 221
102 221
103 221
104 221
106 221
111 221
114 221
118 221
120 221
131 221
133 221
139 221
140 221
144 221
153 221
164 221
181 221
191 221
195 221
0 222
4 222
8 222
14 222
31 222
39 222
46 222
58 222
62 222
64 222
82 222
83 222
85 222
93 222
109 222
124 222
128 222
130 222
131 222
133 222
145 222
149 222
164 222
167 222
172 222
174 222
178 222
180 222
185 222
198 222
208 222
210 222
211 222
214 222
1 223
4 223
6 223
19 223
21 223
27 223
29 223
33 223
35 223
38 223
43 223
57 223
58 223
76 223
77 223
79 223
84 223
95 223
101 223
103 223
115 223
127 223
131 223
132 223
150 223
161 223
170 223
177 223
189 223
190 223
196 223
197 223
201 223
206 223
207 223
214 223
219 223
2 224
12 224
18 224
20 224
31 224
33 224
46 224
50 224
62 224
67 224
74 224
82 224
86 224
93 224
98 224
102 224
109 224
116 224
122 224
123 224
124 224
133 224
149 224
151 224
163 224
167 224
170 224
185 224
198 224
206 224
207 224
212 224
215 224
220 224
7 225
9 225
11 225
18 225
20 225
24 225
30 225
39 225
65 225
67 225
71 225
75 225
86 225
87 225
89 225
91 225
92 225
95 225
101 225
108 225
119 225
121 225
138 225
149 225
155 225
163 225
164 225
167 225
171 225
175 225
185 225
193 225
197 225
199 225
205 225
207 225
214 225
5 226
17 226
21 226
28 226
33 226
51 226
55 226
97 226
103 226
114 226
125 226
128 226
143 226
149 226
164 226
168 226
170 226
174 226
176 226
196 226
204 226
205 226
206 226
213 226
214 226
217 226
218 226
219 226
220 226
221 226
3 227
4 227
7 227
8 227
18 227
37 227
72 227
74 227
75 227
82 227
83 227
106 227
116 227
122 227
128 227
152 227
160 227
167 227
178 227
180 227
183 227
184 227
186 227
191 227
193 227
199 227
203 227
210 227
3 228
4 228
5 228
6 228
7 228
14 228
36 228
46 228
54 228
85 228
89 228
98 228
107 228
112 228
117 228
125 228
143 228
146 228
182 228
185 228
203 228
214 228
2 229
3 229
8 229
15 229
21 229
22 229
45 229
59 229
67 229
73 229
83 229
87 229
91 229
92 229
93 229
102 229
113 229
129 229
137 229
139 229
141 229
170 229
186 229
188 229
189 229
193 229
204 229
205 229
6 230
11 230
21 230
23 230
24 230
28 230
31 230
40 230
42 230
44 230
48 230
50 230
51 230
68 230
71 230
78 230
84 230
87 230
89 230
92 230
102 230
103 230
107 230
131 230
132 230
133 230
138 230
159 230
166 230
170 230
171 230
174 230
179 230
185 230
198 230
200 230
203 230
214 230
216 230
221 230
3 231
8 231
26 231
27 231
35 231
36 231
39 231
40 231
41 231
49 231
55 231
68 231
69 231
86 231
89 231
90 231
91 231
93 231
99 231
104 231
116 231
122 231
140 231
143 231
150 231
179 231
180 231
188 231
193 231
198 231
201 231
203 231
208 231
0 232
8 232
13 232
19 232
21 232
24 232
26 232
36 232
40 232
50 232
55 232
57 232
62 232
63 232
72 232
78 232
83 232
94 232
95 232
98 232
106 232
113 232
114 232
122 232
142 232
155 232
157 232
189 232
191 232
205 232
215 232
9 233
19 233
29 233
38 233
49 233
68 233
70 233
79 233
81 233
92 233
93 233
116 233
131 233
134 233
139 233
146 233
151 233
178 233
180 233
183 233
203 233
211 233
220 233
2 234
7 234
18 234
26 234
34 234
35 234
38 234
51 234
57 234
64 234
70 234
78 234
79 234
85 234
87 234
94 234
96 234
97 234
99 234
110 234
112 234
113 234
121 234
125 234
127 234
128 234
139 234
140 234
147 234
151 234
156 234
162 234
174 234
181 234
184 234
190 234
200 234
202 234
208 234
213 234
1 235
4 235
9 235
14 235
33 235
36 235
37 235
38 235
41 235
48 235
52 235
75 235
84 235
85 235
86 235
99 235
104 235
114 235
120 235
128 235
139 235
140 235
142 235
159 235
172 235
174 235
181 235
187 235
192 235
200 235
211 235
218 235
230 235
234 235
5 236
25 236
40 236
44 236
49 236
54 236
71 236
75 236
77 236
88 236
89 236
95 236
105 236
112 236
115 236
118 236
122 236
138 236
143 236
146 236
148 236
152 236
173 236
179 236
182 236
189 236
194 236
203 236
204 236
205 236
220 236
0 237
23 237
25 237
42 237
46 237
56 237
79 237
87 237
107 237
112 237
114 237
129 237
132 237
136 237
140 237
155 237
159 237
163 237
176 237
180 237
186 237
208 237
209 237
0 238
1 238
5 238
6 238
13 238
14 238
24 238
36 238
38 238
43 238
51 238
66 238
69 238
80 238
85 238
107 238
110 238
116 238
128 238
129 238
134 238
150 238
161 238
178 238
180 238
203 238
204 238
210 238
211 238
215 238
224 238
8 239
14 239
21 239
36 239
39 239
40 239
69 239
72 239
78 239
87 239
88 239
100 239
102 239
154 239
160 239
172 239
191 239
200 239
201 239
206 239
213 239
223 239
3 240
5 240
14 240
19 240
21 240
35 240
49 240
51 240
67 240
73 240
106 240
116 240
118 240
130 240
139 240
143 240
169 240
177 240
180 240
181 240
182 240
188 240
192 240
204 240
210 240
7 241
50 241
59 241
62 241
67 241
77 241
99 241
100 241
118 241
130 241
134 241
135 241
147 241
160 241
164 241
179 241
183 241
184 241
187 241
190 241
197 241
201 241
205 241
207 241
214 241
226 241
233 241
4 242
8 242
9 242
18 242
21 242
22 242
45 242
59 242
60 242
64 242
67 242
75 242
84 242
90 242
91 242
99 242
102 242
106 242
114 242
128 242
129 242
132 242
138 242
139 242
140 242
146 242
155 242
159 242
161 242
162 242
177 242
188 242
189 242
195 242
218 242
225 242
228 242
0 243
3 243
9 243
11 243
17 243
23 243
28 243
29 243
34 243
39 243
42 243
43 243
50 243
57 243
64 243
77 243
82 243
86 243
95 243
96 243
114 243
121 243
139 243
140 243
145 243
151 243
154 243
158 243
175 243
179 243
180 243
188 243
193 243
194 243
207 243
222 243
229 243
232 243
2 244
10 244
18 244
39 244
41 244
59 244
68 244
70 244
80 244
83 244
93 244
96 244
109 244
122 244
134 244
139 244
140 244
141 244
147 244
151 244
164 244
167 244
179 244
192 244
193 244
199 244
205 244
208 244
224 244
227 244
231 244
232 244
240 244
15 245
16 245
24 245
27 245
29 245
44 245
53 245
54 245
57 245
67 245
86 245
87 245
95 245
101 245
103 245
105 245
107 245
139 245
144 245
149 245
156 245
170 245
179 245
186 245
187 245
194 245
197 245
214 245
217 245
219 245
231 245
242 245
243 245
10 246
13 246
24 246
28 246
32 246
43 246
44 246
53 246
56 246
61 246
63 246
76 246
82 246
83 246
86 246
102 246
106 246
122 246
130 246
145 246
146 246
149 246
157 246
159 246
162 246
163 246
167 246
172 246
178 246
180 246
181 246
183 246
200 246
202 246
207 246
216 246
223 246
225 246
232 246
233 246
239 246
9 247
12 247
15 247
25 247
34 247
36 247
38 247
39 247
49 247
50 247
51 247
52 247
69 247
76 247
80 247
87 247
105 247
118 247
140 247
161 247
165 247
209 247
211 247
213 247
219 247
230 247
234 247
243 247
20 248
21 248
29 248
35 248
56 248
61 248
66 248
69 248
80 248
86 248
97 248
103 248
107 248
110 248
132 248
145 248
151 248
160 248
164 248
170 248
175 248
177 248
179 248
181 248
182 248
183 248
196 248
199 248
219 248
232 248
241 248
3 249
6 249
11 249
12 249
14 249
16 249
39 249
57 249
60 249
69 249
85 249
87 249
100 249
105 249
109 249
112 249
130 249
132 249
138 249
145 249
154 249
163 249
169 249
171 249
182 249
186 249
191 249
196 249
198 249
201 249
206 249
221 249
225 249
228 249
236 249
241 249
1 250
16 250
37 250
45 250
53 250
71 250
76 250
78 250
87 250
100 250
113 250
118 250
123 250
128 250
130 250
152 250
153 250
164 250
165 250
170 250
180 250
205 250
211 250
216 250
225 250
226 250
233 250
234 250
236 250
239 250
5 251
37 251
40 251
45 251
49 251
67 251
77 251
85 251
115 251
119 251
127 251
130 251
131 251
137 251
140 251
141 251
158 251
172 251
178 251
186 251
189 251
190 251
191 251
195 251
199 251
200 251
205 251
218 251
220 251
221 251
231 251
234 251
245 251
247 251
11 252
29 252
31 252
61 252
63 252
69 252
72 252
76 252
81 252
83 252
101 252
107 252
113 252
127 252
133 252
135 252
137 252
157 252
160 252
162 252
167 252
176 252
188 252
204 252
205 252
209 252
225 252
228 252
231 252
232 252
239 252
248 252
2 253
5 253
10 253
14 253
22 253
24 253
29 253
32 253
35 253
57 253
70 253
87 253
91 253
94 253
99 253
102 253
109 253
116 253
117 253
118 253
123 253
129 253
132 253
133 253
144 253
156 253
164 253
171 253
175 253
179 253
185 253
192 253
193 253
203 253
225 253
243 253
245 253
250 253
0 254
5 254
11 254
12 254
31 254
54 254
57 254
60 254
63 254
67 254
73 254
74 254
76 254
87 254
91 254
103 254
105 254
117 254
123 254
132 254
147 254
160 254
165 254
185 254
197 254
199 254
229 254
230 254
232 254
237 254
241 254
243 254
247 254
6 255
8 255
14 255
19 255
25 255
32 255
49 255
58 255
71 255
72 255
76 255
94 255
96 255
97 255
102 255
104 255
107 255
111 255
125 255
126 255
129 255
134 255
138 255
149 255
163 255
168 255
170 255
171 255
176 255
193 255
205 255
211 255
224 255
225 255
245 255
3 256
4 256
6 256
8 256
12 256
18 256
24 256
39 256
46 256
47 256
61 256
65 256
67 256
81 256
86 256
90 256
96 256
97 256
98 256
119 256
123 256
127 256
131 256
132 256
144 256
146 256
147 256
151 256
152 256
155 256
164 256
188 256
197 256
209 256
219 256
222 256
224 256
229 256
236 256
241 256
249 256
21 257
33 257
35 257
41 257
44 257
45 257
57 257
74 257
76 257
88 257
91 257
93 257
94 257
97 257
101 257
107 257
108 257
109 257
110 257
111 257
112 257
114 257
123 257
124 257
133 257
137 257
138 257
140 257
146 257
152 257
156 257
162 257
173 257
183 257
186 257
193 257
195 257
198 257
216 257
222 257
232 257
240 257
243 257
247 257
250 257
17 258
24 258
43 258
49 258
57 258
58 258
67 258
74 258
88 258
94 258
105 258
111 258
112 258
135 258
139 258
152 258
153 258
155 258
163 258
167 258
179 258
194 258
195 258
207 258
214 258
231 258
233 258
15 259
41 259
44 259
51 259
55 259
65 259
81 259
89 259
93 259
99 259
106 259
131 259
141 259
145 259
152 259
164 259
172 259
180 259
184 259
193 259
194 259
196 259
199 259
212 259
214 259
225 259
228 259
241 259
246 259
247 259
249 259
6 260
14 260
24 260
33 260
34 260
36 260
44 260
45 260
49 260
55 260
61 260
71 260
76 260
92 260
96 260
102 260
107 260
108 260
109 260
116 260
125 260
127 260
129 260
131 260
134 260
137 260
155 260
159 260
169 260
176 260
179 260
180 260
198 260
200 260
206 260
213 260
229 260
239 260
245 260
250 260
2 261
4 261
16 261
25 261
27 261
30 261
32 261
33 261
35 261
41 261
51 261
54 261
60 261
61 261
63 261
78 261
88 261
96 261
97 261
104 261
111 261
114 261
121 261
131 261
138 261
146 261
153 261
154 261
156 261
162 261
172 261
238 261
249 261
7 262
9 262
10 262
13 262
19 262
26 262
35 262
45 262
68 262
74 262
77 262
94 262
98 262
105 262
108 262
115 262
123 262
127 262
138 262
146 262
147 262
150 262
152 262
155 262
159 262
169 262
171 262
181 262
200 262
216 262
229 262
240 262
243 262
253 262
11 263
14 263
18 263
22 263
33 263
37 263
50 263
55 263
61 263
74 263
98 263
111 263
117 263
127 263
134 263
140 263
151 263
154 263
163 263
168 263
175 263
183 263
188 263
201 263
203 263
208 263
211 263
213 263
216 263
232 263
235 263
249 263
260 263
10 264
37 264
53 264
55 264
61 264
74 264
79 264
93 264
104 264
106 264
122 264
123 264
144 264
146 264
148 264
149 264
155 264
162 264
177 264
181 264
184 264
204 264
208 264
210 264
221 264
228 264
245 264
257 264
3 265
6 265
14 265
26 265
27 265
31 265
39 265
62 265
64 265
70 265
81 265
98 265
115 265
125 265
128 265
133 265
134 265
144 265
154 265
158 265
161 265
181 265
185 265
189 265
196 265
197 265
203 265
204 265
205 265
210 265
219 265
221 265
233 265
234 265
244 265
248 265
256 265
257 265
9 266
18 266
26 266
38 266
50 266
52 266
57 266
68 266
71 266
75 266
85 266
92 266
98 266
110 266
111 266
114 266
126 266
132 266
135 266
137 266
152 266
160 266
161 266
162 266
165 266
168 266
170 266
177 266
178 266
188 266
197 266
199 266
202 266
203 266
216 266
241 266
242 266
245 266
256 266
8 267
13 267
22 267
23 267
26 267
31 267
32 267
48 267
63 267
65 267
73 267
81 267
85 267
90 267
97 267
118 267
130 267
134 267
143 267
146 267
149 267
171 267
175 267
208 267
221 267
238 267
242 267
243 267
245 267
251 267
1 268
3 268
14 268
21 268
41 268
46 268
65 268
66 268
75 268
102 268
105 268
107 268
112 268
153 268
155 268
157 268
171 268
179 268
182 268
186 268
190 268
195 268
212 268
220 268
232 268
241 268
248 268
261 268
4 269
5 269
14 269
15 269
20 269
33 269
35 269
44 269
55 269
62 269
70 269
72 269
73 269
85 269
105 269
114 269
115 269
133 269
134 269
135 269
140 269
146 269
150 269
170 269
172 269
193 269
194 269
209 269
212 269
220 269
225 269
230 269
234 269
243 269
259 269
262 269
265 269
4 270
7 270
9 270
11 270
14 270
24 270
27 270
36 270
46 270
52 270
57 270
69 270
85 270
86 270
117 270
122 270
132 270
146 270
162 270
176 270
182 270
185 270
203 270
219 270
227 270
228 270
231 270
239 270
241 270
252 270
255 270
261 270
265 270
267 270
0 271
3 271
11 271
14 271
42 271
56 271
58 271
61 271
66 271
74 271
101 271
114 271
126 271
129 271
147 271
158 271
179 271
188 271
192 271
196 271
198 271
203 271
218 271
233 271
234 271
239 271
254 271
0 272
3 272
11 272
16 272
17 272
41 272
48 272
51 272
75 272
86 272
87 272
89 272
110 272
131 272
136 272
139 272
146 272
147 272
148 272
154 272
157 272
159 272
165 272
179 272
181 272
183 272
190 272
199 272
200 272
207 272
209 272
214 272
221 272
222 272
224 272
227 272
245 272
247 272
249 272
256 272
13 273
15 273
17 273
19 273
30 273
31 273
39 273
42 273
54 273
62 273
65 273
66 273
67 273
68 273
73 273
74 273
90 273
101 273
127 273
130 273
132 273
142 273
157 273
163 273
168 273
169 273
181 273
182 273
185 273
193 273
199 273
214 273
216 273
221 273
225 273
229 273
231 273
239 273
245 273
247 273
250 273
263 273
265 273
8 274
11 274
15 274
25 274
34 274
39 274
40 274
43 274
49 274
53 274
73 274
78 274
94 274
96 274
98 274
99 274
102 274
103 274
105 274
107 274
109 274
111 274
116 274
129 274
139 274
146 274
148 274
158 274
159 274
162 274
163 274
166 274
167 274
173 274
185 274
196 274
199 274
227 274
238 274
239 274
246 274
249 274
250 274
251 274
265 274
10 275
22 275
24 275
29 275
39 275
46 275
54 275
62 275
63 275
65 275
67 275
78 275
80 275
82 275
83 275
85 275
97 275
100 275
102 275
104 275
112 275
141 275
144 275
147 275
148 275
149 275
151 275
163 275
175 275
184 275
196 275
198 275
216 275
223 275
227 275
245 275
260 275
266 275
0 276
8 276
11 276
16 276
33 276
39 276
46 276
57 276
59 276
61 276
72 276
73 276
74 276
87 276
90 276
100 276
108 276
127 276
142 276
152 276
155 276
163 276
165 276
208 276
221 276
231 276
232 276
233 276
234 276
248 276
250 276
251 276
252 276
265 276
271 276
273 276
2 277
3 277
8 277
10 277
16 277
19 277
31 277
46 277
56 277
71 277
73 277
74 277
80 277
85 277
104 277
109 277
117 277
119 277
132 277
154 277
167 277
178 277
180 277
182 277
183 277
186 277
193 277
196 277
226 277
229 277
243 277
264 277
1 278
6 278
8 278
9 278
10 278
14 278
23 278
26 278
32 278
47 278
49 278
50 278
57 278
59 278
60 278
74 278
91 278
109 278
111 278
115 278
130 278
132 278
143 278
147 278
159 278
162 278
165 278
178 278
187 278
206 278
208 278
209 278
214 278
222 278
230 278
231 278
240 278
244 278
248 278
258 278
259 278
260 278
269 278
1 279
6 279
9 279
16 279
22 279
26 279
34 279
35 279
51 279
52 279
57 279
63 279
64 279
71 279
73 279
74 279
87 279
94 279
97 279
115 279
120 279
126 279
131 279
141 279
143 279
153 279
163 279
164 279
167 279
173 279
178 279
186 279
203 279
206 279
223 279
234 279
236 279
239 279
242 279
248 279
273 279
275 279
10 280
11 280
29 280
35 280
42 280
61 280
69 280
76 280
80 280
82 280
85 280
88 280
94 280
99 280
104 280
105 280
109 280
110 280
116 280
118 280
125 280
134 280
136 280
142 280
146 280
165 280
169 280
175 280
178 280
180 280
183 280
196 280
202 280
207 280
214 280
217 280
221 280
223 280
225 280
237 280
256 280
270 280
13 281
17 281
27 281
49 281
57 281
63 281
66 281
68 281
76 281
86 281
99 281
103 281
113 281
121 281
125 281
129 281
132 281
145 281
146 281
147 281
158 281
161 281
165 281
167 281
170 281
175 281
183 281
211 281
215 281
219 281
227 281
235 281
251 281
272 281
273 281
31 282
40 282
45 282
55 282
62 282
67 282
82 282
83 282
86 282
94 282
122 282
127 282
138 282
149 282
151 282
158 282
165 282
169 282
180 282
185 282
186 282
187 282
188 282
197 282
200 282
201 282
207 282
209 282
212 282
226 282
236 282
240 282
243 282
251 282
262 282
265 282
269 282
271 282
275 282
17 283
19 283
35 283
39 283
43 283
55 283
62 283
66 283
71 283
75 283
95 283
96 283
121 283
126 283
127 283
131 283
140 283
144 283
146 283
151 283
153 283
160 283
167 283
182 283
191 283
194 283
199 283
204 283
210 283
225 283
233 283
237 283
238 283
243 283
246 283
260 283
261 283
2 284
6 284
8 284
11 284
24 284
39 284
49 284
62 284
64 284
67 284
75 284
81 284
102 284
105 284
112 284
113 284
132 284
139 284
144 284
150 284
151 284
152 284
154 284
155 284
161 284
163 284
177 284
187 284
194 284
197 284
199 284
205 284
213 284
216 284
218 284
226 284
243 284
253 284
261 284
274 284
2 285
3 285
4 285
10 285
13 285
19 285
21 285
26 285
28 285
30 285
35 285
43 285
44 285
49 285
68 285
83 285
90 285
106 285
108 285
141 285
142 285
145 285
147 285
148 285
151 285
156 285
162 285
165 285
183 285
187 285
189 285
196 285
204 285
219 285
224 285
226 285
233 285
234 285
249 285
253 285
256 285
259 285
270 285
272 285
276 285
278 285
12 286
13 286
14 286
19 286
25 286
34 286
43 286
55 286
61 286
64 286
74 286
84 286
103 286
108 286
117 286
124 286
128 286
129 286
138 286
152 286
158 286
161 286
174 286
176 286
188 286
200 286
201 286
206 286
208 286
231 286
239 286
249 286
254 286
262 286
263 286
0 287
2 287
19 287
25 287
26 287
28 287
38 287
46 287
47 287
49 287
65 287
77 287
78 287
83 287
89 287
92 287
94 287
102 287
104 287
110 287
115 287
122 287
123 287
137 287
138 287
140 287
143 287
144 287
148 287
158 287
167 287
170 287
177 287
194 287
196 287
210 287
218 287
228 287
232 287
234 287
245 287
253 287
259 287
261 287
0 288
6 288
15 288
22 288
29 288
31 288
39 288
40 288
41 288
50 288
57 288
66 288
70 288
79 288
102 288
108 288
117 288
139 288
147 288
151 288
157 288
159 288
161 288
165 288
166 288
168 288
173 288
181 288
193 288
200 288
203 288
208 288
211 288
225 288
227 288
232 288
234 288
243 288
244 288
246 288
258 288
264 288
270 288
273 288
276 288
277 288
12 289
14 289
15 289
23 289
26 289
29 289
39 289
42 289
57 289
65 289
87 289
96 289
99 289
100 289
105 289
113 289
118 289
120 289
132 289
164 289
167 289
174 289
175 289
180 289
182 289
188 289
200 289
203 289
220 289
237 289
239 289
242 289
254 289
268 289
278 289
9 290
27 290
28 290
34 290
35 290
51 290
54 290
58 290
64 290
65 290
69 290
86 290
88 290
91 290
96 290
104 290
112 290
134 290
136 290
153 290
156 290
166 290
175 290
179 290
185 290
191 290
202 290
218 290
248 290
250 290
265 290
275 290
278 290
0 291
19 291
35 291
47 291
57 291
58 291
64 291
70 291
78 291
85 291
89 291
100 291
101 291
108 291
133 291
136 291
142 291
143 291
150 291
151 291
153 291
187 291
191 291
199 291
202 291
204 291
224 291
226 291
231 291
233 291
235 291
272 291
282 291
2 292
5 292
9 292
13 292
39 292
50 292
54 292
67 292
78 292
86 292
88 292
92 292
94 292
98 292
104 292
105 292
108 292
122 292
126 292
141 292
142 292
147 292
162 292
168 292
184 292
202 292
210 292
211 292
225 292
229 292
230 292
233 292
238 292
241 292
246 292
247 292
248 292
250 292
261 292
265 292
267 292
273 292
275 292
277 292
7 293
8 293
19 293
33 293
50 293
54 293
60 293
76 293
92 293
95 293
97 293
105 293
119 293
135 293
168 293
183 293
200 293
202 293
214 293
231 293
236 293
239 293
240 293
260 293
279 293
2 294
6 294
13 294
20 294
25 294
35 294
37 294
40 294
47 294
51 294
65 294
70 294
82 294
85 294
92 294
93 294
96 294
111 294
135 294
136 294
155 294
168 294
182 294
183 294
189 294
197 294
199 294
201 294
219 294
223 294
225 294
226 294
233 294
237 294
247 294
248 294
257 294
261 294
281 294
7 295
12 295
17 295
18 295
22 295
26 295
35 295
40 295
41 295
61 295
63 295
64 295
68 295
73 295
88 295
120 295
132 295
137 295
169 295
201 295
207 295
218 295
265 295
275 295
278 295
282 295
5 296
6 296
9 296
22 296
28 296
30 296
49 296
53 296
56 296
74 296
75 296
86 296
87 296
90 296
91 296
92 296
93 296
105 296
113 296
116 296
119 296
138 296
156 296
163 296
166 296
168 296
171 296
176 296
182 296
192 296
196 296
212 296
217 296
225 296
246 296
253 296
254 296
256 296
262 296
270 296
274 296
5 297
12 297
17 297
18 297
19 297
34 297
37 297
38 297
41 297
64 297
74 297
80 297
81 297
90 297
106 297
107 297
108 297
117 297
118 297
119 297
122 297
125 297
126 297
132 297
135 297
140 297
161 297
163 297
166 297
167 297
186 297
189 297
198 297
215 297
227 297
244 297
248 297
249 297
250 297
262 297
263 297
282 297
5 298
6 298
12 298
14 298
15 298
19 298
28 298
32 298
37 298
40 298
47 298
49 298
54 298
78 298
90 298
99 298
103 298
111 298
112 298
117 298
118 298
132 298
139 298
142 298
147 298
151 298
158 298
173 298
186 298
197 298
201 298
202 298
207 298
219 298
230 298
238 298
245 298
250 298
265 298
268 298
272 298
277 298
4 299
11 299
17 299
20 299
23 299
29 299
30 299
43 299
48 299
51 299
57 299
81 299
82 299
92 299
96 299
116 299
123 299
127 299
128 299
137 299
143 299
147 299
148 299
165 299
175 299
185 299
202 299
210 299
217 299
234 299
256 299
270 299
271 299
281 299
