300 4021 5
7 5 4 5 6 7 5 5 5 5 6 6 4 7 4 7 5 7 4 4 5 7 7 5 6 6 6 5 7 4 7 5 4 7 6 7 6 6 7 6 5 5 5 6 6 4 5 5 6 4 4 6 4 6 5 5 4 7 6 6 6 6 5 5 7 6 6 6 6 6 5 6 7 5 7 5 5 5 5 6 4 6 8 6 6 5 6 6 6 6 5 5 3 6 3 4 5 5 4 4 4 8 5 5 4 7 5 6 5 6 5 7 7 5 5 7 7 5 7 9 6 6 6 6 6 4 7 5 7 7 6 7 5 5 6 5 5 6 5 5 5 5 6 5 6 5 7 4 7 5 6 5 6 4 4 8 6 6 6 4 6 5 7 7 6 6 4 5 5 5 5 6 5 5 5 4 5 6 7 4 6 4 4 5 6 7 8 7 5 6 6 5 5 5 5 6 5 5 6 5 5 6 6 5 4 6 6 7 7 5 6 5 7 6 4 8 4 6 5 6 5 6 7 5 6 6 6 5 6 4 4 7 7 4 6 5 6 5 6 4 4 5 6 4 5 5 6 6 5 4 7 4 7 5 5 5 5 6 6 6 5 7 5 6 4 5 4 5 5 6 6 7 5 5 4 4 4 4 6 5 3 4 6 6 4 5 6 5 6 5 6 6 4 4 4 7 7 3 7 6
3 9
5 9
1 10
5 12
2 13
3 15
8 15
0 19
2 19
0 20
3 20
3 21
0 23
6 23
9 23
12 23
20 23
14 24
17 24
21 25
5 26
11 27
13 28
14 28
7 29
3 30
18 30
19 30
20 30
21 30
23 30
7 31
10 31
11 31
14 31
25 31
10 32
21 32
22 32
13 33
14 33
26 33
28 33
28 34
0 35
3 35
10 35
11 35
14 35
16 35
26 35
1 36
10 36
17 36
3 37
10 37
24 37
28 39
9 40
25 40
9 41
23 41
21 42
1 43
8 43
16 43
4 44
8 44
25 44
28 44
31 44
35 44
40 44
1 45
10 45
20 45
32 45
37 45
42 45
16 46
27 46
11 47
11 48
15 48
22 48
13 49
20 49
26 49
24 50
27 50
34 50
38 50
39 50
10 51
12 51
17 51
23 51
27 51
34 51
50 51
11 52
12 52
13 52
15 52
21 52
26 52
41 52
1 53
3 53
4 53
5 53
14 53
38 53
3 54
11 54
21 54
32 54
47 54
49 54
29 55
42 55
2 56
8 56
9 56
20 56
25 56
29 56
48 56
13 57
18 57
30 57
39 57
42 57
43 57
44 57
2 58
4 58
21 58
30 58
36 58
38 58
50 58
29 59
31 59
34 59
8 60
9 60
35 60
36 60
46 61
2 62
23 62
1 63
13 63
26 63
27 63
48 63
4 64
17 64
23 64
29 64
49 64
2 65
4 65
8 65
3 66
16 66
26 66
6 67
11 67
18 67
32 67
48 67
2 68
5 68
15 68
16 68
17 68
29 68
38 68
45 68
12 69
19 69
25 69
26 69
40 69
48 69
51 69
54 69
59 69
61 69
17 70
24 70
34 70
42 70
58 70
3 71
9 71
13 71
19 71
21 71
38 71
42 71
53 71
5 72
6 72
9 72
10 72
14 72
18 72
28 72
36 72
38 72
47 72
50 72
60 72
64 72
2 73
3 73
5 73
13 73
20 73
26 73
34 73
40 73
54 73
57 73
5 74
15 74
35 74
44 74
47 74
15 75
16 75
17 75
23 75
26 75
30 75
56 75
68 75
1 76
9 76
33 76
51 76
58 76
14 77
36 77
52 77
67 77
68 77
2 78
18 78
27 78
28 78
39 78
46 78
47 78
55 78
59 78
25 79
32 79
34 79
61 79
63 79
65 79
66 79
4 80
5 80
22 80
26 80
27 80
44 80
55 80
70 80
9 81
19 81
25 81
44 81
56 81
62 81
63 81
4 82
9 82
25 82
28 82
29 82
61 82
73 82
77 82
1 83
8 83
17 83
41 83
56 83
6 84
23 84
53 84
56 84
59 84
62 84
72 84
74 84
5 85
7 85
15 85
17 85
34 85
66 85
3 86
12 86
19 86
29 86
34 86
48 86
52 86
54 86
60 86
61 86
72 86
53 87
56 87
73 87
3 88
5 88
19 88
20 88
25 88
39 88
44 88
53 88
59 88
77 88
7 89
11 89
19 89
20 89
21 89
27 89
43 89
46 89
59 89
60 89
84 89
23 90
47 90
48 90
54 90
74 90
75 90
85 90
0 91
23 91
33 91
39 91
58 91
59 91
84 91
1 92
5 92
8 92
32 92
37 92
59 92
68 92
72 92
78 92
10 93
22 93
37 93
48 93
54 93
61 93
65 93
22 94
69 94
80 94
81 94
12 95
25 95
74 95
82 95
87 95
3 96
6 96
32 96
37 96
38 96
67 96
69 96
83 96
85 96
88 96
6 97
12 97
20 97
22 97
23 97
27 97
30 97
42 97
55 97
59 97
62 97
68 97
81 97
3 98
33 98
48 98
54 98
59 98
61 98
73 98
78 98
7 99
11 99
19 99
23 99
25 99
48 99
50 99
57 99
77 99
81 99
89 99
94 99
96 99
15 100
17 100
28 100
38 100
41 100
53 100
55 100
64 100
80 100
98 100
15 101
19 101
28 101
29 101
35 101
44 101
51 101
62 101
63 101
69 101
82 101
86 101
4 102
88 102
94 102
13 103
37 103
40 103
42 103
53 103
57 103
94 103
1 104
52 104
54 104
0 105
12 105
15 105
22 105
24 105
26 105
27 105
33 105
45 105
52 105
54 105
55 105
68 105
84 105
87 105
11 106
17 106
39 106
43 106
44 106
50 106
64 106
65 106
66 106
72 106
81 106
83 106
89 106
7 107
30 107
34 107
80 107
88 107
93 107
94 107
5 108
8 108
16 108
32 108
33 108
39 108
41 108
49 108
76 108
90 108
92 108
96 108
97 108
34 109
44 109
55 109
59 109
84 109
91 109
93 109
95 109
1 110
7 110
14 110
20 110
25 110
28 110
39 110
52 110
0 111
16 111
19 111
34 111
36 111
51 111
58 111
66 111
79 111
83 111
99 111
104 111
31 112
71 112
85 112
96 112
107 112
18 113
30 113
36 113
48 113
75 113
88 113
89 113
91 113
0 114
3 114
6 114
34 114
36 114
40 114
46 114
47 114
53 114
56 114
77 114
83 114
84 114
9 115
35 115
36 115
57 115
90 115
5 116
9 116
30 116
44 116
55 116
57 116
66 116
67 116
77 116
88 116
104 116
108 116
6 117
7 117
76 117
82 117
92 117
108 117
1 118
17 118
19 118
49 118
75 118
80 118
82 118
90 118
100 118
102 118
0 119
4 119
22 119
23 119
29 119
32 119
48 119
51 119
55 119
60 119
61 119
73 119
85 119
13 120
31 120
34 120
40 120
42 120
49 120
55 120
58 120
72 120
90 120
94 120
119 120
0 121
18 121
19 121
22 121
25 121
54 121
82 121
98 121
111 121
8 122
25 122
34 122
62 122
65 122
74 122
91 122
96 122
106 122
9 123
10 123
27 123
28 123
30 123
41 123
51 123
56 123
61 123
68 123
84 123
85 123
113 123
15 124
30 124
46 124
52 124
61 124
66 124
78 124
84 124
97 124
98 124
101 124
104 124
105 124
0 125
34 125
39 125
47 125
54 125
57 125
63 125
69 125
117 125
35 126
38 126
56 126
58 126
60 126
78 126
82 126
108 126
110 126
14 127
15 127
30 127
33 127
42 127
51 127
62 127
64 127
103 127
20 128
22 128
72 128
85 128
86 128
92 128
102 128
107 128
114 128
20 129
28 129
36 129
47 129
61 129
81 129
93 129
98 129
108 129
109 129
126 129
10 130
20 130
25 130
27 130
35 130
36 130
41 130
54 130
63 130
73 130
80 130
84 130
87 130
90 130
104 130
115 130
122 130
2 131
19 131
28 131
32 131
39 131
47 131
48 131
51 131
60 131
64 131
71 131
82 131
87 131
108 131
121 131
14 132
17 132
28 132
36 132
38 132
60 132
101 132
12 133
18 133
25 133
26 133
31 133
39 133
59 133
67 133
73 133
92 133
97 133
107 133
110 133
116 133
8 134
13 134
19 134
34 134
38 134
41 134
51 134
68 134
83 134
110 134
125 134
9 135
14 135
16 135
20 135
23 135
36 135
51 135
77 135
82 135
121 135
127 135
0 136
4 136
13 136
41 136
52 136
64 136
67 136
79 136
80 136
88 136
101 136
110 136
114 136
3 137
10 137
11 137
14 137
17 137
21 137
34 137
39 137
73 137
81 137
96 137
129 137
3 138
6 138
14 138
18 138
26 138
30 138
35 138
56 138
81 138
86 138
117 138
27 139
30 139
45 139
65 139
70 139
71 139
77 139
88 139
94 139
102 139
107 139
117 139
1 140
4 140
24 140
54 140
55 140
56 140
57 140
75 140
76 140
84 140
86 140
92 140
114 140
115 140
118 140
127 140
128 140
2 141
7 141
22 141
29 141
34 141
41 141
43 141
44 141
52 141
53 141
59 141
62 141
76 141
89 141
92 141
93 141
102 141
103 141
104 141
105 141
114 141
9 142
12 142
15 142
18 142
25 142
27 142
33 142
34 142
56 142
64 142
76 142
77 142
107 142
0 143
19 143
30 143
36 143
41 143
53 143
62 143
63 143
64 143
89 143
95 143
96 143
131 143
13 144
34 144
51 144
60 144
84 144
89 144
105 144
118 144
128 144
0 145
2 145
11 145
14 145
39 145
41 145
58 145
59 145
78 145
119 145
127 145
128 145
55 146
64 146
66 146
69 146
86 146
88 146
92 146
108 146
117 146
119 146
126 146
130 146
19 147
27 147
30 147
41 147
45 147
70 147
85 147
92 147
127 147
20 148
37 148
43 148
53 148
61 148
67 148
81 148
100 148
108 148
111 148
121 148
132 148
3 149
7 149
31 149
33 149
47 149
50 149
63 149
70 149
71 149
73 149
76 149
95 149
107 149
109 149
115 149
129 149
143 149
2 150
4 150
10 150
12 150
18 150
21 150
26 150
77 150
85 150
92 150
96 150
102 150
110 150
118 150
124 150
128 150
129 150
142 150
3 151
18 151
29 151
32 151
39 151
98 151
116 151
119 151
142 151
5 152
10 152
33 152
48 152
58 152
62 152
66 152
72 152
74 152
79 152
85 152
92 152
93 152
96 152
99 152
101 152
102 152
107 152
109 152
113 152
114 152
122 152
124 152
126 152
131 152
138 152
139 152
3 153
23 153
26 153
31 153
32 153
70 153
80 153
82 153
90 153
105 153
122 153
132 153
135 153
146 153
3 154
4 154
22 154
28 154
37 154
45 154
66 154
67 154
75 154
104 154
111 154
125 154
130 154
2 155
7 155
16 155
40 155
43 155
78 155
81 155
85 155
112 155
127 155
146 155
20 156
28 156
34 156
43 156
69 156
91 156
100 156
103 156
107 156
108 156
109 156
121 156
130 156
154 156
8 157
9 157
14 157
20 157
32 157
34 157
41 157
47 157
51 157
53 157
59 157
60 157
63 157
69 157
70 157
76 157
79 157
88 157
95 157
123 157
127 157
136 157
12 158
38 158
57 158
59 158
60 158
82 158
102 158
104 158
116 158
7 159
14 159
43 159
53 159
57 159
61 159
69 159
84 159
86 159
93 159
102 159
104 159
107 159
124 159
125 159
136 159
11 160
15 160
17 160
18 160
21 160
38 160
52 160
79 160
89 160
92 160
113 160
132 160
137 160
140 160
4 161
17 161
23 161
26 161
27 161
34 161
36 161
41 161
44 161
49 161
51 161
61 161
79 161
94 161
101 161
125 161
129 161
136 161
141 161
142 161
5 162
7 162
21 162
22 162
30 162
42 162
43 162
44 162
70 162
88 162
93 162
106 162
122 162
130 162
5 163
23 163
27 163
37 163
41 163
54 163
61 163
62 163
69 163
77 163
78 163
107 163
133 163
152 163
154 163
2 164
4 164
9 164
11 164
13 164
23 164
25 164
29 164
32 164
38 164
69 164
101 164
102 164
118 164
140 164
145 164
9 165
30 165
81 165
85 165
119 165
125 165
127 165
147 165
157 165
160 165
162 165
20 166
22 166
32 166
34 166
39 166
67 166
81 166
84 166
90 166
111 166
120 166
125 166
126 166
134 166
141 166
142 166
158 166
8 167
25 167
34 167
49 167
70 167
80 167
89 167
94 167
99 167
111 167
118 167
126 167
4 168
5 168
14 168
16 168
19 168
22 168
46 168
58 168
82 168
116 168
152 168
160 168
13 169
27 169
30 169
42 169
43 169
44 169
75 169
99 169
102 169
111 169
154 169
162 169
168 169
7 170
17 170
28 170
50 170
63 170
65 170
73 170
97 170
104 170
107 170
133 170
151 170
154 170
161 170
8 171
17 171
37 171
45 171
49 171
55 171
64 171
68 171
81 171
85 171
95 171
97 171
103 171
138 171
148 171
151 171
153 171
164 171
3 172
39 172
40 172
52 172
54 172
56 172
57 172
62 172
84 172
86 172
96 172
97 172
120 172
124 172
141 172
25 173
34 173
37 173
40 173
45 173
81 173
93 173
95 173
115 173
120 173
126 173
129 173
143 173
152 173
164 173
26 174
46 174
50 174
69 174
79 174
97 174
108 174
119 174
125 174
139 174
144 174
164 174
8 175
9 175
18 175
44 175
46 175
48 175
63 175
68 175
69 175
115 175
134 175
154 175
160 175
166 175
3 176
4 176
12 176
25 176
33 176
39 176
59 176
65 176
73 176
82 176
90 176
95 176
113 176
118 176
130 176
131 176
139 176
149 176
151 176
158 176
161 176
162 176
168 176
0 177
16 177
26 177
34 177
45 177
63 177
65 177
69 177
78 177
80 177
97 177
100 177
102 177
113 177
124 177
137 177
151 177
164 177
49 178
60 178
74 178
89 178
99 178
103 178
126 178
143 178
145 178
155 178
23 179
49 179
53 179
76 179
83 179
99 179
133 179
154 179
2 180
10 180
17 180
26 180
35 180
66 180
70 180
76 180
82 180
83 180
95 180
97 180
125 180
133 180
143 180
147 180
158 180
168 180
0 181
27 181
31 181
42 181
57 181
58 181
63 181
70 181
71 181
86 181
131 181
135 181
138 181
152 181
11 182
39 182
49 182
71 182
73 182
75 182
83 182
101 182
106 182
118 182
122 182
164 182
167 182
173 182
0 183
6 183
14 183
22 183
33 183
37 183
51 183
88 183
105 183
106 183
109 183
123 183
124 183
130 183
131 183
143 183
164 183
34 184
54 184
65 184
74 184
93 184
95 184
118 184
10 185
14 185
22 185
33 185
45 185
50 185
51 185
54 185
56 185
61 185
68 185
78 185
85 185
91 185
124 185
135 185
147 185
151 185
153 185
176 185
15 186
26 186
31 186
43 186
60 186
78 186
87 186
90 186
93 186
103 186
146 186
164 186
170 186
2 187
9 187
31 187
35 187
41 187
63 187
67 187
70 187
74 187
79 187
80 187
81 187
85 187
102 187
112 187
113 187
121 187
131 187
133 187
135 187
162 187
163 187
164 187
173 187
179 187
3 188
6 188
17 188
22 188
55 188
70 188
81 188
82 188
90 188
94 188
106 188
108 188
125 188
126 188
129 188
143 188
145 188
150 188
157 188
174 188
13 189
15 189
27 189
36 189
77 189
98 189
104 189
111 189
112 189
126 189
158 189
165 189
166 189
174 189
3 190
4 190
16 190
23 190
32 190
36 190
55 190
60 190
66 190
91 190
93 190
102 190
120 190
122 190
136 190
137 190
145 190
149 190
156 190
160 190
161 190
165 190
173 190
15 191
16 191
25 191
32 191
37 191
40 191
44 191
49 191
53 191
57 191
61 191
77 191
86 191
94 191
121 191
130 191
145 191
152 191
155 191
169 191
174 191
1 192
2 192
6 192
7 192
9 192
41 192
44 192
53 192
99 192
125 192
129 192
135 192
143 192
161 192
170 192
190 192
1 193
9 193
11 193
20 193
32 193
40 193
53 193
58 193
61 193
65 193
84 193
86 193
100 193
103 193
105 193
130 193
143 193
158 193
176 193
187 193
189 193
10 194
13 194
19 194
34 194
45 194
57 194
60 194
82 194
86 194
90 194
97 194
105 194
106 194
114 194
120 194
121 194
135 194
136 194
142 194
147 194
184 194
185 194
12 195
16 195
37 195
54 195
64 195
67 195
72 195
88 195
99 195
101 195
138 195
151 195
164 195
186 195
188 195
3 196
28 196
29 196
42 196
84 196
89 196
97 196
100 196
101 196
105 196
110 196
112 196
128 196
136 196
156 196
167 196
186 196
15 197
19 197
35 197
53 197
66 197
80 197
108 197
116 197
132 197
157 197
162 197
170 197
181 197
188 197
8 198
15 198
18 198
19 198
107 198
109 198
124 198
3 199
16 199
27 199
36 199
53 199
60 199
77 199
94 199
98 199
132 199
133 199
140 199
149 199
161 199
183 199
194 199
1 200
14 200
17 200
40 200
41 200
58 200
61 200
74 200
75 200
85 200
98 200
111 200
126 200
128 200
130 200
157 200
159 200
162 200
168 200
179 200
184 200
10 201
18 201
20 201
25 201
48 201
69 201
71 201
83 201
89 201
93 201
95 201
106 201
108 201
155 201
158 201
159 201
164 201
172 201
177 201
182 201
1 202
10 202
19 202
60 202
70 202
106 202
109 202
113 202
121 202
133 202
146 202
154 202
158 202
160 202
167 202
186 202
187 202
22 203
25 203
32 203
35 203
38 203
56 203
60 203
68 203
88 203
118 203
148 203
154 203
158 203
161 203
169 203
193 203
3 204
16 204
24 204
36 204
51 204
68 204
93 204
103 204
113 204
115 204
117 204
136 204
148 204
159 204
165 204
170 204
171 204
1 205
46 205
56 205
67 205
70 205
83 205
86 205
87 205
101 205
105 205
109 205
111 205
136 205
150 205
164 205
167 205
187 205
195 205
5 206
7 206
17 206
18 206
20 206
29 206
34 206
36 206
38 206
42 206
50 206
51 206
52 206
58 206
69 206
82 206
116 206
119 206
120 206
135 206
140 206
152 206
153 206
155 206
169 206
180 206
181 206
13 207
29 207
34 207
57 207
79 207
86 207
87 207
92 207
144 207
158 207
180 207
5 208
15 208
22 208
24 208
45 208
56 208
60 208
73 208
91 208
103 208
127 208
132 208
158 208
168 208
187 208
189 208
201 208
207 208
17 209
19 209
23 209
29 209
43 209
57 209
59 209
62 209
65 209
68 209
95 209
99 209
146 209
162 209
201 209
10 210
11 210
18 210
32 210
40 210
41 210
47 210
64 210
76 210
82 210
92 210
137 210
151 210
156 210
168 210
176 210
183 210
184 210
185 210
196 210
12 211
18 211
22 211
23 211
28 211
30 211
42 211
43 211
49 211
55 211
88 211
125 211
135 211
138 211
143 211
159 211
160 211
186 211
196 211
201 211
205 211
3 212
7 212
15 212
33 212
39 212
68 212
74 212
77 212
83 212
86 212
93 212
103 212
109 212
110 212
119 212
132 212
149 212
151 212
157 212
161 212
170 212
194 212
6 213
19 213
34 213
61 213
70 213
112 213
113 213
115 213
122 213
127 213
129 213
160 213
173 213
183 213
186 213
187 213
197 213
18 214
31 214
32 214
52 214
63 214
64 214
70 214
75 214
87 214
116 214
122 214
131 214
141 214
157 214
168 214
173 214
192 214
202 214
209 214
10 215
20 215
31 215
65 215
67 215
82 215
98 215
106 215
131 215
169 215
187 215
192 215
194 215
195 215
199 215
11 216
19 216
22 216
24 216
39 216
45 216
61 216
63 216
64 216
77 216
80 216
94 216
99 216
105 216
114 216
119 216
122 216
142 216
154 216
156 216
161 216
172 216
179 216
181 216
197 216
33 217
37 217
51 217
54 217
56 217
73 217
79 217
115 217
124 217
127 217
132 217
140 217
144 217
147 217
149 217
158 217
180 217
187 217
189 217
1 218
21 218
30 218
31 218
48 218
65 218
67 218
71 218
81 218
82 218
88 218
89 218
94 218
95 218
102 218
135 218
142 218
143 218
165 218
194 218
204 218
11 219
22 219
24 219
31 219
37 219
71 219
72 219
80 219
97 219
106 219
115 219
123 219
143 219
147 219
152 219
153 219
157 219
160 219
179 219
181 219
185 219
189 219
206 219
8 220
20 220
21 220
48 220
50 220
52 220
62 220
66 220
73 220
82 220
84 220
91 220
95 220
100 220
102 220
108 220
113 220
121 220
129 220
141 220
172 220
176 220
177 220
182 220
186 220
196 220
2 221
11 221
26 221
27 221
28 221
48 221
51 221
86 221
96 221
128 221
131 221
145 221
150 221
155 221
170 221
177 221
183 221
188 221
195 221
0 222
10 222
26 222
57 222
58 222
61 222
68 222
69 222
78 222
94 222
106 222
115 222
124 222
132 222
136 222
137 222
144 222
146 222
151 222
158 222
161 222
167 222
172 222
189 222
200 222
203 222
204 222
9 223
25 223
32 223
37 223
40 223
45 223
49 223
54 223
56 223
61 223
64 223
70 223
85 223
98 223
116 223
137 223
153 223
161 223
162 223
165 223
204 223
8 224
57 224
62 224
72 224
92 224
123 224
125 224
157 224
166 224
191 224
198 224
19 225
33 225
39 225
49 225
60 225
68 225
94 225
109 225
114 225
142 225
148 225
150 225
174 225
177 225
184 225
206 225
211 225
27 226
35 226
39 226
72 226
76 226
79 226
80 226
81 226
115 226
120 226
124 226
125 226
128 226
140 226
158 226
180 226
191 226
197 226
199 226
202 226
206 226
223 226
1 227
11 227
65 227
69 227
70 227
92 227
96 227
102 227
105 227
123 227
125 227
142 227
145 227
148 227
150 227
161 227
178 227
181 227
185 227
187 227
198 227
24 228
28 228
29 228
37 228
41 228
47 228
54 228
73 228
122 228
125 228
130 228
142 228
143 228
146 228
171 228
180 228
185 228
214 228
221 228
3 229
26 229
31 229
56 229
66 229
80 229
100 229
139 229
162 229
163 229
164 229
167 229
182 229
193 229
200 229
225 229
13 230
18 230
24 230
48 230
50 230
54 230
68 230
69 230
71 230
78 230
81 230
82 230
117 230
127 230
137 230
153 230
160 230
193 230
205 230
209 230
216 230
29 231
39 231
62 231
68 231
94 231
99 231
103 231
107 231
111 231
136 231
138 231
143 231
146 231
148 231
150 231
151 231
170 231
178 231
180 231
186 231
208 231
224 231
4 232
9 232
16 232
30 232
37 232
43 232
44 232
45 232
55 232
58 232
60 232
80 232
83 232
89 232
92 232
95 232
113 232
117 232
119 232
130 232
155 232
156 232
160 232
166 232
167 232
171 232
188 232
189 232
197 232
201 232
212 232
213 232
216 232
28 233
57 233
61 233
63 233
67 233
74 233
86 233
89 233
92 233
98 233
113 233
115 233
116 233
121 233
137 233
151 233
178 233
182 233
215 233
219 233
221 233
9 234
13 234
37 234
69 234
72 234
77 234
81 234
85 234
116 234
130 234
140 234
150 234
170 234
173 234
174 234
176 234
182 234
195 234
201 234
213 234
5 235
20 235
38 235
68 235
73 235
91 235
100 235
111 235
118 235
119 235
132 235
134 235
137 235
150 235
153 235
155 235
164 235
167 235
194 235
213 235
220 235
1 236
17 236
37 236
45 236
49 236
62 236
66 236
71 236
73 236
77 236
97 236
100 236
102 236
119 236
124 236
127 236
150 236
169 236
177 236
192 236
195 236
212 236
215 236
24 237
40 237
47 237
72 237
89 237
90 237
95 237
96 237
112 237
119 237
136 237
137 237
168 237
178 237
202 237
205 237
220 237
4 238
11 238
12 238
21 238
28 238
32 238
34 238
60 238
68 238
74 238
89 238
96 238
101 238
147 238
156 238
167 238
174 238
175 238
201 238
206 238
0 239
5 239
13 239
44 239
66 239
68 239
71 239
81 239
97 239
119 239
126 239
129 239
155 239
167 239
188 239
210 239
212 239
215 239
0 240
11 240
34 240
52 240
70 240
81 240
83 240
93 240
114 240
135 240
136 240
141 240
165 240
169 240
174 240
176 240
177 240
186 240
196 240
198 240
216 240
220 240
232 240
12 241
16 241
29 241
60 241
64 241
65 241
66 241
83 241
84 241
92 241
101 241
102 241
124 241
142 241
153 241
155 241
182 241
204 241
210 241
211 241
221 241
227 241
228 241
235 241
240 241
27 242
32 242
66 242
67 242
69 242
70 242
90 242
125 242
129 242
130 242
144 242
162 242
172 242
182 242
187 242
192 242
196 242
207 242
223 242
229 242
19 243
20 243
26 243
32 243
41 243
71 243
85 243
93 243
94 243
96 243
109 243
114 243
175 243
180 243
185 243
191 243
204 243
207 243
213 243
230 243
236 243
8 244
15 244
43 244
44 244
45 244
82 244
123 244
151 244
157 244
175 244
177 244
179 244
185 244
218 244
240 244
19 245
23 245
49 245
54 245
56 245
66 245
80 245
84 245
85 245
98 245
116 245
122 245
137 245
150 245
151 245
163 245
176 245
185 245
189 245
199 245
204 245
213 245
229 245
0 246
6 246
32 246
46 246
72 246
86 246
93 246
120 246
129 246
130 246
174 246
177 246
188 246
194 246
209 246
233 246
8 247
13 247
22 247
26 247
43 247
49 247
56 247
103 247
106 247
112 247
130 247
149 247
177 247
197 247
198 247
200 247
204 247
217 247
220 247
221 247
231 247
35 248
42 248
53 248
68 248
72 248
78 248
81 248
89 248
91 248
103 248
113 248
117 248
129 248
140 248
151 248
153 248
156 248
160 248
164 248
171 248
186 248
211 248
215 248
217 248
223 248
8 249
19 249
24 249
26 249
34 249
37 249
68 249
69 249
72 249
78 249
88 249
93 249
112 249
127 249
139 249
165 249
192 249
193 249
198 249
201 249
229 249
230 249
233 249
238 249
33 250
55 250
62 250
64 250
70 250
71 250
81 250
89 250
90 250
101 250
123 250
124 250
132 250
142 250
180 250
187 250
223 250
224 250
230 250
232 250
233 250
238 250
4 251
10 251
20 251
21 251
27 251
36 251
84 251
89 251
102 251
106 251
110 251
111 251
115 251
136 251
139 251
149 251
150 251
158 251
162 251
164 251
196 251
197 251
206 251
221 251
230 251
235 251
7 252
11 252
36 252
42 252
49 252
52 252
53 252
54 252
88 252
104 252
108 252
119 252
143 252
152 252
157 252
164 252
166 252
183 252
208 252
222 252
231 252
233 252
242 252
248 252
1 253
5 253
37 253
52 253
82 253
95 253
157 253
159 253
162 253
234 253
237 253
242 253
243 253
245 253
250 253
19 254
23 254
40 254
66 254
79 254
81 254
94 254
100 254
109 254
144 254
154 254
171 254
195 254
210 254
220 254
228 254
231 254
238 254
247 254
22 255
41 255
68 255
72 255
78 255
86 255
88 255
115 255
118 255
133 255
150 255
191 255
201 255
207 255
225 255
227 255
230 255
235 255
2 256
8 256
12 256
16 256
48 256
57 256
76 256
81 256
90 256
114 256
121 256
123 256
140 256
148 256
151 256
174 256
176 256
178 256
181 256
214 256
216 256
11 257
29 257
40 257
45 257
47 257
71 257
78 257
81 257
134 257
137 257
158 257
176 257
182 257
186 257
213 257
216 257
219 257
235 257
236 257
245 257
247 257
6 258
11 258
20 258
32 258
35 258
36 258
46 258
49 258
56 258
57 258
88 258
90 258
97 258
105 258
117 258
128 258
130 258
134 258
141 258
182 258
196 258
202 258
207 258
214 258
230 258
237 258
247 258
5 259
11 259
15 259
30 259
36 259
42 259
44 259
48 259
70 259
71 259
75 259
77 259
81 259
87 259
90 259
94 259
108 259
111 259
117 259
158 259
162 259
189 259
194 259
196 259
203 259
208 259
212 259
214 259
224 259
227 259
231 259
232 259
240 259
242 259
3 260
11 260
16 260
29 260
32 260
51 260
70 260
71 260
77 260
86 260
95 260
99 260
102 260
125 260
131 260
132 260
139 260
142 260
143 260
174 260
176 260
184 260
186 260
190 260
230 260
241 260
248 260
2 261
28 261
29 261
34 261
53 261
57 261
78 261
80 261
108 261
116 261
118 261
119 261
122 261
136 261
140 261
151 261
157 261
170 261
183 261
189 261
194 261
202 261
211 261
218 261
219 261
234 261
0 262
8 262
18 262
30 262
51 262
63 262
65 262
77 262
88 262
95 262
111 262
134 262
139 262
194 262
196 262
224 262
235 262
242 262
253 262
260 262
8 263
18 263
26 263
33 263
36 263
44 263
59 263
66 263
72 263
78 263
79 263
96 263
104 263
113 263
116 263
118 263
150 263
157 263
164 263
170 263
171 263
172 263
176 263
181 263
184 263
185 263
202 263
209 263
213 263
229 263
231 263
243 263
259 263
0 264
6 264
15 264
21 264
34 264
49 264
56 264
58 264
59 264
67 264
87 264
100 264
109 264
111 264
116 264
119 264
122 264
132 264
141 264
148 264
162 264
187 264
191 264
226 264
248 264
259 264
5 265
26 265
34 265
40 265
41 265
43 265
48 265
52 265
56 265
60 265
63 265
69 265
74 265
76 265
94 265
98 265
102 265
109 265
116 265
131 265
135 265
150 265
168 265
176 265
215 265
220 265
225 265
236 265
240 265
248 265
26 266
33 266
39 266
59 266
62 266
65 266
69 266
94 266
120 266
130 266
148 266
154 266
180 266
206 266
212 266
218 266
234 266
6 267
8 267
14 267
24 267
32 267
50 267
53 267
75 267
76 267
104 267
115 267
162 267
164 267
168 267
174 267
205 267
211 267
218 267
259 267
11 268
54 268
61 268
79 268
83 268
91 268
104 268
112 268
133 268
136 268
141 268
149 268
162 268
187 268
196 268
201 268
214 268
223 268
228 268
252 268
254 268
12 269
27 269
29 269
40 269
47 269
72 269
81 269
100 269
136 269
150 269
161 269
170 269
173 269
182 269
183 269
203 269
208 269
215 269
221 269
237 269
240 269
243 269
13 270
15 270
19 270
28 270
29 270
40 270
44 270
48 270
71 270
80 270
103 270
104 270
108 270
117 270
150 270
186 270
189 270
191 270
202 270
218 270
222 270
260 270
5 271
7 271
11 271
26 271
31 271
38 271
45 271
52 271
72 271
81 271
83 271
86 271
89 271
135 271
144 271
147 271
176 271
196 271
204 271
210 271
213 271
253 271
6 272
9 272
23 272
40 272
59 272
92 272
98 272
117 272
176 272
181 272
196 272
205 272
222 272
223 272
235 272
238 272
243 272
247 272
248 272
254 272
257 272
20 273
35 273
46 273
48 273
58 273
63 273
68 273
69 273
77 273
81 273
83 273
114 273
128 273
139 273
147 273
148 273
149 273
157 273
179 273
197 273
210 273
213 273
235 273
241 273
242 273
244 273
248 273
259 273
15 274
27 274
30 274
33 274
43 274
56 274
75 274
78 274
103 274
117 274
122 274
130 274
142 274
153 274
160 274
164 274
170 274
172 274
182 274
195 274
204 274
225 274
230 274
232 274
241 274
250 274
8 275
29 275
32 275
111 275
116 275
123 275
128 275
137 275
145 275
147 275
152 275
157 275
176 275
207 275
210 275
218 275
235 275
260 275
1 276
3 276
9 276
23 276
27 276
30 276
55 276
56 276
59 276
75 276
80 276
90 276
94 276
102 276
113 276
115 276
121 276
134 276
168 276
180 276
183 276
198 276
201 276
220 276
229 276
234 276
249 276
259 276
4 277
27 277
38 277
46 277
58 277
59 277
74 277
85 277
87 277
97 277
129 277
175 277
177 277
199 277
214 277
233 277
244 277
246 277
249 277
255 277
7 278
15 278
28 278
33 278
50 278
71 278
73 278
78 278
93 278
120 278
148 278
150 278
160 278
165 278
175 278
181 278
206 278
221 278
224 278
226 278
249 278
19 279
23 279
24 279
43 279
56 279
72 279
79 279
80 279
88 279
100 279
103 279
112 279
124 279
125 279
127 279
174 279
225 279
228 279
246 279
247 279
258 279
259 279
6 280
19 280
29 280
37 280
51 280
56 280
64 280
72 280
82 280
98 280
121 280
128 280
147 280
173 280
175 280
191 280
206 280
218 280
226 280
229 280
235 280
236 280
239 280
254 280
256 280
266 280
1 281
9 281
13 281
19 281
20 281
24 281
51 281
72 281
78 281
90 281
94 281
108 281
112 281
123 281
124 281
129 281
132 281
133 281
145 281
152 281
156 281
170 281
181 281
191 281
193 281
195 281
204 281
208 281
232 281
251 281
259 281
263 281
279 281
22 282
26 282
37 282
43 282
53 282
57 282
65 282
88 282
91 282
105 282
108 282
119 282
122 282
132 282
149 282
152 282
156 282
173 282
176 282
179 282
182 282
218 282
251 282
275 282
9 283
16 283
28 283
31 283
34 283
42 283
58 283
79 283
83 283
97 283
98 283
100 283
125 283
162 283
164 283
172 283
187 283
197 283
201 283
204 283
209 283
213 283
234 283
258 283
261 283
270 283
4 284
14 284
17 284
31 284
38 284
42 284
52 284
58 284
60 284
63 284
78 284
86 284
100 284
103 284
106 284
109 284
130 284
159 284
179 284
205 284
232 284
239 284
244 284
251 284
252 284
257 284
266 284
27 285
30 285
46 285
49 285
65 285
114 285
118 285
123 285
131 285
137 285
148 285
157 285
166 285
182 285
194 285
196 285
202 285
212 285
228 285
250 285
255 285
279 285
20 286
21 286
22 286
24 286
44 286
50 286
59 286
88 286
94 286
103 286
107 286
115 286
121 286
126 286
131 286
132 286
150 286
159 286
161 286
189 286
191 286
200 286
201 286
209 286
227 286
236 286
240 286
249 286
250 286
251 286
261 286
265 286
4 287
6 287
9 287
13 287
23 287
28 287
31 287
35 287
36 287
46 287
71 287
77 287
93 287
94 287
103 287
130 287
131 287
164 287
174 287
177 287
210 287
223 287
228 287
240 287
242 287
245 287
272 287
1 288
26 288
29 288
42 288
44 288
60 288
74 288
76 288
79 288
96 288
106 288
114 288
124 288
140 288
141 288
144 288
153 288
164 288
182 288
214 288
222 288
234 288
239 288
240 288
251 288
255 288
261 288
274 288
9 289
12 289
23 289
28 289
36 289
41 289
50 289
75 289
111 289
117 289
124 289
143 289
154 289
156 289
176 289
181 289
194 289
204 289
205 289
227 289
234 289
244 289
256 289
269 289
270 289
271 289
11 290
12 290
19 290
25 290
33 290
36 290
40 290
48 290
52 290
71 290
76 290
82 290
86 290
87 290
94 290
100 290
102 290
132 290
134 290
141 290
142 290
155 290
159 290
169 290
172 290
179 290
204 290
231 290
232 290
238 290
240 290
256 290
258 290
269 290
278 290
4 291
17 291
27 291
30 291
35 291
41 291
47 291
50 291
56 291
71 291
73 291
85 291
131 291
139 291
147 291
157 291
177 291
185 291
199 291
212 291
222 291
241 291
251 291
281 291
0 292
3 292
4 292
14 292
38 292
40 292
82 292
87 292
93 292
96 292
99 292
103 292
158 292
180 292
192 292
204 292
206 292
209 292
216 292
232 292
234 292
236 292
239 292
243 292
258 292
265 292
284 292
7 293
17 293
47 293
49 293
52 293
55 293
58 293
63 293
64 293
67 293
70 293
72 293
82 293
95 293
124 293
125 293
126 293
129 293
141 293
152 293
164 293
198 293
202 293
227 293
252 293
259 293
282 293
4 294
12 294
14 294
32 294
37 294
40 294
45 294
48 294
53 294
84 294
97 294
110 294
111 294
149 294
158 294
160 294
163 294
177 294
183 294
198 294
223 294
234 294
262 294
284 294
10 295
13 295
22 295
29 295
35 295
63 295
66 295
80 295
83 295
121 295
125 295
153 295
156 295
158 295
183 295
210 295
221 295
225 295
228 295
230 295
242 295
247 295
264 295
1 296
40 296
43 296
45 296
61 296
63 296
66 296
67 296
74 296
82 296
83 296
84 296
89 296
95 296
98 296
103 296
122 296
127 296
136 296
137 296
139 296
145 296
158 296
167 296
173 296
176 296
214 296
220 296
223 296
227 296
231 296
234 296
243 296
256 296
261 296
276 296
277 296
285 296
10 297
13 297
17 297
25 297
44 297
45 297
74 297
83 297
84 297
99 297
104 297
105 297
124 297
143 297
165 297
191 297
202 297
216 297
219 297
222 297
234 297
248 297
255 297
260 297
267 297
268 297
285 297
286 297
6 298
28 298
39 298
53 298
60 298
64 298
71 298
74 298
76 298
80 298
84 298
102 298
104 298
105 298
115 298
116 298
119 298
132 298
141 298
152 298
172 298
173 298
203 298
213 298
214 298
230 298
234 298
242 298
244 298
250 298
264 298
266 298
268 298
271 298
272 298
277 298
0 299
9 299
17 299
18 299
32 299
55 299
59 299
60 299
75 299
76 299
81 299
105 299
117 299
119 299
121 299
123 299
131 299
137 299
140 299
149 299
151 299
160 299
164 299
174 299
186 299
200 299
207 299
214 299
215 299
232 299
258 299
263 299
270 299
279 299
