300 5534 5
12 13 10 7 13 13 13 9 10 10 9 9 7 5 9 10 10 10 11 12 11 8 8 7 12 8 8 10 12 13 15 17 10 9 14 11 14 17 13 11 12 10 14 2 15 13 14 12 5 13 13 12 6 12 4 12 9 11 11 8 5 15 17 11 4 9 8 11 9 9 12 12 8 11 10 8 5 10 15 9 9 7 11 8 3 9 10 10 9 12 10 10 9 10 9 6 12 12 11 6 15 7 10 13 11 11 11 10 11 11 14 7 8 18 12 10 16 12 11 9 9 9 14 10 10 8 13 11 9 11 4 6 14 9 14 13 9 9 8 5 7 12 6 7 4 15 13 12 13 11 6 4 7 14 7 14 14 4 5 13 8 7 12 11 10 13 12 12 12 18 13 11 5 8 13 14 10 9 13 18 10 14 12 16 9 3 10 11 9 10 17 10 13 11 13 8 15 11 9 15 8 11 6 13 8 8 9 7 7 12 14 10 14 10 9 3 6 11 10 8 13 11 6 13 13 5 11 13 6 12 12 6 7 13 13 14 8 10 15 9 7 11 13 10 12 13 12 11 13 13 12 12 12 10 14 12 14 11 13 14 14 17 10 9 8 10 13 6 9 11 11 15 5 8 12 8 11 13 4 16 12 12 12 8 9 9 17 5 5 9 10 12 13 8 12 16 13 13 10 15
7 10
3 11
6 11
9 11
4 12
8 12
1 14
8 14
0 15
3 15
5 15
6 15
8 15
3 16
7 16
3 17
4 18
3 19
5 19
9 19
10 19
13 19
17 19
0 20
8 21
15 21
8 22
16 22
4 23
12 24
1 25
10 25
3 26
5 26
8 26
12 26
21 26
22 26
8 27
11 27
13 27
19 27
21 27
5 28
20 28
24 28
5 29
9 29
19 29
20 29
22 29
6 30
14 30
19 30
24 30
25 30
3 31
4 31
7 31
9 31
15 31
24 31
14 32
0 33
1 33
12 33
14 33
15 33
2 34
12 34
5 35
6 35
9 35
14 35
22 35
5 36
6 36
13 36
14 36
17 36
20 36
4 37
11 37
4 38
13 38
2 39
3 39
6 39
10 39
24 39
3 40
8 40
12 40
15 40
8 41
1 42
10 42
25 42
0 43
2 43
9 43
10 43
14 43
16 43
24 43
1 44
11 44
12 44
14 44
35 44
37 44
40 44
25 45
27 45
30 45
33 45
34 45
39 45
42 45
7 46
16 46
26 46
4 47
13 47
16 47
17 47
24 47
32 47
35 47
38 47
43 47
10 48
18 48
19 48
38 48
9 49
25 49
31 49
35 49
8 50
12 50
16 50
17 50
22 50
30 50
3 51
6 51
11 51
16 51
21 51
23 51
24 51
37 51
40 51
20 52
21 52
22 52
32 52
33 52
39 52
49 52
2 53
17 53
20 53
31 53
33 53
44 53
5 54
14 54
19 54
28 54
40 54
50 54
6 55
7 55
12 55
30 55
33 55
42 55
43 55
6 56
8 56
36 56
47 56
11 57
17 57
23 57
24 57
26 57
28 57
36 57
44 57
21 58
34 58
35 58
36 58
48 58
2 59
11 59
17 59
18 59
19 59
24 59
25 59
28 59
42 59
44 59
45 59
46 59
0 60
2 60
6 60
12 60
17 60
26 60
33 60
48 60
2 61
12 61
16 61
17 61
28 61
29 61
34 61
48 61
5 62
8 62
26 62
39 62
40 62
1 63
5 63
7 63
36 63
38 63
41 63
44 63
10 64
20 64
31 64
48 64
58 64
60 64
32 65
44 65
46 65
49 65
52 65
2 66
15 66
21 66
22 66
45 66
50 66
51 66
53 66
62 66
63 66
4 67
8 67
11 67
30 67
35 67
39 67
46 67
55 67
59 67
61 67
62 67
11 68
16 68
18 68
27 68
28 68
30 68
31 68
33 68
37 68
42 68
52 68
53 68
58 68
8 69
9 69
14 69
30 69
33 69
42 69
44 69
47 69
58 69
62 69
4 70
12 70
23 70
24 70
26 70
48 70
50 70
56 70
62 70
13 71
18 71
22 71
26 71
27 71
31 71
44 71
53 71
1 72
14 72
47 72
49 72
63 72
0 73
17 73
36 73
45 73
55 73
56 73
1 74
2 74
14 74
28 74
30 74
32 74
45 74
62 74
14 75
29 75
32 75
45 75
48 75
49 75
55 75
56 75
61 75
40 76
47 76
50 76
57 76
62 76
9 77
11 77
18 77
31 77
33 77
41 77
43 77
46 77
48 77
50 77
52 77
1 78
8 78
9 78
14 78
23 78
24 78
32 78
36 78
39 78
47 78
63 78
7 79
24 79
26 79
31 79
34 79
38 79
70 79
4 80
19 80
21 80
31 80
34 80
36 80
53 80
64 80
14 81
36 81
40 81
43 81
47 81
48 81
52 81
58 81
69 81
71 81
0 82
24 82
32 82
54 82
60 82
61 82
63 82
72 82
2 83
10 83
14 83
18 83
22 83
34 83
35 83
36 83
43 83
44 83
52 83
58 83
59 83
64 83
79 83
3 84
13 84
14 84
18 84
30 84
42 84
56 84
65 84
66 84
74 84
76 84
79 84
0 85
70 85
82 85
6 86
48 86
55 86
56 86
57 86
75 86
15 87
18 87
24 87
27 87
41 87
48 87
56 87
61 87
63 87
68 87
73 87
83 87
1 88
2 88
3 88
13 88
32 88
57 88
66 88
73 88
77 88
30 89
35 89
41 89
45 89
56 89
58 89
71 89
73 89
80 89
5 90
7 90
19 90
33 90
41 90
42 90
44 90
48 90
57 90
65 90
69 90
73 90
75 90
13 91
19 91
36 91
41 91
47 91
55 91
71 91
76 91
82 91
84 91
2 92
8 92
23 92
28 92
47 92
48 92
52 92
56 92
2 93
22 93
23 93
27 93
29 93
32 93
39 93
43 93
54 93
57 93
62 93
64 93
70 93
74 93
78 93
12 94
17 94
22 94
25 94
31 94
53 94
57 94
76 94
82 94
0 95
19 95
29 95
40 95
54 95
60 95
68 95
78 95
0 96
1 96
3 96
13 96
19 96
34 96
39 96
68 96
69 96
73 96
74 96
78 96
81 96
86 96
15 97
24 97
27 97
33 97
38 97
45 97
47 97
60 97
71 97
77 97
81 97
5 98
10 98
18 98
26 98
40 98
47 98
59 98
66 98
72 98
73 98
85 98
7 99
8 99
13 99
16 99
24 99
25 99
44 99
59 99
65 99
66 99
71 99
85 99
86 99
96 99
8 100
11 100
35 100
38 100
39 100
41 100
46 100
59 100
63 100
65 100
66 100
70 100
75 100
85 100
90 100
1 101
12 101
20 101
29 101
44 101
50 101
66 101
76 101
77 101
78 101
9 102
26 102
28 102
36 102
40 102
50 102
51 102
54 102
56 102
62 102
73 102
85 102
88 102
91 102
19 103
45 103
48 103
62 103
64 103
66 103
81 103
87 103
89 103
96 103
8 104
24 104
37 104
45 104
58 104
63 104
65 104
69 104
70 104
80 104
23 105
24 105
25 105
28 105
31 105
37 105
50 105
57 105
67 105
71 105
72 105
76 105
91 105
93 105
95 105
1 106
4 106
10 106
32 106
33 106
34 106
36 106
50 106
70 106
76 106
84 106
93 106
10 107
20 107
24 107
45 107
54 107
56 107
65 107
75 107
90 107
96 107
2 108
3 108
14 108
17 108
19 108
24 108
27 108
35 108
36 108
44 108
51 108
63 108
69 108
80 108
85 108
86 108
92 108
94 108
1 109
29 109
35 109
41 109
43 109
44 109
51 109
69 109
72 109
81 109
97 109
16 110
17 110
25 110
30 110
31 110
32 110
33 110
35 110
37 110
52 110
55 110
58 110
66 110
70 110
72 110
77 110
83 110
88 110
89 110
97 110
8 111
14 111
17 111
18 111
26 111
33 111
37 111
38 111
41 111
46 111
51 111
55 111
62 111
68 111
71 111
76 111
94 111
4 112
13 112
18 112
19 112
20 112
34 112
41 112
50 112
58 112
84 112
88 112
91 112
5 113
15 113
17 113
27 113
34 113
44 113
51 113
63 113
66 113
86 113
7 114
15 114
18 114
21 114
40 114
50 114
52 114
60 114
62 114
71 114
81 114
94 114
2 115
6 115
10 115
16 115
17 115
20 115
23 115
24 115
32 115
36 115
40 115
51 115
55 115
56 115
66 115
68 115
71 115
79 115
83 115
93 115
96 115
97 115
105 115
107 115
108 115
111 115
5 116
23 116
25 116
31 116
33 116
34 116
59 116
60 116
65 116
70 116
77 116
81 116
83 116
85 116
86 116
107 116
108 116
110 116
3 117
7 117
17 117
38 117
68 117
78 117
80 117
86 117
88 117
106 117
4 118
7 118
9 118
22 118
24 118
28 118
32 118
36 118
44 118
49 118
76 118
81 118
84 118
89 118
0 119
3 119
5 119
12 119
16 119
22 119
29 119
35 119
36 119
51 119
63 119
79 119
106 119
108 119
114 119
6 120
7 120
17 120
39 120
46 120
49 120
52 120
56 120
67 120
71 120
74 120
83 120
84 120
92 120
27 121
46 121
66 121
67 121
69 121
72 121
78 121
93 121
94 121
95 121
1 122
4 122
8 122
11 122
30 122
40 122
51 122
52 122
58 122
70 122
82 122
86 122
105 122
108 122
111 122
4 123
5 123
16 123
23 123
24 123
35 123
37 123
53 123
61 123
68 123
76 123
78 123
81 123
89 123
98 123
117 123
12 124
19 124
21 124
29 124
31 124
32 124
36 124
42 124
43 124
48 124
56 124
59 124
62 124
79 124
81 124
103 124
115 124
2 125
15 125
22 125
23 125
46 125
67 125
83 125
89 125
91 125
116 125
117 125
118 125
119 125
121 125
1 126
11 126
34 126
38 126
50 126
53 126
63 126
66 126
68 126
70 126
77 126
83 126
84 126
109 126
110 126
114 126
16 127
23 127
37 127
43 127
44 127
59 127
67 127
80 127
99 127
109 127
4 128
17 128
31 128
35 128
37 128
40 128
42 128
48 128
59 128
69 128
81 128
90 128
97 128
101 128
112 128
114 128
120 128
11 129
25 129
28 129
31 129
33 129
56 129
60 129
63 129
81 129
89 129
90 129
100 129
110 129
112 129
113 129
114 129
0 130
14 130
15 130
27 130
31 130
35 130
36 130
43 130
56 130
63 130
64 130
69 130
71 130
73 130
83 130
84 130
90 130
96 130
99 130
101 130
114 130
122 130
9 131
10 131
13 131
15 131
24 131
26 131
29 131
31 131
35 131
43 131
44 131
69 131
76 131
84 131
93 131
101 131
18 132
29 132
36 132
48 132
49 132
52 132
55 132
58 132
72 132
77 132
94 132
98 132
103 132
105 132
106 132
119 132
127 132
0 133
3 133
8 133
11 133
15 133
20 133
23 133
26 133
32 133
37 133
46 133
62 133
64 133
65 133
69 133
77 133
80 133
128 133
2 134
8 134
19 134
26 134
28 134
37 134
40 134
53 134
76 134
80 134
97 134
106 134
112 134
129 134
18 135
32 135
39 135
43 135
54 135
58 135
66 135
71 135
99 135
100 135
109 135
110 135
123 135
124 135
3 136
5 136
7 136
14 136
18 136
22 136
24 136
26 136
34 136
38 136
40 136
42 136
45 136
48 136
54 136
80 136
91 136
92 136
99 136
24 137
37 137
46 137
47 137
50 137
60 137
61 137
62 137
67 137
72 137
74 137
83 137
97 137
99 137
111 137
118 137
121 137
126 137
2 138
3 138
28 138
39 138
40 138
64 138
65 138
72 138
74 138
76 138
77 138
87 138
93 138
100 138
101 138
105 138
113 138
115 138
118 138
119 138
127 138
128 138
2 139
4 139
9 139
20 139
27 139
34 139
37 139
43 139
55 139
56 139
66 139
76 139
99 139
123 139
21 140
22 140
26 140
45 140
51 140
55 140
70 140
72 140
84 140
120 140
131 140
132 140
9 141
24 141
25 141
30 141
52 141
57 141
61 141
72 141
107 141
124 141
130 141
4 142
6 142
11 142
23 142
30 142
41 142
42 142
48 142
50 142
65 142
73 142
77 142
78 142
108 142
130 142
13 143
34 143
41 143
43 143
46 143
47 143
54 143
62 143
65 143
70 143
71 143
76 143
85 143
92 143
97 143
98 143
116 143
130 143
4 144
11 144
21 144
22 144
27 144
36 144
43 144
55 144
75 144
78 144
80 144
82 144
86 144
99 144
105 144
126 144
130 144
2 145
17 145
22 145
23 145
25 145
40 145
48 145
83 145
84 145
92 145
94 145
127 145
134 145
6 146
11 146
17 146
18 146
23 146
34 146
39 146
44 146
50 146
52 146
68 146
78 146
93 146
96 146
98 146
99 146
102 146
104 146
109 146
113 146
125 146
135 146
8 147
13 147
19 147
25 147
26 147
43 147
44 147
46 147
52 147
53 147
58 147
64 147
66 147
84 147
93 147
109 147
110 147
113 147
115 147
120 147
121 147
126 147
128 147
131 147
20 148
25 148
47 148
53 148
61 148
64 148
69 148
71 148
84 148
92 148
106 148
107 148
113 148
115 148
133 148
13 149
25 149
32 149
67 149
90 149
91 149
94 149
96 149
105 149
114 149
126 149
139 149
8 150
9 150
18 150
25 150
28 150
32 150
33 150
34 150
49 150
50 150
52 150
53 150
71 150
73 150
75 150
85 150
87 150
100 150
109 150
121 150
4 151
5 151
14 151
26 151
47 151
55 151
72 151
76 151
105 151
107 151
108 151
111 151
114 151
118 151
119 151
136 151
0 152
9 152
11 152
18 152
20 152
28 152
40 152
41 152
56 152
67 152
68 152
79 152
81 152
99 152
101 152
105 152
114 152
116 152
124 152
128 152
1 153
15 153
28 153
30 153
52 153
59 153
63 153
76 153
84 153
105 153
111 153
114 153
128 153
143 153
149 153
17 154
20 154
23 154
39 154
67 154
83 154
85 154
108 154
113 154
116 154
124 154
125 154
128 154
129 154
133 154
7 155
20 155
23 155
26 155
30 155
32 155
34 155
45 155
50 155
62 155
66 155
68 155
69 155
94 155
95 155
111 155
128 155
129 155
135 155
138 155
151 155
1 156
12 156
29 156
40 156
75 156
83 156
85 156
92 156
96 156
100 156
106 156
118 156
143 156
149 156
1 157
32 157
60 157
66 157
67 157
76 157
99 157
103 157
115 157
122 157
145 157
151 157
19 158
21 158
28 158
44 158
61 158
68 158
80 158
85 158
86 158
93 158
97 158
103 158
143 158
3 159
8 159
18 159
21 159
24 159
25 159
27 159
52 159
54 159
59 159
69 159
83 159
85 159
90 159
96 159
113 159
117 159
121 159
130 159
132 159
133 159
150 159
151 159
13 160
27 160
33 160
45 160
65 160
68 160
70 160
72 160
75 160
78 160
79 160
80 160
98 160
100 160
113 160
115 160
144 160
3 161
18 161
20 161
26 161
29 161
37 161
38 161
68 161
92 161
111 161
121 161
122 161
128 161
0 162
19 162
27 162
36 162
37 162
43 162
49 162
50 162
80 162
85 162
89 162
101 162
103 162
118 162
131 162
143 162
144 162
148 162
149 162
3 163
9 163
17 163
26 163
35 163
40 163
55 163
62 163
66 163
89 163
111 163
114 163
127 163
141 163
149 163
0 164
3 164
12 164
17 164
22 164
40 164
60 164
64 164
65 164
88 164
89 164
94 164
95 164
102 164
105 164
120 164
121 164
131 164
132 164
137 164
148 164
151 164
13 165
14 165
29 165
45 165
50 165
54 165
62 165
77 165
78 165
80 165
83 165
96 165
99 165
136 165
141 165
142 165
20 166
26 166
27 166
28 166
30 166
31 166
37 166
51 166
55 166
61 166
66 166
67 166
82 166
83 166
86 166
95 166
98 166
101 166
103 166
112 166
114 166
116 166
122 166
138 166
144 166
152 166
156 166
159 166
161 166
162 166
165 166
6 167
16 167
24 167
33 167
52 167
67 167
68 167
83 167
86 167
89 167
99 167
101 167
108 167
112 167
114 167
117 167
148 167
153 167
155 167
16 168
18 168
24 168
33 168
41 168
44 168
56 168
63 168
71 168
98 168
102 168
116 168
118 168
141 168
146 168
150 168
154 168
162 168
2 169
16 169
25 169
28 169
32 169
36 169
40 169
66 169
76 169
96 169
100 169
124 169
127 169
135 169
148 169
152 169
154 169
165 169
1 170
3 170
11 170
21 170
30 170
39 170
49 170
50 170
54 170
64 170
66 170
70 170
112 170
116 170
124 170
131 170
142 170
143 170
153 170
157 170
165 170
13 171
29 171
32 171
42 171
47 171
54 171
70 171
74 171
77 171
82 171
84 171
97 171
98 171
102 171
107 171
119 171
123 171
129 171
143 171
157 171
163 171
2 172
3 172
8 172
13 172
19 172
43 172
60 172
65 172
67 172
70 172
71 172
81 172
82 172
83 172
84 172
86 172
90 172
92 172
115 172
122 172
139 172
157 172
163 172
164 172
5 173
15 173
48 173
49 173
61 173
63 173
73 173
83 173
91 173
113 173
115 173
122 173
130 173
131 173
135 173
145 173
156 173
157 173
160 173
163 173
8 174
10 174
13 174
14 174
40 174
44 174
47 174
50 174
68 174
79 174
99 174
123 174
125 174
133 174
139 174
141 174
146 174
148 174
149 174
4 175
6 175
14 175
17 175
22 175
49 175
51 175
53 175
76 175
91 175
95 175
97 175
103 175
113 175
116 175
129 175
135 175
149 175
153 175
159 175
162 175
2 176
3 176
22 176
24 176
30 176
39 176
40 176
41 176
43 176
45 176
49 176
56 176
57 176
65 176
70 176
75 176
77 176
87 176
94 176
112 176
122 176
124 176
144 176
145 176
149 176
153 176
161 176
162 176
0 177
6 177
13 177
26 177
35 177
38 177
46 177
57 177
71 177
77 177
79 177
81 177
85 177
92 177
106 177
117 177
118 177
130 177
137 177
145 177
147 177
152 177
157 177
160 177
172 177
6 178
13 178
15 178
16 178
17 178
30 178
38 178
46 178
47 178
60 178
65 178
67 178
77 178
86 178
105 178
113 178
118 178
123 178
133 178
134 178
138 178
147 178
151 178
152 178
158 178
165 178
166 178
172 178
6 179
25 179
26 179
29 179
38 179
53 179
58 179
64 179
73 179
74 179
75 179
78 179
79 179
89 179
92 179
99 179
100 179
106 179
115 179
116 179
130 179
132 179
133 179
142 179
143 179
157 179
1 180
12 180
26 180
30 180
38 180
53 180
69 180
71 180
102 180
106 180
108 180
111 180
119 180
129 180
134 180
135 180
144 180
149 180
159 180
164 180
16 181
34 181
39 181
42 181
47 181
52 181
55 181
56 181
60 181
65 181
66 181
80 181
98 181
114 181
122 181
125 181
136 181
147 181
149 181
154 181
161 181
166 181
167 181
14 182
23 182
35 182
38 182
43 182
49 182
52 182
82 182
83 182
94 182
95 182
96 182
100 182
105 182
108 182
116 182
121 182
126 182
136 182
141 182
145 182
147 182
159 182
171 182
172 182
5 183
8 183
26 183
28 183
38 183
41 183
47 183
52 183
53 183
59 183
71 183
75 183
82 183
97 183
98 183
100 183
101 183
104 183
121 183
133 183
134 183
136 183
155 183
156 183
159 183
161 183
170 183
18 184
19 184
31 184
44 184
56 184
57 184
60 184
62 184
63 184
65 184
80 184
88 184
101 184
122 184
127 184
136 184
139 184
143 184
146 184
153 184
172 184
181 184
0 185
32 185
35 185
49 185
50 185
56 185
59 185
62 185
64 185
66 185
72 185
113 185
126 185
129 185
131 185
137 185
155 185
2 186
3 186
16 186
18 186
30 186
34 186
36 186
41 186
48 186
65 186
77 186
78 186
79 186
81 186
86 186
104 186
105 186
126 186
128 186
130 186
136 186
143 186
158 186
171 186
174 186
183 186
1 187
10 187
11 187
29 187
35 187
40 187
41 187
45 187
50 187
63 187
85 187
99 187
101 187
105 187
114 187
140 187
148 187
159 187
168 187
175 187
182 187
0 188
10 188
18 188
25 188
42 188
43 188
66 188
68 188
74 188
79 188
83 188
104 188
110 188
115 188
119 188
121 188
130 188
135 188
161 188
166 188
171 188
181 188
0 189
8 189
10 189
13 189
20 189
29 189
47 189
62 189
65 189
72 189
78 189
84 189
91 189
93 189
103 189
112 189
118 189
122 189
126 189
132 189
141 189
143 189
144 189
153 189
160 189
178 189
4 190
13 190
17 190
18 190
22 190
24 190
25 190
27 190
29 190
31 190
53 190
54 190
55 190
65 190
69 190
90 190
92 190
93 190
95 190
104 190
127 190
140 190
151 190
160 190
176 190
3 191
9 191
17 191
18 191
21 191
25 191
26 191
29 191
35 191
36 191
41 191
49 191
56 191
59 191
70 191
82 191
91 191
95 191
97 191
115 191
121 191
125 191
128 191
158 191
180 191
9 192
21 192
26 192
58 192
60 192
73 192
80 192
83 192
95 192
101 192
102 192
103 192
117 192
124 192
125 192
129 192
131 192
136 192
146 192
155 192
170 192
177 192
1 193
10 193
22 193
27 193
32 193
56 193
57 193
63 193
76 193
93 193
99 193
102 193
116 193
118 193
124 193
136 193
143 193
148 193
152 193
155 193
157 193
163 193
0 194
10 194
14 194
17 194
34 194
39 194
70 194
81 194
85 194
89 194
105 194
107 194
137 194
148 194
150 194
161 194
165 194
174 194
15 195
32 195
44 195
59 195
64 195
65 195
67 195
72 195
82 195
85 195
89 195
105 195
112 195
122 195
123 195
127 195
137 195
163 195
172 195
178 195
180 195
0 196
21 196
29 196
37 196
81 196
94 196
103 196
111 196
115 196
122 196
130 196
134 196
153 196
155 196
160 196
161 196
176 196
3 197
15 197
21 197
27 197
28 197
31 197
32 197
41 197
64 197
65 197
72 197
80 197
83 197
92 197
100 197
103 197
113 197
115 197
116 197
119 197
121 197
125 197
128 197
131 197
132 197
137 197
149 197
153 197
160 197
164 197
182 197
189 197
5 198
34 198
40 198
44 198
50 198
54 198
55 198
64 198
65 198
89 198
94 198
137 198
139 198
141 198
159 198
5 199
14 199
23 199
26 199
27 199
31 199
36 199
40 199
41 199
44 199
54 199
74 199
82 199
95 199
121 199
127 199
143 199
147 199
157 199
173 199
176 199
1 200
12 200
17 200
38 200
39 200
56 200
58 200
60 200
62 200
64 200
73 200
77 200
78 200
81 200
97 200
104 200
105 200
106 200
107 200
121 200
126 200
127 200
139 200
141 200
147 200
160 200
162 200
166 200
170 200
175 200
2 201
9 201
19 201
35 201
51 201
56 201
60 201
65 201
71 201
76 201
77 201
78 201
80 201
86 201
88 201
92 201
94 201
104 201
107 201
129 201
130 201
138 201
151 201
161 201
167 201
172 201
174 201
175 201
182 201
195 201
5 202
9 202
12 202
16 202
20 202
22 202
33 202
34 202
40 202
54 202
60 202
63 202
64 202
67 202
76 202
87 202
89 202
91 202
120 202
123 202
129 202
136 202
143 202
145 202
150 202
175 202
182 202
184 202
187 202
190 202
195 202
5 203
27 203
40 203
45 203
55 203
60 203
64 203
67 203
69 203
70 203
74 203
84 203
89 203
110 203
123 203
128 203
130 203
140 203
155 203
158 203
163 203
164 203
166 203
185 203
187 203
11 204
21 204
30 204
48 204
49 204
51 204
60 204
62 204
80 204
89 204
101 204
108 204
112 204
120 204
122 204
126 204
141 204
142 204
151 204
159 204
160 204
161 204
167 204
168 204
175 204
185 204
198 204
4 205
10 205
14 205
17 205
23 205
26 205
27 205
32 205
34 205
59 205
61 205
65 205
68 205
69 205
75 205
86 205
87 205
95 205
96 205
101 205
126 205
131 205
141 205
155 205
156 205
167 205
177 205
179 205
180 205
181 205
185 205
186 205
193 205
198 205
12 206
14 206
21 206
47 206
49 206
51 206
53 206
62 206
63 206
66 206
90 206
114 206
120 206
124 206
131 206
145 206
161 206
170 206
183 206
194 206
195 206
6 207
14 207
24 207
30 207
38 207
44 207
46 207
73 207
79 207
82 207
92 207
106 207
110 207
112 207
119 207
123 207
146 207
149 207
161 207
171 207
174 207
175 207
178 207
183 207
187 207
199 207
200 207
6 208
8 208
14 208
18 208
21 208
27 208
30 208
41 208
54 208
61 208
69 208
76 208
85 208
88 208
115 208
118 208
128 208
131 208
145 208
157 208
163 208
164 208
165 208
167 208
168 208
173 208
189 208
190 208
197 208
0 209
1 209
2 209
5 209
6 209
7 209
12 209
35 209
42 209
43 209
47 209
48 209
50 209
55 209
61 209
76 209
77 209
78 209
83 209
90 209
91 209
92 209
96 209
100 209
119 209
130 209
141 209
151 209
171 209
183 209
1 210
23 210
33 210
35 210
40 210
41 210
48 210
60 210
62 210
71 210
75 210
78 210
82 210
114 210
116 210
117 210
125 210
128 210
135 210
145 210
148 210
157 210
177 210
186 210
199 210
4 211
11 211
12 211
18 211
32 211
42 211
55 211
57 211
60 211
66 211
75 211
79 211
82 211
95 211
105 211
128 211
132 211
140 211
161 211
202 211
50 212
61 212
69 212
71 212
73 212
92 212
102 212
112 212
115 212
126 212
140 212
159 212
160 212
164 212
165 212
176 212
184 212
200 212
202 212
0 213
1 213
23 213
29 213
31 213
37 213
46 213
51 213
58 213
64 213
77 213
79 213
80 213
82 213
85 213
87 213
95 213
99 213
107 213
111 213
126 213
138 213
160 213
163 213
169 213
173 213
186 213
208 213
4 214
16 214
17 214
21 214
28 214
29 214
32 214
33 214
57 214
61 214
64 214
76 214
91 214
96 214
98 214
102 214
104 214
110 214
120 214
127 214
132 214
138 214
141 214
165 214
167 214
174 214
178 214
186 214
187 214
192 214
195 214
204 214
208 214
11 215
14 215
23 215
25 215
38 215
54 215
56 215
61 215
64 215
66 215
91 215
94 215
108 215
111 215
133 215
157 215
158 215
187 215
197 215
199 215
201 215
12 216
15 216
18 216
26 216
43 216
68 216
86 216
95 216
100 216
101 216
105 216
113 216
122 216
125 216
132 216
150 216
157 216
158 216
162 216
169 216
176 216
177 216
184 216
197 216
202 216
208 216
1 217
7 217
13 217
14 217
38 217
63 217
81 217
87 217
93 217
94 217
98 217
102 217
114 217
117 217
125 217
131 217
133 217
135 217
138 217
139 217
153 217
158 217
166 217
175 217
180 217
185 217
193 217
200 217
203 217
1 218
2 218
14 218
27 218
42 218
50 218
65 218
69 218
70 218
72 218
73 218
80 218
86 218
92 218
94 218
96 218
100 218
103 218
110 218
112 218
129 218
135 218
141 218
143 218
150 218
163 218
166 218
167 218
169 218
179 218
181 218
196 218
199 218
201 218
203 218
4 219
14 219
16 219
19 219
34 219
40 219
73 219
98 219
114 219
115 219
130 219
131 219
134 219
146 219
150 219
161 219
189 219
197 219
201 219
1 220
2 220
3 220
36 220
43 220
46 220
57 220
70 220
75 220
81 220
92 220
94 220
111 220
120 220
130 220
157 220
164 220
170 220
179 220
180 220
185 220
189 220
192 220
195 220
198 220
206 220
6 221
11 221
17 221
18 221
21 221
23 221
30 221
48 221
49 221
50 221
53 221
55 221
57 221
71 221
78 221
95 221
96 221
99 221
100 221
106 221
109 221
117 221
133 221
140 221
141 221
142 221
156 221
161 221
163 221
165 221
170 221
191 221
197 221
200 221
204 221
205 221
0 222
19 222
45 222
51 222
52 222
55 222
78 222
86 222
96 222
101 222
126 222
132 222
134 222
139 222
142 222
157 222
170 222
175 222
176 222
188 222
197 222
198 222
200 222
208 222
212 222
18 223
31 223
34 223
35 223
41 223
43 223
54 223
62 223
90 223
116 223
134 223
148 223
164 223
165 223
176 223
178 223
194 223
203 223
205 223
207 223
211 223
217 223
218 223
221 223
29 224
30 224
38 224
58 224
67 224
69 224
78 224
81 224
84 224
91 224
98 224
99 224
112 224
116 224
122 224
139 224
140 224
151 224
174 224
176 224
178 224
179 224
185 224
188 224
191 224
197 224
201 224
202 224
208 224
211 224
213 224
218 224
221 224
1 225
4 225
25 225
36 225
54 225
60 225
73 225
83 225
84 225
89 225
94 225
96 225
100 225
103 225
105 225
121 225
126 225
132 225
133 225
140 225
142 225
143 225
148 225
160 225
171 225
185 225
186 225
197 225
199 225
201 225
205 225
220 225
1 226
8 226
15 226
19 226
21 226
26 226
30 226
37 226
43 226
51 226
58 226
91 226
97 226
106 226
129 226
140 226
161 226
165 226
167 226
168 226
178 226
182 226
188 226
195 226
206 226
207 226
216 226
219 226
9 227
17 227
20 227
27 227
29 227
34 227
37 227
42 227
43 227
49 227
52 227
75 227
94 227
98 227
124 227
126 227
130 227
152 227
159 227
174 227
176 227
179 227
202 227
219 227
0 228
1 228
2 228
3 228
7 228
37 228
54 228
58 228
76 228
77 228
82 228
86 228
93 228
99 228
102 228
110 228
115 228
120 228
138 228
151 228
155 228
193 228
199 228
201 228
204 228
207 228
209 228
211 228
215 228
2 229
6 229
7 229
10 229
16 229
19 229
20 229
22 229
48 229
52 229
58 229
63 229
65 229
73 229
74 229
85 229
135 229
149 229
160 229
162 229
167 229
180 229
196 229
212 229
6 230
23 230
24 230
26 230
27 230
31 230
32 230
42 230
43 230
46 230
54 230
57 230
77 230
88 230
96 230
98 230
102 230
109 230
131 230
132 230
140 230
151 230
156 230
157 230
178 230
189 230
190 230
193 230
199 230
202 230
208 230
223 230
0 231
7 231
10 231
13 231
15 231
17 231
19 231
27 231
66 231
69 231
75 231
82 231
83 231
120 231
122 231
132 231
133 231
139 231
140 231
148 231
164 231
175 231
186 231
199 231
216 231
220 231
7 232
16 232
23 232
25 232
28 232
55 232
67 232
74 232
81 232
117 232
125 232
127 232
137 232
163 232
164 232
175 232
176 232
184 232
207 232
208 232
219 232
29 233
30 233
35 233
37 233
39 233
41 233
58 233
61 233
65 233
66 233
104 233
105 233
111 233
113 233
119 233
121 233
124 233
126 233
130 233
138 233
150 233
174 233
175 233
176 233
178 233
183 233
198 233
208 233
214 233
217 233
223 233
228 233
6 234
17 234
20 234
28 234
41 234
47 234
67 234
81 234
90 234
102 234
108 234
112 234
129 234
144 234
145 234
147 234
154 234
164 234
169 234
173 234
177 234
200 234
207 234
212 234
214 234
215 234
216 234
218 234
221 234
225 234
226 234
228 234
19 235
23 235
32 235
44 235
54 235
55 235
64 235
74 235
75 235
90 235
104 235
106 235
107 235
111 235
120 235
121 235
122 235
126 235
150 235
151 235
158 235
164 235
175 235
188 235
204 235
206 235
208 235
213 235
5 236
10 236
22 236
30 236
37 236
56 236
57 236
61 236
72 236
85 236
90 236
94 236
97 236
98 236
101 236
111 236
114 236
121 236
122 236
131 236
137 236
140 236
143 236
160 236
165 236
179 236
181 236
183 236
187 236
189 236
201 236
228 236
3 237
9 237
18 237
36 237
39 237
42 237
50 237
53 237
54 237
64 237
77 237
94 237
100 237
102 237
103 237
127 237
131 237
160 237
167 237
170 237
171 237
174 237
176 237
178 237
194 237
198 237
209 237
211 237
213 237
221 237
226 237
2 238
18 238
30 238
53 238
55 238
58 238
59 238
60 238
63 238
75 238
115 238
116 238
118 238
121 238
127 238
130 238
146 238
152 238
163 238
172 238
176 238
184 238
201 238
202 238
213 238
214 238
217 238
220 238
223 238
224 238
0 239
8 239
12 239
29 239
32 239
43 239
47 239
58 239
63 239
70 239
79 239
83 239
98 239
99 239
110 239
121 239
136 239
142 239
143 239
147 239
148 239
157 239
159 239
168 239
177 239
212 239
216 239
233 239
12 240
17 240
18 240
45 240
51 240
56 240
57 240
64 240
67 240
68 240
69 240
85 240
96 240
97 240
130 240
134 240
135 240
136 240
140 240
159 240
172 240
178 240
182 240
184 240
192 240
195 240
196 240
197 240
200 240
202 240
216 240
225 240
238 240
4 241
11 241
22 241
46 241
59 241
73 241
79 241
81 241
105 241
107 241
112 241
116 241
122 241
124 241
128 241
134 241
146 241
157 241
158 241
162 241
173 241
177 241
182 241
206 241
208 241
212 241
220 241
226 241
228 241
233 241
234 241
238 241
1 242
5 242
15 242
18 242
20 242
34 242
60 242
64 242
77 242
94 242
96 242
97 242
98 242
105 242
108 242
114 242
123 242
127 242
129 242
130 242
131 242
137 242
138 242
151 242
152 242
164 242
165 242
175 242
184 242
190 242
192 242
194 242
198 242
199 242
200 242
203 242
225 242
226 242
234 242
235 242
7 243
17 243
22 243
23 243
36 243
48 243
51 243
59 243
66 243
73 243
79 243
84 243
88 243
129 243
143 243
149 243
151 243
155 243
169 243
173 243
190 243
206 243
209 243
215 243
217 243
219 243
13 244
23 244
34 244
47 244
56 244
114 244
117 244
136 244
138 244
147 244
159 244
164 244
166 244
180 244
181 244
187 244
189 244
195 244
198 244
231 244
234 244
9 245
13 245
51 245
54 245
66 245
75 245
88 245
106 245
119 245
120 245
123 245
144 245
183 245
187 245
201 245
207 245
214 245
220 245
228 245
232 245
0 246
1 246
13 246
15 246
19 246
21 246
24 246
30 246
31 246
34 246
46 246
50 246
63 246
65 246
67 246
72 246
78 246
80 246
82 246
84 246
86 246
91 246
94 246
134 246
142 246
144 246
149 246
160 246
164 246
168 246
170 246
174 246
180 246
195 246
201 246
204 246
218 246
221 246
234 246
6 247
16 247
21 247
27 247
34 247
46 247
48 247
56 247
59 247
60 247
81 247
91 247
92 247
94 247
111 247
132 247
134 247
139 247
145 247
151 247
154 247
155 247
162 247
164 247
169 247
171 247
177 247
190 247
207 247
213 247
214 247
223 247
4 248
13 248
34 248
38 248
42 248
48 248
58 248
67 248
70 248
74 248
78 248
82 248
85 248
90 248
94 248
96 248
103 248
109 248
112 248
113 248
115 248
118 248
122 248
134 248
145 248
156 248
170 248
173 248
183 248
184 248
199 248
200 248
201 248
204 248
210 248
215 248
218 248
228 248
232 248
3 249
14 249
28 249
41 249
42 249
43 249
44 249
49 249
50 249
52 249
54 249
71 249
82 249
86 249
117 249
118 249
119 249
127 249
130 249
134 249
142 249
157 249
158 249
196 249
201 249
208 249
222 249
226 249
235 249
4 250
17 250
22 250
28 250
32 250
46 250
55 250
56 250
60 250
62 250
65 250
70 250
78 250
80 250
82 250
85 250
86 250
88 250
101 250
105 250
112 250
120 250
122 250
125 250
126 250
127 250
147 250
158 250
166 250
168 250
174 250
175 250
181 250
182 250
197 250
201 250
213 250
224 250
232 250
235 250
237 250
247 250
15 251
17 251
21 251
40 251
49 251
52 251
53 251
56 251
63 251
65 251
71 251
72 251
80 251
89 251
92 251
94 251
100 251
101 251
102 251
110 251
113 251
114 251
121 251
137 251
138 251
141 251
143 251
157 251
162 251
166 251
170 251
175 251
176 251
181 251
186 251
189 251
195 251
203 251
225 251
227 251
231 251
234 251
245 251
11 252
23 252
25 252
28 252
29 252
47 252
54 252
68 252
71 252
97 252
116 252
120 252
125 252
138 252
145 252
153 252
154 252
159 252
164 252
172 252
174 252
184 252
203 252
216 252
218 252
220 252
229 252
231 252
234 252
236 252
245 252
7 253
18 253
25 253
26 253
29 253
39 253
52 253
54 253
56 253
66 253
72 253
86 253
108 253
110 253
140 253
149 253
155 253
167 253
171 253
172 253
179 253
186 253
195 253
196 253
205 253
210 253
217 253
226 253
231 253
244 253
249 253
17 254
20 254
24 254
29 254
32 254
34 254
46 254
62 254
71 254
79 254
109 254
114 254
116 254
119 254
125 254
136 254
143 254
149 254
196 254
200 254
211 254
212 254
219 254
222 254
238 254
242 254
246 254
13 255
45 255
47 255
69 255
70 255
73 255
76 255
77 255
86 255
90 255
97 255
108 255
112 255
138 255
150 255
159 255
161 255
167 255
186 255
197 255
206 255
219 255
246 255
249 255
0 256
14 256
24 256
30 256
31 256
38 256
40 256
50 256
51 256
70 256
71 256
74 256
83 256
99 256
100 256
104 256
107 256
112 256
116 256
118 256
121 256
123 256
137 256
148 256
153 256
159 256
164 256
165 256
166 256
167 256
170 256
183 256
195 256
196 256
208 256
213 256
242 256
245 256
249 256
9 257
21 257
29 257
30 257
45 257
62 257
75 257
106 257
112 257
114 257
125 257
145 257
179 257
185 257
188 257
190 257
198 257
210 257
214 257
219 257
222 257
224 257
2 258
5 258
14 258
16 258
18 258
22 258
23 258
33 258
48 258
52 258
57 258
60 258
84 258
86 258
95 258
102 258
108 258
114 258
125 258
133 258
134 258
142 258
143 258
145 258
152 258
161 258
162 258
163 258
176 258
177 258
178 258
179 258
180 258
183 258
184 258
185 258
192 258
193 258
194 258
205 258
206 258
207 258
216 258
220 258
245 258
5 259
13 259
17 259
29 259
37 259
42 259
49 259
50 259
53 259
55 259
70 259
76 259
77 259
79 259
81 259
87 259
88 259
89 259
100 259
103 259
118 259
124 259
130 259
134 259
138 259
146 259
152 259
158 259
159 259
187 259
193 259
209 259
211 259
215 259
216 259
225 259
227 259
237 259
249 259
255 259
5 260
6 260
20 260
21 260
29 260
32 260
39 260
42 260
52 260
54 260
84 260
104 260
110 260
115 260
121 260
127 260
130 260
137 260
152 260
153 260
191 260
192 260
217 260
224 260
245 260
257 260
6 261
12 261
25 261
32 261
36 261
47 261
59 261
64 261
101 261
103 261
104 261
124 261
125 261
132 261
141 261
146 261
147 261
151 261
153 261
154 261
157 261
163 261
167 261
192 261
203 261
204 261
224 261
226 261
241 261
244 261
249 261
6 262
18 262
26 262
43 262
57 262
64 262
70 262
73 262
77 262
79 262
87 262
94 262
96 262
113 262
123 262
127 262
136 262
152 262
154 262
156 262
162 262
166 262
224 262
227 262
236 262
239 262
246 262
248 262
252 262
5 263
6 263
7 263
9 263
33 263
35 263
45 263
68 263
72 263
76 263
80 263
88 263
95 263
101 263
110 263
111 263
120 263
127 263
138 263
142 263
143 263
161 263
173 263
199 263
211 263
240 263
241 263
0 264
10 264
15 264
44 264
51 264
57 264
62 264
75 264
80 264
82 264
87 264
113 264
121 264
136 264
143 264
147 264
150 264
155 264
168 264
188 264
191 264
211 264
217 264
223 264
230 264
235 264
242 264
246 264
13 265
32 265
34 265
39 265
48 265
51 265
61 265
66 265
72 265
76 265
81 265
88 265
99 265
100 265
116 265
120 265
121 265
123 265
133 265
144 265
151 265
156 265
162 265
165 265
188 265
189 265
194 265
198 265
202 265
204 265
205 265
209 265
220 265
230 265
241 265
247 265
250 265
251 265
4 266
16 266
18 266
20 266
37 266
49 266
65 266
71 266
73 266
76 266
89 266
91 266
94 266
105 266
127 266
130 266
137 266
140 266
141 266
147 266
157 266
161 266
173 266
182 266
183 266
193 266
202 266
210 266
215 266
217 266
223 266
232 266
235 266
254 266
12 267
29 267
34 267
35 267
37 267
40 267
49 267
50 267
65 267
69 267
70 267
74 267
95 267
117 267
122 267
129 267
132 267
136 267
141 267
147 267
148 267
151 267
158 267
162 267
164 267
167 267
171 267
177 267
182 267
197 267
204 267
235 267
246 267
31 268
41 268
51 268
64 268
71 268
76 268
79 268
87 268
96 268
102 268
108 268
116 268
118 268
123 268
128 268
131 268
158 268
161 268
169 268
171 268
176 268
179 268
184 268
194 268
198 268
206 268
215 268
236 268
253 268
23 269
26 269
27 269
28 269
30 269
37 269
38 269
40 269
47 269
57 269
60 269
64 269
65 269
66 269
73 269
110 269
120 269
138 269
139 269
153 269
166 269
168 269
172 269
174 269
195 269
199 269
200 269
202 269
225 269
235 269
242 269
255 269
257 269
1 270
3 270
11 270
17 270
19 270
20 270
22 270
23 270
29 270
30 270
37 270
43 270
44 270
51 270
54 270
55 270
57 270
58 270
61 270
69 270
78 270
79 270
84 270
97 270
104 270
144 270
155 270
173 270
174 270
180 270
183 270
186 270
187 270
192 270
200 270
201 270
221 270
230 270
231 270
233 270
257 270
265 270
266 270
1 271
13 271
29 271
31 271
32 271
44 271
47 271
49 271
58 271
66 271
89 271
93 271
107 271
116 271
128 271
132 271
133 271
134 271
138 271
140 271
142 271
146 271
147 271
160 271
180 271
191 271
195 271
197 271
209 271
220 271
223 271
226 271
227 271
234 271
238 271
251 271
254 271
259 271
266 271
0 272
2 272
3 272
5 272
7 272
18 272
21 272
26 272
35 272
53 272
63 272
71 272
89 272
98 272
106 272
114 272
121 272
125 272
131 272
139 272
143 272
154 272
170 272
197 272
216 272
226 272
232 272
251 272
4 273
12 273
16 273
21 273
24 273
50 273
63 273
64 273
65 273
80 273
81 273
87 273
88 273
92 273
99 273
102 273
116 273
121 273
134 273
135 273
156 273
178 273
180 273
187 273
190 273
196 273
197 273
198 273
202 273
206 273
214 273
225 273
233 273
241 273
258 273
259 273
262 273
3 274
4 274
6 274
8 274
10 274
13 274
16 274
22 274
24 274
33 274
39 274
50 274
53 274
54 274
69 274
85 274
90 274
113 274
117 274
128 274
134 274
147 274
148 274
151 274
164 274
171 274
188 274
199 274
200 274
208 274
219 274
230 274
233 274
235 274
239 274
258 274
260 274
0 275
21 275
22 275
25 275
41 275
46 275
47 275
49 275
53 275
54 275
57 275
58 275
69 275
72 275
76 275
79 275
91 275
100 275
105 275
112 275
115 275
118 275
123 275
133 275
142 275
146 275
148 275
151 275
155 275
169 275
171 275
183 275
188 275
189 275
190 275
204 275
220 275
223 275
224 275
246 275
248 275
252 275
263 275
264 275
267 275
5 276
8 276
15 276
19 276
23 276
30 276
39 276
45 276
79 276
82 276
84 276
143 276
147 276
149 276
155 276
158 276
165 276
172 276
183 276
201 276
244 276
247 276
253 276
255 276
263 276
264 276
9 277
21 277
25 277
29 277
42 277
51 277
58 277
70 277
79 277
86 277
95 277
108 277
109 277
116 277
126 277
127 277
133 277
135 277
138 277
144 277
147 277
213 277
217 277
249 277
251 277
258 277
268 277
275 277
6 278
26 278
52 278
53 278
54 278
56 278
59 278
67 278
69 278
73 278
76 278
78 278
80 278
83 278
84 278
87 278
88 278
93 278
102 278
108 278
111 278
113 278
119 278
121 278
123 278
125 278
126 278
134 278
137 278
138 278
149 278
154 278
157 278
159 278
172 278
175 278
177 278
182 278
187 278
190 278
192 278
194 278
199 278
201 278
212 278
216 278
231 278
243 278
252 278
260 278
270 278
271 278
1 279
5 279
12 279
33 279
41 279
46 279
56 279
66 279
70 279
75 279
81 279
86 279
90 279
91 279
94 279
106 279
108 279
117 279
132 279
143 279
157 279
165 279
167 279
170 279
174 279
184 279
185 279
186 279
199 279
200 279
203 279
204 279
206 279
213 279
218 279
239 279
246 279
254 279
256 279
257 279
267 279
8 280
12 280
29 280
32 280
35 280
36 280
53 280
74 280
93 280
105 280
108 280
111 280
115 280
124 280
128 280
140 280
141 280
149 280
161 280
167 280
170 280
173 280
186 280
190 280
193 280
200 280
205 280
212 280
226 280
227 280
243 280
246 280
257 280
260 280
264 280
272 280
0 281
2 281
9 281
14 281
16 281
20 281
21 281
27 281
36 281
37 281
68 281
72 281
74 281
80 281
82 281
86 281
95 281
98 281
100 281
102 281
103 281
112 281
114 281
121 281
125 281
127 281
129 281
141 281
150 281
154 281
163 281
166 281
179 281
188 281
202 281
207 281
210 281
230 281
238 281
240 281
243 281
271 281
1 282
10 282
17 282
20 282
23 282
25 282
43 282
50 282
65 282
69 282
73 282
81 282
90 282
91 282
98 282
100 282
125 282
126 282
137 282
150 282
151 282
155 282
171 282
192 282
198 282
200 282
205 282
211 282
216 282
220 282
221 282
242 282
243 282
251 282
257 282
270 282
274 282
275 282
16 283
28 283
42 283
54 283
77 283
82 283
113 283
128 283
135 283
146 283
149 283
152 283
155 283
183 283
187 283
191 283
198 283
219 283
225 283
235 283
240 283
244 283
252 283
15 284
49 284
50 284
52 284
63 284
89 284
91 284
100 284
106 284
114 284
124 284
128 284
131 284
142 284
157 284
158 284
163 284
167 284
172 284
182 284
189 284
211 284
212 284
225 284
226 284
231 284
232 284
235 284
268 284
269 284
5 285
15 285
18 285
19 285
26 285
27 285
30 285
33 285
36 285
42 285
43 285
47 285
51 285
55 285
56 285
66 285
72 285
92 285
104 285
105 285
113 285
119 285
144 285
167 285
184 285
186 285
195 285
197 285
222 285
224 285
230 285
235 285
239 285
248 285
258 285
259 285
263 285
264 285
265 285
15 286
26 286
31 286
35 286
36 286
41 286
49 286
57 286
64 286
68 286
70 286
90 286
103 286
104 286
109 286
111 286
125 286
133 286
140 286
145 286
151 286
156 286
157 286
158 286
162 286
167 286
173 286
176 286
189 286
220 286
223 286
243 286
264 286
271 286
274 286
275 286
13 287
20 287
22 287
31 287
56 287
71 287
78 287
89 287
103 287
108 287
146 287
153 287
161 287
163 287
181 287
186 287
188 287
196 287
201 287
211 287
223 287
234 287
245 287
246 287
247 287
253 287
260 287
262 287
275 287
11 288
23 288
37 288
61 288
70 288
71 288
81 288
116 288
119 288
124 288
126 288
128 288
129 288
136 288
140 288
141 288
142 288
148 288
169 288
179 288
187 288
193 288
202 288
203 288
206 288
209 288
217 288
226 288
230 288
239 288
258 288
19 289
28 289
31 289
35 289
61 289
91 289
126 289
128 289
130 289
141 289
144 289
156 289
181 289
191 289
204 289
205 289
214 289
219 289
235 289
240 289
249 289
255 289
266 289
268 289
269 289
274 289
276 289
277 289
278 289
282 289
286 289
6 290
16 290
18 290
25 290
32 290
46 290
64 290
76 290
77 290
84 290
86 290
93 290
106 290
109 290
117 290
118 290
127 290
137 290
143 290
148 290
153 290
157 290
194 290
199 290
205 290
209 290
210 290
231 290
254 290
258 290
261 290
265 290
276 290
282 290
4 291
6 291
21 291
36 291
38 291
40 291
57 291
99 291
102 291
104 291
108 291
114 291
130 291
133 291
146 291
153 291
159 291
172 291
173 291
176 291
179 291
197 291
198 291
202 291
206 291
213 291
216 291
233 291
239 291
244 291
250 291
256 291
260 291
266 291
280 291
284 291
14 292
18 292
28 292
31 292
33 292
34 292
48 292
51 292
55 292
61 292
62 292
63 292
92 292
100 292
101 292
107 292
116 292
120 292
124 292
135 292
143 292
149 292
167 292
168 292
178 292
179 292
185 292
194 292
205 292
220 292
221 292
259 292
266 292
275 292
279 292
284 292
0 293
1 293
3 293
7 293
21 293
22 293
29 293
37 293
43 293
45 293
57 293
64 293
66 293
74 293
78 293
82 293
93 293
102 293
114 293
121 293
147 293
162 293
185 293
188 293
196 293
200 293
201 293
207 293
208 293
210 293
214 293
232 293
247 293
255 293
256 293
264 293
269 293
274 293
278 293
287 293
10 294
14 294
16 294
23 294
53 294
63 294
66 294
67 294
72 294
78 294
98 294
110 294
138 294
144 294
146 294
151 294
160 294
162 294
185 294
191 294
204 294
205 294
206 294
214 294
219 294
224 294
232 294
246 294
264 294
267 294
3 295
4 295
8 295
10 295
17 295
26 295
31 295
45 295
57 295
63 295
65 295
68 295
71 295
73 295
74 295
78 295
82 295
85 295
103 295
109 295
126 295
135 295
137 295
145 295
152 295
154 295
160 295
161 295
164 295
165 295
171 295
197 295
209 295
216 295
219 295
243 295
246 295
248 295
249 295
261 295
262 295
270 295
279 295
285 295
5 296
15 296
16 296
22 296
36 296
47 296
61 296
63 296
64 296
73 296
79 296
86 296
121 296
144 296
149 296
164 296
166 296
170 296
182 296
201 296
202 296
230 296
239 296
243 296
247 296
252 296
262 296
279 296
283 296
288 296
2 297
9 297
15 297
17 297
34 297
37 297
38 297
39 297
41 297
42 297
43 297
51 297
54 297
56 297
59 297
71 297
102 297
108 297
109 297
110 297
133 297
139 297
142 297
148 297
161 297
162 297
168 297
173 297
182 297
185 297
193 297
194 297
199 297
214 297
225 297
226 297
231 297
233 297
234 297
235 297
236 297
237 297
240 297
244 297
248 297
250 297
252 297
271 297
273 297
283 297
1 298
9 298
25 298
31 298
34 298
35 298
37 298
38 298
41 298
49 298
72 298
73 298
79 298
80 298
85 298
96 298
115 298
119 298
121 298
125 298
126 298
150 298
152 298
158 298
159 298
160 298
164 298
198 298
212 298
222 298
228 298
230 298
238 298
244 298
249 298
253 298
254 298
260 298
274 298
0 299
11 299
16 299
22 299
27 299
39 299
67 299
70 299
75 299
105 299
119 299
120 299
121 299
126 299
131 299
136 299
147 299
154 299
158 299
164 299
175 299
181 299
183 299
186 299
193 299
198 299
206 299
208 299
215 299
216 299
242 299
245 299
255 299
260 299
262 299
263 299
272 299
283 299
286 299
