300 8997 5
14 15 4 12 2 3 7 13 2 18 4 16 19 17 5 2 6 11 17 5 20 4 1 17 2 12 17 11 6 14 14 14 7 14 14 2 4 20 20 16 19 18 18 16 12 13 20 8 18 16 6 15 8 9 5 4 1 11 14 7 7 6 15 11 15 15 6 2 2 12 17 6 5 10 2 20 4 8 9 3 15 15 5 6 17 9 12 2 14 11 12 11 12 12 1 14 12 7 6 19 11 5 7 14 16 17 1 15 15 18 17 1 17 10 15 7 12 10 8 20 18 16 6 1 15 15 20 9 12 20 20 9 2 15 9 17 7 14 13 18 17 14 12 19 4 4 20 14 2 14 10 16 20 15 15 19 5 11 8 7 5 10 12 18 4 11 7 12 20 19 17 7 17 1 11 17 1 8 17 2 17 1 12 6 6 9 20 11 18 17 10 4 11 15 9 7 8 4 10 12 4 15 3 1 4 13 13 17 16 15 12 5 13 2 17 5 19 14 10 10 18 4 19 20 19 9 14 15 20 1 16 5 11 1 11 16 3 7 11 6 12 6 6 4 6 18 11 4 11 6 11 8 20 8 4 18 3 1 17 3 2 14 15 5 2 11 9 10 1 11 4 11 16 19 19 18 10 7 14 11 8 10 14 19 8 3 4 20 1 14 10 3 17 8 4 4 4 15 13 9
0 4
1 4
2 4
0 5
1 5
4 5
3 6
3 7
3 8
4 10
9 10
0 11
4 11
0 12
2 12
3 12
4 12
2 13
11 14
5 15
8 15
11 15
1 16
3 16
9 16
12 16
1 17
6 17
7 17
0 18
3 18
8 18
10 18
16 18
7 19
5 20
7 20
8 20
10 20
16 20
17 20
0 21
10 21
14 21
1 22
5 22
15 22
16 22
19 22
3 23
6 23
20 23
9 24
11 24
14 24
15 24
17 24
19 24
9 25
11 25
12 25
18 25
19 25
24 25
1 26
2 26
4 26
11 26
12 26
17 26
3 27
6 27
8 27
13 27
14 27
15 27
24 27
9 28
12 28
17 28
18 28
25 28
13 29
24 29
28 29
6 30
9 30
16 30
20 30
22 30
29 30
2 31
4 31
5 31
7 31
8 31
10 31
13 31
16 31
23 31
24 31
28 31
29 31
1 32
5 32
13 32
15 32
27 32
30 32
31 32
2 33
21 33
28 33
30 33
1 34
17 34
23 34
24 34
1 35
3 35
4 35
5 35
10 35
15 35
16 35
17 35
28 35
0 36
1 36
5 36
9 36
10 36
23 36
24 36
26 36
27 36
29 36
34 36
7 37
14 37
24 37
29 37
32 37
9 38
11 38
14 38
15 38
25 38
28 38
32 38
7 39
15 39
21 39
26 39
29 39
33 39
12 40
14 40
16 40
17 40
20 40
34 40
39 40
2 41
12 41
13 41
15 41
17 41
24 41
27 41
30 41
32 41
35 41
39 41
3 42
5 42
9 42
18 42
24 42
34 42
5 43
8 43
12 43
13 43
14 43
15 43
19 43
27 43
33 43
37 43
8 44
9 44
14 44
20 44
28 44
29 44
40 44
42 44
11 45
22 45
23 45
32 45
39 45
40 45
41 45
44 45
17 46
26 46
32 46
33 46
34 46
36 46
39 46
2 47
10 47
27 47
35 47
39 47
2 48
7 48
14 48
25 48
27 48
28 48
32 48
33 48
38 48
46 48
12 49
15 49
16 49
19 49
21 49
31 49
38 49
43 49
45 49
1 50
2 50
3 50
11 50
15 50
18 50
31 50
48 50
0 51
1 51
5 51
6 51
10 51
18 51
30 51
36 51
39 51
41 51
43 51
1 52
6 52
7 52
8 52
12 52
26 52
28 52
29 52
35 52
42 52
45 52
46 52
51 52
3 53
10 53
11 53
14 53
24 53
27 53
29 53
47 53
48 53
50 53
52 53
2 54
13 54
16 54
19 54
27 54
28 54
31 54
37 54
50 54
53 54
0 55
6 55
15 55
16 55
17 55
23 55
26 55
27 55
33 55
43 55
44 55
47 55
52 55
0 56
2 56
19 56
26 56
35 56
45 56
51 56
0 57
10 57
16 57
17 57
19 57
20 57
23 57
26 57
32 57
45 57
49 57
52 57
54 57
55 57
1 58
8 58
12 58
14 58
15 58
20 58
24 58
31 58
33 58
37 58
44 58
52 58
54 58
0 59
23 59
26 59
27 59
29 59
34 59
39 59
53 59
25 60
26 60
28 60
34 60
38 60
45 60
46 60
58 60
4 61
6 61
8 61
12 61
29 61
33 61
34 61
36 61
41 61
47 61
48 61
52 61
53 61
55 61
2 62
3 62
7 62
18 62
21 62
25 62
27 62
29 62
32 62
44 62
45 62
48 62
49 62
61 62
0 63
1 63
2 63
9 63
12 63
22 63
28 63
30 63
32 63
38 63
43 63
57 63
58 63
59 63
0 64
3 64
7 64
11 64
13 64
19 64
44 64
50 64
51 64
53 64
54 64
6 65
17 65
22 65
25 65
31 65
35 65
41 65
45 65
46 65
63 65
2 66
7 66
12 66
15 66
17 66
18 66
21 66
27 66
28 66
30 66
34 66
35 66
48 66
61 66
62 66
64 66
2 67
4 67
7 67
22 67
24 67
25 67
26 67
30 67
37 67
45 67
46 67
50 67
1 68
2 68
4 68
7 68
9 68
13 68
14 68
32 68
36 68
38 68
41 68
42 68
43 68
51 68
57 68
58 68
1 69
2 69
4 69
7 69
9 69
11 69
24 69
35 69
36 69
48 69
49 69
51 69
55 69
61 69
63 69
67 69
1 70
6 70
10 70
17 70
18 70
23 70
30 70
35 70
38 70
41 70
42 70
43 70
49 70
52 70
63 70
66 70
69 70
8 71
9 71
10 71
16 71
17 71
22 71
26 71
27 71
31 71
35 71
37 71
38 71
48 71
60 71
65 71
1 72
2 72
7 72
11 72
15 72
20 72
23 72
24 72
33 72
34 72
37 72
45 72
47 72
53 72
55 72
58 72
63 72
69 72
70 72
2 73
4 73
6 73
9 73
11 73
16 73
24 73
25 73
45 73
49 73
52 73
55 73
56 73
59 73
63 73
70 73
4 74
20 74
21 74
29 74
37 74
39 74
44 74
46 74
52 74
54 74
59 74
72 74
5 75
10 75
11 75
15 75
18 75
26 75
29 75
32 75
34 75
40 75
43 75
53 75
55 75
71 75
73 75
74 75
1 76
3 76
12 76
16 76
17 76
22 76
24 76
26 76
30 76
32 76
33 76
40 76
45 76
50 76
53 76
57 76
61 76
62 76
68 76
72 76
3 77
4 77
7 77
19 77
25 77
26 77
30 77
34 77
35 77
36 77
42 77
51 77
52 77
57 77
62 77
63 77
71 77
74 77
3 78
16 78
17 78
21 78
23 78
28 78
38 78
40 78
44 78
49 78
51 78
54 78
58 78
65 78
69 78
70 78
72 78
76 78
13 79
16 79
23 79
30 79
32 79
36 79
46 79
48 79
49 79
69 79
74 79
77 79
78 79
7 80
19 80
20 80
22 80
31 80
32 80
40 80
44 80
53 80
55 80
57 80
59 80
63 80
70 80
71 80
0 81
2 81
3 81
29 81
31 81
36 81
41 81
58 81
64 81
66 81
8 82
17 82
36 82
41 82
49 82
50 82
57 82
66 82
70 82
78 82
19 83
26 83
29 83
31 83
33 83
38 83
41 83
42 83
45 83
49 83
50 83
51 83
54 83
56 83
59 83
65 83
66 83
74 83
78 83
82 83
6 84
13 84
19 84
21 84
22 84
23 84
48 84
49 84
54 84
57 84
63 84
64 84
66 84
70 84
72 84
81 84
83 84
3 85
7 85
10 85
13 85
14 85
15 85
16 85
25 85
28 85
44 85
48 85
59 85
69 85
74 85
75 85
76 85
0 86
3 86
5 86
10 86
11 86
14 86
15 86
17 86
18 86
19 86
25 86
26 86
32 86
34 86
36 86
40 86
41 86
43 86
44 86
47 86
48 86
49 86
50 86
55 86
57 86
60 86
62 86
65 86
72 86
73 86
74 86
75 86
76 86
78 86
81 86
83 86
84 86
10 87
12 87
14 87
20 87
24 87
32 87
40 87
43 87
53 87
56 87
60 87
67 87
68 87
69 87
73 87
76 87
78 87
2 88
6 88
8 88
9 88
11 88
12 88
21 88
29 88
31 88
32 88
43 88
44 88
47 88
54 88
56 88
61 88
64 88
73 88
79 88
0 89
3 89
8 89
12 89
13 89
17 89
19 89
35 89
41 89
44 89
46 89
49 89
51 89
53 89
56 89
58 89
60 89
61 89
63 89
69 89
70 89
77 89
82 89
83 89
85 89
16 90
17 90
28 90
30 90
40 90
49 90
50 90
52 90
54 90
55 90
60 90
61 90
63 90
64 90
66 90
68 90
69 90
73 90
2 91
5 91
9 91
11 91
18 91
22 91
25 91
35 91
37 91
38 91
40 91
41 91
44 91
50 91
56 91
61 91
69 91
73 91
80 91
81 91
9 92
18 92
22 92
25 92
26 92
28 92
29 92
31 92
41 92
55 92
57 92
59 92
60 92
63 92
64 92
67 92
68 92
75 92
83 92
89 92
4 93
5 93
17 93
26 93
51 93
54 93
58 93
62 93
64 93
73 93
75 93
84 93
85 93
90 93
92 93
4 94
11 94
12 94
14 94
19 94
22 94
24 94
25 94
29 94
32 94
35 94
37 94
39 94
49 94
51 94
53 94
55 94
60 94
64 94
68 94
69 94
75 94
79 94
82 94
83 94
85 94
88 94
4 95
17 95
22 95
23 95
35 95
36 95
38 95
41 95
44 95
46 95
48 95
52 95
54 95
62 95
69 95
87 95
89 95
3 96
4 96
5 96
12 96
14 96
16 96
27 96
31 96
32 96
46 96
47 96
50 96
51 96
54 96
56 96
66 96
70 96
71 96
72 96
73 96
80 96
84 96
85 96
86 96
88 96
90 96
2 97
3 97
4 97
12 97
21 97
27 97
28 97
29 97
30 97
32 97
40 97
43 97
49 97
72 97
76 97
79 97
93 97
5 98
6 98
8 98
10 98
18 98
26 98
39 98
44 98
46 98
50 98
51 98
52 98
53 98
63 98
65 98
76 98
77 98
78 98
79 98
87 98
88 98
92 98
97 98
5 99
7 99
10 99
37 99
38 99
53 99
56 99
58 99
59 99
73 99
81 99
90 99
2 100
14 100
15 100
18 100
20 100
23 100
28 100
31 100
45 100
52 100
53 100
58 100
59 100
63 100
64 100
67 100
69 100
77 100
78 100
83 100
94 100
95 100
96 100
97 100
98 100
0 101
4 101
8 101
9 101
13 101
16 101
20 101
28 101
41 101
49 101
54 101
59 101
71 101
79 101
82 101
83 101
90 101
92 101
22 102
24 102
27 102
32 102
35 102
41 102
43 102
49 102
57 102
60 102
64 102
69 102
71 102
88 102
98 102
101 102
16 103
19 103
24 103
26 103
28 103
48 103
49 103
60 103
62 103
68 103
69 103
76 103
80 103
82 103
86 103
4 104
5 104
7 104
8 104
13 104
22 104
28 104
31 104
44 104
48 104
49 104
54 104
55 104
60 104
64 104
69 104
73 104
83 104
84 104
87 104
88 104
89 104
93 104
95 104
98 104
100 104
102 104
6 105
25 105
31 105
35 105
36 105
45 105
50 105
54 105
56 105
58 105
64 105
65 105
74 105
75 105
82 105
93 105
97 105
98 105
100 105
6 106
10 106
15 106
23 106
28 106
36 106
37 106
41 106
43 106
50 106
55 106
68 106
78 106
83 106
84 106
96 106
102 106
105 106
6 107
10 107
13 107
16 107
17 107
19 107
20 107
21 107
26 107
28 107
30 107
34 107
38 107
43 107
57 107
61 107
64 107
67 107
77 107
80 107
101 107
104 107
106 107
3 108
9 108
17 108
20 108
25 108
28 108
30 108
37 108
50 108
52 108
59 108
69 108
72 108
79 108
80 108
82 108
84 108
89 108
91 108
94 108
100 108
105 108
106 108
8 109
16 109
20 109
22 109
23 109
29 109
30 109
33 109
34 109
35 109
37 109
38 109
39 109
41 109
43 109
55 109
62 109
63 109
70 109
72 109
73 109
76 109
79 109
80 109
84 109
87 109
99 109
103 109
105 109
107 109
4 110
10 110
19 110
26 110
29 110
31 110
33 110
34 110
38 110
40 110
43 110
45 110
48 110
50 110
51 110
53 110
69 110
72 110
78 110
79 110
83 110
91 110
93 110
96 110
98 110
109 110
2 111
8 111
22 111
32 111
38 111
42 111
51 111
59 111
65 111
70 111
75 111
78 111
79 111
84 111
92 111
6 112
10 112
15 112
17 112
22 112
29 112
33 112
35 112
45 112
47 112
52 112
56 112
57 112
67 112
71 112
72 112
74 112
83 112
86 112
99 112
100 112
101 112
104 112
106 112
111 112
4 113
11 113
14 113
16 113
19 113
23 113
26 113
38 113
45 113
48 113
49 113
53 113
58 113
62 113
66 113
75 113
78 113
80 113
82 113
86 113
96 113
98 113
103 113
104 113
105 113
106 113
0 114
3 114
9 114
11 114
18 114
24 114
28 114
31 114
43 114
44 114
48 114
54 114
55 114
70 114
71 114
73 114
82 114
83 114
89 114
98 114
99 114
100 114
110 114
13 115
19 115
25 115
32 115
44 115
49 115
52 115
56 115
71 115
72 115
81 115
88 115
93 115
99 115
100 115
104 115
106 115
109 115
112 115
113 115
114 115
0 116
1 116
2 116
4 116
9 116
11 116
17 116
19 116
22 116
27 116
29 116
30 116
40 116
54 116
70 116
71 116
79 116
82 116
88 116
93 116
94 116
97 116
98 116
99 116
109 116
110 116
113 116
114 116
5 117
9 117
11 117
13 117
17 117
18 117
20 117
22 117
33 117
36 117
42 117
44 117
45 117
46 117
62 117
64 117
66 117
74 117
77 117
79 117
81 117
83 117
95 117
99 117
101 117
104 117
112 117
113 117
0 118
1 118
15 118
24 118
30 118
35 118
63 118
69 118
71 118
76 118
78 118
81 118
82 118
83 118
86 118
91 118
94 118
102 118
104 118
112 118
115 118
4 119
10 119
11 119
13 119
16 119
17 119
18 119
20 119
21 119
27 119
28 119
29 119
30 119
35 119
41 119
46 119
48 119
50 119
59 119
66 119
75 119
79 119
83 119
86 119
89 119
94 119
96 119
100 119
101 119
111 119
113 119
117 119
13 120
19 120
20 120
22 120
23 120
24 120
30 120
32 120
34 120
40 120
43 120
59 120
67 120
70 120
73 120
74 120
75 120
81 120
84 120
87 120
88 120
90 120
92 120
96 120
101 120
103 120
104 120
8 121
12 121
18 121
20 121
21 121
39 121
41 121
42 121
49 121
62 121
68 121
71 121
77 121
79 121
84 121
88 121
91 121
92 121
93 121
95 121
96 121
101 121
109 121
111 121
112 121
115 121
116 121
118 121
119 121
2 122
9 122
10 122
13 122
17 122
20 122
25 122
40 122
49 122
53 122
56 122
60 122
70 122
76 122
77 122
78 122
79 122
81 122
83 122
84 122
87 122
99 122
109 122
1 123
5 123
6 123
13 123
18 123
20 123
28 123
29 123
30 123
46 123
48 123
51 123
53 123
63 123
69 123
73 123
77 123
82 123
96 123
104 123
110 123
111 123
0 124
1 124
5 124
8 124
16 124
20 124
30 124
38 124
43 124
46 124
49 124
51 124
53 124
55 124
60 124
64 124
69 124
74 124
75 124
86 124
91 124
99 124
105 124
111 124
112 124
121 124
7 125
9 125
21 125
23 125
25 125
42 125
43 125
52 125
70 125
72 125
79 125
91 125
97 125
98 125
100 125
103 125
113 125
114 125
115 125
116 125
117 125
0 126
12 126
16 126
19 126
20 126
22 126
26 126
28 126
36 126
45 126
47 126
49 126
51 126
59 126
80 126
89 126
100 126
104 126
120 126
123 126
124 126
0 127
1 127
8 127
11 127
23 127
26 127
28 127
29 127
30 127
32 127
39 127
44 127
46 127
50 127
51 127
55 127
58 127
60 127
63 127
72 127
74 127
77 127
79 127
90 127
92 127
93 127
103 127
110 127
111 127
116 127
119 127
126 127
0 128
3 128
6 128
7 128
15 128
17 128
18 128
21 128
24 128
30 128
31 128
42 128
50 128
55 128
56 128
57 128
62 128
71 128
72 128
78 128
81 128
83 128
85 128
86 128
87 128
89 128
90 128
91 128
94 128
96 128
98 128
105 128
111 128
113 128
115 128
116 128
120 128
121 128
127 128
7 129
20 129
25 129
28 129
34 129
52 129
55 129
60 129
61 129
63 129
73 129
75 129
76 129
79 129
91 129
103 129
104 129
105 129
106 129
112 129
114 129
126 129
1 130
7 130
10 130
11 130
16 130
18 130
19 130
30 130
42 130
50 130
51 130
61 130
62 130
64 130
65 130
67 130
69 130
72 130
74 130
93 130
102 130
105 130
108 130
116 130
121 130
126 130
127 130
10 131
12 131
14 131
16 131
24 131
30 131
40 131
44 131
47 131
50 131
55 131
61 131
65 131
73 131
79 131
86 131
87 131
88 131
89 131
92 131
95 131
97 131
107 131
117 131
119 131
126 131
127 131
129 131
1 132
13 132
17 132
21 132
23 132
27 132
29 132
32 132
39 132
41 132
50 132
58 132
61 132
62 132
67 132
71 132
73 132
77 132
78 132
80 132
86 132
88 132
89 132
91 132
98 132
110 132
111 132
124 132
128 132
129 132
130 132
5 133
6 133
10 133
18 133
19 133
22 133
23 133
27 133
29 133
31 133
35 133
43 133
44 133
47 133
52 133
53 133
54 133
55 133
61 133
65 133
67 133
75 133
93 133
96 133
105 133
116 133
120 133
124 133
130 133
132 133
11 134
19 134
46 134
48 134
50 134
51 134
54 134
55 134
63 134
70 134
71 134
74 134
79 134
83 134
85 134
88 134
89 134
94 134
97 134
101 134
104 134
106 134
117 134
118 134
124 134
125 134
126 134
128 134
131 134
1 135
10 135
13 135
14 135
15 135
16 135
18 135
21 135
22 135
26 135
32 135
35 135
40 135
41 135
42 135
44 135
45 135
54 135
62 135
63 135
67 135
68 135
69 135
76 135
77 135
85 135
89 135
93 135
94 135
95 135
104 135
120 135
121 135
131 135
8 136
9 136
11 136
12 136
13 136
18 136
32 136
43 136
44 136
57 136
58 136
61 136
71 136
74 136
76 136
78 136
80 136
85 136
88 136
91 136
94 136
98 136
100 136
101 136
105 136
110 136
118 136
127 136
131 136
4 137
8 137
15 137
19 137
22 137
24 137
37 137
40 137
51 137
60 137
65 137
73 137
79 137
80 137
82 137
84 137
88 137
89 137
95 137
104 137
106 137
111 137
115 137
116 137
130 137
136 137
2 138
9 138
21 138
29 138
34 138
40 138
41 138
45 138
46 138
52 138
55 138
56 138
59 138
61 138
62 138
66 138
69 138
77 138
79 138
81 138
84 138
93 138
94 138
99 138
110 138
111 138
119 138
123 138
125 138
12 139
13 139
16 139
19 139
47 139
52 139
58 139
65 139
72 139
75 139
87 139
88 139
94 139
100 139
101 139
103 139
105 139
111 139
113 139
116 139
128 139
137 139
138 139
4 140
7 140
8 140
9 140
17 140
18 140
24 140
27 140
28 140
31 140
33 140
48 140
63 140
64 140
66 140
76 140
77 140
81 140
85 140
98 140
99 140
100 140
101 140
102 140
104 140
105 140
106 140
109 140
111 140
126 140
130 140
138 140
139 140
2 141
3 141
6 141
17 141
20 141
21 141
22 141
28 141
31 141
33 141
40 141
50 141
53 141
58 141
60 141
71 141
94 141
95 141
101 141
102 141
108 141
112 141
115 141
127 141
131 141
137 141
139 141
0 142
11 142
12 142
34 142
43 142
48 142
58 142
61 142
64 142
66 142
72 142
77 142
85 142
86 142
95 142
104 142
112 142
128 142
129 142
136 142
5 143
8 143
10 143
17 143
18 143
24 143
26 143
38 143
39 143
43 143
48 143
52 143
53 143
57 143
58 143
77 143
83 143
98 143
103 143
105 143
117 143
124 143
126 143
127 143
130 143
137 143
139 143
140 143
10 144
18 144
29 144
32 144
33 144
34 144
42 144
48 144
49 144
57 144
60 144
61 144
64 144
66 144
69 144
74 144
84 144
95 144
97 144
98 144
99 144
106 144
108 144
109 144
119 144
123 144
127 144
131 144
134 144
135 144
137 144
139 144
6 145
11 145
14 145
18 145
20 145
23 145
25 145
26 145
31 145
35 145
36 145
44 145
45 145
48 145
50 145
53 145
74 145
79 145
86 145
88 145
92 145
93 145
102 145
106 145
107 145
111 145
113 145
118 145
132 145
6 146
18 146
24 146
37 146
41 146
48 146
53 146
54 146
61 146
67 146
76 146
77 146
79 146
95 146
107 146
109 146
120 146
122 146
125 146
127 146
132 146
136 146
139 146
142 146
145 146
0 147
4 147
8 147
10 147
11 147
13 147
15 147
17 147
30 147
32 147
51 147
53 147
65 147
70 147
80 147
81 147
84 147
93 147
95 147
106 147
109 147
118 147
135 147
143 147
2 148
7 148
11 148
13 148
29 148
40 148
42 148
44 148
52 148
54 148
56 148
60 148
62 148
64 148
70 148
72 148
75 148
80 148
82 148
85 148
86 148
99 148
102 148
113 148
118 148
119 148
127 148
131 148
133 148
134 148
135 148
138 148
142 148
3 149
13 149
17 149
18 149
45 149
46 149
57 149
62 149
65 149
67 149
71 149
79 149
101 149
114 149
122 149
129 149
132 149
141 149
7 150
18 150
20 150
22 150
29 150
34 150
35 150
41 150
42 150
45 150
46 150
49 150
55 150
61 150
64 150
71 150
74 150
77 150
81 150
84 150
90 150
93 150
105 150
113 150
115 150
116 150
119 150
122 150
130 150
138 150
148 150
6 151
7 151
14 151
18 151
19 151
21 151
26 151
29 151
31 151
32 151
36 151
43 151
66 151
70 151
79 151
81 151
83 151
90 151
92 151
96 151
111 151
115 151
117 151
121 151
125 151
135 151
142 151
3 152
4 152
5 152
7 152
11 152
12 152
20 152
29 152
33 152
36 152
39 152
44 152
48 152
49 152
59 152
63 152
66 152
78 152
83 152
94 152
95 152
107 152
131 152
136 152
142 152
147 152
8 153
12 153
15 153
18 153
22 153
27 153
28 153
33 153
34 153
41 153
47 153
49 153
52 153
53 153
59 153
60 153
69 153
70 153
74 153
80 153
88 153
89 153
101 153
104 153
105 153
110 153
116 153
124 153
130 153
141 153
144 153
145 153
146 153
3 154
14 154
16 154
18 154
19 154
22 154
24 154
27 154
32 154
38 154
41 154
46 154
50 154
57 154
64 154
67 154
74 154
76 154
81 154
83 154
88 154
93 154
100 154
107 154
118 154
126 154
128 154
130 154
134 154
141 154
142 154
145 154
146 154
149 154
0 155
1 155
17 155
18 155
29 155
31 155
32 155
35 155
37 155
44 155
45 155
48 155
50 155
55 155
56 155
68 155
83 155
84 155
90 155
91 155
92 155
98 155
101 155
111 155
112 155
115 155
134 155
140 155
143 155
146 155
149 155
151 155
154 155
3 156
6 156
14 156
19 156
27 156
29 156
31 156
35 156
39 156
47 156
59 156
67 156
79 156
86 156
100 156
107 156
109 156
112 156
120 156
124 156
126 156
131 156
140 156
144 156
147 156
151 156
153 156
8 157
10 157
14 157
19 157
22 157
31 157
32 157
34 157
39 157
46 157
54 157
56 157
60 157
63 157
78 157
86 157
90 157
94 157
95 157
96 157
98 157
102 157
105 157
109 157
119 157
121 157
123 157
134 157
137 157
140 157
142 157
149 157
155 157
1 158
8 158
9 158
14 158
18 158
24 158
26 158
27 158
47 158
48 158
52 158
55 158
57 158
61 158
71 158
72 158
78 158
92 158
103 158
107 158
110 158
112 158
119 158
127 158
132 158
139 158
141 158
146 158
152 158
153 158
157 158
2 159
12 159
14 159
19 159
23 159
25 159
33 159
34 159
41 159
43 159
51 159
52 159
61 159
64 159
67 159
69 159
81 159
82 159
85 159
88 159
89 159
102 159
104 159
114 159
125 159
128 159
134 159
140 159
156 159
157 159
6 160
8 160
12 160
23 160
57 160
60 160
61 160
62 160
63 160
69 160
72 160
78 160
79 160
93 160
94 160
103 160
107 160
114 160
116 160
121 160
127 160
133 160
138 160
139 160
140 160
143 160
146 160
147 160
151 160
153 160
154 160
157 160
0 161
10 161
12 161
23 161
37 161
43 161
45 161
49 161
52 161
53 161
58 161
62 161
70 161
74 161
86 161
91 161
95 161
98 161
99 161
106 161
109 161
117 161
120 161
121 161
125 161
129 161
134 161
138 161
141 161
144 161
145 161
151 161
158 161
0 162
4 162
6 162
7 162
9 162
10 162
14 162
15 162
19 162
20 162
23 162
26 162
53 162
64 162
69 162
74 162
78 162
82 162
102 162
104 162
105 162
110 162
116 162
121 162
124 162
127 162
132 162
133 162
141 162
147 162
148 162
150 162
155 162
156 162
158 162
161 162
9 163
20 163
35 163
36 163
37 163
38 163
39 163
42 163
44 163
49 163
56 163
66 163
80 163
88 163
89 163
97 163
101 163
110 163
114 163
116 163
133 163
142 163
143 163
145 163
151 163
152 163
159 163
1 164
2 164
3 164
4 164
5 164
10 164
15 164
26 164
31 164
35 164
36 164
37 164
40 164
41 164
51 164
65 164
72 164
80 164
83 164
84 164
93 164
95 164
96 164
104 164
106 164
107 164
111 164
117 164
122 164
124 164
127 164
139 164
140 164
141 164
143 164
147 164
150 164
161 164
1 165
2 165
14 165
22 165
32 165
35 165
46 165
49 165
60 165
71 165
72 165
76 165
78 165
79 165
92 165
96 165
97 165
99 165
105 165
112 165
114 165
117 165
124 165
132 165
133 165
135 165
159 165
162 165
9 166
11 166
12 166
19 166
29 166
43 166
44 166
45 166
48 166
52 166
61 166
62 166
65 166
66 166
73 166
75 166
77 166
82 166
90 166
96 166
101 166
102 166
108 166
110 166
112 166
113 166
114 166
117 166
128 166
129 166
133 166
137 166
142 166
149 166
151 166
156 166
158 166
164 166
0 167
18 167
23 167
29 167
32 167
37 167
38 167
39 167
52 167
57 167
58 167
59 167
65 167
66 167
74 167
75 167
78 167
79 167
86 167
87 167
88 167
89 167
97 167
98 167
104 167
108 167
110 167
116 167
134 167
135 167
140 167
147 167
149 167
151 167
153 167
160 167
162 167
163 167
0 168
2 168
13 168
14 168
15 168
16 168
22 168
24 168
35 168
41 168
64 168
67 168
69 168
70 168
73 168
76 168
81 168
91 168
96 168
111 168
112 168
114 168
115 168
119 168
120 168
125 168
138 168
139 168
149 168
151 168
155 168
163 168
164 168
7 169
8 169
11 169
23 169
26 169
30 169
32 169
39 169
40 169
42 169
46 169
50 169
52 169
54 169
58 169
64 169
69 169
70 169
76 169
78 169
79 169
81 169
86 169
92 169
99 169
100 169
104 169
113 169
125 169
134 169
137 169
140 169
141 169
156 169
157 169
158 169
161 169
163 169
165 169
4 170
7 170
10 170
13 170
14 170
19 170
25 170
26 170
28 170
30 170
44 170
51 170
53 170
56 170
57 170
61 170
64 170
66 170
70 170
76 170
81 170
82 170
83 170
86 170
90 170
93 170
94 170
95 170
100 170
107 170
115 170
116 170
124 170
128 170
137 170
144 170
148 170
153 170
156 170
157 170
160 170
164 170
165 170
168 170
169 170
13 171
15 171
25 171
28 171
34 171
38 171
48 171
54 171
56 171
57 171
59 171
61 171
62 171
82 171
91 171
92 171
96 171
98 171
100 171
107 171
109 171
111 171
114 171
116 171
122 171
123 171
125 171
130 171
132 171
139 171
142 171
145 171
147 171
150 171
151 171
162 171
164 171
166 171
1 172
10 172
32 172
48 172
49 172
52 172
62 172
64 172
65 172
69 172
70 172
73 172
74 172
91 172
101 172
109 172
111 172
115 172
121 172
126 172
127 172
147 172
149 172
150 172
151 172
154 172
155 172
158 172
160 172
162 172
164 172
170 172
1 173
2 173
3 173
10 173
15 173
19 173
26 173
31 173
32 173
34 173
46 173
49 173
60 173
61 173
62 173
72 173
76 173
81 173
83 173
100 173
103 173
104 173
110 173
114 173
119 173
126 173
129 173
136 173
139 173
140 173
142 173
146 173
152 173
156 173
166 173
7 174
18 174
26 174
31 174
39 174
41 174
43 174
45 174
46 174
51 174
54 174
55 174
56 174
57 174
59 174
66 174
67 174
68 174
73 174
75 174
77 174
86 174
87 174
98 174
102 174
103 174
110 174
112 174
122 174
126 174
128 174
129 174
130 174
133 174
139 174
145 174
149 174
150 174
157 174
167 174
172 174
6 175
16 175
19 175
35 175
36 175
37 175
41 175
47 175
50 175
65 175
70 175
77 175
81 175
89 175
92 175
94 175
97 175
98 175
99 175
102 175
106 175
116 175
117 175
121 175
131 175
132 175
135 175
140 175
145 175
150 175
162 175
163 175
169 175
1 176
2 176
4 176
7 176
9 176
10 176
12 176
27 176
30 176
32 176
45 176
48 176
49 176
52 176
66 176
68 176
72 176
76 176
86 176
88 176
90 176
97 176
107 176
118 176
120 176
121 176
126 176
134 176
135 176
138 176
143 176
152 176
158 176
166 176
1 177
7 177
13 177
17 177
24 177
26 177
27 177
36 177
39 177
44 177
52 177
56 177
60 177
66 177
69 177
79 177
80 177
81 177
97 177
100 177
102 177
105 177
107 177
111 177
120 177
122 177
132 177
143 177
149 177
158 177
159 177
162 177
164 177
173 177
2 178
9 178
22 178
32 178
51 178
55 178
56 178
59 178
62 178
63 178
69 178
76 178
80 178
82 178
84 178
86 178
88 178
91 178
93 178
100 178
111 178
124 178
131 178
137 178
140 178
142 178
143 178
147 178
148 178
150 178
156 178
158 178
162 178
164 178
168 178
170 178
171 178
173 178
176 178
0 179
3 179
9 179
10 179
12 179
19 179
27 179
32 179
37 179
40 179
64 179
69 179
77 179
80 179
81 179
84 179
90 179
110 179
115 179
121 179
122 179
131 179
133 179
134 179
136 179
141 179
148 179
149 179
159 179
160 179
166 179
173 179
177 179
2 180
14 180
15 180
26 180
29 180
33 180
36 180
39 180
40 180
46 180
48 180
51 180
70 180
79 180
81 180
83 180
89 180
92 180
94 180
96 180
97 180
105 180
110 180
112 180
118 180
120 180
123 180
125 180
130 180
158 180
161 180
163 180
166 180
167 180
171 180
172 180
177 180
1 181
2 181
10 181
18 181
20 181
27 181
31 181
35 181
52 181
57 181
64 181
66 181
71 181
72 181
75 181
85 181
88 181
101 181
104 181
105 181
106 181
107 181
110 181
115 181
116 181
117 181
129 181
132 181
133 181
142 181
154 181
156 181
166 181
168 181
8 182
14 182
21 182
28 182
33 182
37 182
39 182
43 182
48 182
49 182
57 182
58 182
59 182
74 182
102 182
104 182
105 182
110 182
112 182
115 182
119 182
121 182
122 182
125 182
134 182
136 182
143 182
153 182
155 182
156 182
160 182
166 182
176 182
178 182
8 183
16 183
19 183
25 183
27 183
30 183
31 183
35 183
36 183
39 183
55 183
58 183
61 183
64 183
72 183
74 183
78 183
80 183
81 183
85 183
87 183
91 183
93 183
94 183
97 183
108 183
110 183
119 183
132 183
135 183
141 183
147 183
152 183
153 183
154 183
158 183
159 183
165 183
174 183
182 183
1 184
6 184
16 184
19 184
23 184
26 184
27 184
28 184
33 184
39 184
40 184
44 184
49 184
52 184
56 184
58 184
60 184
62 184
63 184
73 184
75 184
77 184
88 184
98 184
99 184
102 184
105 184
107 184
115 184
116 184
118 184
126 184
133 184
134 184
135 184
141 184
143 184
150 184
165 184
175 184
180 184
2 185
3 185
9 185
26 185
29 185
30 185
37 185
38 185
45 185
52 185
55 185
73 185
81 185
97 185
106 185
109 185
112 185
116 185
117 185
132 185
144 185
153 185
164 185
169 185
170 185
171 185
175 185
176 185
179 185
9 186
14 186
21 186
27 186
28 186
29 186
34 186
38 186
42 186
45 186
51 186
52 186
53 186
65 186
72 186
73 186
77 186
83 186
93 186
105 186
114 186
116 186
126 186
129 186
156 186
162 186
163 186
170 186
171 186
173 186
174 186
179 186
181 186
183 186
3 187
7 187
8 187
10 187
14 187
16 187
18 187
51 187
52 187
56 187
59 187
62 187
64 187
74 187
76 187
79 187
80 187
81 187
87 187
90 187
100 187
105 187
106 187
115 187
119 187
127 187
128 187
139 187
147 187
149 187
153 187
163 187
164 187
165 187
167 187
168 187
169 187
171 187
181 187
16 188
21 188
23 188
27 188
39 188
50 188
67 188
70 188
73 188
75 188
77 188
89 188
108 188
115 188
117 188
120 188
126 188
127 188
133 188
139 188
146 188
156 188
163 188
165 188
174 188
180 188
186 188
187 188
6 189
9 189
10 189
14 189
17 189
19 189
25 189
27 189
28 189
39 189
41 189
50 189
52 189
54 189
57 189
71 189
76 189
90 189
93 189
94 189
103 189
107 189
108 189
109 189
112 189
119 189
131 189
135 189
140 189
148 189
149 189
154 189
160 189
166 189
169 189
172 189
177 189
179 189
181 189
182 189
2 190
7 190
16 190
17 190
32 190
36 190
43 190
48 190
52 190
61 190
66 190
71 190
75 190
79 190
80 190
83 190
94 190
106 190
107 190
109 190
111 190
118 190
122 190
125 190
135 190
136 190
137 190
142 190
145 190
148 190
150 190
151 190
158 190
163 190
164 190
168 190
169 190
170 190
172 190
173 190
174 190
183 190
187 190
189 190
12 191
21 191
25 191
29 191
31 191
39 191
48 191
49 191
55 191
60 191
68 191
70 191
75 191
77 191
79 191
81 191
94 191
97 191
101 191
104 191
109 191
116 191
124 191
132 191
133 191
136 191
152 191
154 191
162 191
172 191
176 191
177 191
180 191
190 191
5 192
7 192
8 192
12 192
15 192
19 192
20 192
25 192
30 192
39 192
51 192
52 192
55 192
61 192
66 192
75 192
81 192
89 192
96 192
97 192
104 192
108 192
109 192
112 192
113 192
116 192
120 192
121 192
130 192
139 192
145 192
149 192
156 192
157 192
174 192
175 192
183 192
3 193
5 193
9 193
10 193
13 193
14 193
17 193
19 193
22 193
32 193
33 193
35 193
37 193
44 193
45 193
46 193
55 193
57 193
58 193
65 193
68 193
73 193
75 193
83 193
86 193
93 193
101 193
102 193
106 193
110 193
111 193
112 193
113 193
121 193
122 193
124 193
127 193
129 193
132 193
137 193
140 193
142 193
144 193
148 193
164 193
169 193
176 193
182 193
183 193
187 193
3 194
6 194
15 194
17 194
23 194
24 194
25 194
26 194
29 194
30 194
45 194
52 194
69 194
73 194
77 194
89 194
93 194
94 194
95 194
96 194
100 194
103 194
104 194
106 194
108 194
109 194
114 194
119 194
122 194
125 194
126 194
129 194
130 194
135 194
137 194
148 194
149 194
151 194
152 194
159 194
169 194
170 194
174 194
175 194
185 194
187 194
188 194
189 194
191 194
7 195
18 195
22 195
24 195
30 195
35 195
39 195
40 195
50 195
53 195
56 195
57 195
61 195
65 195
70 195
72 195
75 195
77 195
83 195
98 195
101 195
106 195
112 195
115 195
118 195
123 195
124 195
125 195
131 195
143 195
145 195
150 195
157 195
162 195
171 195
176 195
182 195
183 195
189 195
0 196
3 196
6 196
7 196
15 196
19 196
24 196
32 196
39 196
42 196
43 196
44 196
53 196
54 196
56 196
57 196
59 196
60 196
65 196
70 196
74 196
86 196
88 196
89 196
95 196
96 196
99 196
104 196
108 196
111 196
113 196
114 196
115 196
125 196
127 196
133 196
135 196
136 196
140 196
141 196
148 196
157 196
163 196
164 196
173 196
174 196
175 196
178 196
183 196
188 196
192 196
193 196
3 197
5 197
10 197
12 197
13 197
22 197
29 197
33 197
40 197
47 197
49 197
54 197
59 197
60 197
65 197
67 197
71 197
73 197
76 197
77 197
78 197
79 197
98 197
111 197
112 197
113 197
114 197
120 197
121 197
128 197
134 197
135 197
140 197
141 197
146 197
148 197
149 197
152 197
155 197
156 197
159 197
166 197
171 197
176 197
180 197
181 197
182 197
183 197
186 197
188 197
193 197
194 197
196 197
0 198
5 198
11 198
20 198
21 198
23 198
26 198
27 198
28 198
29 198
36 198
44 198
54 198
65 198
76 198
87 198
88 198
92 198
94 198
96 198
99 198
108 198
114 198
118 198
119 198
123 198
124 198
129 198
132 198
136 198
138 198
139 198
142 198
144 198
145 198
152 198
153 198
157 198
166 198
167 198
168 198
181 198
197 198
1 199
3 199
4 199
6 199
14 199
15 199
22 199
24 199
25 199
36 199
39 199
47 199
50 199
51 199
52 199
63 199
66 199
69 199
71 199
72 199
79 199
84 199
86 199
88 199
101 199
105 199
112 199
114 199
115 199
121 199
125 199
129 199
130 199
133 199
147 199
152 199
156 199
157 199
158 199
167 199
174 199
176 199
194 199
196 199
8 200
13 200
15 200
23 200
30 200
31 200
40 200
42 200
44 200
47 200
48 200
50 200
65 200
70 200
75 200
81 200
82 200
88 200
92 200
94 200
99 200
100 200
104 200
109 200
113 200
123 200
130 200
139 200
140 200
152 200
165 200
166 200
178 200
179 200
182 200
186 200
190 200
196 200
198 200
1 201
4 201
7 201
9 201
22 201
23 201
30 201
37 201
44 201
45 201
47 201
49 201
53 201
61 201
63 201
75 201
86 201
95 201
97 201
103 201
109 201
110 201
114 201
116 201
120 201
129 201
130 201
134 201
141 201
143 201
149 201
150 201
155 201
160 201
164 201
171 201
173 201
178 201
184 201
185 201
189 201
190 201
192 201
194 201
195 201
2 202
5 202
6 202
7 202
11 202
25 202
34 202
36 202
37 202
47 202
48 202
53 202
55 202
56 202
64 202
68 202
70 202
72 202
87 202
89 202
90 202
96 202
97 202
100 202
102 202
103 202
105 202
114 202
117 202
122 202
135 202
136 202
138 202
141 202
147 202
148 202
159 202
164 202
167 202
185 202
192 202
197 202
199 202
1 203
6 203
17 203
22 203
24 203
26 203
30 203
43 203
45 203
48 203
49 203
54 203
59 203
61 203
65 203
67 203
68 203
76 203
104 203
107 203
109 203
112 203
121 203
123 203
137 203
138 203
140 203
142 203
149 203
150 203
152 203
170 203
172 203
180 203
181 203
182 203
184 203
192 203
194 203
202 203
6 204
13 204
16 204
18 204
23 204
25 204
27 204
28 204
30 204
42 204
60 204
71 204
77 204
79 204
81 204
102 204
105 204
107 204
110 204
114 204
115 204
126 204
138 204
140 204
141 204
147 204
154 204
160 204
165 204
168 204
176 204
178 204
183 204
191 204
2 205
10 205
17 205
28 205
29 205
33 205
34 205
46 205
47 205
54 205
61 205
64 205
70 205
72 205
74 205
76 205
82 205
85 205
87 205
88 205
89 205
98 205
99 205
101 205
103 205
109 205
111 205
117 205
122 205
129 205
132 205
139 205
146 205
153 205
162 205
169 205
174 205
176 205
179 205
181 205
188 205
193 205
194 205
195 205
196 205
203 205
1 206
5 206
11 206
16 206
27 206
33 206
35 206
36 206
37 206
39 206
46 206
47 206
58 206
64 206
71 206
72 206
83 206
87 206
88 206
101 206
102 206
107 206
109 206
111 206
121 206
124 206
131 206
142 206
144 206
146 206
147 206
152 206
154 206
159 206
165 206
180 206
190 206
192 206
195 206
196 206
204 206
12 207
20 207
25 207
26 207
27 207
37 207
41 207
42 207
43 207
55 207
58 207
59 207
73 207
75 207
85 207
95 207
107 207
111 207
114 207
117 207
122 207
132 207
136 207
143 207
166 207
169 207
178 207
188 207
194 207
196 207
200 207
6 208
8 208
9 208
11 208
18 208
34 208
49 208
50 208
59 208
75 208
78 208
88 208
89 208
97 208
98 208
99 208
102 208
103 208
110 208
120 208
128 208
129 208
134 208
139 208
142 208
145 208
148 208
152 208
153 208
154 208
160 208
169 208
172 208
183 208
184 208
190 208
194 208
197 208
201 208
203 208
204 208
206 208
7 209
10 209
11 209
20 209
21 209
28 209
31 209
47 209
54 209
55 209
57 209
60 209
61 209
65 209
66 209
67 209
69 209
72 209
73 209
75 209
76 209
87 209
90 209
93 209
102 209
111 209
120 209
121 209
126 209
129 209
131 209
139 209
147 209
153 209
154 209
157 209
170 209
180 209
181 209
192 209
202 209
10 210
14 210
30 210
32 210
35 210
39 210
53 210
57 210
59 210
67 210
70 210
78 210
84 210
93 210
108 210
114 210
115 210
116 210
118 210
120 210
121 210
123 210
133 210
137 210
150 210
154 210
158 210
159 210
168 210
175 210
179 210
186 210
189 210
193 210
196 210
6 211
9 211
10 211
11 211
12 211
13 211
19 211
21 211
22 211
25 211
33 211
40 211
45 211
50 211
54 211
64 211
72 211
75 211
76 211
77 211
78 211
81 211
94 211
98 211
104 211
105 211
110 211
112 211
117 211
120 211
124 211
126 211
128 211
129 211
131 211
140 211
145 211
151 211
152 211
167 211
168 211
189 211
191 211
192 211
198 211
208 211
5 212
9 212
10 212
14 212
16 212
26 212
28 212
42 212
47 212
48 212
49 212
58 212
60 212
62 212
65 212
66 212
68 212
71 212
76 212
82 212
87 212
91 212
95 212
105 212
108 212
118 212
120 212
124 212
125 212
131 212
132 212
138 212
160 212
161 212
163 212
165 212
173 212
175 212
187 212
188 212
194 212
204 212
205 212
4 213
5 213
7 213
9 213
18 213
25 213
28 213
30 213
32 213
33 213
39 213
44 213
46 213
47 213
52 213
62 213
63 213
69 213
73 213
77 213
82 213
88 213
92 213
97 213
102 213
106 213
108 213
110 213
111 213
112 213
114 213
117 213
121 213
123 213
125 213
141 213
147 213
150 213
162 213
163 213
175 213
179 213
180 213
182 213
185 213
187 213
195 213
205 213
211 213
4 214
6 214
8 214
17 214
27 214
28 214
35 214
39 214
48 214
52 214
58 214
63 214
65 214
66 214
72 214
73 214
82 214
84 214
108 214
115 214
123 214
127 214
135 214
143 214
146 214
150 214
153 214
155 214
159 214
168 214
170 214
185 214
186 214
190 214
191 214
195 214
196 214
199 214
201 214
203 214
209 214
9 215
11 215
12 215
17 215
21 215
30 215
34 215
36 215
39 215
41 215
60 215
64 215
65 215
67 215
81 215
89 215
90 215
91 215
94 215
95 215
96 215
97 215
101 215
105 215
107 215
110 215
117 215
121 215
129 215
135 215
136 215
137 215
138 215
149 215
161 215
171 215
174 215
175 215
180 215
188 215
192 215
193 215
203 215
214 215
0 216
8 216
12 216
15 216
22 216
26 216
32 216
35 216
38 216
43 216
45 216
47 216
50 216
51 216
54 216
59 216
65 216
68 216
70 216
73 216
80 216
91 216
97 216
99 216
100 216
105 216
106 216
107 216
108 216
109 216
116 216
122 216
123 216
125 216
126 216
137 216
139 216
146 216
154 216
156 216
167 216
169 216
174 216
176 216
187 216
197 216
206 216
207 216
209 216
0 217
1 217
3 217
7 217
13 217
14 217
23 217
29 217
30 217
32 217
33 217
41 217
43 217
48 217
51 217
53 217
59 217
63 217
66 217
69 217
76 217
77 217
85 217
102 217
110 217
112 217
119 217
123 217
125 217
127 217
137 217
144 217
149 217
151 217
152 217
156 217
158 217
163 217
168 217
172 217
177 217
181 217
182 217
183 217
199 217
203 217
212 217
213 217
214 217
215 217
0 218
16 218
22 218
40 218
44 218
47 218
48 218
58 218
62 218
70 218
76 218
77 218
78 218
90 218
93 218
94 218
113 218
116 218
118 218
127 218
128 218
132 218
138 218
140 218
147 218
154 218
157 218
158 218
169 218
171 218
177 218
180 218
181 218
183 218
197 218
200 218
202 218
206 218
216 218
4 219
13 219
18 219
23 219
27 219
32 219
35 219
42 219
44 219
46 219
49 219
58 219
63 219
64 219
73 219
76 219
81 219
87 219
107 219
109 219
111 219
126 219
129 219
131 219
135 219
136 219
138 219
147 219
156 219
158 219
162 219
166 219
167 219
173 219
178 219
180 219
184 219
186 219
193 219
199 219
213 219
3 220
6 220
10 220
17 220
22 220
26 220
41 220
43 220
44 220
49 220
55 220
60 220
64 220
83 220
91 220
95 220
99 220
102 220
104 220
108 220
109 220
113 220
119 220
120 220
121 220
128 220
131 220
133 220
141 220
155 220
160 220
162 220
163 220
164 220
167 220
170 220
175 220
181 220
193 220
194 220
200 220
201 220
204 220
206 220
208 220
213 220
216 220
8 221
9 221
12 221
39 221
40 221
49 221
50 221
57 221
59 221
66 221
68 221
72 221
84 221
95 221
96 221
97 221
110 221
115 221
119 221
122 221
127 221
138 221
139 221
146 221
147 221
161 221
162 221
166 221
172 221
173 221
188 221
216 221
217 221
4 222
11 222
12 222
17 222
25 222
32 222
34 222
37 222
39 222
40 222
41 222
43 222
49 222
50 222
56 222
60 222
62 222
68 222
103 222
110 222
115 222
118 222
121 222
136 222
140 222
147 222
157 222
160 222
161 222
164 222
167 222
170 222
174 222
178 222
195 222
213 222
214 222
216 222
7 223
12 223
18 223
19 223
20 223
22 223
23 223
25 223
32 223
41 223
55 223
56 223
66 223
68 223
71 223
75 223
86 223
88 223
92 223
105 223
106 223
111 223
117 223
118 223
131 223
140 223
141 223
145 223
150 223
156 223
159 223
161 223
163 223
169 223
170 223
173 223
184 223
185 223
186 223
187 223
192 223
198 223
208 223
212 223
213 223
217 223
219 223
222 223
0 224
17 224
20 224
23 224
32 224
35 224
36 224
48 224
52 224
59 224
67 224
68 224
72 224
83 224
84 224
89 224
90 224
91 224
93 224
96 224
106 224
108 224
112 224
129 224
141 224
145 224
147 224
151 224
162 224
163 224
171 224
172 224
178 224
179 224
181 224
184 224
186 224
187 224
190 224
191 224
193 224
205 224
207 224
213 224
216 224
223 224
6 225
8 225
9 225
15 225
25 225
33 225
35 225
49 225
52 225
58 225
61 225
65 225
69 225
74 225
79 225
87 225
88 225
91 225
93 225
96 225
97 225
98 225
102 225
105 225
107 225
120 225
124 225
129 225
130 225
136 225
137 225
143 225
147 225
158 225
163 225
164 225
171 225
174 225
179 225
180 225
184 225
185 225
192 225
207 225
214 225
220 225
1 226
4 226
6 226
14 226
18 226
35 226
39 226
42 226
43 226
46 226
52 226
60 226
63 226
71 226
80 226
88 226
98 226
101 226
103 226
106 226
109 226
111 226
112 226
115 226
117 226
119 226
127 226
131 226
134 226
135 226
143 226
145 226
148 226
150 226
160 226
165 226
171 226
173 226
183 226
190 226
195 226
196 226
197 226
204 226
207 226
0 227
10 227
43 227
46 227
51 227
54 227
56 227
66 227
68 227
77 227
78 227
85 227
89 227
92 227
93 227
108 227
112 227
115 227
123 227
144 227
151 227
152 227
153 227
157 227
163 227
168 227
169 227
170 227
180 227
184 227
191 227
194 227
203 227
207 227
208 227
215 227
10 228
18 228
24 228
26 228
27 228
36 228
39 228
41 228
57 228
58 228
59 228
78 228
85 228
102 228
113 228
117 228
129 228
139 228
140 228
157 228
158 228
159 228
165 228
169 228
173 228
180 228
183 228
184 228
190 228
192 228
193 228
194 228
201 228
215 228
219 228
220 228
222 228
223 228
226 228
7 229
13 229
16 229
23 229
26 229
27 229
33 229
37 229
39 229
46 229
54 229
59 229
62 229
68 229
72 229
75 229
83 229
86 229
99 229
104 229
109 229
110 229
113 229
116 229
117 229
119 229
120 229
122 229
126 229
129 229
133 229
134 229
145 229
149 229
160 229
163 229
165 229
175 229
176 229
189 229
206 229
212 229
213 229
223 229
0 230
6 230
9 230
10 230
13 230
28 230
32 230
35 230
38 230
39 230
42 230
52 230
53 230
54 230
60 230
64 230
67 230
80 230
82 230
84 230
88 230
90 230
95 230
103 230
104 230
107 230
111 230
113 230
131 230
146 230
147 230
149 230
151 230
156 230
161 230
171 230
175 230
176 230
182 230
190 230
204 230
207 230
212 230
217 230
218 230
221 230
224 230
228 230
4 231
5 231
8 231
11 231
15 231
28 231
36 231
44 231
47 231
49 231
50 231
52 231
54 231
59 231
76 231
79 231
80 231
81 231
86 231
87 231
94 231
96 231
99 231
101 231
102 231
103 231
115 231
117 231
119 231
127 231
129 231
131 231
140 231
158 231
167 231
171 231
177 231
179 231
182 231
184 231
197 231
209 231
213 231
214 231
216 231
220 231
221 231
222 231
223 231
230 231
3 232
4 232
7 232
8 232
11 232
30 232
33 232
34 232
40 232
49 232
53 232
62 232
67 232
73 232
88 232
94 232
104 232
111 232
118 232
128 232
137 232
143 232
156 232
159 232
162 232
166 232
171 232
175 232
176 232
178 232
179 232
183 232
184 232
188 232
190 232
192 232
207 232
215 232
217 232
222 232
223 232
230 232
3 233
4 233
5 233
14 233
19 233
22 233
26 233
27 233
29 233
30 233
31 233
44 233
47 233
54 233
55 233
56 233
58 233
59 233
62 233
63 233
65 233
71 233
86 233
87 233
88 233
89 233
90 233
91 233
97 233
104 233
112 233
115 233
116 233
117 233
118 233
120 233
129 233
131 233
134 233
140 233
143 233
144 233
147 233
157 233
160 233
167 233
168 233
170 233
178 233
179 233
184 233
187 233
190 233
193 233
195 233
199 233
202 233
212 233
213 233
222 233
223 233
2 234
9 234
11 234
17 234
43 234
62 234
66 234
67 234
73 234
76 234
81 234
95 234
97 234
101 234
114 234
117 234
121 234
127 234
135 234
138 234
139 234
140 234
144 234
151 234
154 234
161 234
162 234
168 234
173 234
177 234
184 234
198 234
205 234
206 234
216 234
228 234
229 234
2 235
15 235
20 235
24 235
26 235
30 235
36 235
40 235
65 235
80 235
87 235
90 235
98 235
100 235
104 235
108 235
119 235
125 235
144 235
148 235
156 235
159 235
175 235
179 235
181 235
182 235
189 235
196 235
203 235
206 235
210 235
226 235
227 235
232 235
2 236
9 236
15 236
18 236
38 236
41 236
53 236
59 236
65 236
66 236
74 236
79 236
84 236
88 236
91 236
92 236
93 236
99 236
101 236
110 236
115 236
117 236
119 236
140 236
144 236
146 236
147 236
149 236
152 236
153 236
157 236
160 236
163 236
172 236
174 236
178 236
181 236
183 236
186 236
190 236
193 236
201 236
202 236
211 236
225 236
226 236
232 236
0 237
1 237
4 237
11 237
15 237
18 237
21 237
22 237
26 237
27 237
33 237
38 237
41 237
45 237
47 237
55 237
58 237
60 237
61 237
62 237
75 237
80 237
82 237
85 237
94 237
97 237
98 237
114 237
115 237
117 237
120 237
127 237
129 237
132 237
133 237
150 237
162 237
163 237
166 237
175 237
181 237
183 237
191 237
195 237
198 237
213 237
219 237
221 237
222 237
223 237
231 237
233 237
6 238
16 238
28 238
31 238
32 238
36 238
54 238
64 238
66 238
73 238
80 238
84 238
86 238
87 238
90 238
96 238
104 238
114 238
126 238
127 238
132 238
134 238
143 238
145 238
147 238
153 238
160 238
169 238
178 238
183 238
185 238
192 238
199 238
203 238
228 238
232 238
235 238
1 239
4 239
7 239
8 239
18 239
19 239
20 239
24 239
26 239
31 239
33 239
35 239
36 239
43 239
44 239
45 239
48 239
49 239
56 239
70 239
75 239
76 239
77 239
87 239
94 239
95 239
96 239
114 239
116 239
118 239
125 239
128 239
130 239
137 239
141 239
159 239
161 239
165 239
188 239
190 239
191 239
195 239
200 239
211 239
212 239
215 239
221 239
225 239
228 239
229 239
234 239
6 240
12 240
16 240
24 240
33 240
37 240
44 240
46 240
48 240
57 240
59 240
63 240
66 240
68 240
69 240
73 240
88 240
95 240
102 240
121 240
127 240
131 240
134 240
135 240
140 240
141 240
145 240
148 240
153 240
163 240
168 240
170 240
190 240
199 240
203 240
205 240
209 240
210 240
216 240
219 240
228 240
232 240
5 241
7 241
10 241
11 241
12 241
13 241
18 241
20 241
22 241
25 241
29 241
31 241
38 241
48 241
53 241
55 241
56 241
59 241
77 241
83 241
91 241
92 241
95 241
96 241
99 241
101 241
103 241
105 241
114 241
127 241
128 241
139 241
140 241
141 241
143 241
150 241
152 241
162 241
165 241
167 241
176 241
180 241
182 241
183 241
201 241
203 241
204 241
209 241
211 241
216 241
224 241
227 241
228 241
233 241
235 241
238 241
4 242
16 242
17 242
19 242
29 242
33 242
38 242
41 242
42 242
43 242
45 242
54 242
61 242
63 242
65 242
73 242
79 242
80 242
97 242
104 242
107 242
111 242
112 242
113 242
122 242
134 242
141 242
144 242
154 242
156 242
161 242
164 242
169 242
170 242
178 242
181 242
185 242
188 242
202 242
207 242
208 242
212 242
217 242
221 242
223 242
229 242
231 242
237 242
10 243
13 243
15 243
17 243
19 243
24 243
28 243
29 243
39 243
49 243
52 243
53 243
67 243
73 243
75 243
76 243
87 243
101 243
102 243
103 243
105 243
118 243
132 243
135 243
139 243
144 243
146 243
156 243
158 243
161 243
163 243
169 243
173 243
175 243
182 243
183 243
189 243
205 243
211 243
224 243
227 243
231 243
234 243
0 244
3 244
15 244
28 244
37 244
38 244
39 244
43 244
48 244
52 244
60 244
64 244
69 244
72 244
75 244
79 244
81 244
90 244
91 244
94 244
95 244
100 244
107 244
109 244
113 244
133 244
146 244
152 244
154 244
164 244
167 244
172 244
174 244
184 244
188 244
192 244
198 244
209 244
219 244
221 244
223 244
228 244
236 244
240 244
241 244
0 245
4 245
14 245
23 245
28 245
38 245
40 245
44 245
45 245
48 245
50 245
53 245
62 245
66 245
68 245
91 245
95 245
100 245
106 245
111 245
112 245
129 245
130 245
133 245
144 245
145 245
146 245
147 245
149 245
152 245
154 245
163 245
165 245
167 245
168 245
172 245
177 245
192 245
208 245
210 245
223 245
228 245
232 245
239 245
241 245
242 245
243 245
8 246
13 246
19 246
20 246
21 246
25 246
26 246
44 246
50 246
57 246
58 246
63 246
67 246
68 246
69 246
70 246
71 246
73 246
74 246
76 246
78 246
81 246
83 246
85 246
90 246
92 246
104 246
105 246
108 246
111 246
116 246
121 246
123 246
139 246
140 246
143 246
147 246
151 246
153 246
166 246
182 246
185 246
186 246
187 246
189 246
192 246
193 246
200 246
205 246
207 246
210 246
219 246
223 246
227 246
229 246
232 246
239 246
240 246
244 246
9 247
17 247
20 247
23 247
25 247
34 247
38 247
39 247
44 247
48 247
54 247
60 247
61 247
67 247
77 247
79 247
80 247
86 247
91 247
93 247
96 247
112 247
113 247
115 247
129 247
131 247
137 247
138 247
147 247
150 247
159 247
162 247
175 247
176 247
179 247
182 247
187 247
191 247
193 247
195 247
202 247
205 247
207 247
212 247
213 247
215 247
227 247
233 247
239 247
3 248
6 248
9 248
15 248
16 248
17 248
29 248
36 248
37 248
39 248
50 248
52 248
58 248
59 248
65 248
67 248
72 248
80 248
84 248
85 248
96 248
101 248
103 248
109 248
112 248
113 248
131 248
135 248
155 248
156 248
158 248
164 248
180 248
183 248
184 248
185 248
195 248
200 248
201 248
207 248
224 248
229 248
230 248
233 248
237 248
240 248
241 248
246 248
247 248
2 249
9 249
13 249
27 249
30 249
35 249
37 249
42 249
51 249
66 249
67 249
68 249
72 249
75 249
82 249
89 249
99 249
104 249
118 249
119 249
126 249
131 249
133 249
135 249
142 249
145 249
154 249
157 249
161 249
168 249
172 249
186 249
187 249
188 249
198 249
204 249
206 249
213 249
217 249
218 249
226 249
232 249
236 249
237 249
239 249
6 250
10 250
12 250
16 250
24 250
30 250
31 250
32 250
36 250
50 250
61 250
64 250
66 250
79 250
86 250
89 250
95 250
96 250
99 250
102 250
105 250
107 250
114 250
115 250
118 250
121 250
123 250
129 250
133 250
141 250
157 250
158 250
173 250
174 250
189 250
190 250
191 250
208 250
219 250
221 250
223 250
226 250
233 250
239 250
243 250
246 250
2 251
3 251
6 251
7 251
8 251
11 251
13 251
14 251
20 251
27 251
32 251
41 251
50 251
56 251
65 251
68 251
76 251
78 251
81 251
91 251
95 251
98 251
107 251
109 251
110 251
118 251
122 251
126 251
127 251
131 251
136 251
149 251
154 251
159 251
171 251
173 251
174 251
190 251
191 251
203 251
211 251
216 251
233 251
235 251
241 251
243 251
244 251
245 251
2 252
8 252
20 252
22 252
30 252
48 252
50 252
51 252
69 252
78 252
85 252
89 252
92 252
94 252
95 252
101 252
105 252
111 252
115 252
116 252
118 252
119 252
121 252
126 252
129 252
136 252
152 252
153 252
160 252
167 252
176 252
183 252
185 252
193 252
203 252
205 252
207 252
221 252
225 252
232 252
233 252
236 252
242 252
245 252
247 252
3 253
7 253
12 253
32 253
38 253
44 253
50 253
51 253
70 253
73 253
76 253
83 253
86 253
90 253
91 253
96 253
97 253
101 253
107 253
110 253
123 253
131 253
136 253
138 253
139 253
142 253
145 253
151 253
155 253
164 253
170 253
171 253
183 253
205 253
208 253
209 253
211 253
231 253
234 253
235 253
236 253
239 253
246 253
249 253
252 253
5 254
6 254
7 254
31 254
33 254
39 254
40 254
45 254
48 254
49 254
56 254
66 254
72 254
74 254
78 254
93 254
98 254
101 254
102 254
107 254
109 254
111 254
118 254
119 254
126 254
138 254
144 254
148 254
154 254
155 254
157 254
161 254
165 254
168 254
171 254
172 254
174 254
177 254
184 254
185 254
189 254
190 254
191 254
192 254
194 254
197 254
200 254
202 254
213 254
215 254
221 254
224 254
232 254
238 254
239 254
243 254
250 254
0 255
1 255
8 255
17 255
25 255
26 255
28 255
31 255
34 255
59 255
63 255
72 255
77 255
81 255
95 255
108 255
110 255
113 255
114 255
118 255
124 255
125 255
135 255
141 255
142 255
144 255
150 255
151 255
160 255
162 255
176 255
178 255
179 255
180 255
182 255
192 255
197 255
207 255
217 255
219 255
226 255
230 255
241 255
251 255
0 256
3 256
7 256
13 256
18 256
24 256
27 256
28 256
30 256
36 256
40 256
43 256
51 256
56 256
57 256
62 256
66 256
79 256
83 256
85 256
102 256
105 256
117 256
133 256
136 256
138 256
148 256
172 256
176 256
181 256
185 256
201 256
203 256
206 256
212 256
216 256
222 256
228 256
231 256
232 256
233 256
235 256
239 256
240 256
241 256
246 256
252 256
2 257
15 257
17 257
20 257
27 257
29 257
32 257
34 257
38 257
45 257
47 257
50 257
54 257
61 257
71 257
91 257
95 257
102 257
108 257
113 257
117 257
118 257
120 257
129 257
137 257
168 257
170 257
173 257
174 257
176 257
180 257
183 257
190 257
197 257
210 257
224 257
227 257
232 257
233 257
239 257
243 257
244 257
251 257
9 258
19 258
23 258
28 258
30 258
41 258
43 258
49 258
73 258
74 258
83 258
87 258
90 258
93 258
95 258
100 258
104 258
105 258
112 258
113 258
114 258
120 258
123 258
124 258
128 258
131 258
134 258
140 258
148 258
151 258
155 258
157 258
160 258
161 258
163 258
172 258
173 258
176 258
177 258
187 258
204 258
209 258
223 258
228 258
231 258
246 258
249 258
1 259
9 259
11 259
19 259
20 259
33 259
47 259
49 259
52 259
69 259
72 259
74 259
75 259
77 259
78 259
83 259
85 259
86 259
91 259
104 259
106 259
107 259
109 259
115 259
117 259
146 259
169 259
170 259
172 259
180 259
193 259
198 259
200 259
207 259
221 259
222 259
231 259
247 259
248 259
255 259
4 260
10 260
13 260
15 260
16 260
17 260
22 260
23 260
24 260
27 260
33 260
40 260
41 260
42 260
54 260
55 260
58 260
60 260
61 260
69 260
75 260
80 260
82 260
94 260
99 260
107 260
110 260
111 260
120 260
127 260
131 260
133 260
135 260
136 260
143 260
146 260
159 260
162 260
171 260
172 260
175 260
176 260
181 260
182 260
188 260
191 260
195 260
200 260
203 260
209 260
220 260
227 260
228 260
229 260
230 260
233 260
236 260
245 260
246 260
252 260
258 260
259 260
3 261
5 261
22 261
25 261
26 261
28 261
38 261
51 261
63 261
64 261
65 261
67 261
69 261
71 261
78 261
82 261
83 261
87 261
91 261
92 261
93 261
98 261
109 261
113 261
119 261
122 261
127 261
129 261
136 261
141 261
148 261
149 261
160 261
162 261
172 261
175 261
177 261
184 261
187 261
197 261
201 261
207 261
209 261
215 261
226 261
229 261
232 261
240 261
242 261
246 261
248 261
249 261
250 261
251 261
255 261
257 261
3 262
6 262
16 262
20 262
22 262
26 262
32 262
34 262
41 262
43 262
50 262
57 262
59 262
60 262
66 262
67 262
68 262
80 262
81 262
83 262
88 262
91 262
94 262
97 262
100 262
103 262
106 262
109 262
110 262
114 262
125 262
128 262
131 262
137 262
140 262
148 262
150 262
166 262
176 262
177 262
178 262
186 262
197 262
198 262
209 262
210 262
215 262
218 262
220 262
228 262
232 262
241 262
243 262
247 262
251 262
260 262
261 262
0 263
4 263
12 263
18 263
19 263
22 263
26 263
32 263
33 263
37 263
43 263
48 263
52 263
65 263
69 263
72 263
74 263
79 263
93 263
96 263
97 263
120 263
122 263
130 263
136 263
139 263
141 263
147 263
148 263
157 263
162 263
167 263
175 263
176 263
177 263
180 263
181 263
188 263
189 263
202 263
210 263
212 263
225 263
228 263
231 263
241 263
242 263
244 263
247 263
250 263
2 264
9 264
15 264
18 264
22 264
25 264
42 264
46 264
54 264
62 264
63 264
64 264
68 264
78 264
87 264
91 264
106 264
109 264
111 264
116 264
118 264
122 264
126 264
129 264
130 264
148 264
170 264
183 264
187 264
192 264
196 264
213 264
214 264
219 264
221 264
223 264
227 264
237 264
244 264
246 264
247 264
249 264
251 264
8 265
10 265
22 265
25 265
39 265
40 265
51 265
58 265
59 265
65 265
66 265
84 265
85 265
86 265
94 265
98 265
99 265
100 265
102 265
107 265
114 265
119 265
122 265
127 265
128 265
130 265
146 265
156 265
166 265
171 265
176 265
180 265
189 265
202 265
203 265
204 265
207 265
211 265
215 265
218 265
224 265
231 265
247 265
249 265
254 265
256 265
257 265
6 266
18 266
20 266
21 266
22 266
31 266
33 266
34 266
36 266
38 266
42 266
44 266
51 266
66 266
67 266
68 266
73 266
75 266
79 266
84 266
104 266
105 266
106 266
111 266
117 266
119 266
120 266
128 266
129 266
136 266
140 266
149 266
150 266
154 266
161 266
172 266
179 266
184 266
189 266
191 266
197 266
201 266
204 266
225 266
226 266
227 266
229 266
231 266
238 266
240 266
241 266
246 266
247 266
254 266
256 266
260 266
264 266
6 267
13 267
14 267
16 267
17 267
18 267
19 267
22 267
24 267
31 267
41 267
42 267
45 267
49 267
51 267
69 267
73 267
80 267
92 267
100 267
106 267
110 267
112 267
117 267
118 267
128 267
129 267
139 267
154 267
155 267
165 267
168 267
172 267
174 267
179 267
180 267
184 267
188 267
195 267
200 267
207 267
219 267
250 267
256 267
263 267
5 268
7 268
9 268
11 268
17 268
26 268
28 268
34 268
35 268
45 268
54 268
57 268
58 268
61 268
67 268
68 268
73 268
74 268
78 268
90 268
98 268
101 268
108 268
110 268
115 268
117 268
129 268
131 268
132 268
133 268
134 268
145 268
153 268
157 268
166 268
173 268
185 268
187 268
190 268
198 268
206 268
213 268
215 268
218 268
224 268
225 268
228 268
230 268
231 268
251 268
257 268
261 268
266 268
0 269
2 269
5 269
13 269
15 269
20 269
29 269
34 269
42 269
52 269
59 269
62 269
64 269
67 269
71 269
94 269
95 269
97 269
110 269
116 269
120 269
122 269
126 269
127 269
133 269
135 269
136 269
137 269
141 269
145 269
157 269
164 269
166 269
167 269
173 269
186 269
202 269
203 269
208 269
210 269
213 269
214 269
224 269
225 269
236 269
245 269
250 269
251 269
259 269
260 269
263 269
265 269
11 270
18 270
19 270
20 270
22 270
35 270
51 270
53 270
56 270
57 270
58 270
76 270
79 270
91 270
93 270
96 270
98 270
103 270
104 270
106 270
109 270
111 270
117 270
121 270
125 270
131 270
133 270
137 270
143 270
146 270
154 270
161 270
169 270
172 270
179 270
183 270
184 270
187 270
193 270
200 270
201 270
202 270
204 270
208 270
210 270
211 270
217 270
219 270
230 270
233 270
254 270
258 270
259 270
260 270
4 271
9 271
10 271
13 271
14 271
15 271
19 271
23 271
24 271
31 271
34 271
40 271
46 271
49 271
51 271
56 271
57 271
67 271
69 271
72 271
74 271
77 271
79 271
82 271
88 271
93 271
107 271
112 271
116 271
125 271
145 271
149 271
158 271
164 271
166 271
177 271
186 271
188 271
192 271
205 271
212 271
223 271
226 271
229 271
231 271
232 271
234 271
236 271
259 271
269 271
2 272
5 272
6 272
8 272
11 272
12 272
14 272
19 272
24 272
30 272
35 272
37 272
47 272
53 272
56 272
61 272
64 272
71 272
83 272
84 272
86 272
87 272
88 272
89 272
93 272
96 272
97 272
101 272
112 272
113 272
114 272
124 272
131 272
136 272
141 272
143 272
155 272
165 272
172 272
173 272
177 272
178 272
181 272
189 272
193 272
195 272
198 272
200 272
201 272
209 272
223 272
224 272
226 272
227 272
234 272
245 272
257 272
262 272
267 272
268 272
271 272
2 273
6 273
9 273
17 273
19 273
36 273
54 273
58 273
61 273
79 273
84 273
85 273
86 273
90 273
93 273
95 273
99 273
102 273
109 273
111 273
122 273
125 273
130 273
140 273
142 273
147 273
150 273
156 273
161 273
162 273
163 273
172 273
174 273
183 273
193 273
195 273
201 273
210 273
215 273
216 273
223 273
228 273
233 273
242 273
243 273
245 273
247 273
248 273
250 273
253 273
254 273
263 273
3 274
6 274
13 274
15 274
17 274
20 274
24 274
31 274
34 274
45 274
55 274
57 274
63 274
72 274
80 274
83 274
87 274
90 274
99 274
101 274
106 274
118 274
121 274
122 274
126 274
129 274
134 274
136 274
137 274
150 274
152 274
166 274
172 274
176 274
178 274
179 274
187 274
192 274
195 274
199 274
204 274
212 274
213 274
216 274
219 274
232 274
236 274
239 274
240 274
247 274
254 274
268 274
273 274
1 275
3 275
10 275
13 275
20 275
21 275
22 275
23 275
29 275
31 275
42 275
43 275
46 275
57 275
61 275
65 275
70 275
73 275
77 275
80 275
99 275
104 275
108 275
121 275
127 275
128 275
134 275
139 275
140 275
141 275
143 275
147 275
154 275
157 275
159 275
169 275
171 275
172 275
194 275
206 275
212 275
214 275
227 275
238 275
241 275
242 275
245 275
246 275
251 275
258 275
260 275
261 275
265 275
267 275
269 275
272 275
7 276
13 276
17 276
31 276
35 276
45 276
50 276
52 276
55 276
65 276
70 276
72 276
77 276
80 276
93 276
95 276
100 276
105 276
113 276
118 276
121 276
122 276
131 276
132 276
138 276
139 276
141 276
142 276
149 276
154 276
167 276
172 276
183 276
184 276
191 276
194 276
197 276
199 276
200 276
201 276
203 276
205 276
208 276
210 276
222 276
227 276
248 276
250 276
253 276
261 276
262 276
267 276
270 276
5 277
13 277
14 277
15 277
16 277
30 277
34 277
49 277
51 277
63 277
74 277
75 277
88 277
89 277
94 277
103 277
105 277
116 277
117 277
124 277
142 277
146 277
147 277
149 277
150 277
151 277
152 277
161 277
171 277
175 277
177 277
185 277
186 277
196 277
199 277
201 277
203 277
210 277
211 277
214 277
218 277
220 277
225 277
231 277
248 277
268 277
269 277
272 277
1 278
2 278
9 278
11 278
16 278
17 278
30 278
35 278
40 278
41 278
42 278
50 278
52 278
58 278
59 278
62 278
68 278
70 278
76 278
78 278
79 278
82 278
84 278
85 278
92 278
97 278
100 278
108 278
112 278
117 278
118 278
135 278
136 278
140 278
151 278
162 278
163 278
165 278
168 278
174 278
196 278
199 278
207 278
208 278
211 278
215 278
216 278
225 278
229 278
232 278
239 278
257 278
259 278
264 278
267 278
269 278
270 278
272 278
277 278
0 279
3 279
16 279
17 279
24 279
27 279
37 279
43 279
46 279
47 279
52 279
53 279
69 279
72 279
83 279
89 279
93 279
96 279
101 279
104 279
105 279
113 279
114 279
116 279
123 279
129 279
131 279
140 279
143 279
145 279
159 279
164 279
183 279
184 279
192 279
193 279
201 279
207 279
209 279
212 279
226 279
229 279
235 279
236 279
255 279
260 279
261 279
262 279
264 279
1 280
2 280
7 280
10 280
14 280
15 280
22 280
34 280
49 280
56 280
58 280
65 280
67 280
69 280
73 280
78 280
79 280
82 280
84 280
86 280
96 280
107 280
120 280
121 280
123 280
125 280
129 280
133 280
139 280
157 280
160 280
176 280
178 280
186 280
191 280
194 280
198 280
203 280
205 280
211 280
214 280
219 280
221 280
222 280
223 280
225 280
227 280
245 280
248 280
259 280
266 280
269 280
270 280
273 280
276 280
4 281
8 281
21 281
25 281
27 281
30 281
32 281
34 281
36 281
37 281
40 281
46 281
50 281
51 281
68 281
69 281
74 281
77 281
78 281
82 281
84 281
85 281
89 281
93 281
98 281
102 281
105 281
106 281
110 281
115 281
124 281
130 281
134 281
145 281
150 281
154 281
163 281
175 281
180 281
184 281
191 281
196 281
200 281
201 281
206 281
207 281
222 281
224 281
232 281
233 281
235 281
236 281
240 281
245 281
246 281
247 281
250 281
262 281
264 281
276 281
1 282
3 282
16 282
20 282
21 282
24 282
34 282
44 282
53 282
56 282
61 282
62 282
66 282
68 282
71 282
76 282
78 282
80 282
85 282
92 282
102 282
106 282
116 282
118 282
123 282
132 282
133 282
139 282
140 282
154 282
159 282
160 282
164 282
167 282
168 282
175 282
193 282
197 282
199 282
209 282
211 282
212 282
213 282
215 282
226 282
229 282
240 282
244 282
245 282
248 282
268 282
271 282
279 282
280 282
1 283
2 283
3 283
5 283
11 283
19 283
21 283
23 283
25 283
27 283
31 283
34 283
39 283
47 283
56 283
59 283
62 283
77 283
78 283
83 283
93 283
97 283
98 283
110 283
111 283
113 283
115 283
119 283
120 283
123 283
127 283
135 283
138 283
143 283
149 283
162 283
163 283
168 283
169 283
176 283
185 283
188 283
189 283
198 283
206 283
220 283
225 283
226 283
228 283
229 283
232 283
234 283
237 283
242 283
244 283
247 283
248 283
254 283
259 283
260 283
261 283
264 283
274 283
275 283
282 283
6 284
9 284
14 284
17 284
20 284
22 284
24 284
30 284
32 284
33 284
36 284
37 284
41 284
45 284
50 284
64 284
65 284
66 284
68 284
69 284
72 284
80 284
84 284
94 284
96 284
103 284
122 284
124 284
127 284
132 284
143 284
145 284
150 284
153 284
156 284
159 284
163 284
166 284
167 284
182 284
183 284
186 284
193 284
204 284
214 284
220 284
223 284
228 284
234 284
236 284
241 284
245 284
248 284
249 284
252 284
273 284
274 284
280 284
282 284
283 284
1 285
2 285
13 285
16 285
17 285
24 285
27 285
28 285
29 285
31 285
40 285
52 285
55 285
59 285
67 285
69 285
72 285
74 285
79 285
85 285
88 285
91 285
96 285
100 285
101 285
102 285
103 285
109 285
116 285
117 285
122 285
125 285
130 285
135 285
138 285
140 285
147 285
150 285
152 285
164 285
165 285
170 285
171 285
172 285
173 285
175 285
178 285
181 285
182 285
183 285
185 285
201 285
211 285
212 285
215 285
220 285
223 285
262 285
263 285
264 285
268 285
270 285
272 285
281 285
283 285
5 286
12 286
17 286
19 286
21 286
26 286
33 286
37 286
42 286
47 286
51 286
73 286
75 286
77 286
84 286
85 286
98 286
99 286
103 286
109 286
113 286
119 286
125 286
128 286
133 286
141 286
147 286
155 286
158 286
170 286
174 286
184 286
185 286
189 286
195 286
197 286
203 286
215 286
217 286
222 286
237 286
240 286
241 286
247 286
248 286
259 286
262 286
267 286
273 286
274 286
277 286
2 287
3 287
6 287
9 287
13 287
15 287
29 287
41 287
46 287
47 287
52 287
53 287
58 287
61 287
66 287
75 287
77 287
80 287
92 287
94 287
106 287
109 287
110 287
114 287
115 287
116 287
118 287
120 287
121 287
125 287
129 287
133 287
134 287
137 287
138 287
140 287
148 287
151 287
160 287
166 287
173 287
174 287
177 287
178 287
184 287
186 287
187 287
191 287
193 287
195 287
202 287
205 287
221 287
223 287
236 287
241 287
246 287
247 287
251 287
254 287
255 287
262 287
265 287
267 287
280 287
281 287
283 287
2 288
3 288
12 288
14 288
15 288
16 288
18 288
19 288
20 288
26 288
27 288
54 288
61 288
64 288
75 288
76 288
81 288
87 288
88 288
95 288
96 288
98 288
106 288
109 288
110 288
111 288
112 288
115 288
120 288
122 288
129 288
131 288
139 288
142 288
143 288
144 288
159 288
168 288
173 288
175 288
176 288
193 288
194 288
197 288
202 288
204 288
205 288
208 288
217 288
230 288
242 288
249 288
256 288
261 288
262 288
266 288
271 288
274 288
283 288
2 289
9 289
18 289
19 289
22 289
24 289
34 289
45 289
50 289
59 289
60 289
61 289
68 289
69 289
70 289
71 289
73 289
78 289
80 289
81 289
83 289
84 289
85 289
86 289
89 289
93 289
94 289
106 289
108 289
112 289
113 289
121 289
123 289
127 289
128 289
130 289
132 289
142 289
146 289
151 289
155 289
160 289
164 289
166 289
168 289
177 289
179 289
184 289
185 289
188 289
196 289
197 289
202 289
203 289
205 289
211 289
213 289
218 289
222 289
230 289
251 289
253 289
258 289
260 289
267 289
276 289
277 289
281 289
282 289
288 289
8 290
27 290
33 290
35 290
38 290
40 290
50 290
54 290
57 290
58 290
65 290
67 290
68 290
73 290
76 290
82 290
84 290
88 290
101 290
104 290
107 290
109 290
111 290
112 290
117 290
140 290
143 290
146 290
147 290
153 290
162 290
163 290
164 290
167 290
173 290
176 290
179 290
180 290
184 290
196 290
206 290
207 290
221 290
222 290
246 290
255 290
266 290
267 290
269 290
272 290
281 290
284 290
285 290
286 290
288 290
1 291
14 291
18 291
21 291
23 291
24 291
32 291
48 291
53 291
55 291
66 291
71 291
77 291
92 291
97 291
99 291
107 291
109 291
113 291
119 291
122 291
124 291
137 291
138 291
139 291
142 291
144 291
149 291
164 291
176 291
177 291
182 291
183 291
187 291
191 291
196 291
199 291
213 291
215 291
216 291
221 291
226 291
230 291
231 291
233 291
239 291
240 291
243 291
246 291
249 291
259 291
268 291
10 292
21 292
39 292
56 292
61 292
62 292
69 292
75 292
79 292
81 292
90 292
92 292
95 292
97 292
103 292
108 292
113 292
117 292
119 292
126 292
127 292
132 292
141 292
142 292
156 292
166 292
169 292
173 292
188 292
190 292
197 292
200 292
220 292
232 292
234 292
235 292
237 292
238 292
245 292
250 292
252 292
255 292
258 292
260 292
261 292
265 292
267 292
268 292
271 292
274 292
279 292
287 292
3 293
13 293
16 293
21 293
23 293
24 293
25 293
28 293
29 293
32 293
38 293
39 293
41 293
49 293
56 293
65 293
67 293
68 293
70 293
80 293
81 293
85 293
86 293
92 293
99 293
104 293
105 293
106 293
113 293
114 293
118 293
125 293
132 293
135 293
140 293
143 293
148 293
151 293
158 293
160 293
162 293
166 293
167 293
171 293
173 293
177 293
179 293
180 293
181 293
184 293
185 293
192 293
193 293
199 293
207 293
227 293
231 293
246 293
250 293
260 293
263 293
278 293
284 293
288 293
289 293
292 293
6 294
7 294
12 294
20 294
23 294
29 294
31 294
32 294
33 294
35 294
39 294
49 294
58 294
62 294
72 294
77 294
79 294
83 294
86 294
88 294
98 294
101 294
104 294
120 294
121 294
129 294
135 294
150 294
157 294
161 294
168 294
178 294
180 294
183 294
184 294
191 294
192 294
194 294
199 294
209 294
213 294
215 294
224 294
229 294
235 294
252 294
259 294
270 294
272 294
276 294
278 294
281 294
291 294
1 295
4 295
8 295
13 295
21 295
30 295
33 295
38 295
39 295
42 295
51 295
59 295
61 295
62 295
73 295
84 295
94 295
96 295
102 295
104 295
119 295
121 295
127 295
128 295
138 295
145 295
146 295
150 295
153 295
160 295
170 295
171 295
174 295
175 295
180 295
181 295
187 295
203 295
205 295
209 295
210 295
212 295
218 295
219 295
223 295
229 295
231 295
236 295
239 295
241 295
242 295
247 295
250 295
251 295
256 295
264 295
271 295
280 295
287 295
289 295
293 295
1 296
6 296
9 296
16 296
17 296
18 296
20 296
32 296
42 296
43 296
47 296
50 296
58 296
62 296
63 296
84 296
87 296
88 296
95 296
101 296
102 296
108 296
117 296
120 296
126 296
132 296
146 296
149 296
151 296
152 296
166 296
171 296
172 296
173 296
185 296
193 296
198 296
206 296
207 296
208 296
218 296
229 296
233 296
237 296
245 296
250 296
255 296
256 296
257 296
259 296
262 296
268 296
281 296
283 296
285 296
293 296
7 297
20 297
26 297
35 297
37 297
39 297
45 297
52 297
58 297
72 297
76 297
78 297
82 297
85 297
93 297
104 297
107 297
108 297
109 297
117 297
126 297
128 297
136 297
137 297
144 297
161 297
162 297
164 297
169 297
171 297
182 297
185 297
186 297
202 297
203 297
205 297
217 297
226 297
230 297
238 297
240 297
243 297
250 297
258 297
264 297
265 297
266 297
277 297
278 297
293 297
11 298
12 298
14 298
16 298
21 298
31 298
45 298
57 298
68 298
70 298
77 298
78 298
85 298
87 298
94 298
97 298
98 298
107 298
108 298
115 298
117 298
130 298
132 298
133 298
134 298
150 298
152 298
158 298
160 298
165 298
169 298
174 298
177 298
178 298
184 298
188 298
192 298
204 298
209 298
210 298
212 298
213 298
215 298
216 298
225 298
233 298
238 298
239 298
242 298
248 298
256 298
261 298
264 298
269 298
287 298
288 298
295 298
296 298
5 299
14 299
16 299
19 299
22 299
28 299
38 299
40 299
52 299
53 299
70 299
72 299
75 299
77 299
80 299
85 299
88 299
90 299
93 299
96 299
99 299
102 299
104 299
107 299
111 299
115 299
117 299
123 299
130 299
134 299
136 299
137 299
139 299
142 299
144 299
147 299
166 299
169 299
187 299
196 299
198 299
202 299
204 299
205 299
206 299
219 299
224 299
229 299
245 299
249 299
259 299
278 299
279 299
283 299
285 299
286 299
298 299
