300 1549 5
10 6 6 9 4 6 5 3 8 4 3 7 10 5 9 8 1 9 3 2 5 6 6 9 7 1 2 8 3 3 1 8 6 5 2 5 7 7 9 6 9 5 5 10 2 7 10 3 8 3 5 5 3 2 3 2 6 3 8 9 1 5 4 1 3 5 9 10 8 6 2 5 3 10 1 2 7 2 7 1 2 8 9 5 1 4 9 9 8 6 10 8 10 9 6 2 5 1 8 8 6 6 5 1 7 1 8 3 8 2 1 4 5 9 3 6 7 2 1 3 5 10 1 4 5 4 6 5 3 7 4 1 7 5 4 4 3 7 6 5 5 6 6 9 6 3 3 3 3 1 8 4 10 7 10 7 9 6 7 8 7 9 9 3 8 10 7 8 1 1 7 3 5 10 9 10 8 9 3 1 9 8 9 6 1 4 6 2 10 2 3 10 1 8 7 9 3 6 7 4 3 4 1 1 7 2 9 6 3 8 1 4 8 4 7 7 2 6 10 4 7 6 7 1 5 9 10 10 8 6 8 8 2 10 10 3 4 5 1 7 4 6 3 2 6 4 6 1 9 7 4 10 6 4 7 5 10 6 3 10 5 10 2 2 5 6 10 2 7 7 5 1 3 5 5 10 5 4 9 1 8 8 10 6 9 1 6 4 10 10 3 6 4 7 5 5 4 9 2 6
5 7
2 9
3 9
8 13
1 14
3 14
5 14
7 14
4 15
13 18
12 19
16 20
7 22
8 22
0 23
21 24
26 29
13 30
18 31
31 34
20 36
29 36
26 37
28 37
31 37
19 38
8 39
12 39
0 40
3 40
9 42
19 42
13 43
1 45
8 45
20 45
34 45
37 45
46 47
4 48
13 51
40 51
32 53
36 53
39 54
13 55
20 55
2 56
9 56
14 56
32 56
50 56
13 57
19 57
46 57
4 58
14 58
43 58
49 58
28 59
42 59
43 59
53 59
5 60
15 60
33 61
45 61
38 62
45 62
9 63
53 63
60 63
63 64
41 65
62 65
28 67
41 67
13 68
45 68
36 69
44 69
45 69
24 70
65 70
37 72
46 72
64 72
22 73
52 73
65 73
66 73
63 75
2 76
8 76
31 76
35 76
43 76
10 77
25 77
28 77
50 77
59 77
73 77
20 78
45 78
51 78
2 79
10 79
18 79
50 80
52 81
62 81
72 81
26 82
55 82
62 82
72 82
39 83
41 83
61 83
76 84
15 85
35 85
64 85
0 86
2 86
3 86
5 86
44 86
74 86
18 87
57 87
10 88
20 88
40 88
19 89
37 89
44 89
88 89
37 90
59 90
68 90
30 91
62 91
81 91
7 92
8 92
22 92
27 92
29 92
44 92
70 92
72 92
86 92
19 93
32 93
36 93
69 93
8 94
65 94
76 94
33 95
5 96
7 96
16 96
73 96
91 96
12 97
32 97
47 97
68 97
74 97
80 97
17 98
29 98
32 98
35 98
50 98
80 98
87 98
93 98
15 99
45 99
66 99
80 99
6 100
7 100
32 100
59 100
70 100
90 100
92 100
19 101
21 101
44 101
65 101
52 102
80 102
96 102
9 103
21 103
54 103
61 103
70 103
100 103
31 104
52 104
56 104
65 105
90 105
6 106
36 106
42 106
79 106
100 106
105 106
14 107
46 107
61 107
102 107
55 108
57 108
83 108
87 108
96 108
6 109
23 109
34 109
40 109
48 109
76 109
81 109
106 109
26 110
43 110
57 110
67 110
80 110
1 111
17 111
85 111
88 111
96 111
4 112
34 112
36 112
42 112
12 113
32 113
64 113
68 113
75 113
84 113
7 114
81 115
93 115
4 116
71 116
7 117
10 117
26 117
58 117
74 117
110 117
33 118
36 118
38 118
53 118
110 118
30 119
86 119
117 119
17 120
40 120
54 120
119 120
2 121
37 121
90 121
103 121
5 122
36 122
52 122
78 122
92 122
96 122
67 123
72 123
114 123
79 124
102 124
3 125
50 125
67 125
82 125
94 125
112 125
6 126
72 126
77 126
106 126
116 126
17 127
46 127
74 127
86 127
4 128
9 128
12 128
45 128
55 128
82 128
87 128
34 129
47 129
52 129
110 129
123 129
18 130
57 130
8 131
14 131
39 131
48 131
77 131
82 131
94 131
109 131
5 132
50 132
54 132
97 132
109 132
29 133
36 133
50 133
101 133
105 133
123 133
2 134
8 134
48 134
23 135
25 135
29 135
39 135
66 135
84 135
4 136
12 136
13 136
86 136
105 136
62 137
130 137
9 138
32 138
44 138
107 138
116 138
7 139
32 139
35 139
56 139
75 139
77 139
79 139
82 139
14 140
90 140
96 140
12 141
16 141
27 141
79 141
3 142
76 142
81 142
110 142
129 142
139 142
31 143
98 143
105 143
142 143
23 144
71 144
138 144
8 145
29 145
84 145
93 145
108 145
109 145
133 145
52 146
69 146
84 146
133 146
142 146
78 147
103 147
108 147
138 147
52 148
72 148
121 148
0 149
7 149
11 149
13 149
47 149
64 149
105 149
133 149
141 149
7 150
49 150
137 150
144 150
83 151
84 151
90 151
106 151
136 151
147 151
29 152
77 152
90 152
10 153
18 153
151 153
20 154
47 154
89 154
107 154
127 154
141 154
148 154
42 155
62 155
73 155
86 155
113 155
117 155
129 155
136 155
16 156
18 156
118 156
132 156
141 156
147 156
148 156
36 157
47 157
91 157
109 157
154 157
4 158
7 158
16 158
108 158
136 158
142 158
31 159
100 159
123 159
49 160
63 160
159 160
1 161
85 161
125 161
156 161
112 162
136 162
3 163
20 163
63 163
129 163
151 163
29 164
35 164
64 164
67 164
80 164
103 164
111 164
79 165
116 165
26 166
80 166
100 166
160 166
5 167
10 167
16 167
22 167
43 167
68 167
82 167
85 167
142 167
156 167
93 168
104 168
143 168
145 168
161 168
39 169
63 169
64 169
101 169
160 169
15 170
76 170
119 170
127 170
153 170
166 170
94 171
170 171
6 172
42 172
56 172
60 172
77 172
113 172
120 172
124 172
171 172
57 173
95 173
118 173
144 173
1 174
55 174
67 174
139 174
12 175
63 175
80 175
166 175
7 176
21 176
32 176
137 176
159 176
10 177
21 177
23 177
86 177
97 177
117 177
123 177
127 177
167 177
62 178
67 178
68 178
85 178
86 178
129 178
9 179
27 179
58 179
88 179
94 179
119 179
5 180
62 180
63 180
72 180
109 180
133 180
30 181
33 181
54 181
56 181
76 181
98 181
99 181
108 181
157 181
6 182
48 182
68 182
76 182
77 182
87 182
110 182
114 182
42 183
57 183
67 183
130 183
135 183
138 183
164 183
167 183
168 183
177 183
12 184
42 184
73 184
109 184
63 185
69 185
81 185
142 185
13 186
19 186
39 186
71 186
84 186
113 186
140 186
157 186
160 186
161 186
11 187
24 187
26 187
96 187
119 187
138 187
146 187
181 187
34 188
40 188
52 188
123 188
146 188
26 189
41 189
78 189
87 189
103 189
107 189
141 189
0 190
31 190
75 190
137 190
153 190
164 190
168 190
178 190
31 191
38 191
58 191
92 191
135 191
140 191
181 191
39 192
87 192
148 192
155 192
184 192
186 192
69 193
87 193
158 193
176 193
27 194
54 194
75 194
82 194
83 194
167 194
42 195
115 195
126 195
143 195
170 195
181 195
42 196
55 196
68 196
102 196
125 196
171 196
173 196
50 197
121 197
134 197
175 197
3 198
15 198
42 198
61 198
71 198
106 198
148 198
161 198
170 198
173 198
177 198
16 199
26 199
64 199
65 199
90 199
176 199
23 200
61 200
67 200
120 200
169 200
171 200
21 201
45 201
50 201
93 201
107 201
134 201
143 201
153 201
160 201
23 202
36 202
40 202
53 202
83 202
95 202
96 202
143 202
149 202
163 202
24 203
26 203
124 203
174 203
178 203
7 204
34 204
67 204
110 204
132 204
179 204
17 205
31 205
40 205
47 205
61 205
76 205
99 205
140 205
147 205
6 206
41 206
59 206
81 206
132 206
164 206
181 206
23 207
59 207
82 207
103 207
138 207
165 207
180 207
183 207
130 208
203 208
207 208
22 209
30 209
101 209
104 209
109 209
125 209
131 209
197 209
6 210
18 210
20 210
101 210
109 210
133 210
153 210
159 210
208 210
30 211
31 211
44 211
65 211
71 211
107 211
142 211
148 211
197 211
204 211
207 211
15 212
52 212
56 212
64 212
68 212
88 212
89 212
123 212
126 212
151 212
155 212
170 212
175 212
180 212
197 212
205 212
1 213
5 213
18 213
150 213
177 213
46 214
79 214
179 214
1 215
3 215
9 215
46 215
47 215
54 215
89 215
107 215
201 215
12 216
15 216
37 216
58 216
73 216
91 216
138 216
157 216
185 216
10 217
20 217
96 217
113 217
134 217
173 217
199 217
205 217
212 217
8 218
16 218
40 218
63 218
69 218
145 218
167 218
168 218
7 219
24 219
29 219
45 219
100 219
135 219
164 219
191 219
9 220
36 220
54 220
67 220
219 220
28 221
118 221
142 221
192 221
203 221
11 222
33 222
54 222
139 222
169 222
178 222
181 222
16 223
32 223
88 223
123 223
176 223
207 223
51 224
55 224
60 224
131 224
133 224
140 224
198 224
216 224
4 225
22 225
45 225
81 225
197 225
55 226
69 226
73 226
77 226
162 226
167 226
191 226
196 226
204 226
3 227
73 227
84 227
97 227
119 227
133 227
153 227
156 227
217 227
4 228
27 228
61 228
103 228
138 228
156 228
183 228
201 228
203 228
225 228
13 229
18 229
42 229
70 229
79 229
93 229
204 229
208 229
85 230
127 230
130 230
135 230
195 230
204 230
226 230
31 231
34 231
40 231
86 231
119 231
227 231
10 232
63 232
76 232
104 232
125 232
131 232
143 232
163 232
179 232
20 233
36 233
40 233
64 233
105 233
117 233
186 233
222 233
14 234
18 234
25 234
70 234
103 234
158 234
168 234
170 234
184 234
188 234
193 234
232 234
19 235
27 235
71 235
72 235
117 235
134 235
170 235
216 235
88 236
125 236
144 236
145 236
62 237
130 237
146 237
172 237
188 237
6 238
24 238
31 238
90 238
99 238
101 238
130 238
143 238
151 238
157 238
159 238
175 238
181 238
225 238
17 239
32 239
45 239
46 239
52 239
67 239
69 239
86 239
119 239
126 239
229 239
59 240
76 240
110 240
113 240
150 240
197 240
216 240
12 241
18 241
43 241
93 241
144 241
148 241
157 241
175 241
219 241
6 242
78 242
82 242
91 242
93 242
177 242
184 242
191 242
199 242
215 242
237 242
18 243
28 243
62 243
69 243
95 243
111 243
122 243
196 243
221 243
228 243
2 244
31 244
34 244
51 244
63 244
78 244
84 244
110 244
118 244
120 244
136 244
148 244
164 244
205 244
224 244
56 245
150 245
239 245
59 246
62 246
72 246
94 246
138 246
145 246
183 246
24 247
49 247
92 247
93 247
129 247
149 247
150 247
178 247
239 247
6 248
13 248
20 248
24 248
28 248
49 248
50 248
112 248
121 248
148 248
166 248
168 248
173 248
48 249
53 249
83 249
231 249
240 249
9 250
51 250
116 250
149 250
167 250
172 250
186 250
215 250
241 250
245 250
0 251
105 251
117 251
159 251
214 251
14 252
24 252
72 252
130 252
166 252
169 252
181 252
194 252
24 253
39 253
112 253
120 253
172 253
190 253
221 253
232 253
246 253
173 254
189 254
195 254
102 255
109 255
166 255
185 255
219 255
246 255
22 256
63 256
121 256
180 256
205 256
217 256
233 256
255 256
4 257
24 257
142 257
179 257
243 257
256 257
9 258
41 258
72 258
143 258
152 258
179 258
185 258
208 258
233 258
235 258
237 258
12 259
15 259
16 259
22 259
43 259
71 259
89 259
179 259
244 259
20 260
29 260
50 260
58 260
91 260
95 260
96 260
115 260
184 260
201 260
230 260
240 260
247 260
253 260
29 261
31 261
46 261
53 261
110 261
192 261
215 261
224 261
231 261
46 262
60 262
129 262
151 262
179 262
247 262
25 263
47 263
67 263
82 263
96 263
108 263
170 263
205 263
42 264
62 264
102 264
186 264
257 264
72 265
124 265
148 265
174 265
193 265
197 265
202 265
212 265
247 265
261 265
41 266
76 266
122 266
131 266
143 266
149 266
189 266
199 266
94 267
99 267
112 267
129 267
135 267
187 267
197 267
42 268
44 268
53 268
127 268
174 268
246 268
29 269
72 269
129 269
212 269
253 269
6 270
26 270
68 270
148 270
158 270
204 270
232 270
238 270
29 271
45 271
108 271
124 271
126 271
133 271
179 271
186 271
215 271
225 271
230 271
241 271
242 271
37 272
52 272
79 272
87 272
105 272
123 272
150 272
160 272
174 272
261 272
4 273
6 273
61 273
171 273
214 273
238 273
256 273
57 274
73 274
80 274
191 274
196 274
227 274
233 274
12 275
23 275
83 275
90 275
128 275
136 275
174 275
186 275
259 275
46 276
56 276
101 276
111 276
126 276
149 276
245 276
247 276
258 276
38 277
54 277
70 277
104 277
110 277
116 277
166 277
215 277
216 277
221 277
2 278
11 278
74 278
94 278
116 278
117 278
238 278
239 278
253 278
24 279
50 279
68 279
89 279
126 279
172 279
200 279
1 280
21 280
126 280
130 280
157 280
170 280
178 280
232 280
7 281
73 281
219 281
255 281
41 282
65 282
108 282
125 282
142 282
162 282
202 282
57 283
62 283
71 283
79 283
136 283
198 283
214 283
251 283
11 284
41 284
52 284
81 284
91 284
138 284
145 284
188 284
190 284
229 284
244 284
262 284
0 285
9 285
36 285
91 285
100 285
208 285
248 285
283 285
284 285
16 286
35 286
93 286
121 286
169 286
171 286
173 286
181 286
209 286
214 286
256 286
259 286
266 286
269 286
274 286
70 287
92 287
103 287
111 287
123 287
124 287
155 287
158 287
169 287
177 287
205 287
228 287
245 287
246 287
262 287
108 288
127 288
151 288
157 288
158 288
214 288
101 289
106 289
138 289
175 289
238 289
254 289
282 289
53 290
54 290
103 290
225 290
238 290
247 290
258 290
8 291
47 291
92 291
111 291
124 291
128 291
147 291
153 291
197 291
202 291
290 291
19 292
21 292
98 292
139 292
153 292
181 292
185 292
208 292
232 292
252 292
281 292
26 293
58 293
113 293
129 293
156 293
169 293
174 293
212 293
231 293
236 293
246 293
250 293
267 293
3 294
9 294
65 294
66 294
111 294
119 294
143 294
207 294
220 294
4 295
48 295
92 295
139 295
153 295
218 295
230 295
284 295
31 296
54 296
55 296
60 296
82 296
96 296
131 296
148 296
182 296
238 296
273 296
283 296
291 296
50 297
65 297
79 297
96 297
97 297
115 297
118 297
128 297
180 297
200 297
290 297
3 298
7 298
15 298
59 298
75 298
82 298
107 298
118 298
126 298
227 298
242 298
277 298
282 298
286 298
289 298
25 299
44 299
66 299
87 299
130 299
202 299
212 299
214 299
237 299
