300 5353 5
1 5 8 1 3 1 10 7 9 7 6 2 8 1 8 4 3 4 9 6 7 3 8 2 3 8 4 8 1 8 5 3 8 7 4 1 4 9 3 10 1 9 7 2 6 2 7 6 1 7 9 6 9 6 4 3 9 9 4 3 6 6 4 9 7 10 6 2 6 5 8 5 10 9 7 7 7 8 8 4 3 10 9 1 5 8 5 3 5 7 5 9 3 1 4 9 8 8 3 1 1 6 1 1 8 4 1 9 3 8 9 1 6 7 1 1 6 6 5 9 9 6 6 3 10 3 10 9 5 2 2 3 10 1 9 7 5 10 3 6 10 8 9 8 9 1 7 4 5 3 3 8 9 3 5 10 9 10 2 4 8 6 7 3 4 8 1 7 9 3 7 4 8 9 6 10 4 10 2 10 8 1 1 8 10 9 6 1 4 10 6 4 7 7 6 8 9 3 1 6 3 10 7 2 4 7 8 8 8 10 3 6 5 6 6 3 4 2 5 3 9 6 4 6 6 4 7 8 7 1 10 9 4 4 3 1 3 9 5 9 7 2 8 6 10 10 7 10 2 10 4 2 8 5 10 3 7 10 5 9 5 9 5 4 3 8 9 1 4 6 9 6 1 3 8 5 4 1 4 6 9 5 1 2 2 1 2 1 2 8 6 6 6 6 1 6 8 1 7 5
1 2
2 4
5 6
2 8
5 8
7 8
2 9
7 9
5 10
6 10
2 11
4 11
5 11
1 12
5 12
7 12
11 13
2 14
4 14
6 14
9 14
5 16
13 16
0 17
9 17
14 17
16 17
5 18
6 18
10 19
3 21
12 21
1 22
4 22
7 22
17 22
4 23
13 23
18 23
19 23
8 24
10 24
9 25
19 25
20 25
20 26
25 26
9 27
11 27
25 27
1 28
17 28
1 29
8 29
13 29
19 29
20 29
28 29
3 30
6 31
7 31
11 31
27 31
0 32
2 32
4 32
20 32
24 32
12 33
18 33
25 33
29 33
12 34
17 34
20 34
32 34
4 35
12 35
13 35
24 35
31 35
0 36
12 36
17 36
26 36
5 37
8 38
17 38
4 39
16 39
24 39
34 39
8 40
13 40
34 40
5 41
28 41
39 41
11 42
12 42
14 42
32 42
35 42
38 42
39 42
11 43
13 43
24 43
35 43
42 43
5 44
18 44
34 44
42 44
1 45
7 45
0 46
19 46
23 46
27 46
41 46
45 46
1 47
31 47
5 48
19 48
22 48
27 48
32 48
6 49
15 49
31 49
14 50
22 50
29 50
32 50
37 50
15 51
16 51
18 51
29 51
31 51
49 51
3 52
10 52
33 52
45 52
0 53
10 53
13 53
15 53
24 53
28 53
42 53
2 54
4 54
32 54
33 54
37 54
51 54
13 55
28 55
37 55
23 56
29 56
35 56
42 56
14 57
19 57
32 57
33 57
40 57
48 57
2 58
9 58
15 58
16 58
25 58
30 58
32 58
38 58
43 58
48 58
51 58
53 58
4 59
18 59
24 59
30 59
36 59
14 60
17 60
20 60
21 60
31 60
45 60
50 60
25 61
26 61
43 61
4 62
7 62
17 62
28 62
36 62
44 62
45 62
58 62
60 62
61 62
25 63
27 63
33 63
44 63
52 63
54 63
6 64
25 64
40 64
4 65
8 65
12 65
13 65
15 65
20 65
42 65
57 65
5 66
11 66
20 66
31 66
48 66
50 66
51 66
57 66
1 67
6 67
8 67
17 67
19 67
43 67
51 67
52 67
53 67
62 67
65 67
13 68
19 68
35 68
41 68
46 68
47 68
50 68
63 68
12 69
13 69
16 69
30 69
39 69
42 69
49 69
57 69
67 69
1 70
20 70
26 70
29 70
30 70
37 70
40 70
17 71
18 71
28 71
31 71
35 71
37 71
40 71
56 71
7 72
12 72
16 72
18 72
23 72
44 72
48 72
65 72
69 72
12 73
13 73
14 73
40 73
53 73
54 73
59 73
62 73
2 74
18 74
35 74
65 74
7 75
20 75
27 75
37 75
44 75
45 75
55 75
69 75
23 76
30 76
41 76
51 76
54 76
59 76
65 76
66 76
3 77
4 77
11 77
29 77
37 77
45 77
59 77
62 77
66 77
72 77
4 78
5 78
8 78
19 78
21 78
26 78
70 78
1 79
5 79
43 79
76 79
1 80
8 80
9 80
28 80
33 80
35 80
41 80
64 80
68 80
70 80
74 80
6 81
13 81
15 81
19 81
24 81
28 81
34 81
47 81
48 81
60 81
67 81
71 81
74 81
77 81
78 81
0 82
3 82
24 82
29 82
31 82
55 82
59 82
64 82
80 82
3 83
7 83
14 83
25 83
33 83
37 83
51 83
54 83
56 83
63 83
80 83
81 83
11 84
15 84
16 84
31 84
36 84
44 84
45 84
48 84
58 84
1 85
19 85
33 85
43 85
44 85
76 85
79 85
5 86
8 86
10 86
22 86
26 86
30 86
37 86
41 86
46 86
49 86
52 86
58 86
64 86
77 86
3 87
12 87
17 87
19 87
31 87
44 87
52 87
72 87
82 87
85 87
7 88
15 88
22 88
25 88
40 88
44 88
46 88
50 88
54 88
61 88
70 88
76 88
79 88
0 89
8 89
11 89
14 89
36 89
37 89
57 89
60 89
66 89
67 89
68 89
84 89
0 90
5 90
12 90
40 90
51 90
57 90
64 90
65 90
76 90
79 90
85 90
16 91
33 91
35 91
36 91
48 91
51 91
52 91
62 91
73 91
88 91
2 92
3 92
13 92
26 92
30 92
41 92
42 92
70 92
72 92
75 92
88 92
19 93
28 93
30 93
56 93
65 93
69 93
79 93
86 93
89 93
92 93
7 94
8 94
11 94
25 94
36 94
43 94
45 94
51 94
58 94
59 94
67 94
75 94
77 94
78 94
80 94
91 94
5 95
13 95
29 95
38 95
49 95
51 95
70 95
72 95
90 95
1 96
5 96
9 96
11 96
17 96
19 96
33 96
43 96
47 96
59 96
80 96
6 97
21 97
37 97
42 97
48 97
50 97
51 97
52 97
53 97
59 97
66 97
81 97
87 97
13 98
23 98
44 98
49 98
57 98
58 98
74 98
4 99
7 99
15 99
20 99
32 99
36 99
57 99
62 99
75 99
95 99
97 99
16 100
25 100
31 100
52 100
64 100
80 100
81 100
87 100
98 100
99 100
17 101
23 101
52 101
73 101
74 101
76 101
81 101
83 101
87 101
99 101
9 102
24 102
44 102
46 102
51 102
62 102
79 102
80 102
85 102
92 102
2 103
5 103
8 103
20 103
26 103
27 103
30 103
31 103
37 103
45 103
47 103
71 103
83 103
86 103
6 104
7 104
22 104
27 104
59 104
62 104
63 104
66 104
71 104
82 104
100 104
103 104
22 105
33 105
38 105
39 105
56 105
68 105
90 105
102 105
10 106
13 106
36 106
44 106
55 106
57 106
60 106
76 106
85 106
98 106
100 106
3 107
17 107
20 107
21 107
29 107
33 107
35 107
40 107
41 107
42 107
54 107
75 107
76 107
83 107
92 107
8 108
22 108
27 108
29 108
34 108
37 108
47 108
51 108
72 108
74 108
89 108
94 108
105 108
15 109
18 109
28 109
31 109
43 109
45 109
57 109
66 109
81 109
91 109
92 109
97 109
100 109
24 110
26 110
30 110
31 110
40 110
42 110
50 110
53 110
58 110
63 110
74 110
76 110
89 110
91 110
94 110
96 110
107 110
109 110
22 111
37 111
39 111
51 111
53 111
59 111
62 111
69 111
70 111
72 111
81 111
84 111
90 111
95 111
97 111
99 111
104 111
4 112
7 112
27 112
35 112
55 112
64 112
65 112
68 112
71 112
88 112
93 112
24 113
28 113
43 113
55 113
64 113
71 113
79 113
83 113
89 113
97 113
105 113
111 113
14 114
34 114
42 114
46 114
60 114
63 114
71 114
79 114
102 114
108 114
21 115
29 115
51 115
55 115
94 115
99 115
103 115
1 116
12 116
14 116
17 116
39 116
41 116
44 116
52 116
95 116
96 116
101 116
108 116
114 116
1 117
3 117
29 117
39 117
40 117
43 117
58 117
60 117
67 117
68 117
71 117
91 117
107 117
116 117
19 118
29 118
31 118
39 118
53 118
54 118
58 118
79 118
86 118
104 118
107 118
110 118
3 119
9 119
11 119
12 119
17 119
57 119
59 119
70 119
73 119
74 119
90 119
92 119
98 119
12 120
23 120
26 120
30 120
44 120
50 120
53 120
70 120
80 120
82 120
83 120
96 120
99 120
8 121
20 121
32 121
43 121
47 121
48 121
51 121
55 121
58 121
61 121
75 121
100 121
102 121
103 121
117 121
120 121
1 122
2 122
15 122
18 122
30 122
31 122
34 122
61 122
75 122
78 122
81 122
84 122
90 122
104 122
107 122
112 122
4 123
7 123
12 123
23 123
40 123
42 123
43 123
46 123
55 123
57 123
70 123
75 123
103 123
110 123
114 123
6 124
8 124
10 124
21 124
32 124
34 124
37 124
39 124
81 124
93 124
104 124
111 124
116 124
118 124
11 125
12 125
14 125
20 125
26 125
32 125
35 125
49 125
61 125
63 125
65 125
68 125
90 125
110 125
111 125
113 125
3 126
6 126
11 126
15 126
28 126
33 126
43 126
54 126
55 126
60 126
66 126
77 126
100 126
110 126
119 126
121 126
4 127
8 127
17 127
20 127
39 127
41 127
51 127
58 127
59 127
73 127
101 127
102 127
105 127
113 127
119 127
6 128
8 128
16 128
22 128
32 128
59 128
63 128
74 128
78 128
86 128
104 128
112 128
114 128
1 129
19 129
31 129
32 129
33 129
36 129
38 129
40 129
42 129
49 129
55 129
78 129
85 129
93 129
102 129
121 129
123 129
7 130
10 130
11 130
12 130
13 130
16 130
20 130
41 130
44 130
46 130
55 130
60 130
65 130
73 130
75 130
79 130
122 130
3 131
7 131
14 131
27 131
41 131
45 131
73 131
74 131
86 131
125 131
128 131
13 132
15 132
17 132
18 132
27 132
56 132
61 132
75 132
85 132
88 132
90 132
113 132
126 132
129 132
12 133
19 133
22 133
25 133
38 133
56 133
57 133
65 133
70 133
74 133
96 133
107 133
109 133
110 133
116 133
118 133
129 133
131 133
3 134
7 134
9 134
12 134
17 134
30 134
34 134
90 134
92 134
97 134
106 134
114 134
120 134
132 134
2 135
32 135
34 135
36 135
40 135
45 135
65 135
72 135
80 135
85 135
88 135
93 135
115 135
130 135
3 136
4 136
6 136
7 136
13 136
22 136
26 136
30 136
33 136
40 136
57 136
68 136
85 136
86 136
87 136
92 136
96 136
99 136
107 136
124 136
4 137
24 137
36 137
40 137
55 137
107 137
109 137
114 137
118 137
121 137
123 137
129 137
135 137
0 138
4 138
5 138
8 138
19 138
30 138
32 138
35 138
54 138
57 138
59 138
70 138
79 138
96 138
101 138
103 138
108 138
115 138
131 138
135 138
136 138
6 139
14 139
18 139
28 139
29 139
36 139
40 139
48 139
55 139
71 139
88 139
96 139
103 139
115 139
123 139
132 139
1 140
5 140
19 140
33 140
34 140
48 140
49 140
51 140
55 140
85 140
93 140
96 140
98 140
102 140
104 140
109 140
113 140
115 140
126 140
135 140
6 141
10 141
11 141
20 141
27 141
45 141
46 141
60 141
66 141
77 141
85 141
89 141
101 141
117 141
118 141
126 141
136 141
17 142
19 142
30 142
46 142
61 142
64 142
69 142
80 142
97 142
99 142
120 142
17 143
21 143
24 143
41 143
44 143
54 143
63 143
71 143
82 143
87 143
102 143
127 143
140 143
0 144
21 144
29 144
30 144
33 144
38 144
46 144
59 144
63 144
73 144
76 144
78 144
99 144
127 144
134 144
2 145
6 145
22 145
23 145
24 145
41 145
49 145
53 145
67 145
75 145
78 145
89 145
92 145
98 145
99 145
107 145
110 145
120 145
125 145
126 145
137 145
141 145
9 146
27 146
29 146
32 146
33 146
35 146
44 146
49 146
84 146
90 146
92 146
96 146
99 146
106 146
109 146
112 146
114 146
123 146
133 146
137 146
141 146
142 146
144 146
1 147
13 147
24 147
59 147
62 147
82 147
84 147
107 147
117 147
129 147
0 148
3 148
7 148
15 148
24 148
34 148
52 148
60 148
61 148
82 148
95 148
99 148
121 148
123 148
133 148
137 148
4 149
5 149
32 149
47 149
58 149
78 149
95 149
104 149
107 149
114 149
128 149
132 149
139 149
141 149
5 150
20 150
28 150
35 150
44 150
62 150
80 150
89 150
102 150
107 150
127 150
136 150
138 150
140 150
3 151
8 151
17 151
25 151
26 151
29 151
41 151
51 151
52 151
66 151
71 151
78 151
80 151
82 151
92 151
96 151
97 151
104 151
112 151
114 151
118 151
123 151
134 151
146 151
8 152
26 152
40 152
45 152
47 152
56 152
59 152
60 152
64 152
66 152
73 152
83 152
97 152
106 152
111 152
116 152
119 152
124 152
130 152
136 152
3 153
4 153
6 153
20 153
25 153
27 153
31 153
37 153
41 153
61 153
69 153
70 153
79 153
84 153
93 153
110 153
112 153
120 153
139 153
148 153
149 153
2 154
10 154
58 154
80 154
95 154
99 154
102 154
104 154
106 154
131 154
136 154
147 154
23 155
26 155
39 155
44 155
47 155
49 155
52 155
55 155
93 155
95 155
129 155
130 155
148 155
1 156
6 156
9 156
13 156
15 156
25 156
27 156
49 156
80 156
84 156
102 156
112 156
116 156
120 156
122 156
135 156
149 156
9 157
21 157
47 157
50 157
55 157
57 157
63 157
69 157
78 157
81 157
87 157
98 157
104 157
120 157
128 157
135 157
141 157
149 157
3 158
11 158
19 158
31 158
35 158
46 158
51 158
54 158
70 158
87 158
102 158
111 158
112 158
147 158
151 158
6 159
14 159
15 159
22 159
31 159
37 159
42 159
45 159
48 159
77 159
79 159
84 159
92 159
107 159
109 159
114 159
115 159
116 159
119 159
143 159
151 159
154 159
7 160
17 160
19 160
40 160
50 160
57 160
61 160
62 160
63 160
79 160
115 160
123 160
127 160
132 160
135 160
145 160
152 160
155 160
158 160
159 160
3 161
5 161
17 161
18 161
19 161
23 161
24 161
28 161
36 161
38 161
43 161
44 161
59 161
87 161
95 161
116 161
117 161
120 161
121 161
122 161
129 161
131 161
135 161
143 161
154 161
14 162
19 162
50 162
78 162
89 162
108 162
123 162
128 162
131 162
132 162
137 162
142 162
146 162
155 162
8 163
16 163
37 163
42 163
53 163
56 163
77 163
82 163
83 163
87 163
94 163
99 163
108 163
121 163
132 163
141 163
147 163
152 163
162 163
27 164
31 164
43 164
47 164
48 164
66 164
67 164
79 164
81 164
93 164
102 164
104 164
118 164
119 164
123 164
125 164
2 165
8 165
32 165
33 165
42 165
46 165
81 165
85 165
88 165
96 165
115 165
119 165
137 165
157 165
163 165
3 166
6 166
9 166
12 166
14 166
23 166
29 166
36 166
39 166
46 166
59 166
65 166
71 166
82 166
104 166
115 166
117 166
136 166
141 166
151 166
157 166
3 167
9 167
18 167
30 167
38 167
45 167
61 167
65 167
66 167
88 167
89 167
99 167
110 167
126 167
140 167
153 167
159 167
1 168
7 168
22 168
33 168
36 168
51 168
59 168
63 168
70 168
77 168
117 168
120 168
122 168
129 168
135 168
153 168
166 168
167 168
7 169
9 169
10 169
13 169
21 169
29 169
43 169
48 169
55 169
58 169
61 169
71 169
74 169
76 169
87 169
91 169
92 169
93 169
99 169
103 169
125 169
130 169
135 169
138 169
148 169
2 170
3 170
6 170
25 170
37 170
41 170
44 170
48 170
49 170
51 170
57 170
66 170
68 170
70 170
78 170
81 170
82 170
114 170
124 170
128 170
137 170
142 170
145 170
146 170
10 171
21 171
27 171
33 171
45 171
50 171
55 171
60 171
67 171
72 171
99 171
100 171
103 171
106 171
117 171
129 171
137 171
142 171
145 171
152 171
164 171
170 171
1 172
5 172
6 172
7 172
20 172
35 172
36 172
39 172
54 172
55 172
74 172
78 172
83 172
86 172
96 172
103 172
114 172
116 172
118 172
119 172
125 172
152 172
154 172
155 172
156 172
159 172
171 172
12 173
22 173
23 173
39 173
42 173
81 173
96 173
116 173
118 173
120 173
121 173
127 173
128 173
129 173
131 173
133 173
135 173
149 173
153 173
161 173
0 174
6 174
23 174
44 174
46 174
50 174
69 174
71 174
73 174
78 174
92 174
95 174
102 174
106 174
107 174
121 174
130 174
141 174
144 174
149 174
160 174
6 175
10 175
12 175
13 175
15 175
25 175
26 175
30 175
43 175
46 175
50 175
53 175
57 175
59 175
63 175
64 175
73 175
75 175
99 175
112 175
127 175
132 175
137 175
146 175
149 175
160 175
15 176
23 176
28 176
43 176
55 176
60 176
62 176
64 176
75 176
76 176
79 176
83 176
85 176
105 176
108 176
109 176
123 176
129 176
131 176
135 176
140 176
146 176
149 176
150 176
151 176
156 176
170 176
5 177
16 177
25 177
28 177
33 177
39 177
54 177
60 177
73 177
76 177
82 177
85 177
98 177
99 177
104 177
105 177
114 177
118 177
121 177
126 177
133 177
135 177
144 177
147 177
149 177
155 177
165 177
171 177
5 178
6 178
7 178
21 178
31 178
32 178
42 178
46 178
51 178
76 178
79 178
84 178
85 178
87 178
91 178
96 178
130 178
135 178
142 178
144 178
164 178
167 178
7 179
21 179
22 179
25 179
27 179
28 179
34 179
37 179
41 179
50 179
56 179
59 179
63 179
64 179
69 179
73 179
76 179
79 179
88 179
118 179
128 179
138 179
144 179
173 179
176 179
4 180
15 180
16 180
27 180
45 180
52 180
54 180
60 180
66 180
71 180
74 180
82 180
84 180
98 180
107 180
113 180
119 180
128 180
133 180
141 180
148 180
158 180
161 180
163 180
165 180
166 180
6 181
8 181
16 181
30 181
36 181
45 181
80 181
93 181
96 181
99 181
119 181
121 181
150 181
155 181
10 182
15 182
16 182
17 182
32 182
38 182
46 182
48 182
53 182
55 182
57 182
58 182
59 182
65 182
76 182
88 182
95 182
102 182
113 182
114 182
116 182
117 182
128 182
129 182
136 182
151 182
152 182
154 182
156 182
159 182
168 182
12 183
25 183
35 183
57 183
63 183
65 183
67 183
78 183
96 183
111 183
126 183
127 183
132 183
138 183
142 183
144 183
153 183
163 183
169 183
171 183
174 183
177 183
0 184
1 184
18 184
19 184
25 184
43 184
48 184
68 184
72 184
73 184
75 184
82 184
84 184
87 184
92 184
95 184
96 184
99 184
102 184
105 184
108 184
110 184
116 184
122 184
126 184
127 184
131 184
142 184
146 184
147 184
148 184
151 184
161 184
162 184
163 184
173 184
174 184
0 185
4 185
23 185
28 185
32 185
34 185
45 185
52 185
57 185
65 185
72 185
84 185
91 185
109 185
113 185
117 185
121 185
124 185
128 185
132 185
145 185
152 185
159 185
161 185
163 185
183 185
2 186
15 186
34 186
40 186
47 186
50 186
62 186
78 186
81 186
82 186
84 186
85 186
90 186
97 186
100 186
113 186
124 186
131 186
139 186
141 186
142 186
143 186
149 186
155 186
157 186
175 186
180 186
11 187
18 187
23 187
30 187
36 187
38 187
51 187
53 187
55 187
57 187
64 187
69 187
74 187
76 187
86 187
92 187
99 187
112 187
113 187
119 187
130 187
139 187
144 187
151 187
169 187
172 187
174 187
3 188
7 188
12 188
20 188
51 188
66 188
78 188
84 188
87 188
95 188
107 188
108 188
112 188
137 188
155 188
169 188
3 189
5 189
18 189
23 189
25 189
32 189
42 189
43 189
44 189
56 189
57 189
79 189
81 189
95 189
103 189
112 189
120 189
123 189
124 189
130 189
142 189
143 189
148 189
151 189
158 189
162 189
169 189
174 189
183 189
17 190
26 190
32 190
44 190
45 190
46 190
50 190
53 190
54 190
58 190
62 190
65 190
68 190
69 190
82 190
84 190
118 190
136 190
138 190
139 190
142 190
143 190
154 190
155 190
158 190
182 190
185 190
14 191
32 191
33 191
42 191
43 191
47 191
53 191
62 191
64 191
80 191
81 191
98 191
109 191
120 191
134 191
171 191
172 191
174 191
177 191
178 191
4 192
19 192
25 192
27 192
28 192
29 192
36 192
54 192
70 192
71 192
74 192
76 192
89 192
94 192
97 192
111 192
145 192
148 192
160 192
163 192
185 192
12 193
18 193
20 193
32 193
33 193
54 193
56 193
60 193
61 193
73 193
94 193
104 193
105 193
107 193
118 193
123 193
149 193
151 193
152 193
158 193
162 193
177 193
178 193
184 193
17 194
32 194
37 194
44 194
63 194
71 194
73 194
88 194
96 194
98 194
105 194
116 194
146 194
150 194
159 194
161 194
182 194
3 195
11 195
16 195
24 195
33 195
35 195
47 195
64 195
77 195
80 195
81 195
90 195
94 195
112 195
118 195
123 195
135 195
149 195
154 195
156 195
167 195
170 195
171 195
175 195
184 195
185 195
1 196
4 196
8 196
42 196
49 196
55 196
69 196
85 196
89 196
91 196
114 196
116 196
119 196
123 196
134 196
137 196
145 196
149 196
150 196
160 196
4 197
24 197
32 197
61 197
67 197
68 197
74 197
98 197
103 197
105 197
108 197
110 197
113 197
122 197
130 197
131 197
133 197
134 197
152 197
156 197
157 197
163 197
168 197
181 197
189 197
3 198
4 198
8 198
31 198
35 198
46 198
63 198
83 198
86 198
97 198
101 198
102 198
108 198
116 198
126 198
130 198
133 198
152 198
160 198
173 198
175 198
180 198
186 198
188 198
194 198
0 199
2 199
22 199
31 199
51 199
82 199
88 199
96 199
104 199
109 199
111 199
118 199
134 199
142 199
154 199
160 199
165 199
166 199
170 199
177 199
192 199
197 199
16 200
27 200
34 200
45 200
51 200
62 200
67 200
86 200
96 200
100 200
107 200
115 200
118 200
124 200
125 200
131 200
133 200
139 200
142 200
163 200
172 200
193 200
197 200
16 201
33 201
40 201
49 201
54 201
62 201
75 201
79 201
83 201
90 201
95 201
109 201
115 201
129 201
138 201
142 201
148 201
149 201
156 201
169 201
175 201
176 201
183 201
184 201
186 201
196 201
12 202
19 202
23 202
24 202
30 202
40 202
45 202
61 202
62 202
64 202
97 202
100 202
102 202
104 202
111 202
130 202
137 202
151 202
153 202
154 202
161 202
166 202
191 202
6 203
23 203
44 203
54 203
64 203
65 203
67 203
70 203
80 203
81 203
83 203
88 203
97 203
101 203
106 203
107 203
110 203
144 203
145 203
146 203
147 203
151 203
164 203
168 203
176 203
178 203
180 203
188 203
190 203
194 203
197 203
11 204
13 204
18 204
20 204
22 204
24 204
40 204
41 204
46 204
48 204
49 204
53 204
64 204
69 204
74 204
92 204
124 204
125 204
127 204
130 204
153 204
155 204
159 204
177 204
178 204
0 205
3 205
7 205
12 205
21 205
39 205
47 205
54 205
60 205
62 205
64 205
74 205
77 205
80 205
89 205
120 205
126 205
129 205
136 205
144 205
151 205
166 205
167 205
188 205
189 205
191 205
202 205
7 206
22 206
23 206
26 206
33 206
35 206
37 206
49 206
71 206
72 206
75 206
77 206
78 206
79 206
82 206
87 206
91 206
94 206
106 206
107 206
112 206
115 206
124 206
136 206
140 206
147 206
151 206
162 206
172 206
180 206
181 206
192 206
204 206
4 207
7 207
16 207
21 207
25 207
35 207
41 207
49 207
59 207
64 207
71 207
79 207
98 207
101 207
134 207
137 207
141 207
149 207
152 207
157 207
178 207
182 207
202 207
1 208
9 208
12 208
13 208
27 208
36 208
41 208
54 208
61 208
75 208
76 208
85 208
87 208
89 208
92 208
94 208
96 208
112 208
113 208
119 208
122 208
138 208
143 208
152 208
160 208
173 208
179 208
191 208
194 208
195 208
196 208
4 209
21 209
28 209
29 209
36 209
45 209
51 209
57 209
58 209
61 209
64 209
96 209
106 209
107 209
109 209
110 209
113 209
118 209
119 209
127 209
129 209
138 209
148 209
150 209
178 209
181 209
184 209
190 209
199 209
207 209
3 210
8 210
21 210
28 210
35 210
40 210
51 210
57 210
58 210
86 210
89 210
106 210
110 210
126 210
139 210
159 210
167 210
192 210
194 210
202 210
203 210
207 210
4 211
7 211
9 211
11 211
31 211
58 211
60 211
63 211
70 211
80 211
91 211
95 211
96 211
108 211
118 211
119 211
124 211
131 211
143 211
151 211
154 211
159 211
166 211
176 211
179 211
186 211
200 211
203 211
10 212
13 212
18 212
28 212
29 212
32 212
33 212
35 212
37 212
44 212
46 212
55 212
76 212
109 212
110 212
116 212
123 212
127 212
129 212
131 212
138 212
150 212
153 212
175 212
3 213
43 213
47 213
49 213
56 213
75 213
78 213
84 213
87 213
89 213
99 213
111 213
137 213
141 213
144 213
154 213
160 213
169 213
185 213
192 213
208 213
5 214
7 214
8 214
13 214
27 214
50 214
51 214
59 214
64 214
77 214
79 214
84 214
85 214
86 214
89 214
96 214
115 214
130 214
171 214
184 214
195 214
202 214
207 214
5 215
8 215
9 215
18 215
23 215
35 215
38 215
53 215
56 215
79 215
86 215
99 215
102 215
112 215
116 215
123 215
145 215
154 215
157 215
162 215
172 215
178 215
182 215
199 215
208 215
212 215
0 216
3 216
7 216
11 216
26 216
45 216
67 216
72 216
78 216
79 216
84 216
86 216
91 216
108 216
115 216
117 216
129 216
132 216
145 216
161 216
174 216
178 216
181 216
183 216
186 216
188 216
192 216
196 216
208 216
5 217
6 217
10 217
18 217
29 217
36 217
40 217
42 217
52 217
72 217
76 217
81 217
91 217
96 217
101 217
110 217
112 217
114 217
135 217
145 217
149 217
152 217
156 217
174 217
180 217
181 217
190 217
195 217
196 217
198 217
216 217
16 218
28 218
30 218
31 218
45 218
60 218
63 218
76 218
77 218
79 218
82 218
84 218
92 218
99 218
100 218
101 218
103 218
109 218
121 218
122 218
136 218
137 218
182 218
193 218
195 218
203 218
204 218
214 218
12 219
29 219
34 219
40 219
42 219
50 219
75 219
84 219
87 219
88 219
93 219
96 219
106 219
112 219
113 219
114 219
116 219
124 219
142 219
144 219
154 219
158 219
170 219
173 219
210 219
3 220
6 220
9 220
11 220
12 220
16 220
38 220
50 220
53 220
59 220
73 220
75 220
88 220
91 220
95 220
108 220
119 220
122 220
126 220
130 220
157 220
172 220
178 220
182 220
202 220
207 220
21 221
23 221
32 221
66 221
68 221
86 221
92 221
93 221
124 221
137 221
147 221
151 221
172 221
185 221
37 222
43 222
51 222
54 222
57 222
60 222
61 222
63 222
73 222
78 222
83 222
86 222
95 222
99 222
108 222
135 222
188 222
195 222
201 222
204 222
3 223
18 223
24 223
38 223
43 223
49 223
54 223
71 223
87 223
97 223
104 223
107 223
111 223
131 223
158 223
170 223
173 223
177 223
189 223
194 223
196 223
201 223
206 223
207 223
208 223
219 223
3 224
5 224
14 224
18 224
22 224
23 224
45 224
65 224
75 224
85 224
88 224
89 224
100 224
102 224
115 224
133 224
138 224
141 224
155 224
165 224
169 224
170 224
182 224
191 224
195 224
206 224
214 224
3 225
5 225
6 225
13 225
14 225
28 225
50 225
52 225
56 225
57 225
73 225
82 225
87 225
93 225
94 225
105 225
109 225
121 225
145 225
154 225
158 225
160 225
164 225
180 225
187 225
194 225
218 225
4 226
14 226
18 226
30 226
39 226
46 226
68 226
74 226
93 226
94 226
99 226
112 226
116 226
126 226
141 226
144 226
156 226
158 226
167 226
172 226
181 226
185 226
214 226
2 227
9 227
26 227
29 227
37 227
41 227
44 227
46 227
49 227
67 227
81 227
93 227
104 227
108 227
111 227
112 227
114 227
121 227
124 227
126 227
127 227
131 227
132 227
138 227
144 227
150 227
151 227
174 227
203 227
207 227
215 227
218 227
16 228
24 228
27 228
43 228
53 228
55 228
58 228
74 228
75 228
88 228
92 228
93 228
98 228
100 228
111 228
115 228
119 228
141 228
145 228
153 228
156 228
163 228
164 228
166 228
173 228
182 228
188 228
190 228
197 228
199 228
206 228
211 228
225 228
6 229
7 229
14 229
48 229
55 229
57 229
65 229
66 229
73 229
78 229
82 229
85 229
90 229
118 229
120 229
128 229
133 229
159 229
162 229
164 229
168 229
170 229
180 229
200 229
14 230
19 230
33 230
48 230
53 230
56 230
59 230
66 230
69 230
70 230
71 230
81 230
90 230
92 230
94 230
96 230
100 230
103 230
105 230
116 230
119 230
120 230
121 230
131 230
133 230
161 230
162 230
170 230
178 230
180 230
185 230
189 230
194 230
195 230
202 230
203 230
210 230
218 230
219 230
24 231
68 231
73 231
76 231
101 231
106 231
124 231
153 231
158 231
168 231
172 231
199 231
206 231
208 231
209 231
216 231
217 231
221 231
1 232
5 232
13 232
25 232
29 232
47 232
50 232
51 232
53 232
58 232
60 232
86 232
88 232
103 232
114 232
118 232
137 232
148 232
160 232
163 232
172 232
177 232
211 232
213 232
217 232
220 232
230 232
1 233
2 233
4 233
24 233
31 233
32 233
42 233
56 233
63 233
64 233
66 233
81 233
89 233
92 233
121 233
125 233
127 233
130 233
137 233
139 233
140 233
142 233
145 233
147 233
158 233
172 233
175 233
178 233
190 233
195 233
200 233
202 233
207 233
212 233
222 233
225 233
8 234
16 234
20 234
32 234
36 234
66 234
80 234
84 234
93 234
95 234
102 234
117 234
146 234
156 234
179 234
206 234
208 234
222 234
227 234
229 234
231 234
232 234
0 235
1 235
4 235
11 235
13 235
14 235
23 235
32 235
45 235
46 235
47 235
62 235
65 235
68 235
80 235
84 235
89 235
95 235
105 235
109 235
123 235
137 235
138 235
142 235
145 235
163 235
179 235
189 235
198 235
210 235
1 236
6 236
19 236
39 236
42 236
50 236
51 236
59 236
63 236
79 236
86 236
94 236
97 236
113 236
117 236
121 236
135 236
148 236
152 236
167 236
170 236
173 236
174 236
177 236
193 236
202 236
207 236
234 236
1 237
2 237
7 237
8 237
13 237
18 237
32 237
34 237
42 237
50 237
55 237
60 237
70 237
87 237
94 237
117 237
123 237
125 237
166 237
177 237
180 237
181 237
190 237
191 237
214 237
223 237
234 237
235 237
4 238
5 238
15 238
16 238
36 238
39 238
68 238
72 238
79 238
95 238
106 238
109 238
119 238
120 238
122 238
127 238
128 238
130 238
140 238
165 238
168 238
170 238
177 238
178 238
179 238
195 238
197 238
201 238
207 238
226 238
20 239
46 239
52 239
60 239
71 239
87 239
134 239
137 239
143 239
148 239
161 239
163 239
167 239
176 239
202 239
236 239
8 240
19 240
20 240
44 240
51 240
53 240
59 240
61 240
62 240
67 240
68 240
75 240
77 240
91 240
101 240
103 240
119 240
131 240
135 240
147 240
153 240
157 240
158 240
189 240
190 240
201 240
205 240
218 240
10 241
19 241
21 241
24 241
27 241
30 241
31 241
39 241
44 241
58 241
75 241
79 241
106 241
108 241
124 241
132 241
142 241
145 241
168 241
171 241
178 241
190 241
212 241
226 241
231 241
237 241
239 241
2 242
23 242
35 242
36 242
47 242
52 242
53 242
56 242
57 242
79 242
89 242
95 242
103 242
104 242
110 242
128 242
129 242
131 242
138 242
139 242
146 242
149 242
156 242
160 242
163 242
179 242
193 242
213 242
215 242
218 242
223 242
227 242
236 242
1 243
9 243
10 243
13 243
19 243
30 243
31 243
36 243
47 243
49 243
59 243
64 243
66 243
67 243
74 243
84 243
97 243
101 243
112 243
121 243
130 243
133 243
134 243
138 243
139 243
144 243
145 243
146 243
152 243
159 243
164 243
167 243
173 243
181 243
193 243
194 243
197 243
201 243
213 243
218 243
225 243
235 243
242 243
7 244
13 244
15 244
22 244
36 244
46 244
49 244
55 244
83 244
87 244
93 244
102 244
114 244
125 244
130 244
131 244
153 244
158 244
185 244
191 244
201 244
202 244
209 244
220 244
226 244
237 244
238 244
243 244
10 245
25 245
27 245
68 245
71 245
86 245
91 245
95 245
101 245
111 245
134 245
142 245
143 245
153 245
158 245
162 245
182 245
189 245
200 245
225 245
229 245
231 245
232 245
233 245
239 245
0 246
3 246
7 246
10 246
13 246
18 246
28 246
31 246
34 246
45 246
48 246
50 246
53 246
58 246
62 246
78 246
87 246
138 246
144 246
147 246
150 246
153 246
161 246
165 246
166 246
167 246
172 246
197 246
202 246
208 246
224 246
230 246
235 246
239 246
20 247
22 247
29 247
35 247
48 247
56 247
62 247
87 247
110 247
138 247
140 247
143 247
144 247
147 247
149 247
161 247
163 247
190 247
210 247
243 247
5 248
18 248
32 248
34 248
48 248
55 248
81 248
89 248
115 248
145 248
150 248
171 248
175 248
183 248
200 248
236 248
239 248
2 249
4 249
11 249
16 249
21 249
25 249
65 249
66 249
71 249
82 249
109 249
111 249
126 249
135 249
136 249
151 249
152 249
154 249
170 249
174 249
181 249
187 249
189 249
200 249
214 249
226 249
227 249
234 249
238 249
0 250
14 250
17 250
18 250
25 250
33 250
42 250
55 250
59 250
63 250
72 250
74 250
92 250
98 250
99 250
103 250
109 250
139 250
140 250
149 250
166 250
168 250
170 250
171 250
174 250
178 250
184 250
228 250
233 250
238 250
245 250
246 250
0 251
5 251
7 251
12 251
20 251
26 251
27 251
31 251
34 251
36 251
42 251
48 251
54 251
65 251
66 251
68 251
79 251
120 251
121 251
140 251
146 251
155 251
160 251
172 251
176 251
188 251
191 251
204 251
208 251
221 251
233 251
245 251
18 252
30 252
32 252
38 252
69 252
81 252
90 252
97 252
103 252
116 252
120 252
124 252
131 252
143 252
144 252
163 252
168 252
173 252
178 252
191 252
193 252
195 252
206 252
209 252
226 252
251 252
37 253
66 253
70 253
73 253
74 253
98 253
105 253
110 253
133 253
138 253
145 253
148 253
179 253
180 253
183 253
194 253
206 253
207 253
217 253
227 253
250 253
252 253
3 254
17 254
42 254
44 254
45 254
48 254
51 254
56 254
59 254
78 254
83 254
92 254
98 254
104 254
114 254
117 254
125 254
130 254
133 254
138 254
141 254
146 254
150 254
153 254
155 254
160 254
165 254
185 254
190 254
197 254
208 254
214 254
222 254
226 254
233 254
238 254
241 254
242 254
246 254
1 255
15 255
18 255
34 255
35 255
43 255
61 255
62 255
70 255
85 255
86 255
94 255
114 255
124 255
146 255
160 255
165 255
181 255
196 255
209 255
210 255
232 255
237 255
238 255
245 255
16 256
22 256
28 256
33 256
48 256
56 256
79 256
87 256
89 256
112 256
116 256
133 256
138 256
149 256
164 256
177 256
182 256
186 256
198 256
221 256
232 256
241 256
243 256
251 256
252 256
0 257
6 257
10 257
16 257
17 257
45 257
48 257
49 257
57 257
77 257
83 257
85 257
99 257
101 257
122 257
137 257
140 257
165 257
191 257
195 257
206 257
214 257
226 257
241 257
5 258
23 258
25 258
35 258
60 258
66 258
67 258
73 258
86 258
109 258
110 258
114 258
115 258
117 258
119 258
127 258
129 258
131 258
138 258
142 258
146 258
148 258
182 258
187 258
188 258
195 258
210 258
221 258
223 258
228 258
236 258
254 258
10 259
20 259
21 259
61 259
72 259
91 259
98 259
105 259
108 259
112 259
124 259
150 259
153 259
183 259
185 259
194 259
207 259
216 259
239 259
240 259
246 259
251 259
19 260
21 260
22 260
24 260
40 260
72 260
75 260
103 260
122 260
152 260
182 260
188 260
198 260
203 260
212 260
222 260
229 260
236 260
1 261
4 261
6 261
28 261
30 261
36 261
61 261
62 261
64 261
105 261
114 261
121 261
134 261
135 261
143 261
144 261
161 261
167 261
169 261
189 261
197 261
206 261
215 261
217 261
227 261
228 261
230 261
233 261
239 261
245 261
248 261
7 262
10 262
16 262
19 262
22 262
25 262
29 262
33 262
54 262
62 262
72 262
82 262
99 262
105 262
106 262
107 262
110 262
123 262
140 262
152 262
160 262
161 262
167 262
178 262
180 262
207 262
212 262
219 262
223 262
227 262
238 262
13 263
19 263
26 263
30 263
39 263
45 263
47 263
52 263
65 263
66 263
68 263
83 263
86 263
104 263
112 263
114 263
124 263
133 263
145 263
155 263
161 263
170 263
173 263
174 263
204 263
211 263
218 263
235 263
238 263
250 263
261 263
262 263
4 264
5 264
20 264
38 264
43 264
44 264
46 264
49 264
69 264
89 264
105 264
114 264
119 264
127 264
142 264
143 264
147 264
148 264
150 264
153 264
173 264
176 264
179 264
180 264
185 264
193 264
214 264
245 264
36 265
37 265
47 265
68 265
79 265
81 265
92 265
93 265
105 265
111 265
136 265
142 265
143 265
149 265
163 265
165 265
174 265
183 265
186 265
197 265
199 265
208 265
209 265
210 265
222 265
223 265
226 265
232 265
233 265
240 265
243 265
259 265
0 266
7 266
18 266
22 266
26 266
28 266
38 266
49 266
61 266
67 266
68 266
79 266
80 266
102 266
113 266
157 266
163 266
177 266
188 266
195 266
197 266
201 266
206 266
217 266
225 266
237 266
241 266
247 266
265 266
8 267
10 267
12 267
14 267
16 267
25 267
49 267
52 267
64 267
66 267
84 267
91 267
93 267
104 267
106 267
115 267
124 267
125 267
143 267
149 267
155 267
164 267
173 267
179 267
188 267
191 267
193 267
197 267
200 267
219 267
220 267
226 267
228 267
237 267
243 267
258 267
15 268
21 268
47 268
48 268
51 268
56 268
66 268
95 268
99 268
113 268
118 268
123 268
132 268
147 268
150 268
151 268
173 268
175 268
185 268
189 268
201 268
217 268
220 268
234 268
252 268
260 268
15 269
28 269
29 269
34 269
66 269
87 269
92 269
108 269
109 269
127 269
174 269
181 269
183 269
190 269
207 269
210 269
211 269
217 269
238 269
260 269
262 269
2 270
15 270
20 270
24 270
25 270
30 270
32 270
37 270
46 270
49 270
51 270
62 270
63 270
64 270
66 270
109 270
115 270
123 270
150 270
155 270
164 270
169 270
176 270
177 270
179 270
186 270
192 270
201 270
223 270
229 270
236 270
244 270
245 270
0 271
9 271
17 271
30 271
42 271
44 271
52 271
54 271
72 271
83 271
88 271
95 271
97 271
108 271
122 271
126 271
128 271
129 271
148 271
152 271
154 271
172 271
173 271
188 271
216 271
227 271
229 271
235 271
237 271
251 271
262 271
265 271
1 272
5 272
15 272
40 272
44 272
50 272
55 272
66 272
72 272
106 272
109 272
112 272
124 272
131 272
132 272
136 272
139 272
141 272
154 272
156 272
157 272
166 272
170 272
171 272
176 272
179 272
185 272
190 272
214 272
227 272
241 272
244 272
245 272
255 272
260 272
264 272
271 272
0 273
1 273
9 273
16 273
27 273
32 273
63 273
74 273
76 273
79 273
116 273
122 273
140 273
151 273
161 273
163 273
165 273
175 273
189 273
190 273
193 273
196 273
199 273
202 273
207 273
209 273
214 273
224 273
227 273
229 273
247 273
248 273
256 273
257 273
260 273
262 273
269 273
2 274
6 274
8 274
15 274
23 274
49 274
60 274
70 274
76 274
85 274
91 274
94 274
112 274
122 274
133 274
135 274
140 274
141 274
145 274
150 274
157 274
170 274
181 274
192 274
198 274
213 274
219 274
230 274
239 274
243 274
245 274
248 274
256 274
266 274
2 275
6 275
9 275
25 275
28 275
30 275
34 275
43 275
60 275
70 275
94 275
95 275
136 275
138 275
185 275
187 275
200 275
211 275
228 275
230 275
238 275
239 275
244 275
249 275
266 275
274 275
11 276
12 276
16 276
38 276
47 276
51 276
61 276
95 276
107 276
110 276
113 276
148 276
173 276
177 276
178 276
179 276
185 276
204 276
206 276
211 276
218 276
221 276
238 276
248 276
257 276
269 276
272 276
274 276
275 276
6 277
8 277
16 277
22 277
34 277
35 277
37 277
53 277
56 277
58 277
71 277
77 277
85 277
89 277
95 277
112 277
128 277
134 277
140 277
158 277
159 277
168 277
169 277
186 277
189 277
193 277
196 277
207 277
220 277
225 277
229 277
230 277
233 277
265 277
0 278
15 278
23 278
29 278
30 278
31 278
38 278
44 278
56 278
58 278
64 278
71 278
83 278
106 278
110 278
111 278
113 278
122 278
130 278
140 278
143 278
146 278
149 278
163 278
172 278
183 278
184 278
207 278
224 278
229 278
239 278
258 278
264 278
271 278
10 279
13 279
20 279
32 279
37 279
38 279
42 279
62 279
64 279
66 279
68 279
76 279
77 279
80 279
81 279
84 279
90 279
95 279
119 279
131 279
132 279
139 279
146 279
151 279
157 279
169 279
171 279
172 279
179 279
181 279
182 279
191 279
194 279
196 279
197 279
198 279
201 279
219 279
222 279
227 279
239 279
242 279
246 279
256 279
258 279
261 279
264 279
8 280
9 280
30 280
37 280
42 280
52 280
53 280
59 280
60 280
66 280
67 280
90 280
93 280
126 280
127 280
131 280
135 280
144 280
153 280
154 280
164 280
165 280
172 280
174 280
186 280
194 280
226 280
234 280
238 280
241 280
251 280
257 280
272 280
2 281
10 281
20 281
29 281
36 281
43 281
50 281
52 281
55 281
75 281
87 281
88 281
99 281
109 281
110 281
112 281
138 281
142 281
144 281
145 281
147 281
155 281
159 281
164 281
173 281
184 281
193 281
197 281
198 281
236 281
249 281
254 281
257 281
262 281
278 281
2 282
28 282
44 282
55 282
56 282
59 282
60 282
76 282
105 282
107 282
117 282
123 282
124 282
126 282
135 282
137 282
141 282
146 282
147 282
154 282
160 282
162 282
169 282
177 282
184 282
188 282
207 282
211 282
233 282
236 282
242 282
254 282
269 282
273 282
4 283
6 283
7 283
14 283
28 283
35 283
48 283
49 283
56 283
68 283
76 283
77 283
78 283
88 283
91 283
95 283
111 283
114 283
115 283
116 283
120 283
137 283
147 283
154 283
160 283
170 283
171 283
177 283
182 283
183 283
189 283
194 283
203 283
214 283
232 283
237 283
238 283
250 283
251 283
253 283
264 283
278 283
280 283
282 283
2 284
8 284
21 284
30 284
33 284
34 284
36 284
41 284
42 284
54 284
69 284
70 284
81 284
85 284
90 284
95 284
101 284
114 284
120 284
123 284
128 284
134 284
136 284
144 284
166 284
172 284
173 284
175 284
193 284
195 284
199 284
203 284
206 284
224 284
233 284
235 284
240 284
263 284
267 284
272 284
279 284
280 284
282 284
1 285
2 285
4 285
5 285
23 285
26 285
29 285
34 285
37 285
54 285
74 285
76 285
85 285
107 285
111 285
121 285
135 285
142 285
158 285
169 285
172 285
178 285
188 285
192 285
195 285
199 285
200 285
222 285
236 285
248 285
258 285
260 285
281 285
283 285
2 286
5 286
7 286
10 286
34 286
44 286
47 286
51 286
56 286
66 286
68 286
83 286
89 286
93 286
116 286
126 286
129 286
130 286
134 286
194 286
195 286
198 286
200 286
207 286
209 286
227 286
228 286
229 286
236 286
250 286
252 286
271 286
8 287
21 287
27 287
28 287
35 287
40 287
43 287
44 287
56 287
57 287
61 287
64 287
71 287
88 287
97 287
99 287
102 287
103 287
112 287
113 287
114 287
121 287
134 287
138 287
140 287
142 287
166 287
172 287
175 287
182 287
195 287
253 287
257 287
263 287
271 287
280 287
284 287
3 288
14 288
18 288
19 288
25 288
37 288
48 288
51 288
58 288
62 288
71 288
72 288
78 288
83 288
87 288
96 288
106 288
107 288
108 288
138 288
149 288
156 288
174 288
182 288
183 288
192 288
193 288
197 288
201 288
212 288
216 288
218 288
221 288
227 288
239 288
246 288
260 288
270 288
275 288
282 288
1 289
2 289
12 289
26 289
38 289
39 289
42 289
46 289
54 289
55 289
57 289
61 289
62 289
64 289
66 289
70 289
82 289
101 289
111 289
115 289
129 289
135 289
144 289
145 289
146 289
147 289
196 289
239 289
244 289
246 289
251 289
253 289
258 289
262 289
265 289
274 289
277 289
3 290
38 290
47 290
57 290
61 290
65 290
68 290
83 290
99 290
103 290
108 290
128 290
131 290
134 290
139 290
140 290
146 290
152 290
154 290
158 290
160 290
166 290
171 290
176 290
177 290
182 290
183 290
184 290
186 290
187 290
205 290
218 290
221 290
227 290
278 290
288 290
10 291
14 291
22 291
38 291
43 291
51 291
66 291
72 291
73 291
88 291
91 291
94 291
103 291
107 291
113 291
129 291
135 291
148 291
152 291
153 291
154 291
162 291
168 291
201 291
205 291
209 291
227 291
232 291
238 291
241 291
242 291
247 291
251 291
259 291
261 291
268 291
276 291
282 291
283 291
7 292
16 292
26 292
27 292
36 292
41 292
42 292
47 292
85 292
86 292
87 292
93 292
113 292
118 292
125 292
144 292
175 292
182 292
215 292
216 292
221 292
224 292
240 292
262 292
270 292
272 292
274 292
277 292
286 292
289 292
2 293
9 293
16 293
21 293
23 293
28 293
36 293
43 293
47 293
63 293
64 293
66 293
69 293
78 293
84 293
86 293
95 293
97 293
99 293
102 293
108 293
111 293
119 293
128 293
145 293
169 293
176 293
179 293
183 293
207 293
211 293
216 293
220 293
241 293
242 293
243 293
244 293
254 293
265 293
269 293
271 293
276 293
279 293
280 293
24 294
47 294
55 294
56 294
60 294
67 294
68 294
87 294
106 294
109 294
110 294
134 294
150 294
164 294
170 294
173 294
177 294
179 294
182 294
187 294
188 294
209 294
211 294
221 294
258 294
261 294
265 294
266 294
270 294
278 294
293 294
9 295
10 295
19 295
22 295
38 295
41 295
43 295
47 295
56 295
81 295
83 295
86 295
87 295
96 295
100 295
107 295
129 295
130 295
136 295
165 295
177 295
188 295
189 295
198 295
200 295
209 295
211 295
220 295
224 295
233 295
237 295
248 295
249 295
254 295
259 295
260 295
271 295
272 295
275 295
287 295
292 295
0 296
15 296
22 296
32 296
33 296
38 296
40 296
54 296
69 296
70 296
72 296
78 296
85 296
89 296
103 296
111 296
123 296
124 296
143 296
145 296
180 296
181 296
188 296
192 296
200 296
205 296
209 296
221 296
222 296
225 296
228 296
231 296
234 296
266 296
275 296
277 296
285 296
293 296
3 297
6 297
9 297
15 297
37 297
51 297
52 297
56 297
72 297
73 297
76 297
78 297
82 297
94 297
100 297
122 297
125 297
131 297
133 297
136 297
139 297
148 297
150 297
151 297
162 297
163 297
173 297
183 297
188 297
197 297
205 297
207 297
208 297
210 297
218 297
221 297
222 297
229 297
241 297
246 297
249 297
264 297
267 297
278 297
291 297
296 297
17 298
23 298
33 298
42 298
53 298
55 298
58 298
66 298
77 298
83 298
93 298
94 298
104 298
111 298
119 298
126 298
142 298
167 298
178 298
179 298
193 298
194 298
202 298
205 298
221 298
233 298
237 298
246 298
253 298
262 298
264 298
270 298
291 298
5 299
17 299
34 299
35 299
42 299
50 299
59 299
62 299
68 299
73 299
76 299
87 299
89 299
105 299
123 299
124 299
126 299
131 299
139 299
141 299
148 299
150 299
167 299
168 299
182 299
185 299
200 299
203 299
204 299
208 299
212 299
214 299
223 299
238 299
267 299
268 299
270 299
274 299
279 299
288 299
296 299
