300 3794 5
2 5 9 4 2 6 5 10 1 1 10 8 6 7 7 1 5 9 5 1 9 10 1 5 8 5 6 9 9 3 9 9 10 9 6 7 10 1 7 5 4 3 9 4 10 7 4 9 4 10 3 8 5 9 5 4 2 6 9 7 2 7 4 8 1 5 2 5 5 4 3 4 7 7 2 3 7 4 9 7 4 1 9 7 9 2 1 8 2 8 10 9 7 2 2 6 1 4 9 4 5 5 7 1 10 7 5 5 7 4 7 8 6 5 8 6 5 10 9 5 4 2 2 2 5 1 4 3 7 7 10 5 2 6 4 1 6 3 10 8 4 9 3 8 1 10 2 4 7 4 9 2 7 9 9 2 9 3 7 10 8 3 4 2 9 6 4 6 8 6 7 6 10 8 3 10 9 2 10 9 8 3 4 10 9 3 7 9 8 7 8 8 3 5 4 7 4 1 5 7 3 5 3 2 2 2 8 9 4 2 4 9 2 9 5 9 6 7 9 3 10 6 1 1 8 10 4 6 6 6 1 1 7 9 5 10 1 2 8 1 10 8 3 1 4 6 7 8 4 2 4 3 1 6 3 10 5 4 7 8 5 8 8 5 10 1 8 9 2 5 3 10 9 2 10 1 3 8 8 1 10 1 1 7 6 1 7 9 4 6 9 6 7 5 7 6 3 3 2 4
0 1
2 9
1 12
9 12
10 15
7 16
3 19
11 19
0 20
0 22
5 22
7 22
19 22
5 24
16 24
22 24
17 25
6 26
15 26
11 27
21 27
24 27
26 27
3 28
4 28
9 28
24 29
9 30
21 30
23 30
7 31
10 31
11 31
3 32
20 32
10 33
11 33
20 33
2 34
11 34
14 34
25 34
28 34
29 34
1 35
2 35
15 35
21 35
24 35
5 36
8 36
22 36
27 36
35 36
0 37
7 37
8 37
13 37
16 37
21 37
35 37
4 38
25 38
31 38
3 39
5 39
17 39
20 39
24 39
37 39
2 40
9 40
19 41
28 41
10 42
14 42
34 42
1 43
13 43
24 43
29 43
37 43
25 44
29 44
31 44
43 44
1 45
8 45
24 45
30 45
32 45
30 47
38 47
1 48
7 48
17 48
47 48
1 49
7 49
15 49
27 49
28 49
32 49
1 50
16 50
34 50
3 51
12 51
17 51
21 51
31 51
33 51
43 51
47 51
12 52
16 52
29 52
7 53
8 53
43 53
49 53
50 53
8 54
33 54
1 55
7 55
23 55
25 55
39 55
41 55
51 55
10 56
12 56
26 56
36 56
47 56
52 56
18 57
24 58
26 58
41 58
43 58
47 58
12 59
25 59
29 59
35 59
12 60
38 60
11 61
12 61
25 61
50 61
54 61
55 61
5 62
12 62
14 62
17 62
3 63
5 63
9 63
18 63
35 63
36 63
40 63
43 63
47 63
52 63
56 63
59 63
61 63
62 63
8 64
15 64
31 64
38 64
39 64
50 64
59 64
22 65
37 65
44 65
55 65
60 65
20 66
21 66
23 66
62 66
9 67
29 67
30 67
17 68
39 68
40 68
42 68
46 68
48 68
51 68
10 69
43 69
49 69
14 70
24 70
46 70
52 70
58 70
59 70
68 70
69 70
3 71
5 71
8 71
34 71
49 71
62 71
11 72
14 72
28 72
33 72
34 72
66 72
20 73
28 73
47 73
53 73
69 73
11 74
15 74
26 74
65 74
67 74
1 75
5 75
35 75
46 75
73 75
5 76
7 76
12 76
36 76
53 76
62 76
71 76
4 77
30 77
35 77
42 77
45 77
48 77
73 77
20 78
24 78
30 78
48 78
73 78
26 79
32 79
60 79
62 79
71 79
75 79
28 80
39 80
54 80
1 81
2 81
10 81
19 81
20 81
22 81
58 81
79 81
37 82
41 82
46 82
47 82
50 82
68 82
78 82
36 83
78 83
24 84
32 84
41 84
56 84
73 84
3 85
31 85
38 85
55 85
68 85
71 85
78 85
1 86
6 86
11 86
18 86
20 86
24 86
26 86
40 86
58 86
61 86
64 86
69 86
77 86
78 86
18 87
24 87
32 87
35 87
54 87
58 87
73 87
79 87
86 87
3 88
75 88
78 88
86 88
14 89
15 89
16 89
74 89
82 89
4 90
22 90
44 90
60 90
61 90
62 90
63 90
65 90
67 90
72 90
81 90
17 91
33 91
58 91
27 92
38 92
41 92
49 92
52 92
56 92
65 92
70 92
19 93
22 93
82 93
18 94
37 94
54 94
72 94
85 95
15 96
25 96
36 96
39 96
64 96
71 96
31 97
40 97
56 97
67 97
75 97
82 97
2 98
31 98
38 98
42 98
43 98
53 98
59 98
15 99
24 99
26 99
33 99
38 99
40 99
68 99
82 99
94 99
95 99
14 100
20 100
21 100
51 100
79 100
1 101
11 101
14 101
20 101
56 101
66 101
72 101
79 101
82 101
85 101
89 101
93 101
20 102
25 102
37 102
50 102
77 102
82 102
87 102
99 102
17 103
28 103
36 103
52 103
57 103
76 103
78 103
87 103
90 103
102 103
2 104
5 104
20 104
61 104
70 104
75 104
91 104
102 104
25 105
50 105
56 105
65 105
82 105
84 105
85 105
90 105
3 106
11 106
16 106
36 106
49 106
69 106
87 106
97 106
98 106
100 106
101 106
0 107
6 107
13 107
15 107
18 107
21 107
25 107
37 107
41 107
44 107
48 107
89 107
106 107
4 108
48 108
51 108
53 108
59 108
78 108
7 109
44 109
58 109
75 109
79 109
81 109
84 109
87 109
88 109
90 109
104 109
7 110
8 110
10 110
20 110
26 110
42 110
46 110
48 110
52 110
68 110
83 110
29 111
31 111
35 111
36 111
49 111
59 111
68 111
94 111
101 111
27 112
28 112
31 112
36 112
52 112
70 112
74 112
81 112
110 112
7 113
10 113
21 113
62 113
66 113
67 113
68 113
70 113
106 113
15 114
28 114
47 114
52 114
71 114
72 114
83 114
87 114
91 114
93 114
98 114
112 114
1 115
6 115
32 115
38 115
40 115
42 115
54 115
66 115
87 115
88 115
89 115
105 115
25 116
30 116
34 116
36 116
48 116
60 116
70 116
72 116
76 116
79 116
87 116
25 117
37 117
49 117
63 117
90 117
22 118
26 118
53 118
87 118
115 118
2 119
5 119
18 119
35 119
52 119
55 119
62 119
70 119
71 119
75 119
80 119
108 119
112 119
6 120
42 120
76 120
78 120
94 120
106 120
116 120
11 121
22 121
34 121
35 121
36 121
59 121
60 121
62 121
77 121
82 121
113 121
118 121
7 122
8 122
13 122
24 122
32 122
63 122
93 122
107 122
114 122
19 123
21 123
25 123
31 123
57 123
64 123
77 123
78 123
82 123
107 123
114 123
118 123
8 124
14 124
28 124
45 124
59 124
76 124
88 124
98 124
101 124
0 125
12 125
65 125
84 125
86 125
99 125
101 125
104 125
5 126
12 126
23 126
54 126
58 126
66 126
79 126
104 126
107 126
123 126
15 127
17 127
32 127
35 127
40 127
43 127
45 127
56 127
74 127
76 127
79 127
103 127
123 127
21 128
23 128
40 128
49 128
50 128
56 128
57 128
80 128
108 128
113 128
8 129
19 129
25 129
35 129
109 129
122 129
22 130
27 130
37 130
59 130
61 130
79 130
106 130
111 130
114 130
119 130
121 130
1 131
14 131
18 131
19 131
28 131
72 131
88 131
96 131
101 131
109 131
115 131
118 131
124 131
3 132
19 132
26 132
40 132
42 132
45 132
53 132
54 132
64 132
65 132
75 132
91 132
92 132
95 132
96 132
108 132
3 133
10 133
22 133
47 133
49 133
51 133
53 133
60 133
68 133
69 133
115 133
120 133
121 133
12 134
13 134
16 134
22 134
36 134
39 134
86 134
88 134
111 134
115 134
128 134
132 134
15 135
32 135
48 135
53 135
54 135
61 135
66 135
118 135
122 135
124 135
4 136
6 136
24 136
25 136
27 136
37 136
50 136
56 136
88 136
91 136
99 136
117 136
127 136
129 136
132 136
7 137
13 137
22 137
31 137
42 137
49 137
96 137
99 137
122 137
131 137
17 138
25 138
32 138
41 138
102 138
110 138
134 138
137 138
10 139
18 139
39 139
46 139
47 139
57 139
59 139
79 139
88 139
95 139
108 139
110 139
133 139
1 140
16 140
36 140
61 140
79 140
86 140
89 140
95 140
103 140
121 140
133 140
136 140
6 141
11 141
17 141
24 141
27 141
35 141
61 141
71 141
75 141
76 141
84 141
85 141
86 141
100 141
101 141
3 142
12 142
14 142
32 142
34 142
45 142
58 142
67 142
130 142
141 142
12 143
51 143
53 143
64 143
78 143
88 143
120 143
0 144
10 144
31 144
33 144
36 144
65 144
72 144
75 144
80 144
83 144
84 144
87 144
88 144
92 144
108 144
114 144
120 144
132 144
139 144
20 145
29 145
44 145
88 145
91 145
96 145
42 146
45 146
70 146
86 146
91 146
110 146
112 146
144 146
23 147
39 147
49 147
56 147
63 147
79 147
80 147
97 147
102 147
109 147
111 147
140 147
0 148
1 148
8 148
29 148
34 148
41 148
46 148
50 148
59 148
64 148
81 148
85 148
86 148
104 148
118 148
126 148
131 148
136 148
140 148
142 148
143 148
145 148
3 149
24 149
36 149
47 149
60 149
70 149
75 149
98 149
102 149
103 149
112 149
123 149
141 149
2 150
11 150
20 150
33 150
52 150
73 150
75 150
85 150
131 150
4 151
17 151
26 151
44 151
47 151
54 151
57 151
61 151
65 151
86 151
122 151
124 151
129 151
133 151
135 151
137 151
6 152
14 152
40 152
54 152
56 152
65 152
79 152
88 152
98 152
104 152
110 152
127 152
134 152
148 152
149 152
6 153
22 153
32 153
34 153
50 153
57 153
95 153
104 153
124 153
131 153
134 153
138 153
142 153
6 154
10 154
13 154
18 154
26 154
29 154
44 154
45 154
58 154
59 154
94 154
95 154
104 154
108 154
148 154
39 155
43 155
55 155
57 155
59 155
70 155
88 155
103 155
104 155
135 155
139 155
151 155
9 156
52 156
65 156
93 156
106 156
136 156
15 157
18 157
37 157
43 157
65 157
69 157
70 157
106 157
3 158
6 158
11 158
12 158
17 158
30 158
77 158
79 158
84 158
93 158
94 158
114 158
121 158
126 158
135 158
141 158
144 158
1 159
4 159
31 159
32 159
33 159
38 159
48 159
96 159
123 159
124 159
150 159
156 159
15 160
21 160
27 160
35 160
79 160
87 160
100 160
116 160
143 160
145 160
150 160
159 160
4 161
13 161
26 161
28 161
47 161
53 161
68 161
110 161
118 161
121 161
129 161
138 161
139 161
140 161
141 161
147 161
4 162
17 162
27 162
31 162
41 162
42 162
50 162
77 162
105 162
108 162
125 162
135 162
158 162
1 163
23 163
53 163
73 163
85 163
97 163
116 163
118 163
132 163
162 163
4 164
19 164
29 164
36 164
41 164
47 164
53 164
54 164
75 164
93 164
101 164
105 164
118 164
125 164
144 164
153 164
21 165
22 165
25 165
47 165
77 165
80 165
90 165
115 165
123 165
128 165
146 165
25 166
36 166
37 166
44 166
52 166
62 166
64 166
67 166
74 166
88 166
99 166
110 166
136 166
139 166
144 166
165 166
6 167
12 167
15 167
22 167
67 167
80 167
103 167
127 167
136 167
145 167
157 167
5 168
9 168
10 168
14 168
17 168
18 168
27 168
39 168
57 168
82 168
84 168
86 168
94 168
95 168
112 168
133 168
141 168
161 168
16 169
18 169
31 169
42 169
44 169
88 169
89 169
106 169
117 169
121 169
134 169
146 169
156 169
2 170
3 170
22 170
59 170
68 170
77 170
88 170
91 170
93 170
95 170
97 170
116 170
124 170
127 170
136 170
143 170
144 170
169 170
17 171
31 171
48 171
50 171
53 171
79 171
84 171
89 171
112 171
117 171
120 171
124 171
130 171
148 171
157 171
1 172
3 172
13 172
26 172
38 172
70 172
100 172
115 172
128 172
130 172
132 172
143 172
164 172
21 173
24 173
33 173
45 173
54 173
59 173
60 173
63 173
65 173
76 173
85 173
99 173
105 173
116 173
119 173
131 173
132 173
154 173
171 173
0 174
2 174
6 174
15 174
24 174
25 174
33 174
36 174
62 174
64 174
79 174
82 174
87 174
103 174
106 174
115 174
116 174
119 174
128 174
131 174
133 174
143 174
157 174
158 174
165 174
172 174
8 175
12 175
38 175
52 175
55 175
63 175
69 175
84 175
92 175
114 175
117 175
139 175
143 175
146 175
153 175
157 175
174 175
4 176
15 176
17 176
24 176
35 176
52 176
63 176
69 176
82 176
97 176
110 176
132 176
133 176
138 176
175 176
20 177
24 177
27 177
52 177
62 177
69 177
79 177
80 177
95 177
110 177
118 177
136 177
142 177
167 177
170 177
172 177
173 177
1 178
2 178
6 178
18 178
40 178
44 178
46 178
49 178
64 178
84 178
99 178
109 178
115 178
121 178
133 178
136 178
146 178
160 178
173 178
13 179
16 179
23 179
33 179
40 179
50 179
54 179
60 179
61 179
67 179
88 179
98 179
121 179
153 179
157 179
165 179
178 179
3 180
11 180
28 180
35 180
53 180
65 180
97 180
109 180
112 180
118 180
147 180
157 180
17 181
30 181
55 181
70 181
83 181
89 181
97 181
99 181
102 181
122 181
144 181
148 181
169 181
0 182
1 182
13 182
20 182
39 182
56 182
61 182
63 182
64 182
67 182
79 182
91 182
98 182
101 182
111 182
127 182
135 182
142 182
146 182
153 182
162 182
163 182
180 182
4 183
13 183
19 183
62 183
97 183
120 183
125 183
158 183
162 183
167 183
177 183
15 184
16 184
29 184
31 184
35 184
37 184
39 184
45 184
80 184
105 184
120 184
130 184
135 184
146 184
166 184
15 185
17 185
18 185
79 185
92 185
113 185
121 185
128 185
0 186
2 186
7 186
12 186
13 186
23 186
44 186
46 186
55 186
56 186
61 186
65 186
75 186
86 186
98 186
154 186
182 186
7 187
22 187
31 187
64 187
91 187
95 187
102 187
122 187
125 187
147 187
152 187
160 187
162 187
169 187
170 187
181 187
184 187
9 188
19 188
42 188
45 188
57 188
67 188
71 188
75 188
101 188
102 188
130 188
133 188
136 188
148 188
157 188
168 188
169 188
181 188
12 189
19 189
29 189
31 189
49 189
61 189
64 189
82 189
83 189
84 189
91 189
103 189
117 189
120 189
127 189
148 189
172 189
182 189
183 189
11 190
17 190
21 190
40 190
48 190
73 190
75 190
96 190
114 190
135 190
141 190
145 190
159 190
166 190
169 190
188 190
21 191
30 191
43 191
70 191
87 191
94 191
98 191
109 191
127 191
138 191
146 191
149 191
150 191
158 191
165 191
168 191
169 191
14 192
21 192
23 192
37 192
43 192
45 192
62 192
69 192
72 192
91 192
92 192
93 192
122 192
139 192
147 192
148 192
152 192
153 192
154 192
155 192
157 192
159 192
163 192
165 192
0 193
16 193
17 193
18 193
47 193
59 193
65 193
82 193
99 193
104 193
118 193
138 193
144 193
145 193
154 193
160 193
166 193
175 193
187 193
22 194
26 194
27 194
42 194
62 194
88 194
100 194
155 194
168 194
181 194
192 194
4 195
14 195
24 195
34 195
42 195
58 195
62 195
82 195
92 195
102 195
148 195
166 195
191 195
30 196
32 196
41 196
42 196
67 196
77 196
96 196
116 196
129 196
138 196
141 196
143 196
146 196
156 196
164 196
179 196
195 196
10 197
18 197
53 197
60 197
66 197
78 197
96 197
117 197
134 197
136 197
150 197
162 197
165 197
187 197
190 197
193 197
195 197
0 198
8 198
25 198
26 198
66 198
73 198
105 198
107 198
109 198
112 198
143 198
150 198
160 198
162 198
168 198
179 198
187 198
6 199
11 199
21 199
45 199
49 199
70 199
79 199
92 199
101 199
117 199
146 199
162 199
167 199
187 199
192 199
11 200
12 200
18 200
23 200
49 200
50 200
56 200
62 200
69 200
89 200
94 200
96 200
101 200
103 200
112 200
120 200
124 200
137 200
142 200
149 200
174 200
181 200
197 200
3 201
8 201
11 201
16 201
17 201
18 201
54 201
66 201
70 201
102 201
141 201
148 201
173 201
190 201
10 202
21 202
23 202
30 202
37 202
49 202
55 202
94 202
101 202
111 202
116 202
117 202
118 202
139 202
141 202
146 202
172 202
7 203
19 203
34 203
35 203
60 203
76 203
108 203
121 203
129 203
142 203
153 203
193 203
12 204
25 204
31 204
37 204
38 204
42 204
48 204
54 204
55 204
95 204
103 204
120 204
127 204
148 204
165 204
202 204
12 205
13 205
17 205
21 205
27 205
35 205
41 205
54 205
57 205
66 205
71 205
82 205
102 205
107 205
110 205
111 205
121 205
123 205
127 205
130 205
158 205
163 205
182 205
185 205
13 206
17 206
39 206
42 206
46 206
54 206
68 206
76 206
118 206
121 206
129 206
139 206
149 206
159 206
162 206
168 206
177 206
184 206
187 206
11 207
23 207
31 207
38 207
41 207
67 207
75 207
127 207
144 207
161 207
174 207
180 207
203 207
22 208
31 208
44 208
68 208
76 208
79 208
90 208
93 208
97 208
105 208
113 208
123 208
128 208
132 208
138 208
141 208
184 208
194 208
11 209
43 209
45 209
58 209
61 209
79 209
95 209
101 209
113 209
121 209
161 209
180 209
194 209
205 209
1 210
2 210
12 210
35 210
46 210
68 210
72 210
92 210
97 210
104 210
118 210
123 210
129 210
147 210
184 210
195 210
207 210
2 211
17 211
38 211
41 211
52 211
67 211
113 211
119 211
125 211
136 211
143 211
158 211
159 211
175 211
180 211
189 211
1 212
19 212
22 212
37 212
38 212
48 212
70 212
73 212
82 212
93 212
100 212
123 212
159 212
175 212
198 212
28 213
44 213
71 213
128 213
159 213
178 213
190 213
196 213
207 213
2 214
5 214
54 214
57 214
69 214
80 214
93 214
102 214
113 214
116 214
120 214
153 214
154 214
158 214
159 214
174 214
178 214
181 214
190 214
204 214
213 214
2 215
8 215
12 215
42 215
65 215
70 215
77 215
80 215
83 215
110 215
116 215
120 215
122 215
124 215
129 215
190 215
192 215
3 216
10 216
47 216
52 216
71 216
83 216
102 216
103 216
104 216
117 216
120 216
122 216
123 216
132 216
144 216
154 216
159 216
160 216
162 216
170 216
176 216
179 216
183 216
199 216
204 216
208 216
10 217
14 217
22 217
44 217
56 217
63 217
72 217
84 217
98 217
120 217
123 217
132 217
159 217
160 217
196 217
204 217
0 218
1 218
98 218
102 218
127 218
133 218
198 218
202 218
207 218
216 218
12 219
27 219
56 219
71 219
74 219
79 219
102 219
107 219
150 219
181 219
192 219
200 219
218 219
18 220
32 220
33 220
57 220
60 220
71 220
89 220
107 220
108 220
142 220
157 220
175 220
179 220
183 220
186 220
0 221
8 221
9 221
10 221
33 221
35 221
39 221
57 221
78 221
79 221
84 221
92 221
93 221
108 221
111 221
139 221
145 221
147 221
148 221
151 221
153 221
154 221
156 221
165 221
166 221
170 221
204 221
209 221
212 221
213 221
20 222
22 222
54 222
90 222
98 222
99 222
106 222
107 222
156 222
173 222
203 222
221 222
7 223
30 223
36 223
61 223
64 223
89 223
91 223
99 223
102 223
105 223
112 223
120 223
163 223
165 223
168 223
174 223
175 223
179 223
187 223
196 223
205 223
2 224
3 224
10 224
35 224
66 224
67 224
95 224
100 224
107 224
124 224
125 224
133 224
143 224
151 224
188 224
189 224
206 224
219 224
16 225
29 225
36 225
50 225
73 225
82 225
85 225
92 225
109 225
110 225
113 225
117 225
119 225
132 225
133 225
145 225
213 225
215 225
216 225
219 225
7 226
25 226
26 226
31 226
41 226
50 226
51 226
54 226
65 226
95 226
111 226
129 226
131 226
178 226
189 226
196 226
209 226
215 226
219 226
2 227
10 227
16 227
32 227
94 227
160 227
163 227
164 227
166 227
177 227
187 227
197 227
198 227
208 227
214 227
221 227
224 227
6 228
27 228
30 228
34 228
55 228
57 228
58 228
68 228
76 228
99 228
114 228
123 228
125 228
141 228
144 228
171 228
179 228
225 228
0 229
4 229
11 229
15 229
31 229
52 229
60 229
71 229
73 229
76 229
82 229
99 229
132 229
142 229
144 229
165 229
169 229
173 229
178 229
180 229
186 229
210 229
224 229
5 230
11 230
31 230
33 230
49 230
53 230
54 230
58 230
63 230
91 230
102 230
103 230
107 230
140 230
160 230
163 230
169 230
174 230
178 230
180 230
189 230
224 230
8 231
57 231
110 231
114 231
135 231
151 231
159 231
166 231
170 231
171 231
194 231
197 231
223 231
0 232
41 232
51 232
56 232
69 232
80 232
89 232
97 232
102 232
123 232
137 232
146 232
153 232
154 232
168 232
173 232
187 232
19 233
22 233
42 233
45 233
53 233
63 233
64 233
69 233
78 233
94 233
146 233
149 233
150 233
154 233
175 233
183 233
190 233
200 233
207 233
210 233
217 233
222 233
10 234
15 234
18 234
23 234
36 234
68 234
93 234
101 234
117 234
122 234
127 234
128 234
138 234
140 234
149 234
150 234
154 234
173 234
189 234
197 234
229 234
232 234
11 235
26 235
30 235
31 235
39 235
50 235
55 235
66 235
76 235
93 235
103 235
125 235
126 235
145 235
159 235
177 235
185 235
192 235
213 235
218 235
33 236
46 236
62 236
66 236
67 236
84 236
93 236
96 236
103 236
113 236
136 236
145 236
163 236
192 236
198 236
205 236
221 236
225 236
233 236
0 237
3 237
18 237
30 237
36 237
45 237
47 237
49 237
58 237
69 237
75 237
76 237
78 237
90 237
93 237
109 237
123 237
124 237
173 237
187 237
189 237
197 237
201 237
204 237
1 238
4 238
13 238
17 238
20 238
26 238
39 238
41 238
45 238
46 238
48 238
52 238
55 238
136 238
144 238
148 238
163 238
164 238
173 238
181 238
191 238
197 238
220 238
18 239
19 239
28 239
40 239
46 239
51 239
59 239
65 239
68 239
77 239
92 239
94 239
104 239
121 239
154 239
160 239
201 239
206 239
209 239
6 240
14 240
17 240
22 240
24 240
38 240
48 240
49 240
51 240
59 240
65 240
71 240
96 240
107 240
120 240
145 240
152 240
161 240
180 240
182 240
186 240
192 240
206 240
209 240
211 240
223 240
230 240
232 240
235 240
13 241
17 241
45 241
56 241
65 241
67 241
85 241
104 241
188 241
192 241
194 241
195 241
198 241
201 241
225 241
230 241
14 242
17 242
50 242
67 242
70 242
78 242
85 242
99 242
101 242
118 242
130 242
148 242
173 242
174 242
176 242
188 242
193 242
207 242
215 242
43 243
53 243
75 243
88 243
123 243
124 243
130 243
136 243
150 243
153 243
155 243
177 243
191 243
199 243
236 243
1 244
4 244
14 244
18 244
82 244
83 244
85 244
102 244
108 244
111 244
124 244
127 244
148 244
209 244
236 244
243 244
2 245
7 245
11 245
24 245
36 245
48 245
54 245
71 245
72 245
115 245
123 245
135 245
153 245
159 245
179 245
187 245
190 245
205 245
229 245
22 246
48 246
56 246
71 246
102 246
130 246
131 246
134 246
154 246
156 246
190 246
192 246
196 246
201 246
224 246
227 246
237 246
16 247
44 247
58 247
60 247
81 247
83 247
92 247
95 247
121 247
133 247
145 247
153 247
154 247
159 247
176 247
180 247
199 247
202 247
216 247
218 247
219 247
20 248
30 248
41 248
52 248
53 248
54 248
57 248
89 248
98 248
122 248
128 248
140 248
151 248
159 248
163 248
172 248
199 248
205 248
213 248
217 248
222 248
228 248
231 248
234 248
235 248
241 248
39 249
44 249
51 249
59 249
61 249
77 249
81 249
86 249
90 249
114 249
118 249
120 249
125 249
128 249
132 249
149 249
156 249
161 249
180 249
196 249
198 249
203 249
210 249
240 249
7 250
21 250
22 250
35 250
42 250
55 250
73 250
75 250
79 250
85 250
117 250
119 250
140 250
144 250
149 250
166 250
180 250
181 250
183 250
187 250
188 250
201 250
210 250
220 250
224 250
235 250
247 250
0 251
2 251
28 251
44 251
45 251
51 251
60 251
65 251
80 251
91 251
92 251
110 251
124 251
126 251
158 251
162 251
166 251
214 251
223 251
229 251
232 251
240 251
2 252
16 252
29 252
35 252
45 252
61 252
70 252
83 252
86 252
113 252
122 252
134 252
140 252
155 252
170 252
202 252
208 252
228 252
250 252
2 253
3 253
5 253
11 253
18 253
29 253
42 253
45 253
49 253
68 253
70 253
77 253
81 253
89 253
97 253
130 253
234 253
242 253
11 254
13 254
39 254
53 254
89 254
90 254
94 254
113 254
114 254
120 254
134 254
146 254
153 254
163 254
175 254
180 254
202 254
205 254
238 254
246 254
249 254
6 255
11 255
34 255
47 255
60 255
61 255
73 255
81 255
89 255
106 255
116 255
117 255
120 255
138 255
144 255
145 255
150 255
154 255
156 255
160 255
170 255
188 255
194 255
220 255
35 256
41 256
45 256
52 256
53 256
65 256
73 256
101 256
143 256
156 256
166 256
170 256
178 256
181 256
183 256
210 256
225 256
228 256
231 256
2 257
18 257
28 257
35 257
66 257
81 257
82 257
120 257
129 257
139 257
148 257
166 257
181 257
199 257
217 257
252 257
11 258
12 258
13 258
14 258
27 258
34 258
46 258
62 258
67 258
76 258
90 258
101 258
104 258
106 258
112 258
116 258
120 258
124 258
125 258
133 258
155 258
177 258
180 258
182 258
190 258
192 258
210 258
223 258
232 258
238 258
248 258
249 258
4 259
32 259
58 259
60 259
72 259
78 259
83 259
84 259
89 259
135 259
171 259
173 259
176 259
181 259
182 259
197 259
200 259
201 259
207 259
212 259
219 259
224 259
236 259
1 260
12 260
16 260
30 260
32 260
33 260
39 260
47 260
56 260
71 260
78 260
80 260
86 260
119 260
137 260
145 260
150 260
158 260
165 260
175 260
180 260
187 260
202 260
206 260
209 260
213 260
257 260
259 260
13 261
14 261
18 261
20 261
74 261
87 261
98 261
105 261
110 261
112 261
129 261
138 261
178 261
181 261
195 261
213 261
220 261
224 261
233 261
234 261
246 261
10 262
11 262
28 262
38 262
41 262
47 262
50 262
69 262
77 262
108 262
109 262
128 262
130 262
168 262
173 262
179 262
192 262
223 262
233 262
244 262
0 263
1 263
12 263
21 263
31 263
37 263
40 263
47 263
62 263
70 263
71 263
80 263
81 263
91 263
109 263
110 263
115 263
124 263
129 263
141 263
143 263
148 263
149 263
150 263
161 263
184 263
190 263
192 263
194 263
197 263
198 263
200 263
232 263
241 263
245 263
251 263
1 264
27 264
31 264
40 264
71 264
82 264
88 264
100 264
116 264
125 264
144 264
149 264
150 264
153 264
155 264
158 264
174 264
176 264
214 264
217 264
236 264
245 264
258 264
9 265
33 265
35 265
38 265
42 265
55 265
62 265
64 265
87 265
89 265
104 265
113 265
120 265
128 265
139 265
144 265
146 265
150 265
153 265
161 265
163 265
164 265
170 265
174 265
184 265
240 265
262 265
263 265
35 266
46 266
73 266
74 266
76 266
80 266
100 266
101 266
111 266
117 266
144 266
147 266
154 266
155 266
158 266
159 266
170 266
183 266
203 266
204 266
205 266
210 266
212 266
215 266
224 266
226 266
237 266
255 266
5 267
17 267
20 267
21 267
25 267
41 267
57 267
65 267
71 267
73 267
100 267
112 267
114 267
124 267
125 267
157 267
160 267
177 267
181 267
189 267
197 267
201 267
209 267
219 267
220 267
231 267
237 267
238 267
239 267
265 267
266 267
15 268
16 268
23 268
31 268
33 268
68 268
74 268
76 268
80 268
82 268
101 268
132 268
134 268
145 268
155 268
168 268
179 268
183 268
208 268
220 268
251 268
262 268
1 269
12 269
31 269
35 269
48 269
50 269
57 269
63 269
75 269
77 269
81 269
102 269
126 269
145 269
156 269
157 269
186 269
204 269
255 269
262 269
14 270
22 270
63 270
67 270
85 270
104 270
113 270
116 270
123 270
158 270
168 270
172 270
189 270
209 270
220 270
232 270
268 270
54 271
72 271
86 271
88 271
111 271
112 271
123 271
141 271
144 271
145 271
177 271
208 271
217 271
229 271
251 271
262 271
2 272
21 272
23 272
27 272
30 272
53 272
64 272
66 272
69 272
81 272
95 272
119 272
126 272
159 272
161 272
165 272
186 272
188 272
192 272
194 272
221 272
229 272
232 272
238 272
245 272
248 272
252 272
253 272
257 272
260 272
18 273
19 273
21 273
40 273
81 273
90 273
108 273
113 273
114 273
141 273
144 273
148 273
152 273
174 273
212 273
230 273
240 273
247 273
251 273
262 273
266 273
1 274
5 274
10 274
15 274
23 274
34 274
57 274
63 274
64 274
69 274
94 274
103 274
138 274
167 274
185 274
187 274
189 274
219 274
245 274
255 274
260 274
263 274
9 275
14 275
32 275
33 275
38 275
40 275
45 275
50 275
66 275
77 275
80 275
85 275
110 275
123 275
126 275
146 275
151 275
175 275
179 275
203 275
216 275
232 275
252 275
258 275
270 275
272 275
24 276
30 276
95 276
105 276
112 276
113 276
120 276
129 276
137 276
140 276
150 276
151 276
166 276
167 276
205 276
207 276
214 276
219 276
220 276
230 276
254 276
261 276
0 277
5 277
12 277
23 277
37 277
47 277
69 277
95 277
98 277
99 277
105 277
106 277
113 277
132 277
136 277
139 277
145 277
146 277
164 277
183 277
196 277
212 277
232 277
233 277
243 277
253 277
256 277
259 277
263 277
264 277
265 277
7 278
16 278
19 278
31 278
79 278
93 278
98 278
106 278
116 278
132 278
136 278
142 278
154 278
168 278
171 278
180 278
184 278
198 278
232 278
239 278
257 278
268 278
277 278
26 279
38 279
39 279
42 279
44 279
68 279
99 279
130 279
136 279
142 279
151 279
166 279
172 279
177 279
195 279
228 279
249 279
254 279
1 280
8 280
11 280
48 280
61 280
69 280
84 280
87 280
110 280
136 280
145 280
179 280
187 280
193 280
213 280
247 280
12 281
36 281
78 281
85 281
88 281
104 281
113 281
136 281
141 281
153 281
163 281
173 281
220 281
231 281
234 281
236 281
261 281
262 281
265 281
268 281
272 281
279 281
23 282
34 282
47 282
55 282
75 282
103 282
121 282
135 282
141 282
160 282
176 282
198 282
217 282
218 282
221 282
226 282
230 282
234 282
237 282
242 282
250 282
278 282
6 283
37 283
60 283
70 283
76 283
83 283
106 283
124 283
163 283
167 283
187 283
191 283
199 283
214 283
220 283
232 283
234 283
236 283
237 283
249 283
255 283
278 283
280 283
4 284
12 284
19 284
21 284
41 284
45 284
56 284
78 284
81 284
82 284
102 284
105 284
106 284
107 284
121 284
127 284
128 284
144 284
147 284
158 284
160 284
167 284
225 284
265 284
268 284
283 284
2 285
3 285
19 285
26 285
33 285
48 285
60 285
65 285
75 285
80 285
95 285
102 285
141 285
155 285
167 285
168 285
171 285
176 285
193 285
197 285
203 285
206 285
225 285
248 285
280 285
282 285
9 286
11 286
14 286
34 286
37 286
51 286
60 286
63 286
84 286
86 286
106 286
123 286
140 286
156 286
176 286
179 286
191 286
209 286
215 286
223 286
245 286
252 286
258 286
271 286
22 287
30 287
35 287
45 287
50 287
60 287
70 287
79 287
90 287
97 287
100 287
103 287
107 287
119 287
122 287
123 287
134 287
139 287
160 287
167 287
171 287
173 287
185 287
191 287
200 287
225 287
236 287
237 287
244 287
264 287
266 287
268 287
275 287
27 288
34 288
42 288
68 288
91 288
100 288
102 288
110 288
115 288
132 288
155 288
158 288
159 288
172 288
178 288
182 288
189 288
203 288
218 288
226 288
230 288
268 288
278 288
285 288
7 289
20 289
25 289
30 289
73 289
85 289
87 289
90 289
92 289
97 289
109 289
124 289
129 289
135 289
137 289
143 289
161 289
162 289
168 289
179 289
189 289
216 289
244 289
247 289
250 289
251 289
272 289
285 289
288 289
1 290
9 290
15 290
20 290
34 290
43 290
113 290
119 290
120 290
122 290
127 290
131 290
136 290
141 290
186 290
205 290
221 290
228 290
234 290
251 290
260 290
287 290
14 291
30 291
54 291
67 291
83 291
93 291
116 291
143 291
147 291
153 291
159 291
173 291
198 291
207 291
247 291
283 291
285 291
9 292
36 292
37 292
69 292
74 292
98 292
99 292
100 292
134 292
141 292
143 292
159 292
168 292
174 292
179 292
215 292
220 292
224 292
249 292
253 292
258 292
279 292
287 292
6 293
27 293
29 293
32 293
37 293
61 293
64 293
65 293
67 293
70 293
87 293
165 293
167 293
169 293
178 293
181 293
189 293
197 293
210 293
219 293
229 293
261 293
282 293
2 294
4 294
21 294
33 294
43 294
46 294
48 294
64 294
92 294
95 294
102 294
103 294
106 294
128 294
141 294
143 294
159 294
165 294
171 294
172 294
192 294
193 294
199 294
219 294
220 294
237 294
249 294
257 294
262 294
283 294
291 294
5 295
16 295
75 295
79 295
86 295
92 295
95 295
119 295
121 295
126 295
142 295
149 295
181 295
208 295
228 295
242 295
244 295
266 295
293 295
10 296
13 296
20 296
25 296
28 296
33 296
34 296
63 296
66 296
95 296
97 296
98 296
103 296
119 296
131 296
135 296
160 296
172 296
185 296
196 296
200 296
211 296
216 296
223 296
227 296
229 296
261 296
266 296
280 296
286 296
0 297
8 297
12 297
18 297
36 297
38 297
43 297
53 297
57 297
91 297
93 297
137 297
140 297
155 297
157 297
166 297
186 297
191 297
198 297
208 297
214 297
217 297
221 297
243 297
245 297
246 297
258 297
261 297
266 297
274 297
284 297
292 297
293 297
294 297
296 297
4 298
15 298
25 298
53 298
56 298
62 298
76 298
79 298
86 298
104 298
112 298
116 298
142 298
144 298
146 298
166 298
183 298
184 298
208 298
209 298
218 298
245 298
249 298
258 298
268 298
269 298
285 298
288 298
296 298
1 299
32 299
33 299
35 299
48 299
72 299
74 299
146 299
150 299
164 299
181 299
185 299
190 299
192 299
210 299
215 299
218 299
242 299
245 299
281 299
295 299
296 299
