300 572 5
4 3 3 9 1 6 4 7 3 8 6 8 2 10 5 4 9 8 8 9 2 4 5 10 9 8 9 9 5 2 6 10 4 3 10 9 3 4 5 4 10 10 2 8 9 8 7 5 10 7 2 2 6 7 8 7 7 9 10 5 2 10 4 4 10 5 6 10 1 2 4 3 1 4 3 3 7 6 2 3 6 5 8 10 7 9 2 7 6 1 9 10 3 6 9 10 8 8 9 10 4 4 9 2 3 3 2 8 7 5 2 2 7 10 3 6 4 8 6 7 2 4 3 9 5 9 1 10 1 6 6 9 7 7 4 7 9 9 5 1 3 2 9 7 7 7 10 5 1 8 9 10 4 10 8 7 8 10 8 1 10 6 9 1 1 1 1 3 4 1 6 8 4 7 7 10 1 4 8 8 8 9 8 4 6 2 8 6 6 1 3 6 5 1 1 4 5 6 3 1 3 5 5 4 8 2 7 3 4 7 7 3 5 4 2 2 10 9 9 1 4 6 6 10 1 2 9 1 3 6 5 4 2 8 1 7 8 9 6 6 7 1 2 9 1 8 8 6 10 7 4 6 6 8 9 5 10 2 1 7 5 5 4 9 5 7 5 7 7 2 10 10 6 10 4 3 10 2 7 1 2 5 3 8 4 2 9 3 7 2 4 7 9 3 9 7 2 6 2 3
11 12
8 14
7 17
13 17
1 23
4 24
12 25
4 38
37 40
24 41
4 45
18 45
38 48
2 49
13 49
43 49
41 50
14 51
10 52
15 53
17 56
32 56
34 58
23 60
12 61
17 61
27 62
26 63
33 63
11 66
18 68
37 71
19 73
43 75
51 75
11 76
41 76
45 77
56 77
6 81
49 81
69 81
61 82
75 82
76 82
12 83
23 84
22 85
42 85
61 85
8 88
74 88
58 89
67 89
74 89
52 90
57 91
79 92
19 93
78 93
92 93
15 94
70 94
5 97
20 98
50 98
43 100
16 104
93 104
22 106
41 107
45 107
92 107
22 108
77 108
82 108
77 109
82 110
93 110
106 110
36 111
90 112
104 113
11 114
48 114
17 115
41 115
85 115
20 116
27 116
68 116
34 119
3 120
13 121
21 121
5 124
100 124
83 125
17 127
42 127
51 127
100 127
76 128
18 129
67 129
14 130
34 130
38 130
30 131
40 131
119 131
10 132
104 132
58 133
90 133
130 133
22 134
50 134
69 134
4 136
1 137
66 137
7 138
54 138
108 138
39 140
59 140
100 140
120 140
112 141
27 142
58 142
11 144
17 144
37 144
51 146
72 146
145 147
75 148
111 149
113 149
142 149
20 150
12 151
79 151
40 152
85 152
141 152
21 154
59 154
63 154
78 154
86 154
99 154
2 155
34 155
48 155
89 155
95 155
33 157
119 157
137 157
143 157
63 158
97 158
0 160
5 160
124 160
159 160
33 161
45 161
64 161
114 161
137 162
157 162
70 163
1 164
4 166
31 166
2 168
66 170
68 170
160 170
162 170
22 171
53 172
85 172
120 172
50 173
131 173
59 174
60 174
120 174
42 176
100 176
105 177
137 177
80 178
117 178
84 179
127 179
7 181
113 181
123 181
131 181
78 182
109 182
144 182
151 182
167 182
9 183
7 184
105 184
146 184
11 185
61 185
98 185
85 186
118 186
124 186
74 187
76 189
166 189
7 190
17 190
6 191
9 192
107 192
128 192
135 192
46 193
57 193
145 194
193 194
10 195
42 195
0 196
36 196
40 196
115 196
130 197
167 197
178 197
108 198
141 198
59 199
60 199
77 199
106 200
26 202
48 202
120 203
10 204
81 204
44 206
120 206
9 207
23 207
116 207
192 207
27 208
64 208
194 208
44 209
70 209
3 211
13 211
44 211
159 211
171 211
182 212
186 212
3 213
137 213
193 213
198 213
10 214
133 214
86 215
130 215
134 215
205 215
10 217
184 217
203 217
158 218
200 218
216 218
95 219
2 220
47 220
148 220
207 220
51 221
30 222
42 222
119 222
134 222
137 222
148 222
75 223
123 223
133 223
57 225
162 225
165 225
85 227
99 227
152 227
208 227
26 228
51 228
219 228
94 229
124 229
28 230
34 230
64 230
123 230
105 231
163 231
230 231
14 232
50 232
140 232
190 232
11 233
22 233
58 233
143 233
163 233
170 233
196 233
31 234
67 234
83 234
104 234
175 234
232 234
56 235
152 235
231 235
14 236
23 236
167 236
219 236
135 237
151 237
43 238
53 238
70 238
96 238
61 239
64 239
116 239
152 239
63 240
117 240
170 240
223 240
84 241
121 241
209 241
99 242
189 242
54 243
148 243
238 243
230 244
35 245
89 245
219 246
110 247
138 247
236 247
177 248
247 248
29 249
136 249
147 249
160 249
173 249
222 249
247 249
2 250
55 250
101 250
230 250
43 251
89 251
96 251
104 251
141 251
181 251
45 252
99 252
133 254
139 254
146 254
182 254
37 255
44 256
129 256
223 256
210 258
216 258
6 259
59 259
73 259
121 259
198 259
242 259
125 260
189 260
211 260
252 260
11 261
141 261
194 261
256 261
8 262
51 262
258 262
130 263
168 263
178 263
88 264
89 264
112 264
174 265
52 266
89 266
211 266
213 266
25 267
37 267
55 267
109 267
147 267
153 267
169 267
184 267
258 267
67 268
123 268
266 268
3 269
100 269
197 269
202 269
13 270
115 270
138 270
163 270
167 270
44 271
110 271
147 271
206 271
61 272
100 272
103 272
209 272
259 272
264 272
89 273
130 273
22 274
23 274
124 274
167 274
40 275
52 275
33 276
66 276
113 276
160 276
173 276
221 276
271 276
176 277
31 278
213 278
250 278
45 279
121 279
195 279
202 279
270 279
59 280
86 280
122 280
132 280
270 280
18 281
36 281
65 281
88 281
109 281
149 281
169 281
64 282
153 282
160 282
242 282
259 282
74 284
193 284
257 284
269 284
2 285
10 285
34 285
58 285
248 285
254 285
260 285
62 286
96 286
100 286
125 286
275 286
63 287
142 287
161 287
207 287
47 288
63 288
89 288
116 288
263 288
54 289
105 289
94 290
198 290
201 290
253 290
280 290
49 291
151 291
267 291
240 292
136 293
169 293
212 293
217 293
20 294
25 294
57 294
255 294
21 295
137 295
281 295
81 296
94 296
106 296
242 296
17 297
205 297
252 297
1 298
16 298
87 298
156 298
185 298
186 298
271 298
285 298
85 299
86 299
98 299
112 299
