300 4518 5
10 5 8 2 19 2 17 2 9 2 19 7 20 12 8 19 20 6 8 5 7 3 15 5 9 9 20 18 7 13 20 10 12 9 4 10 18 11 18 16 5 7 8 20 6 6 7 15 5 1 11 6 4 20 17 17 20 10 10 17 15 1 9 5 7 20 6 5 17 2 18 5 15 3 17 16 14 3 5 11 14 13 15 11 1 4 14 2 6 3 8 20 13 15 13 13 1 8 9 5 17 8 9 4 9 12 10 8 2 1 19 17 15 15 1 2 5 4 18 6 13 20 17 16 19 14 10 8 6 2 8 2 19 4 17 20 20 4 3 4 13 7 5 13 18 12 9 11 6 19 7 9 3 12 4 17 15 7 6 13 1 4 13 1 13 18 9 4 3 6 11 19 11 13 7 19 14 11 14 13 15 3 1 11 8 13 16 8 1 16 11 20 2 19 18 4 20 7 13 5 5 20 1 8 11 14 12 8 19 17 17 9 3 12 2 16 4 10 7 1 10 10 6 9 4 14 11 17 3 20 12 10 7 4 6 10 13 4 18 17 19 14 13 7 9 6 16 8 4 19 7 14 17 19 4 6 15 12 5 12 10 8 13 1 5 18 8 10 9 2 8 9 7 17 13 17 17 16 3 11 7 2 8 6 16 4 8 20 17 19 13 14 20 4 11 14 13 16 13 3
3 8
2 9
5 9
8 9
7 10
2 11
5 13
3 16
8 16
15 16
3 17
11 18
13 18
10 19
3 20
10 21
11 21
4 22
21 22
6 23
10 25
12 25
14 25
13 26
17 26
0 27
11 27
22 27
2 28
13 28
23 28
24 28
25 28
12 29
17 29
2 30
6 30
7 30
12 30
13 30
15 30
1 31
4 31
23 31
6 32
21 32
13 33
19 33
27 33
17 34
28 34
31 34
6 35
7 35
13 35
14 35
20 35
27 35
9 36
10 36
3 37
13 37
21 37
24 37
29 37
33 37
14 38
16 38
27 38
3 39
15 39
22 39
24 39
25 39
28 39
35 39
18 40
27 40
1 41
2 41
6 41
8 41
17 41
29 41
30 41
38 41
7 42
15 42
16 42
22 42
32 42
3 43
12 43
26 43
40 43
1 44
4 44
10 44
21 44
22 44
38 44
43 44
2 45
17 45
29 45
43 45
17 46
33 46
38 46
2 47
6 47
10 47
33 47
1 48
2 48
6 48
17 48
13 49
28 49
2 50
8 50
9 50
17 50
23 50
24 50
42 50
48 50
32 51
37 51
42 51
45 51
0 52
14 52
21 52
25 52
4 53
11 53
18 53
39 53
44 53
52 53
9 54
39 54
43 54
45 54
52 54
8 55
14 55
16 55
18 55
19 55
31 55
34 55
37 55
38 55
47 55
53 55
9 56
17 56
19 56
43 56
47 56
52 56
6 57
13 57
14 57
15 57
21 57
23 57
31 57
32 57
37 57
43 57
5 58
10 58
47 58
50 58
52 58
1 59
4 59
6 59
11 59
16 59
50 59
57 59
58 59
14 60
25 60
29 60
40 60
4 61
7 61
20 61
22 61
25 61
28 61
47 61
60 61
0 62
2 62
32 62
50 62
51 62
4 63
6 63
7 63
16 63
18 63
19 63
20 63
53 63
21 64
30 64
32 64
50 64
56 64
47 65
48 65
51 65
62 65
3 66
8 66
9 66
15 66
21 66
26 66
31 66
37 66
46 66
4 67
21 67
41 67
49 67
55 67
61 67
16 68
27 68
30 68
38 68
59 68
38 69
46 69
49 69
27 70
31 70
32 70
37 70
38 70
40 70
67 70
1 71
2 71
12 71
41 71
44 71
45 71
54 71
56 71
67 71
69 71
3 72
18 72
42 72
43 72
50 72
58 72
62 72
66 72
70 72
4 73
15 73
25 73
49 73
65 73
18 74
19 74
28 74
49 74
52 74
65 74
69 74
71 74
72 74
23 75
29 75
45 75
46 75
52 75
66 75
67 75
4 76
6 76
8 76
19 76
21 76
27 76
28 76
35 76
39 76
44 76
56 76
64 76
2 77
22 77
26 77
36 77
41 77
52 77
61 77
76 77
0 78
4 78
11 78
14 78
46 78
49 78
60 78
17 79
19 79
21 79
68 79
70 79
1 80
7 80
24 80
46 80
50 80
52 80
54 80
60 80
75 80
77 80
0 81
5 81
8 81
22 81
31 81
45 81
54 81
69 81
75 81
19 82
36 82
51 82
56 82
64 82
71 82
8 83
12 83
14 83
16 83
28 83
31 83
34 83
59 83
63 83
68 83
17 84
42 84
44 84
47 84
71 84
73 84
0 85
16 85
60 85
73 85
18 86
19 86
21 86
26 86
31 86
32 86
45 86
59 86
62 86
67 86
0 87
3 87
4 87
13 87
20 87
45 87
61 87
76 87
82 87
3 88
8 88
13 88
18 88
29 88
36 88
69 88
74 88
79 88
23 89
31 89
38 89
53 89
79 89
83 89
1 90
14 90
25 90
43 90
51 90
60 90
61 90
72 90
73 90
82 90
89 90
12 91
23 91
31 91
38 91
46 91
47 91
51 91
71 91
72 91
76 91
83 91
12 92
19 92
23 92
36 92
57 92
60 92
63 92
64 92
73 92
5 93
16 93
19 93
22 93
29 93
34 93
55 93
59 93
62 93
66 93
74 93
84 93
91 93
6 94
10 94
24 94
49 94
80 94
81 94
91 94
93 94
0 95
22 95
41 95
43 95
58 95
78 95
81 95
82 95
13 96
18 96
26 96
53 96
57 96
69 96
74 96
89 96
92 96
5 97
7 97
13 97
39 97
55 97
61 97
69 97
9 98
11 98
13 98
17 98
22 98
34 98
49 98
55 98
83 98
90 98
94 98
95 98
1 99
15 99
27 99
28 99
31 99
47 99
53 99
63 99
69 99
72 99
93 99
1 100
10 100
12 100
26 100
44 100
56 100
81 100
83 100
89 100
9 101
15 101
28 101
30 101
31 101
38 101
46 101
54 101
66 101
71 101
79 101
86 101
90 101
91 101
92 101
98 101
12 102
21 102
22 102
31 102
45 102
96 102
0 103
3 103
5 103
29 103
52 103
55 103
56 103
66 103
74 103
86 103
11 104
49 104
59 104
66 104
82 104
91 104
94 104
4 105
5 105
24 105
45 105
51 105
69 105
73 105
21 106
23 106
36 106
62 106
84 106
88 106
96 106
101 106
11 107
13 107
51 107
57 107
85 107
90 107
94 107
99 107
104 107
4 108
7 108
9 108
15 108
16 108
28 108
32 108
49 108
53 108
63 108
65 108
66 108
86 108
97 108
100 108
101 108
28 109
31 109
33 109
67 109
77 109
99 109
102 109
107 109
11 110
33 110
43 110
67 110
68 110
76 110
80 110
11 111
15 111
16 111
25 111
27 111
48 111
53 111
56 111
78 111
81 111
84 111
86 111
20 112
30 112
33 112
66 112
69 112
94 112
105 112
7 113
14 113
27 113
41 113
46 113
51 113
54 113
57 113
61 113
77 113
83 113
87 113
97 113
109 113
110 113
47 114
51 114
53 114
58 114
91 114
92 114
97 114
113 114
1 115
3 115
10 115
31 115
62 115
70 115
90 115
92 115
104 115
113 115
4 116
8 116
23 116
37 116
41 116
51 116
58 116
68 116
80 116
88 116
99 116
101 116
10 117
31 117
39 117
76 117
86 117
89 117
15 118
20 118
37 118
42 118
53 118
55 118
65 118
66 118
69 118
73 118
98 118
100 118
102 118
1 119
3 119
4 119
9 119
14 119
25 119
30 119
33 119
49 119
50 119
69 119
73 119
89 119
98 119
102 119
5 120
26 120
36 120
45 120
56 120
73 120
91 120
92 120
96 120
98 120
105 120
119 120
9 121
29 121
31 121
43 121
49 121
63 121
64 121
88 121
91 121
10 122
14 122
18 122
21 122
22 122
28 122
32 122
36 122
37 122
42 122
54 122
67 122
74 122
85 122
111 122
0 123
32 123
36 123
37 123
47 123
57 123
66 123
78 123
82 123
103 123
104 123
105 123
107 123
8 124
12 124
28 124
29 124
50 124
89 124
96 124
98 124
119 124
37 125
39 125
40 125
48 125
50 125
56 125
79 125
94 125
114 125
116 125
0 126
1 126
17 126
21 126
30 126
54 126
58 126
66 126
74 126
76 126
94 126
122 126
123 126
7 127
17 127
19 127
27 127
29 127
31 127
52 127
60 127
86 127
88 127
110 127
1 128
5 128
12 128
46 128
65 128
84 128
100 128
111 128
117 128
119 128
120 128
121 128
127 128
17 129
41 129
42 129
65 129
88 129
97 129
106 129
126 129
127 129
5 130
11 130
44 130
62 130
63 130
64 130
71 130
81 130
90 130
108 130
111 130
116 130
129 130
0 131
15 131
37 131
38 131
42 131
45 131
57 131
69 131
82 131
87 131
103 131
124 131
126 131
9 132
13 132
22 132
40 132
48 132
50 132
55 132
61 132
63 132
67 132
77 132
91 132
92 132
129 132
8 133
11 133
18 133
36 133
57 133
66 133
99 133
122 133
128 133
10 134
11 134
32 134
38 134
42 134
55 134
59 134
82 134
119 134
132 134
17 135
35 135
57 135
63 135
71 135
79 135
91 135
92 135
98 135
102 135
105 135
112 135
131 135
132 135
4 136
6 136
9 136
48 136
57 136
61 136
68 136
69 136
74 136
82 136
85 136
107 136
119 136
129 136
130 136
132 136
135 136
5 137
12 137
28 137
42 137
48 137
51 137
55 137
71 137
73 137
98 137
100 137
103 137
113 137
114 137
117 137
123 137
127 137
128 137
2 138
8 138
13 138
24 138
50 138
53 138
61 138
62 138
75 138
97 138
102 138
123 138
124 138
131 138
135 138
1 139
4 139
18 139
31 139
34 139
49 139
52 139
53 139
66 139
77 139
88 139
89 139
91 139
95 139
125 139
127 139
5 140
12 140
16 140
31 140
39 140
49 140
51 140
52 140
60 140
80 140
90 140
99 140
102 140
113 140
117 140
118 140
126 140
127 140
129 140
6 141
8 141
27 141
36 141
52 141
65 141
72 141
74 141
77 141
78 141
83 141
85 141
97 141
98 141
105 141
106 141
109 141
111 141
112 141
116 141
122 141
130 141
134 141
139 141
2 142
17 142
19 142
25 142
26 142
39 142
42 142
48 142
69 142
75 142
116 142
117 142
132 142
134 142
141 142
4 143
16 143
24 143
55 143
71 143
74 143
79 143
84 143
85 143
91 143
97 143
98 143
110 143
121 143
123 143
137 143
141 143
7 144
20 144
29 144
30 144
32 144
56 144
65 144
79 144
116 144
118 144
130 144
137 144
0 145
2 145
18 145
26 145
40 145
58 145
66 145
90 145
125 145
128 145
129 145
139 145
140 145
7 146
8 146
22 146
32 146
36 146
50 146
57 146
76 146
83 146
97 146
115 146
117 146
4 147
8 147
31 147
32 147
42 147
61 147
79 147
86 147
92 147
94 147
122 147
146 147
1 148
14 148
17 148
26 148
36 148
55 148
76 148
95 148
97 148
98 148
122 148
127 148
129 148
0 149
11 149
13 149
30 149
41 149
47 149
55 149
71 149
77 149
86 149
89 149
117 149
133 149
145 149
5 150
11 150
14 150
22 150
26 150
27 150
36 150
43 150
49 150
53 150
55 150
62 150
69 150
70 150
77 150
90 150
97 150
100 150
109 150
25 151
26 151
54 151
56 151
57 151
63 151
100 151
146 151
0 152
29 152
30 152
56 152
78 152
83 152
84 152
90 152
95 152
98 152
113 152
114 152
119 152
134 152
141 152
144 152
11 153
24 153
50 153
64 153
73 153
88 153
107 153
116 153
122 153
130 153
138 153
2 154
16 154
27 154
39 154
48 154
58 154
78 154
79 154
90 154
101 154
103 154
104 154
114 154
125 154
132 154
133 154
136 154
6 155
11 155
18 155
23 155
34 155
56 155
58 155
60 155
66 155
81 155
87 155
93 155
104 155
106 155
112 155
133 155
135 155
147 155
150 155
7 156
17 156
22 156
28 156
48 156
54 156
60 156
62 156
65 156
74 156
76 156
83 156
84 156
98 156
102 156
105 156
110 156
113 156
119 156
120 156
131 156
143 156
146 156
147 156
5 157
6 157
21 157
25 157
37 157
50 157
58 157
70 157
92 157
93 157
97 157
114 157
120 157
124 157
135 157
9 158
11 158
15 158
16 158
24 158
38 158
56 158
66 158
68 158
76 158
94 158
100 158
112 158
139 158
1 159
5 159
12 159
14 159
54 159
55 159
62 159
67 159
81 159
89 159
104 159
133 159
135 159
143 159
158 159
2 160
19 160
21 160
34 160
37 160
45 160
56 160
79 160
80 160
88 160
94 160
109 160
110 160
116 160
124 160
131 160
137 160
147 160
152 160
155 160
156 160
159 160
1 161
13 161
60 161
67 161
89 161
91 161
93 161
94 161
108 161
116 161
117 161
121 161
122 161
123 161
125 161
130 161
150 161
7 162
13 162
19 162
25 162
28 162
37 162
57 162
87 162
95 162
97 162
104 162
112 162
119 162
125 162
133 162
3 163
18 163
41 163
45 163
62 163
83 163
90 163
103 163
139 163
10 164
20 164
22 164
44 164
49 164
106 164
110 164
112 164
130 164
133 164
136 164
139 164
149 164
150 164
157 164
158 164
0 165
3 165
15 165
16 165
21 165
34 165
36 165
39 165
64 165
73 165
74 165
76 165
83 165
86 165
89 165
94 165
102 165
109 165
113 165
114 165
129 165
131 165
146 165
147 165
11 166
18 166
32 166
34 166
36 166
48 166
54 166
59 166
65 166
69 166
73 166
76 166
85 166
98 166
116 166
119 166
136 166
138 166
142 166
148 166
153 166
154 166
158 166
161 166
2 167
15 167
24 167
36 167
40 167
41 167
43 167
45 167
54 167
71 167
72 167
76 167
83 167
85 167
99 167
105 167
106 167
117 167
136 167
138 167
141 167
159 167
162 167
11 168
26 168
28 168
36 168
58 168
61 168
68 168
78 168
92 168
95 168
109 168
117 168
118 168
143 168
144 168
145 168
154 168
158 168
2 169
19 169
51 169
57 169
64 169
70 169
73 169
75 169
90 169
105 169
117 169
121 169
127 169
133 169
135 169
144 169
146 169
158 169
164 169
167 169
3 170
7 170
10 170
19 170
40 170
49 170
52 170
54 170
56 170
59 170
72 170
73 170
95 170
97 170
114 170
121 170
122 170
134 170
25 171
28 171
29 171
41 171
47 171
53 171
54 171
66 171
100 171
101 171
129 171
144 171
18 172
51 172
62 172
65 172
67 172
73 172
83 172
89 172
91 172
92 172
103 172
118 172
161 172
165 172
167 172
8 173
17 173
19 173
23 173
26 173
28 173
34 173
37 173
40 173
41 173
68 173
69 173
89 173
100 173
105 173
117 173
135 173
145 173
151 173
171 173
11 174
13 174
18 174
23 174
47 174
53 174
64 174
145 174
147 174
154 174
161 174
168 174
170 174
172 174
12 175
15 175
20 175
24 175
45 175
60 175
63 175
66 175
68 175
110 175
132 175
133 175
161 175
165 175
166 175
174 175
36 176
44 176
46 176
58 176
65 176
74 176
106 176
111 176
129 176
144 176
146 176
152 176
161 176
17 177
18 177
29 177
38 177
52 177
68 177
79 177
83 177
84 177
93 177
98 177
103 177
112 177
114 177
122 177
137 177
166 177
176 177
4 178
9 178
10 178
18 178
19 178
37 178
45 178
46 178
73 178
77 178
83 178
84 178
91 178
138 178
142 178
144 178
166 178
175 178
6 179
42 179
50 179
52 179
72 179
74 179
78 179
79 179
92 179
101 179
102 179
109 179
110 179
123 179
130 179
135 179
140 179
145 179
146 179
169 179
171 179
0 180
9 180
13 180
22 180
29 180
38 180
59 180
61 180
65 180
69 180
78 180
102 180
149 180
154 180
163 180
174 180
31 181
39 181
54 181
63 181
69 181
77 181
83 181
86 181
99 181
130 181
153 181
159 181
168 181
173 181
3 182
9 182
53 182
62 182
120 182
141 182
142 182
164 182
174 182
5 183
7 183
32 183
33 183
42 183
49 183
81 183
97 183
106 183
108 183
109 183
139 183
146 183
165 183
168 183
177 183
180 183
3 184
21 184
26 184
33 184
37 184
52 184
65 184
66 184
93 184
107 184
118 184
120 184
124 184
125 184
126 184
166 184
168 184
171 184
9 185
18 185
37 185
40 185
66 185
79 185
93 185
97 185
100 185
103 185
105 185
108 185
112 185
114 185
115 185
129 185
131 185
133 185
155 185
162 185
164 185
170 185
5 186
22 186
24 186
28 186
32 186
36 186
41 186
61 186
76 186
79 186
88 186
89 186
111 186
114 186
126 186
140 186
145 186
160 186
165 186
166 186
168 186
170 186
177 186
13 187
30 187
41 187
49 187
55 187
62 187
73 187
76 187
96 187
108 187
117 187
130 187
133 187
136 187
140 187
148 187
149 187
150 187
162 187
179 187
183 187
186 187
17 188
18 188
20 188
45 188
48 188
51 188
85 188
92 188
111 188
127 188
178 188
187 188
6 189
21 189
36 189
40 189
55 189
58 189
60 189
72 189
76 189
78 189
94 189
120 189
128 189
144 189
148 189
160 189
164 189
179 189
1 190
4 190
8 190
15 190
16 190
20 190
24 190
42 190
43 190
46 190
64 190
76 190
78 190
82 190
96 190
97 190
99 190
106 190
114 190
117 190
124 190
132 190
140 190
145 190
153 190
154 190
156 190
163 190
169 190
176 190
180 190
13 191
14 191
19 191
20 191
27 191
41 191
43 191
70 191
71 191
76 191
81 191
82 191
95 191
101 191
122 191
131 191
135 191
155 191
158 191
164 191
176 191
177 191
188 191
2 192
24 192
69 192
71 192
87 192
106 192
132 192
136 192
139 192
148 192
163 192
5 193
20 193
56 193
65 193
84 193
92 193
93 193
101 193
104 193
116 193
138 193
144 193
165 193
167 193
175 193
189 193
10 194
11 194
16 194
48 194
54 194
61 194
68 194
72 194
83 194
84 194
100 194
150 194
162 194
165 194
167 194
173 194
182 194
8 195
11 195
16 195
18 195
20 195
21 195
24 195
27 195
40 195
63 195
74 195
77 195
82 195
94 195
96 195
104 195
113 195
115 195
117 195
120 195
123 195
143 195
147 195
152 195
166 195
171 195
180 195
182 195
191 195
4 196
13 196
15 196
25 196
39 196
42 196
44 196
48 196
51 196
59 196
63 196
66 196
67 196
69 196
73 196
77 196
81 196
90 196
108 196
112 196
121 196
125 196
159 196
165 196
166 196
168 196
172 196
186 196
8 197
19 197
20 197
24 197
30 197
37 197
46 197
57 197
58 197
74 197
84 197
107 197
111 197
114 197
140 197
161 197
5 198
8 198
10 198
11 198
25 198
27 198
35 198
61 198
62 198
69 198
71 198
75 198
107 198
116 198
132 198
137 198
154 198
167 198
168 198
170 198
171 198
177 198
182 198
186 198
189 198
196 198
15 199
16 199
18 199
29 199
32 199
33 199
43 199
55 199
81 199
113 199
127 199
130 199
135 199
152 199
154 199
159 199
184 199
10 200
17 200
19 200
30 200
46 200
56 200
88 200
97 200
103 200
118 200
121 200
142 200
143 200
2 201
12 201
13 201
28 201
29 201
54 201
56 201
62 201
68 201
76 201
79 201
81 201
91 201
94 201
98 201
101 201
116 201
127 201
172 201
0 202
26 202
42 202
43 202
52 202
57 202
58 202
60 202
81 202
139 202
140 202
146 202
147 202
179 202
187 202
194 202
199 202
22 203
37 203
74 203
84 203
85 203
86 203
98 203
106 203
110 203
111 203
128 203
137 203
156 203
171 203
175 203
182 203
2 204
7 204
30 204
48 204
51 204
54 204
85 204
86 204
94 204
98 204
101 204
103 204
107 204
130 204
141 204
150 204
156 204
180 204
188 204
203 204
7 205
46 205
53 205
60 205
85 205
94 205
96 205
118 205
125 205
134 205
145 205
160 205
163 205
182 205
183 205
184 205
187 205
198 205
10 206
35 206
60 206
98 206
106 206
107 206
130 206
140 206
141 206
143 206
151 206
152 206
153 206
167 206
14 207
38 207
43 207
76 207
89 207
96 207
106 207
110 207
111 207
122 207
133 207
144 207
150 207
167 207
204 207
6 208
15 208
37 208
44 208
45 208
49 208
52 208
55 208
64 208
79 208
85 208
86 208
111 208
115 208
132 208
138 208
147 208
185 208
191 208
200 208
3 209
14 209
25 209
49 209
53 209
92 209
119 209
137 209
147 209
177 209
197 209
14 210
39 210
47 210
56 210
68 210
80 210
91 210
105 210
116 210
121 210
139 210
146 210
167 210
170 210
171 210
180 210
201 210
206 210
4 211
13 211
16 211
28 211
29 211
39 211
41 211
43 211
51 211
85 211
88 211
91 211
106 211
108 211
109 211
119 211
120 211
143 211
144 211
147 211
148 211
190 211
191 211
193 211
201 211
33 212
41 212
58 212
83 212
86 212
92 212
95 212
114 212
123 212
130 212
137 212
139 212
141 212
173 212
175 212
182 212
191 212
199 212
200 212
211 212
46 213
50 213
52 213
81 213
86 213
92 213
94 213
106 213
115 213
124 213
127 213
133 213
134 213
141 213
151 213
158 213
176 213
189 213
193 213
205 213
6 214
23 214
46 214
50 214
63 214
68 214
88 214
94 214
99 214
115 214
124 214
128 214
130 214
131 214
148 214
156 214
162 214
170 214
202 214
206 214
11 215
16 215
62 215
73 215
77 215
88 215
93 215
97 215
98 215
104 215
117 215
124 215
157 215
181 215
182 215
186 215
188 215
192 215
2 216
11 216
26 216
35 216
53 216
57 216
66 216
67 216
77 216
89 216
97 216
110 216
111 216
113 216
117 216
119 216
132 216
134 216
140 216
143 216
145 216
156 216
157 216
178 216
185 216
194 216
205 216
208 216
213 216
1 217
3 217
15 217
38 217
39 217
58 217
60 217
78 217
84 217
100 217
109 217
116 217
133 217
149 217
150 217
167 217
179 217
192 217
196 217
216 217
22 218
29 218
49 218
51 218
61 218
76 218
79 218
82 218
95 218
108 218
117 218
120 218
131 218
133 218
138 218
168 218
173 218
177 218
178 218
201 218
209 218
18 219
25 219
67 219
69 219
72 219
81 219
90 219
95 219
100 219
103 219
125 219
132 219
133 219
153 219
174 219
176 219
185 219
189 219
199 219
206 219
207 219
7 220
21 220
39 220
47 220
49 220
53 220
64 220
66 220
112 220
121 220
129 220
154 220
155 220
160 220
185 220
188 220
199 220
202 220
217 220
37 221
43 221
48 221
74 221
91 221
117 221
119 221
133 221
147 221
149 221
179 221
192 221
193 221
200 221
202 221
203 221
208 221
210 221
0 222
8 222
45 222
54 222
57 222
58 222
80 222
87 222
88 222
98 222
103 222
105 222
109 222
119 222
138 222
140 222
151 222
161 222
175 222
182 222
190 222
193 222
197 222
201 222
215 222
217 222
1 223
15 223
16 223
20 223
25 223
29 223
46 223
65 223
78 223
93 223
114 223
121 223
126 223
131 223
133 223
137 223
162 223
180 223
199 223
209 223
210 223
217 223
6 224
28 224
31 224
32 224
47 224
48 224
49 224
54 224
63 224
69 224
75 224
76 224
77 224
81 224
83 224
94 224
97 224
102 224
115 224
117 224
120 224
133 224
144 224
159 224
202 224
221 224
10 225
27 225
29 225
30 225
74 225
129 225
138 225
141 225
145 225
152 225
157 225
170 225
177 225
183 225
197 225
201 225
204 225
222 225
224 225
6 226
17 226
37 226
41 226
44 226
73 226
74 226
83 226
84 226
93 226
108 226
120 226
129 226
144 226
151 226
160 226
162 226
166 226
168 226
177 226
188 226
207 226
210 226
218 226
0 227
2 227
10 227
32 227
34 227
46 227
52 227
60 227
78 227
79 227
81 227
91 227
142 227
143 227
167 227
168 227
169 227
176 227
179 227
180 227
191 227
193 227
205 227
0 228
9 228
31 228
37 228
46 228
49 228
57 228
71 228
72 228
73 228
75 228
78 228
80 228
84 228
95 228
104 228
126 228
129 228
133 228
140 228
163 228
169 228
170 228
176 228
187 228
192 228
212 228
2 229
17 229
20 229
21 229
27 229
28 229
33 229
35 229
38 229
55 229
56 229
59 229
64 229
75 229
84 229
90 229
91 229
108 229
115 229
125 229
127 229
139 229
148 229
156 229
176 229
184 229
195 229
197 229
207 229
210 229
218 229
0 230
3 230
16 230
39 230
47 230
52 230
54 230
57 230
76 230
95 230
110 230
115 230
117 230
134 230
139 230
150 230
159 230
176 230
178 230
187 230
189 230
223 230
15 231
23 231
42 231
54 231
55 231
57 231
60 231
63 231
89 231
112 231
115 231
116 231
144 231
146 231
165 231
175 231
177 231
178 231
186 231
221 231
13 232
20 232
30 232
31 232
32 232
48 232
57 232
69 232
86 232
88 232
91 232
94 232
113 232
114 232
135 232
148 232
157 232
171 232
174 232
179 232
180 232
183 232
191 232
198 232
203 232
215 232
221 232
223 232
23 233
28 233
30 233
31 233
42 233
47 233
49 233
52 233
58 233
64 233
79 233
98 233
111 233
114 233
123 233
125 233
129 233
136 233
143 233
146 233
151 233
152 233
175 233
182 233
185 233
186 233
211 233
212 233
222 233
227 233
6 234
20 234
64 234
75 234
91 234
97 234
105 234
108 234
141 234
147 234
158 234
159 234
163 234
164 234
172 234
180 234
187 234
196 234
200 234
201 234
207 234
213 234
226 234
232 234
3 235
6 235
7 235
15 235
22 235
71 235
88 235
92 235
107 235
108 235
111 235
114 235
125 235
131 235
132 235
139 235
181 235
183 235
184 235
186 235
193 235
233 235
2 236
9 236
11 236
26 236
35 236
40 236
50 236
80 236
86 236
98 236
110 236
112 236
113 236
138 236
166 236
172 236
174 236
190 236
196 236
199 236
200 236
211 236
233 236
8 237
12 237
34 237
83 237
86 237
106 237
108 237
113 237
114 237
118 237
128 237
138 237
140 237
144 237
154 237
167 237
171 237
176 237
183 237
184 237
189 237
190 237
211 237
214 237
218 237
3 238
4 238
9 238
14 238
47 238
48 238
59 238
61 238
62 238
69 238
76 238
88 238
94 238
102 238
125 238
129 238
142 238
148 238
151 238
154 238
165 238
174 238
206 238
207 238
221 238
229 238
233 238
2 239
12 239
24 239
26 239
27 239
45 239
64 239
69 239
77 239
79 239
106 239
107 239
116 239
124 239
161 239
169 239
184 239
189 239
191 239
202 239
210 239
227 239
228 239
238 239
9 240
19 240
25 240
31 240
33 240
38 240
40 240
41 240
55 240
56 240
59 240
66 240
75 240
76 240
92 240
98 240
102 240
105 240
108 240
111 240
124 240
133 240
147 240
148 240
150 240
156 240
164 240
166 240
181 240
185 240
200 240
206 240
221 240
226 240
231 240
1 241
28 241
31 241
33 241
35 241
47 241
49 241
55 241
57 241
71 241
82 241
87 241
91 241
93 241
99 241
100 241
102 241
121 241
128 241
137 241
147 241
169 241
177 241
178 241
200 241
202 241
220 241
230 241
3 242
4 242
5 242
17 242
18 242
21 242
30 242
51 242
55 242
58 242
112 242
123 242
124 242
153 242
169 242
181 242
202 242
203 242
214 242
226 242
0 243
4 243
7 243
13 243
14 243
54 243
61 243
62 243
80 243
82 243
101 243
116 243
126 243
127 243
144 243
149 243
166 243
175 243
193 243
196 243
197 243
208 243
232 243
239 243
240 243
1 244
3 244
21 244
28 244
37 244
59 244
65 244
83 244
97 244
105 244
126 244
134 244
136 244
137 244
150 244
164 244
179 244
181 244
185 244
195 244
197 244
198 244
200 244
227 244
237 244
5 245
14 245
15 245
19 245
20 245
32 245
45 245
55 245
59 245
62 245
68 245
91 245
97 245
99 245
100 245
107 245
129 245
136 245
156 245
161 245
173 245
180 245
186 245
204 245
229 245
15 246
17 246
19 246
54 246
58 246
59 246
74 246
79 246
80 246
88 246
97 246
112 246
117 246
139 246
144 246
153 246
159 246
161 246
163 246
191 246
243 246
1 247
5 247
12 247
16 247
18 247
25 247
27 247
28 247
54 247
56 247
62 247
74 247
78 247
99 247
109 247
123 247
132 247
140 247
141 247
142 247
152 247
157 247
172 247
180 247
186 247
199 247
206 247
232 247
1 248
8 248
13 248
30 248
39 248
50 248
75 248
82 248
84 248
122 248
126 248
132 248
151 248
184 248
190 248
215 248
4 249
5 249
6 249
14 249
17 249
18 249
19 249
23 249
37 249
39 249
42 249
48 249
67 249
83 249
85 249
91 249
106 249
110 249
129 249
144 249
164 249
183 249
195 249
205 249
218 249
233 249
243 249
247 249
2 250
16 250
24 250
28 250
48 250
56 250
97 250
100 250
105 250
107 250
117 250
134 250
138 250
144 250
152 250
175 250
177 250
178 250
179 250
193 250
203 250
218 250
221 250
226 250
0 251
16 251
30 251
45 251
47 251
54 251
61 251
65 251
70 251
78 251
83 251
101 251
105 251
124 251
128 251
157 251
199 251
202 251
211 251
229 251
237 251
244 251
12 252
35 252
39 252
40 252
58 252
60 252
74 252
79 252
88 252
99 252
108 252
109 252
118 252
123 252
133 252
135 252
151 252
164 252
169 252
172 252
175 252
176 252
181 252
214 252
234 252
240 252
243 252
245 252
7 253
9 253
37 253
46 253
49 253
52 253
78 253
106 253
120 253
144 253
162 253
164 253
165 253
169 253
175 253
177 253
182 253
193 253
195 253
200 253
201 253
211 253
213 253
219 253
240 253
245 253
246 253
1 254
6 254
20 254
22 254
23 254
32 254
39 254
47 254
50 254
51 254
56 254
79 254
101 254
109 254
110 254
115 254
124 254
139 254
143 254
145 254
161 254
169 254
178 254
179 254
180 254
192 254
202 254
206 254
212 254
221 254
222 254
238 254
240 254
243 254
247 254
0 255
21 255
61 255
64 255
80 255
123 255
141 255
145 255
160 255
161 255
172 255
177 255
182 255
196 255
202 255
214 255
227 255
232 255
250 255
17 256
21 256
29 256
50 256
77 256
79 256
84 256
123 256
134 256
178 256
180 256
186 256
193 256
222 256
230 256
233 256
238 256
242 256
248 256
251 256
1 257
10 257
22 257
37 257
38 257
71 257
80 257
83 257
89 257
127 257
140 257
141 257
146 257
162 257
171 257
172 257
201 257
204 257
209 257
221 257
222 257
231 257
234 257
255 257
12 258
15 258
17 258
21 258
28 258
33 258
50 258
54 258
55 258
67 258
77 258
94 258
106 258
111 258
113 258
127 258
162 258
195 258
224 258
233 258
235 258
0 259
10 259
35 259
46 259
50 259
59 259
65 259
73 259
85 259
86 259
90 259
93 259
101 259
107 259
111 259
116 259
122 259
128 259
131 259
151 259
166 259
175 259
207 259
214 259
224 259
237 259
256 259
0 260
6 260
10 260
26 260
43 260
69 260
70 260
71 260
85 260
113 260
129 260
149 260
151 260
153 260
159 260
197 260
202 260
211 260
219 260
233 260
250 260
0 261
10 261
22 261
36 261
57 261
58 261
66 261
69 261
114 261
122 261
127 261
130 261
142 261
145 261
148 261
153 261
155 261
157 261
163 261
168 261
184 261
185 261
198 261
199 261
206 261
207 261
214 261
233 261
14 262
15 262
26 262
44 262
46 262
55 262
56 262
70 262
76 262
83 262
94 262
108 262
124 262
131 262
137 262
146 262
156 262
164 262
190 262
196 262
214 262
218 262
219 262
225 262
238 262
240 262
22 263
24 263
25 263
34 263
36 263
37 263
38 263
46 263
51 263
57 263
63 263
66 263
85 263
114 263
119 263
136 263
138 263
139 263
164 263
189 263
190 263
202 263
204 263
215 263
219 263
220 263
234 263
238 263
249 263
250 263
259 263
0 264
50 264
58 264
63 264
66 264
68 264
99 264
117 264
139 264
154 264
159 264
178 264
192 264
202 264
205 264
206 264
210 264
211 264
223 264
231 264
232 264
260 264
262 264
14 265
21 265
28 265
34 265
41 265
45 265
46 265
48 265
57 265
62 265
64 265
69 265
100 265
106 265
138 265
143 265
151 265
153 265
163 265
192 265
194 265
213 265
214 265
222 265
226 265
227 265
229 265
14 266
17 266
25 266
31 266
34 266
35 266
44 266
53 266
61 266
65 266
83 266
91 266
94 266
98 266
115 266
119 266
123 266
124 266
166 266
186 266
210 266
237 266
242 266
249 266
259 266
14 267
26 267
35 267
51 267
62 267
73 267
87 267
94 267
100 267
124 267
125 267
127 267
155 267
175 267
176 267
182 267
184 267
210 267
219 267
224 267
238 267
242 267
249 267
264 267
1 268
2 268
5 268
24 268
43 268
49 268
52 268
63 268
64 268
66 268
76 268
85 268
88 268
99 268
104 268
109 268
119 268
121 268
122 268
131 268
140 268
146 268
151 268
155 268
169 268
177 268
180 268
200 268
203 268
205 268
4 269
14 269
16 269
17 269
19 269
32 269
42 269
58 269
62 269
63 269
71 269
74 269
75 269
77 269
89 269
105 269
107 269
120 269
142 269
144 269
145 269
161 269
162 269
164 269
168 269
175 269
192 269
195 269
203 269
208 269
240 269
242 269
261 269
1 270
2 270
14 270
39 270
45 270
52 270
53 270
54 270
56 270
64 270
74 270
96 270
118 270
119 270
128 270
137 270
140 270
149 270
150 270
151 270
159 270
162 270
168 270
178 270
183 270
186 270
196 270
206 270
221 270
222 270
245 270
254 270
265 270
266 270
6 271
26 271
27 271
48 271
61 271
67 271
68 271
79 271
80 271
88 271
96 271
107 271
121 271
128 271
136 271
137 271
162 271
177 271
194 271
204 271
216 271
218 271
223 271
234 271
238 271
251 271
262 271
14 272
17 272
33 272
35 272
59 272
93 272
97 272
121 272
132 272
150 272
152 272
178 272
181 272
185 272
197 272
198 272
208 272
213 272
217 272
220 272
228 272
243 272
254 272
255 272
257 272
260 272
1 273
11 273
16 273
19 273
51 273
57 273
83 273
85 273
93 273
95 273
103 273
115 273
125 273
132 273
138 273
143 273
154 273
156 273
163 273
182 273
202 273
203 273
209 273
210 273
216 273
234 273
241 273
242 273
245 273
247 273
0 274
20 274
21 274
32 274
34 274
35 274
36 274
38 274
52 274
56 274
61 274
65 274
74 274
79 274
88 274
111 274
114 274
115 274
117 274
126 274
132 274
140 274
153 274
170 274
198 274
208 274
218 274
222 274
245 274
257 274
261 274
263 274
272 274
0 275
19 275
32 275
38 275
48 275
54 275
61 275
63 275
95 275
99 275
102 275
105 275
112 275
122 275
138 275
176 275
179 275
193 275
201 275
218 275
224 275
234 275
237 275
239 275
240 275
243 275
250 275
252 275
254 275
273 275
3 276
6 276
28 276
47 276
50 276
54 276
68 276
73 276
78 276
138 276
139 276
141 276
144 276
149 276
155 276
157 276
164 276
170 276
181 276
187 276
188 276
209 276
225 276
228 276
255 276
260 276
3 277
10 277
32 277
80 277
92 277
95 277
102 277
130 277
144 277
148 277
158 277
165 277
173 277
174 277
185 277
203 277
205 277
220 277
221 277
227 277
233 277
242 277
249 277
250 277
257 277
2 278
9 278
10 278
15 278
27 278
35 278
39 278
40 278
64 278
83 278
89 278
96 278
114 278
123 278
133 278
134 278
156 278
165 278
174 278
179 278
180 278
188 278
196 278
200 278
203 278
208 278
215 278
230 278
232 278
238 278
252 278
263 278
269 278
13 279
22 279
33 279
40 279
41 279
44 279
50 279
55 279
67 279
68 279
77 279
84 279
101 279
106 279
108 279
110 279
114 279
127 279
130 279
151 279
155 279
156 279
163 279
174 279
188 279
203 279
205 279
218 279
230 279
254 279
256 279
276 279
19 280
25 280
26 280
39 280
53 280
61 280
74 280
77 280
85 280
86 280
92 280
99 280
103 280
106 280
108 280
118 280
120 280
122 280
123 280
174 280
181 280
188 280
189 280
209 280
211 280
221 280
254 280
279 280
26 281
31 281
34 281
38 281
46 281
55 281
59 281
85 281
96 281
101 281
119 281
120 281
124 281
127 281
141 281
143 281
169 281
194 281
200 281
205 281
210 281
214 281
244 281
245 281
262 281
264 281
13 282
18 282
29 282
34 282
52 282
55 282
60 282
71 282
77 282
87 282
90 282
100 282
108 282
116 282
123 282
124 282
137 282
151 282
153 282
180 282
205 282
206 282
210 282
227 282
228 282
233 282
236 282
241 282
245 282
250 282
277 282
2 283
16 283
31 283
35 283
43 283
61 283
62 283
64 283
65 283
70 283
76 283
81 283
82 283
89 283
100 283
111 283
114 283
116 283
119 283
132 283
137 283
143 283
148 283
149 283
158 283
168 283
177 283
186 283
195 283
211 283
214 283
215 283
222 283
238 283
240 283
244 283
248 283
254 283
272 283
280 283
282 283
17 284
20 284
23 284
29 284
33 284
40 284
41 284
49 284
57 284
71 284
88 284
94 284
115 284
116 284
127 284
131 284
143 284
172 284
203 284
209 284
213 284
216 284
237 284
238 284
246 284
250 284
251 284
277 284
11 285
15 285
26 285
61 285
65 285
74 285
76 285
77 285
81 285
117 285
132 285
142 285
161 285
163 285
179 285
188 285
207 285
208 285
222 285
233 285
237 285
241 285
244 285
248 285
262 285
278 285
279 285
2 286
17 286
25 286
29 286
32 286
38 286
45 286
51 286
63 286
90 286
96 286
113 286
118 286
141 286
145 286
150 286
185 286
186 286
188 286
190 286
191 286
193 286
208 286
213 286
219 286
233 286
234 286
249 286
257 286
270 286
278 286
2 287
4 287
8 287
12 287
16 287
18 287
19 287
27 287
31 287
40 287
55 287
64 287
69 287
89 287
118 287
121 287
122 287
126 287
131 287
133 287
156 287
179 287
180 287
182 287
202 287
217 287
220 287
231 287
238 287
240 287
264 287
268 287
32 288
47 288
65 288
77 288
81 288
86 288
96 288
115 288
117 288
123 288
124 288
135 288
137 288
152 288
167 288
182 288
188 288
190 288
191 288
198 288
208 288
218 288
243 288
247 288
254 288
264 288
267 288
283 288
14 289
29 289
41 289
49 289
64 289
89 289
91 289
93 289
97 289
100 289
104 289
128 289
129 289
132 289
135 289
136 289
143 289
169 289
170 289
172 289
173 289
177 289
192 289
227 289
229 289
236 289
237 289
250 289
261 289
262 289
266 289
268 289
286 289
287 289
7 290
8 290
20 290
31 290
33 290
36 290
39 290
70 290
77 290
82 290
85 290
89 290
90 290
94 290
99 290
110 290
112 290
113 290
118 290
131 290
164 290
167 290
175 290
183 290
184 290
197 290
198 290
205 290
223 290
241 290
249 290
252 290
254 290
263 290
281 290
14 291
20 291
25 291
43 291
51 291
60 291
69 291
78 291
81 291
105 291
127 291
135 291
153 291
157 291
171 291
180 291
183 291
187 291
194 291
203 291
231 291
236 291
238 291
265 291
272 291
282 291
283 291
287 291
4 292
6 292
11 292
31 292
60 292
70 292
88 292
104 292
105 292
117 292
128 292
137 292
140 292
150 292
165 292
170 292
176 292
180 292
183 292
187 292
215 292
228 292
232 292
234 292
263 292
269 292
274 292
281 292
286 292
290 292
4 293
15 293
17 293
20 293
29 293
33 293
40 293
49 293
56 293
57 293
66 293
88 293
98 293
99 293
100 293
112 293
121 293
134 293
144 293
147 293
150 293
155 293
160 293
169 293
170 293
171 293
174 293
202 293
203 293
215 293
223 293
238 293
239 293
247 293
274 293
2 294
11 294
19 294
22 294
28 294
40 294
45 294
63 294
65 294
74 294
77 294
88 294
101 294
104 294
120 294
129 294
130 294
136 294
163 294
216 294
219 294
248 294
251 294
257 294
258 294
266 294
273 294
275 294
287 294
0 295
12 295
38 295
67 295
78 295
85 295
95 295
119 295
124 295
125 295
137 295
148 295
150 295
159 295
161 295
164 295
165 295
192 295
218 295
222 295
237 295
269 295
291 295
1 296
5 296
9 296
19 296
21 296
24 296
35 296
50 296
56 296
59 296
64 296
71 296
87 296
88 296
96 296
102 296
103 296
104 296
107 296
108 296
121 296
140 296
161 296
184 296
235 296
251 296
262 296
270 296
271 296
280 296
283 296
3 297
20 297
43 297
46 297
50 297
69 297
74 297
85 297
86 297
87 297
96 297
104 297
107 297
113 297
114 297
125 297
126 297
138 297
156 297
158 297
168 297
175 297
187 297
197 297
206 297
207 297
229 297
234 297
287 297
295 297
1 298
13 298
17 298
27 298
33 298
87 298
88 298
89 298
96 298
103 298
128 298
129 298
140 298
142 298
143 298
162 298
165 298
171 298
180 298
194 298
199 298
205 298
217 298
222 298
243 298
254 298
256 298
269 298
273 298
280 298
289 298
4 299
79 299
80 299
83 299
129 299
137 299
145 299
147 299
150 299
160 299
162 299
165 299
182 299
195 299
248 299
253 299
254 299
255 299
268 299
272 299
296 299
298 299
