300 1183 5
14 2 15 13 16 3 16 16 14 16 13 9 12 17 3 5 7 6 14 1 13 11 4 17 11 16 7 18 20 12 16 12 1 17 12 15 3 18 15 13 16 2 16 9 3 7 14 7 17 14 8 13 8 15 2 3 10 16 12 12 17 5 10 19 4 19 14 16 10 18 19 2 3 17 19 16 14 7 10 4 19 19 14 16 16 18 17 20 13 8 8 2 6 1 5 1 13 15 10 17 14 6 13 5 15 4 4 13 1 4 11 5 17 5 11 2 2 20 12 10 11 4 19 11 18 9 5 3 14 2 20 11 9 6 18 13 6 16 12 11 11 13 19 11 9 6 7 13 14 6 8 6 16 15 1 6 13 1 7 16 4 11 4 18 17 9 2 19 15 15 10 4 19 10 15 19 18 17 10 10 14 14 10 19 2 12 18 2 17 4 1 17 6 12 12 18 1 17 9 11 5 1 5 11 3 14 10 14 1 6 4 17 10 3 17 1 12 13 6 19 17 9 15 8 10 17 20 8 17 20 18 16 17 1 17 4 7 18 13 7 12 19 11 4 4 10 17 3 15 9 7 20 7 4 16 16 6 8 12 10 10 4 4 7 16 9 3 5 19 17 3 7 20 12 2 20 13 4 1 11 11 9 11 8 11 5 10 8 4 11 4 16 5 20 15 16 12 4 12 19
2 3
7 9
10 13
2 15
9 21
16 23
17 23
19 24
12 25
13 26
24 26
11 27
20 30
13 31
16 31
25 31
1 32
21 35
32 35
11 36
17 38
20 39
12 40
10 41
38 42
34 43
40 43
21 44
33 44
34 44
40 44
13 47
34 47
42 49
34 50
15 51
21 51
32 52
49 52
15 53
24 54
27 54
45 56
48 57
14 58
32 58
57 59
16 61
20 61
49 62
2 63
13 63
33 63
57 63
53 64
10 66
17 66
44 66
8 67
58 67
66 67
8 68
25 68
40 68
28 69
46 69
69 70
65 71
9 72
19 73
58 73
59 73
68 74
7 76
61 76
62 78
77 78
6 79
7 80
8 80
11 80
65 81
12 83
24 83
40 83
12 84
30 84
69 85
6 86
50 86
71 86
14 87
43 87
75 87
83 87
30 88
8 89
13 90
51 90
68 90
89 90
2 91
42 91
88 91
15 92
34 92
86 92
14 93
16 93
48 93
49 93
49 94
15 96
35 96
40 96
5 97
16 97
79 97
15 98
26 98
48 98
51 98
56 98
68 98
73 98
86 98
10 99
44 99
17 100
28 100
51 100
67 100
87 100
97 100
39 101
56 101
70 101
89 101
38 102
55 102
35 103
67 103
85 103
92 103
94 103
10 104
28 104
98 104
33 106
43 106
61 106
90 106
102 106
54 107
63 107
74 107
6 108
23 108
66 108
67 108
100 108
35 109
2 110
19 110
37 110
10 111
89 111
48 112
58 112
81 112
83 112
86 112
87 112
11 113
20 113
73 113
109 114
14 115
16 115
52 115
65 115
94 115
112 115
28 116
80 116
85 116
48 117
49 117
57 117
77 117
114 117
46 118
36 119
86 119
90 119
103 119
25 120
30 120
65 120
73 120
74 120
97 120
26 121
101 121
117 121
98 122
106 122
14 123
20 123
66 123
105 123
9 124
99 124
109 124
57 126
121 126
17 127
37 127
10 128
14 128
28 128
114 128
2 130
73 130
81 130
82 130
117 130
8 131
51 131
69 131
85 131
97 131
69 132
106 132
120 132
130 132
4 133
10 133
78 133
82 133
118 133
33 134
54 135
60 135
73 135
4 136
66 136
75 136
90 136
123 136
58 137
84 137
44 138
54 138
64 138
66 138
111 138
5 139
19 139
73 139
26 140
29 140
55 140
69 140
15 141
80 141
39 142
43 142
96 142
140 142
23 143
38 143
51 143
52 143
71 143
79 143
82 143
112 143
131 143
19 144
72 144
133 144
16 145
25 145
91 145
120 145
141 145
2 146
8 146
119 146
143 146
37 147
70 147
21 148
23 148
125 148
3 149
8 149
37 149
74 149
93 149
126 149
146 149
18 150
62 151
117 152
137 152
71 153
74 153
104 153
28 154
41 154
61 154
108 154
14 155
89 155
107 155
151 155
74 156
96 156
108 156
115 157
141 157
144 157
50 158
78 158
96 158
106 158
113 158
119 158
154 158
28 159
71 159
103 159
142 159
12 160
24 160
64 160
75 160
115 160
8 161
29 161
37 161
74 161
121 161
160 161
21 162
67 162
79 162
80 162
92 162
149 162
161 162
46 163
111 163
115 163
37 164
62 164
64 164
82 164
91 164
97 164
104 164
109 164
140 164
159 164
24 165
29 165
31 165
120 165
140 165
15 166
32 166
50 166
74 166
113 166
115 166
7 167
26 167
27 167
138 167
146 167
9 168
83 168
116 168
131 168
161 169
49 170
66 170
75 170
56 171
85 171
159 171
62 172
97 172
118 172
135 172
6 173
73 173
163 173
49 174
57 174
91 174
127 174
149 174
13 175
126 175
140 176
80 177
92 177
104 177
105 177
140 177
150 177
156 177
0 178
2 178
142 178
145 178
146 178
36 179
79 179
103 179
105 179
155 179
168 179
170 179
70 180
92 180
146 180
168 180
170 180
178 180
40 181
43 181
92 181
144 181
23 182
53 182
54 182
74 182
99 182
140 182
172 182
174 182
3 183
23 183
48 183
109 183
111 183
116 183
177 183
178 183
180 183
5 184
14 184
48 184
79 184
84 184
95 184
109 184
125 184
47 185
51 185
118 185
160 185
80 186
81 186
3 187
10 187
13 187
22 187
34 187
83 187
137 187
171 187
6 188
37 188
43 188
103 188
139 188
175 188
6 189
10 189
17 189
19 189
30 189
71 189
125 189
167 189
4 191
20 191
42 191
69 191
74 191
88 191
102 191
124 191
171 191
0 192
5 192
6 192
90 192
97 192
116 192
120 192
157 192
15 193
54 193
61 193
72 193
107 193
127 193
133 193
147 193
156 193
174 193
52 194
16 195
86 195
147 195
163 195
168 195
31 196
45 196
153 196
4 197
10 197
13 197
31 197
196 197
42 198
102 198
149 198
182 198
11 199
34 199
41 199
48 199
79 199
104 199
131 199
185 199
74 200
83 200
150 200
180 200
7 201
35 201
54 201
96 201
173 201
188 201
194 201
20 202
31 202
63 202
135 202
198 202
6 203
110 203
151 203
3 204
25 204
31 204
48 204
116 204
162 204
179 204
103 205
112 205
116 205
131 205
140 205
204 205
11 206
35 206
74 206
91 206
132 206
177 206
21 207
47 207
52 207
110 207
3 208
11 208
24 208
155 208
191 208
2 209
122 209
135 209
150 209
186 209
23 210
53 210
73 210
101 210
110 210
128 210
58 211
85 211
113 211
187 211
208 211
13 212
117 212
154 212
196 212
105 213
138 213
146 213
182 213
38 214
52 214
160 214
201 214
210 214
2 215
48 215
66 215
109 215
118 215
139 215
150 215
5 216
31 216
93 216
150 216
169 216
171 216
194 216
52 217
87 217
149 217
166 217
171 217
0 218
8 218
27 218
79 218
104 218
140 218
98 219
188 219
199 219
200 219
214 219
79 220
98 220
101 220
102 220
105 220
124 220
99 221
183 221
193 221
218 221
0 222
18 222
48 222
53 222
57 222
87 222
110 222
147 222
188 222
62 223
91 223
95 223
96 223
97 223
39 224
108 224
135 224
148 224
164 224
180 224
210 224
127 225
170 225
6 226
61 226
95 226
165 226
169 226
40 227
83 227
128 227
145 227
214 227
38 228
81 228
208 228
216 228
69 229
81 229
94 229
130 229
142 229
158 229
165 229
170 229
171 229
204 229
72 230
80 230
129 230
145 230
146 230
156 230
188 230
189 230
199 230
216 230
16 231
88 231
170 231
185 231
219 231
26 232
48 232
68 232
71 232
86 232
87 232
151 232
19 233
41 233
45 233
64 233
74 233
99 233
162 233
192 233
211 233
58 234
65 234
90 234
116 234
173 234
232 234
24 235
68 235
167 235
192 235
44 236
46 236
47 236
61 236
112 236
141 236
224 236
34 237
61 237
172 237
177 237
217 237
222 237
56 238
69 238
83 238
84 238
207 238
226 238
228 238
141 239
182 239
188 239
1 240
127 240
161 240
192 240
9 241
60 241
97 241
138 241
176 241
186 241
194 241
209 241
49 242
154 242
180 242
187 242
229 242
230 242
0 243
54 243
55 243
57 243
96 243
184 243
206 243
209 243
24 244
50 244
68 244
77 244
90 244
91 244
92 244
39 245
93 245
132 245
137 245
159 245
170 245
216 245
229 245
96 246
101 246
157 246
160 246
11 247
77 247
79 247
150 247
35 248
130 248
148 248
173 248
183 248
204 248
205 248
213 248
224 248
61 249
161 249
167 249
226 249
15 250
18 250
21 250
91 250
158 250
165 250
168 250
190 250
195 250
13 251
32 251
33 251
65 251
85 251
144 251
169 251
235 251
104 252
119 252
127 252
174 252
179 252
201 252
214 252
2 253
149 253
150 253
167 253
192 253
6 254
24 254
83 254
190 254
193 254
198 254
205 254
222 254
31 255
57 255
58 255
99 255
196 255
204 255
0 256
24 256
36 256
44 256
49 256
85 256
117 256
157 256
191 256
229 256
2 257
25 257
26 257
55 257
99 257
167 257
178 257
207 257
233 257
84 258
178 258
211 258
42 259
94 259
111 259
134 259
138 259
207 259
211 259
255 259
21 260
27 260
90 260
168 260
185 260
212 260
225 260
242 260
7 261
13 261
33 261
100 261
184 261
233 261
236 261
73 262
77 262
85 262
93 262
143 262
171 262
209 262
239 262
253 262
29 263
45 263
82 263
100 263
103 263
125 263
140 263
236 263
47 264
128 264
196 264
0 265
1 265
57 265
86 265
169 265
173 265
236 265
241 265
252 265
40 266
65 266
70 266
113 266
196 266
211 266
34 267
110 267
182 267
187 267
201 267
217 267
233 267
99 268
121 268
123 268
134 268
195 268
237 268
238 268
243 268
247 268
37 269
208 269
216 269
257 269
12 270
31 270
53 270
64 270
112 270
188 270
114 271
215 271
251 271
98 272
123 272
187 272
210 272
260 272
264 272
11 273
14 273
53 273
111 273
146 273
228 273
243 273
247 273
78 274
106 274
145 274
238 274
252 274
271 274
153 275
155 275
192 275
266 275
18 276
19 276
49 276
112 276
211 276
214 276
221 276
236 276
239 276
241 276
256 276
13 277
14 277
39 277
137 277
162 277
234 277
53 278
100 278
132 278
169 278
190 278
218 278
228 278
234 278
253 278
255 278
27 279
87 279
98 279
100 279
110 279
111 279
119 279
151 279
158 279
188 279
217 279
229 279
88 280
138 280
147 280
178 280
230 280
233 280
263 280
278 280
1 281
35 281
114 281
131 281
161 281
224 281
33 282
100 282
169 282
213 282
233 282
260 282
27 283
79 283
82 283
115 283
131 283
161 283
245 283
10 284
40 284
103 284
110 284
124 284
243 284
123 285
171 285
176 285
248 285
264 285
14 286
18 286
119 286
121 286
132 286
169 286
218 286
249 286
127 287
154 287
256 287
54 288
69 288
98 288
107 288
184 288
196 288
222 288
251 288
105 289
108 289
157 289
160 289
220 289
131 290
159 290
205 290
218 290
40 291
78 291
95 291
152 291
167 291
213 291
47 292
61 292
96 292
178 292
221 292
235 292
262 292
269 292
286 292
43 293
59 293
139 293
141 293
154 293
164 293
169 293
247 293
255 293
6 294
112 294
134 294
137 294
196 294
266 294
62 295
75 295
84 295
117 295
128 295
149 295
170 295
225 295
91 296
126 296
136 296
188 296
59 297
132 297
231 297
292 297
26 298
28 298
30 298
44 298
46 298
121 298
178 298
207 298
224 298
233 298
234 298
240 298
265 298
6 299
141 299
150 299
189 299
200 299
202 299
225 299
231 299
236 299
279 299
282 299
