300 5409 5
16 1 18 18 14 13 5 3 17 3 19 19 8 9 1 18 11 15 7 9 16 5 9 2 2 9 10 18 16 1 4 3 5 20 16 7 16 2 3 2 2 9 19 13 11 17 7 13 3 1 17 17 20 2 5 5 16 9 3 20 7 7 10 16 12 9 8 1 6 16 10 1 17 13 10 7 14 19 13 10 1 3 13 8 4 5 8 9 7 10 18 3 13 5 1 15 19 9 1 3 3 5 6 6 18 10 12 5 10 16 6 19 18 1 6 12 20 8 19 2 20 16 10 9 8 6 12 11 18 11 16 15 13 17 8 19 9 2 7 14 19 16 6 10 14 4 16 14 18 10 18 14 13 7 10 11 13 8 17 8 6 4 19 17 8 5 9 16 11 20 9 7 4 9 9 19 9 20 8 8 14 20 14 2 19 1 19 19 6 18 6 5 18 8 9 15 12 12 18 15 5 11 17 12 18 4 9 18 12 10 7 2 3 8 14 13 17 5 15 18 1 9 9 18 13 8 14 3 14 9 2 19 1 10 3 1 4 4 20 12 18 12 20 13 12 1 18 20 1 14 7 3 13 6 2 11 1 16 16 8 11 2 9 11 11 15 1 2 15 15 11 17 16 10 7 12 10 18 10 1 13 2 13 19 19 5 1 3 7 7 10 17 7 18 7 17 1 8 2 17
3 4
3 5
4 6
1 8
2 9
5 9
6 9
1 10
2 10
5 10
10 11
12 13
5 14
1 15
9 15
7 16
10 16
5 17
15 17
2 18
10 18
12 18
5 19
7 19
15 19
11 20
13 20
3 21
16 21
17 21
2 22
4 22
11 22
17 22
3 24
7 24
9 24
17 24
23 24
2 25
4 25
12 25
13 25
19 25
21 25
24 26
2 27
5 27
18 27
26 27
8 28
11 28
16 28
11 29
22 29
26 29
28 29
3 30
27 30
2 31
19 32
23 32
30 32
31 32
2 33
3 33
5 33
9 33
23 33
26 33
5 34
10 34
28 34
5 35
8 35
10 35
10 36
19 36
20 36
13 37
21 37
24 37
27 37
31 37
34 37
35 37
3 38
21 38
29 38
0 39
13 39
14 39
17 39
18 39
22 39
24 39
31 39
33 39
35 39
6 40
17 40
21 40
22 40
24 40
25 40
26 40
38 41
0 42
13 42
21 42
27 42
6 43
11 43
16 43
26 43
32 43
37 43
42 43
5 44
19 44
20 44
25 44
26 44
31 44
33 44
35 44
41 44
43 44
3 45
23 45
36 45
44 45
19 46
28 46
42 46
43 46
0 47
26 47
27 47
41 47
5 48
17 48
35 48
16 49
22 49
28 49
33 49
35 49
36 49
33 50
37 50
38 50
45 50
4 51
10 51
13 51
26 51
29 51
32 51
34 51
45 51
13 52
16 52
20 52
23 52
36 52
39 52
45 52
11 53
12 53
14 53
26 53
33 53
38 53
1 54
17 54
27 54
32 54
42 54
47 54
48 54
0 55
3 55
6 55
7 55
19 55
26 55
31 55
35 55
52 55
0 56
1 56
14 56
18 56
25 56
29 56
40 56
45 56
47 56
48 56
50 56
52 56
7 57
24 57
33 57
42 57
54 57
0 58
3 58
19 58
29 58
42 58
51 58
52 58
11 59
14 59
17 59
49 59
51 59
55 59
56 59
57 59
3 60
9 60
15 60
23 60
40 60
45 60
52 60
7 61
9 61
15 61
18 61
22 61
24 61
27 61
40 61
41 61
11 62
34 62
35 62
37 62
46 62
59 62
9 63
15 63
17 63
18 63
23 63
28 63
35 63
41 63
45 63
5 64
6 64
14 64
16 64
27 64
38 64
43 64
57 64
13 65
25 65
32 65
36 65
49 65
60 65
0 66
21 66
22 66
23 66
27 66
47 66
50 66
61 66
64 66
3 67
14 67
16 67
37 67
62 67
66 67
14 68
18 68
23 68
24 68
25 68
29 68
31 68
52 68
15 69
35 69
43 69
48 69
56 69
60 69
64 69
0 70
13 70
16 70
29 70
36 70
39 70
55 70
63 70
66 70
6 71
15 71
29 71
32 71
38 71
50 71
52 71
56 71
60 71
69 71
2 72
4 72
13 72
18 72
32 72
34 72
52 72
54 72
55 72
62 72
2 73
16 73
24 73
27 73
33 73
52 73
63 73
69 73
70 73
71 73
5 74
12 74
14 74
32 74
33 74
44 74
48 74
53 74
60 74
61 74
26 75
27 75
28 75
53 75
60 75
61 75
62 75
64 75
65 75
66 75
68 75
69 75
70 75
0 76
47 76
54 76
56 76
67 76
72 76
1 77
3 77
8 77
18 77
25 77
32 77
34 77
42 77
51 77
72 77
73 77
74 77
1 78
19 78
33 78
44 78
56 78
60 78
61 78
65 78
66 78
68 78
74 78
10 79
13 79
29 79
32 79
56 79
60 79
74 79
0 80
21 80
38 80
53 80
54 80
56 80
57 80
58 80
66 80
5 81
10 81
22 81
32 81
33 81
34 81
43 81
51 81
68 81
78 81
4 82
7 82
15 82
39 82
42 82
50 82
53 82
61 82
62 82
74 82
76 82
0 83
4 83
12 83
23 83
31 83
54 83
67 83
78 83
4 84
20 84
30 84
38 84
39 84
42 84
43 84
46 84
54 84
65 84
73 84
76 84
82 84
2 85
26 85
33 85
38 85
49 85
59 85
72 85
8 86
13 86
14 86
19 86
26 86
49 86
61 86
72 86
78 86
81 86
84 86
14 87
15 87
19 87
22 87
31 87
33 87
42 87
62 87
64 87
77 87
83 87
3 88
8 88
11 88
23 88
26 88
48 88
54 88
58 88
66 88
68 88
5 89
22 89
23 89
26 89
28 89
40 89
48 89
52 89
60 89
61 89
65 89
74 89
76 89
77 89
78 89
3 90
13 90
29 90
32 90
40 90
52 90
54 90
59 90
60 90
61 90
69 90
75 90
0 91
16 91
22 91
58 91
64 91
67 91
77 91
86 91
7 92
12 92
15 92
19 92
25 92
30 92
39 92
48 92
53 92
56 92
58 92
74 92
78 92
79 92
81 92
83 92
88 92
6 93
7 93
8 93
10 93
20 93
21 93
22 93
35 93
56 93
70 93
72 93
84 93
89 93
90 93
20 94
23 94
38 94
51 94
55 94
62 94
63 94
64 94
72 94
82 94
2 95
4 95
10 95
19 95
22 95
32 95
33 95
37 95
55 95
59 95
78 95
79 95
84 95
85 95
4 96
6 96
8 96
12 96
17 96
19 96
23 96
30 96
42 96
72 96
82 96
86 96
3 97
5 97
9 97
11 97
16 97
27 97
29 97
40 97
42 97
45 97
50 97
66 97
68 97
69 97
75 97
79 97
81 97
85 97
5 98
10 98
20 98
25 98
32 98
36 98
40 98
44 98
55 98
62 98
64 98
69 98
74 98
86 98
89 98
96 98
16 99
18 99
27 99
28 99
30 99
57 99
59 99
72 99
94 99
6 100
12 100
13 100
18 100
29 100
61 100
66 100
68 100
74 100
75 100
77 100
99 100
7 101
10 101
12 101
13 101
17 101
29 101
33 101
36 101
40 101
47 101
49 101
60 101
74 101
79 101
84 101
91 101
93 101
15 102
26 102
33 102
38 102
47 102
52 102
53 102
55 102
59 102
60 102
62 102
64 102
85 102
28 103
44 103
50 103
51 103
61 103
69 103
73 103
74 103
77 103
83 103
98 103
100 103
3 104
7 104
19 104
22 104
23 104
41 104
48 104
70 104
74 104
95 104
97 104
98 104
2 105
14 105
36 105
53 105
62 105
72 105
76 105
93 105
102 105
0 106
2 106
25 106
36 106
37 106
47 106
71 106
72 106
83 106
85 106
90 106
95 106
96 106
99 106
1 107
2 107
31 107
35 107
36 107
61 107
67 107
70 107
82 107
99 107
103 107
0 108
2 108
4 108
5 108
6 108
11 108
15 108
26 108
28 108
31 108
40 108
42 108
48 108
53 108
55 108
56 108
57 108
62 108
69 108
70 108
78 108
89 108
98 108
101 108
103 108
4 109
19 109
30 109
53 109
59 109
61 109
67 109
72 109
101 109
6 110
54 110
57 110
60 110
66 110
79 110
91 110
92 110
0 111
3 111
5 111
24 111
25 111
30 111
34 111
60 111
62 111
64 111
66 111
70 111
73 111
75 111
81 111
83 111
90 111
104 111
19 112
24 112
36 112
43 112
45 112
51 112
57 112
71 112
82 112
89 112
99 112
19 113
35 113
41 113
42 113
44 113
58 113
85 113
98 113
102 113
108 113
9 114
13 114
43 114
46 114
47 114
60 114
62 114
63 114
68 114
70 114
73 114
100 114
110 114
1 115
2 115
6 115
9 115
10 115
32 115
33 115
49 115
50 115
55 115
60 115
61 115
64 115
68 115
71 115
73 115
90 115
103 115
104 115
105 115
114 115
21 116
33 116
35 116
51 116
62 116
82 116
85 116
100 116
0 117
4 117
7 117
14 117
16 117
23 117
24 117
25 117
52 117
60 117
75 117
76 117
78 117
113 117
1 118
4 118
12 118
13 118
29 118
41 118
43 118
44 118
54 118
68 118
95 118
99 118
101 118
102 118
114 118
5 119
24 119
42 119
46 119
51 119
56 119
79 119
82 119
93 119
97 119
1 120
4 120
17 120
47 120
49 120
67 120
78 120
84 120
99 120
105 120
109 120
111 120
5 121
7 121
13 121
15 121
28 121
33 121
54 121
65 121
71 121
79 121
83 121
85 121
101 121
116 121
1 122
5 122
6 122
13 122
21 122
28 122
32 122
41 122
45 122
48 122
59 122
70 122
81 122
85 122
98 122
115 122
118 122
119 122
121 122
3 123
5 123
16 123
27 123
31 123
33 123
41 123
49 123
54 123
57 123
58 123
70 123
74 123
78 123
82 123
83 123
108 123
109 123
1 124
2 124
3 124
20 124
27 124
28 124
42 124
50 124
65 124
66 124
72 124
77 124
83 124
94 124
98 124
116 124
0 125
1 125
5 125
26 125
27 125
30 125
31 125
35 125
45 125
47 125
56 125
70 125
79 125
80 125
81 125
83 125
98 125
100 125
109 125
111 125
118 125
119 125
121 125
124 125
16 126
19 126
22 126
32 126
45 126
48 126
54 126
66 126
70 126
83 126
93 126
98 126
99 126
101 126
104 126
106 126
109 126
110 126
113 126
117 126
119 126
122 126
3 127
8 127
11 127
17 127
22 127
27 127
30 127
36 127
38 127
60 127
71 127
98 127
114 127
118 127
119 127
7 128
23 128
34 128
38 128
46 128
61 128
62 128
63 128
75 128
81 128
84 128
93 128
94 128
96 128
118 128
122 128
1 129
14 129
21 129
29 129
31 129
34 129
57 129
60 129
64 129
66 129
82 129
90 129
97 129
99 129
126 129
3 130
7 130
39 130
40 130
46 130
54 130
84 130
95 130
105 130
6 131
21 131
28 131
38 131
65 131
71 131
77 131
83 131
119 131
121 131
124 131
126 131
130 131
0 132
4 132
5 132
20 132
22 132
24 132
29 132
37 132
40 132
41 132
47 132
49 132
54 132
59 132
65 132
72 132
81 132
90 132
91 132
92 132
23 133
31 133
45 133
46 133
50 133
54 133
58 133
64 133
90 133
91 133
103 133
104 133
110 133
125 133
14 134
28 134
32 134
42 134
44 134
45 134
50 134
67 134
74 134
81 134
87 134
109 134
125 134
132 134
1 135
24 135
40 135
45 135
47 135
56 135
60 135
64 135
78 135
88 135
107 135
115 135
116 135
132 135
14 136
37 136
47 136
63 136
65 136
69 136
74 136
87 136
96 136
106 136
112 136
125 136
1 137
2 137
5 137
11 137
16 137
18 137
40 137
42 137
47 137
84 137
85 137
94 137
112 137
135 137
0 138
4 138
51 138
62 138
70 138
81 138
83 138
94 138
102 138
112 138
120 138
8 139
24 139
26 139
39 139
44 139
78 139
85 139
86 139
87 139
88 139
100 139
116 139
128 139
129 139
137 139
8 140
9 140
16 140
19 140
22 140
25 140
29 140
35 140
39 140
72 140
89 140
106 140
107 140
121 140
138 140
6 141
10 141
12 141
16 141
17 141
22 141
27 141
28 141
34 141
43 141
58 141
66 141
82 141
94 141
96 141
127 141
136 141
3 142
18 142
28 142
38 142
46 142
47 142
57 142
78 142
83 142
84 142
110 142
118 142
127 142
135 142
136 142
3 143
19 143
32 143
36 143
50 143
83 143
93 143
100 143
103 143
115 143
127 143
128 143
129 143
4 144
8 144
14 144
15 144
27 144
38 144
47 144
50 144
51 144
57 144
63 144
70 144
95 144
127 144
130 144
135 144
137 144
140 144
5 145
22 145
24 145
26 145
27 145
31 145
56 145
78 145
83 145
85 145
89 145
94 145
103 145
114 145
129 145
144 145
7 146
9 146
12 146
23 146
29 146
30 146
31 146
45 146
49 146
55 146
60 146
67 146
68 146
77 146
81 146
101 146
104 146
130 146
135 146
136 146
16 147
18 147
22 147
28 147
35 147
40 147
51 147
52 147
53 147
57 147
60 147
74 147
76 147
78 147
79 147
88 147
99 147
100 147
114 147
116 147
123 147
129 147
143 147
1 148
33 148
56 148
60 148
84 148
111 148
119 148
120 148
131 148
4 149
9 149
15 149
34 149
53 149
58 149
59 149
67 149
87 149
88 149
91 149
102 149
104 149
108 149
109 149
113 149
134 149
137 149
148 149
6 150
18 150
19 150
28 150
31 150
39 150
62 150
67 150
77 150
82 150
91 150
102 150
104 150
116 150
119 150
147 150
149 150
34 151
53 151
57 151
71 151
78 151
86 151
101 151
106 151
112 151
126 151
135 151
145 151
147 151
6 152
17 152
24 152
31 152
43 152
45 152
47 152
56 152
64 152
65 152
75 152
78 152
79 152
89 152
96 152
98 152
103 152
109 152
111 152
138 152
147 152
10 153
22 153
29 153
38 153
39 153
40 153
41 153
44 153
47 153
50 153
63 153
72 153
80 153
93 153
108 153
110 153
111 153
123 153
129 153
138 153
140 153
145 153
147 153
3 154
15 154
24 154
30 154
37 154
40 154
67 154
69 154
80 154
83 154
103 154
104 154
134 154
3 155
15 155
25 155
32 155
33 155
43 155
52 155
54 155
62 155
78 155
80 155
83 155
84 155
87 155
104 155
105 155
113 155
141 155
35 156
42 156
43 156
45 156
50 156
68 156
75 156
76 156
92 156
95 156
96 156
115 156
118 156
124 156
136 156
149 156
151 156
0 157
1 157
15 157
17 157
28 157
37 157
39 157
41 157
48 157
49 157
57 157
68 157
70 157
74 157
83 157
86 157
89 157
9 158
11 158
15 158
18 158
19 158
29 158
30 158
42 158
58 158
81 158
82 158
94 158
96 158
106 158
118 158
122 158
128 158
131 158
137 158
1 159
16 159
24 159
44 159
46 159
68 159
71 159
74 159
76 159
78 159
82 159
89 159
103 159
106 159
108 159
111 159
142 159
158 159
21 160
32 160
35 160
46 160
57 160
64 160
79 160
89 160
91 160
95 160
97 160
100 160
103 160
116 160
117 160
122 160
137 160
140 160
143 160
144 160
148 160
6 161
21 161
29 161
30 161
31 161
45 161
69 161
81 161
89 161
91 161
95 161
96 161
100 161
104 161
109 161
115 161
123 161
133 161
144 161
151 161
11 162
15 162
19 162
26 162
29 162
39 162
53 162
62 162
66 162
73 162
80 162
91 162
119 162
120 162
125 162
139 162
141 162
143 162
152 162
153 162
11 163
16 163
17 163
18 163
28 163
39 163
43 163
55 163
57 163
58 163
59 163
64 163
72 163
77 163
89 163
101 163
105 163
109 163
118 163
123 163
133 163
134 163
141 163
147 163
161 163
1 164
7 164
15 164
20 164
23 164
29 164
30 164
38 164
43 164
54 164
60 164
85 164
86 164
87 164
92 164
99 164
111 164
128 164
158 164
159 164
4 165
5 165
6 165
60 165
63 165
85 165
87 165
111 165
119 165
127 165
132 165
135 165
142 165
143 165
145 165
163 165
19 166
23 166
36 166
58 166
80 166
83 166
89 166
90 166
101 166
112 166
122 166
132 166
135 166
136 166
137 166
145 166
156 166
164 166
3 167
6 167
8 167
15 167
24 167
25 167
27 167
39 167
55 167
68 167
93 167
94 167
107 167
108 167
112 167
114 167
117 167
119 167
120 167
125 167
128 167
129 167
132 167
136 167
140 167
141 167
143 167
149 167
33 168
34 168
41 168
46 168
74 168
79 168
83 168
87 168
96 168
98 168
106 168
118 168
119 168
137 168
153 168
156 168
162 168
166 168
1 169
12 169
25 169
40 169
44 169
52 169
62 169
77 169
84 169
94 169
97 169
100 169
102 169
106 169
113 169
118 169
129 169
146 169
150 169
151 169
157 169
158 169
3 170
19 170
25 170
29 170
35 170
50 170
59 170
62 170
67 170
81 170
103 170
106 170
110 170
115 170
118 170
119 170
138 170
147 170
163 170
164 170
167 170
0 171
10 171
19 171
30 171
36 171
44 171
53 171
65 171
76 171
109 171
110 171
121 171
125 171
129 171
132 171
142 171
144 171
153 171
159 171
10 172
11 172
27 172
30 172
33 172
38 172
45 172
47 172
48 172
55 172
57 172
59 172
62 172
72 172
81 172
82 172
95 172
105 172
119 172
120 172
122 172
134 172
141 172
146 172
147 172
148 172
150 172
153 172
155 172
0 173
15 173
25 173
30 173
48 173
53 173
54 173
58 173
61 173
67 173
77 173
80 173
81 173
86 173
91 173
94 173
133 173
141 173
143 173
145 173
149 173
157 173
158 173
166 173
170 173
171 173
20 174
28 174
32 174
39 174
61 174
63 174
66 174
67 174
70 174
74 174
91 174
108 174
113 174
118 174
134 174
137 174
142 174
143 174
155 174
159 174
169 174
172 174
10 175
12 175
17 175
29 175
33 175
63 175
74 175
84 175
86 175
87 175
94 175
95 175
105 175
112 175
119 175
123 175
144 175
145 175
164 175
165 175
167 175
168 175
9 176
26 176
40 176
77 176
79 176
86 176
90 176
94 176
96 176
103 176
108 176
117 176
119 176
122 176
139 176
147 176
149 176
163 176
6 177
14 177
16 177
23 177
25 177
34 177
51 177
52 177
77 177
78 177
79 177
83 177
90 177
91 177
119 177
129 177
133 177
136 177
138 177
139 177
146 177
153 177
155 177
166 177
167 177
176 177
7 178
17 178
18 178
19 178
23 178
30 178
36 178
46 178
47 178
70 178
71 178
78 178
81 178
88 178
98 178
104 178
110 178
112 178
114 178
117 178
118 178
119 178
123 178
134 178
137 178
154 178
2 179
8 179
25 179
34 179
65 179
67 179
72 179
86 179
93 179
107 179
108 179
109 179
112 179
131 179
155 179
163 179
167 179
1 180
3 180
18 180
25 180
30 180
32 180
35 180
36 180
37 180
39 180
44 180
50 180
69 180
76 180
97 180
102 180
104 180
109 180
113 180
124 180
125 180
126 180
131 180
132 180
134 180
135 180
140 180
141 180
142 180
145 180
146 180
158 180
161 180
173 180
1 181
4 181
16 181
23 181
28 181
32 181
50 181
62 181
69 181
79 181
90 181
99 181
109 181
123 181
128 181
141 181
152 181
172 181
7 182
9 182
32 182
34 182
37 182
43 182
96 182
99 182
104 182
126 182
133 182
136 182
142 182
176 182
0 183
9 183
10 183
12 183
14 183
20 183
26 183
28 183
31 183
48 183
52 183
54 183
64 183
76 183
83 183
86 183
90 183
92 183
97 183
124 183
128 183
130 183
133 183
136 183
137 183
140 183
159 183
160 183
177 183
24 184
25 184
26 184
43 184
69 184
115 184
125 184
134 184
138 184
139 184
148 184
149 184
153 184
158 184
163 184
164 184
166 184
175 184
180 184
183 184
0 185
9 185
10 185
18 185
21 185
26 185
33 185
61 185
71 185
86 185
119 185
131 185
141 185
142 185
144 185
149 185
169 185
176 185
9 186
14 186
46 186
48 186
49 186
62 186
91 186
93 186
98 186
105 186
114 186
131 186
142 186
146 186
148 186
152 186
153 186
165 186
173 186
180 186
3 187
18 187
42 187
87 187
92 187
98 187
115 187
122 187
134 187
136 187
146 187
154 187
157 187
162 187
164 187
174 187
176 187
183 187
40 188
48 188
59 188
61 188
73 188
81 188
83 188
86 188
89 188
93 188
100 188
111 188
118 188
140 188
158 188
186 188
10 189
25 189
33 189
36 189
44 189
65 189
71 189
75 189
93 189
95 189
120 189
125 189
148 189
150 189
157 189
166 189
186 189
43 190
54 190
55 190
58 190
70 190
80 190
88 190
91 190
96 190
106 190
123 190
129 190
130 190
131 190
137 190
139 190
144 190
158 190
175 190
184 190
187 190
22 191
26 191
36 191
43 191
50 191
54 191
70 191
78 191
83 191
86 191
130 191
134 191
142 191
147 191
158 191
160 191
179 191
189 191
6 192
18 192
20 192
21 192
25 192
28 192
30 192
31 192
40 192
52 192
60 192
69 192
77 192
85 192
91 192
101 192
126 192
137 192
139 192
140 192
141 192
146 192
149 192
150 192
168 192
170 192
175 192
177 192
182 192
186 192
29 193
33 193
41 193
45 193
51 193
65 193
72 193
88 193
100 193
102 193
103 193
104 193
106 193
119 193
124 193
142 193
143 193
144 193
150 193
152 193
153 193
155 193
159 193
162 193
172 193
179 193
192 193
5 194
20 194
21 194
27 194
42 194
45 194
50 194
58 194
59 194
63 194
65 194
76 194
84 194
100 194
103 194
136 194
151 194
164 194
170 194
173 194
178 194
1 195
2 195
4 195
5 195
6 195
15 195
33 195
42 195
62 195
75 195
76 195
82 195
91 195
97 195
105 195
106 195
112 195
139 195
142 195
154 195
161 195
185 195
10 196
19 196
27 196
32 196
42 196
43 196
48 196
60 196
62 196
65 196
67 196
72 196
77 196
89 196
101 196
103 196
104 196
111 196
117 196
118 196
119 196
131 196
134 196
135 196
142 196
158 196
175 196
179 196
181 196
186 196
193 196
13 197
32 197
40 197
66 197
70 197
72 197
73 197
79 197
83 197
92 197
94 197
98 197
111 197
125 197
126 197
128 197
140 197
154 197
156 197
172 197
174 197
182 197
190 197
1 198
4 198
8 198
19 198
21 198
22 198
25 198
54 198
58 198
64 198
85 198
87 198
90 198
91 198
110 198
134 198
142 198
148 198
158 198
164 198
174 198
176 198
193 198
197 198
1 199
8 199
9 199
10 199
19 199
33 199
67 199
73 199
85 199
86 199
93 199
109 199
129 199
138 199
150 199
180 199
183 199
16 200
20 200
22 200
28 200
42 200
46 200
56 200
57 200
60 200
68 200
71 200
84 200
86 200
87 200
90 200
103 200
109 200
111 200
113 200
119 200
120 200
121 200
128 200
142 200
150 200
154 200
158 200
159 200
165 200
176 200
184 200
6 201
7 201
13 201
20 201
27 201
28 201
34 201
40 201
54 201
73 201
74 201
94 201
98 201
103 201
108 201
111 201
120 201
123 201
130 201
131 201
133 201
159 201
174 201
177 201
193 201
22 202
26 202
31 202
35 202
38 202
49 202
57 202
58 202
63 202
65 202
76 202
78 202
80 202
92 202
131 202
139 202
146 202
151 202
154 202
157 202
159 202
160 202
178 202
198 202
0 203
3 203
58 203
71 203
79 203
92 203
136 203
138 203
147 203
154 203
166 203
169 203
170 203
183 203
190 203
198 203
4 204
13 204
23 204
27 204
33 204
34 204
40 204
46 204
49 204
54 204
67 204
73 204
74 204
103 204
113 204
114 204
125 204
128 204
132 204
137 204
151 204
153 204
155 204
164 204
171 204
177 204
182 204
185 204
187 204
189 204
193 204
194 204
1 205
22 205
26 205
39 205
43 205
44 205
66 205
67 205
84 205
87 205
89 205
104 205
106 205
110 205
114 205
120 205
131 205
136 205
142 205
149 205
163 205
173 205
179 205
182 205
183 205
194 205
203 205
12 206
24 206
31 206
46 206
66 206
70 206
71 206
76 206
81 206
85 206
86 206
93 206
96 206
104 206
131 206
157 206
160 206
163 206
187 206
190 206
194 206
7 207
22 207
25 207
27 207
34 207
38 207
50 207
65 207
67 207
91 207
99 207
101 207
126 207
130 207
137 207
140 207
144 207
159 207
160 207
170 207
178 207
180 207
183 207
193 207
195 207
202 207
1 208
5 208
13 208
19 208
21 208
29 208
32 208
33 208
36 208
41 208
44 208
48 208
49 208
65 208
66 208
69 208
78 208
79 208
83 208
87 208
91 208
102 208
108 208
120 208
156 208
169 208
170 208
176 208
180 208
182 208
199 208
3 209
12 209
21 209
22 209
26 209
27 209
54 209
65 209
89 209
107 209
140 209
142 209
157 209
159 209
168 209
169 209
189 209
0 210
9 210
34 210
50 210
68 210
90 210
108 210
109 210
111 210
117 210
135 210
136 210
145 210
160 210
166 210
179 210
196 210
198 210
200 210
13 211
24 211
28 211
44 211
61 211
68 211
75 211
82 211
87 211
101 211
119 211
122 211
127 211
128 211
135 211
150 211
154 211
160 211
161 211
164 211
166 211
167 211
169 211
180 211
195 211
2 212
10 212
29 212
30 212
32 212
64 212
69 212
80 212
84 212
94 212
99 212
100 212
107 212
112 212
120 212
123 212
129 212
138 212
161 212
165 212
166 212
171 212
175 212
180 212
189 212
201 212
209 212
4 213
14 213
19 213
20 213
24 213
54 213
59 213
68 213
70 213
78 213
80 213
100 213
108 213
120 213
125 213
131 213
133 213
148 213
173 213
176 213
179 213
197 213
212 213
1 214
8 214
22 214
25 214
27 214
51 214
56 214
67 214
71 214
85 214
95 214
104 214
110 214
118 214
135 214
164 214
167 214
179 214
187 214
193 214
194 214
195 214
199 214
203 214
6 215
23 215
26 215
37 215
58 215
60 215
84 215
87 215
115 215
143 215
161 215
162 215
174 215
180 215
186 215
189 215
191 215
192 215
198 215
207 215
209 215
8 216
24 216
39 216
50 216
75 216
82 216
115 216
132 216
135 216
152 216
5 217
15 217
18 217
24 217
27 217
39 217
42 217
44 217
48 217
55 217
83 217
84 217
85 217
86 217
94 217
103 217
126 217
130 217
138 217
175 217
177 217
196 217
208 217
211 217
12 218
27 218
30 218
32 218
42 218
52 218
54 218
55 218
69 218
82 218
84 218
86 218
89 218
91 218
101 218
127 218
144 218
155 218
161 218
162 218
163 218
183 218
192 218
193 218
213 218
0 219
11 219
19 219
27 219
30 219
42 219
45 219
55 219
59 219
71 219
72 219
78 219
112 219
122 219
135 219
137 219
141 219
152 219
155 219
161 219
168 219
171 219
174 219
175 219
179 219
180 219
182 219
184 219
188 219
199 219
202 219
204 219
210 219
3 220
7 220
15 220
16 220
28 220
36 220
47 220
51 220
58 220
63 220
74 220
91 220
94 220
102 220
113 220
123 220
128 220
131 220
133 220
144 220
151 220
178 220
181 220
184 220
201 220
205 220
208 220
0 221
2 221
21 221
25 221
29 221
42 221
55 221
59 221
60 221
62 221
63 221
64 221
66 221
69 221
82 221
124 221
125 221
137 221
147 221
172 221
177 221
198 221
202 221
218 221
25 222
33 222
36 222
42 222
53 222
54 222
64 222
80 222
85 222
87 222
89 222
93 222
98 222
104 222
115 222
119 222
130 222
139 222
141 222
158 222
168 222
171 222
174 222
179 222
6 223
8 223
10 223
18 223
25 223
33 223
35 223
46 223
48 223
69 223
71 223
82 223
84 223
87 223
93 223
94 223
95 223
113 223
123 223
154 223
157 223
174 223
180 223
188 223
192 223
200 223
202 223
210 223
213 223
216 223
219 223
16 224
21 224
27 224
39 224
65 224
74 224
93 224
102 224
106 224
108 224
111 224
112 224
117 224
127 224
133 224
154 224
173 224
178 224
180 224
197 224
219 224
222 224
3 225
11 225
22 225
29 225
34 225
35 225
65 225
68 225
76 225
85 225
90 225
93 225
115 225
121 225
131 225
167 225
169 225
180 225
188 225
194 225
195 225
199 225
205 225
218 225
8 226
16 226
34 226
45 226
64 226
70 226
82 226
88 226
94 226
97 226
111 226
114 226
133 226
144 226
152 226
159 226
173 226
174 226
188 226
207 226
208 226
213 226
225 226
2 227
15 227
21 227
27 227
32 227
56 227
57 227
67 227
92 227
97 227
110 227
111 227
114 227
121 227
129 227
130 227
131 227
138 227
143 227
151 227
153 227
173 227
192 227
201 227
206 227
209 227
212 227
216 227
26 228
38 228
45 228
48 228
59 228
69 228
70 228
73 228
82 228
85 228
93 228
95 228
96 228
111 228
116 228
118 228
120 228
128 228
135 228
137 228
140 228
143 228
147 228
172 228
173 228
183 228
185 228
186 228
203 228
206 228
221 228
222 228
227 228
7 229
10 229
13 229
20 229
23 229
24 229
26 229
30 229
32 229
42 229
46 229
57 229
72 229
77 229
89 229
91 229
93 229
100 229
102 229
104 229
105 229
118 229
119 229
120 229
126 229
133 229
138 229
147 229
149 229
156 229
161 229
169 229
171 229
173 229
187 229
199 229
206 229
208 229
211 229
2 230
4 230
7 230
23 230
27 230
30 230
37 230
38 230
45 230
50 230
54 230
59 230
66 230
67 230
69 230
76 230
81 230
87 230
90 230
93 230
114 230
116 230
129 230
131 230
132 230
133 230
145 230
154 230
166 230
177 230
178 230
192 230
199 230
202 230
203 230
204 230
29 231
34 231
37 231
44 231
57 231
74 231
75 231
91 231
95 231
122 231
124 231
126 231
137 231
142 231
145 231
153 231
169 231
179 231
203 231
204 231
207 231
211 231
220 231
226 231
6 232
14 232
18 232
45 232
56 232
79 232
104 232
106 232
126 232
128 232
130 232
135 232
142 232
172 232
176 232
188 232
202 232
220 232
18 233
20 233
31 233
38 233
41 233
42 233
44 233
56 233
58 233
59 233
64 233
67 233
68 233
70 233
75 233
77 233
83 233
90 233
93 233
99 233
101 233
117 233
127 233
146 233
157 233
158 233
174 233
175 233
176 233
178 233
208 233
217 233
230 233
231 233
232 233
8 234
24 234
30 234
40 234
43 234
46 234
67 234
73 234
77 234
84 234
86 234
124 234
134 234
141 234
142 234
161 234
169 234
170 234
179 234
183 234
186 234
192 234
210 234
228 234
233 234
0 235
5 235
27 235
47 235
51 235
52 235
53 235
54 235
64 235
65 235
70 235
73 235
75 235
83 235
89 235
90 235
102 235
113 235
118 235
125 235
130 235
133 235
137 235
138 235
141 235
143 235
155 235
160 235
173 235
175 235
186 235
205 235
215 235
218 235
226 235
228 235
233 235
3 236
29 236
38 236
58 236
61 236
74 236
76 236
87 236
91 236
92 236
98 236
108 236
117 236
133 236
141 236
154 236
157 236
160 236
193 236
202 236
218 236
221 236
226 236
233 236
11 237
12 237
20 237
21 237
26 237
46 237
53 237
54 237
56 237
57 237
62 237
64 237
70 237
71 237
79 237
80 237
82 237
110 237
131 237
137 237
141 237
143 237
146 237
151 237
162 237
163 237
179 237
184 237
188 237
192 237
195 237
202 237
207 237
220 237
221 237
224 237
4 238
5 238
8 238
11 238
21 238
55 238
66 238
85 238
97 238
102 238
103 238
118 238
120 238
126 238
135 238
145 238
159 238
176 238
180 238
195 238
201 238
204 238
205 238
210 238
221 238
228 238
21 239
23 239
27 239
29 239
36 239
51 239
55 239
67 239
68 239
88 239
100 239
110 239
114 239
129 239
131 239
143 239
144 239
158 239
160 239
162 239
171 239
174 239
175 239
181 239
182 239
187 239
190 239
191 239
200 239
201 239
219 239
225 239
230 239
0 240
8 240
13 240
24 240
25 240
44 240
50 240
54 240
59 240
73 240
74 240
82 240
84 240
87 240
100 240
104 240
106 240
112 240
121 240
129 240
134 240
138 240
149 240
156 240
189 240
206 240
229 240
17 241
20 241
24 241
25 241
30 241
63 241
66 241
68 241
70 241
81 241
96 241
101 241
106 241
112 241
118 241
129 241
130 241
144 241
156 241
184 241
190 241
196 241
203 241
205 241
212 241
217 241
221 241
224 241
227 241
232 241
13 242
15 242
17 242
20 242
21 242
23 242
28 242
31 242
52 242
58 242
78 242
83 242
88 242
91 242
93 242
95 242
102 242
103 242
115 242
134 242
141 242
154 242
156 242
159 242
166 242
168 242
169 242
188 242
214 242
217 242
225 242
235 242
1 243
8 243
24 243
29 243
36 243
38 243
43 243
47 243
54 243
56 243
59 243
79 243
96 243
107 243
117 243
124 243
132 243
134 243
142 243
147 243
174 243
190 243
201 243
209 243
212 243
214 243
218 243
230 243
232 243
1 244
6 244
17 244
35 244
48 244
53 244
54 244
55 244
60 244
61 244
63 244
72 244
75 244
87 244
94 244
97 244
98 244
104 244
106 244
115 244
121 244
138 244
158 244
174 244
179 244
194 244
199 244
204 244
213 244
222 244
227 244
228 244
241 244
7 245
9 245
10 245
11 245
21 245
25 245
45 245
49 245
50 245
58 245
61 245
64 245
70 245
77 245
85 245
108 245
117 245
118 245
121 245
127 245
133 245
139 245
156 245
162 245
166 245
171 245
175 245
199 245
201 245
203 245
212 245
221 245
227 245
232 245
233 245
234 245
242 245
18 246
29 246
36 246
50 246
66 246
74 246
87 246
97 246
107 246
118 246
123 246
140 246
142 246
151 246
172 246
175 246
176 246
187 246
189 246
193 246
198 246
210 246
218 246
225 246
19 247
28 247
31 247
40 247
46 247
61 247
63 247
66 247
72 247
92 247
93 247
102 247
113 247
122 247
129 247
160 247
162 247
165 247
169 247
171 247
179 247
180 247
182 247
199 247
203 247
210 247
235 247
24 248
25 248
30 248
58 248
60 248
63 248
65 248
71 248
83 248
85 248
87 248
106 248
122 248
139 248
154 248
157 248
168 248
171 248
179 248
181 248
182 248
187 248
189 248
204 248
212 248
222 248
239 248
240 248
242 248
244 248
247 248
7 249
16 249
17 249
25 249
34 249
43 249
47 249
50 249
52 249
65 249
66 249
68 249
72 249
73 249
76 249
78 249
80 249
106 249
111 249
119 249
121 249
137 249
150 249
154 249
157 249
158 249
164 249
168 249
173 249
176 249
182 249
199 249
208 249
225 249
230 249
232 249
235 249
238 249
241 249
245 249
2 250
4 250
7 250
10 250
15 250
23 250
36 250
38 250
64 250
67 250
108 250
117 250
118 250
125 250
139 250
141 250
144 250
155 250
158 250
171 250
184 250
188 250
193 250
204 250
206 250
229 250
230 250
236 250
249 250
0 251
5 251
8 251
20 251
41 251
42 251
57 251
65 251
71 251
72 251
83 251
85 251
86 251
87 251
90 251
93 251
97 251
99 251
104 251
108 251
113 251
115 251
123 251
128 251
137 251
167 251
175 251
178 251
180 251
194 251
203 251
220 251
229 251
234 251
235 251
244 251
249 251
6 252
10 252
11 252
16 252
28 252
32 252
33 252
35 252
43 252
49 252
53 252
75 252
83 252
92 252
94 252
98 252
99 252
101 252
115 252
137 252
143 252
150 252
151 252
154 252
174 252
183 252
187 252
211 252
241 252
246 252
249 252
251 252
9 253
30 253
36 253
40 253
43 253
49 253
51 253
65 253
76 253
90 253
101 253
105 253
107 253
117 253
119 253
122 253
124 253
130 253
131 253
137 253
139 253
145 253
151 253
153 253
166 253
167 253
176 253
183 253
186 253
188 253
208 253
210 253
217 253
223 253
230 253
231 253
250 253
17 254
18 254
19 254
20 254
21 254
25 254
37 254
39 254
49 254
61 254
74 254
94 254
96 254
108 254
124 254
126 254
135 254
142 254
154 254
168 254
175 254
180 254
184 254
185 254
199 254
204 254
208 254
210 254
213 254
230 254
236 254
238 254
12 255
42 255
47 255
53 255
56 255
60 255
61 255
69 255
70 255
72 255
89 255
91 255
95 255
101 255
102 255
107 255
116 255
117 255
145 255
146 255
156 255
175 255
181 255
189 255
193 255
194 255
206 255
213 255
226 255
228 255
236 255
239 255
241 255
242 255
249 255
1 256
12 256
16 256
31 256
38 256
46 256
52 256
69 256
72 256
79 256
82 256
87 256
102 256
140 256
149 256
155 256
162 256
163 256
177 256
206 256
213 256
219 256
228 256
9 257
10 257
12 257
26 257
29 257
30 257
38 257
41 257
42 257
45 257
59 257
74 257
79 257
83 257
84 257
88 257
91 257
96 257
101 257
117 257
118 257
128 257
138 257
157 257
158 257
167 257
168 257
180 257
181 257
187 257
201 257
204 257
230 257
243 257
255 257
7 258
11 258
17 258
18 258
19 258
30 258
34 258
43 258
52 258
57 258
63 258
67 258
69 258
91 258
106 258
108 258
119 258
131 258
134 258
140 258
141 258
164 258
203 258
205 258
226 258
229 258
234 258
21 259
38 259
39 259
57 259
59 259
60 259
82 259
86 259
98 259
104 259
105 259
119 259
123 259
172 259
177 259
185 259
190 259
205 259
206 259
209 259
213 259
220 259
231 259
234 259
238 259
242 259
3 260
10 260
11 260
12 260
18 260
30 260
31 260
40 260
57 260
61 260
64 260
71 260
92 260
93 260
100 260
103 260
107 260
116 260
120 260
123 260
128 260
141 260
142 260
144 260
158 260
161 260
182 260
190 260
224 260
236 260
251 260
256 260
0 261
3 261
8 261
19 261
23 261
31 261
32 261
47 261
80 261
82 261
85 261
86 261
92 261
93 261
102 261
107 261
111 261
117 261
134 261
135 261
147 261
152 261
153 261
156 261
175 261
177 261
179 261
194 261
197 261
223 261
225 261
233 261
255 261
0 262
3 262
9 262
12 262
22 262
56 262
60 262
71 262
74 262
78 262
87 262
90 262
91 262
102 262
106 262
108 262
120 262
121 262
132 262
152 262
156 262
161 262
163 262
166 262
169 262
171 262
179 262
180 262
182 262
184 262
185 262
186 262
190 262
193 262
196 262
202 262
207 262
226 262
233 262
253 262
256 262
5 263
7 263
32 263
34 263
49 263
50 263
55 263
57 263
76 263
86 263
98 263
133 263
134 263
137 263
149 263
153 263
176 263
197 263
203 263
211 263
220 263
237 263
244 263
252 263
254 263
258 263
262 263
11 264
14 264
35 264
36 264
39 264
46 264
49 264
51 264
57 264
59 264
67 264
74 264
78 264
102 264
105 264
116 264
126 264
127 264
140 264
145 264
151 264
161 264
169 264
171 264
179 264
196 264
202 264
210 264
220 264
222 264
238 264
244 264
263 264
3 265
9 265
24 265
26 265
33 265
48 265
49 265
54 265
55 265
56 265
62 265
64 265
67 265
75 265
80 265
93 265
102 265
103 265
107 265
111 265
114 265
119 265
141 265
142 265
153 265
159 265
176 265
179 265
184 265
187 265
191 265
199 265
201 265
208 265
211 265
216 265
232 265
233 265
245 265
251 265
256 265
0 266
6 266
15 266
22 266
27 266
29 266
69 266
76 266
82 266
102 266
103 266
109 266
122 266
138 266
140 266
144 266
147 266
150 266
158 266
176 266
194 266
196 266
203 266
207 266
213 266
216 266
225 266
230 266
237 266
245 266
253 266
255 266
259 266
7 267
9 267
22 267
24 267
33 267
35 267
37 267
40 267
41 267
45 267
52 267
53 267
65 267
96 267
106 267
110 267
121 267
122 267
125 267
126 267
139 267
140 267
146 267
154 267
160 267
163 267
173 267
177 267
182 267
195 267
215 267
219 267
222 267
223 267
224 267
227 267
234 267
236 267
238 267
256 267
29 268
48 268
56 268
61 268
71 268
74 268
76 268
86 268
89 268
91 268
96 268
101 268
106 268
108 268
109 268
110 268
129 268
142 268
154 268
155 268
163 268
170 268
175 268
184 268
185 268
190 268
199 268
214 268
216 268
223 268
247 268
256 268
261 268
12 269
13 269
15 269
19 269
27 269
37 269
40 269
56 269
75 269
89 269
90 269
96 269
99 269
100 269
106 269
111 269
127 269
136 269
140 269
141 269
145 269
146 269
151 269
168 269
192 269
193 269
214 269
219 269
220 269
222 269
226 269
233 269
235 269
3 270
9 270
10 270
19 270
31 270
35 270
48 270
70 270
81 270
88 270
93 270
103 270
109 270
116 270
118 270
121 270
127 270
139 270
148 270
153 270
158 270
160 270
164 270
168 270
171 270
175 270
181 270
184 270
194 270
208 270
218 270
239 270
261 270
3 271
13 271
19 271
21 271
35 271
55 271
69 271
88 271
103 271
114 271
123 271
127 271
143 271
151 271
165 271
172 271
177 271
180 271
189 271
210 271
212 271
214 271
219 271
245 271
247 271
259 271
262 271
15 272
30 272
32 272
41 272
42 272
46 272
51 272
82 272
86 272
99 272
103 272
104 272
132 272
133 272
155 272
185 272
189 272
204 272
205 272
225 272
247 272
257 272
260 272
1 273
5 273
8 273
19 273
32 273
42 273
44 273
46 273
49 273
56 273
65 273
66 273
70 273
77 273
81 273
84 273
95 273
98 273
102 273
118 273
130 273
147 273
186 273
213 273
228 273
229 273
252 273
259 273
1 274
2 274
25 274
26 274
34 274
63 274
78 274
92 274
93 274
98 274
105 274
115 274
141 274
142 274
150 274
152 274
162 274
178 274
187 274
209 274
211 274
213 274
228 274
233 274
241 274
245 274
264 274
269 274
3 275
5 275
12 275
17 275
32 275
37 275
38 275
39 275
64 275
67 275
74 275
78 275
112 275
124 275
125 275
130 275
146 275
153 275
164 275
179 275
190 275
210 275
211 275
220 275
222 275
231 275
233 275
236 275
249 275
252 275
255 275
269 275
19 276
23 276
25 276
29 276
42 276
64 276
73 276
84 276
104 276
124 276
127 276
128 276
130 276
161 276
163 276
176 276
189 276
193 276
194 276
199 276
207 276
213 276
219 276
243 276
257 276
266 276
270 276
275 276
6 277
33 277
44 277
53 277
63 277
82 277
87 277
89 277
93 277
98 277
107 277
116 277
129 277
137 277
150 277
156 277
167 277
201 277
219 277
223 277
233 277
252 277
253 277
255 277
273 277
275 277
3 278
23 278
24 278
28 278
29 278
46 278
52 278
67 278
71 278
72 278
84 278
126 278
127 278
131 278
157 278
161 278
169 278
178 278
180 278
194 278
199 278
216 278
217 278
221 278
223 278
226 278
232 278
245 278
246 278
250 278
257 278
274 278
1 279
3 279
15 279
29 279
34 279
44 279
49 279
53 279
58 279
68 279
69 279
76 279
111 279
115 279
131 279
137 279
143 279
151 279
158 279
161 279
167 279
182 279
188 279
206 279
211 279
218 279
232 279
235 279
247 279
254 279
265 279
266 279
276 279
0 280
1 280
23 280
26 280
60 280
64 280
66 280
78 280
88 280
91 280
100 280
101 280
102 280
113 280
138 280
141 280
151 280
152 280
157 280
158 280
160 280
163 280
171 280
177 280
212 280
216 280
228 280
229 280
230 280
241 280
244 280
257 280
260 280
262 280
265 280
271 280
0 281
20 281
30 281
33 281
40 281
54 281
71 281
75 281
79 281
82 281
85 281
89 281
92 281
100 281
104 281
105 281
115 281
130 281
141 281
144 281
148 281
152 281
153 281
154 281
156 281
170 281
181 281
185 281
191 281
192 281
195 281
198 281
201 281
218 281
219 281
221 281
226 281
237 281
238 281
254 281
258 281
260 281
262 281
4 282
9 282
17 282
21 282
27 282
30 282
35 282
40 282
41 282
48 282
55 282
62 282
65 282
67 282
76 282
78 282
79 282
91 282
96 282
97 282
104 282
109 282
112 282
113 282
115 282
125 282
132 282
139 282
148 282
153 282
155 282
161 282
164 282
166 282
174 282
195 282
200 282
206 282
209 282
214 282
219 282
221 282
223 282
226 282
234 282
240 282
244 282
252 282
258 282
270 282
5 283
8 283
28 283
39 283
59 283
61 283
63 283
64 283
74 283
81 283
95 283
103 283
112 283
126 283
130 283
133 283
135 283
136 283
137 283
144 283
146 283
157 283
161 283
167 283
168 283
169 283
172 283
181 283
189 283
193 283
203 283
206 283
214 283
223 283
225 283
253 283
271 283
7 284
9 284
12 284
24 284
30 284
37 284
53 284
65 284
72 284
73 284
78 284
79 284
80 284
86 284
126 284
127 284
132 284
138 284
141 284
149 284
164 284
175 284
183 284
189 284
191 284
192 284
218 284
240 284
249 284
270 284
280 284
6 285
35 285
47 285
49 285
55 285
65 285
72 285
75 285
82 285
84 285
86 285
92 285
93 285
110 285
118 285
122 285
124 285
140 285
148 285
158 285
162 285
166 285
181 285
189 285
192 285
193 285
209 285
225 285
231 285
242 285
248 285
258 285
261 285
42 286
47 286
51 286
63 286
69 286
72 286
85 286
112 286
119 286
125 286
141 286
143 286
144 286
152 286
153 286
173 286
189 286
215 286
228 286
231 286
248 286
272 286
282 286
14 287
15 287
18 287
21 287
22 287
36 287
38 287
70 287
96 287
122 287
123 287
128 287
136 287
158 287
167 287
187 287
193 287
199 287
202 287
216 287
227 287
235 287
254 287
259 287
264 287
3 288
22 288
37 288
38 288
40 288
43 288
50 288
52 288
61 288
71 288
93 288
97 288
106 288
115 288
157 288
159 288
166 288
169 288
174 288
175 288
179 288
186 288
193 288
196 288
197 288
207 288
215 288
229 288
232 288
241 288
261 288
263 288
265 288
284 288
5 289
12 289
42 289
44 289
58 289
59 289
60 289
61 289
70 289
71 289
73 289
74 289
98 289
129 289
135 289
138 289
155 289
160 289
182 289
184 289
188 289
203 289
208 289
211 289
221 289
233 289
250 289
259 289
265 289
272 289
275 289
277 289
282 289
283 289
3 290
14 290
20 290
24 290
25 290
44 290
53 290
54 290
57 290
69 290
73 290
74 290
80 290
81 290
83 290
84 290
100 290
105 290
116 290
119 290
128 290
131 290
142 290
148 290
152 290
159 290
160 290
173 290
182 290
198 290
199 290
205 290
206 290
216 290
232 290
240 290
244 290
248 290
250 290
261 290
276 290
277 290
279 290
1 291
8 291
9 291
10 291
18 291
23 291
48 291
59 291
63 291
66 291
70 291
96 291
99 291
108 291
120 291
122 291
129 291
142 291
147 291
150 291
151 291
153 291
156 291
158 291
166 291
180 291
183 291
227 291
229 291
233 291
234 291
242 291
249 291
259 291
260 291
261 291
263 291
268 291
279 291
283 291
0 292
15 292
18 292
19 292
23 292
40 292
56 292
76 292
82 292
87 292
106 292
113 292
160 292
169 292
171 292
182 292
195 292
214 292
215 292
220 292
243 292
251 292
267 292
268 292
269 292
288 292
290 292
16 293
28 293
29 293
62 293
65 293
67 293
68 293
69 293
71 293
76 293
86 293
96 293
98 293
113 293
123 293
126 293
129 293
135 293
137 293
162 293
169 293
195 293
201 293
212 293
219 293
220 293
225 293
226 293
229 293
248 293
261 293
283 293
292 293
12 294
18 294
29 294
39 294
44 294
47 294
69 294
79 294
80 294
90 294
97 294
102 294
115 294
140 294
154 294
156 294
157 294
160 294
165 294
175 294
176 294
180 294
188 294
189 294
196 294
202 294
203 294
208 294
209 294
212 294
219 294
226 294
231 294
238 294
240 294
243 294
247 294
260 294
262 294
279 294
10 295
20 295
27 295
39 295
52 295
73 295
87 295
95 295
115 295
117 295
119 295
126 295
144 295
145 295
173 295
216 295
222 295
231 295
246 295
247 295
268 295
278 295
284 295
294 295
1 296
32 296
41 296
46 296
48 296
51 296
60 296
65 296
94 296
97 296
99 296
103 296
126 296
138 296
139 296
164 296
167 296
173 296
177 296
178 296
181 296
184 296
191 296
193 296
195 296
207 296
213 296
239 296
242 296
247 296
254 296
256 296
257 296
280 296
289 296
293 296
15 297
22 297
25 297
26 297
27 297
32 297
43 297
59 297
71 297
72 297
78 297
86 297
87 297
90 297
91 297
102 297
105 297
114 297
115 297
119 297
120 297
132 297
136 297
141 297
142 297
143 297
171 297
188 297
201 297
202 297
215 297
222 297
232 297
245 297
253 297
269 297
272 297
280 297
285 297
290 297
9 298
29 298
30 298
39 298
55 298
63 298
67 298
71 298
75 298
87 298
94 298
96 298
101 298
108 298
115 298
117 298
122 298
125 298
135 298
138 298
141 298
147 298
148 298
158 298
160 298
179 298
182 298
186 298
196 298
200 298
202 298
239 298
241 298
246 298
262 298
278 298
285 298
10 299
33 299
42 299
60 299
78 299
88 299
106 299
107 299
124 299
139 299
148 299
150 299
152 299
167 299
173 299
176 299
183 299
223 299
259 299
262 299
273 299
296 299
