300 309 5
16 2 5 3 5 10 3 10 8 10 1 3 2 6 2 2 16 9 8 3 7 6 12 1 2 5 1 1 7 4 5 2 1 3 6 11 2 3 6 5 1 4 4 8 2 5 6 4 17 13 13 6 2 9 3 3 3 6 2 11 1 2 4 7 2 1 5 2 2 4 12 1 1 10 11 1 2 2 1 6 6 3 4 8 6 6 15 2 5 2 6 7 3 2 4 1 1 5 3 16 4 10 14 5 6 5 3 11 1 4 3 19 37 6 4 15 2 3 1 1 7 3 11 14 1 1 2 3 4 20 10 5 5 4 1 1 1 1 4 12 8 8 7 6 4 2 13 2 4 1 5 1 12 16 2 8 4 5 5 14 4 9 9 3 10 3 4 5 1 2 6 2 2 8 3 1 8 5 14 10 3 1 5 2 4 5 14 4 4 20 17 4 2 1 1 6 9 1 14 8 9 12 3 2 8 2 6 6 9 10 2 2 10 11 6 4 5 1 9 3 4 6 3 7 12 12 1 4 7 1 3 5 2 1 1 3 2 8 15 7 1 4 5 1 2 2 1 3 1 5 6 3 5 3 21 2 6 25 6 8 4 2 7 16 2 4 3 2 1 6 2 8 8 12 28 6 11 1 1 4 1 13 1 3 12 6 2 7 1 2 7 1 2 3 10 1 5 1 4 4
4 21
25 31
26 31
5 42
26 42
41 49
0 51
13 53
19 55
6 57
11 64
45 66
10 68
30 68
52 69
57 69
12 70
32 70
3 71
17 72
23 80
11 84
19 84
26 84
66 86
3 88
37 91
2 93
15 95
62 95
9 96
96 99
85 100
31 101
101 102
21 104
29 104
10 107
47 107
62 110
30 111
33 112
93 115
42 116
43 117
74 120
74 121
23 122
64 122
55 127
8 130
115 131
85 132
92 132
89 134
55 135
53 137
36 139
99 139
42 140
116 140
32 141
54 141
100 141
65 142
70 142
99 142
25 143
103 144
126 144
1 148
115 148
10 150
13 150
51 150
132 150
117 151
49 152
56 152
25 153
46 153
108 153
146 153
9 155
57 155
139 155
100 157
143 158
0 160
158 162
156 163
13 164
20 164
162 164
134 166
141 166
23 169
28 169
134 169
27 172
134 172
114 174
5 175
37 175
8 178
62 178
52 179
178 179
74 180
110 180
76 181
107 181
19 182
81 182
93 182
47 183
75 183
151 183
179 185
66 186
71 186
136 187
138 187
75 188
106 188
141 190
69 192
76 192
114 192
37 195
47 195
82 195
89 195
109 196
146 196
58 197
69 197
19 198
31 198
36 199
9 201
54 201
133 202
56 203
145 203
199 203
19 204
50 204
18 206
42 206
38 207
113 208
174 208
205 208
3 209
42 212
132 213
64 214
192 214
102 216
144 216
47 218
197 218
6 219
125 219
211 219
50 221
61 221
87 221
167 222
101 224
155 224
44 225
212 225
185 226
124 228
62 229
67 229
151 229
101 230
61 232
86 232
151 232
114 233
5 234
139 234
144 234
62 235
158 235
41 236
79 236
77 238
89 239
22 240
175 240
193 240
202 240
69 242
209 242
146 243
203 243
106 244
119 245
146 245
162 245
32 246
24 247
133 247
191 247
110 248
153 248
217 248
14 250
15 251
157 251
174 251
73 252
78 252
130 252
16 253
112 253
180 254
2 255
5 256
78 257
241 257
133 258
84 259
196 259
217 260
12 261
28 261
43 263
166 263
48 264
51 266
232 266
151 267
99 268
139 268
165 268
194 268
23 269
36 269
89 269
37 270
64 270
184 270
111 271
0 272
141 272
187 272
212 272
62 273
95 273
169 273
142 274
45 275
86 275
184 275
253 275
72 276
131 276
142 276
143 276
166 276
176 276
221 277
101 278
154 278
122 279
270 279
95 280
96 280
116 280
15 281
177 281
208 281
233 282
59 283
86 284
96 285
110 287
174 287
18 288
241 288
51 289
129 289
152 289
40 290
205 290
24 291
239 292
279 292
282 292
286 292
233 293
259 294
57 295
164 295
210 295
260 295
223 296
98 297
24 298
294 298
150 299
271 299
276 299
