300 5058 5
9 7 27 4 25 16 8 6 3 6 13 4 1 2 12 12 3 20 3 15 1 18 47 36 1 22 5 64 7 11 1 1 4 12 18 7 15 12 1 17 41 38 14 25 7 7 32 4 15 8 3 33 25 4 25 15 4 1 2 5 23 23 5 5 8 2 16 2 1 20 13 5 4 8 12 1 4 29 7 6 3 12 9 5 2 3 13 6 17 13 12 9 1 10 4 5 21 24 3 14 13 1 8 8 1 5 40 5 3 3 4 2 17 10 7 31 11 17 9 15 29 1 11 6 2 12 15 20 12 1 10 15 11 5 1 17 10 19 10 4 1 2 5 17 7 15 2 54 14 4 8 6 9 11 7 22 10 3 7 11 3 2 17 9 8 4 2 2 19 4 15 14 6 64 11 2 6 65 5 2 7 1 13 9 1 15 14 2 19 2 31 21 19 17 11 3 12 1 4 1 19 18 1 1 10 4 22 1 11 46 9 7 2 19 2 38 13 12 26 9 16 13 7 17 4 10 4 7 3 2 16 1 4 5 43 42 24 6 7 14 24 49 14 4 17 19 21 32 1 9 12 21 9 25 14 2 11 5 27 1 6 10 9 4 3 5 16 18 32 2 15 24 8 5 1 5 5 5 5 7 11 3 14 4 5 9 1 21 7 2 11 28 19 20 6 18 14 3 7 19
0 5
4 6
6 9
8 9
9 10
1 11
2 13
3 13
11 13
3 14
7 14
9 15
10 15
14 16
8 17
11 17
3 18
16 18
17 18
4 19
8 19
1 20
5 20
17 20
18 20
0 21
15 22
17 22
11 23
20 23
2 24
3 24
5 24
14 24
23 24
8 25
12 25
13 25
22 25
6 27
7 27
10 27
15 27
24 28
25 28
16 29
27 29
28 29
3 30
17 30
25 30
12 31
21 32
7 33
15 33
26 33
4 34
9 34
15 35
19 35
20 35
24 35
31 35
17 36
21 36
1 37
6 37
10 37
16 38
22 38
30 38
26 39
7 40
10 40
16 40
17 40
28 40
32 40
39 40
33 41
36 41
40 41
5 42
9 42
19 42
20 42
33 42
11 43
14 43
17 43
25 43
34 43
38 43
42 43
8 44
12 44
20 44
22 44
39 44
9 45
22 45
32 45
41 45
44 45
9 46
10 46
27 46
35 46
3 47
7 47
28 47
32 47
33 47
9 48
10 48
39 48
42 48
46 48
47 48
2 49
5 49
16 49
30 49
32 49
39 49
3 50
4 50
17 50
22 50
37 50
7 51
14 51
20 51
29 51
44 51
1 52
15 52
18 52
31 52
32 52
47 52
1 53
40 53
47 53
48 53
51 53
19 54
25 54
30 54
32 54
44 54
50 54
53 54
14 55
37 55
39 55
0 56
29 56
33 56
38 56
40 56
46 56
5 57
13 57
18 57
34 57
56 57
20 58
31 58
36 58
2 59
16 59
27 59
35 59
49 59
58 59
41 60
4 61
11 61
13 61
38 61
44 61
47 61
49 61
57 61
10 62
11 62
16 62
21 62
37 62
47 62
53 62
56 62
57 62
60 62
0 63
20 63
53 63
4 64
6 64
46 64
52 64
8 65
13 65
14 65
19 65
26 65
28 65
29 65
33 65
54 65
56 65
1 66
19 66
23 66
30 66
44 66
65 66
11 67
41 67
43 67
59 67
62 67
1 68
4 68
15 68
16 68
18 68
21 68
23 68
26 68
34 68
43 68
48 68
61 68
64 68
66 68
18 69
20 69
21 69
24 69
31 69
32 69
34 69
40 69
41 69
55 69
60 69
26 70
37 70
42 70
46 70
47 70
53 70
65 70
66 70
69 70
2 71
3 71
4 71
9 71
12 71
26 71
39 71
42 71
0 72
18 72
23 72
32 72
50 72
53 72
3 73
25 73
39 73
41 73
57 73
5 74
34 74
42 74
46 74
47 74
48 74
50 74
51 74
59 74
62 74
73 74
15 75
27 75
35 75
39 75
45 75
59 75
67 75
69 75
1 76
10 76
12 76
19 76
44 76
49 76
60 76
74 76
0 77
13 77
14 77
20 77
24 77
33 77
47 77
0 78
18 78
24 78
25 78
70 78
71 78
73 78
5 79
7 79
11 79
18 79
26 79
30 79
33 79
36 79
56 79
61 79
62 79
67 79
77 79
5 80
31 80
33 80
36 80
0 81
14 81
43 81
47 81
52 81
54 81
59 81
62 81
64 81
72 81
80 81
18 82
20 82
21 82
30 82
34 82
45 82
52 82
81 82
12 83
45 83
59 83
66 83
68 83
77 83
78 83
17 84
21 84
27 84
30 84
40 84
50 84
51 84
52 84
59 84
60 84
61 84
64 84
65 84
66 84
1 85
28 85
36 85
39 85
45 85
46 85
48 85
52 85
62 85
71 85
82 85
1 86
8 86
19 86
39 86
40 86
49 86
56 86
58 86
67 86
73 86
20 87
31 87
32 87
50 87
58 87
69 87
79 87
81 87
82 87
8 88
32 88
33 88
49 88
52 88
55 88
57 88
63 88
75 88
77 88
79 88
85 88
4 89
6 89
14 89
27 89
45 89
46 89
49 89
52 89
60 89
64 89
69 89
70 89
77 89
81 89
85 89
10 90
14 90
16 90
49 90
51 90
52 90
64 90
66 90
70 90
75 90
85 90
86 90
11 91
13 91
16 91
18 91
20 91
23 91
25 91
27 91
32 91
50 91
55 91
57 91
59 91
74 91
6 92
17 92
28 92
30 92
59 92
62 92
72 92
87 92
15 93
16 93
18 93
32 93
40 93
41 93
50 93
56 93
59 93
60 93
62 93
66 93
76 93
81 93
89 93
19 94
21 94
25 94
32 94
35 94
51 94
54 94
60 94
81 94
88 94
0 95
3 95
23 95
31 95
34 95
41 95
42 95
52 95
64 95
66 95
69 95
73 95
83 95
93 95
16 96
19 96
21 96
49 96
50 96
63 96
67 96
78 96
84 96
92 96
93 96
95 96
5 97
9 97
20 97
23 97
31 97
32 97
38 97
42 97
50 97
80 97
86 97
90 97
7 98
12 98
13 98
39 98
45 98
48 98
52 98
67 98
78 98
88 98
3 99
19 99
22 99
37 99
39 99
43 99
44 99
49 99
57 99
64 99
80 99
89 99
91 99
95 99
9 100
17 100
27 100
36 100
47 100
69 100
70 100
71 100
72 100
9 101
17 101
19 101
23 101
25 101
27 101
63 101
83 101
86 101
90 101
93 101
2 102
13 102
30 102
31 102
62 102
65 102
82 102
96 102
2 103
3 103
4 103
18 103
20 103
21 103
29 103
30 103
32 103
34 103
43 103
48 103
56 103
59 103
73 103
84 103
85 103
87 103
88 103
89 103
94 103
101 103
0 104
1 104
7 104
18 104
22 104
41 104
45 104
69 104
77 104
82 104
85 104
90 104
3 105
9 105
24 105
28 105
36 105
54 105
62 105
68 105
78 105
85 105
92 105
93 105
101 105
1 106
4 106
49 106
50 106
53 106
62 106
69 106
85 106
94 106
104 106
5 107
23 107
34 107
36 107
37 107
46 107
51 107
59 107
77 107
92 107
106 107
1 108
17 108
19 108
29 108
32 108
41 108
48 108
55 108
58 108
73 108
79 108
86 108
87 108
89 108
91 108
95 108
102 108
20 109
24 109
32 109
37 109
64 109
65 109
89 109
106 109
8 110
14 110
18 110
32 110
33 110
37 110
40 110
45 110
67 110
70 110
72 110
77 110
85 110
91 110
100 110
101 110
108 110
1 111
58 111
86 111
93 111
94 111
101 111
104 111
6 112
11 112
38 112
43 112
48 112
57 112
58 112
69 112
70 112
71 112
72 112
79 112
87 112
88 112
100 112
104 112
105 112
107 112
110 112
0 113
14 113
17 113
18 113
21 113
22 113
24 113
25 113
26 113
32 113
38 113
52 113
56 113
63 113
65 113
80 113
112 113
0 114
3 114
4 114
15 114
22 114
32 114
37 114
53 114
60 114
61 114
90 114
101 114
105 114
109 114
112 114
4 115
7 115
18 115
26 115
31 115
36 115
43 115
47 115
85 115
96 115
100 115
12 116
24 116
31 116
41 116
43 116
47 116
49 116
52 116
64 116
76 116
83 116
90 116
94 116
112 116
8 117
10 117
20 117
33 117
38 117
39 117
58 117
59 117
60 117
62 117
67 117
77 117
109 117
24 118
27 118
29 118
35 118
61 118
64 118
80 118
82 118
84 118
109 118
3 119
23 119
30 119
37 119
38 119
40 119
52 119
53 119
60 119
72 119
101 119
109 119
118 119
6 120
13 120
15 120
26 120
32 120
40 120
46 120
51 120
56 120
59 120
69 120
74 120
84 120
99 120
100 120
107 120
112 120
116 120
119 120
15 121
17 121
19 121
21 121
29 121
34 121
44 121
51 121
106 121
108 121
110 121
1 122
4 122
10 122
12 122
16 122
18 122
20 122
23 122
36 122
39 122
41 122
49 122
69 122
73 122
6 123
8 123
18 123
31 123
34 123
43 123
47 123
62 123
70 123
77 123
84 123
87 123
94 123
13 124
15 124
25 124
33 124
35 124
62 124
78 124
99 124
107 124
115 124
120 124
121 124
7 125
10 125
16 125
26 125
28 125
36 125
43 125
44 125
51 125
53 125
58 125
65 125
91 125
111 125
5 126
7 126
30 126
39 126
50 126
55 126
59 126
62 126
68 126
69 126
76 126
78 126
87 126
92 126
95 126
97 126
101 126
104 126
115 126
119 126
124 126
15 127
16 127
17 127
18 127
21 127
54 127
65 127
78 127
89 127
93 127
95 127
105 127
119 127
122 127
17 128
18 128
30 128
36 128
50 128
54 128
70 128
71 128
99 128
100 128
106 128
108 128
123 128
5 129
9 129
10 129
16 129
23 129
37 129
66 129
79 129
2 130
6 130
19 130
56 130
76 130
78 130
79 130
86 130
88 130
124 130
0 131
1 131
2 131
26 131
36 131
52 131
55 131
70 131
73 131
84 131
92 131
102 131
108 131
111 131
127 131
129 131
5 132
6 132
8 132
26 132
32 132
33 132
43 132
61 132
89 132
90 132
99 132
102 132
104 132
105 132
115 132
123 132
131 132
0 133
3 133
7 133
14 133
18 133
26 133
28 133
51 133
77 133
78 133
80 133
84 133
108 133
110 133
126 133
128 133
13 134
26 134
35 134
48 134
67 134
70 134
81 134
104 134
15 135
17 135
35 135
45 135
46 135
50 135
78 135
88 135
114 135
115 135
119 135
18 136
24 136
41 136
48 136
49 136
53 136
61 136
67 136
86 136
87 136
91 136
96 136
104 136
110 136
114 136
115 136
117 136
15 137
33 137
40 137
45 137
54 137
56 137
67 137
69 137
74 137
82 137
86 137
90 137
94 137
103 137
105 137
135 137
12 138
27 138
29 138
34 138
36 138
37 138
39 138
41 138
50 138
66 138
69 138
71 138
74 138
104 138
108 138
117 138
128 138
129 138
137 138
0 139
7 139
10 139
15 139
50 139
52 139
59 139
66 139
70 139
87 139
97 139
103 139
104 139
110 139
112 139
117 139
118 139
2 140
9 140
13 140
19 140
20 140
24 140
25 140
42 140
43 140
45 140
46 140
54 140
66 140
67 140
72 140
77 140
82 140
90 140
97 140
111 140
112 140
114 140
121 140
131 140
134 140
0 141
8 141
10 141
16 141
17 141
35 141
37 141
41 141
61 141
63 141
81 141
95 141
97 141
109 141
110 141
112 141
114 141
136 141
32 142
37 142
38 142
52 142
62 142
70 142
74 142
90 142
92 142
116 142
121 142
122 142
124 142
126 142
2 143
13 143
25 143
28 143
29 143
47 143
49 143
65 143
69 143
71 143
73 143
83 143
92 143
96 143
98 143
124 143
132 143
1 144
2 144
3 144
14 144
19 144
38 144
60 144
61 144
63 144
77 144
88 144
89 144
90 144
100 144
127 144
10 145
15 145
17 145
18 145
20 145
24 145
38 145
65 145
71 145
73 145
113 145
114 145
119 145
122 145
128 145
138 145
3 146
9 146
12 146
20 146
21 146
26 146
27 146
29 146
40 146
43 146
44 146
45 146
49 146
50 146
58 146
71 146
79 146
89 146
90 146
95 146
142 146
145 146
7 147
8 147
20 147
50 147
71 147
73 147
86 147
91 147
99 147
109 147
115 147
127 147
129 147
138 147
4 148
10 148
17 148
28 148
46 148
47 148
49 148
66 148
82 148
83 148
100 148
116 148
120 148
129 148
133 148
0 149
4 149
10 149
22 149
50 149
64 149
75 149
77 149
78 149
81 149
88 149
96 149
126 149
143 149
0 150
8 150
22 150
28 150
33 150
47 150
56 150
65 150
72 150
85 150
102 150
105 150
116 150
118 150
123 150
124 150
143 150
145 150
2 151
9 151
34 151
39 151
55 151
56 151
60 151
64 151
71 151
85 151
89 151
112 151
121 151
149 151
5 152
18 152
19 152
34 152
38 152
47 152
48 152
54 152
61 152
63 152
70 152
71 152
75 152
76 152
89 152
118 152
119 152
129 152
133 152
135 152
14 153
18 153
23 153
26 153
27 153
36 153
48 153
60 153
77 153
83 153
85 153
89 153
93 153
110 153
116 153
126 153
135 153
144 153
1 154
6 154
9 154
21 154
32 154
34 154
38 154
51 154
70 154
80 154
95 154
96 154
112 154
149 154
13 155
15 155
28 155
29 155
35 155
40 155
48 155
60 155
61 155
95 155
96 155
101 155
107 155
110 155
120 155
128 155
131 155
133 155
134 155
139 155
5 156
16 156
20 156
24 156
34 156
79 156
85 156
100 156
104 156
112 156
119 156
123 156
131 156
144 156
147 156
149 156
15 157
30 157
34 157
49 157
52 157
71 157
74 157
95 157
108 157
121 157
122 157
127 157
129 157
130 157
132 157
144 157
151 157
152 157
7 158
19 158
23 158
28 158
33 158
36 158
44 158
54 158
66 158
72 158
77 158
78 158
86 158
95 158
96 158
111 158
133 158
140 158
146 158
156 158
27 159
28 159
40 159
53 159
65 159
70 159
82 159
91 159
110 159
112 159
120 159
139 159
143 159
146 159
148 159
15 160
22 160
38 160
39 160
73 160
74 160
92 160
102 160
118 160
128 160
144 160
150 160
4 161
23 161
28 161
33 161
50 161
58 161
63 161
73 161
82 161
97 161
101 161
104 161
136 161
138 161
140 161
154 161
3 162
18 162
19 162
20 162
28 162
34 162
43 162
56 162
90 162
96 162
109 162
113 162
114 162
158 162
3 163
10 163
14 163
22 163
23 163
25 163
34 163
41 163
50 163
75 163
83 163
101 163
131 163
141 163
145 163
151 163
2 164
5 164
10 164
16 164
19 164
34 164
37 164
39 164
50 164
54 164
57 164
58 164
62 164
66 164
72 164
75 164
76 164
86 164
87 164
100 164
105 164
107 164
109 164
119 164
120 164
121 164
122 164
7 165
12 165
36 165
55 165
58 165
62 165
70 165
78 165
111 165
112 165
122 165
124 165
126 165
143 165
150 165
162 165
11 166
19 166
34 166
54 166
60 166
68 166
69 166
72 166
88 166
90 166
104 166
113 166
123 166
126 166
136 166
138 166
140 166
155 166
159 166
7 167
47 167
80 167
90 167
98 167
99 167
108 167
114 167
115 167
120 167
121 167
128 167
129 167
140 167
163 167
5 168
10 168
11 168
12 168
32 168
33 168
35 168
36 168
42 168
44 168
54 168
77 168
84 168
88 168
89 168
100 168
103 168
128 168
134 168
138 168
143 168
145 168
155 168
158 168
160 168
166 168
30 169
33 169
53 169
65 169
82 169
98 169
114 169
120 169
168 169
3 170
23 170
25 170
31 170
38 170
42 170
67 170
77 170
94 170
100 170
105 170
121 170
125 170
147 170
152 170
161 170
168 170
1 171
5 171
6 171
10 171
13 171
19 171
21 171
35 171
38 171
43 171
44 171
46 171
51 171
60 171
61 171
71 171
73 171
80 171
87 171
92 171
93 171
104 171
115 171
118 171
124 171
127 171
129 171
143 171
152 171
156 171
162 171
2 172
13 172
19 172
39 172
58 172
79 172
85 172
92 172
94 172
104 172
109 172
117 172
119 172
121 172
135 172
139 172
148 172
154 172
155 172
17 173
20 173
40 173
47 173
81 173
86 173
96 173
106 173
119 173
130 173
133 173
161 173
167 173
1 174
9 174
30 174
32 174
47 174
72 174
74 174
92 174
97 174
118 174
129 174
158 174
163 174
167 174
4 175
7 175
10 175
20 175
66 175
67 175
73 175
77 175
112 175
118 175
122 175
123 175
136 175
148 175
151 175
158 175
2 176
13 176
22 176
33 176
37 176
38 176
41 176
42 176
67 176
94 176
108 176
127 176
138 176
146 176
155 176
160 176
162 176
169 176
3 177
4 177
14 177
20 177
24 177
32 177
38 177
43 177
51 177
52 177
67 177
90 177
94 177
96 177
115 177
120 177
133 177
151 177
155 177
169 177
12 178
22 178
26 178
28 178
58 178
62 178
69 178
78 178
80 178
82 178
143 178
152 178
161 178
4 179
16 179
23 179
27 179
30 179
34 179
40 179
41 179
45 179
54 179
55 179
62 179
66 179
75 179
80 179
83 179
85 179
89 179
106 179
111 179
125 179
146 179
147 179
151 179
9 180
10 180
11 180
15 180
20 180
23 180
32 180
36 180
43 180
59 180
61 180
64 180
93 180
97 180
106 180
116 180
124 180
129 180
142 180
143 180
145 180
153 180
158 180
161 180
162 180
177 180
179 180
2 181
3 181
5 181
11 181
16 181
57 181
65 181
72 181
77 181
85 181
89 181
90 181
91 181
100 181
106 181
118 181
121 181
122 181
130 181
141 181
150 181
162 181
164 181
166 181
174 181
3 182
6 182
13 182
15 182
28 182
32 182
36 182
40 182
41 182
54 182
74 182
88 182
96 182
97 182
98 182
101 182
109 182
111 182
112 182
116 182
119 182
127 182
135 182
141 182
173 182
11 183
12 183
26 183
27 183
31 183
37 183
55 183
68 183
69 183
70 183
71 183
80 183
105 183
120 183
133 183
138 183
155 183
156 183
159 183
168 183
25 184
27 184
33 184
43 184
63 184
78 184
80 184
87 184
94 184
102 184
107 184
114 184
129 184
151 184
160 184
171 184
0 185
9 185
10 185
18 185
20 185
26 185
46 185
53 185
59 185
64 185
86 185
107 185
112 185
143 185
0 186
6 186
7 186
11 186
20 186
21 186
31 186
57 186
58 186
62 186
77 186
78 186
108 186
112 186
115 186
116 186
133 186
140 186
142 186
145 186
156 186
163 186
26 187
28 187
32 187
47 187
48 187
64 187
66 187
68 187
74 187
76 187
79 187
81 187
106 187
110 187
114 187
119 187
123 187
127 187
128 187
141 187
142 187
153 187
160 187
165 187
166 187
181 187
1 188
14 188
26 188
33 188
51 188
54 188
68 188
73 188
82 188
84 188
92 188
94 188
98 188
101 188
104 188
113 188
133 188
139 188
152 188
164 188
168 188
172 188
6 189
10 189
44 189
47 189
49 189
87 189
102 189
120 189
147 189
148 189
158 189
170 189
1 190
7 190
57 190
58 190
73 190
78 190
80 190
83 190
91 190
98 190
109 190
139 190
150 190
158 190
169 190
179 190
180 190
186 190
18 191
19 191
27 191
30 191
43 191
48 191
49 191
55 191
57 191
73 191
75 191
77 191
78 191
96 191
106 191
115 191
123 191
138 191
149 191
165 191
169 191
184 191
187 191
16 192
20 192
22 192
28 192
32 192
37 192
42 192
52 192
55 192
59 192
65 192
66 192
73 192
94 192
95 192
99 192
100 192
117 192
120 192
134 192
144 192
153 192
162 192
165 192
180 192
182 192
186 192
5 193
20 193
22 193
27 193
33 193
38 193
75 193
87 193
93 193
98 193
114 193
138 193
139 193
146 193
152 193
171 193
0 194
8 194
13 194
28 194
33 194
48 194
50 194
54 194
60 194
63 194
87 194
91 194
96 194
120 194
126 194
135 194
147 194
152 194
168 194
171 194
175 194
178 194
188 194
191 194
8 195
15 195
19 195
29 195
30 195
33 195
46 195
51 195
56 195
58 195
71 195
78 195
87 195
93 195
99 195
110 195
112 195
133 195
136 195
140 195
142 195
145 195
159 195
164 195
169 195
179 195
7 196
18 196
38 196
41 196
54 196
61 196
78 196
83 196
88 196
89 196
100 196
109 196
115 196
119 196
121 196
126 196
134 196
137 196
139 196
145 196
146 196
149 196
160 196
165 196
174 196
181 196
185 196
12 197
15 197
23 197
29 197
32 197
35 197
48 197
54 197
56 197
67 197
83 197
95 197
98 197
100 197
102 197
112 197
126 197
130 197
145 197
146 197
150 197
152 197
156 197
164 197
170 197
171 197
193 197
27 198
30 198
38 198
54 198
61 198
62 198
92 198
93 198
94 198
98 198
106 198
114 198
124 198
152 198
153 198
157 198
160 198
166 198
168 198
170 198
191 198
194 198
5 199
41 199
42 199
44 199
49 199
50 199
58 199
80 199
85 199
87 199
97 199
99 199
100 199
111 199
121 199
125 199
127 199
145 199
147 199
163 199
186 199
188 199
3 200
4 200
8 200
13 200
16 200
28 200
36 200
44 200
51 200
59 200
61 200
65 200
72 200
75 200
78 200
94 200
98 200
99 200
124 200
141 200
161 200
165 200
167 200
176 200
185 200
199 200
2 201
4 201
11 201
24 201
26 201
34 201
39 201
44 201
79 201
102 201
114 201
125 201
129 201
143 201
172 201
177 201
8 202
13 202
16 202
25 202
33 202
39 202
55 202
83 202
90 202
92 202
93 202
106 202
110 202
145 202
151 202
185 202
186 202
201 202
8 203
10 203
17 203
35 203
51 203
56 203
76 203
77 203
99 203
102 203
105 203
128 203
137 203
147 203
149 203
153 203
162 203
167 203
184 203
187 203
191 203
197 203
11 204
31 204
35 204
40 204
44 204
45 204
46 204
47 204
60 204
61 204
62 204
71 204
74 204
81 204
85 204
90 204
125 204
127 204
130 204
148 204
151 204
152 204
156 204
160 204
162 204
165 204
167 204
183 204
188 204
196 204
0 205
10 205
41 205
45 205
50 205
68 205
72 205
76 205
84 205
89 205
96 205
118 205
120 205
130 205
132 205
134 205
135 205
136 205
156 205
180 205
189 205
195 205
204 205
6 206
25 206
29 206
31 206
33 206
56 206
62 206
69 206
74 206
86 206
89 206
105 206
106 206
109 206
111 206
114 206
119 206
123 206
127 206
134 206
164 206
165 206
184 206
186 206
199 206
7 207
11 207
55 207
57 207
60 207
63 207
104 207
109 207
127 207
129 207
141 207
166 207
169 207
171 207
174 207
178 207
185 207
190 207
191 207
198 207
15 208
16 208
23 208
43 208
60 208
75 208
76 208
82 208
85 208
87 208
102 208
107 208
112 208
125 208
129 208
133 208
143 208
155 208
156 208
166 208
179 208
188 208
192 208
11 209
24 209
30 209
38 209
40 209
44 209
51 209
66 209
71 209
78 209
83 209
93 209
107 209
115 209
125 209
132 209
137 209
149 209
173 209
197 209
201 209
15 210
19 210
29 210
41 210
46 210
52 210
53 210
63 210
76 210
77 210
91 210
107 210
122 210
152 210
169 210
180 210
193 210
198 210
208 210
8 211
25 211
26 211
45 211
49 211
51 211
53 211
56 211
67 211
77 211
105 211
114 211
115 211
124 211
142 211
154 211
166 211
171 211
186 211
198 211
208 211
209 211
3 212
12 212
19 212
29 212
36 212
62 212
68 212
78 212
79 212
88 212
102 212
106 212
108 212
115 212
116 212
138 212
139 212
144 212
148 212
174 212
178 212
195 212
200 212
10 213
19 213
30 213
31 213
35 213
42 213
53 213
67 213
74 213
79 213
118 213
121 213
125 213
126 213
155 213
175 213
180 213
190 213
192 213
195 213
203 213
1 214
8 214
12 214
17 214
27 214
29 214
39 214
45 214
46 214
55 214
57 214
66 214
67 214
72 214
73 214
85 214
108 214
117 214
122 214
158 214
159 214
176 214
178 214
189 214
195 214
198 214
24 215
34 215
46 215
48 215
50 215
78 215
80 215
81 215
85 215
89 215
104 215
131 215
158 215
165 215
177 215
179 215
182 215
191 215
199 215
3 216
6 216
8 216
17 216
22 216
23 216
25 216
31 216
35 216
50 216
52 216
59 216
66 216
68 216
72 216
89 216
96 216
132 216
142 216
148 216
157 216
176 216
179 216
180 216
187 216
189 216
193 216
202 216
207 216
212 216
4 217
17 217
24 217
26 217
34 217
42 217
63 217
64 217
73 217
75 217
91 217
100 217
103 217
109 217
116 217
121 217
137 217
149 217
151 217
155 217
159 217
160 217
166 217
167 217
170 217
196 217
202 217
3 218
10 218
23 218
29 218
30 218
52 218
101 218
102 218
119 218
137 218
150 218
166 218
176 218
193 218
197 218
8 219
14 219
21 219
22 219
24 219
32 219
33 219
36 219
40 219
42 219
44 219
60 219
62 219
112 219
114 219
139 219
157 219
166 219
169 219
176 219
189 219
199 219
200 219
5 220
19 220
26 220
37 220
41 220
52 220
53 220
55 220
59 220
61 220
66 220
76 220
83 220
89 220
91 220
93 220
94 220
104 220
111 220
118 220
120 220
121 220
134 220
136 220
145 220
150 220
156 220
166 220
171 220
178 220
189 220
193 220
195 220
2 221
7 221
9 221
33 221
38 221
44 221
50 221
55 221
57 221
65 221
75 221
89 221
96 221
98 221
99 221
102 221
137 221
140 221
147 221
148 221
149 221
156 221
183 221
189 221
191 221
194 221
196 221
203 221
209 221
211 221
214 221
219 221
220 221
7 222
16 222
18 222
19 222
22 222
37 222
44 222
50 222
65 222
69 222
79 222
80 222
84 222
95 222
105 222
112 222
124 222
154 222
164 222
212 222
0 223
23 223
27 223
41 223
43 223
50 223
53 223
54 223
68 223
71 223
73 223
83 223
87 223
106 223
112 223
137 223
166 223
182 223
201 223
204 223
213 223
216 223
219 223
4 224
10 224
15 224
57 224
65 224
78 224
82 224
91 224
105 224
109 224
125 224
142 224
148 224
151 224
152 224
187 224
199 224
206 224
215 224
218 224
3 225
12 225
16 225
20 225
54 225
57 225
63 225
67 225
68 225
69 225
71 225
83 225
84 225
86 225
90 225
93 225
99 225
100 225
102 225
106 225
107 225
110 225
111 225
116 225
123 225
133 225
138 225
151 225
171 225
180 225
182 225
195 225
203 225
212 225
15 226
25 226
28 226
29 226
39 226
52 226
53 226
55 226
58 226
66 226
73 226
80 226
81 226
85 226
94 226
98 226
106 226
118 226
122 226
129 226
134 226
144 226
154 226
155 226
162 226
168 226
172 226
174 226
184 226
203 226
210 226
213 226
218 226
219 226
2 227
11 227
16 227
20 227
25 227
30 227
37 227
39 227
40 227
41 227
45 227
49 227
50 227
59 227
109 227
111 227
115 227
121 227
135 227
138 227
140 227
148 227
149 227
198 227
219 227
14 228
31 228
61 228
62 228
76 228
83 228
85 228
87 228
112 228
120 228
122 228
139 228
146 228
148 228
150 228
156 228
160 228
171 228
173 228
179 228
180 228
198 228
200 228
206 228
216 228
7 229
26 229
51 229
103 229
104 229
114 229
116 229
118 229
133 229
134 229
143 229
144 229
159 229
180 229
189 229
212 229
214 229
220 229
11 230
12 230
24 230
28 230
51 230
64 230
66 230
73 230
81 230
83 230
89 230
90 230
96 230
97 230
116 230
131 230
133 230
138 230
139 230
148 230
156 230
157 230
164 230
175 230
177 230
178 230
191 230
193 230
197 230
198 230
203 230
207 230
212 230
228 230
1 231
5 231
15 231
17 231
22 231
35 231
36 231
42 231
45 231
48 231
66 231
72 231
80 231
81 231
83 231
93 231
107 231
117 231
119 231
129 231
138 231
139 231
140 231
141 231
147 231
151 231
153 231
157 231
161 231
179 231
212 231
221 231
4 232
10 232
15 232
25 232
34 232
45 232
49 232
53 232
54 232
57 232
58 232
64 232
82 232
87 232
94 232
96 232
99 232
101 232
116 232
134 232
140 232
143 232
151 232
162 232
168 232
178 232
179 232
186 232
199 232
224 232
228 232
4 233
7 233
20 233
26 233
28 233
40 233
42 233
48 233
62 233
64 233
81 233
104 233
106 233
110 233
122 233
125 233
127 233
141 233
144 233
150 233
158 233
171 233
180 233
183 233
185 233
220 233
0 234
3 234
5 234
10 234
15 234
18 234
31 234
43 234
46 234
58 234
76 234
79 234
93 234
94 234
99 234
106 234
127 234
130 234
131 234
132 234
146 234
163 234
167 234
171 234
186 234
198 234
200 234
222 234
8 235
9 235
25 235
43 235
44 235
59 235
65 235
73 235
79 235
81 235
86 235
100 235
104 235
117 235
138 235
147 235
152 235
161 235
176 235
178 235
197 235
201 235
211 235
16 236
47 236
67 236
77 236
81 236
85 236
87 236
94 236
96 236
115 236
116 236
119 236
125 236
129 236
131 236
134 236
145 236
190 236
207 236
217 236
219 236
224 236
0 237
5 237
22 237
23 237
29 237
31 237
36 237
38 237
44 237
61 237
66 237
70 237
72 237
76 237
93 237
95 237
99 237
105 237
109 237
136 237
140 237
144 237
165 237
166 237
168 237
173 237
174 237
182 237
186 237
218 237
6 238
13 238
19 238
22 238
24 238
37 238
44 238
45 238
52 238
53 238
67 238
72 238
73 238
74 238
75 238
76 238
82 238
85 238
96 238
112 238
118 238
119 238
122 238
130 238
134 238
139 238
152 238
177 238
201 238
207 238
213 238
214 238
215 238
218 238
219 238
234 238
14 239
20 239
25 239
28 239
44 239
53 239
54 239
65 239
79 239
80 239
85 239
92 239
93 239
101 239
124 239
139 239
142 239
153 239
158 239
166 239
168 239
172 239
173 239
181 239
204 239
211 239
216 239
220 239
227 239
229 239
233 239
238 239
1 240
4 240
22 240
27 240
29 240
30 240
33 240
49 240
52 240
83 240
99 240
114 240
115 240
118 240
125 240
150 240
155 240
162 240
167 240
174 240
181 240
189 240
195 240
197 240
198 240
202 240
211 240
225 240
232 240
18 241
22 241
24 241
55 241
65 241
67 241
89 241
93 241
100 241
106 241
109 241
113 241
128 241
138 241
139 241
142 241
153 241
157 241
158 241
164 241
165 241
172 241
180 241
190 241
197 241
205 241
208 241
212 241
216 241
219 241
233 241
240 241
0 242
13 242
19 242
26 242
27 242
30 242
50 242
52 242
58 242
95 242
98 242
103 242
116 242
117 242
148 242
151 242
187 242
195 242
203 242
206 242
208 242
211 242
226 242
238 242
1 243
3 243
18 243
33 243
36 243
54 243
55 243
58 243
62 243
63 243
68 243
79 243
120 243
126 243
131 243
139 243
141 243
145 243
150 243
153 243
169 243
177 243
190 243
194 243
196 243
222 243
228 243
2 244
4 244
16 244
43 244
52 244
58 244
73 244
84 244
87 244
88 244
95 244
96 244
115 244
117 244
121 244
136 244
143 244
144 244
145 244
170 244
180 244
188 244
228 244
229 244
238 244
0 245
10 245
11 245
19 245
22 245
25 245
31 245
35 245
39 245
50 245
79 245
109 245
111 245
126 245
129 245
161 245
169 245
171 245
181 245
184 245
190 245
211 245
214 245
221 245
225 245
233 245
237 245
238 245
1 246
5 246
25 246
50 246
53 246
60 246
70 246
99 246
100 246
101 246
102 246
106 246
108 246
125 246
141 246
174 246
177 246
184 246
195 246
220 246
226 246
231 246
232 246
30 247
45 247
57 247
61 247
69 247
78 247
91 247
104 247
129 247
162 247
168 247
170 247
175 247
194 247
197 247
210 247
212 247
213 247
216 247
225 247
240 247
8 248
26 248
41 248
51 248
59 248
60 248
61 248
88 248
94 248
101 248
103 248
109 248
114 248
126 248
138 248
146 248
161 248
164 248
171 248
184 248
190 248
196 248
198 248
211 248
224 248
230 248
239 248
3 249
16 249
23 249
32 249
37 249
55 249
65 249
66 249
68 249
70 249
81 249
83 249
90 249
103 249
105 249
107 249
108 249
118 249
127 249
149 249
164 249
187 249
201 249
204 249
207 249
216 249
218 249
229 249
232 249
235 249
237 249
2 250
9 250
23 250
43 250
58 250
59 250
60 250
69 250
90 250
106 250
112 250
119 250
130 250
139 250
145 250
171 250
195 250
198 250
231 250
236 250
248 250
0 251
1 251
5 251
15 251
28 251
40 251
51 251
60 251
61 251
65 251
72 251
79 251
81 251
103 251
105 251
125 251
131 251
142 251
172 251
194 251
200 251
206 251
208 251
217 251
231 251
236 251
238 251
250 251
8 252
19 252
25 252
32 252
44 252
61 252
76 252
79 252
115 252
116 252
126 252
130 252
140 252
143 252
147 252
164 252
166 252
172 252
177 252
178 252
184 252
218 252
222 252
251 252
15 253
20 253
32 253
35 253
46 253
54 253
65 253
67 253
68 253
85 253
102 253
105 253
120 253
124 253
137 253
147 253
150 253
171 253
174 253
186 253
217 253
241 253
246 253
247 253
3 254
8 254
9 254
11 254
14 254
34 254
36 254
40 254
71 254
95 254
103 254
120 254
153 254
169 254
171 254
172 254
215 254
218 254
232 254
234 254
238 254
24 255
32 255
43 255
46 255
47 255
58 255
69 255
70 255
74 255
77 255
83 255
85 255
93 255
100 255
103 255
106 255
111 255
122 255
123 255
130 255
132 255
134 255
140 255
146 255
170 255
218 255
252 255
0 256
6 256
10 256
13 256
14 256
16 256
22 256
27 256
29 256
31 256
37 256
43 256
51 256
65 256
71 256
79 256
81 256
93 256
95 256
114 256
118 256
126 256
128 256
149 256
159 256
167 256
177 256
185 256
193 256
204 256
221 256
226 256
229 256
234 256
249 256
254 256
1 257
5 257
8 257
10 257
17 257
18 257
22 257
28 257
51 257
65 257
66 257
77 257
83 257
106 257
112 257
116 257
119 257
124 257
125 257
134 257
148 257
149 257
151 257
168 257
184 257
186 257
189 257
203 257
209 257
216 257
234 257
235 257
12 258
16 258
25 258
38 258
59 258
61 258
67 258
119 258
122 258
124 258
127 258
130 258
131 258
137 258
140 258
143 258
153 258
156 258
164 258
168 258
172 258
173 258
176 258
177 258
215 258
233 258
235 258
247 258
248 258
255 258
10 259
47 259
63 259
64 259
68 259
76 259
77 259
78 259
79 259
95 259
103 259
104 259
105 259
107 259
117 259
121 259
132 259
138 259
143 259
161 259
169 259
176 259
188 259
197 259
213 259
223 259
224 259
257 259
3 260
11 260
38 260
39 260
49 260
50 260
59 260
70 260
79 260
94 260
96 260
117 260
124 260
132 260
135 260
136 260
137 260
182 260
192 260
193 260
196 260
199 260
213 260
223 260
236 260
239 260
243 260
252 260
4 261
7 261
10 261
50 261
51 261
56 261
59 261
61 261
63 261
65 261
67 261
78 261
80 261
94 261
102 261
109 261
110 261
119 261
131 261
134 261
135 261
157 261
163 261
172 261
176 261
193 261
196 261
204 261
210 261
224 261
237 261
1 262
13 262
16 262
22 262
28 262
39 262
40 262
42 262
46 262
49 262
69 262
82 262
84 262
88 262
155 262
161 262
163 262
170 262
175 262
205 262
213 262
230 262
236 262
257 262
1 263
8 263
18 263
25 263
32 263
48 263
58 263
60 263
72 263
86 263
88 263
92 263
93 263
105 263
108 263
121 263
124 263
133 263
138 263
151 263
161 263
170 263
172 263
178 263
179 263
189 263
201 263
211 263
218 263
227 263
230 263
242 263
243 263
246 263
248 263
262 263
2 264
29 264
32 264
45 264
60 264
61 264
63 264
71 264
73 264
78 264
79 264
82 264
87 264
89 264
112 264
119 264
123 264
141 264
157 264
162 264
199 264
211 264
215 264
216 264
217 264
232 264
234 264
236 264
240 264
0 265
4 265
17 265
20 265
24 265
25 265
52 265
56 265
57 265
58 265
59 265
69 265
73 265
75 265
84 265
86 265
90 265
108 265
109 265
110 265
111 265
117 265
126 265
127 265
133 265
139 265
142 265
146 265
147 265
164 265
181 265
189 265
190 265
199 265
214 265
217 265
227 265
229 265
233 265
259 265
10 266
16 266
22 266
26 266
28 266
32 266
56 266
62 266
73 266
74 266
90 266
91 266
93 266
95 266
101 266
108 266
112 266
147 266
158 266
176 266
181 266
185 266
187 266
200 266
208 266
221 266
224 266
225 266
239 266
264 266
2 267
5 267
13 267
14 267
16 267
18 267
20 267
40 267
52 267
62 267
79 267
89 267
94 267
98 267
106 267
122 267
127 267
140 267
147 267
149 267
158 267
165 267
175 267
182 267
194 267
200 267
204 267
209 267
227 267
229 267
230 267
240 267
250 267
260 267
1 268
10 268
16 268
39 268
48 268
50 268
63 268
65 268
80 268
90 268
97 268
98 268
101 268
117 268
139 268
149 268
156 268
160 268
161 268
166 268
181 268
182 268
218 268
232 268
237 268
262 268
8 269
25 269
33 269
36 269
50 269
51 269
65 269
76 269
77 269
78 269
91 269
92 269
101 269
103 269
110 269
111 269
122 269
127 269
134 269
156 269
183 269
189 269
231 269
232 269
237 269
243 269
248 269
253 269
257 269
17 270
33 270
45 270
81 270
83 270
89 270
96 270
107 270
109 270
115 270
120 270
129 270
138 270
142 270
147 270
149 270
164 270
175 270
178 270
212 270
214 270
216 270
220 270
239 270
260 270
25 271
37 271
38 271
41 271
56 271
75 271
79 271
88 271
89 271
90 271
100 271
121 271
122 271
137 271
148 271
151 271
162 271
167 271
172 271
174 271
184 271
185 271
191 271
219 271
222 271
224 271
232 271
240 271
255 271
258 271
262 271
14 272
24 272
27 272
38 272
43 272
70 272
71 272
73 272
82 272
94 272
95 272
96 272
106 272
107 272
127 272
140 272
142 272
150 272
154 272
166 272
171 272
175 272
180 272
185 272
187 272
195 272
205 272
208 272
209 272
231 272
233 272
246 272
21 273
32 273
33 273
50 273
51 273
55 273
58 273
60 273
66 273
75 273
85 273
89 273
96 273
102 273
105 273
115 273
143 273
145 273
157 273
168 273
174 273
175 273
177 273
180 273
184 273
194 273
209 273
229 273
230 273
246 273
267 273
2 274
20 274
37 274
50 274
56 274
59 274
66 274
76 274
88 274
89 274
98 274
99 274
105 274
116 274
121 274
134 274
136 274
151 274
153 274
158 274
166 274
170 274
177 274
179 274
198 274
200 274
205 274
207 274
214 274
222 274
233 274
244 274
256 274
271 274
1 275
15 275
19 275
30 275
31 275
42 275
43 275
51 275
52 275
56 275
61 275
73 275
89 275
117 275
123 275
127 275
133 275
145 275
159 275
168 275
171 275
172 275
187 275
197 275
211 275
214 275
221 275
229 275
256 275
27 276
34 276
35 276
45 276
56 276
65 276
67 276
74 276
81 276
82 276
108 276
109 276
112 276
119 276
123 276
129 276
133 276
136 276
146 276
150 276
162 276
173 276
193 276
200 276
210 276
220 276
225 276
228 276
233 276
240 276
241 276
242 276
257 276
261 276
271 276
275 276
5 277
6 277
8 277
13 277
30 277
50 277
53 277
59 277
67 277
72 277
80 277
112 277
130 277
155 277
158 277
171 277
172 277
181 277
187 277
188 277
189 277
206 277
208 277
210 277
212 277
220 277
233 277
234 277
247 277
248 277
253 277
268 277
7 278
13 278
23 278
25 278
27 278
29 278
33 278
42 278
55 278
59 278
73 278
82 278
86 278
100 278
112 278
118 278
122 278
136 278
185 278
189 278
190 278
198 278
202 278
208 278
219 278
230 278
236 278
249 278
260 278
265 278
0 279
7 279
12 279
45 279
50 279
68 279
75 279
88 279
90 279
121 279
124 279
128 279
133 279
136 279
143 279
151 279
164 279
175 279
180 279
187 279
193 279
212 279
215 279
217 279
230 279
263 279
5 280
12 280
14 280
18 280
39 280
44 280
60 280
62 280
63 280
66 280
67 280
72 280
75 280
103 280
119 280
124 280
140 280
146 280
153 280
167 280
170 280
179 280
184 280
185 280
190 280
196 280
206 280
215 280
217 280
219 280
241 280
245 280
249 280
255 280
257 280
263 280
12 281
19 281
20 281
24 281
37 281
40 281
54 281
63 281
67 281
75 281
94 281
111 281
133 281
150 281
160 281
165 281
167 281
178 281
221 281
222 281
240 281
251 281
252 281
256 281
259 281
271 281
5 282
33 282
51 282
52 282
54 282
68 282
81 282
83 282
85 282
102 282
108 282
133 282
135 282
149 282
182 282
183 282
216 282
229 282
231 282
232 282
239 282
10 283
13 283
41 283
45 283
55 283
70 283
83 283
95 283
97 283
103 283
123 283
129 283
137 283
153 283
163 283
178 283
184 283
196 283
202 283
203 283
214 283
229 283
237 283
245 283
253 283
267 283
273 283
276 283
26 284
28 284
38 284
42 284
45 284
49 284
52 284
58 284
60 284
62 284
68 284
72 284
74 284
106 284
108 284
116 284
119 284
124 284
145 284
168 284
182 284
201 284
204 284
213 284
220 284
221 284
226 284
234 284
240 284
248 284
255 284
261 284
268 284
274 284
10 285
11 285
25 285
29 285
37 285
42 285
47 285
57 285
66 285
67 285
82 285
97 285
105 285
119 285
139 285
168 285
175 285
184 285
186 285
191 285
193 285
194 285
196 285
203 285
208 285
216 285
218 285
221 285
242 285
248 285
258 285
274 285
281 285
4 286
7 286
9 286
11 286
15 286
28 286
36 286
39 286
51 286
57 286
66 286
68 286
80 286
82 286
127 286
142 286
145 286
178 286
183 286
201 286
204 286
219 286
220 286
225 286
230 286
238 286
244 286
246 286
247 286
263 286
265 286
275 286
279 286
283 286
285 286
1 287
21 287
30 287
31 287
32 287
38 287
41 287
46 287
48 287
53 287
57 287
59 287
64 287
76 287
81 287
87 287
91 287
108 287
109 287
118 287
119 287
121 287
127 287
154 287
159 287
178 287
193 287
202 287
203 287
210 287
221 287
229 287
234 287
236 287
266 287
7 288
30 288
32 288
34 288
37 288
43 288
50 288
56 288
62 288
72 288
73 288
89 288
96 288
119 288
120 288
121 288
132 288
134 288
154 288
165 288
170 288
186 288
189 288
191 288
197 288
202 288
206 288
211 288
237 288
242 288
243 288
249 288
253 288
259 288
271 288
280 288
284 288
285 288
32 289
38 289
42 289
70 289
72 289
77 289
111 289
113 289
114 289
117 289
120 289
124 289
135 289
140 289
152 289
157 289
158 289
164 289
170 289
174 289
175 289
180 289
183 289
201 289
216 289
219 289
229 289
244 289
259 289
265 289
270 289
273 289
276 289
281 289
288 289
3 290
13 290
16 290
35 290
41 290
50 290
54 290
77 290
80 290
85 290
88 290
97 290
111 290
114 290
121 290
123 290
126 290
128 290
152 290
160 290
169 290
170 290
180 290
182 290
185 290
187 290
201 290
202 290
207 290
219 290
224 290
225 290
228 290
237 290
242 290
263 290
272 290
3 291
45 291
50 291
65 291
66 291
68 291
81 291
83 291
87 291
98 291
113 291
135 291
140 291
151 291
153 291
160 291
177 291
179 291
189 291
192 291
194 291
202 291
234 291
242 291
244 291
253 291
258 291
259 291
268 291
14 292
22 292
24 292
27 292
40 292
72 292
75 292
87 292
94 292
95 292
102 292
106 292
122 292
133 292
134 292
136 292
150 292
156 292
167 292
171 292
173 292
182 292
186 292
187 292
191 292
193 292
205 292
209 292
215 292
225 292
254 292
256 292
257 292
258 292
270 292
273 292
274 292
283 292
0 293
3 293
12 293
13 293
24 293
25 293
28 293
34 293
35 293
36 293
42 293
46 293
56 293
63 293
74 293
86 293
88 293
99 293
107 293
110 293
126 293
129 293
133 293
134 293
152 293
165 293
169 293
195 293
198 293
205 293
207 293
220 293
223 293
230 293
255 293
268 293
270 293
284 293
290 293
2 294
3 294
14 294
26 294
31 294
32 294
38 294
40 294
75 294
82 294
85 294
93 294
102 294
112 294
161 294
168 294
169 294
171 294
174 294
188 294
203 294
206 294
207 294
209 294
225 294
229 294
268 294
277 294
286 294
0 295
1 295
3 295
10 295
11 295
23 295
29 295
31 295
57 295
61 295
66 295
78 295
85 295
93 295
107 295
118 295
134 295
138 295
140 295
156 295
171 295
181 295
187 295
201 295
202 295
221 295
234 295
255 295
258 295
270 295
282 295
289 295
11 296
15 296
17 296
24 296
28 296
30 296
32 296
36 296
44 296
54 296
62 296
65 296
71 296
74 296
82 296
87 296
96 296
106 296
107 296
123 296
124 296
127 296
129 296
130 296
147 296
153 296
154 296
155 296
160 296
163 296
169 296
170 296
176 296
178 296
181 296
190 296
194 296
195 296
205 296
208 296
217 296
218 296
291 296
0 297
2 297
7 297
10 297
13 297
19 297
28 297
35 297
40 297
72 297
75 297
80 297
95 297
101 297
103 297
140 297
154 297
155 297
167 297
174 297
179 297
184 297
186 297
187 297
188 297
189 297
219 297
222 297
223 297
240 297
273 297
280 297
11 298
32 298
36 298
41 298
44 298
55 298
64 298
75 298
87 298
95 298
100 298
109 298
121 298
131 298
143 298
146 298
157 298
169 298
170 298
175 298
180 298
184 298
191 298
204 298
246 298
251 298
254 298
262 298
266 298
271 298
282 298
289 298
10 299
11 299
16 299
30 299
64 299
72 299
74 299
85 299
97 299
104 299
106 299
116 299
124 299
135 299
144 299
146 299
156 299
187 299
190 299
199 299
221 299
223 299
228 299
236 299
237 299
238 299
241 299
242 299
255 299
265 299
268 299
275 299
296 299
