300 5744 5
4 12 6 8 2 3 2 5 17 6 13 12 11 4 1 15 13 6 5 9 9 13 4 2 6 22 22 31 59 3 20 6 11 2 3 11 19 2 20 7 2 21 3 4 3 22 29 6 19 7 28 6 2 3 8 5 8 2 7 3 4 9 4 18 4 11 12 5 10 2 2 8 3 1 1 8 4 2 2 8 23 2 12 7 29 3 1 1 13 5 3 6 1 2 21 4 29 22 10 19 5 2 13 6 9 6 26 7 19 7 27 1 11 4 3 7 25 9 8 47 10 3 51 14 12 2 10 14 1 8 3 2 25 14 9 19 2 30 6 19 14 14 5 29 11 2 18 19 2 16 49 2 2 24 2 3 12 2 21 29 30 3 8 14 16 30 2 8 6 10 20 5 16 2 8 2 11 9 11 5 8 3 1 41 8 5 10 10 9 1 3 10 1 4 1 12 1 16 1 9 21 4 4 18 4 14 1 8 1 5 1 21 2 1 8 2 1 25 7 15 4 16 5 5 19 25 2 2 11 14 4 9 9 1 2 6 5 5 6 1 30 1 5 38 12 1 15 5 3 18 12 6 18 9 18 20 5 2 5 3 5 26 13 14 25 9 2 3 12 7 10 7 1 14 5 10 13 4 36 41 5 3 7 10 2 7 5 13 34 14 18 18 7 2 9 12 5 11 1 2
0 2
3 5
4 8
0 9
4 9
5 9
1 11
10 12
4 14
4 15
8 15
10 16
12 16
0 17
14 17
3 18
5 18
15 18
16 18
11 19
7 20
10 20
3 21
10 21
11 21
11 22
21 22
4 23
13 23
0 24
2 24
12 24
13 24
19 24
20 24
12 25
23 25
11 26
23 26
5 27
6 27
10 27
15 27
26 27
1 28
2 28
8 28
10 28
23 28
0 29
1 29
17 29
7 30
13 30
18 30
25 30
29 30
20 31
9 32
21 32
23 32
2 33
4 33
6 33
19 33
1 34
10 34
17 34
21 34
25 34
27 34
30 34
1 35
10 35
13 35
17 35
31 35
4 36
14 36
22 36
32 36
34 36
16 37
18 37
22 37
26 37
8 38
10 38
25 38
35 38
37 38
0 39
8 39
21 39
25 39
26 39
33 39
0 40
3 40
10 40
30 40
37 40
3 41
6 41
9 41
13 41
15 41
20 41
36 41
37 41
40 41
1 42
4 42
6 42
24 42
27 42
34 42
40 42
41 42
5 43
18 43
22 43
25 43
29 43
35 43
3 44
14 44
17 44
19 44
20 44
23 44
25 44
30 44
31 44
34 44
40 44
12 45
37 45
0 46
3 46
13 46
18 46
16 47
26 47
35 47
36 47
41 47
43 47
26 48
28 48
30 48
36 48
41 48
12 49
14 49
15 49
30 49
37 49
40 49
41 49
42 49
4 50
45 50
3 51
12 51
23 51
40 51
46 51
4 52
11 52
14 52
16 52
25 52
26 52
40 52
45 52
0 53
3 53
6 53
13 53
18 53
33 53
15 54
25 54
29 54
35 54
41 54
47 54
51 54
2 55
3 55
9 55
17 55
22 55
28 55
40 55
43 55
44 55
46 55
2 56
3 56
15 56
36 56
4 57
6 57
8 57
9 57
10 57
18 57
26 57
50 57
53 57
55 57
2 58
9 58
10 58
22 58
34 58
39 58
46 58
50 58
15 59
23 59
26 59
39 59
41 59
58 59
9 60
10 60
31 60
32 60
41 60
20 61
27 61
28 61
40 61
42 61
49 61
59 61
2 62
10 62
12 62
29 62
39 62
50 62
52 62
57 62
0 63
2 63
9 63
10 63
25 63
27 63
28 63
40 63
54 63
26 64
27 64
30 64
32 64
37 64
40 64
41 64
47 64
52 64
9 65
12 65
18 65
22 65
35 65
36 65
43 65
45 65
58 65
60 65
0 66
22 66
30 66
46 66
55 66
18 67
29 67
32 67
38 67
39 67
45 67
46 67
47 67
55 67
57 67
11 68
13 68
21 68
31 68
35 68
39 68
47 68
46 69
51 69
52 69
54 69
65 69
13 70
31 70
32 70
44 70
45 70
54 70
59 70
65 70
6 71
18 71
31 71
33 71
46 71
63 71
18 72
22 72
34 72
43 72
47 72
60 72
66 72
2 73
6 73
10 73
11 73
16 73
20 73
54 73
1 74
5 74
24 74
31 74
37 74
55 74
60 74
61 74
23 75
53 75
3 76
6 76
8 76
29 76
40 76
63 76
0 77
32 77
33 77
34 77
36 77
39 77
41 77
53 77
54 77
61 77
67 77
71 77
13 78
16 78
24 78
30 78
37 78
42 78
49 78
76 78
3 79
7 79
22 79
38 79
42 79
50 79
58 79
60 79
62 79
67 79
72 79
73 79
74 79
0 80
12 80
27 80
33 80
35 80
44 80
53 80
66 80
76 80
13 81
16 81
37 81
43 81
45 81
61 81
74 81
75 81
80 81
0 82
2 82
6 82
7 82
9 82
20 82
34 82
43 82
45 82
56 82
65 82
4 83
12 83
22 83
38 83
48 83
49 83
55 83
56 83
64 83
66 83
73 83
77 83
80 83
82 83
16 84
18 84
21 84
25 84
29 84
30 84
33 84
45 84
59 84
72 84
0 85
16 85
35 85
36 85
47 85
53 85
57 85
62 85
79 85
81 85
82 85
9 86
34 86
57 86
62 86
70 86
71 86
75 86
84 86
85 86
1 87
5 87
14 87
15 87
22 87
39 87
52 87
55 87
59 87
75 87
79 87
0 88
18 88
28 88
34 88
39 88
44 88
50 88
52 88
53 88
54 88
59 88
65 88
66 88
77 88
6 89
7 89
21 89
27 89
37 89
57 89
62 89
65 89
70 89
71 89
74 89
86 89
87 89
0 90
4 90
16 90
24 90
29 90
31 90
38 90
42 90
46 90
47 90
54 90
56 90
62 90
72 90
82 90
0 91
5 91
19 91
28 91
32 91
40 91
53 91
54 91
56 91
76 91
3 92
9 92
10 92
18 92
33 92
42 92
44 92
53 92
58 92
62 92
71 92
74 92
6 93
20 93
21 93
60 93
61 93
72 93
78 93
80 93
85 93
88 93
8 94
13 94
14 94
17 94
24 94
27 94
46 94
52 94
53 94
60 94
61 94
63 94
81 94
86 94
9 95
43 95
44 95
47 95
58 95
72 95
81 95
92 95
3 96
4 96
10 96
11 96
23 96
34 96
39 96
42 96
44 96
55 96
79 96
82 96
91 96
93 96
95 96
5 97
8 97
11 97
29 97
33 97
36 97
38 97
49 97
56 97
60 97
61 97
62 97
64 97
66 97
81 97
91 97
95 97
96 97
18 98
29 98
30 98
45 98
59 98
67 98
69 98
71 98
73 98
93 98
1 99
14 99
22 99
24 99
29 99
30 99
36 99
50 99
52 99
66 99
69 99
80 99
87 99
12 100
20 100
30 100
31 100
35 100
57 100
60 100
67 100
76 100
78 100
81 100
83 100
86 100
89 100
90 100
96 100
97 100
0 101
2 101
5 101
6 101
10 101
11 101
16 101
23 101
28 101
36 101
42 101
53 101
62 101
64 101
66 101
77 101
81 101
82 101
87 101
3 102
18 102
19 102
30 102
34 102
53 102
58 102
65 102
74 102
81 102
84 102
89 102
90 102
10 103
14 103
20 103
27 103
30 103
32 103
46 103
49 103
67 103
77 103
83 103
92 103
12 104
16 104
18 104
21 104
23 104
24 104
26 104
30 104
39 104
53 104
60 104
66 104
77 104
84 104
94 104
101 104
21 105
28 105
31 105
39 105
71 105
73 105
78 105
79 105
88 105
93 105
94 105
96 105
98 105
1 106
4 106
8 106
19 106
22 106
23 106
24 106
26 106
44 106
57 106
69 106
70 106
76 106
78 106
83 106
91 106
92 106
93 106
103 106
1 107
3 107
4 107
13 107
16 107
20 107
26 107
29 107
31 107
34 107
42 107
50 107
58 107
66 107
69 107
75 107
83 107
90 107
91 107
98 107
26 108
30 108
39 108
57 108
59 108
61 108
68 108
76 108
93 108
94 108
98 108
103 108
107 108
1 109
6 109
8 109
9 109
15 109
19 109
30 109
33 109
48 109
58 109
64 109
94 109
97 109
102 109
104 109
107 109
2 110
12 110
18 110
29 110
34 110
35 110
37 110
40 110
44 110
60 110
65 110
66 110
71 110
74 110
76 110
77 110
80 110
103 110
107 110
109 110
41 111
46 111
51 111
56 111
58 111
74 111
97 111
108 111
4 112
13 112
23 112
28 112
30 112
31 112
34 112
38 112
49 112
70 112
92 112
95 112
96 112
104 112
5 113
15 113
29 113
38 113
58 113
61 113
71 113
75 113
81 113
86 113
92 113
6 114
11 114
18 114
25 114
36 114
40 114
44 114
68 114
73 114
84 114
90 114
91 114
93 114
106 114
2 115
3 115
4 115
30 115
32 115
43 115
44 115
50 115
55 115
62 115
64 115
83 115
87 115
97 115
114 115
8 116
11 116
19 116
21 116
24 116
28 116
36 116
55 116
57 116
58 116
66 116
85 116
100 116
101 116
105 116
106 116
4 117
12 117
22 117
24 117
26 117
31 117
64 117
79 117
95 117
100 117
112 117
115 117
116 117
0 118
8 118
17 118
18 118
27 118
37 118
39 118
70 118
74 118
78 118
83 118
86 118
94 118
100 118
117 118
10 119
43 119
60 119
63 119
77 119
97 119
1 120
5 120
10 120
12 120
36 120
42 120
46 120
47 120
55 120
67 120
72 120
76 120
79 120
81 120
90 120
92 120
97 120
102 120
113 120
117 120
1 121
4 121
6 121
11 121
15 121
35 121
48 121
49 121
51 121
71 121
73 121
75 121
76 121
85 121
89 121
98 121
103 121
106 121
112 121
4 122
7 122
13 122
25 122
27 122
30 122
38 122
42 122
44 122
45 122
46 122
53 122
60 122
65 122
67 122
69 122
74 122
84 122
89 122
91 122
92 122
93 122
94 122
104 122
28 123
32 123
40 123
46 123
55 123
56 123
58 123
64 123
69 123
72 123
77 123
80 123
84 123
91 123
98 123
4 124
19 124
33 124
35 124
46 124
64 124
65 124
74 124
83 124
94 124
106 124
107 124
115 124
123 124
19 125
23 125
33 125
37 125
46 125
69 125
72 125
77 125
82 125
89 125
90 125
91 125
109 125
3 126
9 126
13 126
15 126
16 126
22 126
29 126
35 126
45 126
62 126
69 126
70 126
74 126
91 126
107 126
115 126
123 126
124 126
3 127
14 127
17 127
23 127
31 127
37 127
41 127
47 127
53 127
57 127
63 127
65 127
66 127
73 127
76 127
82 127
90 127
107 127
123 127
125 127
10 128
17 128
26 128
36 128
59 128
61 128
62 128
72 128
76 128
83 128
90 128
103 128
3 129
13 129
14 129
16 129
21 129
36 129
41 129
43 129
45 129
49 129
55 129
67 129
68 129
82 129
88 129
90 129
102 129
110 129
112 129
113 129
114 129
120 129
0 130
7 130
12 130
22 130
25 130
40 130
42 130
56 130
80 130
97 130
101 130
107 130
121 130
123 130
128 130
27 131
29 131
35 131
48 131
54 131
61 131
93 131
100 131
105 131
110 131
111 131
125 131
129 131
7 132
14 132
17 132
18 132
21 132
33 132
34 132
42 132
44 132
60 132
69 132
79 132
80 132
83 132
89 132
97 132
108 132
122 132
124 132
9 133
10 133
11 133
19 133
22 133
25 133
29 133
32 133
41 133
52 133
53 133
73 133
98 133
99 133
113 133
115 133
117 133
122 133
125 133
126 133
131 133
0 134
3 134
5 134
8 134
13 134
15 134
27 134
29 134
36 134
39 134
43 134
47 134
63 134
72 134
80 134
83 134
89 134
98 134
102 134
114 134
20 135
23 135
30 135
33 135
44 135
47 135
52 135
56 135
65 135
71 135
86 135
104 135
109 135
111 135
122 135
134 135
5 136
10 136
14 136
17 136
22 136
25 136
40 136
48 136
56 136
57 136
71 136
76 136
81 136
83 136
93 136
103 136
116 136
125 136
133 136
134 136
7 137
17 137
18 137
25 137
28 137
32 137
46 137
50 137
53 137
60 137
61 137
66 137
86 137
97 137
102 137
104 137
107 137
125 137
127 137
133 137
0 138
2 138
5 138
16 138
22 138
31 138
34 138
42 138
48 138
52 138
53 138
75 138
106 138
112 138
115 138
127 138
130 138
1 139
3 139
21 139
24 139
27 139
35 139
37 139
43 139
44 139
50 139
63 139
74 139
81 139
83 139
86 139
120 139
122 139
126 139
128 139
129 139
134 139
138 139
3 140
7 140
20 140
27 140
29 140
34 140
35 140
37 140
48 140
50 140
54 140
61 140
63 140
67 140
71 140
73 140
88 140
91 140
93 140
98 140
108 140
128 140
11 141
18 141
21 141
36 141
38 141
56 141
81 141
124 141
125 141
131 141
139 141
5 142
11 142
15 142
24 142
42 142
44 142
47 142
67 142
80 142
81 142
82 142
112 142
129 142
130 142
9 143
10 143
13 143
27 143
38 143
41 143
45 143
49 143
50 143
67 143
87 143
91 143
97 143
101 143
103 143
105 143
116 143
117 143
131 143
132 143
140 143
3 144
5 144
14 144
23 144
24 144
26 144
29 144
32 144
33 144
47 144
50 144
62 144
66 144
86 144
90 144
92 144
95 144
104 144
115 144
121 144
122 144
124 144
126 144
129 144
4 145
5 145
11 145
14 145
26 145
33 145
38 145
40 145
50 145
57 145
74 145
87 145
106 145
116 145
117 145
120 145
123 145
128 145
132 145
137 145
3 146
36 146
53 146
61 146
68 146
83 146
86 146
90 146
101 146
104 146
111 146
117 146
123 146
134 146
136 146
139 146
9 147
22 147
30 147
31 147
50 147
57 147
63 147
70 147
97 147
116 147
137 147
7 148
9 148
17 148
25 148
26 148
34 148
38 148
82 148
93 148
103 148
114 148
122 148
123 148
126 148
129 148
7 149
8 149
9 149
17 149
28 149
36 149
37 149
39 149
44 149
55 149
65 149
67 149
70 149
80 149
83 149
87 149
90 149
95 149
102 149
104 149
106 149
108 149
109 149
114 149
129 149
140 149
143 149
7 150
8 150
12 150
19 150
33 150
39 150
48 150
53 150
73 150
74 150
82 150
118 150
123 150
125 150
128 150
129 150
135 150
140 150
145 150
149 150
0 151
3 151
4 151
20 151
28 151
33 151
37 151
52 151
63 151
66 151
70 151
76 151
85 151
103 151
105 151
115 151
124 151
126 151
131 151
132 151
141 151
2 152
17 152
18 152
22 152
29 152
31 152
43 152
46 152
78 152
79 152
82 152
88 152
96 152
110 152
116 152
124 152
128 152
136 152
8 153
19 153
26 153
28 153
29 153
42 153
48 153
66 153
91 153
96 153
98 153
107 153
112 153
115 153
122 153
132 153
135 153
144 153
148 153
149 153
0 154
10 154
16 154
50 154
60 154
83 154
96 154
102 154
117 154
122 154
123 154
126 154
127 154
128 154
147 154
4 155
6 155
13 155
25 155
28 155
32 155
35 155
38 155
40 155
54 155
64 155
70 155
82 155
87 155
119 155
122 155
125 155
127 155
132 155
150 155
152 155
1 156
9 156
10 156
12 156
14 156
30 156
34 156
37 156
45 156
83 156
85 156
86 156
90 156
93 156
95 156
98 156
104 156
124 156
125 156
139 156
5 157
22 157
26 157
35 157
39 157
41 157
42 157
43 157
51 157
67 157
72 157
80 157
81 157
85 157
88 157
91 157
107 157
108 157
114 157
121 157
122 157
126 157
131 157
138 157
139 157
143 157
153 157
154 157
0 158
13 158
32 158
33 158
35 158
39 158
50 158
51 158
59 158
61 158
65 158
75 158
79 158
86 158
93 158
95 158
98 158
120 158
130 158
132 158
133 158
134 158
136 158
140 158
144 158
146 158
5 159
16 159
17 159
23 159
27 159
50 159
60 159
61 159
76 159
79 159
82 159
85 159
88 159
91 159
104 159
108 159
120 159
124 159
125 159
127 159
128 159
133 159
136 159
139 159
140 159
153 159
155 159
156 159
4 160
19 160
40 160
48 160
49 160
51 160
54 160
61 160
75 160
83 160
88 160
93 160
96 160
104 160
112 160
121 160
126 160
132 160
145 160
156 160
9 161
10 161
12 161
17 161
20 161
32 161
34 161
43 161
44 161
45 161
58 161
63 161
95 161
96 161
105 161
108 161
109 161
131 161
135 161
139 161
145 161
147 161
150 161
154 161
4 162
17 162
19 162
22 162
37 162
41 162
42 162
60 162
66 162
111 162
117 162
122 162
128 162
129 162
141 162
146 162
152 162
155 162
161 162
8 163
16 163
25 163
26 163
47 163
52 163
56 163
58 163
61 163
72 163
82 163
92 163
93 163
106 163
109 163
111 163
114 163
115 163
122 163
124 163
126 163
151 163
152 163
153 163
8 164
16 164
22 164
25 164
27 164
36 164
40 164
42 164
96 164
99 164
100 164
122 164
123 164
125 164
131 164
135 164
136 164
140 164
144 164
148 164
149 164
3 165
7 165
10 165
17 165
19 165
21 165
26 165
30 165
42 165
45 165
56 165
72 165
75 165
94 165
100 165
125 165
150 165
164 165
24 166
29 166
31 166
35 166
44 166
52 166
63 166
64 166
81 166
90 166
93 166
95 166
96 166
112 166
115 166
117 166
126 166
128 166
136 166
140 166
163 166
34 167
40 167
45 167
52 167
54 167
62 167
65 167
67 167
75 167
92 167
106 167
110 167
119 167
122 167
130 167
132 167
134 167
142 167
158 167
161 167
0 168
13 168
14 168
18 168
35 168
38 168
46 168
48 168
61 168
64 168
96 168
98 168
99 168
124 168
132 168
138 168
154 168
156 168
165 168
1 169
8 169
9 169
14 169
21 169
22 169
23 169
35 169
37 169
39 169
45 169
67 169
70 169
78 169
88 169
91 169
103 169
107 169
110 169
113 169
121 169
126 169
131 169
132 169
134 169
138 169
142 169
1 170
2 170
3 170
4 170
30 170
31 170
35 170
72 170
73 170
76 170
90 170
94 170
95 170
98 170
100 170
107 170
110 170
140 170
144 170
167 170
21 171
27 171
64 171
69 171
77 171
90 171
95 171
100 171
104 171
110 171
115 171
126 171
129 171
135 171
136 171
141 171
152 171
154 171
166 171
4 172
6 172
9 172
15 172
29 172
34 172
35 172
38 172
41 172
43 172
48 172
55 172
59 172
60 172
64 172
68 172
71 172
80 172
95 172
102 172
113 172
123 172
125 172
145 172
148 172
149 172
150 172
157 172
161 172
166 172
0 173
10 173
24 173
31 173
38 173
42 173
43 173
56 173
62 173
63 173
89 173
93 173
104 173
116 173
120 173
140 173
147 173
149 173
155 173
162 173
166 173
0 174
5 174
20 174
24 174
32 174
40 174
58 174
63 174
68 174
72 174
111 174
120 174
126 174
133 174
138 174
159 174
4 175
6 175
15 175
24 175
40 175
41 175
44 175
47 175
51 175
56 175
58 175
71 175
75 175
79 175
81 175
103 175
117 175
118 175
120 175
143 175
148 175
151 175
160 175
166 175
4 176
21 176
23 176
36 176
38 176
52 176
69 176
70 176
79 176
115 176
118 176
125 176
126 176
150 176
151 176
155 176
2 177
8 177
13 177
16 177
39 177
48 177
51 177
52 177
63 177
68 177
89 177
93 177
95 177
96 177
117 177
121 177
124 177
130 177
135 177
144 177
145 177
146 177
157 177
159 177
161 177
170 177
172 177
7 178
16 178
25 178
28 178
33 178
43 178
49 178
51 178
52 178
58 178
65 178
86 178
91 178
92 178
94 178
107 178
110 178
115 178
127 178
135 178
138 178
140 178
150 178
157 178
159 178
165 178
5 179
7 179
10 179
32 179
41 179
42 179
45 179
58 179
60 179
61 179
64 179
67 179
80 179
83 179
89 179
99 179
111 179
116 179
118 179
131 179
145 179
147 179
155 179
169 179
177 179
0 180
3 180
4 180
5 180
12 180
19 180
29 180
43 180
45 180
46 180
49 180
52 180
61 180
64 180
66 180
67 180
83 180
106 180
109 180
114 180
116 180
118 180
125 180
152 180
155 180
156 180
160 180
170 180
176 180
27 181
31 181
49 181
54 181
64 181
72 181
73 181
75 181
78 181
80 181
91 181
100 181
101 181
103 181
104 181
113 181
121 181
126 181
128 181
151 181
158 181
161 181
173 181
31 182
34 182
43 182
44 182
45 182
54 182
60 182
65 182
72 182
84 182
101 182
102 182
107 182
117 182
126 182
130 182
137 182
143 182
155 182
159 182
161 182
162 182
167 182
5 183
7 183
20 183
22 183
25 183
27 183
44 183
57 183
75 183
83 183
128 183
135 183
137 183
148 183
153 183
157 183
166 183
172 183
180 183
4 184
7 184
9 184
14 184
32 184
35 184
51 184
63 184
67 184
84 184
93 184
114 184
116 184
118 184
126 184
134 184
154 184
158 184
159 184
172 184
5 185
9 185
21 185
39 185
40 185
67 185
85 185
91 185
98 185
104 185
138 185
139 185
143 185
148 185
151 185
156 185
166 185
175 185
179 185
184 185
16 186
23 186
29 186
30 186
32 186
35 186
36 186
53 186
56 186
58 186
69 186
75 186
81 186
82 186
99 186
102 186
106 186
115 186
123 186
131 186
166 186
177 186
1 187
2 187
14 187
33 187
42 187
47 187
48 187
51 187
52 187
55 187
66 187
67 187
70 187
85 187
109 187
116 187
133 187
140 187
142 187
167 187
171 187
176 187
184 187
7 188
9 188
10 188
25 188
34 188
41 188
54 188
59 188
60 188
75 188
76 188
80 188
90 188
95 188
97 188
104 188
106 188
110 188
113 188
116 188
120 188
135 188
137 188
150 188
151 188
152 188
171 188
172 188
5 189
10 189
26 189
29 189
30 189
42 189
62 189
66 189
82 189
87 189
89 189
94 189
99 189
104 189
112 189
120 189
136 189
139 189
146 189
148 189
163 189
178 189
12 190
15 190
27 190
39 190
43 190
48 190
60 190
61 190
71 190
92 190
104 190
105 190
121 190
133 190
137 190
143 190
150 190
153 190
157 190
159 190
161 190
167 190
169 190
182 190
189 190
3 191
4 191
5 191
38 191
39 191
43 191
50 191
69 191
74 191
82 191
84 191
104 191
108 191
110 191
119 191
121 191
133 191
139 191
144 191
152 191
175 191
189 191
190 191
1 192
9 192
18 192
22 192
23 192
24 192
30 192
37 192
48 192
51 192
53 192
54 192
82 192
83 192
86 192
97 192
99 192
102 192
125 192
132 192
144 192
158 192
179 192
3 193
10 193
13 193
17 193
21 193
28 193
46 193
47 193
49 193
55 193
61 193
70 193
73 193
79 193
113 193
114 193
115 193
128 193
138 193
148 193
150 193
161 193
165 193
167 193
179 193
180 193
187 193
189 193
15 194
25 194
29 194
36 194
41 194
45 194
50 194
53 194
71 194
73 194
77 194
80 194
90 194
93 194
108 194
110 194
111 194
140 194
150 194
158 194
167 194
181 194
187 194
6 195
10 195
13 195
27 195
29 195
30 195
34 195
42 195
44 195
46 195
52 195
59 195
62 195
92 195
96 195
114 195
119 195
147 195
168 195
171 195
180 195
183 195
192 195
0 196
17 196
24 196
29 196
31 196
33 196
51 196
64 196
80 196
82 196
98 196
99 196
112 196
123 196
124 196
135 196
141 196
147 196
148 196
167 196
175 196
8 197
10 197
14 197
16 197
20 197
21 197
27 197
35 197
37 197
54 197
73 197
79 197
81 197
88 197
89 197
91 197
102 197
129 197
132 197
137 197
143 197
149 197
153 197
155 197
164 197
165 197
167 197
178 197
184 197
2 198
9 198
11 198
16 198
26 198
38 198
45 198
51 198
59 198
60 198
66 198
72 198
75 198
76 198
82 198
98 198
107 198
112 198
122 198
146 198
152 198
184 198
186 198
11 199
19 199
48 199
49 199
56 199
60 199
70 199
71 199
74 199
123 199
128 199
139 199
154 199
157 199
164 199
171 199
172 199
183 199
187 199
188 199
193 199
1 200
6 200
9 200
22 200
27 200
29 200
32 200
49 200
67 200
76 200
77 200
80 200
82 200
85 200
86 200
100 200
104 200
107 200
112 200
120 200
130 200
132 200
133 200
138 200
167 200
168 200
169 200
170 200
175 200
176 200
180 200
181 200
187 200
195 200
198 200
4 201
13 201
14 201
23 201
26 201
31 201
38 201
52 201
56 201
66 201
70 201
74 201
83 201
93 201
98 201
101 201
115 201
119 201
130 201
141 201
166 201
170 201
172 201
181 201
192 201
194 201
1 202
10 202
41 202
46 202
56 202
59 202
67 202
69 202
72 202
83 202
88 202
94 202
110 202
111 202
114 202
115 202
117 202
122 202
126 202
133 202
138 202
141 202
148 202
149 202
152 202
153 202
162 202
179 202
185 202
188 202
190 202
193 202
1 203
2 203
20 203
26 203
37 203
41 203
42 203
50 203
57 203
61 203
72 203
77 203
78 203
86 203
95 203
109 203
111 203
116 203
127 203
139 203
144 203
158 203
168 203
186 203
200 203
4 204
8 204
22 204
49 204
51 204
56 204
61 204
64 204
71 204
72 204
73 204
79 204
88 204
89 204
100 204
104 204
105 204
117 204
121 204
134 204
137 204
151 204
155 204
158 204
160 204
169 204
171 204
177 204
195 204
5 205
22 205
26 205
37 205
38 205
68 205
75 205
83 205
86 205
104 205
106 205
116 205
117 205
124 205
131 205
144 205
150 205
152 205
179 205
185 205
187 205
193 205
10 206
20 206
26 206
28 206
33 206
36 206
66 206
68 206
73 206
75 206
76 206
83 206
85 206
96 206
98 206
109 206
118 206
125 206
139 206
157 206
165 206
175 206
178 206
183 206
186 206
190 206
196 206
201 206
203 206
4 207
13 207
22 207
48 207
49 207
53 207
72 207
77 207
78 207
95 207
96 207
97 207
99 207
107 207
120 207
131 207
141 207
143 207
157 207
160 207
162 207
172 207
190 207
191 207
199 207
203 207
0 208
1 208
4 208
13 208
21 208
29 208
47 208
52 208
53 208
60 208
73 208
89 208
97 208
100 208
106 208
109 208
112 208
152 208
153 208
158 208
160 208
161 208
170 208
174 208
183 208
187 208
196 208
200 208
9 209
56 209
68 209
85 209
89 209
93 209
100 209
104 209
125 209
127 209
131 209
145 209
146 209
162 209
165 209
172 209
180 209
184 209
205 209
207 209
1 210
9 210
18 210
22 210
23 210
24 210
33 210
34 210
43 210
45 210
50 210
56 210
62 210
69 210
82 210
89 210
106 210
110 210
122 210
142 210
143 210
152 210
168 210
187 210
202 210
207 210
4 211
14 211
18 211
28 211
40 211
42 211
53 211
65 211
99 211
100 211
120 211
142 211
145 211
148 211
165 211
175 211
189 211
193 211
199 211
202 211
203 211
2 212
10 212
22 212
34 212
35 212
36 212
45 212
58 212
61 212
69 212
79 212
84 212
95 212
109 212
116 212
131 212
133 212
137 212
144 212
146 212
171 212
182 212
185 212
192 212
193 212
4 213
6 213
15 213
32 213
43 213
52 213
61 213
64 213
65 213
108 213
111 213
112 213
117 213
124 213
127 213
130 213
140 213
141 213
162 213
163 213
192 213
196 213
11 214
14 214
34 214
40 214
47 214
52 214
73 214
77 214
78 214
80 214
84 214
94 214
136 214
141 214
144 214
145 214
157 214
159 214
167 214
171 214
186 214
194 214
205 214
209 214
8 215
12 215
19 215
36 215
37 215
40 215
42 215
48 215
55 215
60 215
61 215
63 215
70 215
71 215
72 215
78 215
81 215
85 215
88 215
114 215
117 215
131 215
140 215
142 215
157 215
158 215
165 215
167 215
170 215
181 215
195 215
206 215
209 215
4 216
10 216
17 216
28 216
32 216
47 216
48 216
54 216
74 216
77 216
87 216
88 216
94 216
119 216
120 216
125 216
127 216
128 216
132 216
137 216
155 216
171 216
180 216
189 216
202 216
203 216
204 216
212 216
0 217
9 217
33 217
39 217
52 217
55 217
57 217
80 217
87 217
89 217
94 217
96 217
101 217
105 217
106 217
120 217
140 217
150 217
152 217
158 217
164 217
167 217
171 217
175 217
196 217
205 217
206 217
213 217
215 217
4 218
27 218
38 218
51 218
64 218
75 218
88 218
92 218
95 218
97 218
117 218
126 218
130 218
132 218
138 218
148 218
158 218
160 218
168 218
171 218
172 218
177 218
183 218
192 218
197 218
198 218
217 218
2 219
4 219
14 219
26 219
30 219
34 219
59 219
61 219
62 219
71 219
81 219
86 219
89 219
90 219
95 219
110 219
125 219
129 219
148 219
149 219
153 219
164 219
167 219
171 219
174 219
196 219
10 220
13 220
27 220
38 220
45 220
50 220
54 220
59 220
81 220
82 220
83 220
91 220
93 220
98 220
106 220
107 220
108 220
109 220
110 220
112 220
115 220
118 220
119 220
124 220
141 220
153 220
168 220
175 220
176 220
180 220
181 220
187 220
189 220
196 220
197 220
199 220
201 220
205 220
216 220
217 220
7 221
10 221
22 221
27 221
35 221
40 221
42 221
69 221
96 221
111 221
113 221
127 221
146 221
157 221
161 221
178 221
186 221
188 221
193 221
198 221
2 222
6 222
32 222
37 222
42 222
47 222
55 222
72 222
76 222
79 222
80 222
81 222
92 222
96 222
103 222
107 222
108 222
110 222
113 222
130 222
133 222
137 222
148 222
150 222
151 222
156 222
157 222
161 222
170 222
172 222
177 222
179 222
185 222
186 222
190 222
204 222
214 222
220 222
2 223
30 223
33 223
46 223
50 223
54 223
55 223
56 223
57 223
58 223
69 223
73 223
77 223
84 223
88 223
106 223
107 223
124 223
126 223
131 223
137 223
147 223
171 223
173 223
174 223
175 223
184 223
192 223
194 223
196 223
197 223
199 223
215 223
1 224
7 224
29 224
34 224
35 224
36 224
37 224
44 224
46 224
49 224
51 224
66 224
74 224
84 224
98 224
110 224
122 224
134 224
135 224
137 224
141 224
150 224
154 224
156 224
157 224
175 224
178 224
190 224
208 224
218 224
220 224
15 225
30 225
38 225
40 225
54 225
56 225
74 225
87 225
91 225
97 225
99 225
106 225
117 225
121 225
134 225
146 225
157 225
165 225
166 225
170 225
177 225
186 225
191 225
198 225
204 225
209 225
215 225
220 225
0 226
9 226
13 226
20 226
21 226
27 226
30 226
33 226
37 226
41 226
55 226
56 226
60 226
61 226
63 226
75 226
85 226
98 226
112 226
117 226
129 226
130 226
133 226
139 226
142 226
144 226
152 226
166 226
174 226
182 226
186 226
188 226
201 226
206 226
217 226
221 226
1 227
2 227
3 227
5 227
7 227
25 227
35 227
51 227
56 227
58 227
66 227
91 227
94 227
96 227
109 227
116 227
122 227
135 227
136 227
146 227
151 227
156 227
161 227
162 227
163 227
174 227
176 227
180 227
181 227
183 227
191 227
205 227
215 227
218 227
0 228
4 228
6 228
10 228
16 228
24 228
34 228
40 228
52 228
69 228
70 228
80 228
82 228
83 228
103 228
140 228
153 228
164 228
170 228
178 228
180 228
187 228
190 228
195 228
15 229
19 229
32 229
35 229
38 229
47 229
54 229
60 229
61 229
62 229
72 229
75 229
81 229
86 229
104 229
116 229
117 229
126 229
144 229
147 229
159 229
164 229
175 229
177 229
182 229
205 229
210 229
225 229
17 230
36 230
37 230
39 230
50 230
55 230
59 230
60 230
62 230
63 230
68 230
72 230
73 230
74 230
95 230
104 230
111 230
129 230
137 230
155 230
160 230
163 230
165 230
173 230
178 230
183 230
188 230
192 230
216 230
221 230
1 231
9 231
13 231
19 231
24 231
35 231
37 231
53 231
64 231
79 231
124 231
126 231
132 231
141 231
146 231
155 231
170 231
181 231
182 231
206 231
4 232
10 232
17 232
28 232
34 232
43 232
45 232
46 232
51 232
52 232
54 232
76 232
85 232
95 232
96 232
106 232
111 232
115 232
116 232
125 232
126 232
130 232
138 232
145 232
161 232
187 232
195 232
217 232
218 232
6 233
7 233
12 233
19 233
23 233
27 233
42 233
44 233
57 233
64 233
68 233
71 233
74 233
75 233
77 233
86 233
87 233
96 233
114 233
131 233
134 233
142 233
143 233
153 233
163 233
167 233
172 233
176 233
182 233
188 233
199 233
201 233
202 233
203 233
206 233
211 233
230 233
10 234
23 234
41 234
46 234
47 234
49 234
51 234
57 234
58 234
61 234
62 234
73 234
88 234
112 234
114 234
125 234
126 234
130 234
131 234
132 234
134 234
136 234
151 234
157 234
158 234
162 234
178 234
189 234
202 234
211 234
219 234
228 234
3 235
7 235
32 235
36 235
42 235
48 235
72 235
89 235
92 235
99 235
102 235
117 235
122 235
126 235
131 235
133 235
145 235
153 235
164 235
170 235
174 235
181 235
187 235
189 235
208 235
209 235
211 235
214 235
215 235
217 235
226 235
234 235
10 236
12 236
16 236
30 236
38 236
39 236
56 236
58 236
61 236
75 236
77 236
94 236
100 236
103 236
116 236
129 236
141 236
151 236
156 236
159 236
170 236
176 236
179 236
186 236
191 236
193 236
194 236
198 236
202 236
209 236
211 236
216 236
220 236
229 236
4 237
30 237
32 237
40 237
53 237
65 237
74 237
77 237
85 237
95 237
113 237
120 237
122 237
125 237
139 237
147 237
159 237
161 237
165 237
167 237
177 237
196 237
199 237
210 237
220 237
230 237
234 237
7 238
8 238
9 238
31 238
35 238
40 238
50 238
61 238
64 238
65 238
69 238
75 238
80 238
104 238
112 238
113 238
116 238
120 238
142 238
158 238
166 238
171 238
174 238
182 238
184 238
200 238
202 238
206 238
218 238
232 238
4 239
7 239
10 239
11 239
30 239
32 239
33 239
40 239
52 239
54 239
55 239
60 239
71 239
81 239
86 239
90 239
93 239
98 239
99 239
100 239
109 239
119 239
130 239
133 239
137 239
138 239
139 239
148 239
152 239
167 239
168 239
173 239
180 239
182 239
208 239
210 239
211 239
214 239
217 239
218 239
219 239
220 239
221 239
222 239
227 239
235 239
7 240
19 240
25 240
27 240
39 240
43 240
50 240
53 240
55 240
56 240
58 240
61 240
67 240
70 240
71 240
76 240
83 240
86 240
89 240
104 240
108 240
128 240
146 240
147 240
149 240
165 240
197 240
202 240
212 240
215 240
228 240
229 240
230 240
231 240
233 240
235 240
239 240
6 241
33 241
35 241
42 241
45 241
82 241
96 241
97 241
102 241
104 241
134 241
163 241
165 241
181 241
213 241
226 241
5 242
8 242
10 242
11 242
12 242
13 242
20 242
23 242
24 242
25 242
26 242
42 242
47 242
49 242
56 242
58 242
59 242
61 242
69 242
70 242
74 242
105 242
115 242
117 242
126 242
145 242
154 242
156 242
157 242
169 242
177 242
180 242
182 242
183 242
198 242
204 242
206 242
229 242
237 242
18 243
24 243
25 243
29 243
34 243
38 243
54 243
59 243
64 243
66 243
101 243
103 243
107 243
109 243
111 243
112 243
113 243
114 243
138 243
140 243
149 243
159 243
164 243
165 243
166 243
169 243
170 243
173 243
176 243
195 243
210 243
221 243
224 243
234 243
10 244
12 244
15 244
19 244
33 244
42 244
46 244
59 244
85 244
88 244
92 244
95 244
105 244
106 244
124 244
129 244
134 244
143 244
147 244
158 244
174 244
177 244
189 244
193 244
195 244
199 244
208 244
213 244
218 244
4 245
5 245
20 245
26 245
30 245
31 245
35 245
44 245
55 245
65 245
66 245
67 245
69 245
74 245
77 245
79 245
98 245
107 245
115 245
122 245
162 245
163 245
175 245
179 245
196 245
199 245
206 245
211 245
216 245
236 245
238 245
3 246
4 246
6 246
10 246
15 246
22 246
29 246
32 246
36 246
38 246
39 246
44 246
53 246
54 246
55 246
59 246
70 246
71 246
73 246
82 246
104 246
122 246
138 246
143 246
155 246
178 246
179 246
182 246
200 246
227 246
236 246
243 246
2 247
11 247
14 247
20 247
36 247
41 247
43 247
57 247
59 247
61 247
63 247
73 247
77 247
92 247
96 247
100 247
113 247
131 247
133 247
137 247
151 247
159 247
160 247
176 247
179 247
194 247
195 247
196 247
204 247
206 247
209 247
212 247
226 247
244 247
6 248
7 248
10 248
11 248
16 248
69 248
83 248
92 248
95 248
102 248
115 248
117 248
124 248
132 248
135 248
188 248
199 248
206 248
210 248
217 248
236 248
8 249
33 249
36 249
46 249
80 249
81 249
89 249
94 249
97 249
107 249
109 249
123 249
126 249
133 249
138 249
140 249
151 249
153 249
155 249
157 249
160 249
182 249
193 249
194 249
209 249
214 249
230 249
236 249
238 249
1 250
2 250
5 250
8 250
17 250
35 250
39 250
75 250
83 250
96 250
105 250
106 250
115 250
136 250
141 250
152 250
153 250
164 250
165 250
168 250
176 250
182 250
183 250
190 250
220 250
224 250
227 250
234 250
241 250
247 250
0 251
1 251
33 251
43 251
59 251
64 251
65 251
66 251
77 251
101 251
103 251
107 251
115 251
125 251
130 251
132 251
142 251
148 251
152 251
179 251
184 251
196 251
197 251
200 251
215 251
219 251
226 251
228 251
231 251
241 251
12 252
16 252
26 252
38 252
41 252
44 252
47 252
49 252
58 252
64 252
67 252
70 252
73 252
81 252
91 252
117 252
121 252
144 252
148 252
159 252
165 252
168 252
181 252
198 252
206 252
213 252
217 252
223 252
243 252
247 252
0 253
1 253
4 253
5 253
11 253
14 253
15 253
29 253
54 253
59 253
60 253
67 253
75 253
78 253
85 253
109 253
121 253
123 253
124 253
136 253
146 253
156 253
159 253
167 253
183 253
191 253
192 253
193 253
231 253
240 253
244 253
4 254
8 254
11 254
18 254
22 254
76 254
80 254
92 254
94 254
95 254
97 254
109 254
113 254
115 254
123 254
125 254
143 254
154 254
164 254
203 254
211 254
212 254
216 254
227 254
0 255
7 255
10 255
18 255
36 255
57 255
63 255
67 255
73 255
75 255
78 255
81 255
86 255
92 255
103 255
113 255
119 255
121 255
130 255
131 255
132 255
133 255
139 255
141 255
147 255
148 255
172 255
174 255
175 255
191 255
193 255
202 255
205 255
221 255
224 255
227 255
9 256
26 256
30 256
74 256
79 256
83 256
89 256
108 256
111 256
124 256
127 256
134 256
139 256
158 256
168 256
171 256
175 256
195 256
205 256
207 256
211 256
212 256
217 256
223 256
233 256
255 256
0 257
18 257
42 257
49 257
56 257
58 257
60 257
79 257
83 257
84 257
85 257
96 257
105 257
118 257
122 257
124 257
146 257
150 257
152 257
160 257
161 257
162 257
163 257
188 257
190 257
192 257
199 257
201 257
210 257
218 257
221 257
228 257
242 257
245 257
248 257
254 257
8 258
12 258
34 258
43 258
46 258
51 258
67 258
78 258
93 258
98 258
101 258
110 258
112 258
149 258
184 258
188 258
192 258
211 258
212 258
217 258
218 258
226 258
240 258
241 258
251 258
252 258
253 258
18 259
33 259
40 259
49 259
85 259
88 259
101 259
113 259
126 259
129 259
133 259
140 259
155 259
158 259
165 259
167 259
169 259
181 259
187 259
198 259
201 259
206 259
208 259
214 259
225 259
227 259
236 259
237 259
239 259
240 259
245 259
258 259
21 260
25 260
33 260
37 260
39 260
49 260
50 260
53 260
58 260
61 260
65 260
66 260
75 260
76 260
80 260
81 260
96 260
103 260
105 260
136 260
146 260
148 260
149 260
155 260
161 260
179 260
183 260
188 260
205 260
211 260
246 260
248 260
249 260
259 260
7 261
14 261
16 261
22 261
35 261
37 261
53 261
54 261
61 261
69 261
78 261
89 261
93 261
98 261
99 261
101 261
114 261
124 261
125 261
127 261
129 261
141 261
142 261
151 261
152 261
169 261
170 261
177 261
181 261
191 261
198 261
204 261
213 261
239 261
255 261
0 262
7 262
12 262
40 262
44 262
45 262
61 262
66 262
78 262
84 262
86 262
107 262
125 262
127 262
143 262
171 262
174 262
175 262
179 262
180 262
186 262
193 262
207 262
209 262
217 262
222 262
223 262
239 262
245 262
15 263
17 263
27 263
38 263
41 263
45 263
65 263
75 263
82 263
83 263
92 263
93 263
97 263
102 263
105 263
108 263
136 263
140 263
147 263
168 263
169 263
173 263
177 263
179 263
192 263
195 263
196 263
204 263
206 263
224 263
229 263
235 263
236 263
242 263
253 263
254 263
257 263
261 263
19 264
20 264
31 264
32 264
33 264
44 264
54 264
69 264
70 264
77 264
89 264
97 264
118 264
127 264
129 264
138 264
139 264
140 264
149 264
156 264
162 264
173 264
179 264
190 264
191 264
196 264
201 264
203 264
221 264
250 264
259 264
6 265
11 265
25 265
31 265
44 265
45 265
52 265
60 265
67 265
70 265
82 265
85 265
100 265
102 265
105 265
119 265
120 265
132 265
144 265
158 265
176 265
179 265
195 265
196 265
201 265
204 265
208 265
217 265
226 265
235 265
3 266
7 266
8 266
9 266
13 266
16 266
23 266
40 266
48 266
60 266
62 266
66 266
71 266
72 266
76 266
80 266
94 266
95 266
96 266
103 266
106 266
107 266
110 266
115 266
125 266
127 266
131 266
136 266
140 266
142 266
145 266
160 266
165 266
167 266
171 266
175 266
199 266
207 266
216 266
222 266
242 266
247 266
248 266
251 266
264 266
2 267
3 267
5 267
21 267
22 267
27 267
42 267
43 267
49 267
60 267
67 267
68 267
72 267
74 267
92 267
95 267
108 267
109 267
119 267
120 267
122 267
144 267
155 267
158 267
163 267
171 267
173 267
180 267
182 267
188 267
203 267
228 267
234 267
235 267
240 267
248 267
263 267
5 268
7 268
20 268
21 268
28 268
38 268
45 268
58 268
68 268
69 268
90 268
100 268
117 268
121 268
127 268
131 268
146 268
147 268
167 268
176 268
187 268
199 268
203 268
205 268
227 268
239 268
245 268
246 268
251 268
259 268
262 268
1 269
2 269
4 269
11 269
18 269
19 269
23 269
24 269
42 269
43 269
50 269
54 269
65 269
77 269
91 269
92 269
96 269
99 269
103 269
120 269
132 269
146 269
164 269
174 269
202 269
218 269
219 269
243 269
247 269
258 269
262 269
2 270
6 270
28 270
32 270
58 270
62 270
63 270
98 270
102 270
120 270
125 270
131 270
132 270
158 270
161 270
163 270
172 270
173 270
183 270
189 270
190 270
199 270
200 270
204 270
216 270
231 270
248 270
255 270
260 270
4 271
9 271
16 271
32 271
37 271
41 271
42 271
46 271
53 271
54 271
55 271
61 271
62 271
66 271
67 271
70 271
77 271
88 271
95 271
97 271
101 271
104 271
107 271
122 271
128 271
132 271
154 271
159 271
168 271
176 271
198 271
209 271
220 271
231 271
233 271
239 271
248 271
259 271
262 271
264 271
266 271
3 272
7 272
10 272
12 272
17 272
23 272
33 272
40 272
43 272
45 272
56 272
67 272
87 272
90 272
91 272
94 272
102 272
114 272
117 272
126 272
127 272
130 272
139 272
158 272
170 272
172 272
185 272
188 272
207 272
218 272
222 272
225 272
227 272
232 272
236 272
252 272
261 272
11 273
17 273
36 273
49 273
50 273
52 273
59 273
61 273
64 273
65 273
71 273
93 273
99 273
103 273
108 273
111 273
112 273
114 273
131 273
134 273
138 273
145 273
150 273
160 273
161 273
166 273
167 273
172 273
183 273
186 273
187 273
194 273
213 273
222 273
239 273
258 273
262 273
267 273
15 274
18 274
37 274
39 274
43 274
44 274
51 274
58 274
64 274
74 274
78 274
81 274
101 274
104 274
129 274
132 274
164 274
173 274
181 274
183 274
187 274
196 274
207 274
217 274
221 274
229 274
232 274
237 274
238 274
246 274
248 274
251 274
260 274
270 274
0 275
7 275
16 275
29 275
35 275
47 275
50 275
65 275
80 275
84 275
89 275
90 275
91 275
96 275
114 275
115 275
121 275
155 275
156 275
159 275
171 275
177 275
183 275
207 275
209 275
214 275
216 275
220 275
222 275
225 275
229 275
234 275
235 275
251 275
258 275
12 276
16 276
20 276
21 276
27 276
28 276
31 276
33 276
42 276
48 276
74 276
80 276
86 276
88 276
102 276
109 276
119 276
128 276
141 276
147 276
155 276
160 276
161 276
162 276
167 276
170 276
182 276
183 276
186 276
190 276
197 276
198 276
199 276
206 276
217 276
220 276
235 276
240 276
264 276
0 277
4 277
23 277
27 277
30 277
33 277
50 277
59 277
62 277
64 277
69 277
70 277
76 277
77 277
88 277
100 277
109 277
131 277
134 277
144 277
148 277
150 277
159 277
173 277
179 277
180 277
183 277
188 277
189 277
192 277
195 277
207 277
208 277
211 277
215 277
216 277
223 277
233 277
243 277
259 277
6 278
12 278
13 278
14 278
21 278
24 278
43 278
46 278
56 278
59 278
72 278
89 278
97 278
99 278
117 278
132 278
133 278
134 278
135 278
151 278
164 278
179 278
183 278
184 278
185 278
186 278
214 278
224 278
237 278
246 278
268 278
269 278
3 279
7 279
25 279
28 279
52 279
61 279
67 279
68 279
70 279
78 279
92 279
93 279
97 279
112 279
115 279
120 279
122 279
130 279
131 279
133 279
141 279
151 279
162 279
168 279
179 279
194 279
197 279
219 279
220 279
226 279
232 279
241 279
242 279
257 279
260 279
267 279
270 279
275 279
276 279
0 280
1 280
8 280
11 280
18 280
29 280
32 280
36 280
37 280
46 280
58 280
68 280
95 280
96 280
102 280
107 280
109 280
112 280
113 280
114 280
117 280
132 280
149 280
151 280
169 280
170 280
176 280
178 280
182 280
190 280
204 280
209 280
220 280
225 280
226 280
236 280
237 280
241 280
247 280
255 280
259 280
260 280
265 280
277 280
0 281
23 281
30 281
33 281
38 281
62 281
65 281
72 281
92 281
96 281
98 281
103 281
108 281
111 281
114 281
134 281
166 281
169 281
203 281
221 281
229 281
233 281
238 281
241 281
255 281
269 281
271 281
5 282
13 282
17 282
24 282
47 282
54 282
68 282
81 282
82 282
83 282
102 282
104 282
121 282
131 282
161 282
166 282
174 282
179 282
220 282
243 282
247 282
248 282
274 282
3 283
8 283
17 283
18 283
29 283
31 283
33 283
41 283
62 283
63 283
70 283
73 283
78 283
89 283
113 283
126 283
132 283
137 283
140 283
150 283
155 283
156 283
171 283
183 283
200 283
208 283
214 283
220 283
227 283
244 283
249 283
251 283
257 283
263 283
267 283
0 284
7 284
20 284
32 284
76 284
85 284
88 284
94 284
112 284
113 284
115 284
123 284
125 284
136 284
137 284
142 284
145 284
149 284
160 284
166 284
167 284
192 284
193 284
210 284
220 284
229 284
230 284
252 284
257 284
259 284
269 284
0 285
6 285
7 285
16 285
25 285
31 285
44 285
46 285
47 285
52 285
59 285
62 285
74 285
80 285
86 285
91 285
127 285
129 285
141 285
153 285
159 285
172 285
175 285
177 285
187 285
202 285
204 285
238 285
248 285
259 285
281 285
14 286
20 286
22 286
41 286
42 286
44 286
50 286
51 286
53 286
66 286
68 286
78 286
101 286
102 286
104 286
117 286
146 286
153 286
158 286
166 286
186 286
199 286
201 286
219 286
222 286
223 286
249 286
254 286
265 286
267 286
6 287
16 287
17 287
52 287
57 287
65 287
67 287
71 287
79 287
82 287
100 287
102 287
108 287
110 287
120 287
123 287
144 287
146 287
159 287
160 287
171 287
181 287
186 287
191 287
195 287
197 287
199 287
202 287
205 287
210 287
218 287
227 287
233 287
237 287
238 287
247 287
277 287
283 287
11 288
16 288
21 288
39 288
61 288
67 288
80 288
81 288
94 288
106 288
108 288
112 288
119 288
124 288
150 288
155 288
160 288
164 288
165 288
185 288
188 288
205 288
213 288
220 288
232 288
234 288
237 288
272 288
284 288
4 289
7 289
18 289
25 289
26 289
29 289
43 289
45 289
47 289
53 289
61 289
100 289
101 289
124 289
135 289
140 289
143 289
164 289
168 289
172 289
191 289
192 289
201 289
204 289
211 289
221 289
222 289
228 289
238 289
248 289
253 289
269 289
278 289
287 289
9 290
32 290
40 290
68 290
78 290
81 290
89 290
92 290
100 290
110 290
116 290
122 290
130 290
135 290
137 290
151 290
164 290
178 290
180 290
194 290
214 290
216 290
224 290
225 290
233 290
239 290
256 290
257 290
264 290
266 290
270 290
272 290
276 290
287 290
29 291
40 291
47 291
56 291
65 291
68 291
76 291
79 291
82 291
83 291
84 291
85 291
87 291
94 291
105 291
108 291
111 291
113 291
124 291
128 291
129 291
130 291
131 291
153 291
169 291
176 291
185 291
187 291
188 291
195 291
199 291
215 291
224 291
236 291
240 291
246 291
250 291
253 291
255 291
261 291
262 291
280 291
288 291
3 292
22 292
24 292
32 292
39 292
54 292
55 292
64 292
70 292
86 292
95 292
111 292
113 292
119 292
143 292
146 292
148 292
154 292
155 292
158 292
161 292
162 292
163 292
167 292
183 292
192 292
201 292
211 292
212 292
215 292
217 292
220 292
234 292
238 292
239 292
245 292
248 292
277 292
278 292
289 292
6 293
11 293
25 293
30 293
42 293
50 293
63 293
70 293
93 293
107 293
115 293
116 293
120 293
126 293
127 293
132 293
152 293
161 293
166 293
169 293
173 293
187 293
188 293
197 293
205 293
207 293
209 293
225 293
226 293
231 293
252 293
259 293
278 293
286 293
0 294
2 294
14 294
26 294
29 294
45 294
47 294
54 294
58 294
67 294
69 294
73 294
76 294
85 294
101 294
113 294
119 294
127 294
142 294
144 294
157 294
159 294
177 294
193 294
202 294
204 294
214 294
217 294
225 294
235 294
238 294
250 294
260 294
263 294
271 294
278 294
284 294
288 294
293 294
6 295
13 295
14 295
21 295
37 295
44 295
49 295
55 295
58 295
61 295
66 295
69 295
72 295
76 295
83 295
91 295
96 295
100 295
124 295
132 295
138 295
146 295
156 295
159 295
164 295
165 295
173 295
184 295
195 295
210 295
225 295
246 295
250 295
252 295
258 295
267 295
274 295
275 295
283 295
285 295
290 295
291 295
3 296
5 296
16 296
25 296
26 296
29 296
30 296
34 296
44 296
49 296
56 296
62 296
64 296
68 296
75 296
80 296
85 296
105 296
107 296
122 296
127 296
134 296
143 296
150 296
161 296
162 296
167 296
172 296
192 296
210 296
217 296
228 296
264 296
266 296
267 296
278 296
279 296
283 296
291 296
295 296
30 297
36 297
37 297
42 297
47 297
57 297
75 297
84 297
92 297
95 297
101 297
106 297
119 297
120 297
125 297
134 297
136 297
143 297
147 297
161 297
174 297
194 297
203 297
206 297
223 297
231 297
233 297
239 297
247 297
249 297
250 297
255 297
271 297
272 297
273 297
275 297
282 297
10 298
12 298
33 298
45 298
51 298
67 298
77 298
78 298
89 298
92 298
98 298
99 298
117 298
118 298
147 298
149 298
160 298
169 298
170 298
177 298
178 298
194 298
195 298
199 298
231 298
236 298
239 298
248 298
273 298
275 298
277 298
282 298
285 298
287 298
11 299
12 299
25 299
36 299
38 299
45 299
46 299
53 299
61 299
72 299
87 299
90 299
103 299
118 299
126 299
128 299
132 299
137 299
144 299
154 299
161 299
170 299
174 299
183 299
194 299
197 299
221 299
224 299
226 299
237 299
247 299
252 299
265 299
269 299
271 299
273 299
274 299
277 299
285 299
296 299
