300 4152 5
3 14 3 4 3 14 11 1 12 1 5 2 19 11 2 2 8 26 12 2 6 1 1 20 22 3 13 29 2 15 7 19 6 24 1 1 3 39 7 1 20 7 51 1 16 5 4 2 8 2 8 4 8 20 6 3 3 6 33 16 14 7 4 41 23 2 1 1 16 3 9 9 9 3 7 1 4 9 52 3 16 38 13 22 9 18 7 11 1 4 13 5 12 31 1 9 11 3 1 8 26 2 2 5 6 2 9 21 5 27 2 5 10 9 7 31 1 3 2 6 2 10 6 21 3 3 3 5 20 1 6 23 12 3 1 8 1 11 14 12 4 9 1 42 5 4 5 16 28 10 7 13 4 4 13 35 13 17 5 5 21 8 16 17 3 2 16 11 10 5 22 3 9 3 18 2 1 6 15 7 8 29 17 16 11 28 9 15 2 4 30 3 6 7 3 18 8 1 12 6 22 14 12 15 7 3 1 5 7 2 25 11 7 18 11 7 22 4 1 18 2 17 10 25 12 5 7 5 17 3 2 6 5 10 23 9 8 1 1 15 10 7 23 8 4 8 13 7 43 9 12 4 9 6 8 2 10 14 3 4 5 1 6 9 2 4 4 5 24 9 3 1 3 20 2 1 19 10 8 7 3 9 5 1 16 7 17 1 16 28 8 16 5 4 34 11 23 7 9 3
3 4
1 5
4 7
7 9
10 11
0 12
1 13
4 13
9 13
2 14
3 14
4 14
6 14
7 14
10 14
12 14
1 15
14 16
4 17
13 17
2 18
7 18
10 18
7 19
16 20
8 21
9 21
15 21
1 22
14 22
1 23
11 23
15 23
1 24
17 24
1 25
12 25
6 26
20 26
7 27
10 27
17 27
19 27
11 28
27 28
19 29
21 29
19 30
23 30
10 31
16 31
24 31
1 32
8 32
11 32
19 32
7 33
12 33
19 33
29 33
32 33
19 34
30 34
32 34
0 35
4 35
33 35
3 36
19 36
20 36
21 36
24 36
34 36
33 37
15 38
26 38
15 39
32 39
36 39
26 40
33 40
0 41
19 41
30 41
3 42
4 42
11 42
15 42
22 42
24 42
28 42
41 42
12 43
23 43
36 43
14 44
16 44
20 44
2 45
4 45
5 45
32 45
6 46
14 46
15 46
18 46
44 46
11 47
21 47
22 48
24 48
0 49
5 49
8 49
15 49
19 49
32 49
37 49
3 50
6 50
10 50
15 51
20 51
25 51
26 51
41 51
17 52
23 52
28 52
15 53
30 53
34 53
25 54
36 54
46 54
12 55
17 55
46 55
4 56
11 56
12 56
13 56
45 56
2 57
4 57
10 57
30 57
35 57
37 57
42 57
56 57
5 58
17 58
20 58
33 58
37 58
11 59
25 59
27 59
33 59
34 59
53 59
7 60
10 60
13 60
43 60
51 60
7 61
8 61
45 61
28 62
32 62
33 62
42 62
4 63
5 63
11 63
15 63
22 63
59 63
61 63
3 64
18 64
23 64
54 64
57 64
4 65
30 65
33 65
59 65
3 66
14 66
52 66
60 66
10 67
26 67
44 67
47 67
61 67
7 68
11 68
13 68
20 68
37 68
58 68
67 68
8 69
26 69
40 69
48 69
50 69
53 69
0 70
1 70
2 70
6 70
14 70
37 70
38 70
52 70
54 70
57 70
61 70
10 71
17 71
31 71
36 71
5 72
6 72
18 72
20 72
37 72
38 72
44 72
47 72
55 72
67 72
69 72
9 73
30 73
45 73
46 73
55 73
5 74
9 74
11 74
12 74
48 74
73 74
8 75
9 75
16 75
20 75
31 75
41 75
42 75
44 75
57 75
63 75
2 76
17 76
20 76
37 76
43 76
60 76
67 76
74 76
0 77
18 77
38 77
72 77
76 77
13 78
16 78
49 78
64 78
0 79
1 79
34 79
42 79
52 79
64 79
6 80
39 80
4 81
16 81
24 81
28 81
34 81
36 81
39 81
43 81
60 81
79 81
11 82
13 82
43 82
46 82
49 82
56 82
68 82
71 82
20 83
21 83
28 83
31 83
33 83
41 83
54 83
21 84
23 84
48 84
77 84
4 85
32 85
33 85
36 85
81 85
36 86
48 86
68 86
69 86
73 86
83 86
35 87
41 87
50 87
62 87
64 87
85 87
6 88
9 88
17 88
22 88
27 88
32 88
33 88
38 88
65 88
71 88
80 88
11 89
25 89
45 89
46 89
52 89
53 89
70 89
10 90
11 90
24 90
36 90
43 90
57 90
66 90
86 90
5 91
10 91
21 91
59 91
60 91
65 91
83 91
8 92
27 92
39 92
44 92
46 92
61 92
62 92
67 92
75 92
87 92
16 93
27 93
71 93
1 94
4 94
6 94
8 94
9 94
15 94
29 94
69 94
72 94
74 94
78 94
2 95
14 95
23 95
28 95
35 95
38 95
42 95
53 95
68 95
82 95
86 95
91 95
0 96
16 96
69 96
89 96
2 97
4 97
5 97
8 97
24 97
27 97
30 97
34 97
43 97
48 97
56 97
59 97
73 97
88 97
4 98
10 98
12 98
19 98
26 98
27 98
43 98
96 98
7 99
13 99
22 99
34 99
41 99
48 99
53 99
61 99
81 99
94 99
0 100
3 100
21 100
25 100
29 100
43 100
47 100
50 100
68 100
87 100
7 101
18 101
32 101
41 101
63 101
72 101
73 101
92 101
95 101
9 102
20 102
77 102
88 102
92 102
97 102
100 102
8 103
14 103
17 103
25 103
31 103
36 103
44 103
60 103
64 103
79 103
81 103
88 103
95 103
97 103
99 103
1 104
12 104
43 104
47 104
56 104
69 104
76 104
82 104
98 104
2 105
5 105
21 105
26 105
30 105
53 105
64 105
77 105
82 105
83 105
87 105
92 105
96 105
20 106
24 106
80 106
81 106
95 106
96 106
97 106
98 106
105 106
0 107
2 107
5 107
21 107
29 107
34 107
68 107
86 107
87 107
89 107
90 107
94 107
96 107
97 107
106 107
10 108
34 108
37 108
58 108
65 108
68 108
105 108
2 109
19 109
24 109
43 109
49 109
55 109
57 109
91 109
105 109
108 109
7 110
10 110
11 110
18 110
30 110
46 110
61 110
68 110
77 110
98 110
107 110
37 111
57 111
60 111
69 111
88 111
96 111
3 112
38 112
39 112
41 112
42 112
92 112
95 112
2 113
18 113
27 113
33 113
47 113
85 113
89 113
111 113
14 114
18 114
44 114
48 114
50 114
80 114
97 114
108 114
13 115
21 115
48 115
59 115
63 115
71 115
108 115
28 116
34 116
41 116
47 116
88 116
89 116
90 116
93 116
99 116
106 116
108 116
1 117
31 117
32 117
36 117
39 117
45 117
50 117
104 117
9 118
13 118
19 118
22 118
42 118
47 118
63 118
93 118
15 119
34 119
35 119
38 119
45 119
50 119
54 119
66 119
75 119
100 119
116 119
117 119
6 120
20 120
25 120
26 120
54 120
59 120
69 120
74 120
78 120
79 120
85 120
112 120
40 121
44 121
73 121
74 121
83 121
91 121
95 121
98 121
106 121
4 122
7 122
18 122
23 122
31 122
49 122
63 122
69 122
102 122
110 122
114 122
1 123
5 123
15 123
36 123
41 123
56 123
113 123
119 123
37 124
42 124
52 124
92 124
102 124
107 124
115 124
116 124
122 124
1 125
3 125
23 125
31 125
32 125
37 125
40 125
56 125
72 125
75 125
85 125
93 125
120 125
3 126
11 126
42 126
56 126
73 126
75 126
90 126
91 126
118 126
1 127
4 127
6 127
17 127
19 127
25 127
38 127
46 127
52 127
67 127
92 127
103 127
104 127
106 127
107 127
114 127
2 128
20 128
23 128
24 128
32 128
36 128
40 128
67 128
77 128
78 128
84 128
107 128
116 128
120 128
123 128
3 129
16 129
32 129
39 129
63 129
94 129
100 129
108 129
124 129
5 130
12 130
17 130
33 130
40 130
45 130
63 130
75 130
84 130
87 130
90 130
92 130
108 130
111 130
118 130
122 130
3 131
5 131
10 131
44 131
47 131
67 131
76 131
79 131
81 131
86 131
90 131
97 131
101 131
103 131
123 131
130 131
22 132
36 132
37 132
45 132
51 132
56 132
57 132
58 132
81 132
89 132
94 132
95 132
99 132
103 132
107 132
0 133
6 133
7 133
13 133
15 133
22 133
29 133
31 133
47 133
52 133
54 133
76 133
82 133
118 133
127 133
10 134
22 134
24 134
34 134
51 134
74 134
76 134
80 134
94 134
98 134
112 134
15 135
31 135
57 135
59 135
60 135
61 135
63 135
79 135
80 135
86 135
90 135
98 135
99 135
103 135
104 135
128 135
133 135
134 135
7 136
50 136
58 136
76 136
81 136
95 136
106 136
135 136
5 137
8 137
20 137
50 137
65 137
86 137
88 137
115 137
120 137
122 137
5 138
13 138
27 138
59 138
60 138
66 138
69 138
77 138
82 138
95 138
100 138
104 138
136 138
5 139
9 139
25 139
27 139
32 139
40 139
45 139
46 139
59 139
69 139
85 139
91 139
95 139
99 139
2 140
4 140
6 140
18 140
47 140
54 140
57 140
60 140
68 140
82 140
117 140
120 140
125 140
133 140
135 140
137 140
11 141
49 141
50 141
51 141
54 141
56 141
67 141
95 141
111 141
119 141
2 142
4 142
12 142
16 142
24 142
44 142
46 142
48 142
52 142
54 142
59 142
84 142
101 142
105 142
128 142
133 142
135 142
141 142
7 143
13 143
25 143
55 143
56 143
61 143
64 143
71 143
88 143
108 143
113 143
117 143
128 143
1 144
6 144
21 144
33 144
56 144
82 144
104 144
113 144
142 144
6 145
14 145
42 145
43 145
50 145
66 145
76 145
80 145
94 145
98 145
110 145
112 145
118 145
119 145
133 145
6 146
23 146
24 146
51 146
53 146
54 146
108 146
130 146
140 146
16 147
18 147
23 147
24 147
32 147
58 147
62 147
74 147
82 147
92 147
97 147
106 147
117 147
134 147
146 147
13 148
18 148
20 148
28 148
48 148
52 148
54 148
73 148
92 148
94 148
101 148
116 148
128 148
135 148
17 149
18 149
20 149
40 149
50 149
60 149
89 149
91 149
107 149
111 149
112 149
115 149
136 149
2 150
11 150
14 150
27 150
29 150
36 150
48 150
51 150
86 150
89 150
90 150
94 150
97 150
100 150
104 150
107 150
122 150
134 150
139 150
140 150
6 151
10 151
45 151
64 151
70 151
87 151
90 151
101 151
103 151
114 151
138 151
9 152
18 152
22 152
23 152
41 152
62 152
67 152
73 152
76 152
82 152
87 152
94 152
100 152
119 152
122 152
8 153
28 153
29 153
35 153
40 153
70 153
73 153
77 153
79 153
100 153
113 153
118 153
119 153
131 153
5 154
14 154
32 154
36 154
43 154
51 154
81 154
89 154
93 154
101 154
103 154
3 155
17 155
40 155
63 155
64 155
65 155
72 155
76 155
89 155
101 155
111 155
114 155
121 155
126 155
136 155
145 155
150 155
9 156
10 156
12 156
18 156
19 156
20 156
32 156
34 156
65 156
66 156
90 156
91 156
98 156
104 156
106 156
122 156
129 156
153 156
19 157
24 157
25 157
27 157
31 157
38 157
46 157
57 157
62 157
68 157
77 157
80 157
93 157
94 157
104 157
117 157
118 157
124 157
9 158
44 158
62 158
64 158
65 158
68 158
71 158
81 158
95 158
113 158
121 158
132 158
140 158
30 159
37 159
38 159
53 159
54 159
77 159
94 159
104 159
105 159
119 159
127 159
129 159
131 159
143 159
158 159
1 160
25 160
48 160
56 160
68 160
81 160
103 160
109 160
115 160
126 160
127 160
3 161
6 161
25 161
62 161
86 161
101 161
106 161
114 161
119 161
129 161
138 161
146 161
157 161
10 162
11 162
19 162
25 162
74 162
81 162
86 162
90 162
97 162
101 162
112 162
116 162
123 162
126 162
132 162
143 162
145 162
153 162
28 163
42 163
46 163
61 163
66 163
72 163
83 163
85 163
102 163
103 163
107 163
108 163
116 163
122 163
134 163
143 163
147 163
1 164
16 164
24 164
27 164
35 164
36 164
37 164
56 164
113 164
122 164
125 164
141 164
156 164
9 165
47 165
55 165
56 165
63 165
69 165
71 165
72 165
79 165
80 165
88 165
91 165
100 165
101 165
123 165
129 165
132 165
22 166
28 166
38 166
46 166
53 166
58 166
62 166
75 166
84 166
90 166
102 166
107 166
113 166
118 166
132 166
136 166
154 166
157 166
165 166
3 167
12 167
48 167
58 167
93 167
99 167
126 167
22 168
27 168
36 168
51 168
69 168
82 168
86 168
162 168
7 169
34 169
43 169
44 169
57 169
60 169
67 169
76 169
77 169
78 169
83 169
95 169
101 169
104 169
106 169
128 169
132 169
142 169
143 169
159 169
1 170
2 170
22 170
23 170
39 170
44 170
55 170
66 170
87 170
88 170
101 170
113 170
116 170
117 170
126 170
134 170
143 170
145 170
154 170
161 170
168 170
6 171
9 171
22 171
55 171
57 171
63 171
73 171
74 171
87 171
104 171
110 171
115 171
121 171
129 171
136 171
143 171
150 171
2 172
5 172
24 172
28 172
33 172
37 172
47 172
51 172
69 172
73 172
75 172
86 172
130 172
134 172
141 172
142 172
145 172
146 172
4 173
11 173
25 173
26 173
43 173
48 173
61 173
82 173
137 173
141 173
144 173
146 173
148 173
164 173
0 174
3 174
7 174
11 174
18 174
32 174
36 174
39 174
57 174
63 174
70 174
73 174
75 174
78 174
87 174
88 174
90 174
106 174
135 174
142 174
148 174
168 174
173 174
4 175
13 175
42 175
49 175
53 175
60 175
64 175
65 175
74 175
87 175
88 175
118 175
133 175
151 175
157 175
163 175
7 176
13 176
16 176
31 176
34 176
46 176
61 176
77 176
83 176
86 176
99 176
112 176
115 176
132 176
140 176
142 176
146 176
161 176
169 176
175 176
9 177
12 177
13 177
25 177
36 177
48 177
64 177
71 177
75 177
76 177
77 177
134 177
140 177
141 177
15 178
22 178
25 178
35 178
44 178
77 178
105 178
107 178
111 178
137 178
158 178
159 178
161 178
166 178
4 179
49 179
80 179
87 179
95 179
110 179
118 179
125 179
136 179
156 179
178 179
62 180
65 180
79 180
90 180
104 180
112 180
123 180
131 180
132 180
137 180
143 180
146 180
147 180
148 180
176 180
13 181
17 181
36 181
41 181
47 181
63 181
64 181
72 181
79 181
85 181
97 181
100 181
106 181
111 181
112 181
117 181
118 181
122 181
126 181
132 181
136 181
151 181
158 181
160 181
9 182
29 182
37 182
38 182
44 182
61 182
64 182
65 182
73 182
77 182
78 182
93 182
105 182
119 182
173 182
21 183
24 183
35 183
38 183
47 183
55 183
56 183
57 183
61 183
63 183
65 183
73 183
127 183
145 183
148 183
170 183
176 183
179 183
20 184
47 184
51 184
66 184
82 184
86 184
108 184
114 184
121 184
132 184
141 184
153 184
164 184
4 185
7 185
15 185
22 185
31 185
34 185
35 185
41 185
80 185
92 185
96 185
100 185
129 185
136 185
139 185
144 185
167 185
174 185
14 186
39 186
41 186
65 186
112 186
125 186
143 186
148 186
149 186
169 186
1 187
11 187
23 187
44 187
57 187
66 187
87 187
94 187
117 187
120 187
121 187
122 187
131 187
147 187
149 187
172 187
174 187
4 188
10 188
19 188
26 188
42 188
45 188
46 188
48 188
62 188
105 188
115 188
126 188
137 188
140 188
150 188
172 188
178 188
187 188
6 189
7 189
12 189
25 189
30 189
32 189
40 189
60 189
73 189
88 189
96 189
99 189
107 189
115 189
120 189
128 189
140 189
147 189
157 189
160 189
167 189
181 189
187 189
29 190
35 190
52 190
56 190
61 190
71 190
77 190
89 190
106 190
107 190
109 190
126 190
152 190
167 190
5 191
23 191
24 191
35 191
42 191
43 191
61 191
66 191
71 191
87 191
97 191
99 191
104 191
114 191
138 191
147 191
154 191
167 191
171 191
179 191
185 191
9 192
11 192
17 192
21 192
35 192
36 192
48 192
53 192
59 192
61 192
62 192
82 192
96 192
100 192
111 192
133 192
145 192
3 193
18 193
26 193
36 193
37 193
53 193
85 193
90 193
94 193
109 193
124 193
125 193
134 193
147 193
153 193
154 193
155 193
159 193
183 193
190 193
3 194
31 194
44 194
50 194
52 194
68 194
101 194
103 194
104 194
114 194
121 194
128 194
140 194
144 194
154 194
155 194
165 194
174 194
185 194
6 195
17 195
44 195
48 195
49 195
61 195
114 195
126 195
129 195
132 195
134 195
149 195
159 195
164 195
179 195
11 196
47 196
71 196
99 196
103 196
109 196
110 196
111 196
116 196
123 196
148 196
150 196
152 196
159 196
167 196
168 196
178 196
179 196
180 196
182 196
184 196
4 197
9 197
42 197
57 197
63 197
99 197
101 197
116 197
119 197
123 197
125 197
129 197
160 197
187 197
16 198
30 198
33 198
40 198
45 198
46 198
72 198
73 198
76 198
100 198
102 198
117 198
124 198
134 198
136 198
141 198
153 198
158 198
162 198
165 198
176 198
13 199
17 199
23 199
24 199
31 199
32 199
41 199
52 199
53 199
59 199
74 199
76 199
80 199
140 199
150 199
155 199
160 199
174 199
4 200
9 200
10 200
15 200
29 200
34 200
52 200
65 200
67 200
76 200
82 200
84 200
87 200
92 200
94 200
97 200
98 200
104 200
116 200
125 200
135 200
138 200
141 200
176 200
180 200
185 200
1 201
5 201
6 201
15 201
21 201
22 201
30 201
35 201
43 201
45 201
47 201
50 201
58 201
59 201
63 201
78 201
85 201
87 201
88 201
96 201
110 201
118 201
119 201
150 201
162 201
171 201
182 201
194 201
7 202
17 202
34 202
35 202
63 202
82 202
85 202
93 202
97 202
101 202
107 202
131 202
163 202
170 202
192 202
9 203
11 203
27 203
41 203
67 203
75 203
78 203
80 203
81 203
85 203
96 203
102 203
109 203
122 203
125 203
130 203
131 203
155 203
179 203
195 203
16 204
32 204
33 204
42 204
57 204
61 204
84 204
102 204
124 204
131 204
134 204
151 204
162 204
182 204
3 205
34 205
37 205
59 205
62 205
63 205
67 205
73 205
75 205
79 205
87 205
99 205
107 205
115 205
119 205
127 205
154 205
158 205
167 205
168 205
194 205
199 205
202 205
4 206
6 206
9 206
38 206
60 206
72 206
74 206
78 206
106 206
108 206
130 206
156 206
174 206
197 206
1 207
2 207
14 207
16 207
32 207
39 207
64 207
89 207
96 207
115 207
121 207
126 207
136 207
152 207
159 207
184 207
186 207
193 207
202 207
10 208
55 208
60 208
68 208
78 208
85 208
90 208
107 208
123 208
135 208
136 208
154 208
161 208
162 208
176 208
182 208
192 208
193 208
21 209
29 209
30 209
58 209
68 209
71 209
85 209
90 209
96 209
99 209
122 209
138 209
143 209
156 209
167 209
168 209
170 209
178 209
194 209
3 210
15 210
19 210
21 210
26 210
45 210
51 210
64 210
70 210
73 210
93 210
102 210
108 210
111 210
152 210
162 210
165 210
171 210
176 210
178 210
184 210
30 211
49 211
75 211
82 211
93 211
109 211
112 211
117 211
123 211
125 211
135 211
155 211
163 211
198 211
7 212
14 212
32 212
52 212
53 212
72 212
77 212
88 212
95 212
100 212
103 212
104 212
110 212
111 212
113 212
119 212
143 212
145 212
146 212
155 212
165 212
166 212
168 212
186 212
188 212
191 212
208 212
211 212
17 213
30 213
57 213
61 213
78 213
84 213
88 213
91 213
100 213
139 213
142 213
157 213
169 213
171 213
174 213
175 213
211 213
13 214
23 214
24 214
29 214
40 214
42 214
52 214
68 214
72 214
73 214
93 214
110 214
111 214
112 214
139 214
150 214
152 214
157 214
163 214
176 214
203 214
207 214
208 214
210 214
0 215
18 215
26 215
27 215
36 215
38 215
41 215
83 215
85 215
99 215
111 215
123 215
136 215
141 215
154 215
156 215
168 215
177 215
182 215
187 215
203 215
7 216
43 216
45 216
46 216
50 216
73 216
79 216
82 216
88 216
114 216
127 216
129 216
130 216
134 216
136 216
143 216
154 216
168 216
179 216
184 216
200 216
207 216
212 216
9 217
11 217
12 217
18 217
28 217
35 217
66 217
75 217
76 217
89 217
149 217
166 217
174 217
188 217
196 217
0 218
18 218
28 218
34 218
35 218
39 218
45 218
61 218
70 218
71 218
91 218
97 218
124 218
133 218
152 218
158 218
162 218
179 218
206 218
214 218
216 218
28 219
36 219
69 219
72 219
99 219
100 219
110 219
122 219
150 219
157 219
167 219
173 219
181 219
182 219
192 219
202 219
212 219
10 220
14 220
29 220
34 220
43 220
53 220
79 220
83 220
87 220
104 220
108 220
111 220
113 220
114 220
126 220
154 220
164 220
171 220
177 220
179 220
185 220
203 220
212 220
1 221
8 221
19 221
20 221
23 221
24 221
28 221
39 221
40 221
50 221
53 221
67 221
75 221
82 221
96 221
97 221
106 221
108 221
122 221
142 221
154 221
175 221
183 221
191 221
194 221
201 221
214 221
1 222
9 222
38 222
68 222
78 222
79 222
125 222
136 222
163 222
172 222
173 222
176 222
197 222
210 222
213 222
215 222
221 222
26 223
38 223
40 223
41 223
48 223
49 223
50 223
62 223
65 223
73 223
79 223
81 223
89 223
90 223
95 223
113 223
116 223
121 223
133 223
134 223
138 223
141 223
142 223
147 223
150 223
175 223
212 223
2 224
14 224
18 224
55 224
100 224
105 224
110 224
112 224
113 224
114 224
140 224
142 224
157 224
176 224
182 224
0 225
2 225
8 225
17 225
50 225
55 225
89 225
100 225
133 225
139 225
167 225
169 225
171 225
174 225
179 225
183 225
191 225
201 225
204 225
221 225
5 226
17 226
24 226
28 226
44 226
46 226
64 226
68 226
69 226
88 226
111 226
143 226
144 226
146 226
149 226
174 226
186 226
217 226
0 227
1 227
2 227
5 227
13 227
21 227
27 227
29 227
30 227
39 227
42 227
60 227
73 227
74 227
76 227
78 227
84 227
86 227
91 227
97 227
116 227
131 227
132 227
136 227
139 227
149 227
150 227
160 227
161 227
188 227
6 228
10 228
37 228
46 228
54 228
57 228
72 228
102 228
117 228
125 228
126 228
152 228
169 228
176 228
180 228
181 228
184 228
204 228
211 228
22 229
30 229
41 229
52 229
76 229
89 229
94 229
97 229
99 229
131 229
152 229
153 229
172 229
173 229
177 229
184 229
203 229
224 229
13 230
40 230
44 230
46 230
49 230
65 230
72 230
89 230
91 230
98 230
110 230
114 230
125 230
126 230
132 230
137 230
150 230
154 230
159 230
176 230
178 230
190 230
194 230
196 230
198 230
200 230
209 230
212 230
214 230
5 231
7 231
49 231
54 231
56 231
59 231
70 231
100 231
114 231
125 231
130 231
133 231
207 231
221 231
8 232
14 232
18 232
19 232
28 232
30 232
45 232
49 232
55 232
61 232
69 232
76 232
99 232
110 232
115 232
118 232
149 232
150 232
151 232
165 232
174 232
186 232
207 232
221 232
7 233
8 233
10 233
24 233
51 233
53 233
61 233
64 233
94 233
119 233
120 233
122 233
124 233
125 233
126 233
134 233
138 233
152 233
155 233
159 233
171 233
220 233
5 234
16 234
21 234
47 234
72 234
77 234
80 234
91 234
105 234
106 234
109 234
117 234
164 234
177 234
180 234
191 234
213 234
219 234
6 235
38 235
67 235
77 235
79 235
81 235
91 235
99 235
130 235
134 235
148 235
157 235
197 235
199 235
211 235
213 235
234 235
2 236
23 236
27 236
42 236
43 236
57 236
73 236
97 236
109 236
114 236
119 236
123 236
134 236
138 236
146 236
148 236
151 236
159 236
176 236
178 236
179 236
187 236
194 236
204 236
205 236
210 236
213 236
231 236
14 237
20 237
27 237
31 237
44 237
54 237
65 237
91 237
114 237
123 237
132 237
134 237
154 237
171 237
179 237
181 237
189 237
194 237
198 237
202 237
206 237
221 237
233 237
235 237
1 238
6 238
7 238
15 238
26 238
34 238
47 238
56 238
57 238
65 238
79 238
85 238
94 238
104 238
105 238
106 238
110 238
112 238
134 238
135 238
137 238
142 238
169 238
172 238
173 238
184 238
213 238
216 238
225 238
226 238
233 238
4 239
6 239
14 239
23 239
29 239
34 239
41 239
60 239
92 239
100 239
111 239
144 239
154 239
171 239
173 239
183 239
228 239
229 239
1 240
32 240
38 240
55 240
74 240
77 240
84 240
96 240
97 240
110 240
123 240
140 240
148 240
171 240
185 240
186 240
196 240
201 240
202 240
220 240
234 240
10 241
12 241
45 241
67 241
76 241
89 241
109 241
119 241
121 241
127 241
145 241
161 241
167 241
170 241
182 241
200 241
203 241
209 241
220 241
225 241
228 241
5 242
13 242
19 242
28 242
44 242
47 242
66 242
83 242
102 242
105 242
121 242
131 242
139 242
140 242
180 242
182 242
183 242
188 242
191 242
217 242
238 242
8 243
9 243
19 243
40 243
43 243
54 243
66 243
75 243
81 243
82 243
97 243
113 243
115 243
123 243
133 243
134 243
141 243
148 243
155 243
176 243
178 243
185 243
198 243
212 243
226 243
227 243
235 243
24 244
34 244
59 244
76 244
103 244
108 244
111 244
116 244
117 244
119 244
131 244
144 244
149 244
163 244
167 244
214 244
218 244
219 244
222 244
229 244
241 244
16 245
20 245
27 245
29 245
36 245
39 245
40 245
49 245
54 245
55 245
64 245
67 245
83 245
90 245
92 245
105 245
118 245
138 245
145 245
147 245
167 245
187 245
200 245
201 245
211 245
216 245
217 245
220 245
231 245
1 246
8 246
35 246
42 246
45 246
47 246
63 246
90 246
116 246
127 246
134 246
137 246
138 246
142 246
159 246
174 246
178 246
180 246
186 246
193 246
195 246
201 246
217 246
218 246
219 246
221 246
242 246
9 247
16 247
23 247
35 247
58 247
59 247
61 247
73 247
97 247
99 247
103 247
106 247
120 247
132 247
141 247
144 247
147 247
154 247
162 247
170 247
186 247
202 247
203 247
205 247
215 247
221 247
231 247
237 247
0 248
25 248
28 248
63 248
107 248
118 248
136 248
145 248
149 248
154 248
160 248
169 248
183 248
195 248
216 248
219 248
225 248
6 249
15 249
23 249
25 249
39 249
47 249
58 249
73 249
74 249
86 249
97 249
102 249
130 249
131 249
152 249
160 249
162 249
171 249
173 249
191 249
195 249
213 249
217 249
232 249
3 250
6 250
9 250
22 250
40 250
41 250
72 250
96 250
101 250
116 250
145 250
148 250
154 250
164 250
173 250
174 250
177 250
195 250
203 250
214 250
230 250
249 250
0 251
34 251
45 251
48 251
62 251
65 251
70 251
94 251
96 251
101 251
108 251
111 251
121 251
126 251
139 251
145 251
163 251
175 251
221 251
227 251
246 251
0 252
2 252
17 252
18 252
39 252
40 252
43 252
44 252
71 252
77 252
88 252
117 252
122 252
127 252
135 252
138 252
145 252
169 252
180 252
182 252
185 252
187 252
191 252
202 252
216 252
218 252
229 252
230 252
15 253
20 253
24 253
31 253
33 253
40 253
57 253
61 253
66 253
81 253
94 253
121 253
128 253
131 253
145 253
146 253
152 253
175 253
199 253
206 253
232 253
241 253
4 254
15 254
16 254
30 254
41 254
70 254
76 254
80 254
82 254
124 254
135 254
138 254
145 254
185 254
234 254
242 254
243 254
4 255
24 255
37 255
62 255
91 255
92 255
95 255
111 255
116 255
127 255
128 255
133 255
142 255
151 255
169 255
180 255
183 255
199 255
234 255
240 255
243 255
14 256
44 256
49 256
50 256
61 256
75 256
78 256
79 256
86 256
89 256
101 256
107 256
111 256
119 256
125 256
140 256
168 256
188 256
208 256
248 256
249 256
253 256
19 257
25 257
36 257
40 257
60 257
74 257
83 257
96 257
100 257
150 257
154 257
157 257
161 257
164 257
168 257
170 257
172 257
204 257
214 257
244 257
250 257
9 258
11 258
67 258
69 258
87 258
93 258
105 258
108 258
111 258
114 258
118 258
130 258
136 258
137 258
146 258
155 258
157 258
158 258
159 258
161 258
165 258
166 258
171 258
199 258
207 258
215 258
218 258
219 258
246 258
6 259
10 259
19 259
20 259
46 259
58 259
64 259
65 259
67 259
70 259
77 259
79 259
86 259
94 259
96 259
103 259
113 259
120 259
126 259
127 259
139 259
157 259
161 259
162 259
165 259
170 259
183 259
191 259
192 259
196 259
229 259
234 259
16 260
19 260
48 260
57 260
58 260
78 260
83 260
86 260
107 260
114 260
120 260
141 260
167 260
178 260
198 260
212 260
234 260
237 260
257 260
8 261
12 261
18 261
43 261
46 261
51 261
62 261
82 261
92 261
112 261
113 261
127 261
139 261
146 261
162 261
172 261
176 261
180 261
181 261
187 261
192 261
220 261
251 261
258 261
31 262
36 262
56 262
83 262
84 262
91 262
131 262
134 262
136 262
141 262
143 262
153 262
175 262
183 262
186 262
223 262
230 262
242 262
244 262
248 262
260 262
3 263
11 263
14 263
24 263
26 263
41 263
50 263
51 263
55 263
72 263
78 263
101 263
104 263
106 263
117 263
118 263
132 263
156 263
159 263
162 263
179 263
182 263
208 263
258 263
7 264
13 264
22 264
35 264
49 264
76 264
143 264
145 264
154 264
166 264
168 264
182 264
186 264
192 264
227 264
231 264
246 264
257 264
2 265
7 265
11 265
19 265
26 265
35 265
50 265
53 265
57 265
73 265
78 265
79 265
85 265
94 265
126 265
141 265
148 265
160 265
168 265
170 265
202 265
217 265
218 265
243 265
253 265
0 266
6 266
13 266
30 266
39 266
44 266
54 266
57 266
58 266
62 266
64 266
79 266
80 266
110 266
123 266
150 266
153 266
169 266
175 266
197 266
201 266
206 266
211 266
249 266
250 266
253 266
10 267
11 267
14 267
23 267
29 267
64 267
67 267
70 267
79 267
85 267
96 267
115 267
126 267
135 267
142 267
211 267
232 267
248 267
261 267
263 267
3 268
10 268
17 268
19 268
50 268
81 268
93 268
100 268
117 268
123 268
127 268
128 268
133 268
140 268
165 268
166 268
189 268
194 268
220 268
241 268
246 268
257 268
267 268
38 269
60 269
82 269
83 269
95 269
107 269
121 269
135 269
137 269
155 269
159 269
176 269
189 269
210 269
242 269
253 269
257 269
14 270
26 270
27 270
41 270
44 270
62 270
90 270
102 270
107 270
108 270
119 270
128 270
132 270
133 270
145 270
156 270
165 270
166 270
184 270
186 270
191 270
198 270
210 270
232 270
238 270
244 270
246 270
248 270
260 270
5 271
26 271
37 271
46 271
47 271
58 271
62 271
94 271
114 271
120 271
129 271
138 271
140 271
144 271
150 271
153 271
168 271
169 271
171 271
173 271
176 271
180 271
196 271
217 271
218 271
240 271
248 271
262 271
263 271
9 272
29 272
35 272
41 272
50 272
58 272
127 272
136 272
163 272
167 272
179 272
187 272
200 272
206 272
212 272
217 272
230 272
236 272
237 272
250 272
251 272
259 272
262 272
264 272
24 273
39 273
68 273
69 273
93 273
94 273
98 273
104 273
105 273
112 273
130 273
132 273
153 273
154 273
179 273
193 273
201 273
250 273
41 274
48 274
60 274
68 274
90 274
100 274
103 274
114 274
124 274
128 274
135 274
152 274
155 274
166 274
170 274
182 274
185 274
198 274
207 274
208 274
211 274
250 274
258 274
27 275
44 275
49 275
58 275
66 275
71 275
82 275
85 275
89 275
94 275
103 275
170 275
190 275
207 275
213 275
225 275
237 275
243 275
248 275
251 275
254 275
257 275
272 275
38 276
43 276
63 276
74 276
80 276
97 276
101 276
104 276
119 276
139 276
140 276
155 276
162 276
185 276
195 276
217 276
221 276
240 276
248 276
251 276
269 276
272 276
0 277
2 277
12 277
30 277
32 277
39 277
47 277
48 277
56 277
58 277
70 277
72 277
73 277
101 277
105 277
124 277
152 277
169 277
173 277
179 277
202 277
204 277
208 277
220 277
231 277
233 277
240 277
247 277
251 277
261 277
2 278
4 278
9 278
38 278
44 278
56 278
61 278
63 278
67 278
68 278
73 278
94 278
96 278
102 278
108 278
139 278
151 278
154 278
160 278
162 278
175 278
184 278
186 278
187 278
206 278
213 278
258 278
262 278
264 278
268 278
275 278
1 279
5 279
19 279
25 279
32 279
40 279
43 279
60 279
76 279
79 279
82 279
92 279
95 279
101 279
138 279
139 279
141 279
148 279
151 279
157 279
168 279
192 279
195 279
199 279
201 279
205 279
217 279
224 279
237 279
241 279
247 279
261 279
263 279
268 279
269 279
273 279
6 280
30 280
37 280
38 280
61 280
72 280
97 280
111 280
112 280
120 280
122 280
126 280
137 280
165 280
171 280
175 280
189 280
192 280
193 280
196 280
214 280
219 280
241 280
246 280
255 280
267 280
30 281
34 281
60 281
77 281
78 281
82 281
91 281
95 281
124 281
126 281
135 281
136 281
143 281
147 281
157 281
181 281
185 281
192 281
200 281
219 281
221 281
223 281
248 281
256 281
274 281
34 282
44 282
83 282
96 282
97 282
111 282
113 282
120 282
143 282
155 282
176 282
179 282
209 282
220 282
229 282
232 282
235 282
256 282
262 282
268 282
270 282
277 282
281 282
10 283
16 283
36 283
40 283
41 283
43 283
56 283
61 283
88 283
91 283
100 283
112 283
118 283
122 283
125 283
140 283
149 283
166 283
191 283
193 283
197 283
206 283
219 283
239 283
244 283
251 283
264 283
265 283
268 283
272 283
10 284
17 284
43 284
51 284
60 284
74 284
84 284
87 284
93 284
101 284
108 284
125 284
141 284
143 284
149 284
156 284
179 284
182 284
189 284
209 284
218 284
228 284
242 284
249 284
251 284
259 284
277 284
9 285
15 285
29 285
33 285
35 285
36 285
47 285
49 285
57 285
67 285
88 285
110 285
116 285
118 285
120 285
129 285
131 285
135 285
136 285
162 285
165 285
171 285
187 285
192 285
199 285
239 285
240 285
244 285
248 285
267 285
268 285
5 286
10 286
15 286
27 286
41 286
45 286
46 286
47 286
49 286
53 286
60 286
64 286
76 286
84 286
85 286
96 286
110 286
120 286
131 286
133 286
134 286
136 286
142 286
150 286
153 286
183 286
190 286
207 286
222 286
233 286
239 286
245 286
251 286
262 286
273 286
16 287
19 287
28 287
45 287
47 287
52 287
60 287
63 287
64 287
107 287
121 287
126 287
131 287
136 287
148 287
149 287
195 287
203 287
224 287
237 287
257 287
28 288
39 288
49 288
68 288
73 288
74 288
78 288
96 288
112 288
130 288
164 288
180 288
222 288
235 288
237 288
250 288
265 288
268 288
270 288
272 288
274 288
278 288
284 288
13 289
22 289
23 289
29 289
50 289
65 289
66 289
90 289
92 289
98 289
105 289
113 289
115 289
122 289
135 289
140 289
157 289
162 289
166 289
177 289
200 289
206 289
207 289
227 289
270 289
272 289
273 289
283 289
0 290
24 290
36 290
41 290
42 290
44 290
50 290
63 290
80 290
105 290
114 290
121 290
132 290
135 290
142 290
146 290
169 290
175 290
180 290
181 290
191 290
192 290
194 290
213 290
219 290
222 290
240 290
258 290
266 290
280 290
283 290
4 291
16 291
20 291
25 291
29 291
41 291
45 291
57 291
64 291
75 291
97 291
122 291
135 291
143 291
150 291
153 291
165 291
167 291
176 291
189 291
201 291
210 291
249 291
272 291
284 291
285 291
11 292
14 292
22 292
32 292
60 292
74 292
126 292
146 292
152 292
154 292
170 292
174 292
183 292
186 292
206 292
215 292
248 292
251 292
268 292
274 292
282 292
291 292
12 293
15 293
32 293
35 293
42 293
43 293
62 293
68 293
79 293
80 293
89 293
107 293
122 293
130 293
132 293
152 293
166 293
168 293
169 293
175 293
183 293
184 293
198 293
205 293
215 293
219 293
229 293
234 293
245 293
276 293
291 293
8 294
21 294
22 294
53 294
65 294
82 294
103 294
132 294
133 294
135 294
142 294
147 294
155 294
169 294
178 294
182 294
183 294
189 294
197 294
215 294
224 294
225 294
230 294
231 294
275 294
7 295
8 295
18 295
44 295
45 295
50 295
60 295
82 295
87 295
90 295
109 295
116 295
122 295
129 295
137 295
139 295
148 295
151 295
185 295
203 295
223 295
238 295
242 295
244 295
249 295
257 295
259 295
266 295
17 296
34 296
53 296
78 296
86 296
98 296
106 296
139 296
152 296
160 296
174 296
191 296
206 296
210 296
217 296
218 296
219 296
221 296
222 296
226 296
234 296
240 296
242 296
266 296
12 297
26 297
53 297
54 297
83 297
84 297
109 297
128 297
129 297
133 297
164 297
165 297
190 297
195 297
196 297
203 297
217 297
236 297
238 297
244 297
259 297
269 297
275 297
287 297
14 298
27 298
38 298
45 298
52 298
61 298
77 298
83 298
88 298
92 298
93 298
97 298
107 298
124 298
127 298
129 298
130 298
139 298
164 298
190 298
195 298
228 298
242 298
243 298
248 298
253 298
255 298
258 298
284 298
288 298
296 298
1 299
27 299
41 299
51 299
54 299
56 299
77 299
79 299
104 299
110 299
122 299
129 299
131 299
137 299
141 299
146 299
152 299
153 299
171 299
179 299
181 299
186 299
188 299
196 299
198 299
205 299
213 299
247 299
250 299
252 299
267 299
268 299
281 299
296 299
