300 2445 5
7 7 6 4 6 6 3 6 7 4 3 6 5 4 7 4 6 4 3 4 5 8 5 5 7 5 7 6 4 8 5 4 7 7 4 6 5 4 6 7 6 6 6 6 5 5 5 4 5 4 7 5 5 6 6 6 3 6 4 4 7 5 6 6 4 6 5 7 4 5 4 4 5 5 7 5 6 4 7 7 6 6 4 5 4 6 5 4 6 6 6 4 5 4 5 6 6 6 4 5 6 6 7 5 4 5 6 7 6 5 6 4 5 6 4 4 6 6 5 3 5 5 5 6 7 5 6 5 5 6 5 8 5 5 4 7 5 6 6 7 5 8 4 7 4 6 5 5 6 5 6 4 6 6 7 5 5 5 5 6 6 8 5 6 6 4 7 4 4 5 7 6 6 6 6 9 6 7 6 5 7 6 6 6 6 6 6 6 8 6 8 6 6 3 7 5 5 6 5 5 6 6 4 7 7 6 7 5 4 6 5 5 6 3 6 4 6 6 5 6 6 7 6 6 5 7 6 6 4 5 3 5 5 5 5 6 8 6 4 4 6 4 5 7 5 5 6 6 6 4 6 5 4 5 5 6 5 6 6 5 6 5 7 6 6 8 4 5 6 6 4 6 5 5 5 5 6 6 5 5 6 5 7 7 5 7 4 5 4 5 5 6 5 7 6 3 4 5 5 6
2 5
3 6
4 6
3 10
5 13
8 13
13 14
0 19
13 20
14 20
1 21
19 21
13 22
18 24
22 24
0 25
6 25
24 25
7 26
22 26
21 27
23 27
12 28
13 28
12 29
16 29
26 29
17 30
3 31
4 31
15 31
19 31
17 32
5 33
10 33
14 34
29 34
25 35
13 37
27 37
33 37
2 38
9 38
6 39
34 39
31 40
38 40
6 41
10 41
18 41
25 41
10 42
14 42
41 42
12 43
27 43
14 44
20 44
25 44
31 44
36 44
43 44
12 45
18 45
19 45
24 45
27 45
11 46
18 46
42 46
38 47
6 48
20 48
24 48
35 48
46 48
36 49
37 49
26 50
43 50
1 51
2 51
29 52
42 52
29 54
43 55
8 56
19 56
20 56
35 56
1 57
13 57
28 57
33 57
36 57
41 57
6 58
24 58
14 59
15 59
18 59
25 59
31 59
40 59
11 60
17 60
37 60
56 60
17 61
29 61
7 62
37 62
9 63
20 63
47 63
51 63
53 63
1 64
9 64
15 64
20 64
36 64
53 64
14 65
30 65
51 65
56 65
21 66
51 66
59 66
42 67
33 68
43 69
54 69
15 70
16 70
60 70
69 70
1 71
20 71
48 71
49 71
58 71
60 71
68 71
20 72
34 72
47 72
4 73
13 73
16 73
24 73
42 73
69 73
5 74
30 74
49 74
5 75
7 75
29 75
47 75
5 76
44 76
47 76
56 76
70 76
0 77
5 77
13 77
42 77
43 77
49 77
52 77
16 78
37 78
66 78
33 79
34 79
36 79
2 80
23 80
56 80
71 80
29 81
43 81
50 81
63 81
1 82
21 82
28 82
33 82
72 82
73 82
75 82
7 83
53 83
60 83
68 83
69 83
11 84
17 84
38 84
55 84
57 84
58 84
61 84
76 84
2 85
48 85
59 85
80 85
29 86
36 86
78 86
80 86
82 86
70 87
0 88
22 88
25 88
65 88
24 89
63 89
85 89
24 90
36 90
44 90
76 90
58 91
73 91
1 92
6 92
44 92
56 92
1 93
2 93
22 93
39 93
44 93
77 93
84 93
25 94
70 94
2 95
10 95
13 95
36 95
79 95
80 95
88 95
10 96
55 96
66 96
72 96
84 96
88 96
18 97
20 97
26 97
85 97
88 97
91 97
32 98
22 99
36 99
45 99
54 99
60 99
90 99
93 99
63 100
65 100
71 100
0 101
3 101
27 101
29 101
57 101
79 101
85 101
86 101
4 102
25 102
29 102
40 102
48 102
71 102
58 103
77 103
78 103
98 103
4 104
39 104
54 104
97 104
25 105
27 105
34 105
39 105
43 105
57 105
96 105
7 106
23 106
27 106
32 106
47 106
52 106
66 106
71 106
76 106
82 106
90 106
98 106
8 107
18 107
34 107
48 107
58 107
63 107
4 108
19 108
22 108
49 108
68 108
77 108
78 108
79 108
27 109
33 109
59 109
88 109
103 109
18 110
19 110
24 110
65 110
73 110
77 110
84 110
85 110
101 110
7 111
35 111
49 111
86 111
90 111
98 111
107 111
17 112
48 112
50 112
68 112
84 112
85 112
86 112
92 112
94 112
99 112
102 112
14 113
30 113
48 113
66 113
76 113
79 113
2 114
18 114
41 114
46 114
79 114
83 114
88 114
5 115
6 115
7 115
16 115
17 115
26 115
32 115
41 115
52 115
57 115
85 115
101 115
102 115
107 115
13 116
26 116
31 116
83 116
106 116
109 116
0 117
73 117
23 118
49 118
62 118
67 118
90 118
108 118
6 119
30 119
47 119
61 119
85 119
103 119
106 119
45 120
79 120
80 120
85 120
111 120
13 121
16 121
20 121
43 121
68 121
73 121
76 121
78 121
100 121
106 121
116 121
4 122
16 122
25 122
43 122
50 122
72 122
105 122
8 123
18 123
20 123
24 123
35 123
67 123
88 123
90 123
115 123
10 124
20 124
80 124
98 124
107 124
38 125
39 125
100 125
121 125
0 126
3 126
5 126
49 126
83 126
91 126
8 127
9 127
17 127
29 127
41 127
59 127
63 127
3 128
65 128
87 128
88 128
93 128
122 128
12 129
16 129
18 129
77 129
89 129
96 129
6 130
48 130
53 130
58 130
64 130
91 130
106 130
107 130
45 131
72 131
28 132
32 132
44 132
66 132
89 132
110 132
123 132
11 133
35 133
87 133
99 133
103 133
127 133
2 134
41 134
65 134
72 134
84 134
7 135
11 135
21 135
44 135
81 135
104 135
107 135
45 136
88 136
101 136
108 136
114 136
124 136
39 137
54 137
64 137
82 137
110 137
47 138
70 138
114 138
122 138
126 138
9 139
12 139
25 139
39 139
72 139
16 140
32 140
45 140
65 140
122 140
41 141
96 141
0 142
19 142
24 142
50 142
55 142
69 142
88 142
99 142
107 142
10 143
78 143
89 143
92 143
104 143
125 143
6 144
12 144
24 144
49 144
103 144
136 144
18 145
22 145
50 145
97 145
102 145
121 145
17 146
53 146
63 146
64 146
78 146
82 146
93 146
110 146
27 147
79 147
93 147
22 148
50 148
61 148
62 148
68 148
118 148
123 148
124 148
125 148
131 148
139 148
0 149
1 149
31 149
51 149
56 149
72 149
99 149
139 149
148 149
22 150
48 150
60 150
61 150
70 150
113 150
114 150
137 150
140 150
148 150
17 151
29 151
40 151
42 151
92 151
95 151
104 151
107 151
135 151
18 152
20 152
53 152
93 152
107 152
142 152
8 153
17 153
22 153
60 153
61 153
101 153
105 153
120 153
126 153
21 154
71 154
77 154
121 154
131 154
133 154
2 155
33 155
40 155
43 155
71 155
97 155
117 155
0 156
17 156
34 156
35 156
40 156
58 156
77 156
119 156
141 156
145 156
8 157
18 157
37 157
58 157
60 157
111 157
115 157
133 157
140 157
6 158
21 158
27 158
47 158
58 158
87 158
95 158
119 158
129 158
140 158
145 158
152 158
156 158
2 159
35 159
127 159
147 159
5 160
11 160
35 160
39 160
50 160
99 160
110 160
120 160
124 160
136 160
19 161
80 161
114 161
126 161
129 161
14 162
16 162
19 162
63 162
85 162
116 162
118 162
120 162
124 162
160 162
3 163
41 163
49 163
62 163
104 163
122 163
128 163
159 163
6 164
23 164
50 164
69 164
73 164
85 164
97 164
99 164
122 164
125 164
141 164
33 165
52 165
56 165
72 165
77 165
100 165
143 165
161 165
4 166
11 166
34 166
71 166
95 166
125 166
144 166
14 167
35 167
76 167
87 167
89 167
143 167
24 168
25 168
49 168
68 168
89 168
102 168
112 168
5 169
41 169
62 169
69 169
72 169
91 169
119 169
132 169
136 169
141 169
142 169
153 169
154 169
1 170
5 170
32 170
58 170
61 170
108 170
158 170
45 171
71 171
89 171
115 171
134 171
146 171
167 171
169 171
27 172
32 172
38 172
49 172
58 172
79 172
92 172
122 172
136 172
170 172
8 173
34 173
35 173
51 173
59 173
64 173
78 173
172 173
16 174
29 174
81 174
93 174
100 174
102 174
124 174
146 174
66 175
71 175
72 175
89 175
118 175
149 175
150 175
151 175
12 176
25 176
41 176
54 176
110 176
113 176
128 176
157 176
6 177
13 177
38 177
47 177
48 177
79 177
102 177
111 177
113 177
126 177
129 177
136 177
4 178
9 178
63 178
99 178
117 178
127 178
151 178
159 178
162 178
165 178
36 179
51 179
86 179
99 179
101 179
103 179
108 179
118 179
145 179
146 179
160 179
170 179
9 180
24 180
30 180
75 180
90 180
107 180
111 180
113 180
115 180
128 180
157 180
176 180
37 181
40 181
72 181
80 181
87 181
126 181
130 181
143 181
153 181
158 181
180 181
11 182
35 182
76 182
82 182
106 182
107 182
159 182
163 182
168 182
14 183
18 183
39 183
78 183
84 183
110 183
152 183
166 183
180 183
182 183
10 184
33 184
48 184
51 184
74 184
77 184
95 184
103 184
163 184
2 185
6 185
39 185
42 185
44 185
45 185
56 185
75 185
81 185
85 185
101 185
177 185
12 186
66 186
86 186
92 186
94 186
100 186
116 186
134 186
138 186
140 186
147 186
155 186
159 186
174 186
6 187
35 187
45 187
56 187
63 187
93 187
107 187
124 187
125 187
143 187
148 187
8 188
16 188
28 188
74 188
75 188
118 188
124 188
137 188
146 188
155 188
183 188
185 188
3 189
13 189
32 189
60 189
70 189
76 189
101 189
120 189
127 189
137 189
156 189
166 189
175 189
39 190
61 190
71 190
78 190
92 190
135 190
140 190
167 190
174 190
24 191
27 191
43 191
88 191
102 191
108 191
120 191
123 191
144 191
153 191
1 192
39 192
53 192
67 192
165 192
182 192
190 192
3 193
48 193
69 193
70 193
74 193
91 193
106 193
120 193
184 193
185 193
192 193
48 194
49 194
54 194
95 194
98 194
113 194
115 194
149 194
179 194
186 194
3 195
4 195
42 195
53 195
136 195
10 196
15 196
39 196
99 196
114 196
121 196
123 196
128 196
145 196
149 196
161 196
167 196
170 196
175 196
27 197
59 197
75 197
77 197
82 197
85 197
87 197
96 197
129 197
151 197
10 198
18 198
27 198
37 198
49 198
60 198
61 198
72 198
79 198
94 198
142 198
143 198
148 198
163 198
167 198
181 198
52 199
74 199
82 199
113 199
133 199
164 199
32 200
103 200
152 200
170 200
176 200
190 200
5 201
39 201
60 201
68 201
133 201
139 201
159 201
186 201
187 201
24 202
27 202
31 202
34 202
52 202
70 202
96 202
120 202
124 202
162 202
171 202
172 202
5 203
16 203
30 203
33 203
44 203
59 203
62 203
84 203
96 203
114 203
148 203
184 203
185 203
19 204
31 204
76 204
85 204
115 204
121 204
173 204
192 204
2 205
14 205
16 205
55 205
66 205
74 205
118 205
150 205
162 205
21 206
29 206
37 206
54 206
76 206
78 206
89 206
94 206
119 206
136 206
147 206
184 206
191 206
18 207
21 207
25 207
26 207
46 207
66 207
109 207
112 207
137 207
149 207
158 207
171 207
2 208
3 208
19 208
26 208
36 208
44 208
48 208
71 208
88 208
113 208
114 208
150 208
161 208
5 209
32 209
58 209
62 209
85 209
91 209
94 209
102 209
106 209
135 209
176 209
185 209
41 210
45 210
53 210
86 210
103 210
135 210
138 210
141 210
149 210
174 210
182 210
188 210
203 210
8 211
38 211
44 211
57 211
59 211
73 211
79 211
80 211
84 211
105 211
128 211
170 211
183 211
11 212
30 212
78 212
85 212
89 212
106 212
150 212
157 212
169 212
189 212
196 212
205 212
209 212
0 213
44 213
52 213
62 213
68 213
93 213
95 213
99 213
119 213
123 213
132 213
134 213
137 213
161 213
0 214
15 214
30 214
37 214
43 214
46 214
62 214
137 214
154 214
170 214
196 214
36 215
56 215
64 215
85 215
87 215
101 215
104 215
106 215
118 215
138 215
21 216
37 216
44 216
91 216
108 216
111 216
112 216
137 216
141 216
145 216
147 216
153 216
162 216
169 216
198 216
5 217
9 217
43 217
109 217
132 217
183 217
191 217
196 217
3 218
24 218
42 218
43 218
53 218
60 218
66 218
73 218
76 218
97 218
112 218
158 218
177 218
217 218
4 219
11 219
19 219
35 219
54 219
61 219
94 219
117 219
127 219
152 219
167 219
177 219
179 219
194 219
200 219
204 219
216 219
10 220
18 220
34 220
57 220
60 220
66 220
74 220
76 220
81 220
108 220
117 220
130 220
214 220
5 221
9 221
38 221
43 221
47 221
63 221
86 221
117 221
123 221
143 221
171 221
193 221
202 221
215 221
4 222
35 222
42 222
74 222
105 222
124 222
138 222
143 222
168 222
172 222
182 222
44 223
73 223
82 223
97 223
104 223
117 223
121 223
123 223
150 223
157 223
160 223
195 223
206 223
43 224
61 224
63 224
70 224
81 224
85 224
96 224
98 224
100 224
110 224
157 224
10 225
27 225
34 225
37 225
60 225
138 225
156 225
158 225
170 225
175 225
23 226
38 226
56 226
74 226
83 226
118 226
119 226
128 226
143 226
144 226
162 226
168 226
186 226
2 227
3 227
5 227
14 227
21 227
22 227
32 227
61 227
70 227
98 227
113 227
128 227
140 227
174 227
15 228
19 228
20 228
36 228
63 228
78 228
90 228
163 228
178 228
180 228
185 228
187 228
11 229
14 229
17 229
36 229
46 229
51 229
57 229
83 229
109 229
113 229
128 229
155 229
179 229
182 229
200 229
7 230
11 230
13 230
103 230
106 230
108 230
123 230
145 230
166 230
170 230
177 230
178 230
207 230
223 230
16 231
18 231
19 231
44 231
66 231
97 231
129 231
134 231
154 231
159 231
190 231
199 231
203 231
217 231
225 231
228 231
6 232
16 232
33 232
45 232
65 232
68 232
92 232
123 232
131 232
173 232
185 232
200 232
215 232
7 233
61 233
63 233
89 233
92 233
98 233
140 233
178 233
211 233
215 233
217 233
223 233
35 234
44 234
47 234
75 234
88 234
118 234
165 234
166 234
193 234
204 234
40 235
57 235
120 235
123 235
150 235
167 235
174 235
189 235
225 235
234 235
49 236
101 236
106 236
123 236
152 236
158 236
163 236
176 236
179 236
188 236
194 236
221 236
222 236
232 236
12 237
14 237
26 237
111 237
146 237
155 237
218 237
16 238
39 238
61 238
69 238
83 238
84 238
89 238
112 238
128 238
184 238
186 238
195 238
209 238
9 239
51 239
71 239
98 239
110 239
130 239
137 239
147 239
162 239
201 239
204 239
207 239
20 240
40 240
43 240
91 240
116 240
131 240
138 240
152 240
155 240
157 240
168 240
194 240
203 240
213 240
222 240
236 240
237 240
13 241
20 241
100 241
125 241
154 241
161 241
174 241
180 241
211 241
223 241
229 241
13 242
14 242
28 242
44 242
48 242
108 242
110 242
133 242
135 242
140 242
149 242
161 242
162 242
164 242
182 242
183 242
4 243
31 243
50 243
54 243
61 243
63 243
88 243
96 243
113 243
125 243
171 243
183 243
211 243
220 243
223 243
233 243
236 243
238 243
1 244
48 244
55 244
72 244
112 244
141 244
173 244
174 244
205 244
207 244
215 244
239 244
52 245
132 245
197 245
210 245
215 245
225 245
2 246
33 246
39 246
41 246
42 246
56 246
64 246
66 246
77 246
78 246
100 246
108 246
128 246
136 246
145 246
172 246
173 246
192 246
214 246
215 246
236 246
238 246
10 247
61 247
68 247
78 247
83 247
89 247
105 247
153 247
182 247
193 247
195 247
219 247
241 247
37 248
54 248
88 248
117 248
167 248
176 248
202 248
235 248
0 249
3 249
12 249
17 249
20 249
29 249
37 249
57 249
72 249
76 249
80 249
83 249
97 249
111 249
178 249
184 249
196 249
218 249
227 249
233 249
239 249
247 249
7 250
93 250
99 250
105 250
111 250
115 250
117 250
180 250
244 250
0 251
12 251
21 251
25 251
50 251
52 251
65 251
105 251
113 251
161 251
203 251
208 251
239 251
21 252
30 252
66 252
68 252
131 252
136 252
156 252
171 252
172 252
250 252
6 253
7 253
14 253
15 253
25 253
39 253
49 253
83 253
91 253
114 253
120 253
148 253
149 253
151 253
153 253
168 253
173 253
211 253
4 254
15 254
24 254
44 254
46 254
69 254
76 254
78 254
79 254
92 254
94 254
99 254
128 254
204 254
218 254
223 254
224 254
225 254
227 254
232 254
245 254
5 255
30 255
31 255
66 255
72 255
87 255
123 255
129 255
134 255
138 255
143 255
156 255
167 255
188 255
209 255
28 256
36 256
52 256
68 256
71 256
79 256
111 256
141 256
230 256
3 257
36 257
43 257
45 257
52 257
60 257
153 257
161 257
171 257
198 257
223 257
226 257
228 257
241 257
256 257
0 258
5 258
14 258
34 258
48 258
64 258
80 258
92 258
106 258
133 258
138 258
174 258
175 258
194 258
202 258
214 258
229 258
232 258
233 258
21 259
24 259
85 259
97 259
108 259
113 259
152 259
156 259
160 259
165 259
167 259
202 259
210 259
239 259
37 260
47 260
54 260
58 260
70 260
73 260
101 260
133 260
164 260
176 260
206 260
224 260
258 260
5 261
6 261
37 261
100 261
154 261
185 261
190 261
212 261
219 261
229 261
249 261
33 262
37 262
46 262
57 262
59 262
75 262
105 262
123 262
147 262
159 262
162 262
184 262
221 262
226 262
248 262
74 263
91 263
149 263
155 263
163 263
188 263
209 263
248 263
13 264
16 264
26 264
38 264
50 264
65 264
70 264
116 264
135 264
152 264
161 264
192 264
207 264
243 264
1 265
12 265
54 265
62 265
64 265
87 265
102 265
118 265
125 265
128 265
5 266
67 266
76 266
103 266
113 266
156 266
160 266
162 266
203 266
239 266
241 266
10 267
39 267
41 267
50 267
62 267
67 267
68 267
81 267
103 267
107 267
114 267
147 267
152 267
157 267
160 267
177 267
211 267
266 267
74 268
92 268
100 268
108 268
121 268
172 268
175 268
201 268
220 268
227 268
228 268
230 268
243 268
249 268
23 269
38 269
116 269
124 269
147 269
149 269
153 269
179 269
182 269
186 269
188 269
191 269
198 269
264 269
266 269
7 270
15 270
49 270
71 270
80 270
102 270
130 270
138 270
146 270
178 270
185 270
196 270
203 270
233 270
260 270
265 270
85 271
99 271
111 271
141 271
159 271
214 271
230 271
243 271
13 272
15 272
46 272
48 272
57 272
60 272
80 272
114 272
119 272
127 272
150 272
155 272
156 272
208 272
224 272
271 272
7 273
19 273
25 273
27 273
42 273
51 273
60 273
63 273
64 273
72 273
75 273
102 273
115 273
123 273
133 273
137 273
180 273
196 273
203 273
227 273
256 273
260 273
12 274
34 274
41 274
62 274
64 274
106 274
138 274
205 274
206 274
240 274
254 274
8 275
13 275
46 275
52 275
76 275
85 275
86 275
89 275
98 275
105 275
109 275
128 275
146 275
167 275
201 275
205 275
207 275
218 275
219 275
260 275
14 276
39 276
64 276
69 276
74 276
87 276
89 276
94 276
112 276
116 276
130 276
146 276
196 276
202 276
215 276
223 276
250 276
19 277
43 277
55 277
57 277
78 277
119 277
174 277
219 277
232 277
233 277
244 277
266 277
0 278
21 278
26 278
71 278
77 278
82 278
148 278
165 278
166 278
172 278
173 278
206 278
222 278
250 278
257 278
269 278
25 279
50 279
59 279
92 279
191 279
197 279
253 279
257 279
266 279
22 280
112 280
154 280
161 280
187 280
216 280
221 280
222 280
226 280
235 280
248 280
255 280
276 280
277 280
4 281
27 281
49 281
53 281
58 281
66 281
140 281
209 281
215 281
221 281
230 281
260 281
35 282
50 282
71 282
83 282
94 282
130 282
145 282
190 282
193 282
199 282
252 282
260 282
18 283
33 283
40 283
41 283
43 283
75 283
98 283
114 283
134 283
143 283
157 283
166 283
168 283
223 283
250 283
258 283
261 283
269 283
3 284
4 284
19 284
42 284
45 284
91 284
109 284
111 284
170 284
179 284
186 284
247 284
282 284
1 285
3 285
4 285
8 285
11 285
44 285
50 285
53 285
113 285
131 285
150 285
166 285
172 285
182 285
194 285
203 285
212 285
214 285
228 285
241 285
248 285
274 285
3 286
22 286
41 286
70 286
79 286
122 286
124 286
130 286
159 286
178 286
205 286
216 286
222 286
274 286
281 286
1 287
17 287
39 287
48 287
65 287
72 287
106 287
112 287
119 287
130 287
135 287
162 287
167 287
182 287
195 287
201 287
223 287
245 287
253 287
254 287
264 287
39 288
84 288
103 288
125 288
133 288
134 288
211 288
252 288
275 288
276 288
283 288
284 288
11 289
45 289
49 289
102 289
109 289
111 289
132 289
134 289
135 289
140 289
173 289
199 289
240 289
276 289
277 289
279 289
86 290
107 290
135 290
180 290
210 290
231 290
232 290
252 290
266 290
0 291
7 291
16 291
25 291
29 291
33 291
43 291
71 291
74 291
93 291
96 291
105 291
153 291
176 291
182 291
192 291
233 291
274 291
288 291
20 292
35 292
50 292
66 292
67 292
92 292
94 292
111 292
112 292
157 292
194 292
197 292
211 292
214 292
215 292
220 292
223 292
13 293
19 293
26 293
40 293
67 293
71 293
82 293
83 293
107 293
127 293
133 293
134 293
152 293
169 293
171 293
179 293
184 293
191 293
212 293
213 293
246 293
250 293
254 293
20 294
23 294
51 294
57 294
66 294
87 294
110 294
115 294
121 294
135 294
142 294
151 294
181 294
192 294
200 294
263 294
291 294
6 295
12 295
38 295
70 295
76 295
77 295
85 295
95 295
96 295
102 295
126 295
132 295
134 295
143 295
144 295
155 295
174 295
193 295
196 295
201 295
215 295
235 295
256 295
275 295
7 296
57 296
77 296
83 296
134 296
142 296
145 296
158 296
225 296
235 296
236 296
245 296
266 296
39 297
86 297
131 297
199 297
203 297
208 297
212 297
215 297
227 297
241 297
253 297
5 298
20 298
24 298
49 298
65 298
77 298
119 298
124 298
138 298
154 298
156 298
174 298
186 298
195 298
196 298
225 298
259 298
268 298
293 298
294 298
30 299
32 299
36 299
37 299
45 299
47 299
50 299
53 299
84 299
100 299
164 299
166 299
189 299
193 299
195 299
203 299
204 299
206 299
215 299
220 299
244 299
246 299
258 299
266 299
286 299
296 299
