300 4825 5
5 5 7 7 6 5 5 5 5 6 6 6 6 4 5 7 4 6 6 6 5 6 5 6 6 4 5 6 6 6 4 6 7 6 5 4 7 6 6 6 6 5 7 7 7 4 7 6 6 5 7 6 5 7 5 6 5 6 4 7 6 5 4 5 5 5 7 6 4 4 4 7 5 5 5 7 4 6 8 7 5 5 5 6 4 7 6 6 5 6 5 6 5 4 5 5 6 7 6 7 4 5 4 6 5 6 4 5 5 7 5 4 7 6 6 7 6 7 5 5 5 5 4 7 6 6 6 8 6 6 6 6 6 5 7 4 5 6 6 5 5 6 5 6 6 4 4 5 7 4 6 5 5 4 5 6 6 6 5 5 5 5 4 5 6 6 8 7 6 5 6 5 5 5 6 5 4 5 7 5 4 4 4 7 6 6 5 5 5 5 6 6 6 6 7 5 5 7 7 7 7 5 5 7 6 4 4 6 5 6 6 6 4 6 6 5 7 4 6 5 5 5 5 5 6 5 5 4 5 8 7 6 5 6 6 6 5 4 6 7 6 5 5 6 4 7 7 6 7 6 4 4 5 7 6 5 6 6 7 6 6 5 6 6 7 5 5 5 6 6 3 5 6 6 5 6 5 7 6 5 4 6 6 5 5 6 5 5 5 6 6 5 7 5 5 6 4 6 6 6
1 2
0 6
1 7
4 7
6 9
7 10
3 11
8 11
10 11
8 12
0 14
1 14
2 14
8 14
9 14
9 15
10 15
6 16
11 16
15 16
5 18
12 18
3 19
6 19
17 19
0 20
10 20
16 20
6 21
9 21
12 21
16 21
2 22
5 22
17 22
0 23
16 23
13 24
18 24
8 25
12 25
13 25
21 25
14 26
8 27
13 28
20 28
7 29
10 29
24 29
9 30
12 30
15 30
18 30
29 30
5 31
7 31
22 31
28 31
29 31
5 32
11 32
16 33
17 33
26 33
16 34
21 34
3 35
6 35
13 35
30 35
32 35
9 36
10 36
11 36
18 36
28 36
12 37
18 37
24 37
1 38
12 38
30 38
31 38
2 39
4 39
5 39
7 39
13 39
22 39
29 39
35 39
38 39
34 40
3 41
12 41
14 41
32 41
16 42
31 42
35 42
40 42
9 43
14 43
39 43
42 43
14 44
15 44
20 44
31 44
14 45
15 45
36 45
38 45
2 46
11 46
29 46
35 46
44 46
10 47
41 47
45 47
3 48
10 48
25 48
30 48
8 49
16 49
18 49
23 49
40 49
44 49
45 49
34 50
37 50
10 51
18 51
19 51
29 51
30 51
34 51
37 51
46 51
48 51
0 52
16 52
19 52
9 53
15 53
22 53
23 53
34 53
39 53
52 53
0 54
34 54
48 54
52 54
53 54
5 55
6 55
38 55
43 55
44 55
0 56
26 56
29 56
40 56
51 56
2 57
12 57
23 57
27 57
43 57
3 58
13 58
26 58
30 58
33 58
49 58
57 58
0 59
9 59
15 59
30 59
38 59
42 59
44 59
2 60
21 60
30 60
33 60
54 60
3 61
7 61
13 61
19 61
32 61
60 61
6 62
14 62
24 62
26 62
32 62
39 62
45 62
5 63
6 63
9 63
26 63
40 63
0 64
6 64
59 64
62 64
13 65
27 65
30 65
43 65
47 65
49 65
52 65
63 65
34 66
52 66
54 66
0 67
2 67
3 67
6 67
25 67
45 67
46 67
11 68
18 68
30 68
34 68
40 68
51 68
55 68
0 69
3 69
5 69
19 69
30 69
47 69
4 70
12 70
40 70
50 70
54 70
58 70
33 71
44 71
55 71
18 72
31 72
34 72
39 72
47 72
63 72
68 72
69 72
0 73
16 73
39 73
47 73
52 73
61 73
1 74
5 74
23 74
26 74
27 74
28 74
70 74
71 74
72 74
2 75
3 75
17 75
69 75
1 76
4 76
21 76
52 76
57 76
0 77
2 77
4 77
11 77
20 77
27 77
40 77
49 77
56 77
58 77
59 77
63 77
5 78
16 78
30 78
39 78
42 78
44 78
59 78
67 78
69 78
72 78
34 79
45 79
55 79
56 79
61 79
65 79
68 79
2 80
3 80
34 80
45 80
51 80
78 80
16 81
17 81
18 81
26 81
30 81
49 81
69 81
70 81
12 82
30 82
48 82
55 82
63 82
65 82
68 82
70 82
79 82
6 83
11 83
14 83
17 83
26 83
50 83
51 83
75 83
21 84
56 84
58 84
65 84
78 84
18 85
19 85
20 85
24 85
27 85
36 85
40 85
52 85
64 85
65 85
77 85
79 85
81 85
83 85
13 86
14 86
15 86
34 86
36 86
37 86
38 86
44 86
52 86
65 86
85 86
13 87
34 87
37 87
38 87
55 87
63 87
69 87
71 87
84 87
17 88
23 88
58 88
15 89
54 89
55 89
60 89
70 89
74 89
80 89
82 89
33 90
57 90
73 90
88 90
89 90
1 91
2 91
3 91
8 91
16 91
29 91
31 91
45 91
82 91
87 91
3 92
10 92
11 92
18 92
25 92
30 92
37 92
40 92
43 92
48 92
50 92
66 92
78 92
9 93
14 93
32 93
35 93
53 93
57 93
67 93
78 93
89 93
4 94
11 94
19 94
27 94
30 94
31 94
32 94
42 94
50 94
58 94
77 94
91 94
1 95
8 95
30 95
38 95
46 95
52 95
65 95
74 95
80 95
82 95
88 95
2 96
10 96
30 96
34 96
39 96
47 96
54 96
55 96
56 96
71 96
75 96
81 96
85 96
5 97
9 97
17 97
32 97
42 97
46 97
50 97
51 97
67 97
69 97
72 97
73 97
82 97
91 97
10 98
21 98
38 98
46 98
78 98
18 99
23 99
32 99
33 99
34 99
43 99
49 99
57 99
70 99
74 99
89 99
90 99
93 99
98 99
9 100
22 100
53 100
58 100
68 100
78 100
79 100
90 100
93 100
19 101
34 101
35 101
40 101
42 101
51 101
52 101
55 101
56 101
82 101
100 101
12 102
34 102
41 102
45 102
50 102
62 102
67 102
70 102
73 102
86 102
88 102
93 102
94 102
97 102
1 103
6 103
10 103
35 103
39 103
54 103
77 103
89 103
93 103
99 103
102 103
7 104
12 104
32 104
34 104
38 104
50 104
66 104
90 104
100 104
102 104
14 105
20 105
27 105
32 105
35 105
52 105
55 105
57 105
58 105
62 105
63 105
71 105
74 105
77 105
85 105
91 105
13 106
21 106
24 106
55 106
57 106
65 106
78 106
81 106
86 106
92 106
104 106
8 107
9 107
10 107
20 107
22 107
24 107
28 107
33 107
56 107
58 107
96 107
10 108
13 108
32 108
34 108
36 108
46 108
70 108
84 108
89 108
100 108
10 109
32 109
40 109
46 109
49 109
53 109
56 109
78 109
79 109
98 109
101 109
108 109
1 110
33 110
38 110
45 110
47 110
68 110
77 110
78 110
82 110
83 110
86 110
90 110
91 110
0 111
9 111
12 111
17 111
20 111
25 111
40 111
68 111
80 111
82 111
85 111
87 111
91 111
92 111
100 111
104 111
110 111
7 112
13 112
21 112
40 112
61 112
71 112
108 112
1 113
4 113
8 113
31 113
46 113
48 113
55 113
99 113
106 113
112 113
18 114
19 114
29 114
31 114
33 114
42 114
54 114
59 114
60 114
87 114
19 115
32 115
48 115
59 115
63 115
75 115
107 115
109 115
30 116
44 116
54 116
60 116
69 116
73 116
77 116
80 116
89 116
93 116
106 116
112 116
3 117
13 117
19 117
22 117
49 117
55 117
60 117
64 117
66 117
83 117
93 117
96 117
107 117
110 117
111 117
6 118
9 118
22 118
29 118
33 118
41 118
44 118
50 118
78 118
87 118
92 118
12 119
13 119
14 119
21 119
39 119
49 119
51 119
53 119
61 119
77 119
81 119
89 119
94 119
108 119
2 120
45 120
52 120
57 120
70 120
89 120
91 120
98 120
99 120
110 120
113 120
114 120
3 121
9 121
11 121
18 121
23 121
35 121
38 121
41 121
56 121
64 121
66 121
68 121
73 121
80 121
85 121
106 121
115 121
1 122
4 122
13 122
44 122
62 122
63 122
77 122
83 122
85 122
87 122
89 122
96 122
101 122
102 122
109 122
112 122
13 123
28 123
30 123
41 123
42 123
49 123
51 123
53 123
62 123
64 123
71 123
80 123
85 123
104 123
109 123
111 123
17 124
22 124
29 124
49 124
60 124
73 124
76 124
84 124
101 124
114 124
123 124
4 125
6 125
9 125
10 125
32 125
41 125
61 125
66 125
77 125
92 125
95 125
103 125
40 126
42 126
43 126
46 126
52 126
87 126
90 126
114 126
119 126
125 126
1 127
6 127
17 127
25 127
31 127
59 127
81 127
87 127
90 127
91 127
100 127
101 127
103 127
107 127
108 127
110 127
119 127
8 128
33 128
36 128
42 128
48 128
52 128
53 128
64 128
68 128
74 128
77 128
103 128
105 128
107 128
115 128
16 129
20 129
32 129
35 129
48 129
65 129
70 129
72 129
81 129
86 129
97 129
111 129
112 129
113 129
117 129
0 130
2 130
4 130
24 130
28 130
47 130
51 130
67 130
72 130
82 130
83 130
87 130
103 130
105 130
118 130
121 130
123 130
27 131
57 131
58 131
71 131
78 131
88 131
93 131
108 131
115 131
122 131
0 132
6 132
22 132
24 132
26 132
31 132
35 132
36 132
37 132
44 132
67 132
80 132
82 132
89 132
90 132
96 132
120 132
128 132
1 133
9 133
24 133
36 133
38 133
64 133
66 133
78 133
82 133
83 133
87 133
89 133
92 133
94 133
100 133
102 133
118 133
127 133
3 134
11 134
17 134
20 134
31 134
37 134
39 134
43 134
52 134
65 134
86 134
95 134
104 134
130 134
3 135
10 135
37 135
54 135
65 135
80 135
83 135
90 135
106 135
109 135
115 135
118 135
123 135
127 135
131 135
13 136
15 136
17 136
34 136
38 136
44 136
52 136
57 136
62 136
69 136
75 136
87 136
96 136
97 136
3 137
5 137
34 137
40 137
49 137
58 137
69 137
86 137
94 137
97 137
118 137
119 137
9 138
11 138
14 138
30 138
39 138
43 138
109 138
119 138
123 138
125 138
9 139
13 139
23 139
25 139
32 139
34 139
40 139
42 139
45 139
48 139
49 139
52 139
58 139
67 139
68 139
84 139
95 139
105 139
109 139
113 139
115 139
120 139
9 140
19 140
24 140
32 140
38 140
44 140
54 140
59 140
84 140
86 140
94 140
100 140
101 140
135 140
139 140
0 141
13 141
15 141
17 141
35 141
37 141
40 141
44 141
51 141
57 141
75 141
84 141
86 141
100 141
101 141
104 141
109 141
110 141
115 141
116 141
127 141
129 141
133 141
136 141
8 142
33 142
79 142
91 142
97 142
98 142
107 142
111 142
117 142
141 142
3 143
13 143
16 143
18 143
28 143
35 143
46 143
68 143
83 143
86 143
110 143
126 143
137 143
2 144
9 144
19 144
38 144
62 144
63 144
102 144
105 144
107 144
109 144
123 144
128 144
132 144
134 144
24 145
59 145
70 145
71 145
84 145
96 145
97 145
98 145
106 145
118 145
123 145
140 145
5 146
9 146
12 146
29 146
35 146
42 146
49 146
58 146
62 146
69 146
77 146
79 146
89 146
91 146
119 146
121 146
141 146
0 147
14 147
20 147
27 147
43 147
51 147
54 147
76 147
81 147
94 147
99 147
103 147
111 147
112 147
119 147
129 147
0 148
6 148
13 148
14 148
29 148
31 148
47 148
58 148
65 148
70 148
104 148
109 148
113 148
119 148
121 148
127 148
2 149
4 149
18 149
19 149
20 149
23 149
26 149
29 149
55 149
59 149
95 149
102 149
107 149
112 149
114 149
116 149
123 149
125 149
135 149
143 149
146 149
24 150
30 150
31 150
55 150
74 150
88 150
89 150
94 150
98 150
102 150
109 150
112 150
124 150
128 150
132 150
139 150
146 150
13 151
24 151
27 151
32 151
34 151
71 151
75 151
80 151
81 151
82 151
97 151
100 151
104 151
105 151
112 151
127 151
130 151
139 151
142 151
4 152
11 152
18 152
24 152
47 152
57 152
70 152
79 152
80 152
89 152
90 152
120 152
134 152
137 152
143 152
0 153
6 153
8 153
9 153
23 153
30 153
34 153
36 153
45 153
47 153
58 153
65 153
99 153
104 153
111 153
118 153
122 153
133 153
137 153
141 153
146 153
151 153
4 154
13 154
16 154
31 154
47 154
61 154
63 154
66 154
78 154
80 154
86 154
92 154
124 154
132 154
141 154
146 154
9 155
21 155
27 155
29 155
36 155
40 155
41 155
44 155
57 155
81 155
82 155
88 155
89 155
92 155
100 155
106 155
115 155
125 155
128 155
145 155
147 155
1 156
11 156
16 156
26 156
31 156
37 156
39 156
53 156
61 156
69 156
72 156
87 156
94 156
126 156
127 156
135 156
24 157
26 157
34 157
35 157
43 157
74 157
92 157
94 157
99 157
105 157
112 157
116 157
117 157
136 157
149 157
16 158
24 158
52 158
55 158
85 158
97 158
108 158
123 158
130 158
140 158
5 159
13 159
22 159
39 159
45 159
46 159
49 159
55 159
64 159
69 159
70 159
83 159
87 159
113 159
117 159
127 159
132 159
145 159
151 159
156 159
158 159
33 160
44 160
58 160
87 160
101 160
111 160
113 160
141 160
150 160
157 160
11 161
25 161
39 161
41 161
47 161
48 161
50 161
57 161
61 161
74 161
77 161
80 161
83 161
89 161
91 161
98 161
112 161
119 161
132 161
143 161
13 162
14 162
19 162
46 162
51 162
54 162
63 162
77 162
87 162
91 162
93 162
108 162
109 162
110 162
116 162
119 162
145 162
148 162
159 162
161 162
8 163
10 163
17 163
20 163
36 163
37 163
51 163
58 163
68 163
74 163
84 163
90 163
93 163
97 163
112 163
117 163
124 163
132 163
135 163
137 163
144 163
154 163
157 163
4 164
12 164
26 164
58 164
67 164
76 164
82 164
87 164
99 164
102 164
108 164
122 164
129 164
131 164
132 164
146 164
147 164
152 164
153 164
8 165
24 165
75 165
79 165
80 165
92 165
93 165
94 165
107 165
125 165
128 165
141 165
155 165
156 165
8 166
14 166
15 166
26 166
29 166
32 166
40 166
67 166
73 166
74 166
84 166
88 166
90 166
91 166
95 166
105 166
109 166
111 166
119 166
125 166
127 166
136 166
138 166
149 166
0 167
43 167
55 167
60 167
70 167
74 167
82 167
100 167
111 167
126 167
131 167
133 167
138 167
140 167
157 167
158 167
161 167
15 168
16 168
22 168
30 168
33 168
38 168
62 168
71 168
90 168
100 168
108 168
110 168
122 168
126 168
133 168
150 168
166 168
0 169
8 169
9 169
12 169
16 169
40 169
45 169
63 169
64 169
67 169
86 169
88 169
97 169
107 169
127 169
128 169
135 169
148 169
156 169
158 169
164 169
25 170
37 170
39 170
66 170
79 170
99 170
106 170
113 170
115 170
121 170
122 170
123 170
131 170
140 170
160 170
9 171
18 171
23 171
32 171
36 171
62 171
63 171
75 171
78 171
79 171
80 171
81 171
100 171
115 171
116 171
124 171
129 171
134 171
153 171
169 171
17 172
20 172
38 172
50 172
66 172
76 172
78 172
86 172
88 172
97 172
111 172
138 172
155 172
158 172
9 173
11 173
30 173
50 173
60 173
65 173
71 173
81 173
102 173
117 173
118 173
133 173
134 173
138 173
147 173
164 173
19 174
25 174
32 174
34 174
38 174
54 174
64 174
103 174
119 174
135 174
140 174
151 174
157 174
158 174
160 174
163 174
10 175
16 175
17 175
22 175
45 175
87 175
90 175
91 175
92 175
112 175
116 175
118 175
121 175
123 175
128 175
137 175
141 175
143 175
151 175
158 175
169 175
170 175
171 175
173 175
14 176
27 176
52 176
73 176
92 176
94 176
95 176
108 176
123 176
134 176
138 176
157 176
162 176
172 176
10 177
11 177
14 177
18 177
36 177
60 177
73 177
76 177
84 177
90 177
98 177
110 177
122 177
123 177
133 177
137 177
155 177
166 177
3 178
8 178
35 178
37 178
47 178
51 178
55 178
67 178
109 178
133 178
148 178
149 178
160 178
165 178
171 178
172 178
176 178
177 178
9 179
20 179
33 179
34 179
64 179
70 179
74 179
80 179
84 179
98 179
99 179
101 179
103 179
107 179
109 179
116 179
120 179
121 179
127 179
134 179
135 179
140 179
142 179
8 180
32 180
36 180
37 180
40 180
51 180
68 180
71 180
80 180
90 180
92 180
96 180
98 180
109 180
149 180
152 180
154 180
161 180
162 180
172 180
175 180
16 181
17 181
21 181
23 181
26 181
34 181
36 181
41 181
45 181
69 181
87 181
90 181
92 181
104 181
107 181
131 181
138 181
140 181
144 181
149 181
152 181
168 181
173 181
176 181
177 181
179 181
5 182
7 182
9 182
20 182
29 182
32 182
45 182
49 182
71 182
77 182
81 182
104 182
107 182
111 182
124 182
125 182
127 182
137 182
139 182
143 182
147 182
148 182
150 182
160 182
180 182
3 183
12 183
29 183
31 183
34 183
44 183
51 183
86 183
90 183
91 183
92 183
94 183
96 183
98 183
132 183
133 183
143 183
164 183
166 183
173 183
0 184
12 184
13 184
25 184
37 184
42 184
43 184
50 184
51 184
55 184
56 184
60 184
75 184
82 184
92 184
100 184
111 184
114 184
115 184
130 184
136 184
141 184
155 184
156 184
159 184
165 184
169 184
172 184
0 185
3 185
5 185
23 185
32 185
43 185
52 185
77 185
85 185
87 185
88 185
110 185
120 185
123 185
135 185
136 185
137 185
150 185
181 185
14 186
16 186
19 186
42 186
43 186
45 186
48 186
61 186
62 186
64 186
117 186
119 186
121 186
122 186
137 186
149 186
164 186
168 186
181 186
185 186
7 187
14 187
55 187
59 187
100 187
123 187
130 187
157 187
175 187
179 187
4 188
7 188
8 188
24 188
29 188
36 188
57 188
76 188
79 188
97 188
135 188
142 188
162 188
172 188
7 189
31 189
52 189
66 189
70 189
77 189
78 189
97 189
102 189
120 189
122 189
126 189
144 189
163 189
173 189
174 189
178 189
179 189
2 190
28 190
37 190
39 190
58 190
61 190
71 190
81 190
92 190
102 190
106 190
115 190
127 190
139 190
141 190
145 190
146 190
147 190
152 190
157 190
158 190
164 190
167 190
172 190
6 191
8 191
20 191
35 191
42 191
55 191
57 191
62 191
66 191
84 191
85 191
103 191
108 191
109 191
110 191
125 191
142 191
144 191
152 191
157 191
164 191
171 191
176 191
180 191
186 191
190 191
1 192
12 192
20 192
23 192
28 192
45 192
50 192
52 192
53 192
80 192
90 192
101 192
108 192
112 192
115 192
151 192
179 192
185 192
186 192
191 192
12 193
23 193
49 193
64 193
83 193
84 193
90 193
93 193
94 193
102 193
109 193
117 193
120 193
126 193
130 193
135 193
140 193
143 193
148 193
174 193
176 193
182 193
28 194
37 194
38 194
51 194
63 194
75 194
84 194
85 194
87 194
105 194
110 194
112 194
121 194
122 194
151 194
153 194
158 194
161 194
171 194
178 194
185 194
15 195
18 195
20 195
22 195
32 195
33 195
41 195
42 195
47 195
66 195
84 195
101 195
114 195
115 195
131 195
151 195
166 195
167 195
171 195
176 195
182 195
9 196
33 196
37 196
45 196
55 196
72 196
88 196
89 196
99 196
106 196
119 196
130 196
140 196
141 196
144 196
147 196
169 196
175 196
184 196
186 196
190 196
30 197
32 197
36 197
51 197
61 197
69 197
98 197
108 197
110 197
119 197
126 197
132 197
144 197
156 197
160 197
175 197
176 197
1 198
16 198
18 198
19 198
32 198
43 198
44 198
58 198
60 198
67 198
74 198
86 198
102 198
111 198
112 198
132 198
135 198
150 198
172 198
177 198
179 198
180 198
186 198
5 199
12 199
44 199
61 199
82 199
85 199
90 199
119 199
142 199
174 199
187 199
7 200
14 200
19 200
29 200
32 200
33 200
39 200
44 200
47 200
53 200
61 200
73 200
80 200
88 200
116 200
120 200
146 200
157 200
158 200
165 200
175 200
178 200
193 200
194 200
195 200
5 201
27 201
29 201
30 201
35 201
36 201
37 201
49 201
53 201
62 201
66 201
72 201
77 201
78 201
80 201
95 201
97 201
111 201
120 201
122 201
134 201
151 201
161 201
186 201
193 201
21 202
32 202
43 202
55 202
68 202
71 202
77 202
80 202
86 202
91 202
108 202
119 202
122 202
125 202
133 202
137 202
148 202
150 202
151 202
152 202
155 202
180 202
181 202
198 202
200 202
12 203
19 203
22 203
49 203
53 203
55 203
57 203
78 203
91 203
96 203
100 203
105 203
109 203
112 203
132 203
135 203
140 203
142 203
143 203
148 203
153 203
154 203
163 203
171 203
178 203
189 203
192 203
199 203
2 204
12 204
32 204
37 204
40 204
46 204
56 204
61 204
74 204
79 204
82 204
83 204
98 204
109 204
114 204
125 204
138 204
140 204
151 204
158 204
174 204
193 204
29 205
31 205
36 205
41 205
51 205
56 205
70 205
83 205
89 205
93 205
94 205
95 205
98 205
101 205
120 205
123 205
132 205
136 205
141 205
150 205
157 205
159 205
169 205
171 205
198 205
3 206
39 206
44 206
47 206
51 206
57 206
70 206
72 206
76 206
80 206
87 206
110 206
116 206
137 206
144 206
154 206
156 206
158 206
159 206
164 206
168 206
183 206
189 206
195 206
198 206
7 207
10 207
18 207
22 207
24 207
47 207
53 207
64 207
68 207
72 207
78 207
79 207
81 207
82 207
92 207
98 207
102 207
105 207
120 207
131 207
142 207
143 207
147 207
150 207
157 207
162 207
165 207
167 207
175 207
178 207
8 208
9 208
16 208
22 208
25 208
31 208
38 208
60 208
63 208
72 208
73 208
81 208
82 208
86 208
101 208
115 208
116 208
124 208
125 208
141 208
154 208
159 208
168 208
186 208
202 208
203 208
18 209
44 209
46 209
50 209
76 209
77 209
79 209
83 209
85 209
91 209
98 209
100 209
107 209
122 209
136 209
199 209
201 209
203 209
7 210
14 210
25 210
37 210
38 210
44 210
45 210
48 210
54 210
71 210
83 210
95 210
96 210
103 210
112 210
115 210
118 210
127 210
133 210
140 210
145 210
152 210
159 210
167 210
169 210
177 210
198 210
11 211
14 211
16 211
25 211
26 211
30 211
34 211
38 211
45 211
67 211
85 211
103 211
107 211
110 211
134 211
154 211
169 211
185 211
23 212
26 212
29 212
44 212
73 212
75 212
83 212
98 212
105 212
113 212
114 212
132 212
164 212
168 212
199 212
1 213
23 213
33 213
37 213
46 213
55 213
56 213
58 213
59 213
71 213
72 213
73 213
88 213
105 213
115 213
117 213
122 213
128 213
135 213
145 213
151 213
152 213
168 213
178 213
193 213
201 213
206 213
1 214
2 214
4 214
8 214
9 214
11 214
14 214
26 214
27 214
31 214
57 214
65 214
73 214
85 214
95 214
107 214
113 214
121 214
128 214
132 214
163 214
182 214
183 214
195 214
201 214
207 214
1 215
2 215
3 215
7 215
11 215
18 215
19 215
34 215
52 215
54 215
67 215
69 215
70 215
85 215
98 215
109 215
114 215
122 215
142 215
148 215
157 215
168 215
178 215
190 215
200 215
1 216
4 216
5 216
8 216
13 216
34 216
47 216
48 216
58 216
61 216
76 216
78 216
94 216
98 216
105 216
111 216
129 216
130 216
137 216
148 216
167 216
173 216
186 216
191 216
212 216
1 217
4 217
9 217
14 217
29 217
37 217
42 217
45 217
58 217
70 217
77 217
78 217
87 217
89 217
111 217
113 217
133 217
143 217
147 217
158 217
178 217
188 217
192 217
216 217
101 218
113 218
118 218
121 218
124 218
125 218
129 218
133 218
135 218
136 218
140 218
142 218
164 218
174 218
179 218
193 218
207 218
208 218
209 218
214 218
15 219
20 219
23 219
34 219
37 219
42 219
46 219
47 219
72 219
87 219
101 219
104 219
107 219
115 219
120 219
129 219
136 219
137 219
148 219
159 219
162 219
175 219
178 219
186 219
197 219
27 220
29 220
35 220
43 220
52 220
62 220
68 220
70 220
100 220
110 220
138 220
151 220
174 220
178 220
188 220
197 220
200 220
206 220
3 221
6 221
30 221
36 221
37 221
49 221
55 221
78 221
79 221
83 221
86 221
100 221
103 221
117 221
126 221
128 221
131 221
151 221
157 221
158 221
168 221
195 221
197 221
200 221
209 221
8 222
10 222
12 222
30 222
34 222
42 222
44 222
46 222
58 222
59 222
71 222
75 222
77 222
92 222
103 222
106 222
114 222
123 222
141 222
142 222
149 222
152 222
155 222
180 222
185 222
193 222
198 222
202 222
203 222
215 222
219 222
0 223
13 223
20 223
26 223
29 223
42 223
63 223
70 223
73 223
75 223
87 223
96 223
113 223
139 223
144 223
148 223
150 223
151 223
163 223
169 223
183 223
185 223
197 223
209 223
217 223
219 223
10 224
14 224
19 224
26 224
36 224
46 224
53 224
65 224
69 224
107 224
130 224
150 224
152 224
198 224
205 224
207 224
209 224
2 225
14 225
25 225
28 225
32 225
35 225
39 225
48 225
68 225
69 225
74 225
84 225
88 225
96 225
105 225
122 225
141 225
168 225
180 225
186 225
188 225
190 225
192 225
193 225
196 225
197 225
198 225
3 226
12 226
31 226
32 226
53 226
56 226
62 226
81 226
89 226
94 226
104 226
108 226
115 226
121 226
144 226
164 226
167 226
173 226
174 226
182 226
193 226
222 226
2 227
28 227
38 227
40 227
43 227
47 227
57 227
72 227
77 227
106 227
107 227
111 227
116 227
123 227
125 227
148 227
152 227
160 227
166 227
169 227
172 227
202 227
209 227
225 227
1 228
11 228
23 228
25 228
28 228
39 228
41 228
57 228
58 228
59 228
74 228
79 228
85 228
91 228
120 228
134 228
150 228
154 228
155 228
174 228
204 228
218 228
221 228
9 229
15 229
22 229
52 229
59 229
80 229
88 229
94 229
101 229
115 229
117 229
118 229
125 229
130 229
133 229
139 229
142 229
154 229
158 229
162 229
183 229
186 229
201 229
205 229
209 229
227 229
4 230
8 230
10 230
12 230
13 230
16 230
22 230
29 230
31 230
33 230
66 230
79 230
85 230
90 230
92 230
104 230
121 230
122 230
133 230
137 230
148 230
149 230
154 230
157 230
178 230
186 230
203 230
210 230
226 230
12 231
39 231
53 231
91 231
100 231
103 231
105 231
140 231
148 231
153 231
155 231
173 231
177 231
184 231
188 231
192 231
194 231
216 231
227 231
0 232
5 232
17 232
33 232
37 232
39 232
45 232
48 232
69 232
77 232
84 232
89 232
98 232
100 232
110 232
146 232
162 232
169 232
176 232
219 232
223 232
231 232
49 233
50 233
61 233
64 233
66 233
72 233
73 233
85 233
104 233
148 233
158 233
215 233
1 234
6 234
11 234
19 234
31 234
36 234
64 234
75 234
88 234
110 234
111 234
113 234
118 234
122 234
175 234
189 234
195 234
208 234
216 234
18 235
30 235
61 235
65 235
67 235
71 235
97 235
103 235
108 235
112 235
128 235
132 235
136 235
138 235
156 235
159 235
171 235
176 235
185 235
209 235
221 235
234 235
9 236
20 236
27 236
33 236
51 236
83 236
87 236
123 236
136 236
143 236
147 236
166 236
176 236
179 236
180 236
186 236
200 236
204 236
215 236
0 237
4 237
6 237
14 237
17 237
19 237
22 237
41 237
47 237
69 237
70 237
80 237
85 237
89 237
96 237
126 237
134 237
135 237
145 237
159 237
169 237
179 237
181 237
183 237
186 237
189 237
199 237
205 237
207 237
212 237
222 237
1 238
45 238
50 238
57 238
66 238
73 238
101 238
112 238
113 238
114 238
131 238
132 238
151 238
152 238
158 238
166 238
169 238
201 238
203 238
209 238
210 238
220 238
230 238
3 239
9 239
18 239
47 239
50 239
53 239
58 239
72 239
76 239
91 239
102 239
118 239
123 239
158 239
173 239
188 239
189 239
203 239
206 239
214 239
235 239
13 240
17 240
18 240
21 240
23 240
33 240
34 240
35 240
38 240
41 240
46 240
57 240
64 240
72 240
75 240
86 240
94 240
95 240
109 240
113 240
147 240
161 240
164 240
169 240
189 240
191 240
202 240
228 240
230 240
231 240
233 240
15 241
18 241
37 241
46 241
48 241
52 241
53 241
62 241
72 241
76 241
78 241
81 241
83 241
87 241
112 241
133 241
134 241
147 241
152 241
155 241
175 241
177 241
193 241
209 241
211 241
212 241
225 241
226 241
229 241
4 242
7 242
13 242
53 242
85 242
94 242
97 242
103 242
114 242
120 242
121 242
124 242
135 242
144 242
157 242
192 242
1 243
16 243
21 243
36 243
54 243
89 243
94 243
95 243
101 243
113 243
123 243
129 243
138 243
140 243
146 243
159 243
167 243
192 243
200 243
205 243
213 243
2 244
20 244
26 244
41 244
63 244
70 244
77 244
87 244
94 244
102 244
109 244
112 244
118 244
119 244
121 244
131 244
133 244
161 244
180 244
186 244
200 244
202 244
214 244
226 244
228 244
235 244
241 244
1 245
10 245
25 245
26 245
48 245
51 245
62 245
93 245
113 245
120 245
125 245
151 245
152 245
156 245
180 245
183 245
198 245
204 245
220 245
222 245
233 245
235 245
239 245
244 245
23 246
26 246
32 246
33 246
39 246
40 246
43 246
44 246
50 246
55 246
63 246
65 246
72 246
90 246
97 246
104 246
111 246
116 246
118 246
127 246
132 246
136 246
137 246
152 246
157 246
173 246
212 246
228 246
229 246
245 246
4 247
11 247
15 247
24 247
33 247
37 247
41 247
47 247
61 247
69 247
80 247
92 247
95 247
96 247
103 247
119 247
120 247
139 247
145 247
195 247
205 247
206 247
210 247
214 247
221 247
222 247
228 247
234 247
235 247
2 248
4 248
13 248
15 248
16 248
22 248
29 248
31 248
41 248
61 248
90 248
98 248
100 248
105 248
117 248
156 248
183 248
191 248
193 248
198 248
210 248
216 248
239 248
245 248
246 248
12 249
28 249
36 249
39 249
46 249
56 249
65 249
66 249
67 249
80 249
88 249
91 249
97 249
100 249
106 249
123 249
124 249
134 249
147 249
151 249
153 249
156 249
166 249
199 249
200 249
220 249
222 249
223 249
5 250
35 250
48 250
58 250
63 250
67 250
81 250
115 250
116 250
138 250
139 250
160 250
167 250
175 250
176 250
179 250
187 250
209 250
212 250
219 250
228 250
241 250
0 251
5 251
22 251
24 251
32 251
33 251
35 251
45 251
48 251
54 251
60 251
61 251
64 251
65 251
73 251
82 251
86 251
102 251
131 251
133 251
135 251
152 251
174 251
177 251
182 251
189 251
195 251
196 251
207 251
223 251
242 251
5 252
16 252
48 252
61 252
70 252
72 252
81 252
84 252
91 252
93 252
95 252
110 252
131 252
143 252
159 252
167 252
186 252
212 252
214 252
215 252
239 252
240 252
245 252
251 252
0 253
1 253
2 253
15 253
22 253
38 253
51 253
57 253
58 253
68 253
81 253
105 253
124 253
133 253
136 253
142 253
146 253
169 253
173 253
180 253
186 253
217 253
228 253
229 253
243 253
4 254
9 254
12 254
15 254
33 254
35 254
54 254
58 254
61 254
73 254
76 254
81 254
91 254
107 254
113 254
116 254
168 254
183 254
188 254
192 254
195 254
196 254
223 254
225 254
227 254
242 254
15 255
26 255
28 255
38 255
48 255
53 255
64 255
69 255
70 255
80 255
99 255
105 255
115 255
124 255
125 255
149 255
158 255
162 255
163 255
176 255
206 255
212 255
217 255
234 255
251 255
12 256
16 256
27 256
33 256
42 256
44 256
58 256
64 256
67 256
78 256
79 256
110 256
117 256
149 256
151 256
164 256
177 256
192 256
193 256
194 256
199 256
201 256
214 256
220 256
222 256
236 256
238 256
0 257
16 257
25 257
26 257
36 257
50 257
58 257
60 257
65 257
67 257
68 257
89 257
90 257
102 257
106 257
110 257
113 257
115 257
134 257
137 257
138 257
143 257
145 257
171 257
175 257
186 257
196 257
197 257
246 257
253 257
34 258
36 258
40 258
42 258
50 258
54 258
63 258
66 258
67 258
86 258
102 258
103 258
125 258
131 258
140 258
143 258
160 258
164 258
174 258
212 258
213 258
219 258
222 258
237 258
256 258
2 259
20 259
26 259
29 259
31 259
42 259
63 259
67 259
68 259
84 259
86 259
100 259
105 259
110 259
113 259
130 259
133 259
148 259
158 259
164 259
173 259
181 259
199 259
201 259
212 259
219 259
248 259
250 259
252 259
3 260
4 260
7 260
17 260
18 260
35 260
52 260
53 260
55 260
64 260
77 260
105 260
109 260
121 260
129 260
139 260
143 260
162 260
176 260
177 260
182 260
184 260
193 260
199 260
205 260
212 260
214 260
215 260
225 260
228 260
236 260
245 260
247 260
33 261
54 261
62 261
80 261
83 261
105 261
109 261
116 261
134 261
135 261
148 261
186 261
190 261
211 261
214 261
216 261
230 261
244 261
253 261
259 261
3 262
10 262
14 262
20 262
22 262
30 262
33 262
47 262
53 262
64 262
68 262
79 262
90 262
100 262
104 262
141 262
150 262
161 262
172 262
181 262
194 262
196 262
204 262
217 262
218 262
227 262
247 262
248 262
15 263
22 263
27 263
32 263
39 263
57 263
69 263
74 263
76 263
86 263
87 263
98 263
101 263
113 263
120 263
133 263
140 263
146 263
148 263
166 263
171 263
173 263
179 263
184 263
194 263
199 263
204 263
212 263
217 263
227 263
236 263
245 263
1 264
4 264
24 264
34 264
38 264
51 264
55 264
61 264
70 264
72 264
82 264
86 264
99 264
110 264
129 264
137 264
138 264
157 264
160 264
171 264
178 264
181 264
183 264
186 264
210 264
216 264
239 264
242 264
246 264
250 264
15 265
19 265
26 265
30 265
34 265
44 265
48 265
50 265
71 265
79 265
85 265
102 265
103 265
107 265
111 265
120 265
122 265
135 265
140 265
142 265
157 265
199 265
214 265
218 265
221 265
226 265
233 265
258 265
11 266
36 266
41 266
58 266
73 266
76 266
91 266
103 266
112 266
114 266
117 266
138 266
141 266
143 266
148 266
151 266
152 266
158 266
160 266
167 266
176 266
211 266
212 266
217 266
220 266
225 266
241 266
260 266
261 266
23 267
52 267
68 267
70 267
71 267
77 267
80 267
81 267
82 267
100 267
104 267
106 267
107 267
116 267
130 267
133 267
135 267
141 267
142 267
165 267
170 267
184 267
186 267
189 267
203 267
206 267
208 267
211 267
220 267
262 267
2 268
11 268
15 268
17 268
20 268
24 268
32 268
36 268
43 268
44 268
54 268
64 268
70 268
80 268
82 268
100 268
117 268
123 268
130 268
132 268
133 268
136 268
141 268
145 268
149 268
158 268
168 268
178 268
204 268
207 268
210 268
231 268
241 268
265 268
266 268
13 269
14 269
29 269
40 269
49 269
61 269
63 269
82 269
104 269
111 269
115 269
116 269
119 269
121 269
127 269
129 269
130 269
133 269
138 269
158 269
159 269
165 269
168 269
170 269
177 269
179 269
181 269
187 269
190 269
192 269
200 269
220 269
223 269
235 269
241 269
244 269
251 269
261 269
2 270
14 270
21 270
22 270
25 270
33 270
34 270
36 270
43 270
53 270
54 270
72 270
78 270
80 270
95 270
109 270
110 270
111 270
123 270
130 270
132 270
133 270
148 270
158 270
161 270
170 270
180 270
185 270
189 270
190 270
192 270
195 270
199 270
205 270
209 270
215 270
224 270
226 270
241 270
246 270
248 270
250 270
252 270
262 270
265 270
1 271
14 271
17 271
33 271
40 271
47 271
63 271
77 271
88 271
93 271
119 271
126 271
140 271
142 271
151 271
166 271
171 271
172 271
173 271
178 271
200 271
229 271
236 271
244 271
261 271
262 271
266 271
268 271
6 272
9 272
12 272
53 272
73 272
80 272
88 272
108 272
110 272
114 272
125 272
127 272
140 272
160 272
162 272
163 272
190 272
204 272
209 272
214 272
222 272
230 272
243 272
251 272
254 272
255 272
264 272
266 272
10 273
14 273
21 273
22 273
29 273
32 273
35 273
53 273
54 273
64 273
66 273
67 273
69 273
74 273
99 273
104 273
123 273
126 273
141 273
144 273
152 273
153 273
223 273
233 273
238 273
241 273
271 273
0 274
2 274
35 274
41 274
44 274
51 274
69 274
71 274
74 274
75 274
79 274
80 274
102 274
111 274
117 274
133 274
137 274
157 274
165 274
191 274
195 274
201 274
217 274
232 274
255 274
11 275
14 275
16 275
22 275
42 275
56 275
81 275
100 275
113 275
141 275
149 275
160 275
172 275
176 275
185 275
194 275
205 275
207 275
211 275
220 275
223 275
242 275
261 275
263 275
271 275
3 276
5 276
10 276
13 276
18 276
30 276
32 276
36 276
41 276
49 276
54 276
62 276
74 276
76 276
83 276
93 276
119 276
121 276
126 276
132 276
137 276
138 276
141 276
142 276
144 276
145 276
154 276
157 276
177 276
193 276
195 276
204 276
221 276
231 276
255 276
262 276
275 276
2 277
3 277
6 277
20 277
30 277
38 277
40 277
46 277
53 277
56 277
64 277
84 277
85 277
93 277
120 277
138 277
168 277
179 277
194 277
195 277
214 277
221 277
230 277
239 277
242 277
264 277
265 277
271 277
272 277
20 278
21 278
23 278
28 278
36 278
51 278
81 278
83 278
104 278
114 278
130 278
150 278
166 278
167 278
172 278
173 278
200 278
205 278
221 278
233 278
260 278
16 279
17 279
21 279
37 279
40 279
47 279
52 279
82 279
106 279
110 279
114 279
132 279
135 279
141 279
146 279
150 279
181 279
183 279
190 279
191 279
202 279
206 279
244 279
256 279
274 279
277 279
0 280
1 280
3 280
9 280
27 280
36 280
50 280
55 280
57 280
60 280
66 280
69 280
81 280
95 280
97 280
101 280
103 280
104 280
105 280
119 280
127 280
133 280
136 280
148 280
157 280
165 280
168 280
199 280
202 280
221 280
234 280
235 280
236 280
241 280
243 280
257 280
269 280
270 280
276 280
277 280
4 281
11 281
42 281
54 281
75 281
80 281
84 281
131 281
135 281
148 281
149 281
162 281
184 281
186 281
187 281
197 281
206 281
211 281
221 281
224 281
231 281
242 281
245 281
274 281
6 282
8 282
9 282
12 282
24 282
34 282
36 282
37 282
38 282
51 282
53 282
66 282
74 282
79 282
87 282
114 282
116 282
131 282
156 282
163 282
191 282
202 282
215 282
217 282
227 282
228 282
268 282
0 283
5 283
9 283
18 283
22 283
25 283
27 283
33 283
40 283
45 283
54 283
69 283
86 283
93 283
95 283
104 283
125 283
126 283
130 283
162 283
172 283
174 283
185 283
198 283
203 283
215 283
238 283
242 283
248 283
268 283
8 284
14 284
23 284
77 284
96 284
98 284
100 284
101 284
103 284
110 284
122 284
126 284
134 284
139 284
144 284
167 284
180 284
219 284
227 284
243 284
247 284
252 284
255 284
259 284
263 284
267 284
268 284
5 285
7 285
10 285
12 285
21 285
36 285
43 285
44 285
45 285
47 285
58 285
59 285
61 285
72 285
74 285
108 285
109 285
112 285
116 285
131 285
151 285
156 285
184 285
197 285
219 285
220 285
232 285
241 285
248 285
258 285
261 285
278 285
283 285
0 286
13 286
22 286
23 286
25 286
36 286
43 286
59 286
75 286
76 286
81 286
86 286
88 286
90 286
102 286
103 286
104 286
106 286
113 286
130 286
131 286
134 286
138 286
139 286
156 286
168 286
205 286
238 286
256 286
258 286
260 286
264 286
268 286
282 286
2 287
11 287
17 287
21 287
25 287
28 287
31 287
41 287
46 287
62 287
65 287
76 287
84 287
88 287
93 287
97 287
111 287
114 287
124 287
130 287
135 287
176 287
177 287
179 287
183 287
184 287
187 287
220 287
222 287
238 287
240 287
274 287
275 287
1 288
2 288
9 288
10 288
13 288
37 288
43 288
49 288
50 288
57 288
65 288
70 288
75 288
95 288
122 288
123 288
145 288
152 288
157 288
175 288
176 288
179 288
180 288
183 288
190 288
197 288
209 288
237 288
245 288
248 288
252 288
284 288
0 289
5 289
8 289
11 289
23 289
26 289
30 289
32 289
45 289
47 289
63 289
70 289
72 289
84 289
86 289
87 289
93 289
98 289
105 289
114 289
128 289
130 289
135 289
136 289
168 289
173 289
178 289
181 289
189 289
190 289
194 289
197 289
198 289
204 289
209 289
215 289
216 289
218 289
222 289
225 289
228 289
235 289
242 289
248 289
254 289
255 289
265 289
279 289
3 290
4 290
7 290
54 290
74 290
77 290
91 290
95 290
110 290
128 290
129 290
138 290
160 290
173 290
179 290
180 290
190 290
195 290
200 290
207 290
215 290
217 290
227 290
237 290
255 290
270 290
284 290
286 290
16 291
24 291
56 291
59 291
66 291
67 291
86 291
87 291
122 291
139 291
153 291
155 291
202 291
217 291
218 291
225 291
228 291
240 291
242 291
258 291
266 291
288 291
7 292
20 292
22 292
25 292
26 292
28 292
36 292
38 292
40 292
59 292
72 292
77 292
109 292
111 292
112 292
125 292
130 292
131 292
134 292
137 292
139 292
151 292
157 292
175 292
204 292
209 292
211 292
212 292
215 292
228 292
232 292
247 292
248 292
275 292
285 292
11 293
17 293
28 293
42 293
55 293
57 293
64 293
80 293
85 293
86 293
89 293
94 293
96 293
111 293
122 293
127 293
139 293
152 293
159 293
169 293
181 293
194 293
201 293
220 293
240 293
244 293
258 293
260 293
268 293
269 293
273 293
274 293
287 293
290 293
7 294
8 294
11 294
25 294
32 294
37 294
56 294
58 294
62 294
77 294
90 294
91 294
117 294
120 294
144 294
148 294
155 294
158 294
170 294
179 294
188 294
191 294
195 294
198 294
203 294
207 294
209 294
212 294
221 294
231 294
234 294
255 294
263 294
275 294
276 294
282 294
288 294
293 294
10 295
11 295
12 295
24 295
36 295
47 295
71 295
75 295
76 295
78 295
94 295
110 295
132 295
139 295
149 295
165 295
166 295
168 295
210 295
211 295
220 295
227 295
252 295
259 295
261 295
276 295
280 295
283 295
0 296
2 296
6 296
31 296
32 296
37 296
38 296
42 296
45 296
49 296
50 296
58 296
61 296
65 296
67 296
108 296
112 296
114 296
115 296
120 296
133 296
151 296
159 296
162 296
163 296
166 296
174 296
178 296
183 296
184 296
186 296
204 296
213 296
222 296
223 296
227 296
233 296
245 296
248 296
251 296
252 296
261 296
269 296
276 296
285 296
27 297
55 297
60 297
71 297
74 297
90 297
100 297
102 297
118 297
124 297
140 297
145 297
161 297
177 297
181 297
187 297
188 297
189 297
199 297
201 297
203 297
227 297
231 297
234 297
246 297
258 297
264 297
266 297
270 297
272 297
294 297
295 297
0 298
20 298
31 298
33 298
37 298
45 298
55 298
61 298
64 298
72 298
75 298
82 298
83 298
85 298
107 298
119 298
124 298
126 298
128 298
130 298
155 298
165 298
167 298
206 298
231 298
262 298
263 298
269 298
272 298
277 298
279 298
285 298
292 298
7 299
9 299
46 299
47 299
48 299
80 299
93 299
95 299
98 299
119 299
130 299
131 299
135 299
160 299
210 299
223 299
243 299
255 299
259 299
289 299
296 299
