300 3047 5
5 5 4 6 5 7 5 5 6 6 7 6 6 6 6 6 4 6 7 5 5 6 6 5 5 6 4 5 6 7 6 6 4 7 6 6 4 5 4 6 7 7 5 6 6 6 5 6 5 5 6 6 5 5 5 7 6 6 4 4 6 4 6 5 4 7 7 9 4 6 5 4 6 5 6 7 7 5 6 5 6 6 4 5 5 4 5 4 6 6 7 4 5 5 5 6 4 6 5 5 5 5 7 6 7 6 6 7 5 5 5 5 3 3 8 4 7 4 4 5 5 5 6 5 3 4 6 5 7 4 7 6 6 5 7 7 5 6 5 5 4 5 5 5 6 4 4 5 7 5 5 6 4 5 5 6 6 4 5 4 5 6 6 6 4 6 5 4 6 6 6 6 5 4 5 5 5 4 5 6 8 6 5 5 5 5 4 4 5 5 6 5 6 4 6 5 6 5 7 5 5 6 6 7 4 6 5 5 6 5 5 3 7 7 6 5 5 5 5 5 6 5 5 7 7 5 5 5 7 4 6 4 6 4 5 6 7 7 5 6 5 5 4 6 5 5 4 5 6 6 5 5 6 3 4 5 5 5 3 6 6 5 5 5 6 6 4 6 6 4 4 5 6 7 6 6 5 6 4 6 5 5 7 6 7 3 4 8 6 5 4 6 5 6 6 7 6 5 6 4
0 1
0 8
5 10
5 12
0 15
6 17
13 17
14 17
15 17
6 18
8 20
7 21
14 21
2 22
8 22
9 22
10 23
13 24
15 24
7 25
17 25
19 26
14 27
3 28
1 29
10 29
16 30
23 30
30 31
13 32
7 33
20 33
23 33
22 34
2 35
10 35
8 36
20 36
21 36
3 37
13 37
22 37
30 37
31 37
11 38
20 38
27 38
37 38
38 39
13 40
23 40
30 40
2 41
21 41
27 41
31 41
35 41
2 42
8 42
12 42
36 42
38 42
35 43
7 44
20 44
33 44
39 44
43 44
16 45
43 45
22 46
40 46
1 47
5 48
27 48
2 49
11 49
29 49
32 49
43 49
8 50
25 50
45 50
20 51
25 51
7 52
13 52
25 52
31 52
44 52
0 53
2 53
35 53
37 53
44 53
16 54
23 54
34 54
47 54
1 55
15 55
39 55
50 55
52 55
16 56
21 56
12 57
56 57
13 58
32 58
34 58
35 58
40 58
51 58
1 59
23 59
41 59
7 60
31 60
47 60
15 61
23 61
50 61
16 62
11 63
19 63
31 63
37 63
43 63
56 63
28 64
55 64
21 65
27 65
30 65
44 65
50 65
6 66
11 66
21 66
40 66
44 66
48 66
56 66
9 67
38 67
45 67
2 68
36 68
58 68
60 68
63 68
2 69
18 69
25 69
37 69
45 69
61 69
63 69
64 69
5 70
16 70
31 70
37 70
42 70
29 71
41 71
16 72
32 72
45 72
55 72
12 73
14 73
48 73
50 73
60 73
66 73
2 74
5 74
30 74
61 74
16 75
32 75
53 75
55 75
56 75
65 75
6 76
22 76
28 76
39 76
53 76
56 76
69 76
0 77
30 77
35 77
49 77
55 77
12 78
16 78
19 78
62 78
17 79
71 79
9 80
17 80
23 80
32 80
37 80
47 80
59 80
62 80
63 80
74 80
15 81
16 81
20 81
31 81
32 81
41 81
55 81
56 81
70 81
75 81
77 81
12 82
51 82
59 82
49 83
55 83
61 83
79 83
47 84
75 84
0 85
81 85
1 86
2 86
13 86
23 86
41 86
42 86
54 86
62 86
10 87
26 87
71 87
1 88
11 88
29 88
57 88
76 88
55 89
58 89
65 89
10 90
21 90
27 90
66 90
75 90
86 90
6 91
29 91
33 91
39 91
81 91
90 91
10 92
32 92
36 92
58 92
59 92
68 92
74 92
78 92
22 93
41 93
57 93
84 93
5 94
13 94
18 94
36 94
44 94
50 94
3 95
15 95
17 95
23 95
39 95
44 95
48 95
80 95
92 95
16 96
60 96
76 96
29 97
44 97
55 97
63 97
85 97
89 97
1 98
12 98
14 98
17 98
22 98
41 98
49 98
58 98
70 98
87 98
94 98
12 99
20 99
44 99
47 99
50 99
59 99
60 99
85 99
90 99
2 100
14 100
17 100
30 100
36 100
42 100
69 100
70 100
75 100
1 101
31 101
36 101
37 101
49 101
79 101
88 101
22 102
24 102
37 102
52 102
53 102
60 102
76 102
86 102
95 102
13 103
19 103
21 103
40 103
48 103
69 103
85 103
88 103
5 104
10 104
11 104
20 104
26 104
34 104
52 104
62 104
99 104
10 105
19 105
37 105
49 105
58 105
82 105
88 105
92 105
41 106
45 106
50 106
64 106
84 106
87 106
99 106
1 107
14 107
15 107
16 107
42 107
73 107
75 107
85 107
4 108
38 108
40 108
45 108
51 108
58 108
75 108
23 109
24 109
59 109
60 109
68 109
69 109
85 109
95 109
0 110
25 110
84 110
104 110
6 111
32 111
61 111
72 111
15 112
43 112
61 112
98 112
111 112
1 113
11 113
18 113
58 113
71 113
19 114
76 114
103 114
47 115
49 115
50 115
54 115
64 115
70 115
75 115
77 115
86 115
88 115
101 115
107 115
3 116
23 116
33 116
41 116
45 116
48 116
54 116
68 116
98 116
106 116
13 117
28 117
39 117
59 117
65 117
69 117
83 117
86 117
113 117
115 117
0 118
2 118
7 118
12 118
15 118
21 118
31 118
48 118
49 118
67 118
69 118
73 118
101 118
109 118
116 118
2 119
9 119
11 119
13 119
16 119
38 119
51 119
67 119
69 119
87 119
94 119
97 119
118 119
18 120
39 120
65 120
66 120
69 120
86 120
89 120
100 120
1 121
4 121
27 121
44 121
50 121
73 121
79 121
4 122
18 122
35 122
46 122
49 122
70 122
83 122
95 122
111 122
113 122
119 122
35 123
46 123
59 123
81 123
95 123
2 124
13 124
21 124
46 124
54 124
58 124
59 124
65 124
106 124
112 124
3 125
11 125
13 125
22 125
87 125
98 125
102 125
108 125
114 125
119 125
121 125
13 126
29 126
31 126
64 126
83 126
106 126
122 126
17 127
23 127
34 127
50 127
56 127
67 127
73 127
80 127
102 127
105 127
107 127
113 127
115 127
118 127
25 128
45 128
66 128
76 128
80 128
83 128
87 128
119 128
11 129
15 129
20 129
36 129
82 129
3 130
13 130
16 130
19 130
31 130
32 130
36 130
42 130
51 130
68 130
91 130
92 130
100 130
120 130
11 131
20 131
23 131
30 131
37 131
63 131
104 131
107 131
116 131
117 131
123 131
25 132
64 132
74 132
77 132
84 132
93 132
99 132
110 132
114 132
115 132
119 132
120 132
0 133
7 133
10 133
56 133
73 133
75 133
105 133
122 133
8 134
47 134
55 134
73 134
84 134
118 134
130 134
131 134
0 135
1 135
42 135
50 135
51 135
62 135
69 135
111 135
5 136
30 136
40 136
55 136
56 136
90 136
2 137
18 137
34 137
68 137
96 137
112 137
116 137
117 137
118 137
124 137
128 137
129 137
4 138
27 138
35 138
36 138
49 138
63 138
68 138
79 138
104 138
106 138
110 138
117 138
130 138
2 139
14 139
24 139
44 139
53 139
56 139
70 139
89 139
97 139
103 139
107 139
16 140
69 140
84 140
115 140
14 141
42 141
66 141
71 141
87 141
94 141
129 141
7 142
8 142
23 142
28 142
37 142
65 142
103 142
107 142
3 143
6 143
39 143
50 143
65 143
71 143
90 143
1 144
7 144
20 144
26 144
110 144
111 144
116 144
125 144
4 145
47 145
61 145
68 145
78 145
99 145
111 145
35 146
40 146
41 146
67 146
107 146
143 146
21 147
36 147
42 147
59 147
116 147
124 147
135 147
25 148
60 148
69 148
116 148
119 148
121 148
127 148
133 148
134 148
142 148
143 148
13 149
19 149
67 149
68 149
72 149
74 149
88 149
92 149
126 149
7 150
39 150
53 150
68 150
80 150
91 150
104 150
116 150
125 150
133 150
147 150
20 151
46 151
47 151
50 151
51 151
57 151
76 151
77 151
99 151
129 151
3 152
10 152
18 152
64 152
99 152
116 152
126 152
149 152
19 153
30 153
64 153
69 153
77 153
97 153
113 153
132 153
33 154
41 154
44 154
66 154
85 154
100 154
114 154
126 154
135 154
150 154
151 154
8 155
21 155
25 155
40 155
49 155
56 155
59 155
68 155
74 155
83 155
91 155
102 155
112 155
121 155
143 155
147 155
3 156
27 156
28 156
33 156
55 156
81 156
83 156
86 156
92 156
95 156
99 156
109 156
124 156
137 156
138 156
141 156
154 156
6 157
14 157
28 157
37 157
38 157
39 157
49 157
51 157
55 157
97 157
99 157
1 158
7 158
27 158
51 158
76 158
82 158
92 158
109 158
136 158
140 158
147 158
8 159
13 159
16 159
18 159
44 159
45 159
53 159
55 159
67 159
90 159
115 159
116 159
123 159
142 159
143 159
152 159
3 160
16 160
31 160
40 160
41 160
44 160
63 160
70 160
89 160
152 160
1 161
18 161
20 161
29 161
34 161
42 161
60 161
61 161
67 161
79 161
82 161
97 161
116 161
118 161
141 161
159 161
11 162
13 162
19 162
42 162
43 162
51 162
52 162
62 162
94 162
140 162
13 163
33 163
34 163
67 163
68 163
70 163
77 163
83 163
105 163
117 163
128 163
160 163
13 164
34 164
37 164
49 164
52 164
60 164
72 164
94 164
102 164
122 164
132 164
134 164
157 164
6 165
29 165
33 165
54 165
55 165
57 165
87 165
137 165
164 165
9 166
40 166
70 166
85 166
100 166
151 166
1 167
5 167
22 167
28 167
52 167
79 167
84 167
99 167
125 167
159 167
17 168
36 168
52 168
78 168
79 168
96 168
103 168
104 168
108 168
126 168
142 168
149 168
153 168
161 168
2 169
25 169
30 169
41 169
105 169
113 169
165 169
7 170
23 170
36 170
43 170
74 170
99 170
109 170
110 170
133 170
150 170
161 170
167 170
25 171
35 171
62 171
64 171
67 171
84 171
87 171
108 171
115 171
126 171
127 171
131 171
140 171
3 172
16 172
27 172
30 172
32 172
39 172
44 172
54 172
85 172
91 172
97 172
113 172
133 172
37 173
39 173
57 173
89 173
122 173
132 173
148 173
15 174
28 174
32 174
45 174
60 174
69 174
87 174
112 174
115 174
136 174
68 175
83 175
97 175
118 175
119 175
124 175
126 175
127 175
131 175
139 175
155 175
167 175
168 175
169 175
30 176
31 176
36 176
42 176
56 176
57 176
72 176
89 176
101 176
106 176
107 176
119 176
123 176
127 176
135 176
142 176
146 176
157 176
169 176
9 177
21 177
23 177
32 177
60 177
66 177
79 177
86 177
94 177
119 177
127 177
147 177
156 177
162 177
172 177
174 177
6 178
22 178
45 178
61 178
68 178
73 178
88 178
95 178
116 178
129 178
140 178
161 178
32 179
63 179
66 179
92 179
107 179
108 179
125 179
169 179
41 180
58 180
63 180
71 180
91 180
95 180
96 180
147 180
150 180
172 180
20 181
42 181
51 181
66 181
74 181
89 181
92 181
117 181
155 181
161 181
167 181
172 181
16 182
24 182
26 182
34 182
39 182
43 182
46 182
48 182
56 182
64 182
89 182
99 182
112 182
113 182
119 182
121 182
123 182
138 182
142 182
172 182
20 183
25 183
30 183
50 183
106 183
130 183
158 183
162 183
18 184
19 184
45 184
53 184
74 184
93 184
103 184
111 184
121 184
143 184
148 184
174 184
35 185
40 185
64 185
72 185
88 185
105 185
114 185
124 185
162 185
167 185
13 186
17 186
24 186
27 186
60 186
66 186
75 186
76 186
88 186
100 186
104 186
121 186
126 186
139 186
29 187
46 187
71 187
72 187
90 187
104 187
139 187
150 187
170 187
0 188
6 188
12 188
24 188
27 188
29 188
34 188
65 188
78 188
95 188
99 188
106 188
112 188
119 188
122 188
125 188
128 188
129 188
144 188
149 188
155 188
159 188
161 188
166 188
181 188
44 189
61 189
112 189
116 189
120 189
124 189
125 189
138 189
151 189
152 189
161 189
179 189
5 190
22 190
50 190
59 190
66 190
67 190
71 190
74 190
76 190
85 190
90 190
101 190
109 190
156 190
188 190
12 191
41 191
56 191
121 191
157 191
161 191
180 191
7 192
14 192
29 192
44 192
53 192
60 192
88 192
89 192
96 192
113 192
133 192
6 193
10 193
36 193
181 193
12 194
31 194
35 194
37 194
45 194
120 194
123 194
152 194
157 194
37 195
38 195
40 195
59 195
60 195
67 195
71 195
97 195
106 195
110 195
159 195
164 195
179 195
10 196
30 196
43 196
50 196
63 196
66 196
68 196
109 196
130 196
131 196
155 196
164 196
181 196
5 197
43 197
58 197
59 197
70 197
82 197
86 197
93 197
110 197
113 197
122 197
166 197
3 198
14 198
16 198
20 198
28 198
30 198
37 198
52 198
59 198
65 198
69 198
93 198
97 198
108 198
109 198
120 198
137 198
141 198
153 198
156 198
173 198
174 198
178 198
190 198
11 199
20 199
27 199
29 199
41 199
47 199
64 199
67 199
92 199
95 199
131 199
136 199
147 199
156 199
159 199
171 199
17 200
31 200
50 200
59 200
64 200
65 200
103 200
126 200
164 200
185 200
198 200
5 201
16 201
42 201
44 201
46 201
52 201
87 201
91 201
157 201
175 201
179 201
5 202
11 202
28 202
30 202
43 202
54 202
64 202
75 202
95 202
100 202
155 202
159 202
161 202
171 202
14 203
15 203
46 203
68 203
78 203
98 203
130 203
136 203
138 203
142 203
0 204
4 204
14 204
60 204
66 204
70 204
73 204
84 204
104 204
126 204
150 204
151 204
152 204
153 204
157 204
158 204
169 204
173 204
185 204
189 204
13 205
29 205
31 205
34 205
38 205
98 205
104 205
106 205
123 205
161 205
176 205
182 205
185 205
7 206
15 206
31 206
74 206
79 206
101 206
106 206
108 206
116 206
144 206
150 206
190 206
199 206
200 206
4 207
17 207
47 207
49 207
59 207
71 207
101 207
118 207
129 207
136 207
138 207
146 207
169 207
182 207
8 208
14 208
19 208
21 208
24 208
27 208
32 208
37 208
39 208
42 208
44 208
46 208
109 208
183 208
203 208
28 209
41 209
43 209
50 209
113 209
118 209
120 209
136 209
147 209
167 209
173 209
182 209
185 209
189 209
205 209
2 210
11 210
15 210
31 210
32 210
92 210
123 210
139 210
155 210
177 210
0 211
17 211
37 211
43 211
59 211
60 211
96 211
102 211
151 211
162 211
187 211
189 211
197 211
1 212
2 212
11 212
58 212
82 212
86 212
91 212
107 212
132 212
154 212
157 212
192 212
198 212
205 212
0 213
3 213
15 213
49 213
66 213
79 213
98 213
105 213
108 213
124 213
148 213
158 213
175 213
190 213
198 213
6 214
16 214
21 214
22 214
47 214
69 214
75 214
83 214
89 214
94 214
95 214
114 214
155 214
184 214
11 215
30 215
35 215
40 215
43 215
51 215
58 215
85 215
92 215
95 215
98 215
126 215
129 215
161 215
163 215
177 215
182 215
191 215
207 215
209 215
211 215
71 216
73 216
92 216
95 216
103 216
122 216
138 216
153 216
156 216
179 216
185 216
187 216
212 216
9 217
24 217
31 217
48 217
49 217
89 217
94 217
103 217
149 217
162 217
189 217
209 217
214 217
6 218
16 218
17 218
51 218
83 218
85 218
103 218
153 218
157 218
159 218
160 218
161 218
168 218
169 218
176 218
183 218
194 218
210 218
30 219
45 219
52 219
68 219
146 219
152 219
172 219
185 219
191 219
202 219
205 219
209 219
45 220
48 220
68 220
94 220
99 220
104 220
112 220
123 220
139 220
155 220
156 220
182 220
187 220
195 220
199 220
201 220
3 221
13 221
14 221
50 221
62 221
75 221
90 221
99 221
105 221
110 221
120 221
136 221
151 221
183 221
191 221
198 221
199 221
202 221
212 221
24 222
49 222
61 222
94 222
129 222
133 222
140 222
144 222
151 222
175 222
185 222
206 222
211 222
213 222
15 223
19 223
23 223
36 223
41 223
72 223
73 223
75 223
82 223
119 223
132 223
141 223
158 223
179 223
187 223
209 223
214 223
0 224
6 224
16 224
48 224
96 224
149 224
151 224
5 225
9 225
13 225
21 225
47 225
92 225
96 225
100 225
115 225
140 225
187 225
188 225
213 225
217 225
40 226
43 226
57 226
133 226
144 226
147 226
176 226
177 226
203 226
224 226
2 227
32 227
36 227
44 227
55 227
108 227
112 227
123 227
157 227
162 227
181 227
184 227
195 227
204 227
206 227
213 227
14 228
33 228
38 228
51 228
84 228
92 228
99 228
101 228
123 228
151 228
158 228
188 228
192 228
6 229
7 229
28 229
33 229
48 229
56 229
101 229
158 229
195 229
202 229
203 229
211 229
5 230
19 230
43 230
49 230
79 230
101 230
119 230
152 230
178 230
198 230
219 230
5 231
6 231
18 231
23 231
32 231
93 231
102 231
144 231
151 231
165 231
170 231
181 231
186 231
190 231
191 231
193 231
220 231
222 231
229 231
230 231
7 232
20 232
41 232
42 232
43 232
45 232
47 232
49 232
84 232
97 232
99 232
119 232
122 232
126 232
148 232
151 232
163 232
171 232
172 232
177 232
178 232
186 232
228 232
51 233
73 233
91 233
95 233
102 233
122 233
131 233
154 233
186 233
194 233
199 233
203 233
210 233
230 233
5 234
8 234
40 234
53 234
67 234
79 234
90 234
97 234
106 234
112 234
113 234
122 234
129 234
160 234
179 234
182 234
226 234
227 234
2 235
22 235
26 235
31 235
46 235
50 235
79 235
85 235
87 235
97 235
107 235
150 235
152 235
153 235
155 235
184 235
187 235
214 235
223 235
224 235
15 236
17 236
38 236
41 236
132 236
143 236
164 236
170 236
173 236
176 236
179 236
191 236
220 236
222 236
224 236
227 236
228 236
6 237
12 237
32 237
40 237
41 237
54 237
145 237
192 237
199 237
214 237
221 237
233 237
6 238
14 238
20 238
60 238
62 238
91 238
93 238
95 238
97 238
129 238
155 238
182 238
213 238
217 238
236 238
12 239
14 239
33 239
55 239
67 239
96 239
105 239
107 239
118 239
151 239
152 239
165 239
174 239
181 239
198 239
207 239
209 239
236 239
70 240
86 240
88 240
92 240
104 240
120 240
136 240
137 240
151 240
182 240
187 240
193 240
200 240
235 240
28 241
29 241
34 241
56 241
59 241
67 241
73 241
84 241
102 241
138 241
144 241
173 241
214 241
215 241
239 241
10 242
13 242
19 242
42 242
50 242
73 242
74 242
92 242
123 242
150 242
158 242
171 242
174 242
190 242
238 242
6 243
7 243
23 243
24 243
25 243
29 243
47 243
54 243
70 243
102 243
105 243
113 243
135 243
141 243
171 243
201 243
240 243
1 244
4 244
6 244
28 244
66 244
70 244
110 244
117 244
159 244
165 244
168 244
172 244
189 244
194 244
204 244
207 244
221 244
223 244
2 245
36 245
50 245
52 245
54 245
56 245
65 245
113 245
114 245
143 245
146 245
157 245
168 245
193 245
199 245
31 246
62 246
75 246
88 246
93 246
98 246
114 246
119 246
143 246
155 246
162 246
204 246
206 246
209 246
222 246
244 246
4 247
5 247
15 247
20 247
33 247
38 247
54 247
61 247
72 247
80 247
88 247
98 247
123 247
129 247
130 247
143 247
151 247
172 247
178 247
179 247
187 247
200 247
235 247
5 248
44 248
60 248
74 248
89 248
90 248
91 248
103 248
128 248
132 248
144 248
150 248
156 248
194 248
224 248
15 249
69 249
97 249
114 249
121 249
122 249
127 249
135 249
154 249
174 249
212 249
222 249
228 249
244 249
10 250
30 250
53 250
73 250
97 250
107 250
141 250
145 250
150 250
162 250
166 250
186 250
197 250
233 250
0 251
22 251
44 251
47 251
57 251
58 251
80 251
91 251
99 251
117 251
120 251
133 251
137 251
147 251
159 251
163 251
180 251
182 251
188 251
199 251
202 251
232 251
234 251
238 251
249 251
3 252
6 252
13 252
21 252
37 252
45 252
48 252
62 252
82 252
86 252
97 252
100 252
119 252
133 252
173 252
175 252
189 252
208 252
212 252
228 252
236 252
8 253
11 253
15 253
26 253
49 253
60 253
96 253
97 253
109 253
126 253
172 253
174 253
182 253
216 253
222 253
18 254
26 254
54 254
56 254
63 254
102 254
107 254
132 254
166 254
173 254
179 254
188 254
221 254
223 254
236 254
252 254
6 255
8 255
21 255
22 255
36 255
58 255
99 255
105 255
107 255
113 255
141 255
152 255
169 255
184 255
205 255
210 255
224 255
225 255
229 255
253 255
21 256
32 256
55 256
59 256
63 256
79 256
104 256
131 256
153 256
172 256
181 256
234 256
249 256
4 257
20 257
36 257
42 257
44 257
47 257
60 257
136 257
151 257
157 257
165 257
191 257
225 257
238 257
239 257
240 257
251 257
256 257
9 258
15 258
16 258
42 258
55 258
106 258
109 258
113 258
130 258
134 258
136 258
148 258
152 258
162 258
193 258
208 258
222 258
228 258
249 258
252 258
25 259
35 259
44 259
45 259
77 259
104 259
106 259
135 259
142 259
145 259
149 259
166 259
174 259
246 259
31 260
36 260
61 260
67 260
74 260
75 260
78 260
126 260
133 260
162 260
164 260
208 260
225 260
15 261
22 261
35 261
65 261
87 261
92 261
99 261
119 261
130 261
143 261
144 261
151 261
152 261
167 261
168 261
176 261
189 261
196 261
215 261
222 261
228 261
230 261
260 261
2 262
25 262
26 262
34 262
48 262
94 262
128 262
140 262
144 262
176 262
181 262
212 262
224 262
226 262
230 262
0 263
2 263
21 263
31 263
35 263
40 263
60 263
67 263
74 263
80 263
87 263
157 263
166 263
180 263
228 263
254 263
259 263
6 264
9 264
26 264
75 264
78 264
80 264
93 264
105 264
114 264
122 264
124 264
126 264
148 264
188 264
195 264
197 264
207 264
234 264
236 264
243 264
13 265
35 265
64 265
71 265
72 265
92 265
114 265
115 265
140 265
176 265
212 265
220 265
242 265
251 265
7 266
33 266
45 266
84 266
92 266
96 266
99 266
102 266
135 266
143 266
157 266
166 266
179 266
215 266
246 266
250 266
39 267
95 267
116 267
163 267
193 267
228 267
232 267
245 267
19 268
77 268
88 268
94 268
100 268
110 268
124 268
132 268
152 268
183 268
196 268
237 268
247 268
30 269
37 269
46 269
99 269
109 269
115 269
178 269
189 269
195 269
215 269
219 269
221 269
222 269
233 269
249 269
253 269
256 269
267 269
268 269
1 270
74 270
80 270
82 270
91 270
107 270
121 270
124 270
132 270
137 270
141 270
154 270
171 270
203 270
204 270
38 271
55 271
59 271
64 271
71 271
127 271
136 271
139 271
155 271
166 271
197 271
219 271
229 271
247 271
269 271
37 272
40 272
69 272
79 272
81 272
100 272
127 272
144 272
148 272
157 272
165 272
186 272
187 272
220 272
234 272
259 272
268 272
19 273
28 273
30 273
61 273
63 273
70 273
74 273
76 273
79 273
82 273
91 273
94 273
101 273
105 273
121 273
140 273
159 273
178 273
183 273
186 273
210 273
213 273
220 273
226 273
241 273
252 273
260 273
3 274
8 274
16 274
19 274
24 274
26 274
29 274
34 274
41 274
44 274
86 274
93 274
95 274
130 274
131 274
149 274
166 274
170 274
185 274
193 274
216 274
247 274
257 274
259 274
262 274
271 274
15 275
29 275
63 275
64 275
65 275
81 275
86 275
97 275
106 275
108 275
135 275
176 275
184 275
197 275
209 275
212 275
244 275
261 275
2 276
30 276
61 276
64 276
88 276
110 276
142 276
145 276
148 276
196 276
199 276
224 276
230 276
247 276
11 277
12 277
24 277
30 277
36 277
71 277
74 277
76 277
82 277
89 277
99 277
138 277
139 277
142 277
165 277
192 277
200 277
220 277
225 277
234 277
247 277
250 277
273 277
276 277
10 278
36 278
72 278
73 278
98 278
124 278
132 278
149 278
174 278
180 278
190 278
192 278
216 278
227 278
237 278
270 278
274 278
275 278
22 279
26 279
34 279
52 279
55 279
58 279
66 279
89 279
109 279
123 279
129 279
134 279
141 279
213 279
221 279
223 279
250 279
41 280
50 280
72 280
80 280
88 280
108 280
109 280
114 280
134 280
158 280
161 280
186 280
201 280
202 280
208 280
212 280
216 280
227 280
238 280
275 280
21 281
26 281
29 281
35 281
46 281
49 281
52 281
60 281
62 281
76 281
109 281
116 281
118 281
131 281
155 281
162 281
198 281
221 281
237 281
241 281
245 281
266 281
8 282
28 282
33 282
36 282
57 282
104 282
105 282
107 282
110 282
159 282
188 282
193 282
212 282
244 282
246 282
253 282
278 282
1 283
7 283
9 283
10 283
17 283
32 283
40 283
62 283
77 283
98 283
123 283
136 283
164 283
168 283
174 283
180 283
186 283
220 283
243 283
245 283
255 283
258 283
44 284
51 284
56 284
60 284
69 284
82 284
102 284
104 284
105 284
108 284
133 284
144 284
148 284
162 284
163 284
165 284
166 284
176 284
197 284
221 284
248 284
253 284
278 284
281 284
5 285
22 285
27 285
47 285
54 285
57 285
67 285
68 285
96 285
111 285
120 285
159 285
169 285
195 285
198 285
219 285
227 285
240 285
248 285
273 285
280 285
1 286
32 286
44 286
48 286
59 286
78 286
93 286
115 286
139 286
143 286
159 286
170 286
179 286
183 286
218 286
232 286
235 286
252 286
263 286
283 286
2 287
55 287
64 287
66 287
104 287
121 287
124 287
127 287
135 287
141 287
142 287
154 287
158 287
169 287
176 287
181 287
220 287
222 287
225 287
228 287
259 287
261 287
264 287
281 287
58 288
59 288
61 288
73 288
92 288
111 288
118 288
135 288
147 288
161 288
174 288
183 288
221 288
226 288
236 288
237 288
247 288
284 288
1 289
40 289
56 289
83 289
95 289
121 289
135 289
139 289
157 289
179 289
183 289
196 289
205 289
260 289
261 289
266 289
11 290
25 290
34 290
38 290
43 290
48 290
51 290
82 290
89 290
92 290
94 290
96 290
114 290
116 290
120 290
124 290
158 290
159 290
170 290
179 290
197 290
212 290
232 290
238 290
262 290
3 291
16 291
21 291
27 291
30 291
75 291
127 291
138 291
153 291
163 291
170 291
172 291
185 291
228 291
231 291
252 291
262 291
266 291
275 291
290 291
3 292
38 292
54 292
82 292
88 292
99 292
100 292
107 292
143 292
172 292
202 292
215 292
221 292
225 292
246 292
247 292
263 292
275 292
285 292
9 293
12 293
27 293
30 293
60 293
64 293
69 293
74 293
78 293
112 293
149 293
151 293
152 293
160 293
167 293
169 293
173 293
177 293
191 293
192 293
194 293
198 293
213 293
216 293
241 293
249 293
250 293
265 293
3 294
24 294
34 294
48 294
61 294
64 294
82 294
88 294
104 294
112 294
130 294
151 294
157 294
161 294
169 294
181 294
202 294
220 294
239 294
247 294
254 294
278 294
287 294
292 294
15 295
19 295
37 295
71 295
95 295
108 295
154 295
161 295
173 295
188 295
213 295
227 295
235 295
241 295
13 296
16 296
47 296
56 296
76 296
81 296
82 296
89 296
125 296
132 296
167 296
172 296
196 296
200 296
213 296
220 296
248 296
258 296
273 296
276 296
280 296
6 297
14 297
20 297
30 297
57 297
68 297
86 297
112 297
165 297
180 297
181 297
186 297
198 297
203 297
211 297
213 297
214 297
217 297
218 297
227 297
238 297
246 297
247 297
276 297
281 297
285 297
5 298
23 298
28 298
103 298
134 298
140 298
163 298
171 298
174 298
193 298
202 298
206 298
207 298
216 298
237 298
258 298
261 298
278 298
288 298
290 298
292 298
294 298
9 299
12 299
78 299
83 299
91 299
99 299
119 299
183 299
187 299
229 299
235 299
256 299
263 299
277 299
281 299
286 299
296 299
