300 1493 5
5 4 6 6 6 4 6 8 6 7 4 6 5 8 7 5 6 7 4 6 6 5 7 6 4 5 3 7 5 5 5 6 5 5 6 5 6 6 7 6 5 5 5 7 5 4 5 5 7 6 5 7 5 6 3 6 5 4 7 6 7 3 4 5 5 4 6 6 7 6 5 5 6 5 7 5 7 5 6 6 5 5 4 6 6 6 5 5 5 5 6 6 4 4 6 4 6 4 7 6 6 5 6 4 6 6 7 5 5 5 6 5 6 2 7 5 5 7 6 6 6 5 6 7 5 7 5 5 6 6 5 5 4 6 7 7 6 6 5 7 5 4 4 6 6 6 5 7 8 7 6 7 5 5 5 6 3 4 4 6 5 4 6 5 5 5 4 5 6 6 5 4 5 5 4 6 5 6 5 5 5 5 5 6 5 6 6 5 6 5 4 6 4 6 5 6 5 6 3 6 8 6 3 6 4 4 6 6 6 6 6 6 5 5 7 6 5 6 6 6 4 6 6 5 6 5 6 6 6 5 7 7 8 6 6 6 5 8 4 6 5 7 7 4 7 5 6 5 4 5 5 5 5 7 5 7 4 7 5 6 5 7 6 6 4 6 4 6 6 5 5 7 6 6 5 4 6 6 6 5 3 6 4 4 6 4 5 7 4 5 6 5 5 6 8 6 6 6 4 5
0 6
2 11
2 15
2 16
8 17
12 20
1 23
21 23
7 24
13 24
14 24
24 26
12 30
17 31
4 32
10 32
3 33
0 35
16 35
24 36
9 37
9 39
3 40
4 40
21 41
32 41
11 42
20 44
35 44
13 47
22 47
28 48
29 48
35 48
14 49
48 49
5 50
17 50
19 50
30 50
44 50
8 51
12 51
48 51
5 52
22 52
32 52
18 53
49 53
34 54
45 54
6 56
10 56
11 56
43 56
35 57
40 57
52 58
2 59
30 59
13 60
41 60
55 60
0 61
5 61
43 61
56 61
1 65
5 66
17 66
57 66
10 67
65 67
0 68
22 68
57 68
23 69
36 69
56 69
25 70
64 70
8 71
34 71
9 72
34 72
37 72
70 72
1 73
16 73
51 73
55 73
68 73
69 74
31 75
56 75
71 76
72 76
0 77
21 77
25 77
26 77
69 77
70 77
7 79
21 80
25 80
11 81
16 81
14 82
6 83
14 83
44 84
57 84
80 84
59 85
63 85
81 85
32 86
53 86
64 86
83 86
4 87
19 87
7 88
43 88
4 89
9 89
49 89
32 90
72 90
53 91
7 92
8 92
60 92
67 92
73 92
81 92
10 93
33 93
48 93
57 93
60 93
85 93
28 94
40 94
46 94
76 94
10 95
32 95
53 95
25 96
36 96
55 96
57 96
95 96
4 97
17 97
36 97
95 97
23 98
86 98
91 98
13 99
17 99
77 99
79 99
13 100
78 100
33 101
38 101
45 101
75 101
78 101
100 101
11 102
56 102
66 102
99 102
9 103
77 103
86 103
95 104
1 105
24 105
50 105
58 105
72 105
79 105
83 105
43 106
40 107
44 107
57 107
62 107
35 108
85 108
91 108
100 108
18 109
51 109
60 109
61 109
70 109
43 110
81 110
26 111
58 111
89 111
98 111
51 112
61 112
6 113
17 113
19 113
48 113
70 113
74 113
7 114
19 114
24 114
70 114
74 114
3 115
28 115
32 115
63 116
78 116
80 116
84 116
16 117
88 117
17 118
19 118
57 118
73 118
82 118
100 118
107 118
113 118
1 119
10 119
17 119
27 119
68 119
72 119
117 119
27 120
31 120
42 120
49 120
64 120
88 120
13 121
77 121
4 122
10 122
28 122
64 122
83 122
116 122
37 123
52 123
92 123
94 123
110 123
116 123
74 124
103 124
54 125
61 125
82 125
123 125
27 126
59 126
96 126
42 127
107 127
8 129
17 129
19 129
64 129
73 129
104 129
20 130
28 130
29 130
52 130
93 130
19 131
47 131
50 131
53 131
58 131
93 131
111 131
128 131
39 132
44 132
80 132
5 133
15 133
16 134
35 134
40 134
42 134
108 134
119 134
130 134
40 135
16 136
20 136
32 136
49 136
16 137
113 137
23 138
42 138
16 139
114 139
5 140
60 140
66 140
91 141
93 141
76 142
49 143
56 143
85 143
131 143
58 144
87 144
94 144
108 144
113 144
127 144
130 144
1 145
27 145
21 146
41 146
51 146
81 146
1 147
37 147
39 147
92 147
2 148
67 148
73 148
83 148
89 148
99 148
117 148
6 149
14 149
43 149
121 149
137 149
46 150
95 150
141 151
0 152
8 152
18 152
62 152
87 152
103 152
109 152
11 153
45 153
75 153
87 153
100 153
26 154
37 154
45 154
79 154
98 154
13 155
21 155
33 155
39 155
58 155
98 155
62 156
85 156
97 156
113 156
50 157
66 157
82 157
101 157
121 157
2 158
29 158
36 158
146 158
13 159
28 159
43 159
45 159
86 159
96 159
102 159
138 159
148 159
147 160
22 161
58 161
59 161
61 161
115 161
49 162
53 162
89 162
99 162
101 162
136 162
22 163
75 163
92 163
130 163
151 163
152 163
99 164
102 164
123 164
124 164
130 164
143 164
5 165
53 165
60 165
104 165
126 165
144 165
147 165
24 166
32 166
58 166
102 166
104 166
141 166
145 166
130 167
139 167
1 168
21 168
57 168
108 168
117 168
24 169
29 169
84 169
125 169
12 170
28 170
64 170
76 170
82 170
89 170
93 170
95 170
4 171
111 171
25 172
38 172
51 172
71 172
75 172
93 172
128 172
19 173
84 173
110 173
111 173
168 173
21 174
44 174
117 174
162 174
50 175
96 175
99 175
118 175
142 175
7 176
18 176
45 176
68 176
97 176
114 176
74 177
81 177
116 177
135 177
1 178
12 178
71 178
151 178
153 178
164 178
168 178
8 179
13 179
39 179
136 179
151 179
46 180
152 180
5 181
39 181
43 181
55 181
68 181
74 181
91 181
139 181
159 181
37 182
45 182
78 182
86 182
92 182
14 183
27 183
62 183
95 183
98 183
112 183
179 183
41 184
112 184
177 184
28 185
48 185
88 185
144 185
160 185
170 185
182 185
40 186
41 186
78 186
83 186
93 186
95 186
124 186
153 186
176 186
2 187
9 187
10 187
19 187
52 187
65 187
163 187
178 187
24 188
29 188
43 188
126 188
9 189
22 189
23 189
66 189
123 189
142 189
46 190
104 190
122 190
23 191
58 191
65 191
92 191
100 191
114 191
132 191
147 191
165 191
180 191
63 192
65 192
144 192
21 193
97 193
107 193
115 193
123 193
133 193
157 193
175 193
192 193
5 194
11 194
34 194
61 194
96 194
175 194
30 195
42 195
50 195
64 195
146 195
11 196
29 196
40 196
46 196
83 196
91 196
113 196
127 196
132 196
142 196
150 196
29 197
110 197
165 197
180 197
7 198
9 198
16 198
60 198
71 198
28 199
34 199
70 199
110 200
197 200
4 201
7 201
48 201
121 201
133 201
156 201
159 201
171 201
178 201
191 201
192 201
22 202
87 202
117 202
28 203
70 203
76 203
132 203
166 203
199 203
9 204
13 204
17 204
38 204
51 204
136 204
156 204
158 204
9 205
19 205
29 205
31 205
55 205
98 205
129 205
144 205
146 205
5 206
34 206
39 206
76 206
165 206
183 206
186 206
188 206
33 207
43 207
105 207
106 207
115 207
127 207
143 207
177 207
190 207
0 208
59 208
62 208
86 208
140 208
172 208
185 208
2 209
5 209
13 209
34 209
49 209
55 209
96 209
3 210
10 210
105 210
110 210
112 210
141 210
162 210
179 210
18 211
44 211
68 211
73 211
115 211
153 211
157 211
12 212
30 212
48 212
85 212
99 212
104 212
120 212
131 212
144 212
145 212
149 212
160 212
165 212
173 212
188 212
195 212
203 212
209 212
19 213
27 213
41 213
89 213
116 213
127 213
164 213
173 213
194 213
13 214
18 214
41 214
60 214
67 214
71 214
118 214
127 214
156 214
190 214
42 215
62 215
85 215
87 215
114 215
139 215
14 216
26 216
67 216
126 216
137 216
2 217
23 217
53 217
89 217
95 217
108 217
135 217
151 217
173 217
181 217
14 218
35 218
72 218
102 218
139 218
205 218
18 219
52 219
105 219
135 219
12 220
19 220
87 220
96 220
127 220
132 220
167 220
3 221
7 221
27 221
47 221
53 221
60 221
146 221
155 221
180 221
70 222
95 222
139 222
144 222
160 222
184 222
185 222
218 222
8 223
22 223
73 223
110 223
111 223
183 223
190 223
208 223
4 224
6 224
22 224
36 224
38 224
50 224
54 224
64 224
73 224
95 224
118 224
153 224
177 224
187 224
196 224
36 225
96 225
105 225
107 225
108 225
195 225
5 226
46 226
55 226
66 226
67 226
72 226
86 226
106 226
120 226
144 226
151 226
170 226
201 226
207 226
2 227
4 227
9 227
16 227
59 227
69 227
123 227
193 227
220 227
226 227
46 228
56 228
104 228
116 228
117 228
174 228
185 228
196 228
203 228
216 228
4 229
28 229
45 229
91 229
108 229
36 230
46 230
48 230
71 230
80 230
102 230
140 230
44 231
60 231
113 231
128 231
136 231
145 231
209 231
212 231
5 232
45 232
52 232
154 232
223 232
0 233
1 233
110 233
114 233
136 233
229 233
11 234
32 234
66 234
95 234
118 234
122 234
144 234
167 234
170 234
223 234
44 235
73 235
97 235
109 235
111 235
117 235
139 235
144 235
158 235
164 235
173 235
1 236
11 236
32 236
130 236
198 236
6 237
86 237
112 237
141 237
146 237
159 237
12 238
89 238
154 238
156 238
215 238
25 239
41 239
45 239
54 239
85 239
86 239
95 239
115 239
117 239
150 239
151 239
161 239
176 239
183 239
211 239
230 239
3 240
12 240
15 240
28 240
78 240
97 240
100 240
132 240
144 240
156 240
190 240
225 240
228 240
2 241
118 241
134 241
160 241
195 241
12 242
13 242
152 242
177 242
195 242
13 243
18 243
41 243
100 243
115 243
151 243
160 243
177 243
23 244
39 244
52 244
72 244
86 244
137 244
187 244
45 245
53 245
72 245
91 245
174 245
176 245
189 245
7 246
35 246
66 246
85 246
146 246
154 246
162 246
166 246
189 246
235 246
61 247
79 247
182 247
195 247
228 247
27 248
67 248
90 248
133 248
209 248
211 248
10 249
22 249
41 249
51 249
72 249
92 249
165 249
197 249
203 249
16 250
36 250
125 250
138 250
166 250
218 250
248 250
13 251
31 251
46 251
47 251
93 251
113 251
133 251
165 251
178 251
182 251
187 251
210 251
223 251
244 251
25 252
52 252
88 252
148 252
174 252
214 252
216 252
18 253
37 253
52 253
54 253
89 253
153 253
158 253
166 253
175 253
205 253
218 253
21 254
48 254
53 254
120 254
164 254
165 254
176 254
188 254
204 254
214 254
227 254
249 254
41 255
52 255
54 255
176 255
199 255
216 255
235 255
247 255
108 256
134 256
140 256
208 256
246 256
116 257
156 257
164 257
169 257
211 257
235 257
28 258
31 258
34 258
42 258
66 258
84 258
105 258
177 258
14 259
73 259
122 259
128 259
154 259
162 259
163 259
182 259
183 259
13 260
14 260
79 260
86 260
124 260
162 260
169 260
170 260
205 260
208 260
240 260
27 261
31 261
214 261
220 261
230 261
250 261
72 262
119 262
154 262
183 262
188 262
195 262
242 262
249 262
11 263
103 263
153 263
182 263
186 263
242 263
246 263
256 263
21 264
57 264
70 264
109 264
176 264
198 264
239 264
253 264
5 265
24 265
34 265
38 265
145 265
147 265
160 265
185 265
186 265
207 265
252 265
2 266
23 266
76 266
77 266
103 266
107 266
131 266
143 266
154 266
160 266
185 266
187 266
235 266
262 266
11 267
13 267
26 267
28 267
66 267
105 267
120 267
33 268
89 268
100 268
150 268
155 268
180 268
182 268
190 268
0 269
7 269
81 269
139 269
143 269
148 269
151 269
204 269
53 270
80 270
116 270
194 270
201 270
206 270
208 270
220 270
235 270
8 271
23 271
25 271
30 271
83 271
160 271
163 271
239 271
256 271
8 272
36 272
93 272
111 272
137 272
138 272
146 272
155 272
193 272
197 272
206 272
213 272
34 273
39 273
48 273
57 273
77 273
84 273
86 273
91 273
135 273
52 274
90 274
108 274
142 274
143 274
147 274
175 274
176 274
225 274
227 274
269 274
28 275
48 275
78 275
103 275
104 275
136 275
189 275
233 275
263 275
5 276
26 276
60 276
63 276
67 276
120 276
135 276
145 276
158 276
222 276
255 276
270 276
271 276
17 277
111 277
137 277
138 277
161 277
205 277
213 277
22 278
92 278
103 278
108 278
109 278
123 278
148 278
169 278
185 278
219 278
250 278
276 278
277 278
6 279
19 279
52 279
114 279
121 279
145 279
182 279
275 279
14 280
50 280
86 280
129 280
170 280
192 280
247 280
2 281
6 281
16 281
113 281
129 281
196 281
235 281
0 282
39 282
111 282
152 282
237 282
254 282
14 283
39 283
40 283
64 283
106 283
107 283
174 283
223 283
225 283
226 283
236 283
240 283
1 284
43 284
53 284
55 284
96 284
97 284
99 284
124 284
147 284
218 284
5 285
60 285
134 285
171 285
219 285
230 285
269 285
10 286
38 286
70 286
94 286
139 286
166 286
171 286
182 286
188 286
212 286
236 286
272 286
17 287
73 287
124 287
135 287
160 287
204 287
248 287
261 287
271 287
281 287
17 288
35 288
60 288
83 288
121 288
166 288
220 288
224 288
242 288
253 288
281 288
284 288
13 289
55 289
69 289
75 289
79 289
80 289
107 289
110 289
118 289
122 289
154 289
176 289
260 289
0 290
6 290
64 290
85 290
127 290
133 290
139 290
141 290
147 290
202 290
217 290
15 291
16 291
72 291
183 291
193 291
233 291
260 291
276 291
288 291
37 292
51 292
89 292
96 292
116 292
165 292
169 292
173 292
188 292
241 292
247 292
10 293
14 293
62 293
79 293
91 293
98 293
113 293
127 293
157 293
169 293
222 293
231 293
275 293
13 294
14 294
72 294
131 294
159 294
230 294
79 295
180 295
186 295
198 295
228 295
75 296
84 296
99 296
189 296
248 296
18 297
21 297
36 297
45 297
85 297
96 297
101 297
129 297
137 297
147 297
178 297
181 297
192 297
203 297
244 297
259 297
293 297
201 298
224 298
245 298
295 298
31 299
38 299
54 299
82 299
86 299
114 299
156 299
162 299
226 299
263 299
276 299
284 299
287 299
296 299
