300 5457 5
5 10 9 14 10 7 14 9 13 7 15 9 11 9 10 12 12 11 11 8 11 13 10 7 9 10 10 8 12 6 11 11 9 8 11 10 12 11 10 10 13 9 7 10 9 11 2 10 11 13 7 13 10 14 8 3 12 13 11 8 11 9 14 7 16 19 11 15 13 13 5 8 10 7 14 9 8 13 10 12 15 12 13 5 14 13 6 7 12 8 9 19 7 10 9 11 9 11 6 9 13 9 10 10 15 11 10 11 14 10 4 13 12 13 8 12 13 17 11 11 8 9 7 10 10 12 11 8 11 10 13 13 10 6 9 10 16 12 7 8 10 8 11 7 13 8 15 6 12 10 8 12 9 11 13 6 7 13 7 10 8 6 9 9 8 14 8 7 8 6 15 5 18 7 10 7 9 9 8 14 12 13 10 8 12 12 15 11 10 11 9 13 10 5 10 13 3 12 9 14 13 8 11 11 13 8 13 18 15 9 9 15 12 12 15 11 10 11 8 14 11 11 11 10 12 6 11 12 8 11 13 8 14 7 12 8 11 12 11 12 14 10 12 14 12 14 12 9 11 11 9 10 10 6 12 11 9 13 8 11 11 6 6 8 9 13 10 8 11 9 9 12 10 18 10 12 13 13 10 2 11 14 12 6 8 8 11 11 14 7 14 12 12 13 9 10 4 11 10 14
2 3
2 6
0 9
2 10
6 10
6 11
2 12
7 12
10 12
2 14
11 14
8 15
12 15
0 16
7 16
8 16
4 17
15 17
11 18
1 19
6 20
15 20
18 20
1 21
3 21
9 21
18 23
19 23
6 24
13 24
16 24
22 24
1 25
12 25
20 25
21 25
15 26
19 26
24 26
3 27
18 27
24 27
8 28
19 28
23 28
25 28
3 29
4 29
13 29
16 29
17 30
1 31
6 31
9 31
16 31
11 32
14 32
18 32
22 32
28 32
29 32
5 33
8 33
10 33
16 33
3 34
11 34
18 34
23 34
33 34
4 35
18 35
20 35
21 35
25 35
27 35
4 36
6 36
21 36
25 36
29 36
32 36
35 36
15 37
16 37
24 37
34 37
35 37
10 38
17 39
22 39
30 39
37 39
17 40
22 40
27 40
32 40
36 40
37 40
5 41
7 41
13 41
15 41
21 41
6 42
18 42
26 42
29 42
0 43
28 43
33 43
11 44
13 44
14 44
20 44
22 44
30 44
42 44
0 45
10 45
20 45
25 45
31 45
37 45
42 45
13 46
29 46
30 46
37 46
42 46
43 46
44 46
17 47
18 47
20 47
25 47
33 47
34 47
37 47
38 47
39 47
42 47
1 48
25 48
36 48
8 49
9 49
22 49
41 49
16 50
27 50
30 50
47 50
3 51
10 51
13 51
23 51
24 51
25 51
36 51
40 51
9 52
39 52
1 53
6 53
13 53
15 53
17 53
26 53
49 53
51 53
0 54
8 54
22 54
24 54
31 54
34 54
45 54
48 54
14 55
21 55
30 55
37 55
32 56
48 56
50 56
7 57
8 57
13 57
39 57
44 57
47 57
51 57
0 58
23 58
29 58
33 58
41 58
45 58
46 58
14 59
16 59
17 59
36 59
37 59
39 59
6 60
7 60
12 60
29 60
42 60
56 60
3 61
31 61
35 61
37 61
39 61
41 61
52 61
54 61
59 61
12 62
18 62
20 62
24 62
26 62
44 62
52 62
61 62
5 63
7 63
8 63
11 63
12 63
14 63
15 63
32 63
36 63
38 63
41 63
48 63
49 63
50 63
53 63
57 63
8 64
10 64
14 64
17 64
22 64
24 64
25 64
33 64
36 64
37 64
38 64
41 64
44 64
6 65
15 65
18 65
21 65
27 65
30 65
32 65
58 65
63 65
12 66
20 66
37 66
42 66
52 66
58 66
61 66
0 67
7 67
18 67
20 67
23 67
28 67
37 67
40 67
45 67
48 67
53 67
56 67
66 67
9 68
12 68
16 68
55 68
58 68
63 68
3 69
6 69
32 69
34 69
41 69
51 69
52 69
5 70
22 70
30 70
37 70
41 70
45 70
12 71
13 71
15 71
17 71
19 71
21 71
38 71
63 71
3 72
4 72
11 72
18 72
28 72
29 72
39 72
40 72
50 72
51 72
57 72
60 72
65 72
69 72
10 73
11 73
24 73
32 73
34 73
44 73
47 73
3 74
5 74
20 74
23 74
26 74
37 74
53 74
70 74
7 75
16 75
19 75
30 75
36 75
37 75
48 75
64 75
68 75
14 76
15 76
19 76
26 76
31 76
43 76
44 76
50 76
57 76
61 76
63 76
64 76
68 76
75 76
0 77
5 77
9 77
17 77
19 77
22 77
36 77
39 77
49 77
69 77
70 77
1 78
7 78
12 78
15 78
16 78
18 78
27 78
48 78
56 78
65 78
74 78
1 79
3 79
15 79
24 79
28 79
31 79
33 79
38 79
50 79
53 79
71 79
76 79
3 80
30 80
38 80
63 80
16 81
24 81
26 81
48 81
63 81
70 81
4 82
6 82
9 82
16 82
23 82
28 82
29 82
41 82
44 82
47 82
48 82
67 82
78 82
1 83
2 83
7 83
24 83
43 83
46 83
59 83
64 83
68 83
72 83
73 83
0 84
10 84
14 84
17 84
21 84
27 84
51 84
72 84
75 84
77 84
7 85
29 85
34 85
51 85
57 85
63 85
70 85
84 85
9 86
19 86
24 86
36 86
51 86
64 86
66 86
72 86
75 86
1 87
3 87
5 87
9 87
20 87
30 87
42 87
43 87
44 87
57 87
59 87
16 88
28 88
42 88
79 88
83 88
9 89
11 89
13 89
17 89
22 89
32 89
34 89
41 89
43 89
50 89
70 89
85 89
2 90
3 90
8 90
9 90
14 90
31 90
39 90
45 90
56 90
57 90
58 90
63 90
69 90
88 90
11 91
24 91
28 91
34 91
41 91
44 91
47 91
66 91
69 91
9 92
16 92
19 92
28 92
40 92
50 92
52 92
63 92
71 92
82 92
83 92
89 92
4 93
12 93
16 93
17 93
25 93
26 93
31 93
33 93
57 93
58 93
59 93
62 93
63 93
65 93
86 93
26 94
28 94
38 94
40 94
43 94
45 94
50 94
53 94
72 94
79 94
81 94
82 94
86 94
4 95
5 95
19 95
22 95
26 95
29 95
38 95
40 95
41 95
58 95
59 95
64 95
80 95
5 96
12 96
20 96
29 96
37 96
46 96
57 96
74 96
5 97
14 97
16 97
19 97
20 97
49 97
60 97
64 97
66 97
69 97
77 97
81 97
2 98
3 98
26 98
33 98
55 98
65 98
74 98
75 98
77 98
91 98
92 98
0 99
3 99
16 99
17 99
34 99
40 99
49 99
55 99
61 99
76 99
83 99
90 99
92 99
94 99
1 100
2 100
15 100
20 100
28 100
41 100
55 100
60 100
73 100
74 100
76 100
87 100
92 100
98 100
2 101
4 101
5 101
9 101
26 101
27 101
30 101
37 101
43 101
44 101
45 101
51 101
53 101
60 101
61 101
65 101
76 101
86 101
88 101
90 101
94 101
96 101
0 102
1 102
8 102
18 102
26 102
36 102
56 102
73 102
78 102
85 102
87 102
88 102
89 102
92 102
96 102
97 102
3 103
5 103
6 103
12 103
50 103
53 103
56 103
67 103
68 103
71 103
76 103
80 103
83 103
90 103
98 103
99 103
3 104
19 104
21 104
34 104
51 104
67 104
79 104
88 104
93 104
97 104
101 104
10 105
12 105
15 105
16 105
24 105
26 105
34 105
36 105
44 105
46 105
64 105
74 105
93 105
94 105
101 105
2 106
10 106
15 106
17 106
22 106
28 106
31 106
37 106
45 106
49 106
56 106
62 106
65 106
70 106
81 106
15 107
23 107
30 107
39 107
43 107
44 107
76 107
78 107
81 107
82 107
88 107
95 107
7 108
10 108
14 108
17 108
34 108
42 108
52 108
62 108
74 108
77 108
83 108
102 108
17 109
22 109
25 109
26 109
36 109
38 109
42 109
58 109
60 109
65 109
70 109
80 109
99 109
108 109
1 110
2 110
4 110
6 110
12 110
17 110
28 110
30 110
31 110
34 110
39 110
54 110
57 110
58 110
67 110
81 110
89 110
101 110
103 110
109 110
19 111
26 111
39 111
41 111
55 111
64 111
66 111
69 111
73 111
75 111
86 111
88 111
90 111
12 112
27 112
45 112
52 112
53 112
60 112
65 112
78 112
83 112
109 112
111 112
7 113
14 113
34 113
39 113
43 113
63 113
64 113
65 113
73 113
74 113
78 113
80 113
3 114
9 114
11 114
24 114
35 114
41 114
45 114
51 114
53 114
66 114
69 114
75 114
76 114
80 114
84 114
85 114
95 114
33 115
34 115
38 115
48 115
55 115
73 115
74 115
76 115
83 115
96 115
107 115
110 115
11 116
14 116
31 116
46 116
54 116
67 116
68 116
73 116
77 116
81 116
83 116
84 116
92 116
95 116
102 116
106 116
110 116
114 116
7 117
8 117
10 117
13 117
25 117
28 117
38 117
39 117
51 117
54 117
68 117
99 117
3 118
26 118
43 118
60 118
61 118
71 118
72 118
74 118
88 118
103 118
110 118
4 119
7 119
13 119
24 119
25 119
29 119
30 119
46 119
48 119
55 119
82 119
94 119
115 119
4 120
12 120
17 120
22 120
26 120
38 120
52 120
60 120
66 120
69 120
75 120
78 120
83 120
84 120
105 120
7 121
15 121
16 121
26 121
29 121
30 121
32 121
33 121
52 121
53 121
62 121
72 121
73 121
88 121
106 121
115 121
6 122
10 122
18 122
36 122
48 122
49 122
62 122
68 122
83 122
91 122
99 122
102 122
0 123
1 123
8 123
20 123
25 123
33 123
38 123
45 123
47 123
52 123
88 123
98 123
19 124
22 124
23 124
26 124
27 124
34 124
39 124
51 124
53 124
55 124
62 124
64 124
72 124
75 124
84 124
86 124
94 124
120 124
12 125
19 125
24 125
43 125
45 125
48 125
54 125
68 125
73 125
79 125
83 125
84 125
104 125
110 125
117 125
9 126
48 126
50 126
51 126
57 126
58 126
89 126
90 126
96 126
99 126
103 126
0 127
1 127
5 127
6 127
11 127
17 127
21 127
30 127
40 127
44 127
47 127
54 127
69 127
104 127
107 127
118 127
1 128
3 128
21 128
23 128
26 128
29 128
34 128
35 128
36 128
37 128
40 128
44 128
66 128
67 128
68 128
73 128
77 128
117 128
126 128
1 129
8 129
9 129
10 129
16 129
30 129
32 129
42 129
47 129
57 129
66 129
85 129
91 129
97 129
109 129
114 129
6 130
7 130
27 130
43 130
51 130
54 130
69 130
71 130
104 130
105 130
113 130
125 130
0 131
22 131
29 131
31 131
33 131
64 131
70 131
71 131
72 131
74 131
94 131
97 131
114 131
119 131
1 132
3 132
4 132
9 132
21 132
36 132
41 132
48 132
59 132
91 132
97 132
100 132
102 132
108 132
111 132
123 132
126 132
127 132
12 133
16 133
17 133
33 133
35 133
59 133
60 133
75 133
90 133
96 133
108 133
118 133
120 133
121 133
123 133
127 133
128 133
132 133
14 134
45 134
50 134
53 134
77 134
83 134
88 134
89 134
95 134
96 134
97 134
109 134
118 134
122 134
0 135
2 135
16 135
17 135
18 135
30 135
35 135
41 135
56 135
69 135
77 135
80 135
90 135
107 135
108 135
112 135
116 135
126 135
1 136
25 136
27 136
42 136
46 136
69 136
83 136
93 136
105 136
107 136
109 136
114 136
119 136
1 137
31 137
34 137
37 137
46 137
53 137
61 137
67 137
68 137
82 137
86 137
99 137
134 137
2 138
12 138
19 138
22 138
31 138
50 138
70 138
89 138
104 138
115 138
132 138
133 138
2 139
8 139
20 139
25 139
32 139
40 139
45 139
51 139
58 139
62 139
80 139
82 139
93 139
105 139
106 139
118 139
119 139
130 139
131 139
134 139
138 139
2 140
3 140
8 140
12 140
27 140
40 140
85 140
104 140
124 140
130 140
135 140
4 141
14 141
28 141
39 141
42 141
53 141
55 141
70 141
77 141
80 141
125 141
131 141
137 141
140 141
5 142
7 142
40 142
63 142
67 142
75 142
84 142
89 142
104 142
107 142
139 142
140 142
13 143
14 143
20 143
25 143
27 143
42 143
47 143
71 143
92 143
93 143
99 143
109 143
111 143
118 143
120 143
0 144
1 144
8 144
12 144
14 144
15 144
21 144
23 144
30 144
41 144
43 144
69 144
75 144
86 144
88 144
91 144
117 144
122 144
126 144
2 145
18 145
19 145
21 145
22 145
35 145
39 145
46 145
56 145
89 145
98 145
101 145
110 145
117 145
118 145
122 145
136 145
138 145
32 146
36 146
41 146
50 146
55 146
64 146
88 146
92 146
96 146
99 146
100 146
111 146
131 146
134 146
135 146
2 147
6 147
31 147
44 147
53 147
77 147
82 147
90 147
96 147
103 147
111 147
128 147
140 147
141 147
5 148
15 148
17 148
23 148
26 148
61 148
64 148
69 148
85 148
87 148
88 148
93 148
100 148
101 148
105 148
112 148
113 148
116 148
117 148
129 148
143 148
144 148
145 148
147 148
0 149
16 149
21 149
25 149
27 149
39 149
43 149
53 149
70 149
84 149
94 149
104 149
105 149
107 149
122 149
124 149
125 149
127 149
143 149
148 149
22 150
25 150
30 150
35 150
37 150
40 150
46 150
52 150
66 150
89 150
91 150
136 150
139 150
147 150
1 151
14 151
16 151
19 151
28 151
35 151
36 151
37 151
54 151
56 151
59 151
61 151
65 151
94 151
96 151
114 151
128 151
140 151
142 151
147 151
1 152
4 152
7 152
14 152
18 152
27 152
38 152
46 152
50 152
85 152
110 152
118 152
119 152
141 152
144 152
147 152
4 153
38 153
54 153
70 153
85 153
87 153
90 153
96 153
102 153
115 153
116 153
118 153
126 153
133 153
140 153
150 153
0 154
15 154
21 154
22 154
25 154
34 154
46 154
47 154
51 154
79 154
85 154
89 154
91 154
105 154
108 154
128 154
130 154
134 154
136 154
137 154
140 154
143 154
12 155
18 155
23 155
27 155
34 155
39 155
40 155
46 155
60 155
65 155
77 155
78 155
89 155
103 155
119 155
127 155
136 155
145 155
146 155
151 155
152 155
21 156
29 156
31 156
40 156
43 156
64 156
71 156
80 156
81 156
94 156
119 156
120 156
130 156
138 156
142 156
149 156
155 156
2 157
21 157
24 157
33 157
40 157
47 157
54 157
59 157
63 157
67 157
69 157
78 157
86 157
87 157
88 157
94 157
117 157
127 157
138 157
143 157
4 158
18 158
30 158
42 158
56 158
67 158
81 158
82 158
93 158
101 158
107 158
110 158
111 158
116 158
117 158
118 158
126 158
128 158
140 158
156 158
1 159
4 159
13 159
19 159
41 159
42 159
56 159
61 159
71 159
78 159
82 159
85 159
101 159
110 159
118 159
122 159
123 159
133 159
134 159
137 159
143 159
147 159
153 159
157 159
8 160
10 160
24 160
27 160
29 160
41 160
47 160
52 160
53 160
78 160
91 160
92 160
95 160
96 160
101 160
106 160
115 160
122 160
128 160
137 160
148 160
154 160
3 161
4 161
11 161
24 161
25 161
36 161
59 161
89 161
102 161
118 161
119 161
120 161
133 161
144 161
148 161
0 162
1 162
3 162
19 162
23 162
26 162
28 162
36 162
50 162
52 162
64 162
72 162
89 162
93 162
94 162
106 162
110 162
111 162
116 162
119 162
122 162
128 162
132 162
145 162
2 163
3 163
16 163
29 163
40 163
41 163
66 163
68 163
83 163
113 163
115 163
121 163
150 163
161 163
162 163
8 164
30 164
39 164
44 164
69 164
77 164
78 164
79 164
81 164
83 164
85 164
95 164
106 164
116 164
135 164
145 164
163 164
1 165
12 165
18 165
20 165
23 165
65 165
66 165
80 165
89 165
90 165
93 165
98 165
103 165
108 165
111 165
115 165
135 165
136 165
138 165
144 165
155 165
17 166
27 166
34 166
40 166
44 166
45 166
49 166
80 166
84 166
93 166
99 166
103 166
105 166
111 166
113 166
120 166
136 166
153 166
155 166
156 166
163 166
0 167
1 167
9 167
22 167
24 167
26 167
39 167
53 167
54 167
55 167
57 167
61 167
74 167
79 167
80 167
86 167
99 167
108 167
113 167
118 167
126 167
139 167
141 167
147 167
153 167
157 167
162 167
3 168
9 168
13 168
14 168
15 168
18 168
22 168
29 168
36 168
66 168
78 168
94 168
98 168
102 168
108 168
121 168
124 168
126 168
127 168
132 168
135 168
136 168
142 168
143 168
144 168
154 168
160 168
161 168
23 169
47 169
48 169
49 169
52 169
61 169
80 169
86 169
106 169
110 169
112 169
115 169
116 169
128 169
130 169
131 169
134 169
137 169
139 169
146 169
152 169
153 169
158 169
163 169
166 169
3 170
6 170
8 170
26 170
29 170
39 170
45 170
58 170
61 170
65 170
66 170
87 170
88 170
98 170
99 170
113 170
118 170
123 170
124 170
125 170
127 170
133 170
137 170
142 170
148 170
153 170
10 171
11 171
17 171
48 171
50 171
63 171
71 171
81 171
86 171
87 171
90 171
93 171
95 171
129 171
131 171
135 171
137 171
139 171
140 171
142 171
153 171
155 171
9 172
17 172
54 172
55 172
57 172
58 172
63 172
67 172
68 172
77 172
86 172
92 172
103 172
110 172
117 172
131 172
132 172
169 172
36 173
40 173
59 173
64 173
76 173
80 173
82 173
94 173
101 173
113 173
123 173
126 173
138 173
149 173
152 173
155 173
162 173
164 173
5 174
30 174
32 174
45 174
61 174
80 174
83 174
89 174
116 174
118 174
120 174
125 174
130 174
135 174
138 174
139 174
148 174
152 174
171 174
173 174
1 175
6 175
9 175
13 175
20 175
27 175
31 175
36 175
46 175
54 175
55 175
61 175
76 175
84 175
105 175
116 175
118 175
135 175
139 175
147 175
150 175
153 175
157 175
159 175
162 175
168 175
1 176
3 176
24 176
28 176
32 176
45 176
49 176
54 176
82 176
88 176
101 176
104 176
122 176
146 176
147 176
148 176
156 176
157 176
171 176
1 177
3 177
22 177
38 177
56 177
58 177
59 177
65 177
76 177
100 177
103 177
119 177
121 177
129 177
139 177
140 177
159 177
161 177
3 178
5 178
6 178
7 178
19 178
24 178
35 178
39 178
54 178
65 178
81 178
93 178
97 178
102 178
119 178
125 178
128 178
129 178
131 178
132 178
145 178
153 178
156 178
161 178
170 178
174 178
176 178
2 179
19 179
38 179
53 179
80 179
104 179
105 179
109 179
117 179
126 179
138 179
146 179
150 179
158 179
170 179
12 180
22 180
38 180
42 180
51 180
53 180
55 180
61 180
70 180
79 180
99 180
100 180
101 180
108 180
120 180
123 180
126 180
130 180
136 180
138 180
140 180
171 180
15 181
20 181
24 181
27 181
33 181
34 181
36 181
40 181
68 181
69 181
74 181
77 181
79 181
83 181
88 181
95 181
105 181
110 181
119 181
123 181
130 181
142 181
147 181
148 181
11 182
14 182
27 182
29 182
31 182
33 182
48 182
50 182
67 182
68 182
72 182
86 182
87 182
91 182
104 182
125 182
140 182
141 182
147 182
153 182
155 182
158 182
179 182
7 183
15 183
22 183
28 183
32 183
40 183
63 183
64 183
75 183
86 183
94 183
117 183
168 183
175 183
176 183
7 184
33 184
37 184
49 184
57 184
64 184
65 184
70 184
82 184
106 184
114 184
139 184
149 184
152 184
171 184
176 184
179 184
181 184
183 184
17 185
19 185
30 185
48 185
63 185
70 185
88 185
89 185
91 185
98 185
104 185
106 185
128 185
137 185
151 185
161 185
166 185
168 185
170 185
180 185
12 186
13 186
33 186
53 186
55 186
61 186
64 186
70 186
71 186
91 186
97 186
102 186
105 186
109 186
112 186
116 186
126 186
128 186
129 186
130 186
140 186
142 186
145 186
149 186
150 186
154 186
17 187
23 187
38 187
46 187
60 187
65 187
67 187
73 187
89 187
122 187
156 187
167 187
173 187
4 188
27 188
29 188
50 188
69 188
73 188
81 188
92 188
103 188
114 188
123 188
136 188
149 188
157 188
163 188
172 188
174 188
175 188
16 189
26 189
34 189
41 189
49 189
50 189
54 189
84 189
89 189
111 189
120 189
127 189
129 189
130 189
132 189
133 189
151 189
162 189
167 189
168 189
175 189
184 189
1 190
4 190
23 190
30 190
47 190
71 190
75 190
78 190
80 190
88 190
100 190
101 190
109 190
111 190
115 190
118 190
123 190
125 190
136 190
145 190
146 190
149 190
152 190
176 190
180 190
189 190
0 191
4 191
16 191
19 191
26 191
29 191
33 191
35 191
36 191
42 191
49 191
51 191
64 191
65 191
67 191
69 191
90 191
91 191
93 191
94 191
100 191
115 191
119 191
123 191
140 191
141 191
154 191
157 191
166 191
170 191
171 191
181 191
4 192
18 192
21 192
32 192
33 192
51 192
60 192
67 192
83 192
89 192
98 192
105 192
128 192
140 192
141 192
143 192
145 192
159 192
172 192
188 192
0 193
5 193
13 193
28 193
39 193
63 193
67 193
78 193
80 193
86 193
88 193
94 193
95 193
99 193
109 193
113 193
145 193
149 193
164 193
177 193
178 193
11 194
13 194
19 194
21 194
22 194
25 194
48 194
54 194
60 194
69 194
79 194
82 194
84 194
85 194
104 194
107 194
114 194
119 194
121 194
128 194
136 194
138 194
147 194
164 194
168 194
169 194
172 194
173 194
182 194
184 194
185 194
187 194
189 194
8 195
12 195
31 195
34 195
36 195
49 195
66 195
70 195
76 195
80 195
81 195
117 195
119 195
128 195
152 195
154 195
161 195
162 195
163 195
175 195
185 195
193 195
0 196
20 196
34 196
37 196
41 196
60 196
70 196
73 196
79 196
84 196
98 196
101 196
105 196
132 196
154 196
155 196
157 196
165 196
179 196
186 196
187 196
195 196
0 197
12 197
13 197
16 197
19 197
22 197
53 197
63 197
74 197
89 197
95 197
119 197
121 197
127 197
136 197
137 197
138 197
139 197
142 197
163 197
167 197
175 197
178 197
180 197
189 197
196 197
6 198
13 198
14 198
21 198
27 198
34 198
51 198
61 198
70 198
88 198
94 198
102 198
104 198
105 198
113 198
133 198
138 198
164 198
165 198
184 198
188 198
6 199
7 199
22 199
26 199
28 199
42 199
47 199
54 199
60 199
63 199
67 199
88 199
100 199
105 199
116 199
119 199
127 199
128 199
129 199
137 199
140 199
143 199
144 199
146 199
162 199
165 199
176 199
180 199
189 199
195 199
198 199
13 200
14 200
16 200
18 200
26 200
35 200
40 200
45 200
48 200
53 200
56 200
58 200
70 200
83 200
111 200
121 200
130 200
137 200
154 200
168 200
184 200
5 201
7 201
8 201
27 201
30 201
35 201
82 201
87 201
94 201
104 201
126 201
138 201
157 201
165 201
196 201
200 201
22 202
24 202
84 202
86 202
87 202
91 202
103 202
105 202
114 202
118 202
134 202
136 202
138 202
159 202
163 202
172 202
178 202
179 202
180 202
181 202
182 202
184 202
189 202
190 202
195 202
0 203
2 203
9 203
12 203
13 203
30 203
31 203
35 203
38 203
44 203
78 203
90 203
95 203
96 203
104 203
107 203
117 203
124 203
129 203
137 203
162 203
174 203
182 203
198 203
200 203
3 204
8 204
23 204
32 204
52 204
61 204
69 204
72 204
88 204
96 204
97 204
99 204
118 204
120 204
124 204
136 204
138 204
142 204
151 204
154 204
155 204
156 204
158 204
161 204
172 204
176 204
177 204
188 204
6 205
8 205
16 205
18 205
21 205
22 205
26 205
28 205
34 205
42 205
47 205
61 205
65 205
90 205
91 205
92 205
96 205
99 205
118 205
126 205
146 205
148 205
175 205
178 205
193 205
196 205
7 206
10 206
24 206
32 206
37 206
47 206
50 206
63 206
65 206
72 206
81 206
84 206
89 206
93 206
94 206
99 206
103 206
106 206
111 206
112 206
117 206
121 206
124 206
125 206
137 206
156 206
158 206
177 206
178 206
179 206
181 206
194 206
196 206
205 206
17 207
26 207
36 207
41 207
42 207
46 207
48 207
64 207
69 207
103 207
106 207
109 207
114 207
117 207
136 207
151 207
162 207
164 207
188 207
199 207
201 207
1 208
5 208
13 208
15 208
17 208
23 208
29 208
30 208
40 208
41 208
47 208
52 208
53 208
58 208
77 208
91 208
93 208
98 208
99 208
101 208
105 208
116 208
130 208
144 208
154 208
172 208
175 208
32 209
37 209
77 209
82 209
97 209
99 209
104 209
108 209
113 209
114 209
116 209
122 209
130 209
136 209
137 209
153 209
163 209
167 209
174 209
196 209
197 209
202 209
208 209
6 210
13 210
75 210
88 210
111 210
118 210
124 210
130 210
147 210
152 210
177 210
180 210
181 210
190 210
6 211
19 211
22 211
46 211
48 211
64 211
72 211
80 211
95 211
98 211
99 211
103 211
105 211
113 211
116 211
131 211
162 211
164 211
180 211
181 211
182 211
190 211
193 211
207 211
10 212
16 212
18 212
40 212
46 212
52 212
61 212
67 212
78 212
97 212
100 212
106 212
110 212
113 212
132 212
139 212
156 212
164 212
167 212
168 212
170 212
172 212
176 212
177 212
181 212
193 212
198 212
200 212
203 212
18 213
20 213
29 213
40 213
41 213
42 213
44 213
47 213
59 213
73 213
76 213
80 213
82 213
95 213
115 213
143 213
146 213
147 213
148 213
150 213
156 213
164 213
170 213
181 213
194 213
197 213
4 214
9 214
15 214
16 214
22 214
25 214
31 214
46 214
48 214
51 214
71 214
73 214
74 214
75 214
92 214
93 214
100 214
104 214
121 214
126 214
135 214
144 214
148 214
156 214
168 214
179 214
182 214
186 214
191 214
204 214
207 214
210 214
7 215
12 215
18 215
21 215
27 215
28 215
59 215
65 215
69 215
104 215
107 215
132 215
159 215
160 215
168 215
169 215
174 215
177 215
180 215
182 215
196 215
201 215
0 216
11 216
24 216
25 216
30 216
35 216
40 216
62 216
66 216
69 216
90 216
118 216
129 216
130 216
144 216
152 216
155 216
164 216
188 216
205 216
212 216
9 217
30 217
32 217
38 217
58 217
62 217
63 217
68 217
69 217
79 217
83 217
84 217
89 217
93 217
105 217
107 217
108 217
109 217
128 217
145 217
149 217
170 217
172 217
174 217
188 217
201 217
205 217
211 217
213 217
3 218
12 218
24 218
29 218
40 218
55 218
56 218
62 218
91 218
100 218
130 218
144 218
149 218
165 218
173 218
180 218
191 218
207 218
209 218
210 218
214 218
7 219
9 219
12 219
27 219
38 219
44 219
49 219
52 219
74 219
75 219
78 219
80 219
82 219
84 219
92 219
101 219
103 219
106 219
112 219
113 219
115 219
121 219
127 219
134 219
140 219
156 219
158 219
159 219
165 219
176 219
189 219
205 219
3 220
32 220
43 220
58 220
63 220
70 220
74 220
80 220
84 220
91 220
95 220
109 220
113 220
121 220
123 220
131 220
157 220
172 220
190 220
208 220
213 220
24 221
41 221
51 221
64 221
85 221
88 221
104 221
121 221
149 221
163 221
165 221
172 221
181 221
183 221
190 221
203 221
213 221
20 222
28 222
33 222
46 222
47 222
48 222
55 222
72 222
76 222
81 222
86 222
88 222
90 222
93 222
100 222
105 222
113 222
127 222
140 222
148 222
150 222
155 222
159 222
177 222
185 222
191 222
204 222
7 223
26 223
41 223
57 223
91 223
119 223
124 223
125 223
145 223
154 223
162 223
177 223
179 223
5 224
14 224
20 224
27 224
29 224
32 224
52 224
72 224
75 224
80 224
97 224
112 224
137 224
145 224
153 224
160 224
169 224
173 224
177 224
185 224
188 224
189 224
198 224
200 224
201 224
208 224
215 224
217 224
15 225
40 225
49 225
51 225
56 225
61 225
70 225
73 225
81 225
83 225
94 225
97 225
102 225
109 225
115 225
121 225
138 225
143 225
153 225
154 225
167 225
184 225
186 225
190 225
192 225
208 225
222 225
0 226
10 226
18 226
19 226
34 226
35 226
42 226
59 226
60 226
79 226
96 226
99 226
106 226
116 226
126 226
130 226
140 226
142 226
144 226
151 226
154 226
160 226
162 226
168 226
169 226
174 226
185 226
190 226
196 226
200 226
209 226
210 226
223 226
2 227
11 227
19 227
24 227
29 227
48 227
58 227
62 227
76 227
80 227
88 227
89 227
94 227
110 227
118 227
123 227
134 227
137 227
144 227
150 227
151 227
171 227
182 227
183 227
199 227
210 227
212 227
215 227
3 228
4 228
13 228
31 228
33 228
49 228
52 228
60 228
62 228
70 228
98 228
109 228
116 228
121 228
133 228
139 228
146 228
177 228
183 228
191 228
193 228
204 228
219 228
220 228
223 228
226 228
3 229
34 229
49 229
51 229
52 229
54 229
74 229
76 229
81 229
85 229
86 229
87 229
93 229
94 229
106 229
157 229
181 229
192 229
6 230
13 230
34 230
55 230
57 230
59 230
88 230
89 230
93 230
100 230
113 230
120 230
122 230
143 230
147 230
155 230
172 230
183 230
197 230
204 230
205 230
208 230
211 230
222 230
227 230
3 231
4 231
15 231
24 231
29 231
34 231
36 231
39 231
42 231
64 231
68 231
71 231
74 231
75 231
85 231
88 231
95 231
100 231
123 231
135 231
138 231
149 231
166 231
167 231
169 231
172 231
187 231
188 231
196 231
198 231
204 231
209 231
210 231
215 231
217 231
219 231
6 232
9 232
45 232
57 232
62 232
63 232
64 232
65 232
71 232
94 232
109 232
110 232
129 232
132 232
152 232
155 232
170 232
183 232
195 232
211 232
219 232
224 232
229 232
6 233
27 233
28 233
34 233
43 233
44 233
60 233
64 233
70 233
90 233
93 233
103 233
111 233
125 233
126 233
127 233
132 233
135 233
139 233
147 233
153 233
160 233
168 233
185 233
190 233
192 233
196 233
212 233
225 233
3 234
5 234
9 234
16 234
17 234
44 234
49 234
61 234
62 234
65 234
80 234
81 234
87 234
119 234
125 234
126 234
133 234
150 234
154 234
163 234
169 234
171 234
174 234
183 234
185 234
200 234
218 234
1 235
9 235
12 235
16 235
25 235
31 235
33 235
47 235
52 235
84 235
85 235
94 235
113 235
118 235
141 235
144 235
170 235
179 235
193 235
195 235
207 235
208 235
216 235
217 235
233 235
5 236
7 236
10 236
12 236
15 236
29 236
44 236
48 236
50 236
56 236
78 236
80 236
84 236
88 236
93 236
105 236
108 236
126 236
139 236
148 236
158 236
162 236
163 236
176 236
179 236
183 236
190 236
192 236
193 236
201 236
204 236
207 236
216 236
218 236
10 237
11 237
42 237
44 237
50 237
55 237
67 237
74 237
79 237
86 237
92 237
110 237
111 237
115 237
116 237
127 237
136 237
138 237
140 237
141 237
142 237
143 237
148 237
181 237
185 237
200 237
212 237
217 237
218 237
219 237
227 237
233 237
235 237
1 238
20 238
25 238
36 238
44 238
56 238
57 238
59 238
64 238
91 238
99 238
100 238
105 238
117 238
118 238
120 238
121 238
123 238
126 238
133 238
136 238
145 238
160 238
162 238
163 238
169 238
171 238
180 238
185 238
189 238
192 238
200 238
202 238
226 238
0 239
3 239
5 239
19 239
59 239
79 239
90 239
91 239
99 239
102 239
104 239
118 239
135 239
140 239
148 239
156 239
173 239
180 239
187 239
192 239
198 239
209 239
210 239
221 239
223 239
5 240
28 240
31 240
39 240
42 240
48 240
49 240
63 240
65 240
67 240
69 240
72 240
86 240
94 240
98 240
122 240
123 240
124 240
146 240
176 240
180 240
181 240
201 240
202 240
208 240
215 240
216 240
232 240
12 241
31 241
44 241
61 241
68 241
75 241
76 241
83 241
84 241
85 241
100 241
108 241
116 241
120 241
126 241
129 241
150 241
156 241
166 241
168 241
171 241
186 241
189 241
191 241
193 241
196 241
201 241
209 241
215 241
223 241
230 241
235 241
1 242
13 242
21 242
23 242
30 242
36 242
45 242
46 242
69 242
75 242
93 242
108 242
111 242
120 242
125 242
126 242
130 242
147 242
148 242
156 242
161 242
176 242
193 242
199 242
204 242
216 242
223 242
225 242
226 242
238 242
5 243
23 243
32 243
43 243
51 243
54 243
59 243
80 243
86 243
98 243
100 243
113 243
121 243
126 243
129 243
141 243
142 243
152 243
158 243
170 243
184 243
193 243
195 243
196 243
205 243
218 243
220 243
230 243
231 243
239 243
0 244
19 244
22 244
29 244
30 244
50 244
52 244
64 244
65 244
69 244
97 244
115 244
117 244
124 244
131 244
136 244
158 244
161 244
162 244
168 244
172 244
185 244
192 244
211 244
225 244
1 245
6 245
7 245
21 245
24 245
26 245
30 245
42 245
43 245
72 245
76 245
83 245
87 245
90 245
102 245
107 245
108 245
109 245
113 245
114 245
119 245
120 245
125 245
129 245
132 245
133 245
144 245
189 245
194 245
206 245
209 245
240 245
0 246
2 246
3 246
13 246
15 246
29 246
37 246
57 246
60 246
63 246
73 246
78 246
81 246
84 246
90 246
97 246
100 246
102 246
103 246
108 246
113 246
116 246
119 246
144 246
146 246
149 246
153 246
162 246
170 246
179 246
181 246
190 246
212 246
223 246
228 246
229 246
240 246
243 246
6 247
13 247
14 247
19 247
29 247
33 247
40 247
49 247
61 247
80 247
81 247
83 247
85 247
94 247
121 247
125 247
134 247
140 247
146 247
148 247
167 247
172 247
188 247
190 247
214 247
221 247
227 247
240 247
9 248
10 248
11 248
17 248
24 248
34 248
40 248
44 248
46 248
59 248
62 248
75 248
77 248
81 248
87 248
88 248
106 248
116 248
130 248
131 248
136 248
143 248
160 248
161 248
163 248
180 248
182 248
183 248
185 248
186 248
188 248
189 248
203 248
206 248
208 248
212 248
218 248
247 248
11 249
31 249
37 249
49 249
60 249
68 249
69 249
78 249
83 249
88 249
97 249
106 249
124 249
132 249
137 249
139 249
145 249
164 249
174 249
181 249
184 249
185 249
194 249
213 249
218 249
235 249
236 249
238 249
240 249
245 249
0 250
4 250
10 250
12 250
14 250
25 250
33 250
64 250
74 250
75 250
79 250
92 250
95 250
102 250
108 250
110 250
116 250
127 250
136 250
146 250
147 250
156 250
157 250
196 250
197 250
198 250
220 250
232 250
0 251
9 251
26 251
34 251
43 251
48 251
52 251
57 251
69 251
73 251
90 251
92 251
105 251
109 251
148 251
149 251
150 251
162 251
163 251
165 251
166 251
169 251
191 251
203 251
232 251
234 251
247 251
10 252
12 252
20 252
28 252
48 252
51 252
54 252
64 252
73 252
80 252
92 252
102 252
113 252
120 252
139 252
154 252
157 252
170 252
172 252
174 252
184 252
194 252
195 252
202 252
206 252
208 252
212 252
213 252
236 252
241 252
12 253
27 253
28 253
30 253
42 253
57 253
62 253
63 253
76 253
95 253
99 253
116 253
119 253
120 253
124 253
126 253
135 253
137 253
138 253
159 253
164 253
178 253
183 253
185 253
193 253
206 253
208 253
220 253
227 253
232 253
242 253
246 253
250 253
16 254
25 254
27 254
28 254
30 254
40 254
44 254
51 254
55 254
63 254
71 254
74 254
76 254
85 254
103 254
105 254
107 254
109 254
119 254
129 254
137 254
141 254
150 254
166 254
169 254
183 254
184 254
187 254
199 254
220 254
223 254
226 254
230 254
232 254
235 254
237 254
242 254
253 254
8 255
11 255
16 255
29 255
39 255
46 255
55 255
56 255
63 255
72 255
75 255
81 255
82 255
84 255
89 255
106 255
107 255
111 255
115 255
116 255
123 255
125 255
134 255
140 255
166 255
172 255
194 255
203 255
207 255
219 255
221 255
228 255
235 255
249 255
15 256
29 256
30 256
44 256
49 256
51 256
71 256
79 256
80 256
91 256
92 256
97 256
112 256
113 256
126 256
127 256
130 256
139 256
148 256
158 256
170 256
191 256
198 256
207 256
214 256
228 256
1 257
4 257
11 257
22 257
24 257
25 257
27 257
33 257
36 257
46 257
55 257
60 257
91 257
110 257
123 257
136 257
149 257
163 257
193 257
197 257
231 257
243 257
245 257
0 258
1 258
36 258
41 258
47 258
52 258
58 258
62 258
63 258
67 258
85 258
86 258
91 258
97 258
100 258
102 258
124 258
130 258
132 258
136 258
138 258
153 258
159 258
170 258
173 258
178 258
180 258
195 258
196 258
205 258
221 258
233 258
235 258
4 259
10 259
13 259
14 259
20 259
23 259
29 259
31 259
34 259
43 259
44 259
48 259
54 259
67 259
73 259
78 259
91 259
92 259
102 259
107 259
125 259
132 259
135 259
136 259
143 259
152 259
184 259
192 259
200 259
203 259
205 259
211 259
216 259
218 259
224 259
231 259
233 259
237 259
238 259
242 259
250 259
258 259
13 260
15 260
32 260
34 260
46 260
51 260
56 260
62 260
68 260
70 260
76 260
77 260
81 260
93 260
97 260
115 260
123 260
125 260
150 260
152 260
154 260
162 260
166 260
178 260
179 260
183 260
185 260
190 260
200 260
202 260
204 260
208 260
212 260
223 260
226 260
232 260
233 260
249 260
252 260
258 260
10 261
14 261
19 261
21 261
23 261
25 261
42 261
52 261
53 261
68 261
74 261
85 261
90 261
101 261
103 261
107 261
115 261
123 261
126 261
128 261
137 261
147 261
157 261
160 261
163 261
179 261
182 261
188 261
223 261
225 261
234 261
236 261
257 261
11 262
25 262
43 262
45 262
46 262
66 262
73 262
103 262
121 262
135 262
140 262
152 262
166 262
169 262
172 262
185 262
197 262
202 262
204 262
207 262
208 262
211 262
214 262
222 262
259 262
3 263
17 263
19 263
25 263
31 263
35 263
38 263
57 263
71 263
74 263
75 263
81 263
82 263
84 263
109 263
112 263
113 263
120 263
125 263
138 263
143 263
144 263
145 263
150 263
165 263
168 263
174 263
189 263
191 263
193 263
198 263
201 263
210 263
214 263
222 263
248 263
257 263
8 264
12 264
15 264
18 264
23 264
34 264
64 264
65 264
67 264
75 264
91 264
109 264
111 264
120 264
124 264
127 264
130 264
165 264
168 264
176 264
179 264
197 264
201 264
202 264
208 264
210 264
214 264
232 264
238 264
244 264
246 264
258 264
5 265
14 265
19 265
28 265
32 265
42 265
45 265
47 265
48 265
54 265
57 265
60 265
69 265
71 265
74 265
79 265
84 265
87 265
97 265
105 265
116 265
128 265
144 265
145 265
165 265
171 265
175 265
188 265
203 265
204 265
227 265
236 265
246 265
20 266
28 266
29 266
37 266
49 266
55 266
58 266
59 266
66 266
90 266
92 266
125 266
145 266
149 266
150 266
173 266
180 266
183 266
184 266
197 266
202 266
211 266
224 266
230 266
262 266
14 267
24 267
30 267
31 267
34 267
35 267
37 267
42 267
45 267
61 267
62 267
70 267
90 267
99 267
100 267
116 267
121 267
127 267
134 267
138 267
142 267
149 267
154 267
161 267
166 267
173 267
190 267
193 267
202 267
212 267
214 267
222 267
224 267
227 267
236 267
239 267
243 267
244 267
247 267
253 267
1 268
9 268
35 268
38 268
42 268
79 268
100 268
113 268
114 268
117 268
123 268
133 268
135 268
136 268
142 268
154 268
159 268
172 268
181 268
188 268
189 268
224 268
225 268
9 269
18 269
24 269
26 269
43 269
54 269
59 269
63 269
82 269
83 269
87 269
97 269
108 269
121 269
152 269
159 269
161 269
163 269
167 269
171 269
181 269
189 269
192 269
197 269
202 269
234 269
236 269
237 269
263 269
15 270
23 270
43 270
45 270
48 270
50 270
55 270
58 270
67 270
75 270
78 270
80 270
81 270
88 270
92 270
95 270
97 270
122 270
132 270
133 270
135 270
154 270
163 270
169 270
173 270
178 270
182 270
198 270
213 270
221 270
222 270
224 270
226 270
233 270
237 270
238 270
245 270
246 270
247 270
251 270
255 270
267 270
269 270
11 271
15 271
18 271
21 271
29 271
35 271
47 271
49 271
52 271
57 271
70 271
72 271
74 271
76 271
79 271
80 271
86 271
88 271
92 271
93 271
104 271
121 271
125 271
127 271
132 271
137 271
138 271
154 271
162 271
180 271
181 271
184 271
203 271
213 271
216 271
224 271
254 271
262 271
6 272
10 272
17 272
28 272
32 272
33 272
38 272
51 272
86 272
89 272
93 272
99 272
100 272
112 272
127 272
129 272
136 272
144 272
146 272
158 272
159 272
163 272
169 272
172 272
203 272
207 272
208 272
223 272
230 272
232 272
242 272
245 272
251 272
253 272
258 272
264 272
270 272
12 273
34 273
51 273
60 273
81 273
85 273
90 273
91 273
92 273
104 273
107 273
113 273
116 273
128 273
131 273
143 273
153 273
163 273
169 273
174 273
187 273
192 273
193 273
199 273
212 273
214 273
228 273
243 273
252 273
258 273
261 273
269 273
272 273
3 274
19 274
25 274
32 274
41 274
44 274
52 274
56 274
88 274
98 274
115 274
118 274
130 274
132 274
137 274
146 274
168 274
170 274
174 274
180 274
214 274
215 274
222 274
224 274
237 274
250 274
256 274
5 275
19 275
21 275
22 275
33 275
45 275
47 275
60 275
61 275
63 275
84 275
90 275
93 275
107 275
114 275
118 275
121 275
134 275
136 275
149 275
177 275
178 275
203 275
207 275
215 275
217 275
235 275
258 275
264 275
274 275
7 276
23 276
24 276
29 276
44 276
47 276
55 276
75 276
78 276
94 276
107 276
120 276
126 276
145 276
146 276
153 276
156 276
160 276
165 276
166 276
183 276
184 276
189 276
201 276
207 276
212 276
221 276
237 276
238 276
243 276
245 276
256 276
259 276
264 276
267 276
271 276
4 277
10 277
21 277
30 277
44 277
52 277
56 277
82 277
88 277
108 277
117 277
127 277
128 277
129 277
135 277
137 277
138 277
149 277
184 277
193 277
196 277
201 277
213 277
220 277
228 277
254 277
259 277
263 277
270 277
273 277
3 278
27 278
30 278
34 278
38 278
47 278
48 278
50 278
52 278
54 278
64 278
69 278
70 278
74 278
80 278
82 278
89 278
90 278
94 278
109 278
119 278
133 278
135 278
138 278
139 278
141 278
156 278
163 278
178 278
196 278
208 278
210 278
226 278
228 278
235 278
236 278
244 278
252 278
264 278
266 278
275 278
10 279
13 279
15 279
30 279
32 279
50 279
51 279
59 279
60 279
65 279
104 279
109 279
112 279
116 279
131 279
134 279
142 279
149 279
153 279
154 279
155 279
161 279
164 279
201 279
203 279
207 279
209 279
213 279
220 279
239 279
245 279
247 279
255 279
267 279
270 279
4 280
7 280
19 280
35 280
39 280
40 280
62 280
73 280
86 280
96 280
111 280
116 280
118 280
146 280
149 280
155 280
163 280
165 280
166 280
169 280
176 280
177 280
178 280
187 280
195 280
197 280
199 280
222 280
230 280
231 280
237 280
241 280
249 280
251 280
279 280
1 281
9 281
16 281
27 281
51 281
72 281
79 281
90 281
96 281
97 281
99 281
107 281
108 281
125 281
135 281
139 281
146 281
152 281
154 281
162 281
171 281
176 281
192 281
203 281
207 281
208 281
209 281
213 281
220 281
221 281
231 281
232 281
235 281
246 281
249 281
258 281
274 281
2 282
4 282
7 282
9 282
15 282
36 282
45 282
50 282
52 282
60 282
61 282
65 282
75 282
79 282
82 282
86 282
108 282
113 282
114 282
134 282
137 282
139 282
156 282
159 282
161 282
168 282
173 282
185 282
194 282
200 282
212 282
213 282
218 282
219 282
240 282
243 282
248 282
268 282
274 282
1 283
9 283
12 283
30 283
40 283
46 283
53 283
56 283
73 283
77 283
90 283
103 283
105 283
125 283
135 283
137 283
151 283
154 283
160 283
177 283
179 283
181 283
189 283
205 283
207 283
208 283
229 283
236 283
243 283
247 283
262 283
266 283
268 283
275 283
277 283
10 284
11 284
18 284
51 284
54 284
75 284
94 284
97 284
102 284
104 284
108 284
116 284
147 284
173 284
178 284
183 284
186 284
194 284
210 284
232 284
239 284
241 284
257 284
258 284
261 284
265 284
269 284
11 285
23 285
29 285
30 285
31 285
32 285
45 285
47 285
57 285
81 285
83 285
84 285
101 285
111 285
112 285
113 285
116 285
132 285
140 285
167 285
176 285
180 285
181 285
185 285
202 285
206 285
208 285
210 285
213 285
219 285
222 285
230 285
234 285
242 285
247 285
248 285
263 285
265 285
270 285
274 285
3 286
6 286
9 286
15 286
16 286
17 286
19 286
32 286
39 286
40 286
46 286
51 286
56 286
77 286
100 286
117 286
120 286
125 286
134 286
137 286
143 286
152 286
178 286
179 286
188 286
199 286
236 286
240 286
246 286
280 286
0 287
1 287
4 287
20 287
24 287
27 287
28 287
34 287
48 287
50 287
64 287
85 287
92 287
101 287
110 287
116 287
121 287
135 287
139 287
140 287
147 287
169 287
173 287
184 287
193 287
200 287
202 287
212 287
213 287
219 287
222 287
235 287
241 287
250 287
254 287
261 287
273 287
279 287
281 287
286 287
2 288
8 288
31 288
47 288
49 288
80 288
81 288
91 288
103 288
118 288
136 288
142 288
146 288
156 288
161 288
172 288
180 288
187 288
202 288
214 288
222 288
224 288
237 288
243 288
255 288
258 288
273 288
281 288
284 288
14 289
16 289
20 289
34 289
36 289
43 289
56 289
60 289
66 289
68 289
75 289
77 289
78 289
81 289
91 289
96 289
100 289
103 289
105 289
106 289
135 289
144 289
146 289
149 289
150 289
167 289
170 289
186 289
197 289
212 289
226 289
233 289
238 289
241 289
243 289
247 289
260 289
261 289
264 289
272 289
278 289
2 290
6 290
18 290
32 290
35 290
37 290
40 290
47 290
48 290
52 290
55 290
60 290
61 290
70 290
79 290
88 290
95 290
96 290
98 290
119 290
151 290
154 290
168 290
171 290
180 290
209 290
220 290
226 290
228 290
239 290
246 290
247 290
251 290
258 290
263 290
264 290
269 290
9 291
16 291
19 291
26 291
34 291
35 291
74 291
76 291
77 291
81 291
87 291
115 291
123 291
133 291
142 291
153 291
161 291
179 291
181 291
188 291
194 291
195 291
197 291
225 291
227 291
235 291
243 291
250 291
255 291
257 291
261 291
273 291
277 291
17 292
21 292
22 292
38 292
57 292
64 292
68 292
71 292
76 292
83 292
114 292
116 292
117 292
150 292
164 292
166 292
178 292
182 292
187 292
189 292
191 292
198 292
200 292
203 292
215 292
218 292
239 292
245 292
253 292
254 292
273 292
274 292
275 292
284 292
287 292
288 292
3 293
10 293
13 293
37 293
43 293
56 293
76 293
88 293
89 293
97 293
103 293
115 293
124 293
126 293
134 293
150 293
152 293
157 293
165 293
169 293
178 293
179 293
186 293
189 293
194 293
197 293
219 293
223 293
229 293
234 293
256 293
257 293
260 293
271 293
275 293
276 293
285 293
1 294
8 294
40 294
43 294
47 294
51 294
54 294
57 294
68 294
78 294
80 294
97 294
100 294
104 294
105 294
107 294
123 294
124 294
139 294
150 294
154 294
155 294
186 294
187 294
218 294
220 294
228 294
257 294
262 294
285 294
291 294
3 295
9 295
19 295
21 295
22 295
43 295
48 295
56 295
58 295
62 295
69 295
72 295
85 295
86 295
102 295
111 295
112 295
142 295
146 295
155 295
167 295
169 295
178 295
180 295
184 295
201 295
216 295
236 295
238 295
249 295
254 295
259 295
264 295
273 295
284 295
290 295
5 296
6 296
17 296
18 296
24 296
33 296
40 296
41 296
53 296
74 296
87 296
89 296
96 296
100 296
102 296
105 296
116 296
120 296
121 296
128 296
161 296
174 296
184 296
189 296
197 296
199 296
200 296
211 296
214 296
222 296
233 296
240 296
245 296
259 296
265 296
274 296
275 296
278 296
281 296
287 296
295 296
3 297
9 297
11 297
21 297
31 297
49 297
69 297
72 297
85 297
87 297
89 297
99 297
103 297
106 297
108 297
111 297
112 297
122 297
141 297
150 297
162 297
171 297
173 297
179 297
187 297
192 297
193 297
202 297
203 297
209 297
215 297
216 297
226 297
227 297
238 297
255 297
257 297
266 297
280 297
281 297
290 297
11 298
17 298
26 298
49 298
51 298
61 298
62 298
83 298
90 298
107 298
132 298
135 298
143 298
149 298
156 298
158 298
164 298
182 298
187 298
191 298
196 298
209 298
218 298
230 298
234 298
235 298
240 298
254 298
269 298
279 298
287 298
292 298
297 298
5 299
24 299
26 299
35 299
43 299
58 299
74 299
82 299
101 299
108 299
109 299
118 299
123 299
131 299
136 299
140 299
141 299
143 299
168 299
194 299
219 299
227 299
253 299
257 299
262 299
263 299
264 299
269 299
278 299
295 299
296 299
