300 4536 5
11 11 14 12 8 16 11 10 14 8 9 12 5 15 7 17 11 10 15 14 13 8 13 9 12 14 7 9 11 11 9 10 8 9 8 9 10 5 5 13 13 14 9 9 12 10 11 9 7 7 5 12 12 8 9 12 11 13 12 10 9 14 12 11 2 11 5 13 12 6 13 14 11 10 11 5 7 13 8 9 9 13 11 12 10 8 13 12 4 14 17 15 6 9 11 9 7 15 8 15 14 6 10 6 9 11 14 7 12 13 14 7 10 12 15 14 13 12 2 11 9 15 13 12 13 7 17 11 11 13 8 9 11 15 10 8 10 4 11 11 10 9 12 9 10 2 10 7 9 12 10 14 10 13 11 13 10 12 12 10 15 12 8 11 16 19 15 7 7 10 7 9 2 4 16 8 9 10 13 11 8 10 11 8 7 13 10 12 10 11 5 12 8 12 9 12 8 13 9 14 9 12 15 14 10 9 13 13 8 15 9 7 10 14 8 9 7 11 13 9 9 10 8 9 13 8 11 11 10 6 7 17 11 7 9 7 10 16 9 8 14 7 9 8 14 11 10 10 16 11 7 13 11 4 6 7 11 12 11 13 9 15 12 8 10 13 11 9 12 14 12 10 12 12 11 9 11 8 14 12 6 6 11 12 6 8 10 14 14 13 12 14 9 6 11 16 7 10 11 12
1 3
1 8
5 8
1 9
4 9
0 10
1 10
5 11
2 12
6 13
11 13
5 14
4 15
6 15
14 15
11 16
13 16
3 17
5 17
7 17
10 17
9 18
9 19
11 19
12 19
14 19
2 20
6 20
12 20
14 20
1 23
9 23
17 23
17 24
19 24
8 25
13 25
14 25
5 27
14 27
19 27
21 27
5 28
9 28
21 28
26 28
11 29
19 29
22 29
27 29
7 30
3 31
18 31
29 31
12 32
15 32
18 32
22 32
26 32
6 33
13 33
17 33
26 33
7 34
22 34
24 34
26 34
27 34
0 35
17 35
24 35
26 35
33 35
14 36
17 36
21 36
24 36
25 36
13 37
15 37
19 37
25 37
8 38
12 38
34 38
1 39
8 39
37 39
36 40
21 41
22 41
10 42
12 42
17 42
18 42
21 42
30 42
3 43
9 43
15 43
19 43
29 43
30 43
42 43
10 44
34 44
37 44
40 44
43 44
20 45
21 45
21 46
24 46
31 46
36 46
43 46
6 47
8 47
18 47
22 47
28 47
30 47
2 48
37 48
46 48
0 49
3 49
4 49
6 49
16 49
42 49
0 50
2 50
4 50
13 50
14 50
19 50
22 50
25 50
32 50
37 50
9 51
12 51
24 51
29 51
35 51
36 51
37 51
40 51
44 51
28 52
37 52
43 52
14 53
44 53
45 53
9 54
11 54
12 54
13 54
28 54
34 54
35 54
3 55
8 55
18 55
32 55
33 55
51 55
54 55
0 56
6 56
11 56
17 56
29 56
32 56
50 56
55 56
21 57
24 57
35 57
45 57
12 58
23 58
24 58
35 58
1 59
6 59
44 59
52 59
56 59
7 60
13 60
15 60
19 60
43 60
51 60
52 60
59 60
2 61
10 61
31 61
3 62
5 62
18 62
40 62
42 62
60 62
3 63
8 63
10 63
16 63
32 63
36 63
37 63
47 63
49 63
6 64
7 64
8 64
11 64
12 64
35 64
51 64
52 64
8 65
39 65
5 66
6 66
8 66
21 66
33 66
40 66
43 66
64 66
4 67
10 67
16 67
43 67
45 67
49 67
54 67
55 67
58 67
9 68
17 68
20 68
25 68
37 68
42 68
65 68
1 69
5 69
12 69
33 69
56 69
16 70
19 70
21 70
37 70
55 70
64 70
42 71
43 71
49 71
65 71
2 72
18 72
30 72
38 72
40 72
52 72
64 72
70 72
8 73
34 73
35 73
56 73
5 74
7 74
17 74
33 74
36 74
39 74
41 74
53 74
60 74
63 74
30 75
33 75
34 75
40 75
43 75
60 75
62 75
64 75
69 75
7 76
14 76
20 76
23 76
38 76
45 76
49 76
64 76
0 77
6 77
9 77
12 77
21 77
48 77
68 77
8 78
12 78
15 78
37 78
55 78
58 78
70 78
2 79
5 79
10 79
23 79
27 79
30 79
40 79
41 79
43 79
54 79
56 79
78 79
3 80
10 80
11 80
14 80
23 80
37 80
44 80
54 80
76 80
4 81
12 81
21 81
31 81
40 81
64 81
67 81
36 82
40 82
59 82
61 82
69 82
1 83
19 83
43 83
57 83
75 83
5 84
11 84
20 84
21 84
25 84
46 84
51 84
78 84
1 85
6 85
9 85
16 85
18 85
42 85
47 85
49 85
54 85
2 86
3 86
21 86
27 86
38 86
50 86
51 86
68 86
70 86
71 86
3 87
4 87
21 87
23 87
34 87
41 87
42 87
51 87
0 88
6 88
38 88
63 88
68 88
71 88
87 88
14 89
16 89
18 89
44 89
60 89
61 89
62 89
71 89
83 89
2 90
11 90
30 90
44 90
46 90
53 90
55 90
64 90
83 90
7 91
15 91
30 91
31 91
44 91
60 91
62 91
65 91
6 92
14 92
16 92
23 92
28 92
30 92
32 92
35 92
36 92
54 92
57 92
66 92
72 92
76 92
85 92
2 93
17 93
20 93
22 93
28 93
32 93
71 93
78 93
84 93
89 93
90 93
91 93
7 94
13 94
19 94
29 94
68 94
82 94
93 94
13 95
15 95
28 95
33 95
35 95
43 95
59 95
71 95
0 96
4 96
6 96
9 96
12 96
15 96
20 96
32 96
88 96
3 97
26 97
28 97
41 97
42 97
50 97
61 97
63 97
74 97
85 97
96 97
0 98
1 98
8 98
9 98
51 98
62 98
64 98
66 98
73 98
75 98
76 98
93 98
95 98
13 99
24 99
31 99
41 99
43 99
48 99
54 99
57 99
60 99
66 99
77 99
89 99
0 100
2 100
3 100
11 100
40 100
45 100
50 100
57 100
80 100
86 100
90 100
97 100
0 101
6 101
8 101
12 101
28 101
31 101
32 101
43 101
49 101
65 101
69 101
71 101
79 101
87 101
98 101
6 102
7 102
19 102
21 102
25 102
62 102
64 102
81 102
93 102
2 103
5 103
15 103
20 103
29 103
30 103
40 103
50 103
67 103
90 103
92 103
27 104
39 104
42 104
43 104
47 104
64 104
74 104
78 104
79 104
90 104
0 105
8 105
13 105
23 105
68 105
72 105
83 105
86 105
97 105
99 105
9 106
29 106
34 106
45 106
67 106
74 106
104 106
4 107
11 107
31 107
38 107
40 107
42 107
48 107
60 107
61 107
65 107
75 107
79 107
82 107
86 107
92 107
8 108
20 108
25 108
30 108
38 108
42 108
44 108
46 108
47 108
61 108
67 108
89 108
93 108
96 108
3 109
9 109
11 109
19 109
23 109
25 109
34 109
35 109
40 109
42 109
44 109
46 109
55 109
68 109
88 109
94 109
95 109
1 110
5 110
6 110
17 110
19 110
24 110
25 110
28 110
37 110
40 110
43 110
47 110
51 110
52 110
56 110
91 110
98 110
5 111
18 111
21 111
22 111
27 111
35 111
42 111
45 111
49 111
66 111
109 111
1 112
3 112
9 112
17 112
20 112
49 112
50 112
63 112
82 112
83 112
111 112
2 113
6 113
24 113
35 113
36 113
39 113
40 113
63 113
70 113
71 113
82 113
95 113
100 113
110 113
5 114
6 114
9 114
40 114
49 114
60 114
64 114
78 114
94 114
103 114
108 114
22 115
26 115
27 115
38 115
56 115
70 115
79 115
92 115
98 115
108 115
110 115
4 116
20 116
30 116
33 116
38 116
43 116
52 116
55 116
66 116
69 116
85 116
111 116
112 116
15 117
17 117
26 117
32 117
36 117
39 117
41 117
46 117
58 117
66 117
67 117
69 117
70 117
81 117
98 117
103 117
104 117
112 117
4 118
15 118
20 118
29 118
30 118
43 118
49 118
55 118
89 118
95 118
108 118
111 118
112 118
20 119
42 119
47 119
56 119
68 119
75 119
89 119
24 120
26 120
29 120
31 120
42 120
66 120
69 120
77 120
86 120
90 120
99 120
117 120
2 121
3 121
30 121
33 121
34 121
51 121
54 121
56 121
114 121
117 121
1 122
18 122
26 122
27 122
40 122
43 122
45 122
49 122
61 122
72 122
74 122
105 122
106 122
113 122
3 123
7 123
14 123
30 123
37 123
39 123
43 123
84 123
92 123
94 123
115 123
3 124
17 124
18 124
38 124
49 124
63 124
66 124
68 124
90 124
2 125
10 125
17 125
18 125
19 125
33 125
41 125
47 125
65 125
74 125
93 125
118 125
16 126
23 126
26 126
27 126
33 126
93 126
99 126
107 126
119 126
122 126
124 126
2 127
4 127
7 127
17 127
26 127
30 127
35 127
37 127
38 127
45 127
57 127
75 127
77 127
82 127
84 127
110 127
114 127
119 127
0 128
2 128
10 128
12 128
29 128
38 128
50 128
70 128
75 128
98 128
104 128
11 129
12 129
24 129
27 129
30 129
41 129
43 129
51 129
54 129
69 129
74 129
113 129
2 130
15 130
17 130
22 130
25 130
26 130
29 130
37 130
40 130
50 130
68 130
72 130
83 130
91 130
93 130
96 130
99 130
103 130
119 130
6 131
9 131
19 131
25 131
35 131
59 131
81 131
113 131
119 131
122 131
2 132
23 132
29 132
35 132
62 132
75 132
83 132
85 132
90 132
102 132
122 132
124 132
125 132
30 133
42 133
68 133
69 133
78 133
93 133
107 133
0 134
15 134
16 134
25 134
41 134
50 134
55 134
75 134
78 134
79 134
110 134
116 134
127 134
0 135
7 135
13 135
29 135
47 135
48 135
67 135
68 135
72 135
99 135
106 135
115 135
125 135
126 135
130 135
131 135
46 136
50 136
64 136
67 136
86 136
96 136
106 136
115 136
133 136
7 137
17 137
20 137
22 137
25 137
40 137
65 137
88 137
89 137
92 137
94 137
120 137
129 137
131 137
18 138
24 138
39 138
40 138
51 138
82 138
89 138
93 138
100 138
104 138
108 138
120 138
133 138
134 138
3 139
4 139
20 139
36 139
37 139
63 139
72 139
79 139
80 139
85 139
86 139
8 140
16 140
19 140
29 140
35 140
47 140
50 140
57 140
61 140
62 140
70 140
74 140
86 140
87 140
88 140
99 140
128 140
0 141
17 141
21 141
25 141
28 141
68 141
72 141
77 141
83 141
110 141
126 141
136 141
4 142
15 142
23 142
26 142
53 142
61 142
63 142
65 142
81 142
83 142
99 142
118 142
120 142
133 142
138 142
139 142
15 143
28 143
38 143
39 143
51 143
58 143
71 143
89 143
111 143
121 143
139 143
142 143
1 144
7 144
8 144
16 144
19 144
28 144
30 144
38 144
48 144
54 144
55 144
62 144
63 144
68 144
87 144
94 144
101 144
103 144
113 144
114 144
117 144
118 144
138 144
56 145
58 145
64 145
71 145
72 145
77 145
81 145
105 145
115 145
131 145
134 145
136 145
139 145
0 146
1 146
9 146
19 146
24 146
25 146
42 146
44 146
51 146
58 146
81 146
86 146
106 146
107 146
109 146
110 146
123 146
131 146
138 146
139 146
140 146
142 146
10 147
23 147
40 147
42 147
48 147
55 147
69 147
84 147
88 147
99 147
105 147
119 147
128 147
129 147
132 147
8 148
16 148
18 148
27 148
48 148
50 148
55 148
57 148
58 148
64 148
69 148
81 148
89 148
103 148
105 148
116 148
137 148
138 148
14 149
16 149
25 149
26 149
32 149
34 149
37 149
52 149
87 149
110 149
111 149
117 149
124 149
143 149
3 150
32 150
42 150
43 150
44 150
79 150
101 150
102 150
129 150
134 150
7 151
21 151
34 151
38 151
57 151
67 151
72 151
87 151
91 151
106 151
109 151
111 151
112 151
116 151
125 151
130 151
131 151
3 152
4 152
10 152
13 152
18 152
30 152
43 152
54 152
100 152
104 152
115 152
119 152
122 152
123 152
143 152
2 153
7 153
15 153
16 153
23 153
27 153
29 153
31 153
35 153
37 153
39 153
40 153
63 153
67 153
82 153
102 153
107 153
114 153
127 153
131 153
136 153
152 153
15 154
19 154
27 154
36 154
37 154
51 154
65 154
95 154
109 154
113 154
119 154
120 154
123 154
130 154
135 154
136 154
139 154
146 154
150 154
3 155
11 155
18 155
23 155
24 155
40 155
55 155
63 155
84 155
109 155
111 155
123 155
124 155
129 155
140 155
146 155
0 156
7 156
21 156
29 156
50 156
64 156
81 156
93 156
99 156
113 156
120 156
130 156
133 156
138 156
155 156
3 157
20 157
21 157
22 157
37 157
45 157
52 157
64 157
72 157
91 157
139 157
142 157
150 157
10 158
22 158
27 158
29 158
49 158
50 158
54 158
57 158
59 158
62 158
67 158
71 158
101 158
104 158
110 158
140 158
141 158
0 159
20 159
58 159
68 159
70 159
80 159
81 159
86 159
87 159
128 159
143 159
31 160
32 160
41 160
58 160
69 160
111 160
117 160
121 160
7 161
12 161
14 161
35 161
37 161
40 161
50 161
60 161
62 161
65 161
70 161
76 161
78 161
99 161
103 161
149 161
154 161
156 161
8 162
19 162
44 162
49 162
70 162
71 162
74 162
84 162
101 162
109 162
126 162
130 162
138 162
146 162
151 162
152 162
153 162
0 163
15 163
43 163
49 163
60 163
64 163
72 163
79 163
83 163
88 163
96 163
98 163
107 163
111 163
113 163
119 163
128 163
157 163
2 164
3 164
40 164
47 164
49 164
66 164
77 164
84 164
88 164
112 164
140 164
148 164
3 165
15 165
20 165
28 165
34 165
35 165
38 165
61 165
69 165
98 165
105 165
118 165
3 166
24 166
35 166
47 166
48 166
57 166
64 166
70 166
82 166
96 166
99 166
100 166
131 166
162 166
12 167
16 167
31 167
34 167
35 167
52 167
72 167
74 167
86 167
92 167
96 167
99 167
142 167
147 167
149 167
23 168
26 168
33 168
34 168
36 168
49 168
61 168
65 168
100 168
121 168
141 168
166 168
2 169
22 169
60 169
66 169
70 169
90 169
122 169
129 169
160 169
5 170
7 170
15 170
25 170
30 170
46 170
60 170
69 170
78 170
127 170
135 170
145 170
162 170
8 171
12 171
17 171
27 171
30 171
57 171
86 171
87 171
109 171
110 171
120 171
129 171
130 171
150 171
163 171
10 172
15 172
27 172
28 172
31 172
32 172
72 172
75 172
81 172
89 172
90 172
96 172
103 172
111 172
124 172
143 172
153 172
154 172
155 172
5 173
25 173
38 173
60 173
73 173
76 173
94 173
97 173
108 173
124 173
125 173
126 173
133 173
143 173
157 173
165 173
26 174
28 174
31 174
32 174
35 174
37 174
49 174
58 174
66 174
88 174
89 174
90 174
92 174
113 174
119 174
126 174
149 174
164 174
8 175
10 175
28 175
51 175
56 175
58 175
59 175
81 175
98 175
107 175
112 175
124 175
130 175
140 175
161 175
167 175
4 176
27 176
29 176
49 176
69 176
76 176
82 176
108 176
110 176
122 176
146 176
152 176
162 176
166 176
168 176
5 177
19 177
29 177
35 177
58 177
62 177
71 177
72 177
79 177
82 177
86 177
90 177
133 177
153 177
155 177
40 178
50 178
64 178
66 178
67 178
74 178
136 178
138 178
141 178
146 178
156 178
164 178
171 178
21 179
27 179
34 179
38 179
39 179
41 179
42 179
49 179
77 179
95 179
97 179
106 179
115 179
127 179
130 179
136 179
152 179
155 179
164 179
167 179
172 179
15 180
42 180
48 180
49 180
55 180
62 180
76 180
84 180
114 180
120 180
134 180
135 180
156 180
157 180
161 180
164 180
169 180
170 180
16 181
19 181
21 181
22 181
34 181
38 181
44 181
52 181
73 181
74 181
75 181
78 181
84 181
90 181
95 181
108 181
120 181
128 181
134 181
136 181
142 181
148 181
165 181
171 181
4 182
14 182
20 182
32 182
55 182
66 182
78 182
88 182
108 182
116 182
118 182
129 182
139 182
142 182
163 182
164 182
167 182
175 182
10 183
12 183
16 183
31 183
33 183
36 183
48 183
49 183
54 183
79 183
84 183
87 183
93 183
108 183
111 183
125 183
127 183
133 183
138 183
141 183
144 183
146 183
161 183
167 183
173 183
179 183
6 184
22 184
25 184
67 184
83 184
85 184
89 184
102 184
103 184
134 184
140 184
151 184
161 184
179 184
0 185
6 185
7 185
15 185
19 185
39 185
82 185
93 185
94 185
110 185
111 185
113 185
115 185
134 185
150 185
153 185
155 185
163 185
164 185
169 185
172 185
176 185
23 186
33 186
62 186
66 186
72 186
74 186
92 186
111 186
152 186
155 186
162 186
166 186
182 186
11 187
24 187
28 187
33 187
36 187
41 187
58 187
63 187
64 187
69 187
83 187
98 187
123 187
125 187
140 187
154 187
161 187
169 187
13 188
23 188
29 188
42 188
49 188
58 188
63 188
74 188
79 188
93 188
95 188
127 188
170 188
1 189
8 189
34 189
45 189
51 189
54 189
55 189
58 189
71 189
100 189
120 189
132 189
136 189
141 189
144 189
146 189
171 189
184 189
8 190
12 190
24 190
33 190
36 190
48 190
67 190
71 190
73 190
97 190
109 190
130 190
139 190
150 190
187 190
0 191
23 191
29 191
33 191
38 191
69 191
83 191
99 191
106 191
114 191
116 191
128 191
139 191
173 191
176 191
182 191
2 192
20 192
28 192
40 192
47 192
52 192
56 192
88 192
93 192
94 192
108 192
109 192
110 192
123 192
131 192
142 192
147 192
170 192
26 193
39 193
45 193
46 193
47 193
61 193
63 193
78 193
93 193
96 193
126 193
128 193
131 193
146 193
158 193
183 193
185 193
187 193
188 193
16 194
30 194
38 194
64 194
76 194
87 194
96 194
99 194
142 194
144 194
164 194
171 194
178 194
181 194
186 194
25 195
33 195
41 195
46 195
48 195
58 195
65 195
111 195
128 195
139 195
147 195
149 195
151 195
168 195
172 195
173 195
181 195
184 195
190 195
11 196
16 196
27 196
46 196
59 196
64 196
85 196
89 196
119 196
120 196
127 196
145 196
160 196
161 196
171 196
180 196
183 196
187 196
192 196
194 196
195 196
5 197
8 197
20 197
26 197
32 197
41 197
44 197
47 197
52 197
58 197
64 197
74 197
96 197
98 197
101 197
104 197
114 197
121 197
135 197
155 197
156 197
158 197
168 197
184 197
185 197
194 197
195 197
11 198
14 198
23 198
37 198
39 198
71 198
90 198
95 198
111 198
130 198
161 198
179 198
194 198
16 199
24 199
28 199
29 199
38 199
40 199
44 199
53 199
56 199
63 199
70 199
75 199
78 199
99 199
101 199
111 199
120 199
125 199
135 199
139 199
149 199
161 199
169 199
175 199
183 199
184 199
196 199
1 200
7 200
11 200
37 200
40 200
51 200
52 200
61 200
69 200
70 200
83 200
101 200
103 200
105 200
107 200
119 200
124 200
127 200
132 200
143 200
162 200
170 200
184 200
5 201
8 201
15 201
18 201
21 201
32 201
43 201
45 201
56 201
57 201
58 201
65 201
92 201
107 201
129 201
143 201
163 201
171 201
199 201
6 202
9 202
12 202
16 202
17 202
27 202
40 202
41 202
69 202
76 202
85 202
91 202
94 202
102 202
107 202
151 202
168 202
182 202
189 202
6 203
27 203
47 203
78 203
82 203
83 203
85 203
90 203
111 203
129 203
131 203
143 203
180 203
185 203
189 203
197 203
11 204
12 204
19 204
27 204
40 204
61 204
67 204
68 204
74 204
80 204
94 204
95 204
101 204
105 204
107 204
109 204
125 204
127 204
133 204
140 204
151 204
180 204
198 204
0 205
18 205
34 205
41 205
53 205
64 205
71 205
79 205
88 205
89 205
131 205
136 205
143 205
147 205
149 205
162 205
182 205
2 206
4 206
13 206
27 206
33 206
52 206
54 206
56 206
82 206
106 206
115 206
120 206
136 206
141 206
149 206
153 206
154 206
160 206
163 206
166 206
172 206
197 206
203 206
20 207
27 207
30 207
50 207
60 207
69 207
90 207
92 207
103 207
122 207
131 207
132 207
133 207
141 207
145 207
146 207
152 207
162 207
167 207
176 207
181 207
186 207
192 207
196 207
205 207
19 208
44 208
58 208
69 208
75 208
76 208
82 208
83 208
90 208
111 208
112 208
113 208
123 208
127 208
131 208
137 208
158 208
159 208
193 208
20 209
29 209
33 209
34 209
42 209
45 209
47 209
48 209
53 209
72 209
83 209
90 209
95 209
107 209
139 209
140 209
154 209
155 209
160 209
161 209
170 209
185 209
187 209
188 209
194 209
8 210
27 210
28 210
38 210
44 210
55 210
59 210
69 210
70 210
81 210
84 210
86 210
90 210
121 210
143 210
160 210
162 210
172 210
198 210
209 210
1 211
12 211
37 211
50 211
70 211
77 211
83 211
86 211
98 211
106 211
117 211
134 211
141 211
152 211
154 211
177 211
178 211
186 211
21 212
29 212
59 212
60 212
67 212
76 212
104 212
119 212
156 212
157 212
186 212
0 213
50 213
54 213
58 213
66 213
71 213
109 213
132 213
138 213
145 213
149 213
165 213
170 213
184 213
192 213
1 214
6 214
25 214
41 214
61 214
62 214
65 214
78 214
105 214
112 214
119 214
126 214
128 214
132 214
133 214
138 214
139 214
153 214
154 214
196 214
198 214
205 214
206 214
6 215
15 215
29 215
42 215
55 215
64 215
89 215
94 215
106 215
121 215
133 215
167 215
170 215
173 215
182 215
189 215
200 215
204 215
206 215
3 216
11 216
16 216
30 216
33 216
55 216
63 216
69 216
82 216
101 216
119 216
136 216
212 216
213 216
9 217
11 217
12 217
22 217
27 217
40 217
42 217
48 217
49 217
69 217
71 217
76 217
79 217
81 217
97 217
99 217
130 217
147 217
148 217
149 217
168 217
171 217
177 217
204 217
208 217
15 218
23 218
32 218
39 218
53 218
54 218
56 218
63 218
64 218
70 218
80 218
83 218
94 218
95 218
113 218
134 218
137 218
155 218
184 218
187 218
188 218
193 218
195 218
202 218
0 219
15 219
20 219
39 219
40 219
42 219
50 219
52 219
66 219
67 219
77 219
83 219
104 219
124 219
132 219
150 219
151 219
152 219
154 219
187 219
201 219
2 220
20 220
23 220
28 220
39 220
44 220
64 220
98 220
106 220
116 220
124 220
129 220
131 220
132 220
146 220
159 220
178 220
182 220
196 220
14 221
16 221
18 221
26 221
35 221
36 221
53 221
54 221
55 221
56 221
67 221
68 221
70 221
72 221
80 221
97 221
102 221
112 221
115 221
127 221
129 221
135 221
139 221
183 221
208 221
209 221
210 221
2 222
21 222
23 222
92 222
93 222
95 222
110 222
126 222
127 222
131 222
143 222
159 222
163 222
176 222
178 222
186 222
199 222
205 222
216 222
217 222
218 222
220 222
12 223
15 223
21 223
29 223
32 223
34 223
41 223
43 223
64 223
77 223
78 223
82 223
87 223
102 223
107 223
108 223
115 223
116 223
120 223
124 223
126 223
127 223
138 223
139 223
161 223
163 223
168 223
171 223
193 223
201 223
215 223
219 223
220 223
222 223
1 224
7 224
20 224
27 224
35 224
42 224
48 224
69 224
75 224
76 224
77 224
79 224
92 224
95 224
106 224
111 224
123 224
131 224
135 224
152 224
160 224
168 224
175 224
191 224
202 224
204 224
206 224
207 224
212 224
216 224
221 224
6 225
16 225
17 225
31 225
52 225
57 225
68 225
75 225
134 225
144 225
146 225
156 225
157 225
159 225
164 225
186 225
192 225
210 225
211 225
217 225
224 225
5 226
24 226
40 226
53 226
60 226
63 226
81 226
94 226
95 226
96 226
97 226
113 226
122 226
172 226
183 226
196 226
200 226
202 226
211 226
212 226
2 227
3 227
26 227
27 227
32 227
49 227
63 227
64 227
89 227
111 227
133 227
146 227
166 227
177 227
178 227
179 227
186 227
194 227
204 227
212 227
1 228
7 228
45 228
53 228
68 228
80 228
94 228
117 228
132 228
133 228
144 228
151 228
157 228
172 228
181 228
191 228
207 228
1 229
9 229
14 229
19 229
31 229
44 229
92 229
102 229
111 229
118 229
132 229
141 229
151 229
155 229
166 229
196 229
209 229
221 229
25 230
46 230
52 230
62 230
66 230
71 230
74 230
87 230
90 230
98 230
103 230
112 230
126 230
128 230
133 230
143 230
168 230
172 230
179 230
184 230
188 230
192 230
201 230
203 230
204 230
216 230
220 230
229 230
34 231
35 231
76 231
89 231
103 231
108 231
112 231
121 231
122 231
131 231
135 231
146 231
167 231
169 231
189 231
190 231
191 231
194 231
198 231
200 231
226 231
227 231
0 232
2 232
11 232
29 232
35 232
60 232
102 232
104 232
109 232
111 232
127 232
130 232
132 232
137 232
162 232
173 232
202 232
210 232
212 232
218 232
3 233
9 233
47 233
50 233
53 233
54 233
55 233
64 233
74 233
81 233
83 233
86 233
96 233
106 233
107 233
109 233
118 233
119 233
123 233
125 233
132 233
151 233
158 233
159 233
212 233
226 233
4 234
5 234
13 234
23 234
27 234
31 234
41 234
48 234
58 234
70 234
93 234
98 234
101 234
110 234
114 234
129 234
144 234
149 234
150 234
168 234
187 234
202 234
207 234
230 234
233 234
17 235
19 235
30 235
39 235
40 235
48 235
56 235
60 235
62 235
65 235
91 235
94 235
130 235
138 235
139 235
142 235
150 235
162 235
174 235
196 235
202 235
6 236
11 236
21 236
35 236
36 236
50 236
61 236
68 236
73 236
76 236
79 236
111 236
114 236
124 236
198 236
216 236
226 236
12 237
36 237
38 237
52 237
101 237
110 237
122 237
128 237
152 237
157 237
160 237
163 237
166 237
173 237
174 237
177 237
178 237
185 237
191 237
196 237
201 237
213 237
0 238
40 238
58 238
70 238
77 238
80 238
99 238
107 238
119 238
127 238
129 238
130 238
131 238
136 238
149 238
161 238
177 238
189 238
203 238
220 238
225 238
229 238
5 239
6 239
8 239
16 239
20 239
38 239
42 239
45 239
76 239
100 239
106 239
112 239
114 239
121 239
122 239
138 239
153 239
155 239
164 239
173 239
179 239
208 239
218 239
225 239
233 239
5 240
7 240
9 240
51 240
74 240
87 240
90 240
92 240
93 240
97 240
133 240
142 240
143 240
152 240
158 240
171 240
183 240
195 240
206 240
209 240
238 240
8 241
13 241
31 241
33 241
34 241
49 241
53 241
59 241
64 241
78 241
105 241
118 241
130 241
131 241
136 241
142 241
148 241
153 241
157 241
165 241
167 241
177 241
182 241
183 241
184 241
192 241
212 241
217 241
228 241
238 241
14 242
29 242
38 242
46 242
49 242
64 242
88 242
93 242
99 242
101 242
103 242
111 242
114 242
115 242
116 242
122 242
129 242
130 242
145 242
147 242
150 242
152 242
154 242
171 242
172 242
175 242
184 242
190 242
191 242
197 242
213 242
225 242
238 242
1 243
2 243
22 243
36 243
41 243
44 243
54 243
65 243
84 243
88 243
113 243
127 243
141 243
145 243
171 243
173 243
180 243
187 243
194 243
208 243
221 243
222 243
223 243
236 243
238 243
239 243
1 244
16 244
37 244
61 244
65 244
84 244
87 244
93 244
113 244
121 244
139 244
148 244
151 244
157 244
178 244
180 244
184 244
185 244
195 244
208 244
210 244
222 244
223 244
243 244
10 245
22 245
25 245
26 245
37 245
38 245
43 245
48 245
52 245
62 245
66 245
69 245
71 245
80 245
128 245
142 245
146 245
150 245
157 245
159 245
170 245
173 245
175 245
187 245
194 245
202 245
215 245
218 245
222 245
223 245
224 245
225 245
233 245
234 245
236 245
4 246
8 246
16 246
41 246
50 246
53 246
80 246
84 246
99 246
123 246
124 246
127 246
130 246
131 246
146 246
153 246
163 246
170 246
185 246
187 246
189 246
194 246
200 246
233 246
40 247
44 247
49 247
50 247
53 247
60 247
61 247
65 247
69 247
77 247
88 247
89 247
124 247
140 247
142 247
154 247
164 247
165 247
174 247
176 247
210 247
216 247
222 247
224 247
232 247
245 247
1 248
3 248
17 248
21 248
24 248
33 248
35 248
61 248
63 248
80 248
92 248
104 248
109 248
114 248
121 248
129 248
163 248
166 248
195 248
197 248
201 248
215 248
223 248
225 248
239 248
243 248
13 249
45 249
61 249
64 249
65 249
66 249
85 249
92 249
94 249
95 249
113 249
115 249
125 249
141 249
143 249
144 249
146 249
159 249
177 249
188 249
192 249
196 249
209 249
219 249
242 249
248 249
0 250
1 250
16 250
31 250
36 250
38 250
40 250
49 250
56 250
70 250
77 250
88 250
93 250
95 250
100 250
101 250
102 250
104 250
139 250
161 250
168 250
173 250
183 250
190 250
192 250
208 250
214 250
215 250
224 250
0 251
9 251
12 251
27 251
37 251
49 251
50 251
51 251
68 251
69 251
79 251
104 251
112 251
123 251
130 251
136 251
143 251
154 251
161 251
192 251
202 251
211 251
241 251
243 251
250 251
15 252
17 252
29 252
46 252
53 252
56 252
69 252
98 252
104 252
109 252
123 252
140 252
152 252
156 252
165 252
178 252
212 252
219 252
234 252
247 252
32 253
35 253
38 253
47 253
49 253
56 253
58 253
87 253
124 253
127 253
154 253
172 253
176 253
178 253
184 253
185 253
186 253
188 253
192 253
205 253
234 253
237 253
244 253
251 253
0 254
9 254
10 254
12 254
25 254
27 254
43 254
47 254
84 254
88 254
110 254
122 254
136 254
137 254
149 254
153 254
161 254
165 254
176 254
187 254
194 254
205 254
213 254
231 254
235 254
244 254
249 254
8 255
9 255
16 255
18 255
33 255
37 255
48 255
57 255
85 255
87 255
108 255
119 255
125 255
138 255
148 255
152 255
154 255
164 255
188 255
191 255
199 255
203 255
209 255
214 255
240 255
245 255
248 255
254 255
2 256
4 256
10 256
23 256
27 256
46 256
55 256
66 256
69 256
79 256
82 256
92 256
130 256
143 256
149 256
157 256
161 256
163 256
176 256
179 256
188 256
194 256
201 256
208 256
209 256
218 256
219 256
17 257
34 257
37 257
50 257
51 257
60 257
65 257
77 257
80 257
85 257
86 257
91 257
95 257
102 257
127 257
134 257
144 257
177 257
186 257
198 257
212 257
227 257
228 257
241 257
250 257
4 258
5 258
8 258
15 258
21 258
25 258
43 258
52 258
58 258
67 258
68 258
81 258
82 258
90 258
98 258
106 258
108 258
122 258
129 258
130 258
133 258
136 258
155 258
162 258
165 258
175 258
180 258
184 258
189 258
192 258
196 258
197 258
200 258
206 258
211 258
232 258
236 258
238 258
1 259
10 259
13 259
14 259
18 259
25 259
27 259
37 259
61 259
69 259
105 259
119 259
124 259
140 259
162 259
182 259
188 259
200 259
220 259
243 259
247 259
248 259
256 259
21 260
23 260
34 260
41 260
42 260
46 260
47 260
63 260
66 260
84 260
85 260
90 260
112 260
126 260
135 260
144 260
148 260
150 260
151 260
156 260
162 260
164 260
182 260
191 260
194 260
201 260
206 260
209 260
222 260
230 260
236 260
7 261
21 261
32 261
56 261
59 261
66 261
80 261
81 261
85 261
103 261
107 261
109 261
112 261
122 261
134 261
135 261
136 261
137 261
146 261
147 261
149 261
156 261
160 261
164 261
171 261
191 261
203 261
217 261
221 261
227 261
234 261
5 262
16 262
17 262
22 262
26 262
28 262
29 262
39 262
47 262
48 262
52 262
65 262
78 262
82 262
103 262
124 262
129 262
130 262
135 262
138 262
150 262
158 262
161 262
171 262
177 262
192 262
203 262
210 262
225 262
232 262
242 262
10 263
23 263
33 263
35 263
36 263
49 263
64 263
67 263
71 263
74 263
86 263
90 263
91 263
99 263
109 263
110 263
117 263
133 263
142 263
156 263
162 263
186 263
193 263
196 263
200 263
216 263
224 263
234 263
236 263
5 264
9 264
11 264
15 264
17 264
19 264
26 264
35 264
42 264
52 264
59 264
62 264
64 264
68 264
76 264
89 264
93 264
100 264
131 264
132 264
147 264
150 264
165 264
172 264
193 264
198 264
203 264
206 264
207 264
224 264
226 264
227 264
228 264
251 264
254 264
263 264
6 265
13 265
30 265
42 265
59 265
63 265
64 265
95 265
97 265
98 265
100 265
104 265
106 265
111 265
112 265
154 265
160 265
161 265
170 265
191 265
199 265
212 265
214 265
219 265
233 265
235 265
238 265
250 265
259 265
262 265
11 266
18 266
20 266
31 266
36 266
39 266
40 266
45 266
53 266
60 266
63 266
70 266
72 266
78 266
86 266
144 266
182 266
220 266
225 266
247 266
251 266
261 266
263 266
4 267
11 267
14 267
15 267
16 267
37 267
39 267
71 267
72 267
82 267
87 267
88 267
90 267
111 267
114 267
115 267
157 267
159 267
183 267
190 267
196 267
198 267
200 267
206 267
213 267
233 267
265 267
266 267
2 268
3 268
28 268
31 268
45 268
55 268
64 268
73 268
82 268
94 268
96 268
100 268
137 268
147 268
149 268
154 268
169 268
177 268
191 268
203 268
235 268
236 268
259 268
261 268
6 269
23 269
32 269
47 269
49 269
57 269
58 269
62 269
67 269
95 269
127 269
137 269
155 269
160 269
163 269
166 269
169 269
182 269
189 269
195 269
209 269
214 269
228 269
236 269
240 269
244 269
256 269
261 269
267 269
0 270
4 270
5 270
9 270
10 270
26 270
29 270
35 270
41 270
52 270
55 270
59 270
60 270
67 270
76 270
77 270
80 270
91 270
105 270
115 270
127 270
145 270
149 270
160 270
162 270
172 270
193 270
200 270
219 270
237 270
245 270
247 270
4 271
22 271
39 271
53 271
69 271
73 271
93 271
95 271
96 271
99 271
101 271
111 271
115 271
122 271
133 271
143 271
158 271
182 271
201 271
202 271
205 271
208 271
212 271
233 271
234 271
262 271
3 272
22 272
26 272
55 272
83 272
86 272
90 272
91 272
106 272
117 272
119 272
127 272
128 272
130 272
141 272
166 272
177 272
183 272
203 272
206 272
209 272
215 272
227 272
250 272
268 272
5 273
19 273
24 273
26 273
31 273
32 273
49 273
53 273
54 273
66 273
67 273
78 273
101 273
108 273
111 273
125 273
129 273
140 273
163 273
168 273
171 273
175 273
178 273
179 273
192 273
198 273
216 273
238 273
243 273
251 273
254 273
268 273
2 274
14 274
64 274
76 274
90 274
94 274
95 274
107 274
129 274
145 274
148 274
162 274
170 274
174 274
201 274
202 274
215 274
230 274
242 274
251 274
257 274
262 274
269 274
273 274
17 275
25 275
26 275
33 275
44 275
62 275
68 275
72 275
80 275
82 275
86 275
91 275
111 275
135 275
145 275
150 275
155 275
156 275
161 275
178 275
179 275
181 275
183 275
187 275
192 275
193 275
204 275
211 275
212 275
216 275
233 275
234 275
250 275
268 275
15 276
21 276
23 276
44 276
46 276
47 276
53 276
63 276
79 276
83 276
97 276
117 276
125 276
128 276
140 276
152 276
184 276
193 276
196 276
201 276
202 276
212 276
259 276
275 276
6 277
8 277
9 277
10 277
17 277
25 277
29 277
30 277
64 277
76 277
83 277
94 277
96 277
100 277
112 277
117 277
124 277
152 277
165 277
189 277
220 277
222 277
229 277
232 277
246 277
258 277
261 277
269 277
18 278
22 278
23 278
37 278
43 278
45 278
48 278
64 278
69 278
80 278
84 278
87 278
108 278
143 278
171 278
179 278
180 278
182 278
203 278
211 278
213 278
219 278
220 278
242 278
245 278
258 278
260 278
262 278
266 278
28 279
33 279
36 279
38 279
63 279
69 279
78 279
90 279
107 279
118 279
126 279
136 279
150 279
154 279
156 279
163 279
166 279
170 279
192 279
225 279
240 279
252 279
273 279
6 280
21 280
24 280
25 280
32 280
60 280
67 280
73 280
82 280
85 280
92 280
99 280
108 280
115 280
132 280
136 280
137 280
141 280
153 280
161 280
164 280
181 280
191 280
192 280
199 280
201 280
210 280
214 280
220 280
241 280
244 280
246 280
250 280
254 280
256 280
257 280
272 280
274 280
6 281
10 281
18 281
22 281
49 281
51 281
57 281
58 281
64 281
75 281
83 281
90 281
105 281
112 281
114 281
117 281
141 281
145 281
146 281
157 281
166 281
207 281
213 281
214 281
220 281
221 281
244 281
273 281
275 281
13 282
21 282
25 282
32 282
39 282
60 282
75 282
98 282
106 282
130 282
134 282
135 282
136 282
137 282
148 282
163 282
167 282
230 282
239 282
248 282
272 282
3 283
4 283
8 283
19 283
24 283
39 283
40 283
53 283
71 283
95 283
99 283
108 283
109 283
121 283
122 283
124 283
151 283
152 283
156 283
164 283
203 283
204 283
215 283
224 283
228 283
232 283
237 283
241 283
243 283
254 283
257 283
258 283
266 283
276 283
0 284
4 284
13 284
18 284
22 284
24 284
35 284
48 284
51 284
59 284
80 284
103 284
106 284
108 284
125 284
128 284
152 284
161 284
163 284
223 284
226 284
230 284
239 284
256 284
271 284
18 285
29 285
37 285
47 285
56 285
83 285
87 285
88 285
92 285
122 285
124 285
153 285
165 285
177 285
202 285
219 285
224 285
227 285
233 285
234 285
248 285
256 285
258 285
259 285
282 285
7 286
11 286
13 286
14 286
16 286
29 286
31 286
33 286
34 286
60 286
62 286
87 286
101 286
116 286
118 286
125 286
126 286
132 286
136 286
138 286
151 286
162 286
163 286
168 286
192 286
197 286
217 286
224 286
240 286
249 286
251 286
259 286
268 286
271 286
276 286
6 287
21 287
30 287
42 287
53 287
55 287
57 287
63 287
64 287
73 287
76 287
77 287
103 287
116 287
121 287
132 287
133 287
135 287
200 287
216 287
239 287
261 287
262 287
264 287
265 287
281 287
19 288
28 288
43 288
64 288
66 288
69 288
72 288
91 288
107 288
109 288
143 288
150 288
188 288
197 288
203 288
208 288
211 288
213 288
228 288
234 288
263 288
267 288
281 288
287 288
16 289
32 289
34 289
36 289
38 289
41 289
52 289
56 289
57 289
59 289
70 289
81 289
103 289
109 289
114 289
122 289
135 289
139 289
153 289
166 289
182 289
186 289
191 289
198 289
205 289
206 289
209 289
210 289
232 289
241 289
246 289
256 289
260 289
265 289
287 289
1 290
3 290
8 290
15 290
16 290
17 290
22 290
44 290
54 290
77 290
79 290
98 290
128 290
141 290
160 290
167 290
174 290
177 290
187 290
191 290
203 290
204 290
226 290
229 290
230 290
235 290
237 290
241 290
254 290
257 290
260 290
268 290
288 290
289 290
8 291
11 291
15 291
16 291
40 291
41 291
66 291
87 291
92 291
104 291
113 291
123 291
126 291
127 291
142 291
153 291
159 291
169 291
191 291
197 291
202 291
203 291
204 291
215 291
216 291
217 291
218 291
229 291
231 291
242 291
270 291
284 291
1 292
9 292
25 292
27 292
40 292
47 292
82 292
98 292
128 292
137 292
151 292
174 292
180 292
185 292
193 292
215 292
219 292
229 292
243 292
259 292
274 292
278 292
21 293
33 293
51 293
73 293
79 293
82 293
86 293
87 293
100 293
115 293
123 293
135 293
152 293
159 293
160 293
169 293
174 293
175 293
178 293
190 293
207 293
213 293
237 293
246 293
251 293
257 293
263 293
271 293
280 293
4 294
11 294
18 294
27 294
32 294
45 294
62 294
94 294
97 294
101 294
103 294
107 294
119 294
145 294
151 294
160 294
163 294
166 294
188 294
192 294
209 294
272 294
273 294
282 294
287 294
5 295
8 295
10 295
53 295
63 295
68 295
77 295
80 295
91 295
95 295
99 295
107 295
125 295
168 295
176 295
204 295
223 295
225 295
229 295
235 295
242 295
262 295
278 295
279 295
3 296
11 296
15 296
18 296
19 296
32 296
44 296
52 296
55 296
65 296
75 296
79 296
99 296
114 296
115 296
123 296
124 296
126 296
131 296
132 296
133 296
145 296
146 296
163 296
175 296
178 296
205 296
212 296
227 296
236 296
238 296
246 296
256 296
262 296
263 296
264 296
268 296
280 296
3 297
14 297
33 297
41 297
44 297
46 297
53 297
65 297
79 297
81 297
96 297
122 297
129 297
152 297
176 297
180 297
188 297
203 297
216 297
228 297
232 297
239 297
285 297
286 297
288 297
290 297
291 297
1 298
13 298
17 298
19 298
24 298
34 298
46 298
55 298
64 298
65 298
68 298
105 298
113 298
125 298
161 298
174 298
184 298
192 298
218 298
220 298
262 298
264 298
281 298
283 298
294 298
296 298
297 298
11 299
17 299
26 299
28 299
32 299
34 299
52 299
71 299
73 299
81 299
90 299
102 299
107 299
138 299
153 299
159 299
166 299
169 299
186 299
201 299
203 299
205 299
208 299
218 299
223 299
238 299
240 299
251 299
263 299
270 299
271 299
296 299
297 299
