300 3172 5
14 19 3 7 16 3 15 19 6 3 1 18 3 7 2 15 6 6 19 11 17 11 13 1 9 7 8 9 20 8 8 18 7 1 7 16 6 14 1 2 11 5 4 16 11 2 7 7 20 8 8 15 12 2 8 7 19 17 1 15 3 13 13 3 2 10 6 8 7 17 10 19 8 19 6 3 16 1 17 6 13 12 20 12 3 15 20 17 16 16 10 2 20 12 6 2 18 8 16 1 17 20 9 19 1 20 7 5 2 18 17 4 14 3 7 8 12 20 9 11 19 10 8 14 11 3 4 16 5 15 16 14 6 19 2 3 11 13 4 8 5 1 18 8 7 4 9 6 4 17 4 7 3 8 15 2 20 20 3 19 5 16 7 3 14 6 18 6 18 6 18 7 5 9 3 14 15 3 2 14 16 8 18 10 2 8 18 18 16 13 4 17 20 18 19 6 15 9 16 3 6 9 8 8 18 9 4 11 14 12 14 10 6 2 18 15 19 4 13 3 10 6 3 12 18 20 18 11 14 13 10 14 12 8 4 1 13 12 9 19 16 8 14 8 5 17 13 18 18 9 20 9 11 7 18 14 5 19 3 16 6 8 5 17 17 1 7 7 12 18 16 11 4 3 11 5 16 6 15 4 12 20 5 17 20 2 18 4 4 1 19 17 19 12 2 10 3 2 13 6
1 7
1 9
4 10
3 11
13 14
2 16
11 16
0 17
5 17
5 18
0 19
8 20
6 21
13 21
14 21
5 22
4 23
14 23
4 25
2 26
7 26
18 26
10 27
9 28
25 28
9 29
25 29
0 30
10 30
4 31
13 31
18 32
9 33
12 33
19 33
23 33
24 33
19 34
3 35
29 36
22 37
28 37
36 37
19 38
23 38
27 38
7 39
12 39
22 39
23 39
24 39
29 39
34 39
1 40
6 40
19 40
20 40
26 40
17 41
23 41
6 42
14 42
29 42
33 42
0 43
9 43
36 43
8 44
28 44
29 44
33 45
0 46
2 46
36 46
0 47
9 47
14 47
25 47
32 47
2 48
45 48
42 49
43 49
1 50
17 50
23 50
25 50
30 50
36 50
40 50
44 50
7 51
12 51
22 51
39 51
4 52
29 52
41 52
14 53
21 53
33 53
41 53
7 54
25 54
8 55
22 55
20 56
37 56
38 56
4 57
41 57
43 57
52 57
54 57
28 58
47 58
53 58
14 59
25 59
50 59
14 60
15 60
18 60
20 60
30 60
36 60
39 60
42 60
55 60
5 61
10 61
33 61
22 62
25 62
28 62
6 63
29 63
32 63
52 63
11 64
20 64
39 64
43 64
44 64
53 64
63 64
19 65
43 65
57 65
17 66
24 66
40 66
41 66
48 66
6 67
9 67
19 67
20 67
21 67
28 67
65 67
6 68
41 68
41 69
50 69
54 69
13 70
24 70
32 70
36 70
53 70
56 70
57 70
61 70
4 71
10 71
29 71
34 71
53 71
55 71
66 71
8 72
20 72
36 72
55 72
61 72
14 73
42 73
19 74
20 74
62 74
12 75
36 75
48 75
58 75
66 75
16 76
24 76
26 76
33 76
0 77
14 77
15 77
32 77
33 77
48 77
55 77
56 77
59 77
73 77
74 77
29 78
54 78
73 78
77 78
38 79
77 79
1 80
16 80
23 80
52 80
78 80
1 81
4 81
8 81
29 81
38 81
46 81
69 81
76 81
79 81
7 82
22 82
24 82
41 82
58 82
29 83
43 83
47 83
56 83
73 83
20 84
33 84
45 84
69 84
72 84
74 84
2 85
6 85
46 85
66 85
68 85
70 85
20 86
51 86
76 86
8 87
42 87
43 87
69 87
84 87
0 88
2 88
6 88
59 88
2 89
6 89
11 89
20 89
23 89
29 89
30 89
57 89
61 89
79 89
28 90
43 90
45 90
52 90
59 90
82 90
87 90
32 91
36 91
42 91
51 91
67 91
86 91
5 92
16 92
23 92
46 92
64 92
7 93
13 93
22 93
42 93
53 93
69 93
83 93
86 93
88 93
89 93
13 94
21 94
25 94
38 94
39 94
65 94
72 94
2 95
8 95
14 95
46 95
59 95
67 95
74 95
84 95
90 95
21 96
41 96
82 96
0 97
5 97
9 97
31 97
48 97
51 97
69 97
85 97
93 97
11 98
53 98
60 98
97 98
4 99
18 99
25 99
37 99
60 99
33 100
58 100
75 100
6 101
28 101
33 101
60 101
3 102
10 102
23 102
32 102
36 102
44 102
46 102
80 102
94 102
95 102
30 103
31 103
34 103
37 103
52 103
53 103
72 103
2 104
15 104
37 104
38 104
55 104
85 104
8 105
14 105
19 105
31 105
47 105
50 105
57 105
64 105
68 105
83 105
87 105
11 106
12 106
54 106
60 106
64 106
76 106
84 106
97 106
103 106
105 106
5 107
6 107
8 107
29 107
38 107
54 107
69 107
71 107
92 107
0 108
5 108
12 108
31 108
53 108
69 108
76 108
85 108
86 108
99 108
63 109
68 109
83 109
86 109
7 110
11 110
12 110
38 110
63 110
73 110
82 110
94 110
103 110
36 111
47 111
58 111
59 111
69 111
84 111
85 111
2 112
9 112
11 112
19 112
24 112
56 112
79 112
101 112
111 112
2 113
12 113
42 113
61 113
64 113
68 113
69 113
73 113
5 114
8 114
14 114
29 114
34 114
51 114
79 114
84 114
87 114
0 115
66 115
68 115
83 115
106 115
13 116
17 116
29 116
34 116
42 116
50 116
78 116
96 116
98 116
111 116
13 117
27 117
28 117
35 117
50 117
61 117
73 117
86 117
88 117
112 117
113 117
13 118
14 118
18 118
20 118
47 118
59 118
66 118
67 118
77 118
94 118
111 118
10 119
11 119
18 119
48 119
59 119
105 119
106 119
112 119
30 120
48 120
83 120
92 120
94 120
20 121
31 121
48 121
50 121
62 121
101 121
103 121
114 121
5 122
37 122
80 122
86 122
95 122
1 123
12 123
15 123
19 123
21 123
24 123
52 123
56 123
58 123
60 123
64 123
91 123
99 123
100 123
116 123
118 123
2 124
7 124
29 124
30 124
35 124
41 124
43 124
55 124
58 124
61 124
66 124
26 125
34 125
106 125
5 126
29 126
49 126
54 126
60 126
63 126
71 126
94 126
107 126
9 127
17 127
20 127
87 127
89 127
117 127
6 128
9 128
32 128
36 128
43 128
54 128
55 128
75 128
82 128
93 128
127 128
3 129
20 129
21 129
76 129
120 129
122 129
128 129
21 130
39 130
40 130
44 130
45 130
74 130
75 130
80 130
83 130
92 130
98 130
128 130
2 131
8 131
28 131
38 131
49 131
52 131
55 131
64 131
67 131
69 131
78 131
82 131
84 131
89 131
122 131
0 132
6 132
15 132
17 132
60 132
62 132
66 132
75 132
80 132
120 132
0 133
7 133
23 133
26 133
46 133
49 133
54 133
57 133
79 133
114 133
3 134
16 134
23 134
54 134
71 134
86 134
102 134
111 134
125 134
132 134
29 135
33 135
53 135
56 135
115 135
119 135
133 135
12 136
47 136
55 136
63 136
76 136
80 136
86 136
98 136
99 136
103 136
104 136
126 136
4 137
24 137
63 137
66 137
106 137
115 137
135 137
3 138
9 138
11 138
25 138
34 138
45 138
51 138
55 138
72 138
74 138
85 138
86 138
127 138
2 139
24 139
33 139
74 139
78 139
81 139
85 139
97 139
105 139
108 139
116 139
123 139
134 139
12 140
22 140
35 140
37 140
58 140
64 140
78 140
80 140
86 140
96 140
101 140
108 140
126 140
127 140
33 141
40 141
49 141
61 141
69 141
82 141
114 141
132 141
135 141
8 142
31 142
45 142
58 142
59 142
66 142
88 142
97 142
124 142
137 142
139 142
8 143
10 143
26 143
31 143
44 143
62 143
67 143
70 143
76 143
90 143
101 143
129 143
26 144
27 144
75 144
76 144
81 144
93 144
102 144
103 144
104 144
107 144
118 144
123 144
140 144
143 144
31 145
36 145
102 145
111 145
117 145
125 145
139 145
53 146
56 146
93 146
104 146
114 146
115 146
119 146
121 146
9 147
16 147
33 147
41 147
64 147
80 147
88 147
92 147
120 147
137 147
16 148
22 148
45 148
72 148
88 148
118 148
126 148
136 148
14 149
18 149
45 149
55 149
104 149
119 149
140 149
40 150
50 150
58 150
74 150
77 150
85 150
92 150
108 150
113 150
116 150
131 150
13 151
22 151
35 151
69 151
79 151
98 151
102 151
115 151
127 151
129 151
130 151
139 151
7 152
14 152
33 152
53 152
61 152
70 152
91 152
114 152
122 152
20 153
23 153
37 153
66 153
90 153
106 153
112 153
116 153
21 154
34 154
49 154
51 154
68 154
110 154
125 154
132 154
37 155
45 155
46 155
60 155
81 155
86 155
123 155
124 155
135 155
144 155
149 155
1 156
11 156
18 156
36 156
39 156
45 156
48 156
54 156
70 156
73 156
82 156
83 156
10 157
36 157
46 157
73 157
79 157
95 157
96 157
99 157
106 157
111 157
120 157
3 158
13 158
23 158
30 158
41 158
57 158
61 158
91 158
96 158
118 158
121 158
131 158
141 158
156 158
47 159
76 159
79 159
97 159
134 159
138 159
149 159
155 159
36 160
54 160
64 160
66 160
101 160
147 160
150 160
12 161
21 161
33 161
40 161
48 161
82 161
85 161
99 161
117 161
34 162
39 162
78 162
93 162
99 162
114 162
120 162
156 162
16 163
18 163
22 163
39 163
60 163
61 163
63 163
72 163
74 163
81 163
87 163
91 163
99 163
105 163
125 163
140 163
145 163
5 164
10 164
16 164
20 164
27 164
69 164
89 164
115 164
117 164
120 164
133 164
144 164
153 164
156 164
0 165
4 165
8 165
18 165
31 165
43 165
57 165
109 165
140 165
3 166
11 166
14 166
25 166
27 166
30 166
31 166
34 166
39 166
48 166
50 166
54 166
66 166
79 166
87 166
103 166
130 166
132 166
134 166
151 166
157 166
164 166
5 167
10 167
28 167
38 167
59 167
66 167
102 167
112 167
133 167
141 167
148 167
158 167
159 167
163 167
65 168
85 168
134 168
146 168
156 168
13 169
17 169
19 169
25 169
26 169
32 169
66 169
73 169
87 169
101 169
135 169
4 170
12 170
34 170
47 170
52 170
82 170
87 170
99 170
100 170
114 170
123 170
124 170
128 170
133 170
149 170
7 171
55 171
62 171
71 171
82 171
90 171
96 171
98 171
99 171
105 171
148 171
154 171
2 172
16 172
26 172
48 172
62 172
69 172
103 172
124 172
130 172
141 172
157 172
160 172
9 173
12 173
68 173
73 173
78 173
95 173
110 173
125 173
136 173
137 173
9 174
18 174
20 174
28 174
36 174
50 174
69 174
72 174
156 174
168 174
11 175
25 175
49 175
60 175
63 175
72 175
119 175
121 175
137 175
163 175
166 175
1 176
2 176
11 176
26 176
33 176
36 176
41 176
49 176
55 176
75 176
93 176
97 176
112 176
139 176
166 176
6 177
16 177
21 177
22 177
29 177
33 177
50 177
53 177
66 177
72 177
73 177
100 177
115 177
140 177
141 177
144 177
168 177
175 177
3 178
10 178
22 178
45 178
51 178
60 178
61 178
69 178
75 178
92 178
97 178
101 178
118 178
123 178
138 178
142 178
159 178
171 178
5 179
9 179
15 179
20 179
25 179
47 179
61 179
78 179
80 179
83 179
98 179
110 179
111 179
125 179
137 179
158 179
159 179
4 180
15 180
21 180
31 180
107 180
119 180
123 180
127 180
153 180
170 180
173 180
17 181
38 181
51 181
65 181
95 181
122 181
123 181
133 181
147 181
169 181
5 182
23 182
25 182
29 182
32 182
39 182
54 182
57 182
60 182
71 182
73 182
98 182
107 182
116 182
121 182
136 182
3 183
5 183
11 183
35 183
42 183
43 183
49 183
64 183
68 183
81 183
103 183
105 183
124 183
132 183
140 183
150 183
1 184
14 184
46 184
49 184
50 184
59 184
71 184
80 184
86 184
88 184
100 184
101 184
122 184
134 184
149 184
172 184
2 185
98 185
105 185
110 185
123 185
131 185
170 185
175 185
28 186
62 186
81 186
89 186
106 186
110 186
116 186
128 186
139 186
12 187
16 187
19 187
20 187
36 187
38 187
40 187
54 187
61 187
67 187
84 187
125 187
2 188
14 188
19 188
25 188
30 188
71 188
103 188
118 188
120 188
123 188
155 188
184 188
19 189
31 189
42 189
59 189
71 189
72 189
88 189
103 189
111 189
113 189
114 189
115 189
119 189
130 189
146 189
153 189
158 189
173 189
2 190
17 190
39 190
43 190
128 190
134 190
143 190
172 190
188 190
6 191
25 191
52 191
59 191
71 191
74 191
75 191
80 191
104 191
105 191
109 191
110 191
131 191
156 191
185 191
0 192
36 192
44 192
67 192
86 192
110 192
125 192
140 192
146 192
150 192
157 192
164 192
185 192
3 193
12 193
27 193
46 193
82 193
85 193
101 193
102 193
113 193
156 193
168 193
21 194
33 194
40 194
42 194
57 194
61 194
78 194
116 194
190 194
60 195
114 195
119 195
131 195
134 195
136 195
168 195
175 195
180 195
14 196
16 196
49 196
103 196
104 196
107 196
109 196
126 196
127 196
141 196
152 196
0 197
7 197
14 197
22 197
28 197
46 197
76 197
77 197
82 197
148 197
161 197
181 197
3 198
7 198
9 198
13 198
17 198
26 198
43 198
76 198
78 198
80 198
112 198
132 198
148 198
197 198
3 199
49 199
59 199
111 199
126 199
144 199
14 200
29 200
44 200
47 200
72 200
73 200
75 200
77 200
82 200
92 200
106 200
110 200
116 200
127 200
130 200
132 200
141 200
152 200
154 200
170 200
180 200
181 200
193 200
194 200
13 201
21 201
23 201
28 201
31 201
41 201
51 201
55 201
77 201
83 201
108 201
119 201
120 201
129 201
132 201
145 201
149 201
156 201
157 201
173 201
193 201
194 201
11 202
14 202
17 202
33 202
73 202
91 202
93 202
101 202
127 202
172 202
175 202
179 202
181 202
193 202
200 202
43 203
76 203
89 203
91 203
107 203
114 203
117 203
129 203
134 203
146 203
153 203
166 203
59 204
60 204
78 204
84 204
88 204
91 204
99 204
137 204
159 204
164 204
166 204
171 204
192 204
25 205
36 205
46 205
65 205
66 205
76 205
84 205
87 205
94 205
105 205
107 205
141 205
157 205
197 205
7 206
17 206
26 206
36 206
41 206
59 206
80 206
115 206
121 206
143 206
153 206
177 206
181 206
191 206
194 206
0 207
1 207
20 207
42 207
49 207
56 207
82 207
92 207
94 207
96 207
115 207
120 207
154 207
158 207
178 207
202 207
3 208
7 208
8 208
60 208
71 208
75 208
108 208
123 208
132 208
134 208
143 208
153 208
163 208
174 208
177 208
179 208
190 208
17 209
41 209
69 209
93 209
112 209
125 209
149 209
165 209
168 209
199 209
205 209
1 210
7 210
8 210
24 210
28 210
63 210
75 210
88 210
94 210
96 210
112 210
117 210
118 210
151 210
173 210
199 210
203 210
209 210
0 211
2 211
3 211
24 211
30 211
34 211
84 211
90 211
93 211
108 211
121 211
139 211
171 211
197 211
200 211
204 211
2 212
84 212
119 212
130 212
136 212
140 212
172 212
207 212
0 213
9 213
13 213
32 213
44 213
69 213
75 213
79 213
80 213
147 213
157 213
168 213
172 213
174 213
187 213
188 213
191 213
199 213
212 213
6 214
11 214
20 214
26 214
35 214
38 214
42 214
47 214
53 214
55 214
61 214
68 214
94 214
98 214
100 214
114 214
139 214
151 214
212 214
7 215
50 215
55 215
59 215
71 215
73 215
80 215
82 215
84 215
94 215
105 215
109 215
121 215
127 215
134 215
138 215
142 215
144 215
148 215
149 215
152 215
165 215
175 215
176 215
179 215
194 215
201 215
20 216
50 216
53 216
73 216
84 216
86 216
98 216
104 216
113 216
114 216
131 216
158 216
180 216
197 216
202 216
205 216
210 216
211 216
213 216
8 217
42 217
43 217
44 217
47 217
58 217
61 217
70 217
86 217
97 217
114 217
132 217
138 217
150 217
162 217
175 217
184 217
188 217
210 217
1 218
35 218
46 218
48 218
57 218
66 218
94 218
100 218
115 218
120 218
124 218
131 218
137 218
142 218
149 218
154 218
164 218
174 218
176 218
189 218
196 218
214 218
9 219
37 219
42 219
79 219
91 219
113 219
161 219
165 219
166 219
188 219
3 220
4 220
10 220
12 220
13 220
34 220
39 220
47 220
63 220
71 220
88 220
101 220
102 220
134 220
145 220
150 220
161 220
177 220
197 220
204 220
10 221
66 221
72 221
80 221
90 221
99 221
100 221
117 221
125 221
131 221
174 221
184 221
195 221
197 221
200 221
206 221
220 221
8 222
10 222
35 222
51 222
73 222
110 222
130 222
136 222
140 222
145 222
150 222
151 222
156 222
159 222
181 222
186 222
200 222
209 222
214 222
13 223
14 223
19 223
36 223
52 223
69 223
85 223
104 223
109 223
188 223
189 223
212 223
8 224
32 224
66 224
76 224
127 224
143 224
161 224
163 224
174 224
191 224
198 224
212 224
3 225
9 225
35 225
38 225
59 225
65 225
83 225
87 225
98 225
102 225
114 225
135 225
155 225
157 225
168 225
178 225
190 225
191 225
215 225
219 225
222 225
11 226
12 226
40 226
49 226
65 226
66 226
79 226
80 226
88 226
106 226
126 226
131 226
133 226
189 226
192 226
17 227
33 227
44 227
51 227
69 227
74 227
87 227
90 227
126 227
128 227
129 227
146 227
169 227
173 227
177 227
184 227
226 227
34 228
62 228
73 228
133 228
146 228
172 228
30 229
47 229
58 229
67 229
71 229
88 229
96 229
108 229
144 229
154 229
165 229
175 229
204 229
227 229
11 230
16 230
76 230
88 230
91 230
111 230
123 230
140 230
150 230
152 230
155 230
161 230
162 230
225 230
227 230
228 230
0 231
35 231
50 231
62 231
81 231
87 231
100 231
101 231
107 231
131 231
159 231
168 231
176 231
181 231
207 231
214 231
3 232
7 232
50 232
52 232
60 232
127 232
129 232
142 232
146 232
172 232
203 232
212 232
4 233
13 233
24 233
28 233
35 233
70 233
91 233
96 233
104 233
107 233
108 233
155 233
161 233
170 233
206 233
214 233
12 234
25 234
72 234
73 234
94 234
113 234
123 234
125 234
128 234
133 234
144 234
150 234
154 234
169 234
174 234
210 234
233 234
0 235
14 235
44 235
46 235
85 235
126 235
130 235
144 235
150 235
187 235
189 235
192 235
199 235
218 235
8 236
35 236
86 236
96 236
112 236
123 236
126 236
135 236
139 236
158 236
177 236
192 236
205 236
13 237
15 237
32 237
40 237
48 237
57 237
62 237
63 237
69 237
87 237
102 237
130 237
181 237
182 237
188 237
223 237
4 238
27 238
68 238
87 238
122 238
125 238
126 238
152 238
168 238
172 238
181 238
194 238
203 238
206 238
210 238
213 238
220 238
232 238
234 238
235 238
7 239
14 239
42 239
43 239
74 239
104 239
143 239
159 239
161 239
179 239
180 239
183 239
193 239
194 239
226 239
22 240
52 240
53 240
56 240
67 240
69 240
85 240
91 240
96 240
115 240
137 240
171 240
174 240
178 240
188 240
197 240
207 240
215 240
223 240
4 241
17 241
29 241
34 241
37 241
50 241
65 241
90 241
120 241
122 241
127 241
129 241
130 241
155 241
157 241
158 241
183 241
188 241
196 241
17 242
52 242
105 242
113 242
114 242
117 242
128 242
131 242
137 242
141 242
148 242
163 242
214 242
221 242
225 242
230 242
3 243
5 243
11 243
12 243
16 243
18 243
22 243
25 243
35 243
37 243
40 243
43 243
55 243
67 243
126 243
134 243
173 243
208 243
234 243
14 244
81 244
100 244
103 244
161 244
169 244
184 244
187 244
188 244
205 244
233 244
37 245
63 245
66 245
98 245
107 245
109 245
122 245
131 245
141 245
179 245
189 245
244 245
10 246
17 246
33 246
63 246
83 246
95 246
102 246
149 246
156 246
202 246
213 246
223 246
243 246
23 247
25 247
32 247
55 247
81 247
101 247
104 247
109 247
137 247
153 247
157 247
168 247
182 247
197 247
211 247
216 247
223 247
226 247
235 247
241 247
4 248
6 248
21 248
28 248
32 248
43 248
49 248
60 248
79 248
82 248
99 248
143 248
164 248
194 248
197 248
227 248
233 248
240 248
242 248
4 249
16 249
29 249
60 249
72 249
73 249
74 249
85 249
89 249
91 249
128 249
147 249
153 249
156 249
161 249
189 249
193 249
197 249
211 249
230 249
239 249
12 250
19 250
21 250
25 250
48 250
59 250
62 250
70 250
89 250
94 250
95 250
113 250
117 250
130 250
148 250
172 250
186 250
188 250
191 250
192 250
216 250
232 250
28 251
55 251
61 251
77 251
103 251
120 251
141 251
144 251
150 251
153 251
180 251
181 251
183 251
230 251
233 251
244 251
27 252
29 252
54 252
72 252
83 252
89 252
93 252
115 252
116 252
125 252
146 252
147 252
173 252
181 252
209 252
223 252
230 252
235 252
3 253
9 253
28 253
32 253
44 253
66 253
81 253
111 253
118 253
159 253
161 253
166 253
171 253
199 253
213 253
214 253
247 253
46 254
65 254
76 254
87 254
108 254
131 254
133 254
159 254
163 254
179 254
204 254
205 254
209 254
219 254
105 255
154 255
172 255
200 255
209 255
1 256
8 256
13 256
24 256
26 256
29 256
39 256
51 256
105 256
120 256
129 256
145 256
154 256
155 256
165 256
202 256
205 256
207 256
218 256
3 257
20 257
33 257
44 257
50 257
53 257
55 257
63 257
81 257
82 257
93 257
112 257
120 257
123 257
131 257
136 257
146 257
163 257
171 257
176 257
193 257
194 257
202 257
205 257
214 257
224 257
239 257
250 257
1 258
15 258
32 258
40 258
48 258
73 258
106 258
111 258
132 258
138 258
155 258
190 258
196 258
238 258
242 258
252 258
255 258
0 259
23 259
32 259
36 259
37 259
47 259
49 259
63 259
88 259
118 259
131 259
147 259
160 259
170 259
171 259
172 259
176 259
221 259
222 259
230 259
249 259
252 259
17 260
19 260
71 260
77 260
132 260
138 260
187 260
188 260
201 260
209 260
231 260
235 260
236 260
240 260
245 260
259 260
7 261
31 261
35 261
50 261
116 261
122 261
128 261
135 261
143 261
170 261
175 261
185 261
188 261
221 261
233 261
237 261
259 261
14 262
23 262
60 262
72 262
91 262
119 262
123 262
125 262
151 262
155 262
168 262
180 262
198 262
223 262
224 262
239 262
243 262
248 262
251 262
24 263
42 263
54 263
61 263
65 263
69 263
70 263
81 263
129 263
162 263
173 263
182 263
185 263
189 263
190 263
198 263
201 263
205 263
207 263
215 263
220 263
33 264
37 264
51 264
53 264
62 264
64 264
70 264
74 264
76 264
120 264
129 264
154 264
201 264
213 264
221 264
254 264
263 264
8 265
26 265
36 265
65 265
70 265
74 265
86 265
103 265
124 265
150 265
165 265
193 265
199 265
206 265
217 265
233 265
257 265
7 266
15 266
25 266
27 266
38 266
45 266
65 266
95 266
114 266
121 266
144 266
161 266
162 266
168 266
178 266
184 266
193 266
194 266
197 266
198 266
210 266
225 266
226 266
230 266
257 266
6 267
19 267
26 267
31 267
39 267
56 267
70 267
83 267
87 267
95 267
99 267
113 267
126 267
134 267
149 267
158 267
164 267
183 267
188 267
190 267
230 267
232 267
233 267
240 267
242 267
253 267
257 267
263 267
14 268
53 268
59 268
93 268
104 268
106 268
115 268
118 268
152 268
169 268
172 268
193 268
196 268
211 268
229 268
253 268
259 268
20 269
57 269
59 269
84 269
94 269
111 269
114 269
123 269
124 269
131 269
136 269
142 269
186 269
236 269
244 269
262 269
266 269
267 269
23 270
55 270
67 270
79 270
93 270
105 270
149 270
160 270
163 270
171 270
176 270
222 270
224 270
237 270
248 270
9 271
25 271
72 271
121 271
134 271
178 271
231 271
264 271
11 272
32 272
39 272
48 272
76 272
77 272
103 272
122 272
128 272
135 272
136 272
142 272
155 272
175 272
195 272
211 272
218 272
226 272
238 272
242 272
249 272
255 272
260 272
270 272
46 273
54 273
70 273
91 273
97 273
108 273
134 273
148 273
210 273
221 273
223 273
253 273
4 274
32 274
34 274
76 274
77 274
80 274
81 274
97 274
106 274
111 274
112 274
123 274
127 274
131 274
144 274
156 274
159 274
187 274
197 274
201 274
225 274
239 274
241 274
245 274
255 274
264 274
8 275
12 275
28 275
33 275
39 275
45 275
65 275
69 275
76 275
119 275
123 275
136 275
138 275
166 275
174 275
205 275
214 275
216 275
221 275
222 275
232 275
245 275
251 275
269 275
0 276
8 276
31 276
49 276
54 276
63 276
64 276
82 276
92 276
133 276
137 276
164 276
172 276
173 276
187 276
192 276
214 276
217 276
223 276
239 276
4 277
9 277
23 277
34 277
35 277
37 277
69 277
79 277
100 277
115 277
144 277
181 277
200 277
211 277
214 277
250 277
252 277
263 277
266 277
18 278
26 278
35 278
53 278
69 278
77 278
87 278
99 278
102 278
129 278
135 278
143 278
144 278
152 278
161 278
171 278
181 278
182 278
199 278
205 278
206 278
209 278
226 278
228 278
273 278
5 279
10 279
13 279
21 279
38 279
46 279
51 279
53 279
72 279
76 279
87 279
112 279
123 279
188 279
189 279
191 279
231 279
233 279
268 279
14 280
23 280
33 280
36 280
57 280
72 280
75 280
80 280
85 280
111 280
113 280
119 280
122 280
137 280
140 280
146 280
168 280
181 280
185 280
190 280
191 280
209 280
217 280
229 280
255 280
257 280
260 280
263 280
272 280
0 281
2 281
5 281
21 281
36 281
37 281
45 281
48 281
59 281
61 281
64 281
71 281
89 281
100 281
108 281
149 281
155 281
174 281
180 281
181 281
182 281
192 281
197 281
200 281
204 281
215 281
223 281
226 281
233 281
235 281
243 281
244 281
264 281
265 281
276 281
3 282
22 282
28 282
42 282
46 282
62 282
70 282
77 282
91 282
118 282
131 282
134 282
142 282
219 282
229 282
267 282
37 283
45 283
65 283
69 283
82 283
98 283
127 283
163 283
183 283
184 283
191 283
208 283
235 283
255 283
256 283
267 283
2 284
4 284
9 284
17 284
18 284
21 284
39 284
56 284
107 284
110 284
127 284
133 284
154 284
182 284
186 284
193 284
203 284
252 284
261 284
264 284
274 284
10 285
22 285
24 285
34 285
51 285
60 285
72 285
78 285
82 285
94 285
108 285
112 285
119 285
120 285
136 285
153 285
154 285
194 285
216 285
219 285
270 285
272 285
24 286
65 286
77 286
84 286
99 286
137 286
142 286
156 286
177 286
188 286
198 286
204 286
232 286
236 286
245 286
254 286
270 286
272 286
284 286
6 287
55 287
77 287
80 287
92 287
104 287
127 287
135 287
137 287
138 287
194 287
241 287
256 287
263 287
30 288
35 288
51 288
54 288
61 288
74 288
77 288
87 288
165 288
185 288
191 288
198 288
207 288
225 288
237 288
253 288
272 288
286 288
38 289
57 289
68 289
83 289
89 289
104 289
105 289
110 289
114 289
136 289
139 289
187 289
221 289
230 289
237 289
274 289
285 289
11 290
20 290
25 290
35 290
38 290
77 290
121 290
132 290
145 290
146 290
158 290
167 290
173 290
241 290
247 290
252 290
257 290
261 290
262 290
264 290
266 290
275 290
278 290
284 290
285 290
1 291
24 291
31 291
65 291
85 291
100 291
118 291
129 291
133 291
192 291
203 291
214 291
250 291
254 291
50 292
78 292
98 292
130 292
132 292
142 292
152 292
155 292
168 292
170 292
185 292
187 292
216 292
220 292
227 292
252 292
268 292
270 292
272 292
284 292
11 293
15 293
18 293
19 293
58 293
62 293
91 293
126 293
148 293
160 293
170 293
173 293
183 293
203 293
206 293
213 293
220 293
233 293
263 293
267 293
38 294
51 294
65 294
67 294
72 294
73 294
100 294
139 294
149 294
153 294
169 294
180 294
181 294
186 294
189 294
193 294
197 294
203 294
215 294
222 294
226 294
229 294
233 294
239 294
249 294
251 294
35 295
68 295
99 295
130 295
131 295
165 295
177 295
214 295
239 295
242 295
15 296
20 296
27 296
50 296
55 296
62 296
86 296
114 296
131 296
172 296
184 296
189 296
197 296
199 296
225 296
227 296
234 296
2 297
10 297
11 297
17 297
30 297
47 297
55 297
63 297
77 297
86 297
93 297
101 297
102 297
110 297
112 297
123 297
136 297
141 297
150 297
170 297
201 297
223 297
238 297
242 297
246 297
253 297
266 297
279 297
281 297
289 297
295 297
4 298
46 298
49 298
73 298
75 298
104 298
117 298
121 298
123 298
124 298
127 298
142 298
182 298
250 298
286 298
2 299
5 299
7 299
37 299
56 299
59 299
70 299
89 299
95 299
99 299
112 299
135 299
137 299
176 299
184 299
192 299
207 299
231 299
233 299
269 299
276 299
290 299
294 299
