300 2683 5
9 6 7 6 9 9 6 9 9 8 4 8 10 3 8 9 5 5 4 3 4 8 5 3 2 2 1 3 9 5 10 2 9 2 2 6 9 10 10 9 3 6 1 3 9 5 2 2 8 7 2 7 10 2 10 4 8 7 10 5 2 8 10 3 7 3 7 9 2 8 4 9 1 10 6 7 8 10 4 2 4 10 10 9 8 1 8 3 7 10 8 2 1 9 9 1 8 2 8 8 1 5 6 10 4 3 4 1 8 4 5 3 10 9 9 6 1 3 8 2 7 10 7 9 3 3 10 8 4 4 4 5 1 8 5 1 6 7 3 10 5 1 8 6 6 3 5 8 3 4 2 9 9 1 1 6 10 1 5 10 1 8 6 6 3 5 10 10 3 4 8 3 8 2 10 9 5 2 2 7 3 2 7 4 8 2 10 6 5 6 9 4 3 7 1 7 4 4 8 5 1 10 9 10 2 4 5 4 5 3 9 7 10 1 1 4 5 2 3 5 8 10 4 3 1 10 5 2 8 1 7 3 3 3 1 9 9 8 10 10 9 6 3 3 9 10 7 1 1 2 4 4 3 9 9 3 8 8 9 10 8 9 7 4 2 8 5 3 5 2 1 2 8 9 4 4 9 10 5 1 10 8 7 10 5 9 4 9 1 9 5 7 10 6 8 9 2 8 9 8
3 11
6 13
6 14
6 15
0 19
7 20
6 22
17 26
18 26
12 27
9 29
11 29
3 30
8 30
13 30
8 31
12 31
16 31
26 31
22 32
9 34
17 34
21 34
1 36
20 36
21 37
20 38
22 38
24 38
32 38
17 39
16 40
18 40
25 40
20 41
12 42
12 43
34 43
4 44
15 44
28 44
33 44
0 45
5 45
18 45
27 45
0 46
23 46
39 46
39 47
42 47
9 48
25 48
42 48
23 49
25 49
33 49
40 49
7 50
14 50
37 50
43 50
10 51
12 51
15 51
20 51
2 52
25 52
48 52
0 53
8 53
4 54
11 54
22 54
42 54
22 55
27 55
38 55
33 56
38 56
21 57
29 57
44 57
1 58
8 58
25 58
32 58
51 58
1 59
39 59
37 60
29 61
48 61
21 62
36 62
10 63
26 63
34 63
46 63
50 63
43 64
5 65
18 65
29 65
20 66
25 66
61 66
2 67
4 67
18 67
47 67
1 68
3 68
16 68
57 68
63 68
10 69
16 69
23 69
30 69
56 69
57 69
64 69
9 70
19 70
20 70
30 70
34 70
41 70
44 70
63 70
6 71
12 71
33 71
44 71
48 71
53 71
59 71
3 72
16 72
52 72
63 72
18 73
40 73
58 73
17 74
19 74
33 74
64 74
30 75
55 75
62 75
64 75
25 76
32 76
47 76
52 76
26 77
38 77
56 77
4 78
40 78
74 78
1 79
10 79
43 79
60 79
5 80
42 80
44 80
46 80
63 80
77 80
2 81
5 81
42 81
47 81
69 81
12 82
17 82
22 82
32 82
47 82
56 82
64 82
69 82
28 83
29 83
38 83
47 83
53 83
77 83
2 84
8 84
40 84
68 84
7 85
12 85
14 85
46 85
68 85
2 86
5 86
36 86
39 86
51 86
57 86
65 86
73 86
76 86
22 87
74 87
9 88
33 88
39 88
40 88
61 88
7 89
20 89
40 89
46 89
75 89
80 89
16 90
26 90
52 90
54 90
61 90
72 90
79 90
1 91
7 91
25 91
45 91
56 91
59 91
60 91
64 91
2 92
4 92
14 92
35 92
38 92
70 92
78 92
17 93
51 93
64 93
83 93
84 93
89 93
5 94
19 94
49 94
50 94
70 94
85 94
18 95
31 95
55 95
79 95
87 95
0 96
56 96
13 97
63 97
18 98
21 98
35 98
46 98
49 98
79 98
82 98
10 99
13 99
27 99
47 99
69 99
13 100
18 100
27 100
38 100
53 100
54 100
55 100
64 100
81 100
83 100
87 100
6 101
19 101
20 101
42 101
58 101
86 101
13 102
27 102
31 102
85 102
1 103
4 103
39 103
73 103
79 103
84 103
87 103
4 104
6 104
10 104
22 104
30 104
36 104
42 104
50 104
65 104
42 105
55 105
63 105
67 105
79 105
86 105
10 106
14 106
20 106
25 106
63 106
72 106
86 106
88 106
5 107
33 107
45 107
51 107
57 107
66 107
77 107
5 108
7 108
14 108
29 108
30 108
34 108
38 108
55 108
60 108
67 108
90 108
95 108
10 109
16 109
42 109
67 109
83 109
90 109
99 109
23 110
28 110
45 110
54 110
82 110
85 110
86 110
89 110
95 110
25 111
26 111
29 111
48 111
71 111
87 111
88 111
106 111
10 112
16 112
22 112
63 112
82 112
86 112
4 113
16 113
21 113
38 113
61 113
9 114
28 114
37 114
46 114
44 115
45 115
72 115
86 115
11 116
12 116
17 116
22 116
36 116
44 116
62 116
5 117
19 117
63 117
70 117
19 118
42 118
65 118
88 118
6 119
53 119
67 119
70 119
74 119
79 119
85 119
89 119
93 119
11 120
22 120
47 120
68 120
70 120
73 120
74 120
111 120
12 121
36 121
56 121
58 121
68 121
6 122
8 122
22 122
58 122
66 122
74 122
76 122
92 122
100 122
45 123
56 123
71 123
99 123
100 123
2 124
22 124
34 124
57 124
66 124
71 124
93 124
103 124
35 125
37 125
47 125
55 125
102 125
107 125
48 126
63 126
74 126
105 126
2 127
28 127
42 127
64 127
88 127
109 127
113 127
16 128
62 128
66 128
68 128
86 128
2 129
4 129
5 129
6 129
31 129
35 129
58 129
65 129
70 129
72 129
111 129
6 130
20 130
52 130
53 130
64 130
65 130
75 130
103 130
119 130
3 131
15 131
42 131
58 131
78 131
85 131
101 131
116 131
14 132
18 132
41 132
48 132
51 132
66 132
87 132
6 133
16 133
27 133
78 133
79 133
87 133
93 133
102 133
116 133
120 133
5 134
24 134
52 134
53 134
74 134
7 135
15 135
18 135
21 135
31 135
60 135
124 135
14 136
17 136
19 136
24 136
54 136
88 136
93 136
107 136
116 136
117 136
20 137
25 137
31 137
36 137
119 137
30 138
34 138
40 138
53 138
73 138
81 138
87 138
93 138
7 139
30 139
89 139
92 139
117 139
18 140
21 140
35 140
37 140
61 140
64 140
76 140
90 140
100 140
16 141
18 141
19 141
24 141
37 141
41 141
49 141
50 141
58 141
59 141
64 141
72 141
94 141
98 141
99 141
102 141
127 141
134 141
33 142
55 142
56 142
57 142
77 142
87 142
95 142
110 142
134 142
8 143
11 143
13 143
32 143
33 143
34 143
35 143
48 143
64 143
76 143
92 143
134 143
138 143
25 144
27 144
47 144
58 144
70 144
86 144
90 144
113 144
117 144
138 144
26 145
44 145
46 145
59 145
68 145
81 145
91 145
103 145
131 145
12 146
20 146
53 146
61 146
64 146
94 146
95 146
99 146
132 146
134 146
18 147
22 147
24 147
37 147
80 147
81 147
82 147
100 147
112 147
128 147
132 147
22 148
25 148
27 148
32 148
66 148
69 148
90 148
25 149
48 149
62 149
89 149
107 149
112 149
115 149
145 149
0 150
30 150
33 150
37 150
39 150
71 150
75 150
94 150
110 150
118 150
124 150
42 151
66 151
109 151
131 151
9 152
11 152
30 152
41 152
43 152
67 152
85 152
121 152
134 152
4 153
8 153
11 153
29 153
51 153
54 153
59 153
62 153
79 153
80 153
82 153
83 153
84 153
87 153
88 153
127 153
130 153
142 153
2 154
24 154
45 154
51 154
62 154
75 154
96 154
98 154
128 154
137 154
142 154
17 155
18 155
19 155
38 155
42 155
44 155
71 155
91 155
121 155
123 155
126 155
30 156
81 156
89 156
112 156
118 156
10 157
26 157
34 157
37 157
50 157
60 157
128 157
135 157
146 157
2 158
44 158
62 158
83 158
84 158
88 158
90 158
102 158
121 158
134 158
140 158
15 159
99 159
103 159
118 159
122 159
125 159
8 160
28 160
94 160
127 160
0 161
23 161
47 161
70 161
111 161
134 161
135 161
144 161
6 162
63 162
72 162
97 162
111 162
116 162
140 162
145 162
150 162
8 163
87 163
94 163
144 163
154 163
159 163
4 164
64 164
79 164
81 164
95 164
129 164
135 164
138 164
153 164
18 165
32 165
44 165
51 165
63 165
126 165
129 165
133 165
156 165
30 166
32 166
51 166
58 166
93 166
107 166
129 166
135 166
1 167
41 167
44 167
58 167
68 167
81 167
101 167
125 167
7 168
62 168
63 168
66 168
79 168
104 168
150 168
157 168
11 169
23 169
52 169
74 169
89 169
104 169
105 169
111 169
131 169
138 169
143 169
144 169
153 169
160 169
9 170
17 170
60 170
72 170
78 170
106 170
109 170
111 170
135 170
137 170
7 171
57 171
63 171
85 171
87 171
108 171
114 171
120 171
147 171
7 172
48 172
53 172
64 172
67 172
93 172
110 172
115 172
11 173
37 173
50 173
53 173
61 173
110 173
124 173
145 173
11 174
15 174
37 174
41 174
43 174
61 174
100 174
113 174
123 174
139 174
2 175
11 175
42 175
44 175
45 175
50 175
67 175
69 175
70 175
75 175
99 175
119 175
127 175
141 175
22 176
84 176
94 176
103 176
115 176
134 176
2 177
7 177
19 177
25 177
40 177
43 177
54 177
83 177
84 177
105 177
110 177
140 177
146 177
20 178
28 178
35 178
46 178
52 178
53 178
60 178
73 178
77 178
110 178
116 178
138 178
38 179
42 179
66 179
74 179
80 179
84 179
85 179
91 179
92 179
114 179
116 179
146 179
9 180
59 180
108 180
117 180
1 181
6 181
51 181
83 181
92 181
123 181
133 181
138 181
139 181
155 181
157 181
3 182
17 182
93 182
94 182
116 182
118 182
139 182
145 182
35 183
40 183
42 183
59 183
80 183
88 183
89 183
93 183
98 183
104 183
111 183
159 183
26 184
38 184
47 184
54 184
61 184
64 184
75 184
81 184
91 184
115 184
124 184
155 184
3 185
59 185
80 185
116 185
131 185
145 185
176 185
178 185
179 185
1 186
24 186
29 186
35 186
57 186
68 186
103 186
115 186
130 186
18 187
30 187
42 187
47 187
75 187
80 187
139 187
164 187
166 187
180 187
47 188
83 188
94 188
156 188
9 189
20 189
34 189
45 189
68 189
107 189
116 189
123 189
125 189
126 189
129 189
169 189
17 190
44 190
52 190
78 190
80 190
87 190
121 190
134 190
44 191
49 191
56 191
89 191
131 191
162 191
175 191
178 191
32 192
41 192
83 192
122 192
136 192
160 192
164 192
166 192
177 192
5 193
12 193
24 193
46 193
70 193
121 193
122 193
124 193
131 193
138 193
145 193
152 193
176 193
183 193
2 194
3 194
7 194
13 194
22 194
58 194
120 194
121 194
139 194
140 194
147 194
7 195
104 195
118 195
135 195
146 195
183 195
188 195
1 196
63 196
94 196
126 196
142 196
146 196
158 196
181 196
182 196
4 197
10 197
44 197
52 197
93 197
94 197
135 197
141 197
150 197
172 197
176 197
177 197
186 197
193 197
9 198
38 198
42 198
49 198
53 198
59 198
73 198
87 198
100 198
138 198
3 199
15 199
19 199
40 199
56 199
73 199
95 199
108 199
111 199
123 199
126 199
144 199
145 199
152 199
155 199
185 199
189 199
0 200
7 200
27 200
43 200
47 200
50 200
55 200
71 200
72 200
122 200
126 200
128 200
129 200
148 200
157 200
189 200
192 200
2 201
8 201
24 201
28 201
52 201
85 201
112 201
126 201
131 201
142 201
143 201
186 201
8 202
11 202
15 202
30 202
85 202
90 202
100 202
112 202
124 202
147 202
153 202
167 202
186 202
195 202
11 203
14 203
22 203
54 203
62 203
98 203
121 203
122 203
130 203
132 203
143 203
170 203
17 204
31 204
65 204
73 204
84 204
93 204
94 204
97 204
108 204
110 204
128 204
132 204
146 204
163 204
180 204
181 204
188 204
193 204
203 204
7 205
18 205
27 205
53 205
63 205
75 205
144 205
156 205
203 205
17 206
39 206
76 206
90 206
139 206
151 206
2 207
19 207
33 207
45 207
68 207
97 207
118 207
126 207
134 207
135 207
139 207
173 207
177 207
182 207
184 207
188 207
189 207
0 208
1 208
28 208
52 208
98 208
104 208
125 208
150 208
156 208
187 208
0 209
9 209
26 209
37 209
54 209
59 209
78 209
79 209
92 209
120 209
149 209
165 209
188 209
18 210
31 210
86 210
92 210
114 210
119 210
125 210
129 210
132 210
138 210
146 210
162 210
173 210
180 210
195 210
1 211
5 211
19 211
65 211
85 211
92 211
94 211
96 211
137 211
142 211
157 211
172 211
176 211
191 211
47 212
51 212
79 212
88 212
92 212
99 212
103 212
104 212
107 212
128 212
145 212
203 212
33 213
37 213
38 213
40 213
55 213
61 213
68 213
75 213
80 213
108 213
122 213
139 213
147 213
161 213
174 213
197 213
211 213
15 214
26 214
37 214
51 214
69 214
75 214
85 214
96 214
106 214
107 214
114 214
146 214
153 214
155 214
179 214
187 214
195 214
196 214
23 215
41 215
54 215
93 215
113 215
116 215
118 215
126 215
132 215
181 215
195 215
205 215
2 216
17 216
29 216
32 216
60 216
95 216
117 216
119 216
186 216
1 217
8 217
31 217
38 217
44 217
63 217
66 217
88 217
109 217
134 217
139 217
199 217
206 217
47 218
49 218
52 218
75 218
78 218
84 218
89 218
93 218
130 218
158 218
163 218
169 218
174 218
177 218
203 218
210 218
5 219
8 219
11 219
29 219
39 219
62 219
64 219
70 219
89 219
92 219
96 219
99 219
102 219
107 219
143 219
189 219
198 219
13 220
23 220
34 220
46 220
47 220
52 220
69 220
71 220
89 220
101 220
110 220
150 220
151 220
202 220
2 221
6 221
24 221
25 221
32 221
33 221
56 221
78 221
84 221
98 221
100 221
103 221
110 221
116 221
159 221
210 221
17 222
37 222
52 222
55 222
79 222
92 222
97 222
111 222
115 222
160 222
161 222
176 222
177 222
181 222
185 222
188 222
196 222
200 222
28 223
78 223
85 223
107 223
120 223
122 223
137 223
141 223
146 223
163 223
182 223
9 224
22 224
33 224
41 224
51 224
53 224
61 224
71 224
113 224
123 224
188 224
208 224
37 225
94 225
110 225
112 225
118 225
132 225
169 225
216 225
15 226
24 226
29 226
30 226
34 226
68 226
75 226
104 226
161 226
169 226
178 226
179 226
193 226
196 226
197 226
200 226
209 226
210 226
212 226
220 226
12 227
14 227
25 227
38 227
108 227
129 227
182 227
183 227
14 228
17 228
19 228
21 228
54 228
74 228
82 228
106 228
127 228
146 228
167 228
192 228
200 228
10 229
13 229
33 229
36 229
50 229
51 229
55 229
73 229
81 229
86 229
119 229
141 229
162 229
187 229
194 229
198 229
214 229
216 229
222 229
3 230
7 230
16 230
18 230
43 230
46 230
47 230
57 230
61 230
72 230
74 230
110 230
123 230
124 230
136 230
138 230
144 230
146 230
153 230
154 230
188 230
192 230
204 230
5 231
59 231
64 231
68 231
110 231
124 231
155 231
178 231
203 231
212 231
223 231
37 232
39 232
43 232
48 232
86 232
88 232
95 232
105 232
129 232
131 232
138 232
143 232
149 232
181 232
182 232
184 232
194 232
197 232
212 232
4 233
137 233
145 233
161 233
187 233
212 233
223 233
32 234
40 234
41 234
116 234
120 234
143 234
162 234
180 234
202 234
4 235
22 235
25 235
32 235
33 235
35 235
42 235
49 235
62 235
77 235
116 235
125 235
130 235
131 235
187 235
204 235
14 236
79 236
80 236
85 236
99 236
116 236
127 236
129 236
130 236
158 236
200 236
9 237
40 237
56 237
116 237
124 237
129 237
151 237
168 237
177 237
211 237
216 237
52 238
70 238
80 238
82 238
125 238
143 238
153 238
156 238
173 238
197 238
201 238
217 238
222 238
226 238
233 238
235 238
10 239
17 239
25 239
28 239
47 239
72 239
86 239
115 239
121 239
166 239
195 239
198 239
229 239
7 240
70 240
101 240
151 240
156 240
171 240
184 240
188 240
211 240
212 240
4 241
6 241
21 241
65 241
75 241
78 241
79 241
131 241
139 241
175 241
176 241
184 241
200 241
205 241
9 242
13 242
15 242
16 242
36 242
40 242
50 242
53 242
59 242
65 242
69 242
74 242
83 242
87 242
154 242
177 242
194 242
197 242
210 242
215 242
217 242
219 242
222 242
5 243
25 243
45 243
59 243
74 243
142 243
150 243
177 243
193 243
220 243
221 243
224 243
229 243
230 243
20 244
31 244
32 244
45 244
66 244
71 244
72 244
81 244
84 244
118 244
153 244
155 244
180 244
188 244
193 244
210 244
217 244
221 244
222 244
234 244
2 245
5 245
19 245
22 245
40 245
43 245
47 245
53 245
71 245
112 245
115 245
123 245
141 245
145 245
169 245
179 245
194 245
201 245
44 246
50 246
90 246
124 246
147 246
151 246
179 246
180 246
193 246
222 246
242 246
245 246
21 247
50 247
51 247
56 247
57 247
66 247
70 247
78 247
84 247
162 247
168 247
190 247
202 247
220 247
3 248
52 248
55 248
57 248
88 248
118 248
191 248
200 248
201 248
202 248
204 248
230 248
236 248
5 249
13 249
34 249
36 249
42 249
88 249
118 249
123 249
124 249
147 249
153 249
162 249
189 249
197 249
198 249
206 249
209 249
210 249
215 249
224 249
231 249
35 250
40 250
49 250
65 250
88 250
98 250
127 250
143 250
154 250
166 250
175 250
196 250
202 250
228 250
235 250
4 251
30 251
43 251
54 251
76 251
86 251
106 251
109 251
124 251
157 251
159 251
163 251
191 251
210 251
225 251
226 251
234 251
3 252
13 252
31 252
41 252
43 252
50 252
79 252
86 252
112 252
119 252
187 252
197 252
206 252
233 252
10 253
11 253
12 253
16 253
42 253
91 253
114 253
125 253
126 253
174 253
176 253
231 253
240 253
0 254
23 254
25 254
46 254
80 254
91 254
105 254
118 254
125 254
129 254
145 254
160 254
167 254
204 254
205 254
221 254
237 254
26 255
32 255
33 255
47 255
49 255
87 255
112 255
143 255
181 255
182 255
185 255
191 255
235 255
5 256
17 256
22 256
42 256
43 256
52 256
78 256
111 256
119 256
127 256
164 256
181 256
190 256
193 256
206 256
210 256
213 256
236 256
238 256
254 256
4 257
5 257
10 257
15 257
29 257
38 257
79 257
81 257
121 257
144 257
148 257
151 257
169 257
171 257
181 257
203 257
209 257
210 257
214 257
241 257
23 258
28 258
32 258
56 258
70 258
145 258
148 258
166 258
173 258
201 258
215 258
236 258
237 258
242 258
248 258
255 258
6 259
27 259
44 259
53 259
55 259
56 259
70 259
124 259
150 259
198 259
206 259
207 259
211 259
215 259
225 259
31 260
35 260
56 260
65 260
132 260
137 260
152 260
159 260
171 260
173 260
176 260
192 260
211 260
229 260
235 260
255 260
22 261
44 261
62 261
95 261
118 261
124 261
142 261
150 261
173 261
174 261
183 261
185 261
196 261
203 261
207 261
228 261
250 261
31 262
38 262
49 262
74 262
84 262
88 262
91 262
112 262
127 262
133 262
176 262
202 262
203 262
217 262
232 262
236 262
239 262
16 263
25 263
27 263
31 263
52 263
58 263
69 263
70 263
113 263
122 263
128 263
150 263
155 263
157 263
194 263
216 263
220 263
255 263
4 264
16 264
24 264
46 264
51 264
64 264
65 264
106 264
126 264
137 264
142 264
168 264
201 264
212 264
25 265
38 265
68 265
87 265
98 265
134 265
164 265
168 265
177 265
206 265
224 265
232 265
246 265
18 266
50 266
53 266
55 266
82 266
101 266
102 266
110 266
119 266
133 266
140 266
149 266
168 266
182 266
185 266
190 266
195 266
198 266
217 266
241 266
1 267
2 267
4 267
78 267
82 267
85 267
109 267
113 267
120 267
122 267
157 267
175 267
184 267
193 267
234 267
237 267
241 267
256 267
27 268
70 268
76 268
112 268
127 268
142 268
151 268
158 268
160 268
177 268
182 268
199 268
206 268
217 268
241 268
243 268
253 268
2 269
7 269
10 269
68 269
107 269
142 269
181 269
190 269
220 269
231 269
240 269
262 269
7 270
13 270
22 270
26 270
45 270
47 270
56 270
79 270
81 270
99 270
101 270
119 270
137 270
155 270
207 270
235 270
237 270
254 270
266 270
15 271
16 271
38 271
50 271
62 271
92 271
134 271
150 271
159 271
170 271
202 271
215 271
224 271
226 271
8 272
26 272
38 272
44 272
49 272
70 272
85 272
89 272
100 272
134 272
147 272
152 272
169 272
172 272
175 272
196 272
222 272
242 272
16 273
45 273
54 273
61 273
83 273
84 273
127 273
137 273
138 273
155 273
170 273
184 273
201 273
213 273
215 273
216 273
229 273
231 273
237 273
240 273
247 273
254 273
256 273
43 274
54 274
68 274
77 274
81 274
92 274
128 274
157 274
167 274
188 274
196 274
202 274
219 274
226 274
234 274
250 274
30 275
70 275
77 275
81 275
101 275
117 275
122 275
123 275
134 275
146 275
157 275
177 275
180 275
226 275
249 275
35 276
67 276
71 276
85 276
94 276
97 276
107 276
109 276
128 276
143 276
144 276
180 276
198 276
200 276
206 276
212 276
239 276
247 276
257 276
23 277
50 277
51 277
57 277
70 277
74 277
76 277
77 277
97 277
106 277
131 277
145 277
148 277
176 277
198 277
260 277
263 277
1 278
8 278
12 278
24 278
27 278
38 278
41 278
48 278
64 278
65 278
100 278
116 278
119 278
120 278
126 278
153 278
170 278
197 278
203 278
232 278
233 278
259 278
260 278
9 279
29 279
33 279
63 279
70 279
82 279
115 279
122 279
144 279
149 279
163 279
164 279
166 279
191 279
7 280
28 280
37 280
43 280
85 280
97 280
98 280
106 280
180 280
200 280
206 280
210 280
247 280
48 281
50 281
54 281
98 281
114 281
177 281
185 281
192 281
199 281
213 281
219 281
228 281
229 281
242 281
7 282
13 282
69 282
75 282
76 282
90 282
148 282
165 282
181 282
217 282
240 282
259 282
12 283
31 283
40 283
66 283
72 283
80 283
97 283
113 283
117 283
131 283
135 283
140 283
142 283
163 283
170 283
175 283
224 283
254 283
2 284
3 284
24 284
43 284
48 284
69 284
94 284
103 284
137 284
156 284
163 284
167 284
170 284
175 284
185 284
252 284
256 284
262 284
266 284
20 285
49 285
51 285
72 285
73 285
143 285
145 285
164 285
190 285
229 285
234 285
275 285
3 286
24 286
68 286
71 286
101 286
133 286
139 286
147 286
148 286
152 286
167 286
174 286
176 286
180 286
182 286
185 286
229 286
231 286
278 286
53 287
59 287
95 287
104 287
111 287
113 287
122 287
145 287
186 287
202 287
221 287
245 287
267 287
278 287
16 288
28 288
33 288
70 288
116 288
126 288
150 288
156 288
159 288
161 288
191 288
193 288
195 288
211 288
212 288
226 288
275 288
278 288
10 289
11 289
32 289
84 289
122 289
125 289
129 289
131 289
134 289
165 289
173 289
176 289
179 289
184 289
191 289
212 289
216 289
249 289
0 290
22 290
37 290
61 290
81 290
97 290
105 290
107 290
117 290
244 290
265 290
269 290
270 290
273 290
0 291
11 291
37 291
63 291
66 291
70 291
84 291
107 291
115 291
151 291
154 291
213 291
222 291
236 291
271 291
283 291
2 292
6 292
45 292
48 292
70 292
113 292
137 292
147 292
170 292
171 292
182 292
189 292
193 292
227 292
228 292
231 292
251 292
254 292
277 292
5 293
7 293
21 293
22 293
55 293
87 293
99 293
103 293
132 293
137 293
144 293
156 293
195 293
260 293
264 293
283 293
1 294
16 294
27 294
41 294
53 294
65 294
95 294
102 294
125 294
163 294
167 294
176 294
194 294
203 294
228 294
248 294
270 294
286 294
45 295
60 295
67 295
74 295
106 295
111 295
122 295
127 295
131 295
145 295
152 295
189 295
201 295
204 295
227 295
248 295
260 295
273 295
279 295
3 296
10 296
11 296
34 296
55 296
59 296
72 296
79 296
88 296
97 296
98 296
139 296
142 296
148 296
173 296
205 296
223 296
253 296
262 296
263 296
283 296
43 297
81 297
103 297
106 297
127 297
131 297
147 297
164 297
188 297
192 297
208 297
243 297
249 297
259 297
274 297
287 297
1 298
17 298
20 298
23 298
38 298
45 298
60 298
61 298
75 298
101 298
112 298
124 298
130 298
188 298
198 298
227 298
233 298
238 298
251 298
258 298
280 298
10 299
42 299
50 299
67 299
91 299
116 299
125 299
129 299
142 299
147 299
158 299
181 299
190 299
196 299
200 299
211 299
220 299
227 299
229 299
247 299
283 299
