300 5103 5
1 4 10 1 7 10 5 6 1 5 1 9 6 5 6 2 8 4 6 1 8 2 10 8 3 5 5 3 6 4 7 3 3 6 6 9 1 4 8 8 8 3 5 7 8 5 5 8 4 4 1 1 2 10 3 7 4 10 1 3 3 10 10 10 5 3 1 4 8 6 5 7 5 7 7 7 8 2 7 8 7 3 9 1 6 9 9 2 1 3 7 2 7 3 5 5 5 5 9 4 10 4 8 1 7 10 1 3 7 6 10 7 1 5 4 6 9 1 5 4 6 2 8 7 3 10 7 6 9 4 10 10 5 9 5 7 9 3 7 3 3 4 4 5 1 10 4 9 7 7 2 8 5 2 10 1 9 8 6 1 2 1 1 5 4 1 7 7 9 8 8 6 2 10 4 8 7 5 9 6 3 8 2 8 5 1 1 3 3 10 4 2 6 3 8 4 5 9 6 9 1 1 10 1 8 4 4 8 6 8 2 1 3 6 8 7 9 4 2 4 2 10 8 3 4 1 9 7 5 1 1 6 8 2 7 6 6 5 7 4 6 8 2 2 6 2 8 8 6 7 4 6 8 1 5 8 3 6 3 9 9 7 3 7 7 3 3 10 1 9 9 1 4 6 9 6 6 4 4 1 2 2 8 10 3 9 5 4 5 4 10 7 2 4 10 10 2 1 8 6
0 11
1 12
6 12
7 12
9 12
6 14
7 14
2 15
6 15
8 15
2 16
8 17
4 18
3 19
0 20
1 20
7 20
12 20
14 20
16 20
17 20
6 21
8 21
3 22
5 22
9 22
7 23
5 24
11 24
12 24
16 24
18 24
7 25
10 26
1 28
3 28
9 28
14 28
16 28
1 29
13 29
16 30
5 31
14 31
7 32
14 32
0 33
10 33
30 33
26 34
4 35
8 35
15 35
30 35
32 35
7 36
12 36
25 36
26 36
32 36
5 37
12 37
22 37
23 37
25 38
31 38
5 39
14 39
15 39
16 39
28 39
0 40
2 40
19 40
11 41
31 41
14 42
22 42
28 42
19 43
28 43
4 44
6 44
14 44
21 44
28 44
3 45
6 45
18 45
22 45
26 45
30 45
2 46
3 46
9 46
16 46
21 46
27 46
8 47
10 47
21 47
27 47
1 48
6 48
10 48
11 48
32 48
33 48
44 48
2 49
13 49
25 49
27 49
31 49
6 50
24 50
26 50
33 50
39 50
47 50
18 51
37 51
40 51
46 51
47 51
25 52
28 52
30 52
38 52
39 52
3 53
28 53
38 53
39 53
47 53
7 54
20 54
36 54
40 54
42 54
46 54
2 55
30 55
32 55
34 55
47 55
3 56
4 56
20 56
27 56
45 56
49 56
54 56
8 57
18 57
30 57
36 57
51 57
6 58
8 58
14 58
19 58
20 58
24 58
25 58
28 58
29 58
34 58
35 58
42 58
44 58
49 58
9 59
17 59
18 59
19 59
26 59
29 59
45 59
0 60
4 60
9 60
18 60
22 60
28 60
31 60
54 60
5 61
6 61
8 61
12 61
13 61
22 61
23 61
27 61
33 61
2 62
11 62
22 62
33 62
36 62
39 62
46 62
48 62
10 63
16 63
17 63
18 63
36 63
42 63
46 63
47 63
53 63
35 64
43 64
49 64
50 64
52 64
6 65
19 65
25 65
29 65
47 65
49 65
51 65
10 66
15 66
21 66
28 66
38 66
49 66
57 66
63 66
6 67
16 67
27 67
28 67
30 67
35 67
43 67
49 67
60 67
63 67
14 68
18 68
20 68
29 68
40 68
44 68
58 68
61 68
62 68
9 69
20 69
25 69
34 69
38 69
43 69
51 69
53 69
57 69
7 70
14 70
16 70
18 70
19 70
56 70
59 70
4 71
8 71
13 71
18 71
24 71
26 71
32 71
44 71
48 71
51 71
61 71
62 71
1 72
2 72
41 72
45 72
61 72
32 73
43 73
45 73
56 73
61 73
20 74
24 74
40 74
45 74
51 74
54 74
55 74
58 74
60 74
63 74
0 75
2 75
12 75
23 75
28 75
52 75
60 75
65 75
66 75
32 76
40 76
44 76
53 76
66 76
67 76
0 77
7 77
11 77
15 77
20 77
31 77
38 77
42 77
53 77
58 77
67 77
68 77
20 78
21 78
43 78
47 78
51 78
2 79
3 79
12 79
24 79
33 79
39 79
57 79
65 79
70 79
76 79
11 80
19 80
24 80
28 80
57 80
67 80
68 80
69 80
70 80
75 80
5 81
10 81
19 81
21 81
23 81
63 81
64 81
0 82
1 82
6 82
9 82
18 82
24 82
30 82
48 82
53 82
56 82
8 83
13 83
17 83
18 83
21 83
30 83
17 84
25 84
28 84
29 84
31 84
34 84
37 84
56 84
58 84
65 84
71 84
74 84
2 85
7 85
30 85
37 85
44 85
46 85
49 85
54 85
55 85
78 85
9 86
16 86
17 86
23 86
24 86
28 86
29 86
31 86
40 86
41 86
48 86
50 86
52 86
57 86
1 87
11 87
26 87
34 87
39 87
64 87
77 87
80 87
7 88
25 88
37 88
47 88
50 88
64 88
68 88
81 88
13 89
33 89
39 89
40 89
43 89
46 89
48 89
51 89
59 89
69 89
71 89
84 89
86 89
13 90
17 90
18 90
24 90
26 90
31 90
33 90
37 90
45 90
47 90
51 90
69 90
79 90
82 90
8 91
15 91
16 91
23 91
51 91
3 92
8 92
12 92
28 92
36 92
57 92
58 92
81 92
13 93
29 93
50 93
52 93
58 93
61 93
66 93
70 93
7 94
18 94
19 94
23 94
32 94
35 94
45 94
71 94
83 94
3 95
20 95
30 95
36 95
51 95
53 95
64 95
65 95
73 95
77 95
6 96
7 96
14 96
22 96
24 96
35 96
39 96
42 96
67 96
32 97
37 97
41 97
48 97
56 97
74 97
78 97
86 97
4 98
10 98
13 98
39 98
50 98
51 98
52 98
62 98
73 98
83 98
85 98
86 98
4 99
18 99
19 99
21 99
22 99
27 99
28 99
37 99
46 99
67 99
71 99
81 99
85 99
5 100
21 100
26 100
27 100
32 100
64 100
76 100
86 100
11 101
37 101
43 101
62 101
78 101
79 101
15 102
18 102
73 102
74 102
82 102
4 103
7 103
16 103
29 103
36 103
40 103
44 103
51 103
84 103
85 103
89 103
90 103
95 103
0 104
2 104
8 104
12 104
25 104
26 104
36 104
37 104
38 104
39 104
49 104
52 104
57 104
76 104
84 104
95 104
16 105
28 105
39 105
42 105
51 105
53 105
54 105
56 105
58 105
64 105
79 105
97 105
17 106
42 106
43 106
47 106
49 106
58 106
60 106
62 106
63 106
69 106
78 106
81 106
89 106
90 106
96 106
19 107
20 107
31 107
34 107
35 107
36 107
37 107
51 107
54 107
60 107
75 107
89 107
90 107
96 107
5 108
8 108
16 108
56 108
70 108
71 108
87 108
89 108
91 108
101 108
3 109
16 109
21 109
24 109
34 109
38 109
51 109
57 109
62 109
72 109
3 110
5 110
28 110
30 110
36 110
37 110
47 110
77 110
81 110
85 110
89 110
99 110
100 110
4 111
8 111
16 111
17 111
31 111
65 111
72 111
86 111
87 111
91 111
93 111
99 111
8 112
28 112
69 112
74 112
79 112
82 112
91 112
100 112
19 113
26 113
67 113
69 113
71 113
78 113
90 113
94 113
101 113
5 114
23 114
43 114
49 114
50 114
71 114
72 114
91 114
105 114
106 114
109 114
10 115
28 115
29 115
39 115
86 115
92 115
1 116
6 116
14 116
37 116
38 116
45 116
47 116
49 116
56 116
74 116
77 116
94 116
98 116
101 116
7 117
17 117
40 117
42 117
44 117
56 117
74 117
75 117
76 117
80 117
81 117
101 117
0 118
13 118
14 118
20 118
23 118
24 118
38 118
52 118
71 118
76 118
79 118
108 118
1 119
8 119
10 119
14 119
25 119
30 119
33 119
47 119
53 119
63 119
68 119
77 119
83 119
96 119
1 120
3 120
9 120
26 120
31 120
34 120
42 120
45 120
59 120
72 120
81 120
91 120
106 120
3 121
4 121
5 121
26 121
46 121
50 121
56 121
62 121
66 121
67 121
78 121
82 121
92 121
111 121
20 122
23 122
27 122
31 122
32 122
43 122
59 122
68 122
81 122
88 122
111 122
7 123
12 123
19 123
22 123
48 123
53 123
60 123
67 123
86 123
90 123
109 123
115 123
117 123
8 124
25 124
35 124
48 124
51 124
52 124
58 124
73 124
91 124
99 124
102 124
106 124
107 124
111 124
115 124
0 125
1 125
22 125
23 125
27 125
39 125
52 125
59 125
67 125
68 125
74 125
77 125
90 125
100 125
105 125
115 125
120 125
122 125
13 126
16 126
22 126
32 126
38 126
53 126
56 126
60 126
72 126
75 126
87 126
107 126
121 126
57 127
67 127
72 127
76 127
79 127
89 127
95 127
99 127
105 127
118 127
30 128
33 128
34 128
41 128
44 128
46 128
55 128
60 128
61 128
73 128
111 128
115 128
119 128
13 129
31 129
58 129
59 129
66 129
67 129
71 129
73 129
78 129
83 129
86 129
90 129
99 129
102 129
103 129
106 129
113 129
115 129
3 130
9 130
12 130
23 130
26 130
32 130
35 130
56 130
71 130
73 130
78 130
81 130
117 130
121 130
2 131
30 131
37 131
47 131
53 131
54 131
58 131
74 131
77 131
80 131
83 131
85 131
89 131
107 131
109 131
120 131
13 132
20 132
27 132
28 132
32 132
37 132
51 132
54 132
58 132
62 132
71 132
86 132
103 132
110 132
1 133
14 133
17 133
22 133
29 133
38 133
45 133
48 133
49 133
68 133
73 133
89 133
90 133
110 133
111 133
7 134
8 134
10 134
18 134
26 134
27 134
39 134
47 134
61 134
65 134
66 134
67 134
74 134
75 134
85 134
99 134
122 134
123 134
8 135
28 135
38 135
53 135
61 135
65 135
79 135
98 135
104 135
122 135
129 135
132 135
133 135
0 136
14 136
18 136
45 136
46 136
56 136
68 136
76 136
77 136
78 136
121 136
122 136
8 137
15 137
21 137
24 137
38 137
52 137
57 137
79 137
82 137
85 137
101 137
102 137
105 137
107 137
112 137
115 137
126 137
131 137
132 137
4 138
13 138
18 138
29 138
40 138
52 138
56 138
57 138
63 138
67 138
106 138
114 138
119 138
121 138
124 138
126 138
12 139
25 139
39 139
45 139
46 139
54 139
59 139
64 139
85 139
107 139
118 139
20 140
23 140
33 140
38 140
62 140
69 140
73 140
77 140
109 140
1 141
12 141
15 141
19 141
20 141
46 141
65 141
68 141
69 141
73 141
75 141
85 141
88 141
90 141
111 141
117 141
119 141
124 141
129 141
7 142
16 142
17 142
26 142
28 142
32 142
33 142
37 142
42 142
51 142
60 142
62 142
71 142
73 142
80 142
88 142
92 142
103 142
108 142
23 143
26 143
51 143
82 143
85 143
92 143
114 143
117 143
126 143
129 143
130 143
3 144
8 144
18 144
20 144
34 144
53 144
54 144
71 144
73 144
76 144
78 144
83 144
88 144
95 144
97 144
122 144
138 144
5 145
22 145
64 145
67 145
69 145
70 145
81 145
92 145
99 145
100 145
109 145
115 145
123 145
132 145
137 145
10 146
16 146
31 146
33 146
34 146
61 146
62 146
75 146
84 146
87 146
94 146
98 146
115 146
1 147
4 147
11 147
46 147
72 147
78 147
83 147
86 147
88 147
89 147
91 147
92 147
94 147
108 147
138 147
3 148
5 148
15 148
25 148
26 148
35 148
41 148
53 148
65 148
66 148
70 148
71 148
73 148
76 148
86 148
102 148
108 148
112 148
113 148
131 148
132 148
134 148
136 148
0 149
4 149
9 149
11 149
17 149
18 149
20 149
23 149
25 149
31 149
43 149
57 149
61 149
105 149
110 149
111 149
118 149
124 149
136 149
138 149
139 149
15 150
20 150
30 150
38 150
44 150
51 150
58 150
59 150
63 150
78 150
88 150
93 150
99 150
118 150
128 150
134 150
140 150
146 150
2 151
4 151
33 151
34 151
38 151
56 151
69 151
84 151
87 151
89 151
97 151
100 151
107 151
109 151
111 151
112 151
115 151
116 151
120 151
138 151
144 151
148 151
1 152
9 152
11 152
22 152
31 152
35 152
46 152
55 152
83 152
87 152
92 152
101 152
105 152
120 152
141 152
143 152
145 152
147 152
148 152
13 153
33 153
43 153
48 153
53 153
63 153
68 153
69 153
74 153
86 153
89 153
91 153
92 153
104 153
108 153
111 153
112 153
118 153
121 153
123 153
130 153
145 153
0 154
14 154
15 154
25 154
29 154
50 154
51 154
55 154
58 154
69 154
77 154
79 154
80 154
103 154
108 154
127 154
149 154
20 155
30 155
36 155
62 155
63 155
72 155
76 155
88 155
98 155
111 155
136 155
140 155
145 155
0 156
21 156
24 156
67 156
74 156
86 156
93 156
98 156
109 156
135 156
145 156
148 156
3 157
4 157
6 157
28 157
30 157
37 157
42 157
48 157
55 157
56 157
57 157
64 157
68 157
75 157
85 157
95 157
106 157
127 157
130 157
145 157
1 158
12 158
15 158
22 158
54 158
61 158
62 158
64 158
70 158
74 158
78 158
87 158
93 158
99 158
102 158
103 158
115 158
123 158
128 158
130 158
131 158
133 158
146 158
21 159
23 159
26 159
27 159
47 159
75 159
87 159
94 159
97 159
107 159
114 159
119 159
128 159
141 159
144 159
8 160
17 160
20 160
31 160
34 160
54 160
62 160
77 160
87 160
88 160
104 160
114 160
120 160
122 160
127 160
137 160
153 160
154 160
3 161
4 161
12 161
14 161
25 161
30 161
31 161
41 161
48 161
67 161
70 161
73 161
78 161
111 161
130 161
136 161
141 161
145 161
146 161
158 161
159 161
12 162
17 162
23 162
24 162
36 162
40 162
43 162
53 162
70 162
80 162
96 162
98 162
117 162
123 162
128 162
131 162
138 162
146 162
149 162
0 163
6 163
9 163
36 163
52 163
57 163
58 163
67 163
93 163
96 163
141 163
143 163
2 164
18 164
22 164
29 164
31 164
66 164
76 164
81 164
93 164
99 164
107 164
114 164
122 164
130 164
135 164
142 164
146 164
12 165
26 165
33 165
35 165
37 165
43 165
47 165
63 165
68 165
74 165
90 165
104 165
109 165
110 165
122 165
128 165
144 165
159 165
17 166
18 166
30 166
41 166
43 166
48 166
69 166
70 166
79 166
80 166
85 166
94 166
97 166
120 166
128 166
133 166
137 166
145 166
146 166
0 167
22 167
37 167
46 167
55 167
56 167
63 167
72 167
78 167
93 167
105 167
109 167
114 167
119 167
124 167
135 167
136 167
141 167
144 167
146 167
153 167
155 167
157 167
1 168
3 168
15 168
17 168
33 168
41 168
59 168
70 168
73 168
74 168
75 168
88 168
89 168
95 168
107 168
117 168
120 168
123 168
126 168
132 168
137 168
138 168
146 168
155 168
164 168
32 169
35 169
38 169
39 169
50 169
70 169
76 169
90 169
96 169
97 169
117 169
119 169
120 169
121 169
122 169
130 169
131 169
153 169
154 169
156 169
28 170
37 170
60 170
76 170
77 170
79 170
80 170
92 170
96 170
104 170
112 170
130 170
133 170
144 170
152 170
153 170
154 170
158 170
10 171
23 171
31 171
36 171
40 171
49 171
62 171
70 171
76 171
79 171
84 171
135 171
144 171
148 171
157 171
163 171
164 171
0 172
1 172
4 172
43 172
61 172
79 172
91 172
97 172
126 172
134 172
137 172
150 172
160 172
162 172
163 172
165 172
1 173
17 173
20 173
21 173
35 173
49 173
52 173
54 173
61 173
67 173
73 173
85 173
88 173
91 173
95 173
97 173
100 173
101 173
106 173
118 173
120 173
134 173
139 173
144 173
165 173
0 174
6 174
16 174
44 174
45 174
49 174
60 174
74 174
79 174
87 174
94 174
112 174
122 174
125 174
129 174
130 174
137 174
145 174
155 174
163 174
164 174
166 174
2 175
17 175
18 175
28 175
30 175
40 175
43 175
45 175
50 175
68 175
73 175
90 175
114 175
156 175
157 175
158 175
159 175
165 175
16 176
17 176
19 176
39 176
57 176
61 176
68 176
100 176
119 176
129 176
155 176
157 176
158 176
162 176
10 177
20 177
35 177
39 177
42 177
48 177
53 177
58 177
59 177
61 177
73 177
95 177
109 177
111 177
114 177
130 177
135 177
140 177
145 177
7 178
8 178
14 178
15 178
20 178
31 178
40 178
46 178
47 178
62 178
90 178
125 178
143 178
151 178
159 178
161 178
170 178
172 178
19 179
22 179
59 179
66 179
67 179
76 179
80 179
90 179
100 179
113 179
115 179
136 179
148 179
158 179
7 180
17 180
25 180
39 180
40 180
41 180
44 180
48 180
66 180
70 180
74 180
76 180
83 180
97 180
103 180
113 180
117 180
118 180
127 180
139 180
140 180
157 180
163 180
173 180
174 180
176 180
14 181
15 181
25 181
37 181
40 181
79 181
82 181
89 181
103 181
107 181
124 181
145 181
148 181
159 181
18 182
24 182
25 182
35 182
37 182
53 182
64 182
72 182
76 182
103 182
105 182
106 182
109 182
117 182
123 182
125 182
129 182
137 182
140 182
156 182
163 182
175 182
4 183
5 183
16 183
18 183
25 183
53 183
54 183
57 183
60 183
63 183
75 183
79 183
81 183
87 183
97 183
111 183
112 183
116 183
123 183
129 183
146 183
150 183
152 183
163 183
1 184
8 184
14 184
24 184
28 184
31 184
39 184
43 184
57 184
70 184
97 184
104 184
108 184
110 184
115 184
136 184
147 184
2 185
16 185
26 185
33 185
36 185
43 185
50 185
55 185
60 185
64 185
77 185
86 185
103 185
105 185
108 185
114 185
124 185
127 185
130 185
152 185
162 185
167 185
172 185
174 185
176 185
177 185
4 186
8 186
24 186
31 186
41 186
70 186
71 186
72 186
81 186
117 186
118 186
119 186
120 186
125 186
129 186
138 186
148 186
153 186
160 186
165 186
10 187
16 187
30 187
32 187
33 187
59 187
67 187
69 187
75 187
76 187
92 187
98 187
102 187
112 187
115 187
122 187
131 187
134 187
141 187
147 187
164 187
175 187
5 188
16 188
31 188
53 188
67 188
68 188
83 188
84 188
88 188
96 188
102 188
105 188
106 188
114 188
127 188
131 188
136 188
144 188
162 188
167 188
171 188
184 188
1 189
4 189
10 189
31 189
32 189
41 189
42 189
49 189
68 189
96 189
102 189
108 189
109 189
115 189
122 189
123 189
127 189
131 189
132 189
145 189
153 189
155 189
171 189
185 189
10 190
11 190
12 190
22 190
30 190
32 190
39 190
49 190
58 190
60 190
67 190
88 190
89 190
91 190
102 190
109 190
113 190
114 190
136 190
143 190
150 190
160 190
174 190
7 191
12 191
19 191
39 191
59 191
63 191
65 191
76 191
91 191
94 191
97 191
102 191
105 191
109 191
110 191
111 191
114 191
123 191
127 191
148 191
151 191
159 191
162 191
170 191
171 191
174 191
175 191
176 191
177 191
187 191
38 192
45 192
51 192
55 192
57 192
60 192
68 192
82 192
100 192
103 192
128 192
129 192
134 192
137 192
144 192
152 192
156 192
159 192
171 192
186 192
8 193
26 193
27 193
34 193
38 193
43 193
55 193
67 193
69 193
71 193
74 193
75 193
84 193
103 193
121 193
123 193
131 193
135 193
141 193
142 193
146 193
149 193
155 193
156 193
169 193
170 193
185 193
7 194
9 194
52 194
57 194
60 194
61 194
62 194
64 194
66 194
84 194
85 194
89 194
95 194
102 194
103 194
108 194
123 194
141 194
158 194
163 194
166 194
174 194
178 194
182 194
0 195
20 195
61 195
65 195
86 195
87 195
88 195
89 195
93 195
101 195
104 195
111 195
124 195
154 195
181 195
184 195
186 195
6 196
16 196
26 196
42 196
44 196
46 196
49 196
57 196
64 196
65 196
106 196
110 196
114 196
133 196
134 196
144 196
175 196
187 196
6 197
25 197
29 197
35 197
46 197
58 197
68 197
71 197
85 197
94 197
97 197
102 197
105 197
126 197
133 197
136 197
151 197
155 197
176 197
179 197
39 198
51 198
60 198
69 198
71 198
79 198
83 198
86 198
100 198
104 198
114 198
115 198
118 198
128 198
155 198
158 198
6 199
19 199
21 199
28 199
46 199
54 199
59 199
69 199
75 199
76 199
98 199
135 199
144 199
145 199
155 199
156 199
166 199
173 199
175 199
182 199
194 199
196 199
4 200
6 200
28 200
30 200
39 200
63 200
66 200
95 200
119 200
123 200
133 200
138 200
146 200
149 200
162 200
166 200
169 200
177 200
184 200
195 200
6 201
8 201
27 201
30 201
53 201
60 201
70 201
72 201
83 201
91 201
93 201
106 201
118 201
123 201
128 201
141 201
143 201
153 201
173 201
179 201
184 201
186 201
189 201
11 202
19 202
33 202
46 202
47 202
49 202
50 202
52 202
77 202
78 202
86 202
91 202
127 202
134 202
135 202
136 202
139 202
152 202
166 202
172 202
173 202
176 202
185 202
186 202
192 202
2 203
10 203
19 203
22 203
32 203
42 203
44 203
49 203
53 203
56 203
57 203
69 203
78 203
79 203
85 203
86 203
101 203
110 203
133 203
151 203
156 203
160 203
175 203
184 203
193 203
1 204
4 204
26 204
29 204
30 204
44 204
59 204
64 204
71 204
76 204
91 204
120 204
123 204
124 204
153 204
158 204
171 204
172 204
177 204
179 204
180 204
185 204
188 204
4 205
15 205
32 205
44 205
46 205
47 205
51 205
69 205
80 205
83 205
85 205
91 205
97 205
101 205
104 205
110 205
112 205
114 205
129 205
130 205
136 205
138 205
144 205
147 205
154 205
160 205
168 205
173 205
175 205
179 205
185 205
191 205
0 206
4 206
17 206
40 206
56 206
77 206
80 206
85 206
93 206
102 206
106 206
111 206
113 206
129 206
131 206
144 206
147 206
167 206
168 206
169 206
171 206
176 206
180 206
189 206
193 206
195 206
12 207
16 207
20 207
21 207
24 207
32 207
33 207
38 207
59 207
76 207
77 207
81 207
90 207
94 207
100 207
106 207
126 207
131 207
137 207
155 207
167 207
169 207
183 207
5 208
12 208
13 208
40 208
42 208
53 208
56 208
59 208
69 208
71 208
76 208
101 208
106 208
115 208
116 208
122 208
135 208
139 208
140 208
149 208
154 208
159 208
166 208
169 208
172 208
176 208
182 208
184 208
191 208
0 209
1 209
8 209
18 209
25 209
43 209
44 209
94 209
99 209
103 209
110 209
115 209
120 209
130 209
141 209
153 209
156 209
167 209
174 209
177 209
189 209
0 210
1 210
19 210
22 210
28 210
29 210
30 210
31 210
33 210
37 210
45 210
61 210
69 210
94 210
106 210
121 210
140 210
146 210
154 210
157 210
168 210
173 210
174 210
192 210
3 211
12 211
32 211
40 211
50 211
51 211
53 211
70 211
77 211
81 211
83 211
90 211
95 211
102 211
112 211
116 211
121 211
124 211
140 211
160 211
164 211
171 211
179 211
184 211
9 212
21 212
28 212
44 212
47 212
63 212
69 212
85 212
97 212
108 212
124 212
148 212
150 212
154 212
162 212
163 212
164 212
165 212
184 212
194 212
2 213
5 213
10 213
12 213
17 213
23 213
54 213
59 213
62 213
79 213
81 213
85 213
92 213
95 213
105 213
112 213
113 213
128 213
134 213
136 213
142 213
151 213
155 213
181 213
8 214
12 214
21 214
22 214
26 214
30 214
42 214
64 214
77 214
79 214
81 214
87 214
91 214
144 214
145 214
156 214
171 214
177 214
186 214
200 214
208 214
210 214
4 215
20 215
25 215
30 215
51 215
66 215
71 215
75 215
76 215
92 215
96 215
97 215
100 215
107 215
126 215
131 215
149 215
188 215
191 215
195 215
205 215
206 215
208 215
7 216
13 216
16 216
22 216
29 216
39 216
42 216
60 216
65 216
69 216
82 216
108 216
111 216
128 216
136 216
144 216
147 216
164 216
166 216
172 216
173 216
181 216
182 216
191 216
192 216
18 217
48 217
59 217
63 217
69 217
78 217
83 217
95 217
96 217
99 217
101 217
105 217
142 217
144 217
155 217
159 217
178 217
14 218
30 218
31 218
37 218
45 218
63 218
71 218
79 218
95 218
133 218
163 218
169 218
186 218
190 218
199 218
205 218
206 218
210 218
5 219
8 219
21 219
34 219
44 219
45 219
55 219
62 219
68 219
70 219
82 219
94 219
99 219
106 219
107 219
108 219
116 219
124 219
144 219
152 219
157 219
161 219
175 219
190 219
198 219
213 219
0 220
25 220
48 220
51 220
55 220
67 220
77 220
84 220
92 220
95 220
109 220
143 220
147 220
152 220
168 220
177 220
196 220
2 221
11 221
18 221
19 221
49 221
60 221
74 221
77 221
90 221
103 221
104 221
105 221
107 221
111 221
118 221
120 221
131 221
139 221
145 221
158 221
159 221
160 221
162 221
163 221
181 221
184 221
186 221
192 221
196 221
1 222
2 222
3 222
17 222
26 222
38 222
40 222
47 222
58 222
62 222
67 222
87 222
89 222
106 222
110 222
135 222
145 222
168 222
170 222
175 222
182 222
194 222
196 222
200 222
211 222
22 223
30 223
36 223
41 223
48 223
79 223
84 223
97 223
98 223
103 223
113 223
153 223
156 223
174 223
188 223
203 223
205 223
208 223
217 223
6 224
19 224
20 224
27 224
32 224
43 224
79 224
86 224
91 224
95 224
97 224
99 224
102 224
105 224
117 224
131 224
136 224
145 224
148 224
166 224
181 224
183 224
189 224
203 224
5 225
9 225
14 225
32 225
33 225
35 225
46 225
65 225
68 225
69 225
73 225
75 225
79 225
86 225
99 225
105 225
107 225
113 225
132 225
135 225
139 225
146 225
161 225
171 225
180 225
198 225
203 225
204 225
213 225
218 225
3 226
12 226
17 226
47 226
58 226
66 226
69 226
81 226
96 226
97 226
107 226
124 226
141 226
144 226
145 226
149 226
156 226
164 226
171 226
174 226
189 226
214 226
2 227
7 227
10 227
12 227
16 227
19 227
21 227
32 227
43 227
48 227
59 227
90 227
95 227
103 227
112 227
121 227
123 227
128 227
131 227
146 227
157 227
160 227
164 227
172 227
174 227
179 227
210 227
4 228
20 228
24 228
27 228
38 228
39 228
40 228
47 228
56 228
58 228
61 228
66 228
74 228
96 228
101 228
114 228
140 228
141 228
157 228
159 228
168 228
179 228
195 228
205 228
209 228
0 229
7 229
16 229
17 229
31 229
47 229
48 229
80 229
90 229
94 229
104 229
106 229
120 229
140 229
152 229
191 229
3 230
5 230
13 230
14 230
22 230
34 230
36 230
42 230
46 230
49 230
52 230
72 230
84 230
86 230
89 230
90 230
103 230
112 230
117 230
119 230
134 230
140 230
142 230
155 230
170 230
175 230
183 230
185 230
188 230
190 230
202 230
208 230
9 231
14 231
22 231
32 231
38 231
49 231
55 231
103 231
112 231
120 231
125 231
130 231
135 231
142 231
150 231
157 231
188 231
189 231
198 231
203 231
205 231
216 231
223 231
227 231
0 232
31 232
33 232
34 232
44 232
52 232
79 232
87 232
126 232
129 232
134 232
141 232
144 232
150 232
179 232
186 232
192 232
197 232
216 232
219 232
17 233
19 233
27 233
28 233
32 233
61 233
64 233
67 233
70 233
71 233
72 233
87 233
104 233
110 233
112 233
116 233
123 233
130 233
145 233
148 233
150 233
156 233
164 233
178 233
201 233
206 233
220 233
2 234
16 234
27 234
41 234
59 234
62 234
80 234
90 234
93 234
105 234
111 234
122 234
133 234
134 234
140 234
144 234
150 234
151 234
161 234
164 234
192 234
195 234
200 234
205 234
216 234
222 234
227 234
23 235
26 235
37 235
40 235
44 235
52 235
54 235
58 235
70 235
82 235
86 235
88 235
94 235
107 235
109 235
115 235
124 235
157 235
176 235
178 235
187 235
188 235
197 235
210 235
217 235
24 236
27 236
28 236
33 236
36 236
37 236
38 236
40 236
46 236
50 236
51 236
62 236
68 236
73 236
84 236
85 236
88 236
92 236
96 236
108 236
109 236
112 236
116 236
138 236
139 236
142 236
148 236
157 236
165 236
167 236
177 236
182 236
193 236
201 236
215 236
217 236
229 236
0 237
12 237
14 237
31 237
50 237
54 237
56 237
62 237
78 237
79 237
103 237
122 237
123 237
129 237
138 237
147 237
156 237
162 237
166 237
188 237
191 237
198 237
207 237
223 237
15 238
32 238
34 238
50 238
57 238
64 238
65 238
70 238
81 238
84 238
86 238
95 238
97 238
100 238
104 238
106 238
117 238
123 238
138 238
161 238
163 238
167 238
174 238
176 238
177 238
181 238
184 238
192 238
196 238
200 238
203 238
206 238
213 238
219 238
221 238
234 238
0 239
7 239
12 239
17 239
25 239
38 239
49 239
51 239
61 239
65 239
72 239
81 239
88 239
95 239
97 239
106 239
126 239
128 239
133 239
142 239
149 239
174 239
183 239
191 239
195 239
219 239
232 239
237 239
2 240
4 240
11 240
12 240
15 240
23 240
31 240
33 240
34 240
38 240
47 240
55 240
77 240
89 240
92 240
120 240
121 240
130 240
132 240
145 240
149 240
150 240
155 240
156 240
161 240
163 240
166 240
173 240
183 240
202 240
207 240
217 240
227 240
231 240
17 241
19 241
22 241
24 241
27 241
33 241
36 241
46 241
48 241
73 241
81 241
85 241
94 241
99 241
111 241
120 241
123 241
126 241
136 241
154 241
155 241
163 241
164 241
169 241
179 241
198 241
199 241
206 241
208 241
209 241
219 241
223 241
233 241
236 241
4 242
16 242
23 242
37 242
67 242
73 242
77 242
115 242
123 242
124 242
156 242
157 242
160 242
161 242
171 242
217 242
235 242
5 243
20 243
21 243
39 243
64 243
77 243
92 243
103 243
116 243
118 243
126 243
131 243
132 243
136 243
145 243
150 243
157 243
170 243
178 243
183 243
193 243
196 243
201 243
206 243
228 243
237 243
18 244
42 244
48 244
76 244
83 244
84 244
89 244
95 244
110 244
113 244
127 244
140 244
153 244
161 244
166 244
167 244
169 244
184 244
189 244
196 244
198 244
202 244
203 244
227 244
233 244
0 245
5 245
9 245
13 245
32 245
45 245
55 245
57 245
73 245
76 245
78 245
105 245
114 245
123 245
126 245
133 245
136 245
139 245
140 245
149 245
161 245
162 245
170 245
190 245
194 245
209 245
231 245
234 245
21 246
30 246
44 246
55 246
68 246
76 246
85 246
88 246
90 246
93 246
99 246
110 246
119 246
133 246
139 246
160 246
180 246
183 246
196 246
201 246
203 246
204 246
215 246
216 246
217 246
2 247
7 247
8 247
22 247
35 247
39 247
42 247
56 247
58 247
71 247
77 247
79 247
86 247
90 247
94 247
104 247
106 247
108 247
128 247
162 247
177 247
178 247
184 247
189 247
218 247
219 247
226 247
229 247
241 247
4 248
17 248
27 248
54 248
75 248
76 248
82 248
85 248
89 248
98 248
99 248
104 248
113 248
116 248
132 248
139 248
146 248
156 248
165 248
170 248
171 248
174 248
175 248
178 248
206 248
209 248
211 248
223 248
235 248
240 248
1 249
3 249
6 249
7 249
10 249
11 249
12 249
18 249
22 249
35 249
36 249
43 249
49 249
51 249
56 249
64 249
85 249
93 249
105 249
107 249
110 249
136 249
139 249
140 249
155 249
157 249
161 249
166 249
175 249
180 249
188 249
192 249
197 249
198 249
201 249
222 249
223 249
225 249
243 249
8 250
15 250
22 250
29 250
33 250
34 250
35 250
44 250
46 250
56 250
60 250
74 250
77 250
79 250
91 250
104 250
105 250
108 250
118 250
123 250
144 250
145 250
149 250
174 250
179 250
187 250
194 250
201 250
208 250
211 250
213 250
216 250
218 250
220 250
226 250
235 250
240 250
1 251
12 251
15 251
25 251
27 251
36 251
47 251
57 251
58 251
65 251
78 251
81 251
82 251
84 251
85 251
88 251
96 251
100 251
130 251
134 251
137 251
144 251
148 251
154 251
173 251
177 251
185 251
200 251
201 251
211 251
215 251
223 251
228 251
240 251
2 252
4 252
17 252
18 252
29 252
30 252
32 252
45 252
49 252
52 252
53 252
58 252
60 252
64 252
67 252
81 252
83 252
93 252
103 252
104 252
112 252
114 252
137 252
146 252
149 252
153 252
155 252
158 252
160 252
164 252
184 252
188 252
190 252
202 252
208 252
213 252
219 252
220 252
222 252
235 252
241 252
0 253
1 253
15 253
17 253
19 253
20 253
22 253
27 253
38 253
65 253
74 253
88 253
90 253
93 253
99 253
131 253
143 253
149 253
150 253
153 253
155 253
172 253
181 253
184 253
188 253
193 253
194 253
200 253
208 253
218 253
232 253
239 253
241 253
242 253
12 254
14 254
31 254
35 254
40 254
43 254
44 254
46 254
67 254
70 254
75 254
89 254
104 254
106 254
112 254
131 254
134 254
138 254
143 254
146 254
152 254
157 254
180 254
200 254
203 254
234 254
236 254
241 254
249 254
6 255
19 255
53 255
59 255
72 255
73 255
78 255
98 255
103 255
114 255
158 255
178 255
179 255
180 255
186 255
206 255
208 255
216 255
246 255
2 256
6 256
7 256
30 256
36 256
38 256
42 256
48 256
57 256
82 256
83 256
84 256
105 256
108 256
115 256
125 256
127 256
133 256
139 256
149 256
164 256
173 256
184 256
185 256
190 256
196 256
206 256
208 256
220 256
224 256
226 256
234 256
239 256
253 256
13 257
17 257
32 257
37 257
63 257
64 257
67 257
84 257
87 257
89 257
98 257
99 257
107 257
114 257
117 257
140 257
143 257
165 257
176 257
178 257
202 257
222 257
224 257
248 257
249 257
251 257
13 258
33 258
35 258
38 258
51 258
52 258
57 258
82 258
84 258
85 258
86 258
87 258
96 258
100 258
109 258
115 258
119 258
129 258
134 258
141 258
144 258
151 258
158 258
160 258
176 258
195 258
200 258
211 258
232 258
237 258
246 258
1 259
5 259
13 259
19 259
21 259
44 259
50 259
59 259
79 259
82 259
83 259
97 259
100 259
107 259
121 259
126 259
137 259
150 259
151 259
153 259
154 259
162 259
167 259
179 259
193 259
199 259
202 259
205 259
208 259
220 259
229 259
240 259
0 260
1 260
12 260
15 260
18 260
26 260
42 260
57 260
62 260
70 260
73 260
76 260
82 260
101 260
111 260
113 260
116 260
126 260
140 260
142 260
152 260
158 260
159 260
160 260
181 260
182 260
190 260
211 260
235 260
241 260
252 260
1 261
4 261
15 261
30 261
40 261
42 261
51 261
54 261
81 261
86 261
90 261
93 261
100 261
103 261
107 261
119 261
122 261
128 261
133 261
144 261
148 261
166 261
176 261
198 261
206 261
208 261
217 261
218 261
237 261
247 261
1 262
3 262
18 262
21 262
29 262
31 262
57 262
80 262
81 262
88 262
95 262
96 262
100 262
101 262
104 262
107 262
108 262
115 262
127 262
128 262
129 262
131 262
135 262
136 262
150 262
154 262
177 262
184 262
196 262
215 262
217 262
230 262
231 262
237 262
242 262
244 262
251 262
18 263
29 263
49 263
58 263
59 263
67 263
76 263
84 263
87 263
99 263
100 263
132 263
134 263
150 263
163 263
189 263
201 263
203 263
212 263
214 263
217 263
225 263
228 263
237 263
244 263
253 263
1 264
5 264
9 264
10 264
23 264
31 264
41 264
58 264
73 264
101 264
106 264
121 264
139 264
142 264
143 264
145 264
148 264
166 264
175 264
177 264
187 264
193 264
194 264
207 264
208 264
244 264
255 264
259 264
260 264
4 265
12 265
21 265
31 265
45 265
47 265
49 265
52 265
65 265
72 265
96 265
102 265
111 265
112 265
126 265
130 265
145 265
158 265
177 265
181 265
184 265
195 265
199 265
211 265
12 266
21 266
27 266
40 266
42 266
49 266
59 266
61 266
67 266
87 266
110 266
121 266
129 266
135 266
143 266
162 266
164 266
169 266
172 266
174 266
175 266
185 266
190 266
194 266
208 266
242 266
253 266
258 266
0 267
12 267
15 267
17 267
18 267
21 267
27 267
39 267
42 267
43 267
50 267
57 267
67 267
68 267
77 267
96 267
100 267
113 267
115 267
117 267
126 267
130 267
145 267
149 267
153 267
154 267
158 267
164 267
167 267
185 267
190 267
208 267
209 267
220 267
227 267
228 267
239 267
246 267
255 267
13 268
19 268
21 268
32 268
34 268
42 268
45 268
49 268
54 268
66 268
71 268
85 268
89 268
92 268
100 268
108 268
110 268
113 268
127 268
130 268
133 268
143 268
155 268
174 268
176 268
198 268
207 268
208 268
213 268
227 268
228 268
242 268
248 268
251 268
8 269
16 269
17 269
32 269
46 269
49 269
52 269
59 269
60 269
61 269
65 269
93 269
95 269
101 269
122 269
126 269
129 269
132 269
138 269
144 269
146 269
153 269
162 269
174 269
177 269
179 269
183 269
189 269
202 269
204 269
209 269
216 269
217 269
221 269
230 269
259 269
1 270
2 270
21 270
27 270
29 270
32 270
33 270
55 270
74 270
85 270
90 270
99 270
106 270
107 270
115 270
117 270
124 270
130 270
144 270
150 270
156 270
164 270
181 270
194 270
204 270
209 270
223 270
229 270
231 270
239 270
256 270
0 271
1 271
5 271
13 271
33 271
38 271
43 271
46 271
61 271
86 271
92 271
94 271
96 271
101 271
110 271
121 271
146 271
156 271
163 271
164 271
176 271
180 271
183 271
187 271
194 271
204 271
206 271
207 271
211 271
216 271
225 271
238 271
249 271
259 271
38 272
39 272
40 272
43 272
54 272
66 272
69 272
78 272
80 272
82 272
84 272
87 272
88 272
91 272
104 272
110 272
119 272
120 272
125 272
126 272
130 272
135 272
145 272
150 272
159 272
160 272
164 272
166 272
191 272
196 272
199 272
205 272
211 272
212 272
228 272
229 272
233 272
243 272
260 272
1 273
2 273
12 273
17 273
19 273
20 273
35 273
36 273
37 273
40 273
49 273
68 273
70 273
79 273
89 273
91 273
92 273
98 273
101 273
104 273
107 273
108 273
116 273
121 273
153 273
161 273
167 273
172 273
173 273
190 273
191 273
192 273
199 273
204 273
221 273
224 273
251 273
252 273
258 273
6 274
13 274
21 274
30 274
31 274
38 274
71 274
78 274
79 274
83 274
84 274
85 274
91 274
97 274
100 274
105 274
106 274
115 274
116 274
117 274
130 274
132 274
133 274
148 274
199 274
203 274
209 274
210 274
217 274
223 274
226 274
229 274
232 274
244 274
1 275
28 275
32 275
35 275
36 275
42 275
45 275
60 275
63 275
71 275
73 275
79 275
86 275
89 275
100 275
104 275
105 275
108 275
110 275
115 275
117 275
123 275
126 275
130 275
132 275
143 275
147 275
152 275
153 275
155 275
173 275
179 275
186 275
190 275
194 275
197 275
217 275
227 275
229 275
232 275
246 275
247 275
250 275
251 275
258 275
260 275
4 276
7 276
8 276
13 276
14 276
22 276
24 276
46 276
48 276
62 276
63 276
98 276
140 276
148 276
152 276
157 276
162 276
165 276
169 276
170 276
218 276
239 276
248 276
7 277
25 277
35 277
37 277
38 277
41 277
52 277
62 277
67 277
73 277
74 277
77 277
83 277
90 277
102 277
103 277
124 277
127 277
129 277
130 277
144 277
151 277
153 277
160 277
202 277
208 277
214 277
222 277
232 277
17 278
46 278
61 278
63 278
64 278
65 278
70 278
85 278
90 278
92 278
105 278
113 278
120 278
128 278
138 278
143 278
152 278
159 278
168 278
185 278
186 278
189 278
193 278
196 278
208 278
214 278
226 278
233 278
259 278
262 278
264 278
269 278
10 279
25 279
27 279
45 279
68 279
73 279
88 279
99 279
115 279
121 279
124 279
130 279
133 279
149 279
159 279
162 279
163 279
187 279
205 279
206 279
209 279
215 279
216 279
221 279
222 279
228 279
233 279
249 279
252 279
254 279
265 279
268 279
275 279
4 280
6 280
11 280
19 280
35 280
43 280
52 280
66 280
74 280
77 280
79 280
80 280
90 280
93 280
103 280
125 280
135 280
140 280
141 280
147 280
185 280
191 280
196 280
214 280
242 280
249 280
4 281
6 281
9 281
18 281
21 281
25 281
31 281
32 281
39 281
52 281
56 281
62 281
63 281
68 281
73 281
87 281
90 281
97 281
98 281
100 281
105 281
130 281
143 281
145 281
155 281
170 281
172 281
179 281
185 281
198 281
199 281
200 281
214 281
263 281
270 281
0 282
6 282
8 282
11 282
13 282
20 282
22 282
32 282
75 282
78 282
85 282
96 282
110 282
111 282
114 282
132 282
136 282
139 282
151 282
172 282
191 282
192 282
193 282
214 282
233 282
237 282
256 282
259 282
269 282
273 282
6 283
17 283
18 283
28 283
30 283
31 283
44 283
49 283
62 283
74 283
105 283
108 283
126 283
129 283
130 283
131 283
143 283
158 283
167 283
184 283
185 283
211 283
214 283
216 283
223 283
263 283
267 283
270 283
273 283
13 284
19 284
25 284
34 284
36 284
40 284
42 284
47 284
57 284
62 284
67 284
73 284
79 284
81 284
83 284
86 284
87 284
88 284
89 284
91 284
106 284
114 284
123 284
162 284
163 284
172 284
183 284
189 284
208 284
220 284
241 284
243 284
249 284
250 284
251 284
255 284
9 285
11 285
36 285
39 285
46 285
81 285
83 285
86 285
107 285
111 285
118 285
124 285
157 285
169 285
172 285
216 285
223 285
226 285
234 285
240 285
250 285
252 285
260 285
269 285
271 285
273 285
7 286
11 286
15 286
19 286
24 286
28 286
53 286
58 286
61 286
66 286
71 286
74 286
79 286
85 286
101 286
108 286
111 286
119 286
124 286
133 286
151 286
164 286
168 286
169 286
173 286
177 286
180 286
191 286
204 286
206 286
208 286
210 286
223 286
224 286
253 286
259 286
280 286
14 287
19 287
36 287
38 287
43 287
56 287
58 287
59 287
62 287
63 287
69 287
98 287
102 287
111 287
119 287
151 287
163 287
169 287
172 287
173 287
184 287
185 287
188 287
209 287
211 287
216 287
220 287
235 287
271 287
280 287
1 288
26 288
27 288
30 288
35 288
36 288
40 288
52 288
56 288
60 288
69 288
73 288
74 288
77 288
89 288
103 288
104 288
113 288
126 288
137 288
138 288
142 288
144 288
149 288
150 288
156 288
158 288
172 288
173 288
198 288
204 288
208 288
219 288
242 288
243 288
255 288
263 288
279 288
1 289
15 289
17 289
27 289
29 289
39 289
46 289
47 289
56 289
84 289
103 289
120 289
124 289
126 289
130 289
134 289
135 289
138 289
140 289
142 289
150 289
155 289
179 289
182 289
184 289
190 289
194 289
195 289
200 289
206 289
211 289
212 289
214 289
223 289
230 289
233 289
246 289
268 289
271 289
6 290
12 290
14 290
27 290
40 290
45 290
50 290
54 290
92 290
99 290
106 290
109 290
129 290
135 290
140 290
144 290
152 290
154 290
177 290
193 290
199 290
210 290
215 290
220 290
225 290
231 290
240 290
245 290
253 290
255 290
277 290
8 291
24 291
34 291
36 291
39 291
65 291
66 291
71 291
82 291
83 291
84 291
97 291
107 291
115 291
117 291
120 291
121 291
131 291
148 291
165 291
182 291
200 291
203 291
205 291
213 291
218 291
233 291
237 291
240 291
241 291
246 291
263 291
265 291
268 291
277 291
10 292
11 292
14 292
25 292
26 292
34 292
40 292
59 292
60 292
64 292
73 292
93 292
96 292
110 292
113 292
119 292
122 292
160 292
161 292
162 292
167 292
172 292
177 292
191 292
207 292
211 292
218 292
219 292
227 292
233 292
236 292
249 292
265 292
272 292
273 292
275 292
1 293
29 293
31 293
42 293
48 293
55 293
69 293
78 293
96 293
98 293
105 293
106 293
109 293
129 293
132 293
133 293
134 293
136 293
137 293
141 293
143 293
151 293
165 293
190 293
198 293
205 293
212 293
221 293
254 293
271 293
284 293
11 294
16 294
22 294
32 294
42 294
49 294
54 294
67 294
68 294
71 294
76 294
78 294
81 294
83 294
86 294
101 294
106 294
109 294
120 294
123 294
126 294
128 294
139 294
157 294
169 294
182 294
190 294
192 294
196 294
202 294
216 294
219 294
231 294
243 294
245 294
253 294
264 294
267 294
283 294
5 295
15 295
35 295
42 295
46 295
59 295
91 295
92 295
101 295
102 295
124 295
126 295
136 295
139 295
143 295
150 295
151 295
180 295
188 295
191 295
208 295
210 295
212 295
216 295
218 295
234 295
252 295
254 295
262 295
267 295
269 295
272 295
26 296
34 296
41 296
48 296
49 296
52 296
56 296
59 296
60 296
61 296
64 296
75 296
76 296
94 296
99 296
109 296
115 296
116 296
129 296
130 296
132 296
140 296
156 296
158 296
160 296
162 296
167 296
171 296
184 296
191 296
195 296
196 296
198 296
208 296
218 296
221 296
230 296
231 296
233 296
241 296
242 296
244 296
246 296
252 296
259 296
269 296
11 297
23 297
25 297
36 297
40 297
43 297
46 297
53 297
56 297
79 297
80 297
103 297
104 297
107 297
109 297
119 297
127 297
147 297
159 297
171 297
178 297
180 297
188 297
194 297
212 297
241 297
269 297
272 297
15 298
17 298
23 298
31 298
40 298
44 298
49 298
56 298
59 298
73 298
97 298
102 298
116 298
124 298
130 298
148 298
152 298
153 298
154 298
155 298
156 298
182 298
184 298
189 298
191 298
202 298
218 298
245 298
272 298
273 298
1 299
19 299
24 299
26 299
37 299
38 299
42 299
44 299
46 299
49 299
69 299
77 299
101 299
131 299
132 299
133 299
141 299
146 299
149 299
150 299
156 299
170 299
176 299
178 299
179 299
182 299
191 299
194 299
206 299
208 299
227 299
233 299
239 299
240 299
255 299
