300 3556 5
2 4 2 4 7 5 10 9 3 9 4 4 4 2 5 8 10 9 3 5 9 9 2 1 8 2 6 3 4 9 1 9 6 8 8 5 8 5 2 2 1 7 7 9 2 1 2 10 7 7 5 2 8 3 4 8 6 7 6 6 8 1 10 8 9 8 8 7 6 5 1 7 2 5 2 3 8 8 8 1 8 5 9 8 9 2 4 7 8 4 2 3 1 4 3 2 8 2 5 7 4 4 4 1 8 3 4 10 2 1 8 4 1 2 1 1 8 5 8 10 1 8 4 5 8 9 1 10 1 9 8 2 8 5 1 10 10 6 4 5 8 5 8 5 4 9 9 10 9 9 7 2 4 8 4 3 9 1 1 7 3 8 8 4 10 9 1 6 7 1 8 7 4 10 1 8 3 7 8 5 3 10 4 10 4 5 2 1 7 7 6 6 2 1 7 2 10 7 10 10 1 6 6 1 6 9 3 9 1 10 4 3 10 8 7 3 1 9 7 4 3 10 6 8 5 7 6 5 3 6 2 7 10 7 10 4 4 8 1 7 9 5 7 7 10 7 8 7 9 10 4 8 1 2 8 6 1 10 5 9 9 6 6 9 5 6 2 9 8 8 3 6 2 5 1 2 5 10 9 6 3 8 9 6 7 10 1 1 6 2 3 8 3 3 6 1 6 3 3 5
6 8
2 9
6 13
0 18
6 18
0 19
2 21
12 21
14 21
4 22
11 22
12 22
14 22
2 23
12 23
14 23
18 23
10 26
13 27
17 27
19 27
0 28
18 28
5 31
8 31
20 31
1 32
10 32
2 34
14 34
29 34
0 35
2 35
15 35
17 35
0 36
11 36
14 36
21 36
2 37
3 37
11 37
25 37
15 38
18 39
7 40
8 40
19 40
28 40
26 41
27 41
30 41
1 42
7 42
19 42
27 42
2 43
4 43
19 43
41 43
10 44
16 44
17 44
34 44
0 45
3 45
4 45
12 45
23 45
31 45
33 45
3 46
10 46
22 46
0 47
20 47
30 47
33 47
34 47
35 47
9 48
33 48
22 49
28 49
35 49
38 49
1 50
34 50
17 51
29 51
30 51
35 51
37 51
0 52
10 52
29 52
43 52
45 52
23 53
40 53
43 53
3 54
12 54
23 54
32 54
17 55
19 55
31 55
20 56
38 56
43 56
2 57
22 57
37 57
49 57
53 57
4 58
20 58
52 58
55 58
3 59
16 59
21 59
22 59
46 59
49 59
17 60
42 60
4 61
36 61
37 61
46 61
5 62
12 62
19 62
22 62
30 62
43 62
48 62
14 63
29 63
39 63
42 63
5 64
19 64
22 64
27 64
41 64
48 64
52 64
53 64
5 65
21 65
35 65
55 65
9 66
13 66
15 66
19 66
20 66
21 66
39 66
44 66
16 67
37 67
53 67
0 68
42 68
0 69
5 69
10 69
17 69
18 69
23 69
27 69
59 69
14 70
17 70
28 70
35 70
38 70
57 70
2 71
17 71
40 71
53 71
5 72
14 72
37 72
59 72
60 72
65 72
0 73
15 73
20 73
36 73
43 73
50 73
55 73
0 74
1 74
2 74
10 74
12 74
37 74
38 74
41 74
52 74
61 74
2 75
23 75
31 75
41 75
47 75
15 76
16 76
21 76
34 76
46 76
49 76
55 76
62 76
35 77
61 77
67 77
14 78
17 78
22 78
23 78
32 78
54 78
63 78
65 78
23 79
56 79
76 79
6 80
14 80
44 80
62 80
77 80
4 81
5 81
32 81
35 81
43 81
52 81
63 81
69 81
71 81
73 81
3 82
6 82
35 82
42 82
43 82
44 82
69 82
1 83
18 83
23 83
26 83
29 83
54 83
59 83
0 84
3 84
18 84
25 84
28 84
29 84
55 84
0 85
5 85
22 85
41 85
48 85
59 86
76 86
5 87
7 87
9 87
10 87
20 87
29 87
43 87
50 87
52 87
11 88
13 88
14 88
56 88
78 88
79 88
4 89
17 89
21 89
54 89
69 89
71 89
77 89
24 90
37 90
41 90
56 90
63 90
76 90
78 90
1 91
22 91
62 91
7 92
9 92
29 92
31 92
33 92
40 92
50 92
60 92
73 92
16 93
30 93
35 93
48 93
68 93
87 93
13 94
38 94
39 94
45 94
52 94
59 94
68 94
7 95
15 95
18 95
27 95
51 95
56 95
61 95
67 95
76 95
82 95
84 95
15 96
28 96
44 96
70 96
71 96
78 96
88 96
11 97
12 97
41 97
52 97
54 97
56 97
65 97
85 97
88 97
0 98
11 98
23 98
79 98
84 98
90 98
92 98
15 99
18 99
31 99
39 99
46 99
48 99
51 99
65 99
68 99
73 99
74 99
7 100
22 100
31 100
55 100
56 100
62 100
78 100
11 101
13 101
17 101
31 101
37 101
40 101
44 101
45 101
49 101
64 101
66 101
70 101
4 102
33 102
49 102
60 102
62 102
89 102
94 102
3 103
24 103
42 103
46 103
57 103
66 103
6 104
8 104
18 104
46 104
51 104
69 104
70 104
76 104
1 105
3 105
17 105
34 105
42 105
63 105
67 105
76 105
91 105
14 106
15 106
20 106
21 106
29 106
34 106
38 106
39 106
40 106
48 106
52 106
65 106
96 106
7 107
33 107
36 107
37 107
40 107
42 107
49 107
2 108
7 108
12 108
46 108
58 108
62 108
82 108
87 108
21 109
26 109
37 109
44 109
53 109
66 109
70 109
76 109
1 110
8 110
14 110
16 110
23 110
32 110
33 110
37 110
39 110
45 110
46 110
92 110
97 110
109 110
9 111
27 111
29 111
62 111
75 111
76 111
81 111
90 111
2 112
3 112
61 112
73 112
87 112
3 113
9 113
20 113
32 113
51 113
53 113
59 113
86 113
90 113
93 113
98 113
15 114
30 114
72 114
91 114
15 115
38 115
45 115
54 115
56 115
63 115
69 115
80 115
90 115
106 115
8 116
11 116
36 116
37 116
58 116
64 116
71 116
82 116
97 116
0 117
9 117
15 117
24 117
46 117
48 117
59 117
91 117
0 118
17 118
25 118
31 118
76 118
5 119
26 119
30 119
31 119
36 119
37 119
56 119
58 119
62 119
66 119
69 119
6 120
18 120
23 120
81 120
88 120
94 120
98 120
101 120
4 121
9 121
14 121
36 121
51 121
61 121
65 121
74 121
89 121
94 121
105 121
0 122
6 122
14 122
15 122
16 122
65 122
69 122
71 122
81 122
106 122
116 122
10 123
17 123
25 123
36 123
37 123
44 123
46 123
74 123
82 123
93 123
108 123
114 123
116 123
6 124
23 124
41 124
44 124
50 124
88 124
116 124
5 125
8 125
29 125
38 125
40 125
61 125
68 125
79 125
94 125
109 125
115 125
4 126
22 126
34 126
51 126
52 126
63 126
75 126
86 126
88 126
93 126
104 126
110 126
113 126
13 127
16 127
22 127
43 127
50 127
51 127
68 127
83 127
92 127
97 127
110 127
111 127
1 128
2 128
9 128
45 128
56 128
73 128
87 128
114 128
116 128
24 129
30 129
44 129
47 129
68 129
78 129
85 129
93 129
96 129
120 129
122 129
2 130
13 130
24 130
28 130
43 130
62 130
64 130
79 130
80 130
84 130
88 130
100 130
109 130
124 130
2 131
46 131
59 131
60 131
64 131
95 131
112 131
125 131
4 132
15 132
16 132
37 132
40 132
42 132
49 132
66 132
68 132
69 132
79 132
80 132
95 132
107 132
117 132
11 133
39 133
47 133
53 133
61 133
85 133
92 133
94 133
95 133
96 133
114 133
15 134
46 134
48 134
74 134
76 134
77 134
79 134
82 134
112 134
115 134
119 134
120 134
123 134
8 135
13 135
18 135
35 135
43 135
99 135
104 135
113 135
10 136
15 136
29 136
31 136
42 136
58 136
63 136
79 136
109 136
120 136
9 137
25 137
26 137
33 137
43 137
50 137
51 137
54 137
55 137
61 137
70 137
76 137
89 137
92 137
105 137
115 137
123 137
5 138
58 138
62 138
70 138
74 138
83 138
87 138
88 138
90 138
107 138
118 138
125 138
126 138
128 138
11 139
29 139
60 139
84 139
104 139
10 140
21 140
28 140
40 140
62 140
69 140
80 140
91 140
111 140
118 140
125 140
131 140
5 141
17 141
22 141
24 141
32 141
34 141
42 141
47 141
73 141
84 141
93 141
98 141
101 141
104 141
120 141
133 141
137 141
11 142
14 142
23 142
25 142
26 142
34 142
51 142
60 142
70 142
72 142
76 142
92 142
98 142
106 142
122 142
135 142
0 143
93 143
104 143
108 143
116 143
3 144
10 144
43 144
120 144
136 144
3 145
24 145
29 145
41 145
45 145
52 145
53 145
72 145
93 145
121 145
134 145
3 146
9 146
16 146
19 146
22 146
23 146
45 146
64 146
83 146
88 146
101 146
104 146
106 146
119 146
135 146
138 146
33 147
88 147
89 147
114 147
11 148
22 148
31 148
45 148
59 148
70 148
73 148
88 148
118 148
119 148
0 149
4 149
11 149
21 149
37 149
67 149
69 149
71 149
93 149
101 149
112 149
136 149
22 150
24 150
25 150
56 150
69 150
79 150
93 150
111 150
118 150
9 151
22 151
24 151
36 151
44 151
49 151
81 151
84 151
113 151
1 152
2 152
15 152
26 152
57 152
65 152
74 152
92 152
1 153
13 153
14 153
32 153
35 153
94 153
95 153
103 153
115 153
117 153
118 153
129 153
145 153
149 153
1 154
11 154
18 154
22 154
27 154
36 154
40 154
69 154
73 154
77 154
89 154
107 154
124 154
128 154
138 154
140 154
145 154
146 154
0 155
1 155
22 155
25 155
27 155
52 155
89 155
91 155
106 155
110 155
136 155
11 156
15 156
26 156
53 156
55 156
101 156
113 156
120 156
129 156
138 156
1 157
10 157
17 157
32 157
46 157
48 157
59 157
64 157
76 157
85 157
88 157
93 157
120 157
133 157
140 157
141 157
26 158
65 158
75 158
78 158
82 158
85 158
112 158
113 158
117 158
148 158
32 159
72 159
89 159
92 159
108 159
111 159
117 159
124 159
135 159
140 159
149 159
10 160
20 160
25 160
43 160
60 160
67 160
74 160
76 160
82 160
99 160
125 160
130 160
131 160
138 160
155 160
157 160
10 161
17 161
31 161
38 161
44 161
46 161
48 161
59 161
65 161
77 161
105 161
116 161
132 161
149 161
155 161
18 162
20 162
72 162
75 162
80 162
83 162
97 162
100 162
111 162
113 162
119 162
157 162
158 162
16 163
34 163
69 163
70 163
72 163
76 163
98 163
109 163
115 163
142 163
153 163
22 164
26 164
31 164
43 164
52 164
65 164
75 164
90 164
110 164
124 164
133 164
137 164
156 164
8 165
27 165
30 165
43 165
48 165
64 165
82 165
91 165
98 165
111 165
127 165
130 165
138 165
140 165
142 165
146 165
152 165
155 165
158 165
10 166
38 166
40 166
56 166
59 166
61 166
91 166
126 166
131 166
134 166
143 166
157 166
3 167
24 167
25 167
27 167
72 167
96 167
97 167
103 167
110 167
126 167
134 167
147 167
3 168
14 168
16 168
62 168
97 168
112 168
119 168
44 169
47 169
49 169
57 169
58 169
63 169
66 169
75 169
80 169
91 169
99 169
112 169
117 169
121 169
125 169
126 169
16 170
37 170
39 170
48 170
78 170
92 170
94 170
96 170
117 170
121 170
153 170
6 171
11 171
30 171
32 171
33 171
66 171
67 171
70 171
72 171
75 171
113 171
117 171
3 172
6 172
29 172
50 172
54 172
57 172
63 172
68 172
96 172
97 172
102 172
105 172
121 172
127 172
139 172
142 172
145 172
29 173
54 173
65 173
135 173
156 173
157 173
1 174
4 174
9 174
13 174
18 174
26 174
30 174
44 174
46 174
64 174
103 174
104 174
124 174
128 174
135 174
163 174
166 174
23 175
29 175
41 175
48 175
57 175
63 175
70 175
75 175
102 175
122 175
123 175
132 175
165 175
166 175
2 176
14 176
17 176
29 176
48 176
53 176
58 176
81 176
89 176
114 176
134 176
144 176
157 176
164 176
170 176
0 177
13 177
24 177
34 177
44 177
57 177
78 177
88 177
91 177
102 177
114 177
121 177
139 177
25 178
32 178
58 178
64 178
100 178
111 178
114 178
117 178
130 178
136 178
137 178
154 178
162 178
11 179
59 179
63 179
65 179
67 179
76 179
77 179
86 179
91 179
97 179
100 179
101 179
154 179
158 179
172 179
0 180
1 180
17 180
20 180
47 180
51 180
54 180
61 180
62 180
75 180
85 180
89 180
138 180
154 180
0 181
27 181
29 181
31 181
36 181
39 181
41 181
42 181
44 181
49 181
64 181
65 181
122 181
125 181
130 181
141 181
61 182
111 182
129 182
135 182
143 182
148 182
173 182
180 182
32 183
44 183
65 183
67 183
68 183
70 183
75 183
92 183
106 183
121 183
137 183
163 183
1 184
33 184
56 184
68 184
76 184
85 184
88 184
100 184
102 184
107 184
110 184
143 184
147 184
172 184
174 184
179 184
19 185
27 185
29 185
34 185
43 185
54 185
62 185
63 185
65 185
68 185
72 185
76 185
87 185
131 185
150 185
36 186
39 186
48 186
64 186
66 186
79 186
105 186
150 186
160 186
163 186
172 186
177 186
11 187
22 187
43 187
77 187
84 187
91 187
94 187
118 187
146 187
149 187
152 187
154 187
155 187
158 187
3 188
8 188
10 188
13 188
21 188
52 188
79 188
92 188
143 188
153 188
170 188
172 188
174 188
175 188
23 189
25 189
30 189
42 189
51 189
55 189
87 189
89 189
93 189
94 189
96 189
136 189
150 189
175 189
4 190
11 190
40 190
47 190
69 190
79 190
81 190
124 190
125 190
131 190
136 190
143 190
145 190
148 190
151 190
170 190
172 190
180 190
182 190
10 191
17 191
20 191
23 191
25 191
33 191
39 191
65 191
70 191
78 191
104 191
123 191
137 191
153 191
188 191
17 192
21 192
35 192
41 192
50 192
55 192
75 192
81 192
85 192
95 192
117 192
119 192
123 192
135 192
136 192
148 192
157 192
174 192
176 192
29 193
31 193
65 193
67 193
74 193
80 193
93 193
111 193
122 193
146 193
152 193
176 193
179 193
180 193
186 193
8 194
11 194
31 194
33 194
52 194
53 194
95 194
104 194
111 194
112 194
120 194
147 194
154 194
186 194
7 195
29 195
31 195
52 195
61 195
65 195
67 195
68 195
71 195
77 195
85 195
91 195
120 195
136 195
140 195
145 195
6 196
9 196
29 196
39 196
48 196
68 196
109 196
121 196
132 196
137 196
139 196
143 196
145 196
146 196
150 196
171 196
187 196
47 197
57 197
74 197
78 197
83 197
84 197
85 197
87 197
102 197
124 197
126 197
138 197
146 197
152 197
161 197
171 197
175 197
176 197
181 197
187 197
3 198
15 198
40 198
48 198
77 198
81 198
85 198
93 198
95 198
104 198
108 198
126 198
127 198
129 198
146 198
154 198
172 198
11 199
31 199
34 199
42 199
71 199
86 199
101 199
128 199
139 199
153 199
170 199
180 199
32 200
34 200
38 200
46 200
49 200
69 200
94 200
111 200
115 200
116 200
121 200
131 200
152 200
155 200
167 200
188 200
12 201
20 201
21 201
25 201
28 201
43 201
51 201
52 201
53 201
62 201
71 201
101 201
121 201
134 201
136 201
142 201
144 201
145 201
164 201
172 201
6 202
18 202
21 202
28 202
31 202
55 202
75 202
114 202
126 202
127 202
149 202
171 202
172 202
0 203
29 203
35 203
42 203
43 203
48 203
53 203
65 203
76 203
80 203
110 203
120 203
140 203
141 203
149 203
156 203
162 203
174 203
180 203
182 203
185 203
16 204
20 204
28 204
30 204
42 204
58 204
63 204
74 204
76 204
92 204
108 204
113 204
127 204
144 204
146 204
149 204
153 204
166 204
168 204
171 204
13 205
22 205
29 205
34 205
36 205
57 205
63 205
69 205
71 205
87 205
94 205
99 205
102 205
105 205
112 205
133 205
134 205
146 205
150 205
172 205
173 205
177 205
195 205
0 206
40 206
42 206
47 206
66 206
72 206
73 206
76 206
88 206
106 206
130 206
134 206
135 206
145 206
150 206
155 206
161 206
174 206
176 206
0 207
3 207
5 207
27 207
37 207
44 207
53 207
71 207
74 207
95 207
100 207
112 207
118 207
147 207
154 207
199 207
54 208
57 208
66 208
87 208
91 208
135 208
141 208
148 208
150 208
162 208
168 208
194 208
26 209
54 209
80 209
90 209
99 209
146 209
153 209
172 209
8 210
9 210
12 210
17 210
22 210
62 210
63 210
66 210
69 210
70 210
80 210
89 210
123 210
129 210
142 210
155 210
160 210
161 210
163 210
172 210
187 210
8 211
32 211
40 211
45 211
66 211
83 211
92 211
105 211
117 211
129 211
180 211
196 211
197 211
30 212
45 212
50 212
64 212
102 212
103 212
110 212
140 212
148 212
175 212
177 212
189 212
210 212
16 213
21 213
33 213
34 213
42 213
56 213
65 213
90 213
123 213
126 213
130 213
147 213
148 213
164 213
171 213
181 213
197 213
200 213
2 214
17 214
24 214
25 214
42 214
47 214
48 214
56 214
57 214
63 214
72 214
73 214
86 214
98 214
102 214
111 214
121 214
126 214
140 214
141 214
144 214
151 214
155 214
157 214
167 214
172 214
180 214
182 214
189 214
194 214
199 214
25 215
33 215
49 215
50 215
76 215
109 215
113 215
140 215
154 215
163 215
172 215
176 215
195 215
9 216
53 216
65 216
66 216
72 216
90 216
115 216
125 216
133 216
144 216
151 216
154 216
158 216
166 216
189 216
193 216
17 217
27 217
36 217
42 217
48 217
70 217
81 217
97 217
98 217
108 217
110 217
116 217
121 217
122 217
139 217
152 217
161 217
170 217
191 217
195 217
23 218
28 218
35 218
41 218
73 218
75 218
84 218
87 218
88 218
89 218
91 218
99 218
113 218
114 218
122 218
146 218
172 218
175 218
188 218
209 218
14 219
15 219
16 219
32 219
35 219
37 219
44 219
48 219
89 219
95 219
127 219
154 219
163 219
178 219
182 219
187 219
210 219
21 220
25 220
31 220
41 220
50 220
63 220
91 220
108 220
126 220
128 220
154 220
156 220
186 220
194 220
199 220
8 221
19 221
20 221
27 221
29 221
50 221
58 221
63 221
67 221
68 221
79 221
103 221
123 221
135 221
136 221
174 221
176 221
191 221
14 222
19 222
30 222
33 222
39 222
64 222
68 222
87 222
103 222
108 222
140 222
144 222
162 222
165 222
166 222
167 222
176 222
178 222
180 222
185 222
186 222
188 222
190 222
191 222
200 222
3 223
16 223
18 223
35 223
36 223
44 223
53 223
66 223
77 223
97 223
99 223
112 223
129 223
135 223
141 223
169 223
176 223
197 223
2 224
3 224
33 224
39 224
42 224
55 224
62 224
66 224
81 224
82 224
84 224
90 224
98 224
101 224
107 224
117 224
131 224
152 224
153 224
157 224
166 224
177 224
182 224
192 224
204 224
206 224
219 224
0 225
3 225
13 225
44 225
54 225
57 225
65 225
91 225
94 225
134 225
142 225
161 225
181 225
194 225
208 225
213 225
4 226
12 226
18 226
35 226
36 226
54 226
62 226
63 226
69 226
108 226
141 226
155 226
187 226
190 226
201 226
221 226
31 227
36 227
41 227
56 227
59 227
65 227
66 227
75 227
82 227
118 227
129 227
134 227
141 227
190 227
200 227
215 227
2 228
10 228
74 228
81 228
88 228
92 228
147 228
192 228
196 228
201 228
204 228
209 228
218 228
220 228
7 229
23 229
38 229
48 229
54 229
59 229
63 229
72 229
91 229
96 229
103 229
119 229
149 229
163 229
174 229
214 229
217 229
14 230
15 230
42 230
45 230
49 230
52 230
67 230
68 230
72 230
79 230
97 230
107 230
108 230
110 230
112 230
130 230
144 230
165 230
172 230
175 230
211 230
18 231
20 231
37 231
58 231
63 231
87 231
88 231
104 231
113 231
118 231
131 231
138 231
161 231
169 231
171 231
176 231
191 231
218 231
219 231
7 232
10 232
17 232
23 232
46 232
47 232
55 232
89 232
94 232
105 232
110 232
117 232
121 232
123 232
154 232
155 232
162 232
167 232
172 232
183 232
213 232
4 233
6 233
8 233
9 233
21 233
29 233
46 233
55 233
56 233
60 233
61 233
76 233
89 233
92 233
187 233
192 233
194 233
197 233
213 233
215 233
24 234
35 234
40 234
55 234
57 234
70 234
76 234
83 234
84 234
105 234
114 234
130 234
136 234
144 234
153 234
154 234
174 234
183 234
194 234
197 234
209 234
219 234
1 235
6 235
10 235
12 235
16 235
22 235
31 235
37 235
58 235
73 235
90 235
100 235
101 235
111 235
152 235
173 235
178 235
202 235
220 235
7 236
8 236
36 236
37 236
40 236
57 236
67 236
71 236
96 236
125 236
128 236
148 236
153 236
169 236
170 236
178 236
185 236
194 236
195 236
196 236
200 236
14 237
20 237
35 237
51 237
54 237
68 237
89 237
97 237
116 237
121 237
122 237
134 237
137 237
144 237
146 237
161 237
197 237
199 237
202 237
236 237
29 238
35 238
47 238
49 238
61 238
68 238
73 238
83 238
86 238
92 238
100 238
103 238
115 238
116 238
120 238
138 238
139 238
143 238
145 238
187 238
189 238
194 238
212 238
234 238
13 239
26 239
56 239
64 239
67 239
107 239
108 239
115 239
122 239
145 239
152 239
178 239
183 239
185 239
188 239
206 239
9 240
29 240
35 240
37 240
39 240
55 240
61 240
76 240
86 240
87 240
88 240
107 240
114 240
142 240
144 240
161 240
163 240
203 240
217 240
219 240
224 240
229 240
28 241
39 241
47 241
74 241
79 241
100 241
103 241
135 241
136 241
161 241
169 241
182 241
199 241
218 241
231 241
8 242
17 242
31 242
39 242
47 242
70 242
72 242
94 242
99 242
116 242
121 242
125 242
145 242
149 242
153 242
177 242
178 242
179 242
190 242
205 242
228 242
1 243
38 243
54 243
58 243
104 243
112 243
116 243
121 243
131 243
171 243
195 243
197 243
212 243
220 243
222 243
233 243
234 243
3 244
19 244
42 244
44 244
50 244
57 244
79 244
87 244
99 244
107 244
114 244
121 244
135 244
138 244
152 244
168 244
179 244
182 244
184 244
194 244
195 244
197 244
215 244
16 245
27 245
35 245
44 245
72 245
83 245
118 245
123 245
153 245
167 245
181 245
182 245
188 245
203 245
1 246
25 246
86 246
124 246
129 246
137 246
144 246
152 246
167 246
182 246
188 246
190 246
193 246
205 246
216 246
219 246
229 246
234 246
236 246
0 247
2 247
34 247
36 247
40 247
47 247
55 247
58 247
61 247
65 247
69 247
73 247
75 247
79 247
108 247
121 247
122 247
125 247
135 247
162 247
166 247
182 247
193 247
206 247
209 247
228 247
235 247
8 248
15 248
17 248
22 248
42 248
68 248
90 248
93 248
103 248
124 248
140 248
160 248
164 248
166 248
167 248
168 248
176 248
193 248
199 248
208 248
8 249
16 249
41 249
63 249
65 249
77 249
79 249
93 249
101 249
111 249
125 249
128 249
135 249
143 249
162 249
177 249
202 249
212 249
221 249
226 249
231 249
0 250
1 250
25 250
43 250
60 250
81 250
88 250
128 250
150 250
164 250
167 250
174 250
181 250
189 250
191 250
192 250
197 250
232 250
234 250
21 251
48 251
62 251
108 251
109 251
120 251
146 251
160 251
169 251
187 251
191 251
5 252
30 252
61 252
88 252
94 252
100 252
105 252
106 252
114 252
128 252
152 252
166 252
170 252
184 252
199 252
208 252
223 252
229 252
12 253
41 253
54 253
57 253
74 253
80 253
89 253
99 253
103 253
162 253
164 253
167 253
178 253
195 253
196 253
231 253
16 254
22 254
26 254
27 254
29 254
41 254
42 254
50 254
55 254
56 254
68 254
80 254
97 254
102 254
108 254
137 254
138 254
142 254
148 254
155 254
177 254
178 254
203 254
229 254
231 254
240 254
243 254
0 255
2 255
11 255
19 255
25 255
47 255
52 255
61 255
63 255
72 255
81 255
135 255
140 255
144 255
150 255
154 255
157 255
165 255
173 255
178 255
197 255
199 255
203 255
245 255
1 256
32 256
49 256
54 256
58 256
67 256
72 256
79 256
83 256
117 256
125 256
139 256
142 256
173 256
182 256
204 256
220 256
221 256
229 256
3 257
17 257
33 257
50 257
62 257
70 257
93 257
102 257
106 257
128 257
134 257
135 257
158 257
161 257
173 257
177 257
178 257
187 257
192 257
197 257
235 257
2 258
9 258
44 258
58 258
60 258
83 258
107 258
110 258
156 258
177 258
195 258
197 258
198 258
209 258
218 258
223 258
231 258
234 258
240 258
10 259
18 259
24 259
25 259
28 259
29 259
40 259
56 259
73 259
86 259
94 259
120 259
128 259
133 259
135 259
144 259
152 259
156 259
165 259
170 259
175 259
178 259
186 259
197 259
231 259
243 259
246 259
9 260
22 260
35 260
43 260
52 260
53 260
73 260
75 260
79 260
105 260
122 260
136 260
139 260
140 260
153 260
157 260
165 260
171 260
196 260
209 260
216 260
226 260
228 260
231 260
236 260
249 260
252 260
10 261
11 261
39 261
63 261
64 261
65 261
75 261
76 261
85 261
98 261
108 261
125 261
129 261
132 261
144 261
153 261
177 261
198 261
220 261
5 262
25 262
54 262
73 262
80 262
81 262
97 262
108 262
110 262
117 262
142 262
144 262
149 262
182 262
206 262
217 262
222 262
226 262
240 262
248 262
11 263
16 263
24 263
40 263
55 263
64 263
66 263
82 263
85 263
97 263
110 263
128 263
134 263
173 263
191 263
192 263
201 263
209 263
211 263
222 263
239 263
243 263
1 264
3 264
4 264
24 264
38 264
49 264
51 264
55 264
67 264
102 264
103 264
123 264
131 264
133 264
161 264
166 264
193 264
198 264
210 264
218 264
219 264
227 264
242 264
255 264
1 265
15 265
20 265
28 265
51 265
55 265
66 265
75 265
77 265
83 265
86 265
88 265
106 265
112 265
122 265
186 265
208 265
224 265
226 265
228 265
243 265
0 266
9 266
22 266
44 266
47 266
48 266
51 266
64 266
68 266
74 266
83 266
96 266
100 266
102 266
157 266
160 266
188 266
196 266
200 266
202 266
210 266
232 266
252 266
3 267
8 267
26 267
35 267
72 267
77 267
108 267
118 267
132 267
133 267
145 267
146 267
189 267
199 267
208 267
225 267
4 268
7 268
32 268
35 268
43 268
71 268
86 268
99 268
127 268
131 268
142 268
146 268
184 268
189 268
204 268
206 268
208 268
214 268
237 268
240 268
241 268
255 268
36 269
37 269
40 269
54 269
56 269
89 269
92 269
100 269
125 269
147 269
156 269
163 269
166 269
188 269
201 269
208 269
209 269
211 269
212 269
215 269
228 269
236 269
253 269
262 269
20 270
22 270
38 270
41 270
49 270
60 270
75 270
77 270
79 270
80 270
103 270
106 270
110 270
124 270
138 270
168 270
177 270
212 270
216 270
235 270
244 270
253 270
1 271
8 271
11 271
12 271
13 271
51 271
104 271
112 271
141 271
146 271
175 271
186 271
187 271
196 271
197 271
206 271
208 271
222 271
227 271
254 271
258 271
259 271
17 272
26 272
27 272
56 272
74 272
77 272
82 272
88 272
97 272
100 272
120 272
125 272
149 272
196 272
205 272
233 272
256 272
8 273
12 273
18 273
21 273
29 273
38 273
39 273
74 273
78 273
87 273
111 273
126 273
127 273
129 273
154 273
167 273
194 273
211 273
212 273
221 273
226 273
228 273
251 273
256 273
257 273
10 274
23 274
36 274
57 274
61 274
63 274
95 274
104 274
117 274
132 274
177 274
193 274
205 274
221 274
7 275
22 275
53 275
79 275
80 275
83 275
95 275
102 275
107 275
132 275
145 275
153 275
173 275
182 275
213 275
224 275
242 275
250 275
256 275
260 275
9 276
10 276
20 276
32 276
53 276
77 276
80 276
83 276
86 276
90 276
110 276
134 276
138 276
147 276
157 276
172 276
174 276
184 276
185 276
192 276
207 276
232 276
241 276
250 276
252 276
257 276
273 276
11 277
25 277
47 277
67 277
70 277
90 277
101 277
103 277
113 277
142 277
144 277
163 277
169 277
205 277
225 277
230 277
243 277
269 277
4 278
8 278
22 278
26 278
31 278
34 278
46 278
54 278
73 278
78 278
80 278
85 278
99 278
109 278
110 278
112 278
126 278
129 278
144 278
159 278
160 278
163 278
168 278
175 278
177 278
191 278
206 278
241 278
257 278
267 278
9 279
14 279
19 279
23 279
34 279
40 279
57 279
65 279
73 279
80 279
92 279
110 279
163 279
168 279
197 279
215 279
220 279
229 279
251 279
265 279
271 279
4 280
70 280
72 280
89 280
97 280
137 280
139 280
143 280
154 280
159 280
204 280
216 280
220 280
228 280
237 280
249 280
2 281
20 281
35 281
63 281
74 281
79 281
80 281
91 281
132 281
152 281
155 281
202 281
203 281
206 281
230 281
251 281
268 281
1 282
36 282
52 282
63 282
73 282
101 282
120 282
126 282
139 282
150 282
155 282
174 282
179 282
184 282
185 282
192 282
201 282
202 282
207 282
220 282
240 282
249 282
273 282
1 283
4 283
18 283
23 283
31 283
157 283
171 283
205 283
210 283
217 283
6 284
11 284
46 284
55 284
63 284
101 284
109 284
122 284
125 284
136 284
138 284
178 284
184 284
188 284
195 284
198 284
205 284
216 284
221 284
252 284
7 285
29 285
46 285
53 285
64 285
80 285
84 285
169 285
182 285
200 285
215 285
238 285
262 285
267 285
269 285
270 285
4 286
19 286
22 286
27 286
29 286
48 286
54 286
68 286
84 286
86 286
100 286
117 286
125 286
165 286
179 286
189 286
193 286
194 286
208 286
221 286
229 286
249 286
252 286
256 286
270 286
275 286
8 287
12 287
21 287
31 287
34 287
73 287
87 287
94 287
106 287
124 287
125 287
135 287
162 287
175 287
207 287
238 287
243 287
263 287
271 287
281 287
283 287
15 288
36 288
41 288
49 288
53 288
65 288
74 288
94 288
99 288
127 288
141 288
147 288
148 288
151 288
152 288
155 288
161 288
168 288
171 288
183 288
197 288
263 288
265 288
270 288
272 288
275 288
278 288
6 289
16 289
17 289
44 289
47 289
51 289
58 289
84 289
102 289
122 289
134 289
140 289
156 289
180 289
198 289
215 289
225 289
251 289
261 289
262 289
276 289
279 289
286 289
24 290
56 290
58 290
98 290
107 290
138 290
143 290
171 290
178 290
189 290
197 290
207 290
217 290
226 290
230 290
267 290
281 290
6 291
9 291
17 291
22 291
40 291
58 291
61 291
70 291
76 291
84 291
120 291
152 291
166 291
173 291
178 291
180 291
184 291
187 291
198 291
210 291
212 291
221 291
223 291
224 291
230 291
238 291
241 291
247 291
250 291
266 291
1 292
13 292
17 292
18 292
21 292
22 292
25 292
28 292
31 292
35 292
56 292
70 292
99 292
104 292
115 292
135 292
154 292
156 292
159 292
163 292
170 292
190 292
192 292
202 292
207 292
219 292
226 292
248 292
250 292
252 292
270 292
280 292
12 293
19 293
21 293
45 293
55 293
102 293
111 293
116 293
117 293
123 293
131 293
135 293
169 293
177 293
219 293
220 293
230 293
240 293
251 293
270 293
283 293
284 293
17 294
20 294
34 294
56 294
64 294
66 294
95 294
97 294
101 294
121 294
123 294
129 294
157 294
183 294
187 294
210 294
215 294
221 294
231 294
239 294
246 294
254 294
259 294
278 294
6 295
7 295
12 295
35 295
41 295
49 295
56 295
65 295
69 295
83 295
89 295
90 295
135 295
140 295
164 295
169 295
197 295
199 295
204 295
207 295
210 295
217 295
228 295
246 295
261 295
284 295
25 296
28 296
52 296
54 296
69 296
91 296
99 296
162 296
174 296
186 296
194 296
198 296
202 296
209 296
234 296
236 296
263 296
266 296
12 297
24 297
47 297
50 297
57 297
61 297
66 297
67 297
69 297
77 297
93 297
97 297
98 297
116 297
127 297
133 297
157 297
175 297
200 297
228 297
243 297
251 297
262 297
280 297
11 298
20 298
30 298
42 298
54 298
121 298
125 298
133 298
161 298
174 298
180 298
182 298
215 298
216 298
220 298
223 298
268 298
278 298
279 298
0 299
2 299
19 299
24 299
69 299
76 299
91 299
104 299
143 299
144 299
146 299
164 299
225 299
245 299
250 299
260 299
261 299
