300 1851 5
3 3 3 6 6 10 4 3 4 2 7 10 2 8 4 5 2 4 9 9 1 6 4 4 4 9 8 3 2 4 5 4 8 10 10 1 4 7 6 7 4 1 9 1 6 6 9 3 10 1 9 4 4 7 5 10 9 3 2 10 4 2 1 7 3 3 5 9 4 4 6 6 9 4 8 8 8 4 9 4 9 7 9 4 3 6 10 1 4 5 7 3 4 6 1 9 1 9 10 10 9 3 10 1 10 6 8 6 7 7 6 1 2 10 9 6 7 9 2 6 5 4 9 4 2 8 5 3 3 4 6 4 10 10 6 4 1 9 2 6 2 7 1 4 7 7 3 10 1 1 3 6 2 4 9 5 9 5 6 2 4 5 6 4 6 7 4 5 5 3 7 8 6 9 8 8 9 8 7 4 2 3 7 1 2 10 2 10 1 4 9 10 8 10 5 1 5 4 4 2 10 1 2 2 3 4 3 1 7 2 5 5 7 1 6 9 3 5 2 3 5 9 3 2 7 3 3 3 2 10 4 8 2 1 2 3 2 2 4 9 2 1 1 1 4 3 9 5 2 2 4 9 4 4 2 4 9 4 7 8 9 5 9 1 2 9 10 7 6 7 6 1 10 4 3 8 4 7 3 1 4 5 10 1 1 10 6 8 8 10 6 8 4 2 2 1 1 5 8 4
4 9
6 9
3 13
3 14
3 18
9 20
14 21
10 22
14 23
2 24
18 25
10 26
11 27
5 29
19 33
9 36
3 37
25 37
30 38
20 39
24 39
16 40
25 40
5 41
8 41
18 44
36 44
28 45
30 45
8 46
1 47
17 47
27 47
4 48
15 48
17 48
29 48
7 49
20 49
29 49
35 49
47 49
24 50
47 50
18 53
40 53
4 54
27 54
28 54
42 54
30 55
32 55
41 55
16 56
28 56
0 57
11 57
18 57
6 58
0 59
35 60
6 61
11 61
1 62
8 62
22 63
25 63
7 64
23 64
28 64
46 64
0 65
25 65
49 65
59 65
33 66
53 66
5 67
34 67
7 68
17 68
23 68
47 68
56 68
11 69
12 69
31 69
37 69
52 69
21 70
10 71
28 71
42 71
47 71
56 71
18 72
21 72
38 72
62 72
63 72
65 72
4 73
30 73
30 74
62 74
6 75
16 75
36 75
17 77
23 77
27 77
38 78
45 78
32 79
20 80
37 80
49 80
59 80
64 80
22 81
34 81
40 81
42 81
60 81
10 82
12 82
37 82
51 82
66 82
6 83
53 83
66 83
77 83
9 84
68 84
69 84
52 85
12 86
23 86
68 86
9 87
50 87
18 88
74 88
62 89
64 89
74 89
34 90
38 90
46 90
57 90
74 90
82 90
24 91
40 91
58 91
82 91
79 92
9 93
21 93
33 93
11 94
21 94
36 94
50 94
58 94
71 94
79 94
64 95
2 96
30 96
36 96
51 96
56 96
42 97
4 98
41 98
3 99
70 99
32 100
74 100
93 100
68 101
72 101
79 101
2 102
24 102
46 102
52 102
55 102
59 102
93 102
12 103
44 103
92 103
42 104
44 104
59 104
72 104
34 105
86 105
5 106
66 106
92 106
15 107
25 107
52 107
99 107
31 108
35 108
64 108
13 109
62 109
71 109
80 109
101 109
27 110
99 110
18 111
19 111
22 111
49 111
98 111
30 112
69 112
75 112
15 113
45 113
69 113
29 114
48 114
83 114
92 114
4 115
23 115
37 115
40 115
66 115
6 116
37 116
52 116
90 116
18 117
22 117
40 117
89 119
11 120
36 120
54 120
56 120
59 120
62 120
80 120
84 120
102 120
18 121
33 121
70 121
80 121
35 122
42 122
49 122
101 122
117 122
119 122
3 123
5 123
12 123
30 123
31 123
49 123
58 123
59 123
80 123
81 123
86 123
102 123
116 123
29 124
38 124
46 124
62 124
74 124
87 124
1 125
83 125
113 125
22 126
52 126
56 126
59 126
62 126
84 126
91 126
97 126
42 127
80 127
105 127
20 128
55 128
0 129
18 129
42 129
52 129
3 130
59 130
81 130
83 130
9 131
51 131
75 131
95 131
12 132
39 132
68 132
71 132
120 132
6 133
13 133
14 133
122 133
51 134
73 134
85 134
120 134
126 134
129 134
125 135
2 136
13 136
86 136
122 136
133 136
18 137
35 137
71 137
74 137
6 138
15 138
30 138
87 138
90 138
97 138
108 138
124 138
129 138
11 139
27 139
32 139
51 139
62 139
72 139
94 139
100 139
30 140
33 140
63 140
79 140
81 140
28 141
31 141
54 141
61 141
69 141
91 141
109 141
12 142
23 142
46 142
85 142
94 142
100 142
128 142
20 143
28 143
31 143
37 143
71 143
74 143
78 143
121 143
8 144
20 144
37 144
67 144
72 144
111 144
117 144
5 145
15 145
57 145
62 145
83 145
91 145
134 145
5 146
28 146
32 146
50 146
58 146
60 146
85 146
91 146
99 146
142 146
0 147
37 147
53 147
62 147
66 147
68 147
143 147
20 148
63 148
107 148
30 149
51 149
53 149
55 149
85 149
92 149
97 149
131 149
142 149
59 150
61 150
65 150
77 150
87 150
95 150
101 150
108 150
111 150
117 150
135 150
141 150
16 151
18 151
55 151
75 151
78 151
80 151
106 151
110 151
137 151
2 152
5 152
8 152
25 152
45 152
52 152
70 152
137 152
138 152
140 152
141 152
8 153
35 153
69 153
130 153
44 154
48 154
67 154
68 154
70 154
99 154
102 154
118 154
121 154
17 155
23 155
25 155
142 155
0 156
61 156
98 156
102 156
127 156
131 156
35 157
46 157
55 157
69 157
75 157
76 157
83 157
92 157
155 157
65 158
72 158
81 158
87 158
102 158
114 158
123 158
134 158
140 158
143 158
155 158
6 159
10 159
11 159
69 159
74 159
76 159
101 159
102 159
115 159
127 159
0 160
8 160
16 160
36 160
37 160
38 160
54 160
55 160
97 160
129 160
152 160
93 161
111 161
5 162
29 162
85 162
100 162
117 162
125 162
128 162
149 162
3 163
15 163
48 163
52 163
101 163
103 163
122 163
137 163
138 163
142 163
9 164
30 164
67 164
89 164
114 164
46 165
67 165
96 165
160 165
19 166
47 166
96 166
106 166
119 166
134 166
135 166
37 167
143 167
162 167
15 168
21 168
23 168
48 168
62 168
63 168
99 168
103 168
125 168
21 169
43 169
77 169
96 169
117 169
37 170
53 170
67 170
119 170
137 170
146 170
80 171
127 171
156 171
18 172
25 172
26 172
46 172
63 172
80 172
82 172
130 172
152 172
14 173
28 173
35 173
52 173
109 173
113 173
136 173
137 173
144 173
160 173
36 174
62 174
71 174
98 174
120 174
127 174
59 175
81 175
98 175
117 175
124 175
125 175
128 175
153 175
164 175
165 175
6 176
25 176
63 176
142 176
155 176
156 176
22 177
46 177
48 177
71 177
116 177
124 177
173 177
22 178
34 178
67 178
94 178
103 178
112 178
14 179
33 179
59 179
69 179
85 179
88 179
148 179
162 179
19 180
46 180
49 180
63 180
84 180
105 180
119 180
133 180
147 180
22 181
33 181
42 181
50 181
70 181
73 181
82 181
160 181
169 181
18 182
34 182
45 182
79 182
4 183
29 183
43 183
50 183
60 183
61 183
80 183
85 183
94 183
120 183
124 183
127 183
146 183
152 183
162 183
6 184
12 184
16 184
30 184
51 184
54 184
92 184
105 184
114 184
137 184
138 184
6 185
12 185
13 185
14 185
21 185
30 185
36 185
52 185
94 185
108 185
113 185
156 185
161 185
19 186
31 186
52 186
63 186
99 186
100 186
104 186
114 186
37 187
49 187
96 187
101 187
106 187
137 187
142 187
146 187
156 187
4 188
53 188
57 188
132 188
173 188
177 188
178 188
12 189
29 189
30 189
73 189
86 189
122 189
134 189
142 189
167 189
177 189
10 190
11 190
142 190
13 191
31 191
60 191
145 191
150 191
154 191
157 191
163 191
172 191
186 191
188 191
14 192
20 192
80 192
97 192
107 192
115 192
135 192
167 192
182 192
55 193
106 193
116 193
13 194
18 194
21 194
25 194
71 194
90 194
128 194
0 195
11 195
20 195
29 195
55 195
63 195
73 195
77 195
90 195
100 195
162 195
11 196
13 196
28 196
35 196
38 196
51 196
86 196
160 196
21 197
30 197
46 197
54 197
70 197
77 197
129 197
139 197
143 197
23 198
25 198
50 198
63 198
81 198
104 198
113 198
153 198
187 198
25 199
27 199
43 199
65 199
88 199
90 199
92 199
158 199
0 200
16 200
23 200
44 200
50 200
58 200
84 200
2 201
10 201
15 201
19 201
27 201
42 201
43 201
83 201
125 201
173 201
31 202
40 202
67 202
82 202
87 202
112 202
165 202
133 203
161 203
179 203
195 203
17 204
21 204
24 204
30 204
63 204
70 204
74 204
97 204
137 204
150 204
198 204
21 205
39 205
53 205
79 205
87 205
98 205
144 205
147 205
157 205
180 205
40 206
85 206
142 206
156 206
161 206
184 206
24 207
38 207
85 207
105 207
117 207
118 207
134 207
140 207
150 207
155 207
162 207
187 207
0 208
18 208
45 208
76 208
84 208
86 208
104 208
121 208
142 208
170 208
8 209
22 209
54 209
62 209
73 209
92 209
103 209
139 209
149 209
157 209
165 209
173 209
174 209
176 209
185 209
186 209
206 209
54 210
68 210
69 210
91 210
120 210
178 210
205 210
80 211
82 211
96 211
134 211
193 211
9 212
15 212
53 212
74 212
86 212
93 212
95 212
107 212
151 212
173 212
196 212
203 212
8 213
14 213
29 213
55 213
66 213
108 213
110 213
126 213
133 213
148 213
153 213
165 213
167 213
168 213
202 213
28 214
41 214
64 214
87 214
157 214
190 214
193 214
202 214
66 215
126 215
154 215
172 215
203 215
11 216
57 216
72 216
78 216
89 216
90 216
102 216
134 216
149 216
158 216
170 216
175 216
185 216
187 216
11 217
50 217
101 217
147 217
19 218
30 218
95 218
156 218
160 218
163 218
197 218
6 219
13 219
71 219
84 219
98 219
132 219
152 219
166 219
185 219
204 219
4 220
26 220
47 220
53 220
113 220
115 220
172 220
187 220
6 221
9 221
12 221
32 221
33 221
43 221
67 221
98 221
144 221
147 221
157 221
171 221
195 221
196 221
8 222
24 222
28 222
35 222
39 222
40 222
50 222
60 222
76 222
91 222
94 222
100 222
118 222
163 222
165 222
169 222
184 222
9 223
20 223
22 223
44 223
59 223
97 223
101 223
107 223
121 223
124 223
132 223
152 223
195 223
197 223
9 224
12 224
23 224
35 224
46 224
85 224
98 224
104 224
132 224
137 224
144 224
158 224
170 224
211 224
220 224
44 225
82 225
116 225
192 225
18 226
27 226
53 226
94 226
111 226
115 226
126 226
137 226
149 226
166 226
178 226
201 226
205 226
218 226
103 227
121 227
149 227
210 227
61 228
66 228
89 228
101 228
110 228
119 228
145 228
166 228
176 228
188 228
196 228
203 228
58 229
119 229
136 229
146 229
159 229
178 229
190 229
215 229
18 230
25 230
55 230
152 230
155 230
161 230
179 230
192 230
225 230
81 231
85 231
90 231
95 231
160 231
169 231
173 231
175 231
199 231
205 231
0 232
75 232
77 232
84 232
169 232
212 232
223 232
19 233
30 233
39 233
60 233
76 233
93 233
108 233
116 233
162 233
169 233
174 233
181 233
227 233
23 234
51 234
58 234
95 234
112 234
115 234
132 234
166 234
172 234
177 234
214 234
20 235
32 235
49 235
53 235
71 235
73 235
108 235
114 235
141 235
163 235
195 235
226 235
29 236
113 236
142 236
170 236
173 236
187 236
210 236
32 237
52 237
61 237
62 237
67 237
82 237
100 237
118 237
164 237
187 237
192 237
195 237
222 237
0 238
41 238
42 238
63 238
84 238
95 238
122 238
146 238
148 238
212 238
27 239
69 239
75 239
102 239
104 239
118 239
119 239
137 239
143 239
26 240
50 240
76 240
91 240
92 240
106 240
114 240
150 240
156 240
158 240
174 240
206 240
218 240
26 241
132 241
192 241
206 241
217 241
225 241
231 241
3 242
9 242
22 242
30 242
49 242
54 242
74 242
84 242
108 242
125 242
129 242
134 242
199 242
209 242
8 243
55 243
64 243
97 243
178 243
188 243
204 243
14 244
24 244
62 244
71 244
82 244
99 244
107 244
125 244
149 244
181 244
186 244
215 244
0 245
18 245
31 245
34 245
76 245
93 245
195 245
25 246
29 246
166 246
182 246
207 246
214 246
220 246
233 246
31 247
76 247
97 247
100 247
103 247
148 247
187 247
215 247
8 248
38 248
42 248
48 248
70 248
77 248
81 248
94 248
102 248
147 248
153 248
216 248
218 248
222 248
15 249
18 249
75 249
83 249
95 249
96 249
98 249
103 249
105 249
126 249
158 249
167 249
204 249
214 249
226 249
32 250
86 250
101 250
172 250
208 250
220 250
7 251
58 251
96 251
140 251
166 251
171 251
185 251
240 251
8 252
40 252
53 252
65 252
81 252
98 252
126 252
0 253
17 253
18 253
44 253
65 253
77 253
99 253
109 253
113 253
130 253
144 253
166 253
184 253
197 253
237 253
239 253
33 254
38 254
99 254
102 254
222 254
60 255
61 255
79 255
146 255
159 255
166 255
191 255
204 255
236 255
242 255
249 255
18 256
68 256
75 256
83 256
87 256
131 256
167 256
184 256
219 256
234 256
7 257
33 257
66 257
76 257
101 257
103 257
104 257
108 257
126 257
134 257
189 257
196 257
233 257
251 257
47 258
55 258
65 258
79 258
106 258
124 258
137 258
138 258
173 258
180 258
205 258
243 258
15 259
21 259
28 259
31 259
40 259
44 259
47 259
61 259
82 259
97 259
100 259
110 259
116 259
165 259
176 259
229 259
7 260
20 260
27 260
47 260
61 260
73 260
157 260
235 260
2 261
78 261
126 261
146 261
151 261
205 261
57 262
104 262
107 262
116 262
124 262
167 262
179 262
183 262
212 262
26 263
41 263
56 263
76 263
114 263
125 263
131 263
159 263
2 264
27 264
44 264
54 264
63 264
66 264
97 264
100 264
103 264
188 264
242 264
22 265
40 265
64 265
70 265
124 265
167 265
191 265
192 265
198 265
204 265
244 265
6 266
44 266
62 266
122 266
132 266
148 266
153 266
166 266
203 266
208 266
225 266
246 266
253 266
18 267
42 267
65 267
96 267
125 267
131 267
135 267
177 267
184 267
201 267
39 268
97 268
152 268
161 268
166 268
222 268
14 269
47 269
62 269
76 269
87 269
93 269
105 269
113 269
138 269
213 269
219 269
225 269
93 270
104 270
105 270
130 270
133 270
159 270
181 270
240 270
253 270
2 271
10 271
13 271
44 271
59 271
169 271
192 271
206 271
17 272
22 272
111 272
178 272
182 272
200 272
203 272
207 272
220 272
229 272
230 272
236 272
237 272
241 272
244 272
252 272
5 273
15 273
20 273
92 273
104 273
105 273
122 273
128 273
164 273
185 273
186 273
188 273
238 273
263 273
21 274
50 274
74 274
82 274
92 274
102 274
114 274
121 274
180 274
242 274
245 274
261 274
4 275
5 275
9 275
14 275
34 275
42 275
49 275
71 275
72 275
80 275
96 275
106 275
120 275
170 275
185 275
225 275
250 275
44 276
56 276
64 276
77 276
99 276
100 276
121 276
141 276
173 276
203 276
14 277
25 277
51 277
59 277
60 277
71 277
98 277
120 277
128 277
130 277
160 277
163 277
186 277
187 277
214 277
218 277
229 277
240 277
25 278
37 278
52 278
76 278
179 278
206 278
231 278
73 279
99 279
103 279
126 279
138 279
163 279
243 279
79 280
101 280
108 280
126 280
186 280
241 280
25 281
28 281
82 281
97 281
199 281
207 281
261 281
3 282
23 282
51 282
91 282
118 282
143 282
145 282
173 282
174 282
242 282
53 283
62 283
74 283
113 283
114 283
124 283
131 283
175 283
267 283
2 284
12 284
26 284
70 284
102 284
135 284
144 284
170 284
186 284
235 284
253 284
266 284
5 285
23 285
78 285
93 285
121 285
165 285
176 285
183 285
193 285
13 286
63 286
70 286
132 286
139 286
143 286
205 286
225 286
23 287
62 287
90 287
102 287
104 287
145 287
161 287
170 287
174 287
204 287
219 287
281 287
1 288
3 288
46 288
81 288
149 288
210 288
13 289
26 289
30 289
83 289
115 289
116 289
155 289
165 289
172 289
225 289
271 289
5 290
71 290
72 290
122 290
125 290
152 290
156 290
173 290
183 290
197 290
212 290
275 290
21 291
52 291
108 291
151 291
153 291
159 291
174 291
248 291
258 291
264 291
266 291
281 291
11 292
15 292
31 292
33 292
49 292
53 292
55 292
61 292
84 292
144 292
193 292
228 292
269 292
272 292
277 292
44 293
53 293
54 293
56 293
65 293
93 293
94 293
140 293
145 293
153 293
193 293
213 293
229 293
233 293
243 293
286 293
27 294
72 294
98 294
130 294
155 294
157 294
159 294
198 294
216 294
238 294
248 294
266 294
289 294
5 295
9 295
13 295
18 295
30 295
38 295
44 295
56 295
98 295
104 295
123 295
134 295
165 295
167 295
179 295
235 295
285 295
17 296
22 296
78 296
128 296
140 296
148 296
174 296
210 296
239 296
288 296
24 297
33 297
76 297
93 297
120 297
136 297
170 297
203 297
204 297
247 297
252 297
259 297
25 298
52 298
64 298
72 298
105 298
112 298
149 298
205 298
222 298
267 298
270 298
30 299
35 299
57 299
69 299
77 299
81 299
157 299
167 299
221 299
228 299
239 299
273 299
