300 2725 5
11 1 16 8 6 10 16 7 16 5 14 11 12 13 1 7 14 17 16 2 11 15 2 4 20 17 5 7 13 15 14 1 7 11 12 17 6 5 16 20 4 3 8 15 18 3 17 4 18 2 3 18 2 16 17 8 14 5 15 3 19 10 2 4 11 15 10 14 17 2 4 9 19 17 8 6 16 3 6 5 4 3 15 4 9 12 13 9 10 17 4 9 8 2 11 20 20 17 11 18 4 4 16 4 9 10 16 9 1 8 18 4 6 6 2 1 9 2 5 7 16 4 11 1 14 7 12 9 17 16 1 20 15 12 1 6 11 15 6 1 10 2 2 6 9 6 12 3 14 12 16 17 13 2 3 3 15 10 4 18 12 8 17 4 6 20 9 2 18 20 12 4 4 14 17 16 13 5 8 3 3 3 6 14 15 7 6 10 7 11 12 5 11 9 20 13 3 14 13 14 20 12 20 7 14 18 2 11 5 17 20 2 13 16 4 16 19 5 11 2 20 17 9 13 2 19 9 11 16 9 17 5 18 9 20 16 15 3 10 13 2 20 10 8 9 1 19 2 19 19 7 7 2 14 1 12 3 12 4 12 18 4 14 11 10 14 13 6 17 6 16 9 9 20 20 10 20 15 13 10 13 9 5 15 5 1 6 19 6 8 7 18 16 17 1 5 9 2 5 2
3 7
4 14
16 19
3 20
5 20
6 20
2 22
18 22
18 24
1 25
14 25
18 25
10 26
11 26
14 26
18 27
3 29
5 29
12 29
4 30
10 30
1 31
7 31
10 31
13 31
14 31
27 31
15 32
24 32
28 32
0 33
1 33
16 33
22 33
13 35
28 35
2 37
3 37
9 37
10 37
13 37
25 37
21 38
31 39
20 40
29 40
20 41
13 42
14 42
17 42
18 43
13 44
29 44
7 45
35 45
27 46
2 47
14 47
24 47
33 47
1 48
18 48
3 49
14 49
27 49
7 50
27 50
31 50
36 50
44 50
4 51
9 51
12 51
17 51
30 51
38 51
43 51
39 52
42 52
2 53
24 53
23 54
47 54
8 55
26 55
1 56
5 56
9 56
15 56
20 56
13 57
19 57
36 57
43 57
50 57
7 58
12 58
23 58
33 58
22 59
39 59
11 60
12 60
35 60
38 60
7 61
9 61
12 61
45 61
46 61
0 62
11 62
6 63
22 63
8 64
11 64
33 64
45 64
48 64
24 65
16 66
18 66
26 66
53 66
21 67
23 67
29 67
48 67
56 67
60 67
61 67
20 68
21 68
29 68
32 68
55 68
5 69
28 69
36 69
48 69
53 69
54 69
6 70
12 70
41 70
23 71
34 71
0 72
20 72
32 72
35 72
39 72
42 72
48 72
56 72
4 73
6 73
10 73
13 73
23 73
2 74
20 74
25 74
27 74
37 74
47 74
27 75
36 75
46 75
63 75
40 76
54 76
70 76
0 77
24 77
30 77
41 77
48 77
56 77
0 78
19 78
21 78
40 78
75 78
3 79
24 79
38 79
41 79
23 80
41 80
47 80
73 80
28 81
48 81
65 81
21 82
34 82
58 82
37 83
62 83
0 84
5 84
22 84
42 84
46 84
62 84
67 84
2 85
5 85
37 85
62 85
73 85
20 86
23 86
25 86
67 86
68 86
73 86
82 86
28 87
50 87
51 87
58 87
21 88
41 88
12 89
21 89
29 89
33 89
54 89
56 89
79 89
9 90
13 90
22 90
70 90
73 90
77 90
80 90
4 91
48 91
61 91
15 92
37 92
38 92
40 92
44 92
61 92
84 92
7 93
9 93
18 93
29 93
30 93
70 93
10 94
27 94
38 94
51 94
52 94
28 95
41 95
50 95
58 95
60 95
71 95
2 96
10 96
18 96
33 96
34 96
35 96
60 96
71 96
84 96
0 97
14 97
46 97
54 97
65 97
18 98
20 98
39 98
56 98
61 98
6 99
8 99
15 99
19 99
20 99
23 99
32 99
19 100
23 100
27 100
55 100
59 100
77 100
87 100
11 101
22 101
24 101
41 101
74 101
76 101
27 102
45 102
46 102
59 102
78 102
3 103
7 103
61 103
66 103
73 103
38 104
51 104
52 104
86 104
19 105
21 105
46 105
69 105
80 105
8 106
27 106
33 106
36 106
44 106
54 106
78 106
80 106
87 106
89 106
1 107
20 107
25 107
29 107
34 107
45 107
54 107
58 107
81 107
50 108
52 108
53 108
84 108
94 108
95 108
7 109
8 109
15 109
34 109
77 109
91 109
105 109
10 110
24 110
31 110
38 110
39 110
59 110
70 110
89 110
100 110
12 111
29 111
30 111
39 111
53 111
80 111
84 111
87 111
102 111
16 112
20 112
23 112
31 112
74 112
77 112
90 112
91 112
41 113
42 113
66 113
102 113
0 114
6 114
9 114
26 114
30 114
69 114
98 114
100 114
0 115
12 115
33 115
45 115
79 115
98 115
1 116
4 116
8 116
13 116
16 116
32 116
47 116
49 116
53 116
80 116
100 116
46 117
47 117
104 117
15 118
33 118
41 118
56 118
64 118
74 118
79 118
92 118
97 118
115 118
22 119
41 119
46 119
69 119
84 119
98 119
50 120
79 120
103 120
114 120
23 121
2 122
25 122
42 122
66 122
95 122
19 123
21 123
39 123
57 123
69 123
80 123
95 123
115 123
1 124
8 124
20 124
25 124
53 124
54 124
71 124
72 124
117 124
23 125
36 125
45 125
50 125
56 125
57 125
80 125
96 125
97 125
111 125
15 126
41 126
62 126
69 126
98 126
15 127
53 127
55 127
1 128
11 128
17 128
24 128
37 128
43 128
65 128
67 128
77 128
92 128
103 128
16 129
25 129
31 129
39 129
71 129
80 129
112 129
12 130
36 130
66 130
70 130
76 130
106 130
8 131
9 131
16 131
56 131
67 131
72 131
93 131
9 132
35 132
36 132
44 132
47 132
56 132
57 132
7 133
10 133
22 133
39 133
52 133
92 133
93 133
2 134
14 134
22 134
26 134
27 134
33 134
38 134
66 134
72 134
73 134
85 134
107 134
111 134
121 134
37 135
39 135
41 135
90 135
106 135
121 135
34 136
39 136
47 136
60 136
63 136
64 136
88 136
108 136
126 136
13 137
23 137
24 137
35 137
59 137
63 137
84 137
91 137
93 137
112 137
125 137
127 137
129 137
4 138
16 138
39 138
40 138
51 138
52 138
60 138
67 138
69 138
76 138
111 138
10 139
28 139
42 139
51 139
60 139
65 139
73 139
74 139
92 139
0 140
1 140
8 140
32 140
37 140
42 140
51 140
62 140
71 140
81 140
88 140
100 140
108 140
117 140
125 140
8 141
23 141
26 141
30 141
69 141
80 141
120 141
81 142
32 143
33 143
46 143
112 143
132 143
4 144
86 144
92 144
103 144
105 144
117 144
130 144
48 145
80 145
81 145
110 145
118 145
123 145
132 145
136 145
4 146
19 146
29 146
97 146
126 146
13 147
52 147
54 147
97 147
102 147
103 147
110 147
111 147
134 147
43 148
64 148
67 148
74 148
99 148
106 148
117 148
131 148
138 148
141 148
25 149
26 149
36 149
46 149
58 149
59 149
70 149
87 149
106 149
125 149
2 150
3 150
69 150
93 150
143 150
12 151
16 151
18 151
23 151
30 151
38 151
55 151
59 151
3 152
8 152
46 152
74 152
85 152
89 152
90 152
97 152
121 152
130 152
136 152
7 153
19 153
24 153
28 153
47 153
49 153
51 153
58 153
64 153
101 153
102 153
114 153
125 153
131 153
24 154
32 154
37 154
54 154
59 154
69 154
83 154
84 154
87 154
126 154
136 154
137 154
140 154
2 155
31 155
35 155
48 155
53 155
59 155
90 155
103 155
107 155
109 155
110 155
118 155
121 155
125 155
128 155
131 155
140 155
6 156
10 156
15 156
83 156
84 156
89 156
111 156
113 156
144 156
149 156
13 157
23 157
25 157
29 157
89 157
101 157
103 157
110 157
122 157
134 157
139 157
145 157
12 158
14 158
16 158
19 158
35 158
38 158
42 158
45 158
47 158
51 158
64 158
79 158
101 158
106 158
117 158
152 158
2 159
32 159
54 159
60 159
71 159
79 159
90 159
95 159
99 159
104 159
109 159
116 159
133 159
139 159
33 160
35 160
50 160
55 160
71 160
109 160
116 160
145 160
152 160
154 160
0 161
7 161
12 161
39 161
47 161
54 161
55 161
61 161
74 161
88 161
93 161
134 161
151 161
9 162
26 162
36 162
57 162
64 162
69 162
95 162
100 162
144 162
155 162
36 163
79 163
80 163
102 163
109 163
118 163
120 163
123 163
125 163
138 163
139 163
0 164
17 164
43 164
80 164
94 164
132 164
146 164
3 165
13 165
17 165
18 165
75 165
79 165
97 165
99 165
110 165
117 165
122 165
133 165
134 165
140 165
143 165
150 165
160 165
161 165
4 166
48 166
54 166
62 166
101 166
116 166
50 167
59 167
71 167
114 167
138 167
147 167
154 167
1 168
3 168
17 168
33 168
63 168
67 168
68 168
97 168
100 168
107 168
109 168
139 168
9 169
14 169
19 169
24 169
27 169
31 169
33 169
35 169
36 169
80 169
83 169
110 169
12 170
22 170
29 170
30 170
72 170
90 170
98 170
114 170
135 170
29 171
40 171
83 171
96 171
113 171
114 171
119 171
123 171
131 171
160 171
25 172
29 172
42 172
50 172
52 172
60 172
67 172
76 172
123 172
125 172
129 172
159 172
3 173
28 173
52 173
54 173
57 173
58 173
74 173
92 173
122 173
136 173
157 173
161 173
166 173
3 174
16 174
68 174
76 174
86 174
117 174
121 174
128 174
138 174
171 174
4 175
11 175
13 175
14 175
17 175
35 175
41 175
116 175
130 175
169 175
2 176
37 176
50 176
85 176
119 176
125 176
134 176
146 176
67 177
3 178
8 178
15 178
22 178
54 178
65 178
80 178
91 178
102 178
103 178
167 178
35 179
38 179
44 179
45 179
71 179
72 179
117 179
137 179
163 179
10 180
13 180
21 180
31 180
49 180
74 180
95 180
120 180
126 180
145 180
165 180
7 181
13 181
31 181
32 181
57 181
84 181
88 181
111 181
125 181
130 181
14 182
32 182
33 182
45 182
55 182
96 182
136 182
142 182
157 182
167 182
170 182
0 183
8 183
13 183
20 183
21 183
32 183
33 183
39 183
50 183
54 183
69 183
81 183
90 183
97 183
114 183
121 183
128 183
155 183
166 183
169 183
20 184
41 184
62 184
67 184
68 184
109 184
111 184
118 184
122 184
154 184
170 184
182 184
0 185
4 185
49 185
55 185
69 185
81 185
122 185
123 185
124 185
139 185
168 185
178 185
2 186
71 186
98 186
157 186
167 186
178 186
13 187
19 187
32 187
38 187
41 187
66 187
71 187
77 187
79 187
81 187
82 187
92 187
97 187
112 187
113 187
122 187
141 187
156 187
161 187
170 187
12 188
31 188
36 188
42 188
74 188
103 188
114 188
123 188
5 189
26 189
46 189
54 189
69 189
107 189
132 189
134 189
166 189
171 189
4 190
22 190
39 190
85 190
117 190
131 190
167 190
19 191
40 191
61 191
67 191
69 191
72 191
74 191
76 191
112 191
118 191
181 191
44 192
45 192
62 192
71 192
88 192
141 192
157 192
166 192
1 193
6 193
48 193
59 193
72 193
75 193
105 193
119 193
129 193
133 193
146 193
157 193
173 193
182 193
26 194
33 194
37 194
51 194
84 194
114 194
156 194
159 194
22 195
56 195
72 195
74 195
85 195
100 195
116 195
160 195
166 195
172 195
1 196
2 196
10 196
34 196
47 196
58 196
82 196
104 196
155 196
173 196
185 196
194 196
10 197
25 197
26 197
41 197
61 197
107 197
123 197
140 197
142 197
165 197
168 197
3 198
11 198
19 198
40 198
55 198
64 198
77 198
126 198
130 198
144 198
148 198
159 198
8 199
17 199
29 199
30 199
33 199
51 199
52 199
60 199
102 199
120 199
123 199
125 199
162 199
175 199
189 199
30 200
34 200
65 200
81 200
112 200
137 200
145 200
153 200
157 200
167 200
170 200
186 200
193 200
17 201
32 201
38 201
72 201
81 201
108 201
141 201
154 201
166 201
174 201
176 201
180 201
189 201
2 202
20 202
30 202
43 202
60 202
72 202
76 202
93 202
114 202
141 202
144 202
150 202
190 202
22 203
36 203
38 203
46 203
142 203
145 203
159 203
169 203
185 203
190 203
193 203
17 204
26 204
53 204
59 204
115 204
141 204
144 204
148 204
170 204
179 204
181 204
29 205
42 205
78 205
81 205
88 205
117 205
125 205
130 205
137 205
138 205
4 206
13 206
16 206
43 206
75 206
110 206
129 206
143 206
156 206
157 206
166 206
184 206
186 206
190 206
196 206
200 206
202 206
204 206
57 207
72 207
80 207
90 207
95 207
108 207
122 207
145 207
157 207
171 207
182 207
190 207
198 207
202 207
6 208
23 208
25 208
50 208
72 208
90 208
106 208
128 208
151 208
155 208
193 208
13 209
18 209
20 209
24 209
32 209
39 209
56 209
58 209
88 209
89 209
110 209
112 209
139 209
140 209
162 209
165 209
180 209
201 209
15 210
17 210
35 210
94 210
124 210
134 210
140 210
163 210
174 210
179 210
25 211
59 211
65 211
74 211
91 211
97 211
107 211
111 211
133 211
135 211
189 211
7 212
20 212
38 212
48 212
104 212
121 212
128 212
154 212
172 212
190 212
62 213
81 213
99 213
103 213
130 213
147 213
157 213
192 213
17 214
19 214
20 214
27 214
36 214
47 214
105 214
112 214
114 214
127 214
148 214
166 214
179 214
184 214
195 214
13 215
21 215
24 215
37 215
51 215
57 215
73 215
76 215
77 215
79 215
81 215
102 215
108 215
114 215
117 215
129 215
151 215
180 215
188 215
35 216
52 216
59 216
63 216
122 216
159 216
183 216
204 216
10 217
20 217
21 217
64 217
67 217
123 217
125 217
135 217
149 217
56 218
61 218
71 218
75 218
81 218
100 218
103 218
122 218
159 218
164 218
166 218
193 218
1 219
4 219
15 219
20 219
23 219
40 219
46 219
49 219
50 219
58 219
80 219
84 219
95 219
119 219
126 219
127 219
160 219
200 219
3 220
11 220
40 220
84 220
114 220
115 220
121 220
157 220
159 220
171 220
187 220
0 221
59 221
65 221
72 221
99 221
111 221
158 221
201 221
204 221
207 221
211 221
31 222
38 222
39 222
43 222
45 222
52 222
63 222
78 222
104 222
107 222
128 222
150 222
155 222
168 222
207 222
51 223
54 223
121 223
124 223
153 223
168 223
169 223
10 224
17 224
19 224
27 224
36 224
42 224
50 224
52 224
60 224
62 224
133 224
161 224
176 224
188 224
189 224
194 224
0 225
9 225
16 225
49 225
56 225
69 225
73 225
74 225
87 225
93 225
102 225
118 225
151 225
153 225
168 225
174 225
195 225
208 225
220 225
6 226
11 226
20 226
62 226
76 226
88 226
89 226
105 226
108 226
129 226
149 226
201 226
220 226
23 227
37 227
136 227
145 227
161 227
208 227
217 227
219 227
4 228
40 228
62 228
68 228
79 228
106 228
108 228
124 228
143 228
162 228
178 228
196 228
205 228
9 229
16 229
17 229
31 229
35 229
36 229
70 229
74 229
76 229
102 229
141 229
147 229
206 229
207 229
11 230
17 230
26 230
60 230
73 230
88 230
107 230
108 230
140 230
143 230
171 230
175 230
188 230
192 230
195 230
202 230
207 230
220 230
25 231
26 231
32 231
33 231
43 231
53 231
84 231
96 231
99 231
113 231
116 231
133 231
151 231
157 231
198 231
200 231
201 231
209 231
213 231
4 232
31 232
40 232
43 232
50 232
58 232
76 232
83 232
84 232
115 232
130 232
133 232
157 232
174 232
207 232
213 232
4 233
9 233
11 233
46 233
66 233
67 233
89 233
146 233
148 233
175 233
185 233
188 233
193 233
197 233
205 233
213 233
216 233
230 233
15 234
18 234
28 234
48 234
64 234
70 234
83 234
131 234
132 234
144 234
161 234
166 234
177 234
179 234
209 234
20 235
30 235
46 235
68 235
83 235
117 235
120 235
124 235
126 235
141 235
215 235
222 235
0 236
4 236
5 236
10 236
37 236
68 236
91 236
132 236
136 236
139 236
159 236
191 236
193 236
194 236
212 236
4 237
10 237
59 237
96 237
100 237
111 237
125 237
138 237
141 237
164 237
179 237
187 237
191 237
214 237
218 237
1 238
29 238
33 238
42 238
64 238
77 238
79 238
119 238
125 238
137 238
145 238
168 238
189 238
202 238
237 238
12 239
20 239
38 239
48 239
71 239
88 239
101 239
111 239
112 239
122 239
127 239
153 239
192 239
209 239
217 239
224 239
226 239
1 240
2 240
52 240
55 240
60 240
76 240
79 240
83 240
87 240
112 240
126 240
129 240
141 240
9 241
36 241
70 241
98 241
145 241
217 241
219 241
222 241
225 241
7 242
12 242
15 242
43 242
81 242
91 242
98 242
112 242
113 242
117 242
132 242
152 242
161 242
203 242
217 242
222 242
22 243
29 243
40 243
45 243
60 243
76 243
93 243
98 243
100 243
121 243
125 243
127 243
135 243
195 243
218 243
62 244
74 244
138 244
146 244
176 244
182 244
213 244
16 245
36 245
56 245
92 245
97 245
144 245
154 245
157 245
164 245
179 245
194 245
208 245
210 245
232 245
233 245
234 245
35 246
93 246
99 246
113 246
138 246
160 246
171 246
209 246
212 246
223 246
232 246
0 247
14 247
45 247
68 247
72 247
85 247
89 247
96 247
153 247
176 247
191 247
215 247
217 247
5 248
27 248
28 248
37 248
44 248
69 248
78 248
111 248
117 248
120 248
161 248
169 248
175 248
232 248
2 249
8 249
20 249
38 249
41 249
54 249
56 249
59 249
62 249
77 249
81 249
101 249
105 249
119 249
148 249
149 249
176 249
203 249
204 249
214 249
227 249
228 249
11 250
35 250
64 250
84 250
103 250
112 250
115 250
142 250
144 250
156 250
167 250
185 250
197 250
198 250
205 250
209 250
1 251
25 251
33 251
55 251
57 251
67 251
73 251
82 251
90 251
91 251
96 251
103 251
107 251
149 251
163 251
192 251
193 251
211 251
220 251
232 251
236 251
243 251
32 252
46 252
52 252
60 252
74 252
83 252
94 252
101 252
102 252
103 252
154 252
163 252
218 252
222 252
242 252
33 253
37 253
42 253
45 253
48 253
61 253
62 253
84 253
104 253
137 253
159 253
162 253
181 253
185 253
190 253
192 253
219 253
246 253
18 254
20 254
27 254
51 254
68 254
76 254
78 254
97 254
104 254
130 254
133 254
186 254
196 254
225 254
231 254
238 254
2 255
27 255
28 255
36 255
41 255
47 255
78 255
81 255
100 255
150 255
167 255
172 255
189 255
193 255
203 255
220 255
225 255
228 255
234 255
240 255
5 256
17 256
21 256
31 256
54 256
61 256
66 256
100 256
117 256
170 256
172 256
239 256
246 256
14 257
131 257
168 257
209 257
210 257
230 257
232 257
248 257
25 258
27 258
43 258
49 258
53 258
69 258
74 258
112 258
124 258
135 258
138 258
152 258
156 258
166 258
192 258
206 258
225 258
239 258
241 258
29 259
45 259
52 259
69 259
86 259
93 259
95 259
129 259
135 259
141 259
146 259
155 259
171 259
180 259
189 259
193 259
201 259
220 259
224 259
2 260
14 260
72 260
76 260
89 260
93 260
95 260
110 260
118 260
168 260
174 260
184 260
187 260
210 260
215 260
235 260
244 260
7 261
19 261
27 261
34 261
58 261
123 261
125 261
129 261
207 261
220 261
226 261
240 261
245 261
248 261
251 261
8 262
45 262
51 262
69 262
85 262
91 262
107 262
116 262
130 262
143 262
171 262
179 262
209 262
226 262
234 262
239 262
27 263
33 263
38 263
43 263
69 263
70 263
82 263
92 263
94 263
101 263
102 263
111 263
121 263
127 263
154 263
174 263
176 263
184 263
186 263
189 263
202 263
217 263
237 263
248 263
13 264
16 264
28 264
55 264
61 264
77 264
83 264
85 264
166 264
172 264
198 264
250 264
2 265
14 265
19 265
24 265
47 265
87 265
110 265
131 265
157 265
200 265
205 265
5 266
27 266
33 266
50 266
63 266
75 266
121 266
126 266
133 266
145 266
147 266
150 266
186 266
210 266
247 266
248 266
8 267
30 267
51 267
85 267
124 267
127 267
161 267
162 267
164 267
179 267
191 267
194 267
196 267
198 267
202 267
205 267
206 267
253 267
3 268
4 268
34 268
38 268
77 268
111 268
114 268
123 268
124 268
133 268
165 268
187 268
193 268
234 268
243 268
247 268
258 268
4 269
8 269
31 269
33 269
36 269
46 269
48 269
53 269
54 269
82 269
83 269
92 269
96 269
103 269
128 269
142 269
143 269
202 269
204 269
210 269
217 269
241 269
268 269
21 270
53 270
59 270
80 270
92 270
106 270
109 270
120 270
158 270
163 270
177 270
195 270
201 270
205 270
231 270
241 270
260 270
265 270
0 271
36 271
46 271
50 271
82 271
83 271
132 271
138 271
171 271
174 271
227 271
238 271
259 271
263 271
19 272
21 272
42 272
43 272
66 272
72 272
74 272
83 272
142 272
179 272
190 272
192 272
193 272
198 272
207 272
253 272
268 272
18 273
42 273
60 273
86 273
119 273
131 273
145 273
218 273
223 273
231 273
262 273
265 273
267 273
20 274
43 274
74 274
78 274
82 274
130 274
135 274
157 274
182 274
209 274
217 274
225 274
263 274
19 275
75 275
107 275
143 275
154 275
193 275
235 275
259 275
9 276
13 276
25 276
39 276
54 276
59 276
67 276
78 276
100 276
104 276
114 276
129 276
142 276
144 276
191 276
192 276
194 276
209 276
215 276
229 276
37 277
67 277
71 277
74 277
82 277
85 277
110 277
114 277
128 277
141 277
179 277
187 277
201 277
212 277
238 277
242 277
253 277
45 278
85 278
96 278
106 278
130 278
140 278
142 278
143 278
161 278
164 278
165 278
168 278
169 278
170 278
182 278
193 278
215 278
234 278
241 278
243 278
253 278
257 278
2 279
18 279
29 279
52 279
117 279
130 279
146 279
147 279
173 279
205 279
207 279
240 279
247 279
253 279
260 279
272 279
16 280
22 280
54 280
87 280
90 280
95 280
101 280
107 280
134 280
141 280
156 280
171 280
180 280
194 280
237 280
242 280
273 280
23 281
29 281
30 281
33 281
34 281
46 281
50 281
52 281
56 281
69 281
98 281
110 281
147 281
149 281
162 281
176 281
186 281
187 281
208 281
210 281
211 281
224 281
263 281
272 281
0 282
44 282
56 282
98 282
122 282
131 282
142 282
145 282
156 282
191 282
208 282
237 282
270 282
3 283
9 283
34 283
38 283
66 283
68 283
78 283
99 283
145 283
151 283
174 283
194 283
214 283
243 283
253 283
262 283
6 284
13 284
28 284
36 284
67 284
69 284
80 284
95 284
97 284
107 284
116 284
125 284
128 284
162 284
168 284
170 284
172 284
210 284
246 284
271 284
19 285
34 285
72 285
84 285
154 285
159 285
165 285
179 285
189 285
191 285
227 285
243 285
245 285
265 285
268 285
1 286
3 286
33 286
38 286
94 286
128 286
168 286
174 286
175 286
198 286
214 286
238 286
247 286
273 286
1 287
5 287
27 287
56 287
82 287
89 287
112 287
122 287
124 287
140 287
155 287
180 287
195 287
199 287
207 287
209 287
217 287
220 287
225 287
250 287
253 287
265 287
273 287
20 288
34 288
39 288
46 288
54 288
58 288
62 288
97 288
111 288
114 288
163 288
166 288
186 288
190 288
232 288
241 288
242 288
286 288
5 289
28 289
36 289
50 289
79 289
87 289
98 289
99 289
115 289
124 289
126 289
152 289
156 289
192 289
196 289
213 289
217 289
240 289
249 289
261 289
7 290
15 290
38 290
48 290
49 290
50 290
64 290
71 290
88 290
105 290
111 290
148 290
151 290
171 290
209 290
233 290
244 290
254 290
262 290
263 290
27 291
55 291
85 291
96 291
134 291
136 291
153 291
157 291
166 291
197 291
212 291
219 291
225 291
233 291
243 291
272 291
26 292
68 292
80 292
83 292
85 292
116 292
146 292
168 292
219 292
238 292
260 292
272 292
10 293
44 293
48 293
53 293
56 293
62 293
64 293
118 293
178 293
189 293
203 293
217 293
228 293
230 293
236 293
282 293
0 294
2 294
48 294
78 294
103 294
119 294
147 294
190 294
204 294
253 294
264 294
281 294
25 295
58 295
79 295
87 295
99 295
108 295
109 295
121 295
135 295
147 295
155 295
169 295
205 295
206 295
212 295
217 295
220 295
229 295
281 295
284 295
22 296
57 296
60 296
92 296
101 296
117 296
123 296
172 296
173 296
179 296
181 296
188 296
227 296
243 296
276 296
1 297
36 297
91 297
114 297
120 297
136 297
166 297
175 297
190 297
192 297
211 297
221 297
237 297
254 297
258 297
264 297
2 298
31 298
32 298
44 298
47 298
51 298
76 298
81 298
84 298
86 298
115 298
122 298
140 298
157 298
162 298
167 298
173 298
178 298
199 298
201 298
220 298
222 298
227 298
228 298
245 298
265 298
279 298
281 298
29 299
79 299
81 299
91 299
110 299
122 299
129 299
132 299
159 299
164 299
175 299
192 299
223 299
245 299
270 299
273 299
