100 144 6
11 32 21 40 48 19 48 44 34 26 7 11 46 9 22 31 21 27 31 40 45 17 9 7 48 15 50 17 18 48 47 3 49 15 19 48 47 25 32 39 30 10 6 39 37 41 50 1 9 37 14 33 17 11 21 4 13 46 13 18 19 33 2 25 2 36 26 49 1 9 47 29 28 6 26 50 43 26 31 18 36 12 10 43 10 6 40 34 44 5 5 42 1 6 12 41 19 27 35 19
0 1
0 2
0 4
1 3
1 5
2 5
2 6
3 6
4 5
4 11
5 7
6 7
6 11
7 8
7 9
8 10
8 12
9 10
9 12
10 13
10 14
11 12
11 14
12 13
12 16
13 19
13 21
13 23
14 15
15 16
16 17
17 18
17 21
17 23
18 19
19 20
20 22
21 22
22 24
22 25
23 24
24 26
24 27
25 26
25 27
25 28
26 29
27 29
27 30
28 31
28 33
29 32
30 31
30 32
31 34
31 36
32 33
32 35
33 34
33 37
34 38
35 36
36 37
37 38
37 40
38 39
38 41
39 42
39 44
40 42
41 42
42 43
43 45
44 45
45 46
46 47
47 48
47 51
48 49
49 50
49 52
49 54
50 56
51 52
51 54
52 53
53 55
53 56
54 57
55 58
56 57
57 58
58 59
59 60
59 62
60 61
60 63
61 65
62 63
63 64
64 65
64 66
65 67
65 70
66 68
67 68
68 69
69 71
69 72
70 73
71 73
71 74
72 75
73 75
74 79
75 76
76 77
77 78
77 80
78 79
79 81
79 82
80 82
81 83
81 87
82 83
82 87
83 84
84 85
84 86
85 88
86 88
87 88
88 89
89 90
90 91
91 92
92 93
93 94
94 95
95 96
96 97
96 98
98 99
