100 156 5
21 43 7 14 8 7 30 30 19 38 1 36 27 22 17 13 40 19 6 48 14 6 18 46 47 34 11 39 32 15 12 42 19 19 35 28 44 14 32 25 37 17 11 50 18 49 30 43 26 32 14 44 41 47 20 28 19 14 27 27 19 2 21 28 11 49 43 4 34 26 3 22 2 18 48 20 33 35 1 10 42 48 1 41 6 10 28 42 7 40 33 25 11 42 2 16 39 24 30 48
0 1
0 2
1 4
2 3
2 7
3 5
4 7
5 8
6 7
7 9
7 11
8 9
8 11
9 10
9 12
10 13
10 14
10 15
11 12
11 14
12 13
12 17
13 18
13 19
14 16
15 17
15 23
16 17
16 18
16 19
16 23
17 21
18 20
18 21
19 21
20 22
21 22
22 24
23 24
24 25
25 26
26 27
27 28
28 29
28 31
29 30
30 32
31 32
32 33
33 34
33 35
34 36
35 42
35 44
35 46
36 37
36 39
37 38
37 40
37 42
38 41
39 43
40 43
41 43
41 46
42 45
43 44
44 45
45 47
46 47
47 48
48 49
48 50
49 51
49 52
49 53
50 51
50 52
50 54
51 56
51 57
52 55
53 57
54 55
55 56
55 57
55 59
56 58
56 61
57 60
57 63
58 62
58 64
59 62
59 64
60 61
61 62
61 64
62 65
62 66
63 65
63 66
64 65
64 66
65 67
66 69
66 70
67 68
68 69
68 70
69 71
70 71
71 72
72 73
73 74
73 75
74 76
75 77
76 77
76 79
77 78
78 80
79 80
80 81
80 84
80 85
81 82
81 86
81 90
82 83
82 87
83 89
84 88
84 90
85 86
85 88
85 90
86 89
87 88
88 92
88 94
88 96
89 91
89 92
89 94
89 96
90 91
91 93
91 95
93 99
94 95
95 97
96 97
96 98
97 99
98 99
