100 158 9
41 19 22 23 12 1 35 33 42 50 22 4 48 24 28 42 16 45 28 48 37 20 35 32 3 38 30 38 19 14 8 44 27 26 30 23 23 34 43 8 50 15 18 33 16 19 13 43 37 16 28 4 10 7 50 6 16 15 30 18 27 15 5 6 37 50 29 32 22 8 25 42 48 8 22 18 11 48 19 35 30 34 9 33 31 14 47 19 14 13 28 43 12 28 28 26 11 10 25 18
0 1
0 3
1 4
2 4
2 5
2 7
3 5
4 8
4 10
5 8
5 10
6 7
7 13
8 9
9 12
10 11
11 13
12 13
13 14
14 15
15 16
16 17
17 18
18 19
18 21
19 20
19 29
20 22
20 23
21 25
21 29
22 24
22 26
23 27
23 30
24 25
25 27
25 28
26 31
26 32
27 31
28 30
29 30
30 32
30 33
31 33
32 34
32 37
33 34
33 37
34 35
34 41
35 36
35 38
35 39
35 40
36 42
36 43
37 40
38 46
38 48
39 44
40 43
40 44
40 46
41 44
42 46
43 45
44 45
45 47
46 49
46 50
47 48
47 49
48 50
49 52
49 53
50 51
51 52
51 53
52 54
53 54
54 55
54 56
55 60
56 57
57 58
58 59
59 60
59 61
60 62
61 62
62 63
62 64
63 71
63 79
64 65
64 68
65 66
65 67
66 69
66 70
66 79
67 69
67 72
68 69
68 72
69 71
69 73
69 74
70 72
71 75
71 78
71 83
72 73
72 76
73 75
73 83
74 76
75 77
75 81
75 84
76 77
76 83
77 80
78 84
79 82
79 85
80 87
80 89
81 82
81 85
82 86
83 84
84 85
84 86
85 91
85 93
86 87
86 89
87 88
87 90
88 91
88 92
89 92
90 91
90 92
91 94
91 96
91 97
92 93
92 94
93 95
93 97
94 98
96 98
97 98
98 99
