100 264 10
34 34 9 41 36 37 4 4 34 22 50 46 4 38 45 17 16 39 9 46 25 17 16 34 42 34 32 9 33 25 43 16 50 23 38 18 20 21 2 35 12 46 7 45 15 38 4 14 50 16 28 2 32 9 44 9 14 1 37 28 30 14 22 42 31 12 20 9 39 47 46 37 4 1 39 46 22 32 13 41 30 10 10 19 19 30 38 16 40 39 30 20 8 24 9 40 42 38 25 46
0 7
0 8
0 16
1 5
1 12
2 3
2 7
3 6
3 17
3 19
3 22
4 25
4 29
4 34
5 6
5 7
5 21
5 32
6 44
6 48
6 49
7 11
7 44
8 20
8 21
9 11
9 20
9 32
9 39
10 18
10 22
10 23
10 38
10 41
10 49
11 18
11 19
11 27
12 14
12 20
12 35
12 42
13 21
13 27
13 28
13 39
13 41
14 24
14 29
14 30
14 41
14 50
14 58
15 23
15 28
15 31
15 32
16 20
16 27
16 44
17 54
17 57
17 60
17 61
17 72
18 37
19 26
19 35
19 43
20 23
20 24
20 28
20 31
20 34
20 38
21 23
21 33
21 35
21 49
22 28
22 46
22 58
22 64
23 25
23 29
23 30
23 37
23 50
23 55
24 43
25 45
25 75
25 76
25 79
26 30
26 31
26 38
26 41
26 42
26 48
26 58
27 42
27 52
28 50
28 53
28 61
28 72
29 45
29 48
30 56
30 57
30 59
30 67
30 69
31 33
31 45
32 36
32 38
32 42
33 50
33 51
33 52
34 36
34 51
34 55
35 53
35 63
35 67
36 45
36 47
36 48
36 58
37 46
37 52
37 64
38 40
38 46
38 51
39 46
39 50
39 51
40 52
41 53
41 63
41 67
42 51
42 62
42 70
43 47
43 60
44 67
44 69
44 78
45 57
45 72
46 53
46 56
47 49
48 53
48 61
48 64
49 52
49 57
49 59
49 69
50 54
50 57
50 75
51 57
51 69
52 54
52 67
52 72
52 78
53 59
53 60
53 62
53 74
53 78
54 66
54 73
54 76
55 63
55 64
55 66
56 63
56 68
57 63
57 77
58 60
59 65
60 65
60 77
60 84
60 91
61 78
61 89
62 88
63 71
63 78
64 68
64 77
64 79
64 84
64 93
65 66
66 68
66 79
66 86
66 93
67 70
67 75
67 84
68 70
68 71
68 81
68 82
69 74
70 87
70 88
70 89
71 83
71 96
72 73
72 81
72 86
72 91
73 92
73 97
74 75
74 79
74 81
74 93
75 97
76 81
76 82
76 95
77 82
77 83
78 80
78 86
78 91
79 87
80 84
81 85
81 90
81 94
82 88
82 89
82 92
84 85
84 92
84 95
84 97
85 88
86 99
88 96
88 98
89 90
90 97
92 94
92 99
93 98
97 98
