100 205 3
25 19 47 18 26 40 31 36 39 7 29 21 2 27 48 21 42 6 3 27 33 2 15 30 13 7 22 40 46 44 29 27 10 8 9 23 24 42 22 5 33 33 43 48 23 8 16 38 27 45 48 23 8 47 30 24 28 22 40 31 15 2 45 27 45 24 34 34 4 38 29 35 8 28 42 37 39 19 30 20 33 8 30 25 38 21 43 13 19 16 39 7 16 10 19 43 50 29 27 21
0 3
0 10
0 11
0 13
1 12
2 3
2 5
3 14
3 17
3 23
4 5
5 10
5 11
5 17
5 20
6 8
6 9
6 12
6 15
7 10
7 14
8 17
9 16
9 23
9 28
10 21
10 26
10 31
11 19
11 21
11 23
12 13
12 26
13 16
13 18
13 20
14 18
14 24
15 16
15 17
15 21
16 24
16 25
17 19
17 34
18 21
18 22
18 30
19 24
19 25
19 26
20 22
20 38
20 43
21 28
21 33
21 34
22 32
23 31
23 34
24 27
24 30
24 36
25 31
25 38
26 29
26 32
26 39
27 29
27 33
28 35
28 36
29 35
29 38
30 39
30 43
30 47
31 33
31 39
32 33
32 47
33 40
33 46
34 35
34 36
34 37
34 38
35 40
35 41
36 39
36 44
37 43
38 47
39 40
39 48
40 42
41 46
42 45
42 50
42 51
42 55
43 44
44 46
44 55
45 53
45 56
46 48
46 54
47 48
48 49
48 51
49 50
50 52
50 53
51 52
52 63
52 64
53 57
54 59
54 67
55 65
56 63
56 65
57 58
57 60
57 67
58 63
58 65
59 66
59 71
59 76
60 61
60 62
61 87
62 66
62 79
62 80
63 68
63 69
63 72
64 65
65 66
65 69
65 72
66 68
66 78
67 70
67 71
67 76
68 70
68 73
68 75
68 89
69 70
69 71
70 88
71 79
71 80
72 74
72 76
73 81
73 87
74 78
74 79
74 81
74 82
75 83
75 85
75 86
76 77
76 79
76 81
76 82
77 83
78 86
78 92
79 86
80 81
80 82
80 86
81 88
82 83
82 84
82 89
83 87
83 88
84 85
84 91
85 87
86 91
87 92
87 94
88 93
89 90
89 92
90 94
91 94
92 95
93 94
93 95
94 96
95 97
96 97
97 98
97 99
