100 158 8
50 46 6 28 9 34 34 20 34 9 50 5 39 36 6 14 26 30 48 32 18 33 49 7 28 7 36 17 29 10 23 36 30 34 9 43 36 13 21 6 37 40 14 13 28 43 13 1 11 14 35 31 11 49 5 1 3 31 8 33 47 43 44 49 32 7 44 23 43 34 21 1 24 21 27 50 14 39 22 41 33 24 21 16 18 19 33 34 42 11 29 44 26 30 46 35 18 43 14 9
0 2
0 3
1 2
1 3
2 6
2 7
3 4
4 5
4 6
5 7
6 8
7 8
8 9
9 10
9 12
10 11
11 13
11 14
12 13
12 14
13 17
13 18
14 15
15 16
15 19
16 17
16 21
17 20
18 20
18 21
19 23
20 23
20 24
21 22
21 23
21 24
22 25
23 25
24 25
25 26
25 27
26 29
26 32
27 28
27 29
28 33
28 34
29 30
30 31
30 33
31 34
31 35
32 34
32 35
33 35
33 36
34 37
34 38
35 37
35 38
36 38
36 39
36 40
37 39
37 40
38 43
39 41
40 42
40 43
41 42
41 43
42 44
43 44
44 45
44 46
45 48
46 47
46 53
47 48
47 49
48 51
49 50
49 51
50 52
51 52
51 54
52 55
53 54
54 55
55 56
55 57
55 58
56 61
56 63
57 59
58 59
58 60
59 61
59 62
60 61
60 62
61 65
62 63
62 64
63 65
64 65
65 66
66 67
67 68
67 69
68 72
69 70
69 71
70 75
71 72
71 74
72 73
72 79
73 75
73 78
74 75
74 78
75 76
75 81
76 77
76 80
77 82
78 80
78 82
79 84
80 83
81 83
82 83
83 84
84 85
85 86
86 87
86 88
86 89
87 90
87 92
88 90
88 94
89 90
89 92
90 91
90 93
92 93
92 94
93 95
93 96
93 97
94 96
94 97
95 98
96 99
97 98
98 99
