100 165 9
9 7 19 8 2 29 15 12 46 43 15 7 10 4 12 14 41 15 35 13 19 21 26 16 35 20 48 36 47 29 18 19 42 5 46 21 14 45 25 50 10 12 4 36 50 1 31 43 38 45 28 47 37 22 28 47 42 34 19 49 22 11 44 44 30 22 29 24 19 14 10 48 24 3 33 18 10 16 9 13 11 45 33 19 33 19 46 14 32 17 33 15 35 5 16 28 46 16 24 34
0 3
1 3
2 5
2 6
3 4
3 5
4 6
5 9
6 7
7 8
8 9
8 10
9 11
9 12
10 14
10 15
10 16
11 13
12 13
13 14
13 15
13 16
14 20
15 17
15 19
16 17
16 18
16 19
17 20
18 22
18 23
19 20
20 21
21 22
22 24
22 25
23 24
23 25
24 26
24 27
25 27
25 28
26 28
26 29
26 30
27 29
27 30
28 39
28 41
28 44
29 31
30 31
30 32
31 35
31 36
32 33
32 35
32 36
33 34
34 37
35 40
35 41
36 37
37 38
37 40
37 41
38 39
38 42
39 43
39 46
39 47
40 42
40 45
41 43
41 45
41 46
42 43
42 44
42 46
42 47
43 48
44 48
45 49
46 48
47 51
48 49
49 50
49 53
50 51
51 52
52 54
53 55
54 55
55 56
56 57
57 58
58 59
58 61
59 60
60 62
60 64
61 63
62 63
63 65
64 66
65 66
66 67
67 68
67 69
67 72
68 70
68 73
69 70
70 71
70 74
71 75
71 76
71 79
72 73
72 79
73 74
74 75
74 76
74 77
75 80
75 81
76 78
77 80
77 89
78 80
78 81
79 86
79 93
80 82
80 84
80 85
81 82
81 85
81 89
81 93
82 83
82 86
83 87
84 86
84 93
85 86
86 87
87 88
87 90
88 91
88 92
89 91
89 92
90 91
90 92
91 94
91 95
92 94
92 95
93 95
94 96
95 96
96 97
97 98
97 99
