100 129 10
12 15 35 50 18 47 11 43 8 16 38 5 33 2 41 22 23 29 7 42 2 8 6 38 14 13 45 29 44 49 37 14 1 33 50 31 39 8 25 38 37 39 36 18 17 34 17 47 2 34 2 4 16 21 46 9 42 21 8 1 3 40 13 29 28 33 28 22 26 36 8 28 44 23 41 15 29 48 29 19 32 44 26 48 50 15 43 41 4 2 48 14 9 3 8 45 28 29 49 35
0 1
0 2
1 3
2 4
3 4
4 5
5 6
6 7
6 8
7 10
8 9
8 10
9 11
10 11
11 12
11 15
12 13
13 14
14 16
15 21
16 17
17 18
17 19
18 21
19 20
20 22
20 23
21 22
21 23
22 24
22 26
23 28
24 25
25 27
26 27
27 28
27 29
28 30
28 33
29 33
29 34
30 31
31 32
31 34
32 36
33 35
34 35
35 37
36 38
37 38
38 39
39 40
40 41
40 42
41 43
41 44
42 43
42 45
42 46
43 47
44 45
44 48
45 49
46 47
47 48
48 49
48 50
49 51
49 52
50 53
51 56
51 57
52 54
53 55
54 55
55 56
55 57
56 58
57 59
58 59
59 60
59 61
60 62
61 62
62 63
63 64
64 65
65 66
66 67
66 69
67 68
67 71
68 70
69 70
69 71
70 72
71 72
72 73
72 74
73 75
74 75
75 76
76 77
77 78
78 79
78 80
79 83
80 81
81 82
82 83
83 84
84 85
85 86
85 87
86 90
87 88
88 89
89 90
90 91
91 92
91 93
92 94
93 94
94 95
95 96
95 97
96 98
97 98
98 99
