100 135 3
35 20 7 46 44 21 44 7 18 8 4 23 48 17 4 49 13 38 5 47 10 43 12 2 4 42 27 32 12 22 28 50 10 8 11 6 23 19 3 17 23 33 40 17 5 43 14 4 19 48 36 26 17 11 42 47 45 12 49 46 36 21 3 38 6 11 17 40 10 36 37 46 12 32 1 7 23 3 28 50 22 23 37 40 13 49 39 23 12 29 9 30 4 5 7 46 13 44 30 20
0 1
0 4
1 3
2 3
2 4
3 5
4 5
5 6
6 7
7 8
8 9
9 10
10 11
10 12
11 13
12 15
13 14
14 15
14 18
15 16
16 17
16 19
17 20
18 19
19 20
19 21
20 22
21 22
22 23
23 24
24 25
25 26
25 27
25 28
26 29
27 30
28 29
28 30
29 32
29 33
30 31
30 32
31 33
32 35
33 34
33 35
34 37
34 40
35 36
35 37
35 38
36 40
37 39
37 42
38 39
39 43
40 41
41 42
42 43
43 44
44 45
44 46
45 48
46 47
47 48
48 49
49 50
49 51
50 56
51 52
52 53
53 54
54 55
54 56
55 59
56 57
56 59
57 58
57 60
57 62
58 63
58 64
59 60
59 62
60 61
60 63
61 64
61 66
62 63
62 64
63 67
63 69
64 65
64 67
64 69
65 68
66 67
66 69
67 68
68 70
69 70
70 71
70 73
71 72
72 74
73 74
74 75
74 76
75 78
76 77
77 78
78 79
79 80
80 81
81 82
82 83
83 84
84 85
85 86
85 87
86 89
87 88
88 89
89 90
90 91
90 93
91 92
92 94
92 96
93 96
93 97
94 95
95 97
97 98
97 99
