100 166 2
48 33 28 37 5 14 27 36 45 48 34 50 47 27 48 14 29 30 3 8 17 37 4 7 31 23 27 47 11 6 2 31 21 45 12 31 4 18 23 37 14 45 48 29 42 37 7 37 15 26 7 4 11 24 35 14 2 11 36 16 39 17 6 1 30 15 22 47 20 27 8 39 31 25 20 49 17 41 42 17 46 15 20 26 10 40 6 3 18 5 27 43 7 46 32 47 3 22 5 8
0 4
0 5
1 2
1 5
2 8
3 4
3 8
3 13
4 6
4 10
5 6
5 7
6 12
6 16
7 8
7 13
8 9
9 10
9 12
10 11
10 14
10 15
11 16
11 17
12 15
13 14
13 15
14 16
14 17
15 17
15 18
16 19
16 20
17 20
17 21
17 23
18 20
18 22
19 21
19 23
20 24
20 25
21 22
21 28
22 24
23 29
23 30
24 26
25 28
26 27
26 29
27 30
27 33
28 29
29 31
29 33
30 31
31 32
32 34
33 34
34 35
34 36
35 38
35 41
36 37
36 41
37 38
38 39
39 40
39 43
40 42
41 43
42 44
43 44
44 45
44 46
45 48
45 49
46 47
46 49
47 50
47 56
47 57
48 50
48 56
48 57
49 51
50 58
50 60
51 52
52 53
52 54
53 55
54 55
55 56
55 57
55 60
56 62
56 63
57 58
58 59
59 61
60 63
60 71
61 62
61 63
62 64
62 65
62 71
63 64
63 65
64 66
64 69
65 66
65 68
66 67
66 75
67 70
68 74
68 75
68 77
69 73
69 78
70 72
71 74
71 82
72 73
72 74
72 77
73 79
73 80
73 82
74 76
74 79
75 76
75 78
75 82
76 80
77 78
78 80
79 83
80 81
81 83
81 84
82 83
82 84
83 86
83 87
84 85
84 87
85 86
86 89
87 88
88 89
89 90
90 91
91 92
91 93
92 94
92 98
93 98
94 95
95 96
96 97
96 99
98 99
