100 167 4
2 3 26 50 46 33 48 50 11 37 13 22 16 41 4 9 36 34 14 11 1 11 35 10 21 19 46 28 16 35 7 31 5 7 14 11 35 28 48 23 41 8 44 38 40 3 3 44 38 3 8 18 20 42 14 36 23 47 6 40 48 49 40 3 19 39 42 9 28 28 29 45 24 12 15 39 23 48 15 21 28 43 34 22 22 21 43 28 2 9 23 28 10 32 45 11 38 7 41 21
0 2
0 3
0 5
1 5
1 7
2 4
3 4
3 9
4 6
5 9
6 7
7 8
7 10
7 14
8 11
8 12
9 14
10 16
11 13
11 16
12 15
12 16
13 15
14 15
15 17
16 17
17 18
18 19
18 20
19 21
19 22
20 30
20 32
20 34
21 23
21 24
22 23
22 24
23 25
23 29
24 26
24 29
25 27
25 30
26 27
27 28
28 31
28 32
28 35
29 30
29 31
30 35
31 33
31 34
32 33
33 36
34 38
35 36
36 37
36 38
36 39
37 41
38 40
39 41
40 41
41 42
42 43
43 44
43 45
44 46
44 47
45 48
45 49
46 48
46 51
46 57
47 48
47 52
47 53
47 57
48 50
48 54
49 50
49 51
49 57
50 56
51 52
51 53
52 54
52 58
53 59
53 60
53 62
54 55
55 60
55 62
55 64
56 60
57 60
58 61
58 62
58 64
59 64
59 67
60 61
60 63
61 66
61 67
62 63
63 65
63 67
63 68
64 66
64 68
65 66
65 69
66 71
66 74
67 73
68 69
69 70
69 71
69 72
69 73
70 77
71 75
71 77
71 81
72 76
72 79
72 80
73 77
74 79
74 84
75 76
76 82
77 78
78 79
78 80
78 84
79 82
80 82
81 82
82 83
83 85
83 93
84 85
85 86
86 87
87 88
88 89
89 90
89 92
90 91
91 99
92 94
92 95
92 96
93 95
93 97
93 98
94 97
94 98
95 99
96 98
97 99
98 99
