100 150 5
40 14 4 25 39 43 41 2 9 18 21 30 11 41 46 27 17 49 42 17 31 49 34 44 20 41 18 35 31 29 48 32 48 41 20 26 14 13 40 16 31 29 2 50 13 50 45 6 39 8 22 35 17 13 45 20 45 38 8 9 25 25 7 30 21 15 22 46 39 50 34 47 23 25 9 28 2 4 49 28 24 24 44 38 45 26 38 4 6 22 28 8 50 40 37 49 37 20 16 27
0 5
0 11
1 2
2 3
3 5
3 6
4 7
4 9
5 7
5 9
6 7
6 11
7 8
7 10
7 12
7 13
8 15
9 12
10 15
11 12
11 13
12 14
13 14
14 16
15 16
16 17
17 18
17 19
18 20
19 21
19 23
20 21
20 22
21 25
21 27
22 23
22 24
23 26
23 27
24 25
25 26
25 28
25 30
26 29
26 31
26 35
27 29
27 30
28 31
29 32
30 32
31 33
32 33
33 34
33 36
33 38
34 37
35 36
35 37
35 38
36 45
37 39
38 39
39 40
40 41
41 42
42 43
43 44
44 45
44 46
44 51
45 47
46 48
47 48
47 53
47 55
48 49
49 50
50 52
50 56
51 54
51 56
52 54
53 54
54 57
55 56
56 58
57 58
58 59
58 60
59 61
59 62
59 64
60 66
61 63
62 69
63 65
63 67
64 67
65 66
66 68
67 68
68 69
69 70
70 71
71 72
72 73
72 75
73 74
74 76
75 76
76 77
76 79
77 78
77 80
78 81
78 82
79 83
79 85
80 83
80 87
81 84
81 85
81 87
81 92
82 83
83 84
83 86
84 88
84 89
84 91
85 90
85 91
86 93
87 94
87 96
88 94
88 97
89 90
90 93
91 94
91 96
92 98
93 94
93 96
94 95
95 98
96 97
96 98
98 99
