100 147 10
9 49 47 24 2 31 12 1 49 42 2 1 27 39 39 2 50 15 2 34 27 39 35 20 43 11 44 10 49 38 38 36 22 9 36 19 11 14 24 5 1 11 41 47 34 41 40 27 37 30 40 8 40 35 2 8 44 23 21 34 31 40 34 48 29 46 18 47 50 34 42 49 24 21 37 49 2 25 5 31 7 4 39 32 13 13 37 44 38 22 26 2 18 5 22 33 16 30 26 35
0 2
0 5
1 2
2 3
2 9
3 4
4 6
5 6
6 7
7 8
7 10
8 12
9 11
9 12
10 11
11 13
12 13
12 14
13 15
13 19
14 15
14 19
15 16
16 17
16 20
17 18
17 21
17 23
18 22
19 21
19 22
19 23
20 25
21 24
22 25
23 26
23 28
23 29
24 25
25 26
25 28
25 29
26 27
27 30
28 30
29 31
30 31
31 32
31 33
32 34
32 35
33 34
33 35
34 37
35 36
35 37
35 40
36 39
37 38
37 42
38 41
39 42
40 41
41 43
42 43
42 44
43 45
44 45
45 46
45 48
46 47
47 49
48 49
49 50
50 51
51 52
51 54
51 57
52 53
52 56
53 55
53 59
54 55
54 59
55 58
56 63
57 59
58 61
58 62
59 60
59 62
60 61
61 63
62 63
63 64
64 65
64 68
64 70
65 66
65 67
66 69
66 73
67 69
67 71
68 69
68 71
69 72
69 75
70 71
70 72
71 73
71 74
71 75
72 74
73 76
74 76
75 77
76 77
77 78
78 79
79 80
80 81
81 82
81 84
82 83
82 85
82 87
83 86
83 88
84 86
85 86
86 90
87 89
88 89
89 90
90 91
91 92
91 93
92 94
92 95
93 94
93 95
94 96
95 98
96 97
97 99
98 99
