100 162 6
17 40 6 22 1 31 37 42 33 23 31 8 2 28 42 41 27 26 19 43 50 34 37 34 8 41 11 18 36 24 31 28 29 44 49 13 21 6 23 6 49 46 4 43 31 35 5 27 12 38 37 50 13 5 15 49 19 43 45 10 6 31 7 29 40 6 50 4 26 5 27 10 28 43 27 39 29 19 26 32 37 35 28 22 5 13 23 21 22 50 27 13 13 29 36 20 10 10 31 37
0 3
0 4
1 4
1 8
2 4
2 8
3 5
3 8
4 5
5 6
6 7
7 9
7 11
7 13
8 9
8 13
9 10
10 12
10 14
11 12
11 14
12 15
13 14
13 15
14 16
14 18
15 16
15 18
16 17
16 20
17 19
17 21
18 19
18 20
19 22
19 29
20 21
21 22
22 23
22 24
23 25
24 30
25 26
26 27
27 28
27 32
28 30
28 31
29 30
29 33
30 36
30 40
31 34
31 36
32 33
32 36
33 34
33 35
34 37
34 39
35 40
35 41
36 37
37 38
37 41
37 43
38 44
39 40
40 44
40 45
41 42
42 44
42 45
43 44
43 45
44 46
44 47
45 46
45 47
46 50
46 51
47 48
47 49
48 50
49 50
49 51
50 52
50 53
51 52
52 54
53 54
54 55
54 56
55 57
55 58
55 60
55 62
56 57
56 58
56 59
57 61
58 63
59 61
60 61
61 63
62 65
63 64
63 65
64 69
64 72
65 66
65 69
66 67
66 76
67 68
68 70
69 71
69 73
69 76
70 71
70 72
71 74
71 78
72 73
72 78
73 75
73 77
73 80
74 75
74 77
74 79
75 82
76 77
76 78
77 81
78 83
79 80
80 81
81 82
82 83
83 84
84 85
84 86
85 88
86 87
86 88
87 90
88 89
89 90
89 91
90 92
91 92
91 93
92 94
92 96
93 95
93 96
94 95
95 98
96 97
97 98
98 99
