100 215 9
18 42 33 37 40 8 19 11 19 9 40 49 31 16 31 8 25 19 24 38 15 47 29 16 46 28 34 47 30 32 16 45 2 30 37 44 50 23 33 13 36 23 12 32 44 13 11 17 46 42 7 34 36 44 8 34 25 22 1 46 13 8 10 9 38 3 31 48 24 7 39 41 7 10 4 45 4 49 6 27 7 16 26 27 24 35 9 47 35 31 9 31 46 27 21 47 37 41 16 22
0 39
0 53
1 55
1 64
1 73
2 16
2 20
2 58
3 44
3 85
3 88
4 8
4 27
4 28
5 8
5 16
6 38
6 66
7 11
7 27
7 51
7 89
8 21
9 61
10 37
10 50
11 36
11 71
12 14
12 42
12 55
12 74
13 33
13 35
14 18
14 90
15 16
15 32
15 45
15 58
16 30
16 44
16 81
17 31
18 43
18 48
18 54
19 20
19 50
19 70
20 24
20 72
20 92
21 23
21 29
21 37
22 26
22 28
22 37
23 24
23 33
23 35
23 40
23 57
24 36
24 49
24 56
24 67
24 80
25 26
25 40
25 49
25 50
26 35
26 70
27 31
27 90
28 29
29 32
29 34
29 41
29 45
29 52
29 55
29 85
30 34
30 75
30 87
31 49
32 40
32 47
32 89
33 53
33 67
33 71
34 36
34 49
34 56
34 77
35 52
35 96
36 73
37 38
37 42
37 44
37 55
37 58
38 39
39 47
39 80
39 89
40 54
40 73
41 50
41 70
41 72
42 64
42 66
42 75
43 53
44 56
44 75
45 48
45 60
45 80
46 59
46 63
46 71
47 48
47 63
48 61
48 88
48 93
49 65
49 66
49 88
50 54
50 65
51 76
51 80
51 87
52 60
52 67
52 99
53 56
53 58
53 65
53 70
53 85
53 88
54 60
54 82
54 86
55 84
55 91
55 97
56 63
57 75
57 92
58 59
59 60
59 73
60 62
61 65
61 67
62 68
62 77
62 78
62 83
63 79
64 65
64 77
64 79
65 76
65 82
65 83
65 96
65 99
66 97
66 99
67 69
67 87
68 81
69 75
69 81
70 83
71 82
71 86
72 76
72 79
72 87
73 78
73 79
73 91
74 82
74 88
74 93
76 78
76 91
76 95
77 93
79 82
79 86
79 93
79 95
80 84
82 84
83 91
83 95
83 97
89 92
89 94
89 98
93 94
93 98
