100 196 7
15 39 15 33 37 2 2 20 30 17 24 33 42 21 21 16 29 7 40 14 40 21 31 31 38 24 29 24 5 37 29 22 11 1 13 33 13 23 12 45 43 41 29 31 42 30 4 39 50 28 7 12 45 31 32 46 4 11 18 40 46 9 25 22 38 18 4 9 40 1 23 7 17 48 11 13 23 40 28 15 15 19 50 43 9 35 40 36 16 47 19 30 25 49 29 43 40 50 43 9
0 2
0 9
0 12
1 5
1 6
1 9
2 3
2 8
2 15
3 13
4 13
4 16
5 11
6 8
6 12
6 13
7 8
7 12
7 13
8 10
8 11
8 14
9 13
9 17
10 17
11 16
11 17
11 19
12 15
13 14
13 24
14 18
14 19
15 17
15 19
16 20
16 23
17 18
17 28
18 20
18 22
19 23
19 25
19 28
20 21
21 25
22 25
23 31
23 32
23 35
24 26
24 30
25 26
25 30
26 27
26 33
26 35
27 29
27 32
28 33
29 31
29 38
29 42
29 45
30 33
30 38
31 41
31 46
31 47
32 34
33 36
33 39
33 46
34 36
34 38
34 39
34 40
34 46
35 36
35 40
35 46
36 37
37 41
37 42
38 47
39 42
40 42
40 43
40 45
41 43
41 44
42 44
42 47
43 52
43 56
44 48
44 49
45 53
45 54
46 58
46 62
47 52
47 55
48 50
48 52
48 55
49 51
49 52
50 56
50 58
50 60
51 55
51 58
51 60
52 53
52 54
53 57
54 57
55 56
55 61
55 65
56 62
56 64
56 66
57 58
57 59
58 61
58 65
59 60
59 61
60 62
60 63
60 65
60 68
61 63
61 64
62 69
62 70
63 66
63 71
64 69
64 71
65 72
65 73
66 67
67 70
68 69
68 70
68 71
69 78
69 81
70 72
70 73
71 73
72 74
72 78
73 74
73 78
74 75
74 76
75 80
75 81
75 82
76 77
76 85
76 88
77 79
78 79
79 80
79 82
80 83
81 83
81 84
81 85
82 83
82 84
83 86
84 87
85 86
86 87
87 89
87 90
88 90
89 91
90 91
90 94
91 92
92 93
92 95
93 96
94 97
95 98
95 99
96 97
96 98
97 99
