100 156 9
28 1 31 30 6 31 2 47 9 42 20 46 27 22 22 49 28 37 29 29 26 6 46 35 35 42 42 35 12 4 47 43 37 36 26 3 29 29 10 26 24 29 28 35 32 11 1 37 20 46 47 37 49 19 25 29 8 44 28 29 17 28 43 22 35 27 48 21 16 26 44 14 29 9 48 10 35 18 25 44 31 43 37 11 18 24 32 39 44 14 17 23 47 50 22 23 2 10 17 17
0 1
1 2
2 3
2 4
2 7
3 5
4 5
5 6
5 10
6 9
7 8
8 11
9 11
10 12
11 12
12 13
12 14
13 16
13 17
14 15
14 17
15 16
16 18
16 19
16 20
17 18
17 20
18 22
19 21
20 21
21 22
22 23
23 24
23 25
24 26
24 27
24 30
25 26
25 27
25 30
26 28
27 28
27 29
28 31
28 33
29 33
29 34
30 32
30 33
31 32
32 34
33 36
34 35
34 39
35 36
36 37
37 38
38 40
39 40
40 41
40 44
41 42
41 43
41 45
42 46
42 48
43 46
43 47
43 48
44 45
44 47
45 46
45 48
46 50
46 51
47 49
47 51
48 49
49 52
50 52
51 53
52 53
53 54
54 55
55 56
56 57
57 58
57 60
58 59
58 63
59 61
59 62
59 64
60 63
60 64
61 66
62 67
62 68
63 65
64 65
65 66
65 68
66 67
66 70
67 69
67 72
67 74
68 69
68 72
69 71
69 73
70 71
70 74
70 76
71 77
72 73
72 76
73 77
74 75
75 77
76 77
77 78
77 79
77 80
77 81
78 82
78 83
79 82
80 82
80 83
81 82
81 83
82 84
83 86
83 87
84 85
85 86
85 87
86 88
87 88
88 89
89 90
89 92
89 95
90 91
90 93
90 94
91 96
92 93
92 96
93 97
94 99
95 96
96 97
97 98
98 99
