100 148 2
13 6 50 28 18 8 40 10 50 30 27 11 2 24 15 18 3 48 24 16 19 16 40 26 19 47 32 15 23 15 23 50 8 45 41 8 31 1 12 28 22 23 29 32 28 25 18 8 10 48 47 3 1 33 34 19 39 11 49 37 27 29 19 42 16 7 13 44 37 26 32 35 24 33 19 18 5 4 10 21 35 6 50 31 25 29 30 23 37 11 46 29 21 31 14 42 42 38 19 8
0 2
0 3
1 2
1 3
2 7
3 4
4 5
5 6
6 7
7 8
8 9
9 10
10 11
11 12
11 14
12 13
12 15
12 16
13 17
13 18
13 19
14 15
14 16
15 17
15 18
15 21
16 17
16 19
17 20
18 23
19 20
19 21
20 22
21 22
22 23
23 24
23 25
24 26
25 26
26 27
27 28
27 29
28 30
29 33
30 31
31 32
32 33
32 34
33 35
33 37
34 41
34 43
34 44
34 45
35 36
36 38
37 38
38 39
38 41
39 40
39 42
40 44
40 45
41 47
42 43
43 46
44 46
45 47
46 47
47 48
48 49
49 50
50 51
50 52
50 53
51 58
51 59
52 55
52 58
53 54
53 55
54 58
55 56
55 57
56 59
57 61
57 63
58 60
59 60
60 61
60 63
61 62
61 64
62 65
62 66
63 64
64 66
65 67
66 67
66 70
67 68
67 69
68 71
69 71
69 72
70 72
71 73
71 75
72 73
72 75
73 74
73 76
74 79
74 80
75 77
76 79
77 78
77 79
78 80
79 81
79 82
80 81
80 82
81 83
81 84
82 83
82 86
82 87
83 85
84 85
84 86
85 88
86 88
87 88
88 89
88 90
88 91
89 92
90 92
91 93
92 93
92 94
93 95
94 95
95 96
96 97
97 98
98 99
