100 159 5
9 5 5 21 18 35 34 28 27 41 38 20 49 41 11 31 42 50 11 46 24 4 8 47 16 49 47 21 46 37 19 36 48 20 30 9 21 47 44 35 41 14 45 9 1 15 14 20 23 50 9 40 26 9 48 11 50 2 36 5 5 26 27 12 24 2 40 7 42 22 2 49 20 43 31 46 20 42 21 12 36 29 50 4 43 35 46 22 7 5 6 49 29 24 42 5 19 36 23 30
0 2
0 7
1 2
1 7
2 3
3 4
4 5
4 8
5 6
6 9
7 8
7 9
8 10
9 10
10 11
11 12
11 14
12 13
12 17
13 15
14 15
14 16
14 17
15 18
16 19
17 21
18 19
19 20
20 21
21 22
21 23
22 24
22 26
23 25
24 32
24 33
24 35
24 36
25 26
25 27
25 29
26 31
27 28
27 36
28 30
28 32
29 30
29 32
29 36
30 31
31 33
31 35
32 34
33 37
34 37
35 37
36 38
36 40
37 38
37 39
38 41
39 40
39 43
40 41
40 46
41 42
42 44
42 45
43 45
43 49
44 47
44 48
44 49
45 54
45 56
45 62
46 47
46 49
46 51
47 53
47 55
48 51
49 50
49 52
50 54
51 54
51 62
52 55
52 57
53 62
53 63
54 57
54 58
55 56
55 62
56 58
56 59
57 59
58 60
59 60
60 61
61 63
61 64
62 64
63 65
63 67
64 65
64 68
65 66
65 69
66 71
66 72
67 68
67 72
68 70
69 70
69 72
70 71
71 73
71 75
72 73
72 75
73 74
73 76
74 77
75 78
76 79
77 78
78 79
79 80
80 81
80 82
81 83
81 84
82 84
83 85
84 85
84 86
84 87
84 89
85 88
85 92
86 98
87 95
87 97
88 93
88 97
89 90
90 91
91 92
92 93
92 94
92 95
93 96
94 97
94 99
95 96
96 98
98 99
