100 205 7
35 23 17 6 10 19 48 15 33 30 46 5 38 4 4 46 6 21 48 20 46 12 33 41 36 7 34 26 29 35 30 22 19 33 41 24 16 7 45 48 28 27 15 39 12 27 50 6 9 27 21 49 11 21 26 46 26 24 46 48 39 26 25 40 41 19 28 4 6 39 10 39 38 6 44 22 15 47 37 38 23 36 31 14 2 32 28 48 3 4 46 4 28 5 11 32 14 22 39 34
0 2
0 7
1 3
1 4
2 5
3 9
3 11
3 14
4 5
4 11
5 6
5 8
5 10
6 9
6 14
7 9
7 14
8 18
8 19
9 12
9 16
9 24
10 12
10 24
11 15
11 16
11 30
12 15
12 17
13 14
14 19
14 20
14 24
15 18
15 27
16 25
16 26
16 32
17 19
17 21
17 32
18 20
18 23
18 32
19 22
19 27
19 31
20 33
21 36
22 23
23 25
23 29
24 25
24 26
24 30
24 31
24 32
25 28
25 35
26 40
27 28
28 33
28 36
28 44
29 34
29 37
30 40
30 47
30 53
31 36
31 39
32 33
32 36
33 34
33 37
33 39
34 42
34 45
34 52
35 38
35 39
36 37
37 38
37 42
37 53
38 40
38 41
38 47
39 41
39 43
39 45
40 43
40 45
40 52
41 48
41 52
41 54
42 49
42 54
43 54
43 57
44 45
44 54
45 46
45 48
46 55
46 57
46 62
47 50
47 52
48 49
48 51
48 55
48 58
49 50
49 57
50 56
51 59
52 55
52 58
52 59
53 56
54 59
55 67
55 68
56 59
57 60
57 63
58 66
59 60
59 61
59 62
60 64
61 63
62 66
63 66
64 65
64 68
65 75
65 80
65 81
66 67
66 69
66 70
67 71
68 71
68 75
69 80
69 84
70 75
70 80
71 72
71 73
72 74
72 76
72 77
72 79
72 80
73 74
73 78
73 81
73 89
74 90
74 91
75 82
75 88
75 89
76 87
77 83
78 87
78 90
78 91
79 83
79 84
79 95
79 96
80 83
80 85
80 86
81 87
81 95
81 96
82 84
82 91
82 95
82 96
83 87
83 89
84 98
85 88
85 93
85 96
86 87
86 90
87 97
88 91
88 94
89 90
90 92
90 93
90 98
91 98
92 94
94 97
97 99
