100 142 3
12 6 5 10 42 33 4 25 31 16 33 25 18 47 10 38 39 33 42 40 42 29 36 45 1 6 9 17 24 21 44 50 41 25 30 18 44 10 29 1 30 31 1 39 43 33 29 31 10 37 45 14 27 50 48 35 9 40 16 16 43 23 30 39 25 2 7 49 16 44 42 35 29 33 10 6 22 46 12 42 44 35 50 15 24 44 11 10 21 12 22 9 18 48 34 41 37 41 1 1
0 1
0 4
1 3
1 5
2 4
3 6
4 5
4 8
5 6
6 7
7 9
7 11
8 10
8 11
9 10
10 12
11 12
12 13
13 14
14 15
14 16
15 18
16 17
17 18
18 19
19 20
19 22
20 21
21 23
22 23
23 24
24 25
25 26
25 27
26 28
26 29
27 28
28 30
29 30
30 31
31 32
32 33
33 34
33 36
34 35
35 37
35 38
36 37
37 39
37 40
38 39
38 40
38 41
39 42
40 42
41 43
42 43
43 44
44 45
45 46
45 47
46 50
46 51
47 48
48 49
48 50
48 51
49 53
49 54
50 52
50 56
51 52
51 54
51 56
52 53
53 55
53 57
54 55
54 57
55 59
56 57
57 58
58 60
59 60
60 61
60 62
61 63
61 64
61 67
62 63
62 64
63 65
64 65
64 68
65 66
66 69
67 68
67 69
68 71
69 70
70 71
71 72
71 73
72 74
73 75
73 77
74 75
74 76
75 78
75 80
76 77
77 78
77 80
78 79
79 81
80 81
81 82
82 83
82 84
83 85
83 86
84 85
85 87
85 91
86 87
86 91
87 88
88 89
89 90
89 92
90 93
91 93
92 94
93 94
94 95
94 96
94 97
95 98
95 99
96 99
97 98
97 99
