100 141 4
15 23 20 49 22 24 45 23 28 5 32 14 25 33 28 12 30 36 11 45 40 2 4 25 34 47 1 11 39 28 24 33 22 40 49 36 37 38 5 34 16 43 12 48 6 19 28 17 31 19 36 16 15 12 1 41 12 43 44 28 28 40 23 44 38 3 42 35 16 21 29 37 14 11 27 36 16 34 36 22 9 48 37 39 48 9 31 13 12 4 15 15 36 10 44 6 33 24 6 9
0 1
1 2
2 3
3 4
4 5
5 6
5 7
6 10
6 11
7 8
7 9
8 10
8 13
9 10
9 11
10 15
10 16
11 12
11 13
12 14
13 14
13 16
14 15
14 17
15 18
16 17
17 18
18 19
19 20
19 23
20 21
21 22
21 26
22 24
23 24
24 25
24 28
25 27
25 29
25 31
26 27
26 28
27 30
27 32
28 29
29 30
29 32
30 33
30 34
31 32
31 34
32 33
33 35
34 35
35 36
36 37
36 38
37 39
38 40
39 40
39 41
40 42
41 42
42 43
43 44
43 45
44 46
44 49
45 46
45 47
45 49
46 48
47 50
47 51
48 50
48 51
49 50
50 52
50 53
51 52
52 54
53 56
54 55
55 56
56 57
57 58
58 59
59 60
59 66
60 61
60 62
61 63
61 64
62 63
62 64
63 65
64 69
65 67
66 67
67 68
68 69
68 70
69 71
70 72
71 72
72 73
73 74
73 75
74 76
75 78
76 77
77 78
78 79
79 80
80 81
81 82
81 83
82 85
83 84
83 86
84 85
85 87
86 87
87 88
88 89
88 90
89 91
89 92
90 91
90 92
91 93
91 94
92 94
93 95
93 97
94 95
94 96
95 98
95 99
96 97
96 98
