100 152 9
25 36 18 10 1 49 44 4 25 10 44 17 38 26 47 36 15 8 4 16 7 5 7 50 50 6 6 18 27 22 29 5 8 34 35 29 9 32 45 8 37 33 16 7 5 7 13 9 27 47 36 44 36 3 18 19 21 42 11 5 24 30 5 15 22 24 45 24 44 37 22 40 4 45 24 21 16 11 14 21 25 19 47 50 32 27 3 35 13 3 38 19 45 18 16 36 21 4 40 40
0 2
1 3
1 4
1 7
2 3
2 4
3 6
3 9
4 6
4 9
5 6
5 7
6 8
7 8
7 9
8 10
9 11
10 11
11 12
12 13
12 14
13 15
14 16
15 16
15 18
16 17
17 19
18 20
18 21
19 20
19 21
20 22
20 23
21 22
21 23
21 28
22 24
23 24
24 25
24 26
25 27
26 29
26 30
27 29
27 30
28 29
28 30
29 32
30 31
30 32
31 33
32 34
32 39
33 34
33 35
34 36
35 37
35 39
35 40
36 37
36 40
37 38
37 41
37 42
38 43
38 44
39 41
39 42
40 44
41 43
41 44
42 43
42 44
43 47
44 45
44 46
45 47
46 47
47 48
48 49
49 50
50 51
51 52
52 53
52 54
53 55
53 56
54 57
55 62
56 57
56 58
57 59
58 59
58 61
59 60
60 62
61 62
62 63
63 64
63 65
63 69
64 66
64 67
65 66
65 67
66 68
66 70
67 70
68 73
69 70
70 71
71 72
71 73
72 74
73 74
74 75
74 76
75 77
76 77
77 78
77 79
78 80
79 80
80 81
80 86
81 82
81 84
82 83
82 89
83 85
84 87
84 88
84 89
85 88
86 87
86 88
86 89
87 91
88 90
89 91
90 91
91 92
91 93
91 95
92 97
93 94
94 96
94 97
95 98
96 98
97 98
98 99
