100 252 2
32 49 18 4 4 11 46 43 28 14 24 36 31 5 26 17 46 31 43 48 6 45 26 21 32 48 10 28 22 18 5 32 38 24 28 25 25 39 5 8 30 14 46 26 10 2 38 50 10 28 1 8 10 13 30 7 30 26 44 7 50 48 39 12 41 24 50 30 18 8 26 19 43 39 24 8 26 17 26 33 15 13 35 10 11 49 27 8 14 26 13 20 42 33 21 6 22 8 10 3
0 3
0 5
1 3
1 11
1 12
2 5
2 17
3 4
3 6
3 10
3 15
4 13
4 18
4 20
5 7
5 14
5 16
6 13
6 14
6 19
6 23
6 26
7 8
7 12
8 20
8 21
8 26
9 16
9 17
9 44
10 19
10 23
10 26
10 44
11 17
11 22
11 34
12 18
12 20
13 27
13 30
14 18
14 20
15 26
15 36
15 37
15 38
16 19
16 23
17 29
17 63
18 27
18 30
18 43
19 22
19 24
19 33
20 24
20 25
20 27
20 29
21 22
21 27
21 34
22 31
23 29
23 37
23 43
24 43
24 47
24 48
24 64
25 36
25 43
25 44
25 47
26 34
27 28
27 33
28 31
28 37
28 44
28 46
29 31
29 33
30 32
31 32
31 36
31 49
32 38
32 51
32 58
33 35
33 39
34 39
34 43
34 45
34 49
35 46
35 47
36 40
36 41
36 42
36 48
36 51
37 49
37 52
38 39
38 52
39 42
39 50
40 45
40 58
40 60
40 64
41 45
41 64
42 65
42 68
42 71
42 74
43 51
43 52
43 58
44 48
44 49
44 52
44 60
44 61
44 63
45 52
45 62
46 51
46 52
47 66
47 68
47 73
47 83
48 66
48 67
49 54
49 71
50 55
50 61
51 57
51 72
51 76
52 53
52 57
52 59
52 98
53 55
54 56
54 62
54 67
55 56
55 66
55 67
55 68
55 70
55 74
55 80
56 73
56 75
56 76
56 78
56 81
57 65
57 68
57 71
58 61
58 71
59 74
59 75
60 69
60 79
61 62
61 69
62 72
62 80
62 98
63 65
63 83
63 86
63 96
64 65
64 71
64 76
65 73
65 78
66 72
66 78
66 96
67 72
67 75
67 78
67 83
68 78
68 84
69 78
69 83
69 84
70 71
71 75
71 81
72 77
72 79
72 81
72 93
73 84
74 76
74 86
75 82
75 84
75 86
75 88
76 77
76 79
76 85
76 93
77 87
78 85
78 95
79 90
79 94
80 92
80 94
80 99
81 85
81 86
81 89
82 93
83 89
83 93
84 87
84 94
84 99
85 91
85 92
85 99
86 92
86 94
86 99
87 89
87 91
88 90
88 96
89 90
90 92
93 99
94 95
94 97
