100 141 3
37 14 17 22 34 24 5 23 9 6 39 18 11 19 3 28 10 18 35 2 46 45 32 15 20 20 48 39 7 24 3 40 43 50 13 14 42 21 3 24 20 43 8 26 17 37 4 24 15 44 44 24 49 15 5 4 9 21 11 38 32 41 19 29 15 9 22 27 33 26 34 37 35 12 2 14 34 9 19 15 11 34 23 17 27 19 11 22 37 13 22 47 33 6 3 39 33 47 36 31
0 1
1 2
1 4
2 3
3 5
3 6
3 7
3 8
4 5
4 6
4 7
5 9
6 9
7 10
8 9
9 10
10 11
10 13
11 12
11 14
12 17
13 14
14 15
14 16
15 17
16 18
17 18
18 19
18 20
19 21
19 22
20 21
20 22
21 23
21 24
22 23
23 25
24 26
25 26
26 27
26 28
27 29
28 29
28 30
29 31
30 31
30 33
31 32
32 35
33 34
34 35
35 36
36 37
36 38
37 41
38 39
38 40
39 45
40 42
41 42
42 43
43 44
44 45
45 46
45 47
46 48
47 48
48 49
48 50
49 52
49 53
50 51
50 52
51 53
52 55
53 54
54 55
54 56
55 57
56 57
57 58
58 59
59 60
59 61
60 62
61 62
62 63
63 64
63 65
64 67
65 66
66 68
66 69
66 70
67 68
67 69
67 70
68 73
68 75
69 71
69 72
69 75
70 72
71 73
72 73
73 74
73 79
74 76
74 77
75 76
75 78
76 80
77 78
78 80
78 81
79 80
79 81
80 82
81 82
82 83
82 84
82 85
83 88
84 86
84 87
84 88
85 89
86 89
87 90
88 89
89 90
90 91
91 92
92 93
93 94
93 95
94 97
95 96
95 98
95 99
97 98
