100 202 10
48 3 12 34 15 18 14 20 23 47 10 35 9 35 44 13 44 13 47 2 25 34 28 45 40 44 23 29 15 28 3 33 13 7 18 46 35 39 44 29 37 9 30 15 2 13 31 35 38 11 15 1 41 3 8 13 25 38 25 31 45 48 39 34 7 35 8 9 46 50 36 34 8 14 23 13 10 33 29 7 36 49 3 22 45 26 41 3 31 22 33 6 27 46 21 33 10 46 11 10
0 5
1 28
1 57
2 18
3 11
3 19
3 24
4 5
4 10
4 17
5 6
5 8
5 24
6 20
7 20
7 22
7 23
8 12
8 14
8 26
9 16
9 28
9 29
10 18
10 24
10 40
11 28
11 29
11 46
12 13
12 23
12 28
13 19
13 21
13 30
13 38
14 16
14 21
14 36
14 37
15 25
16 22
17 22
17 32
18 20
18 23
19 39
19 62
20 25
20 36
21 27
21 31
22 33
22 40
23 47
23 57
24 27
24 31
24 57
25 27
25 28
25 33
26 30
27 34
27 39
27 47
28 30
28 39
28 43
29 34
29 37
30 31
31 32
31 41
31 48
32 50
32 62
33 38
34 35
34 49
35 42
35 43
36 50
37 43
37 74
37 76
38 41
38 46
38 76
39 42
39 76
40 55
40 76
41 42
41 47
42 44
42 53
43 56
43 67
44 45
44 50
44 52
44 72
45 59
45 64
45 70
45 75
45 89
46 77
46 90
47 53
47 54
47 62
48 52
49 59
49 60
49 74
50 51
51 56
51 65
51 74
52 54
53 58
53 59
53 61
53 63
53 83
54 55
54 56
54 65
55 60
56 58
56 75
57 71
58 60
58 66
58 69
59 69
60 64
60 68
61 64
61 66
61 85
62 68
62 75
63 91
64 84
64 95
65 67
65 83
66 79
66 91
66 93
66 97
67 91
67 97
68 70
68 71
68 80
69 82
70 96
70 98
71 73
71 77
71 81
71 82
72 78
72 89
72 94
73 89
73 98
74 82
75 78
75 90
75 91
76 86
76 95
77 78
77 84
78 79
78 87
78 93
80 96
80 98
81 93
82 84
82 85
82 88
82 91
83 92
84 98
85 86
85 90
87 92
88 94
89 96
90 95
90 97
91 92
91 99
94 99
96 99
