100 163 6
10 18 21 1 35 32 28 34 13 2 43 32 23 28 37 11 20 28 43 3 33 14 4 22 29 1 21 36 14 8 40 16 45 40 49 14 19 2 7 8 50 42 30 5 42 8 6 37 23 37 33 22 21 27 37 16 50 39 3 24 49 33 19 28 34 23 15 2 5 1 16 39 16 40 16 45 4 30 39 7 15 48 18 10 38 14 13 1 35 10 23 31 47 44 27 23 33 38 33 17
0 4
1 2
2 3
2 4
3 5
3 8
4 5
4 9
5 6
6 7
6 10
7 13
7 14
8 9
9 10
10 11
10 12
11 13
11 14
12 13
12 14
13 15
13 16
14 19
14 20
15 17
15 18
16 18
17 19
17 20
18 20
19 23
20 21
20 22
20 23
21 25
22 24
23 25
24 25
25 26
26 27
26 29
26 32
26 36
27 28
27 30
28 31
28 33
29 31
29 33
29 35
30 34
30 35
31 34
32 34
32 37
33 37
33 38
34 38
35 37
35 38
36 38
37 39
37 44
38 39
38 40
38 41
39 42
40 44
40 47
41 45
41 47
42 43
43 46
43 47
44 45
45 46
45 48
46 49
46 50
47 48
47 50
48 49
48 51
49 52
49 53
50 51
50 53
51 52
52 54
52 55
53 55
54 56
54 57
55 56
55 57
56 58
57 59
58 59
59 60
60 61
61 62
62 63
62 64
62 65
63 66
64 67
64 68
65 66
66 68
66 69
66 70
67 69
68 76
68 78
69 71
69 72
70 71
70 74
71 73
71 76
72 73
72 76
73 75
74 76
74 80
75 78
76 77
76 81
76 82
77 86
78 79
78 80
79 81
79 82
79 83
80 81
80 83
80 84
81 85
82 85
83 85
83 86
84 85
84 86
85 87
86 87
87 88
87 89
88 90
89 90
89 91
90 92
90 93
91 95
92 94
93 94
94 95
95 96
95 97
95 99
96 98
97 98
