100 159 5
24 7 49 45 22 23 6 9 30 27 17 24 40 22 10 48 12 11 40 13 25 18 13 49 27 7 50 23 22 22 39 16 47 42 31 37 20 37 44 42 35 28 7 35 48 48 39 23 35 26 26 33 3 7 3 5 46 7 1 19 10 15 13 5 31 31 49 42 44 2 45 11 30 6 16 50 18 30 7 19 23 36 6 44 40 16 5 3 6 30 14 28 26 41 45 3 31 5 1 23
0 3
1 4
1 6
2 4
3 4
3 5
4 7
4 8
4 9
5 6
5 8
5 10
6 9
7 10
8 11
8 12
9 11
10 11
10 12
10 13
11 16
11 18
12 15
12 18
13 14
13 16
14 15
14 18
15 22
16 17
16 21
17 23
17 24
18 19
19 20
19 22
20 21
20 24
21 23
22 24
22 27
23 27
24 25
25 26
25 32
26 28
26 29
27 28
27 29
27 32
28 31
29 30
30 31
31 33
32 34
32 35
33 34
33 35
34 36
34 37
34 39
34 41
34 42
35 36
35 37
35 39
35 41
36 38
36 40
37 38
38 43
38 46
39 43
40 46
41 43
42 43
43 44
44 45
45 47
45 50
46 47
47 48
48 49
48 51
49 52
49 55
49 56
50 52
50 53
51 53
52 57
52 60
53 54
54 55
54 56
55 57
55 58
55 59
56 58
56 60
57 62
57 63
57 64
58 63
58 64
59 60
60 61
60 62
61 63
61 64
62 65
63 65
64 65
65 66
65 69
66 67
66 68
67 70
68 70
69 71
70 71
70 74
71 72
72 73
72 75
73 76
73 77
74 76
75 78
76 78
77 79
78 79
78 83
79 80
80 81
81 82
81 84
82 85
82 86
83 85
83 86
84 86
85 87
85 88
86 88
87 89
88 89
89 90
90 91
90 92
91 93
92 94
93 94
93 96
94 95
94 98
95 97
96 98
97 99
