100 248 7
22 8 9 3 5 22 49 47 38 23 15 9 2 20 45 33 27 35 18 29 22 31 14 48 12 15 42 41 25 31 50 42 18 48 5 38 36 29 15 16 14 41 18 21 7 18 14 32 30 14 2 19 19 3 23 5 31 13 32 37 3 6 47 41 2 30 39 35 18 41 29 48 32 47 38 15 5 2 19 3 31 37 1 32 7 34 46 30 23 37 43 17 19 22 24 47 9 45 50 27
0 3
0 5
0 8
0 21
1 13
1 25
2 18
2 78
3 9
4 13
4 21
4 61
5 16
5 22
6 15
6 28
6 33
6 43
6 49
7 16
7 22
7 30
8 34
8 37
8 46
9 13
9 20
10 14
10 42
10 52
11 16
11 17
11 25
11 31
12 55
12 56
12 67
12 76
13 23
13 27
13 29
13 31
13 46
13 52
14 28
15 32
15 42
15 54
16 41
16 45
17 40
17 44
17 60
17 95
18 22
19 21
19 30
19 31
19 33
19 35
20 25
20 28
20 38
20 52
21 37
21 42
21 43
21 53
21 73
22 32
22 36
22 39
22 42
22 48
23 24
24 28
24 30
24 32
24 38
25 33
25 40
25 48
26 35
26 36
27 35
27 48
27 65
28 36
28 41
28 67
29 34
29 39
29 76
29 87
30 47
30 69
30 72
31 36
31 55
32 34
32 37
32 53
32 62
32 67
33 46
33 60
33 77
33 80
34 51
34 75
34 79
34 90
34 97
35 38
35 50
35 80
36 40
36 44
36 45
36 83
37 63
37 91
37 99
38 42
38 49
38 57
38 73
38 89
39 43
39 82
40 57
40 75
40 94
40 98
41 48
42 47
42 58
42 69
42 71
42 72
43 55
43 58
43 71
44 54
44 59
44 62
45 56
45 62
45 63
45 70
45 72
45 80
46 56
46 71
46 72
48 51
48 54
48 60
49 58
49 94
50 57
50 77
50 78
50 83
51 64
51 68
51 92
52 78
52 89
53 80
53 86
53 97
54 63
54 89
54 93
55 64
55 83
55 90
56 57
56 59
57 68
57 87
57 90
58 70
58 81
58 83
58 93
58 95
58 96
59 65
59 87
59 94
60 62
60 75
60 90
61 90
62 66
62 69
62 73
62 76
62 89
63 75
63 85
63 97
64 77
64 94
65 74
65 79
65 89
65 96
66 74
66 87
67 69
67 71
67 85
67 89
68 86
69 87
70 84
70 92
71 84
71 96
72 75
72 95
72 98
73 82
73 86
73 97
74 81
74 84
74 85
75 84
76 85
76 92
76 93
77 86
77 88
78 82
78 90
78 95
80 95
81 88
82 96
83 91
85 86
87 91
87 93
93 97
