100 164 2
48 44 14 21 30 23 32 40 42 43 19 1 19 32 1 43 28 23 46 34 21 26 3 48 25 27 5 42 50 28 40 40 25 21 40 3 47 38 23 41 43 43 47 31 12 42 32 24 19 22 43 31 34 1 1 36 26 11 23 22 5 23 32 42 6 4 29 4 25 41 1 33 38 28 1 9 22 22 24 25 12 39 40 17 45 45 1 30 29 43 27 28 19 22 50 21 5 15 45 4
0 4
0 5
1 4
1 5
2 4
2 5
3 4
3 5
4 6
5 6
6 7
6 8
6 9
7 12
8 11
8 12
9 10
10 11
10 12
11 16
12 13
13 14
14 15
15 16
16 17
17 18
18 19
18 20
19 21
20 22
21 23
21 24
21 28
22 23
22 24
22 25
23 29
24 26
25 26
25 28
26 27
27 29
28 29
29 30
30 31
30 32
31 33
32 33
33 34
33 35
34 38
34 39
35 36
36 37
36 44
37 38
38 40
39 40
39 41
40 42
40 43
41 43
41 45
42 45
43 46
44 45
44 46
45 47
45 48
45 59
46 48
46 59
47 49
48 50
48 53
49 51
50 52
50 54
51 52
51 54
52 55
52 58
53 55
53 56
53 61
54 55
54 56
54 60
55 62
56 57
57 62
58 65
59 60
60 61
61 62
62 63
62 66
63 64
64 65
65 67
65 68
66 68
67 69
67 70
68 69
68 70
68 71
69 74
70 72
70 73
71 72
71 75
72 74
72 78
72 79
73 77
73 79
74 76
74 81
75 77
75 78
75 79
76 77
76 80
76 82
77 83
77 84
77 86
78 81
78 82
79 80
79 81
79 82
80 83
80 90
81 84
81 87
82 84
82 86
82 87
82 90
83 85
83 87
84 85
84 88
85 93
86 89
87 88
88 89
89 91
89 92
90 91
91 93
91 94
91 97
92 95
93 96
94 98
94 99
95 97
95 98
95 99
96 98
96 99
