100 136 5
16 15 23 6 41 7 37 3 14 39 23 41 7 46 4 4 21 6 12 19 22 9 13 15 49 4 26 9 37 32 19 11 13 25 38 25 20 3 44 45 13 36 33 25 28 1 20 20 45 3 29 46 24 20 2 34 43 10 47 15 18 2 42 41 45 3 33 35 31 36 1 5 33 18 35 5 1 40 16 1 49 42 43 36 50 8 17 13 20 6 1 8 49 38 26 16 49 48 43 3
0 1
1 2
1 4
1 5
2 3
2 6
3 8
4 9
5 8
6 7
6 8
7 9
8 9
9 10
9 12
9 13
10 11
11 14
12 17
13 21
14 15
15 16
16 17
17 18
17 19
17 20
18 22
19 21
20 22
21 22
22 23
22 24
23 32
23 34
24 25
25 26
25 27
25 28
26 29
27 29
28 29
29 30
30 31
30 33
30 34
31 32
32 35
33 35
34 36
35 36
36 37
37 38
37 39
38 40
39 41
40 41
41 42
42 43
43 44
44 45
45 46
46 47
46 49
47 48
47 50
48 51
48 56
49 55
50 51
50 53
50 54
51 52
52 57
52 58
53 56
54 55
55 56
56 57
56 58
57 60
58 59
59 60
60 61
61 62
61 63
62 64
62 65
63 64
63 65
64 67
64 68
65 66
65 69
66 68
67 69
68 71
69 70
69 71
70 72
71 72
72 73
73 74
74 75
75 76
76 77
76 80
77 78
78 79
78 81
79 83
79 85
80 82
81 82
82 83
82 84
83 86
84 85
85 86
86 87
86 89
87 88
88 91
88 93
89 90
89 93
90 97
91 92
91 94
92 95
93 94
94 95
95 96
95 97
96 98
97 99
98 99
