100 141 7
43 47 39 16 4 17 19 21 19 2 33 14 15 31 31 44 40 42 23 17 42 19 5 34 40 31 16 36 4 50 36 29 37 13 33 25 9 46 15 40 1 49 4 19 21 13 47 24 5 21 14 31 11 8 4 28 20 6 45 43 49 23 22 38 37 35 30 9 6 42 38 44 29 34 11 47 3 36 11 37 12 39 3 20 50 23 22 46 16 22 27 28 19 8 2 46 35 33 34 13
0 1
0 2
0 3
1 4
2 4
2 5
3 7
4 6
4 7
4 8
5 9
6 10
7 10
7 11
8 9
9 10
9 11
10 13
10 14
11 12
12 14
13 15
13 19
14 15
14 19
15 16
16 17
17 18
17 20
18 22
19 20
20 21
20 22
21 23
22 23
23 24
24 25
25 26
25 29
26 27
27 28
28 30
29 31
30 31
31 32
32 33
32 34
33 36
34 35
35 36
36 37
37 38
38 39
39 40
40 41
40 42
41 43
42 43
43 44
43 46
44 45
45 47
45 48
46 47
46 48
47 49
48 50
49 50
50 51
51 52
51 53
51 54
52 55
52 56
53 58
53 59
54 56
54 57
54 61
55 57
55 61
56 58
56 59
57 58
57 59
58 60
58 62
59 60
59 62
60 63
61 63
62 63
63 64
64 65
65 66
66 67
66 69
67 68
68 70
69 71
69 74
70 71
70 73
70 74
71 72
71 75
72 76
73 77
74 75
75 76
76 77
77 78
77 79
78 80
79 83
79 85
80 81
81 82
81 83
81 84
82 85
82 87
83 86
84 85
84 87
85 88
86 87
87 88
88 89
89 90
89 91
90 92
91 93
91 94
92 94
93 96
94 95
95 96
96 97
96 99
97 98
