100 236 10
23 21 47 8 40 50 43 34 3 38 38 9 50 32 24 43 48 50 46 45 47 17 16 16 27 10 26 10 35 44 19 9 23 20 32 26 43 33 39 2 45 18 45 8 48 49 8 37 2 14 11 14 26 3 39 19 16 36 43 22 15 3 30 26 21 1 5 39 24 25 12 35 33 39 35 6 6 48 19 29 30 4 24 4 37 6 8 38 28 35 49 10 34 33 32 21 12 11 15 4
0 1
0 6
0 9
1 10
1 12
1 19
2 8
3 18
4 6
4 23
4 29
4 46
4 51
5 6
5 15
5 19
5 27
6 32
6 61
6 81
7 8
7 20
8 11
9 11
10 17
10 20
10 22
10 33
11 12
11 13
11 21
11 40
12 14
12 37
13 15
13 22
13 24
13 26
13 29
14 32
14 35
14 39
14 45
14 46
15 31
15 37
15 38
15 42
16 24
16 25
16 29
16 33
17 25
17 28
17 31
18 21
18 30
18 40
19 22
19 24
20 36
20 45
20 46
21 22
21 31
22 28
22 38
23 36
23 42
24 41
25 30
25 32
25 36
25 40
26 30
27 36
27 43
27 54
28 41
28 44
28 45
29 42
30 35
30 38
30 41
30 45
31 34
31 35
31 36
31 39
31 45
32 48
32 63
32 66
32 73
33 44
33 47
33 53
33 54
34 49
34 60
35 43
35 50
36 47
37 48
37 53
37 58
38 57
38 58
38 61
39 56
39 62
40 63
40 71
40 82
41 46
41 47
41 51
41 56
42 43
42 47
43 44
43 56
43 58
43 61
44 52
44 63
45 49
45 50
45 56
46 48
46 49
46 55
47 48
47 57
47 58
47 61
47 70
48 67
48 68
48 69
48 74
49 52
49 58
49 63
50 51
50 54
51 52
51 55
51 59
52 64
52 65
52 69
53 57
53 81
54 58
55 62
55 68
55 73
56 57
56 60
56 75
57 64
57 65
58 59
58 81
58 82
59 66
59 71
60 64
60 69
61 63
62 72
62 75
62 77
63 72
64 66
64 73
64 80
64 85
65 72
65 85
66 67
66 76
66 78
67 79
67 92
68 75
68 92
69 85
69 91
69 94
69 99
70 71
71 77
71 78
71 80
72 76
72 79
72 80
73 74
73 76
73 82
74 86
75 78
75 80
76 92
77 83
77 85
77 88
78 83
79 84
79 88
80 84
80 90
81 93
82 86
82 91
83 89
84 86
85 92
86 87
86 89
86 97
86 98
87 94
88 89
88 91
88 99
89 93
89 94
90 95
91 96
92 95
92 97
94 95
