100 188 7
7 44 36 2 26 48 39 13 5 12 13 45 41 3 10 48 28 14 35 19 4 20 6 40 43 16 24 18 50 31 13 28 40 50 44 31 18 1 16 5 19 37 19 33 14 22 42 50 9 22 40 10 3 42 34 17 34 7 11 20 16 7 50 37 6 23 34 32 2 32 6 48 3 8 44 27 25 24 21 46 16 21 13 8 19 32 1 15 45 17 3 49 40 34 39 25 44 25 37 13
0 1
1 2
1 5
2 3
2 13
3 8
3 11
4 8
4 9
5 6
5 15
6 7
7 9
8 14
8 15
8 22
9 10
10 11
10 12
11 16
11 21
11 22
12 13
12 16
13 14
13 19
14 17
14 18
14 21
14 23
15 19
15 20
15 27
16 20
16 27
17 25
17 28
17 30
18 28
19 23
19 25
20 23
20 25
21 27
21 34
22 23
23 24
23 30
24 26
24 28
24 35
25 26
26 29
26 34
27 28
27 30
28 31
28 37
29 31
29 37
30 31
30 35
30 37
31 32
31 39
31 45
32 33
32 36
32 42
33 38
33 41
34 36
35 38
35 45
36 38
36 41
37 40
37 41
38 43
38 51
39 40
40 42
41 60
41 62
42 43
42 51
43 44
43 47
44 46
45 50
45 54
46 49
46 50
46 52
46 54
46 55
47 48
47 53
48 58
48 59
49 64
50 57
50 59
51 52
52 53
53 56
53 57
54 59
54 62
54 63
55 57
56 59
56 62
57 58
57 61
57 63
58 62
59 60
59 66
60 61
61 65
61 67
61 69
62 64
63 71
63 73
64 65
64 66
65 71
65 73
66 67
66 69
67 68
68 70
68 71
68 83
69 73
69 74
69 77
70 72
70 76
70 77
71 72
71 78
72 85
72 88
73 75
74 78
74 80
74 81
75 76
75 81
76 78
77 85
77 86
77 87
78 79
79 82
79 84
79 85
80 89
80 90
80 92
81 82
81 83
82 86
83 87
84 86
85 89
85 92
86 88
86 90
87 92
87 97
88 89
88 92
89 93
90 91
90 94
92 94
93 95
93 97
93 98
94 95
94 96
95 99
96 98
98 99
