100 226 5
16 42 25 37 7 25 21 35 24 9 25 23 9 11 15 33 31 35 8 22 5 27 42 39 50 39 12 10 19 3 41 7 16 9 42 48 49 39 45 31 43 7 15 48 36 42 1 48 20 37 18 2 20 49 15 49 32 45 23 48 22 35 44 10 33 12 37 35 39 7 29 27 38 2 15 16 1 40 23 34 20 15 15 13 47 15 7 42 32 26 6 9 39 28 3 47 41 4 31 48
0 18
0 26
0 30
0 35
0 37
1 2
1 9
1 18
2 6
2 10
2 11
3 11
3 19
3 24
3 25
4 11
4 13
4 17
5 6
5 21
6 12
6 14
6 22
6 23
6 30
7 20
7 48
8 10
8 14
9 20
9 37
9 39
10 16
10 20
10 22
10 25
11 12
11 20
12 15
12 31
12 32
12 37
13 15
13 21
13 22
13 28
13 32
13 36
13 56
14 32
14 36
15 46
15 48
15 51
15 65
15 66
16 36
16 39
16 52
16 65
17 24
17 30
17 32
17 47
18 43
18 47
19 34
19 42
19 43
19 45
20 21
20 23
20 29
20 35
21 27
22 24
22 35
22 42
23 26
24 33
24 39
25 34
25 39
25 40
25 46
26 27
26 32
26 45
27 31
27 34
27 42
27 47
28 39
29 36
29 41
29 74
30 34
30 45
30 48
31 43
32 57
33 34
33 52
34 38
35 45
36 40
36 47
37 56
37 60
37 61
38 41
38 65
39 43
40 54
40 58
40 60
41 44
41 55
41 58
42 49
42 53
43 44
43 53
43 60
43 74
44 50
44 75
45 50
45 55
46 57
46 74
47 50
48 57
49 64
50 51
50 57
50 78
51 59
52 54
53 54
53 57
53 72
53 85
54 55
55 61
55 62
55 64
55 66
56 66
56 72
56 79
56 80
57 62
57 63
57 64
58 67
58 69
59 61
59 62
59 64
60 70
60 72
61 63
62 68
62 69
62 82
63 67
64 70
64 73
65 75
65 81
65 86
66 87
66 90
66 97
67 70
67 71
67 73
68 71
68 83
68 94
70 76
70 79
70 80
71 77
71 88
71 97
72 93
73 86
73 89
74 78
74 90
75 78
75 88
76 77
76 99
77 81
77 87
77 89
77 93
78 85
78 94
79 84
79 91
79 96
80 83
80 87
80 92
80 94
82 84
82 86
83 88
84 95
85 96
86 91
86 93
88 89
88 90
88 93
88 96
89 91
90 99
93 95
93 98
97 98
97 99
