100 156 9
12 6 1 41 26 30 28 4 7 41 28 28 17 27 44 15 50 50 10 49 8 7 1 11 19 38 29 33 33 5 14 43 31 26 29 6 13 37 15 5 9 28 17 45 12 49 16 31 41 16 23 14 18 4 40 10 12 16 22 24 25 19 42 31 15 10 23 20 45 43 24 41 36 1 14 5 2 22 29 47 12 50 17 50 17 28 50 25 31 47 39 49 47 42 4 22 50 45 25 20
0 1
0 3
1 2
2 4
2 5
3 4
3 5
4 7
4 10
5 6
6 7
6 10
7 8
8 9
8 11
9 12
10 11
11 12
12 13
13 14
14 15
15 16
15 17
16 18
17 19
18 19
18 21
19 20
19 22
19 23
19 24
20 28
20 30
21 22
21 25
22 27
22 30
23 25
23 30
24 25
25 26
25 27
26 28
26 31
27 28
27 31
28 29
28 36
29 33
30 31
31 32
31 34
32 33
32 36
33 37
33 38
34 35
35 36
35 37
35 38
36 41
36 42
37 39
37 42
38 41
38 42
39 40
40 41
41 43
42 47
42 48
43 44
44 45
45 46
45 47
46 48
47 49
48 49
49 50
50 51
50 54
50 55
51 52
52 53
53 56
53 57
54 60
55 57
56 59
57 58
57 59
58 62
59 60
60 61
61 62
62 63
62 64
63 65
64 65
65 66
66 67
66 68
67 70
68 69
69 70
70 71
71 72
71 73
72 74
72 77
73 75
74 76
75 76
75 77
76 78
76 80
77 78
78 79
78 81
79 82
79 83
79 84
80 81
80 82
81 83
81 87
82 85
82 86
83 88
83 89
84 85
84 86
85 87
85 88
85 90
86 87
86 88
86 89
87 91
87 92
88 92
88 93
89 90
89 91
90 92
90 93
91 94
91 96
92 94
92 97
93 96
94 95
95 98
96 97
96 99
98 99
