100 174 8
25 41 24 3 18 45 22 37 28 31 35 6 16 43 45 15 10 47 43 12 42 18 41 32 3 3 2 6 7 36 15 15 6 16 26 44 11 35 29 7 15 45 23 29 45 18 49 41 24 27 10 3 33 24 31 21 4 48 41 14 1 22 33 11 49 15 18 11 15 15 3 2 27 43 33 22 50 37 29 9 39 18 31 32 36 32 47 26 16 10 35 11 48 5 16 27 26 13 39 41
0 4
0 5
1 7
1 12
2 5
2 8
3 5
4 6
4 7
4 8
5 6
5 7
6 9
6 13
7 13
8 12
9 10
10 11
11 12
12 14
12 16
12 18
13 14
13 18
14 15
15 17
15 19
15 22
16 21
16 22
17 20
18 21
18 22
19 20
19 23
20 21
21 24
22 23
23 25
23 26
24 26
25 27
26 27
27 28
27 29
27 30
27 37
28 34
28 46
29 32
29 34
30 31
30 43
31 32
31 33
31 34
32 38
32 41
32 46
33 35
33 36
33 40
34 40
34 41
35 39
35 46
36 44
36 48
37 41
37 43
37 46
38 42
38 44
39 41
40 47
40 50
41 42
41 44
42 45
43 45
44 50
44 53
44 57
45 47
45 48
45 51
46 48
46 49
47 49
47 52
47 53
47 54
48 50
49 57
49 60
49 61
50 52
50 54
51 55
51 57
52 55
52 56
53 55
53 59
54 56
54 61
54 71
55 60
55 61
56 58
57 58
57 71
58 59
59 62
60 64
60 71
61 62
62 63
62 64
63 65
64 66
65 66
66 67
66 68
67 69
68 72
68 74
68 75
69 70
69 72
70 75
70 77
71 72
72 73
72 76
72 79
73 82
73 86
74 77
74 80
75 79
76 77
76 78
77 82
77 85
77 86
78 80
79 80
80 81
80 85
81 82
82 83
82 84
83 88
84 87
84 88
85 91
85 93
86 87
87 89
88 90
88 93
89 90
89 93
90 91
91 92
91 94
91 96
93 94
93 95
93 98
96 97
96 98
97 99
