100 166 4
4 23 2 40 20 44 48 39 41 21 42 27 45 24 21 14 43 17 36 45 21 41 19 49 30 46 36 13 47 18 30 49 33 23 20 19 22 23 1 17 43 29 32 43 45 37 14 13 25 15 46 26 29 13 31 16 2 41 7 41 36 35 11 35 36 37 3 8 28 8 47 36 23 49 23 3 49 22 37 25 3 35 17 20 7 9 48 32 26 14 15 22 36 33 34 26 8 2 32 22
0 3
1 3
2 3
3 4
3 5
4 6
4 8
4 9
5 6
5 7
6 10
6 11
7 9
8 12
9 11
9 13
10 12
11 19
12 13
13 14
14 15
14 16
14 17
15 19
16 19
17 18
17 20
17 21
18 24
19 20
19 21
20 22
21 22
22 23
22 24
23 25
24 25
25 26
26 27
26 29
27 28
28 30
28 32
29 35
29 36
29 37
30 31
30 36
30 38
31 37
32 33
33 34
33 35
33 36
34 38
35 38
36 39
36 41
37 40
37 41
38 39
38 41
39 40
40 42
41 43
42 43
43 44
44 45
44 47
45 46
46 48
47 51
47 55
48 49
48 50
48 51
49 52
49 56
50 52
50 55
51 52
51 56
52 53
53 54
54 57
54 58
54 59
55 58
55 59
56 59
57 60
58 61
58 62
58 64
59 60
59 61
60 62
60 63
60 64
61 63
61 66
62 65
62 66
63 65
63 67
64 65
64 67
64 70
65 68
66 67
66 70
67 69
67 71
67 73
68 69
68 71
69 72
70 71
70 73
70 74
71 75
71 76
72 74
73 75
73 76
74 75
74 76
75 77
75 79
76 77
76 78
77 80
77 84
77 85
78 80
78 84
79 80
79 81
80 82
80 83
81 82
81 84
82 86
82 89
83 87
84 86
85 86
86 88
86 90
87 88
87 89
87 91
88 93
89 92
89 93
90 91
90 92
91 93
92 94
93 95
93 96
94 95
95 97
96 98
97 98
98 99
