100 149 6
49 38 9 3 14 42 30 29 27 27 20 27 2 11 36 50 9 10 14 49 20 29 19 47 10 27 14 11 18 28 41 22 26 47 43 43 45 26 4 5 7 5 15 17 11 49 15 14 9 33 39 20 38 30 21 2 17 42 43 8 18 48 18 2 20 32 11 34 39 26 20 17 37 13 17 40 9 9 10 19 25 3 42 35 10 31 40 21 36 27 18 16 43 26 11 19 34 27 15 25
0 2
0 3
1 3
2 4
2 6
3 4
4 5
5 7
6 12
6 13
7 8
8 9
9 10
9 12
10 11
10 13
11 14
12 15
13 15
14 15
15 16
15 17
16 18
17 18
18 19
19 20
20 21
21 22
22 23
23 24
23 28
24 25
24 26
24 27
25 29
26 30
26 32
27 29
28 29
29 30
29 32
30 31
31 33
32 33
32 34
33 35
34 37
34 40
35 36
36 37
36 40
37 38
38 39
38 41
38 42
39 44
40 41
40 42
41 45
41 47
42 43
43 45
43 46
44 45
44 46
44 48
45 49
45 50
45 51
46 47
47 49
47 50
47 51
48 49
48 53
49 54
49 55
49 56
50 52
50 54
50 55
50 56
51 52
51 53
52 61
53 54
53 56
54 58
55 57
55 58
56 58
57 63
57 64
58 59
58 60
59 61
60 64
61 62
61 63
62 64
62 65
63 66
64 66
64 67
65 66
66 69
67 68
68 73
69 70
69 71
70 72
70 76
71 73
71 76
72 73
73 74
74 75
75 77
76 77
77 78
77 79
78 80
79 80
79 81
80 82
81 84
82 83
82 84
83 88
84 85
85 86
86 87
86 88
87 89
87 91
88 89
88 91
89 90
90 92
91 92
92 93
92 94
93 98
94 95
95 96
95 97
96 98
96 99
97 98
