100 183 5
2 41 23 1 38 43 23 30 13 35 23 35 32 18 47 1 43 33 15 12 30 4 21 30 17 47 6 28 1 14 10 15 14 5 30 43 49 32 38 35 43 40 7 23 32 24 16 9 16 16 13 35 18 28 24 34 40 17 46 18 16 37 13 37 26 34 12 16 40 17 32 48 47 37 12 10 43 14 9 20 32 27 16 22 19 47 37 29 25 34 45 48 50 29 41 26 14 20 44 2
0 1
1 2
1 4
2 3
3 5
4 6
4 9
5 6
5 8
6 7
7 10
7 11
8 9
9 10
9 11
9 13
10 12
11 12
12 14
13 15
14 15
15 16
15 17
16 18
16 19
16 25
17 18
18 20
19 20
20 21
20 22
21 24
21 27
22 23
23 24
23 26
24 28
24 29
25 26
25 28
25 29
26 31
27 29
27 31
28 30
28 31
29 30
30 32
30 33
30 36
31 32
31 33
32 34
32 35
32 38
33 34
33 38
33 41
34 40
34 46
35 37
35 39
36 37
36 38
36 39
36 40
37 41
38 42
39 42
39 46
40 42
40 44
40 54
41 43
42 47
42 50
43 44
43 45
43 47
44 51
45 46
45 52
46 48
46 49
46 51
47 49
47 51
48 54
49 56
49 62
50 52
51 53
52 53
52 58
53 55
54 55
54 56
55 57
56 58
57 59
57 62
58 59
59 60
59 61
59 63
59 64
60 67
60 68
60 69
61 65
61 67
62 63
62 66
62 75
63 69
63 70
63 77
64 66
64 73
65 66
66 68
66 70
66 77
67 73
67 74
67 76
68 71
68 72
69 71
69 72
70 72
70 79
71 76
71 78
72 74
72 80
73 75
73 77
73 78
73 84
74 81
74 82
74 84
74 88
75 86
76 79
76 85
77 79
78 81
78 82
79 80
79 83
80 86
80 88
80 90
81 85
81 86
82 83
82 85
83 86
83 90
84 85
84 86
85 95
86 87
87 89
88 89
89 91
89 93
89 96
90 91
90 93
90 96
91 92
91 94
91 97
92 95
93 99
95 98
95 99
96 97
97 98
97 99
