100 233 10
22 2 48 20 10 30 43 7 34 23 45 4 21 32 44 25 49 7 35 9 30 15 21 22 3 40 39 11 14 34 38 41 16 12 15 23 45 13 50 36 32 43 19 29 18 33 35 19 5 6 42 19 38 18 37 41 1 35 31 40 14 5 40 1 18 45 41 46 2 16 21 24 33 33 43 5 27 7 34 19 3 17 36 42 5 30 38 5 40 18 36 22 44 5 7 47 29 45 9 35
0 17
0 19
0 36
1 22
1 23
1 27
2 29
3 11
3 26
3 27
4 6
4 14
4 15
4 52
5 10
5 23
6 8
6 19
6 28
6 36
7 9
7 10
7 16
7 21
8 25
9 15
9 30
9 41
10 25
10 28
10 29
10 31
11 17
11 21
11 38
11 44
12 18
13 14
13 18
13 31
14 29
15 32
15 38
15 47
15 60
16 20
16 25
16 29
17 20
17 31
17 32
17 37
18 25
18 29
18 52
19 37
20 22
20 55
21 22
21 37
22 34
22 35
22 46
22 52
23 30
23 41
24 27
24 28
25 27
25 38
25 49
26 30
26 31
26 35
26 74
27 37
27 40
27 42
27 46
28 42
28 49
28 79
29 30
29 35
29 37
29 41
30 34
30 36
30 46
31 47
31 49
31 51
32 42
32 43
32 46
33 75
33 76
33 88
34 39
34 42
34 48
35 40
36 38
36 42
37 43
37 51
37 60
38 43
38 48
38 55
39 40
39 43
39 49
40 45
40 47
40 50
41 50
41 74
42 54
43 54
43 78
43 79
44 51
44 55
45 51
46 48
46 65
47 65
47 70
47 78
48 50
49 62
49 65
49 66
50 53
50 54
50 57
51 54
52 53
52 66
52 76
53 69
53 72
53 79
54 56
54 58
54 59
54 63
55 59
55 95
56 62
56 64
56 66
56 72
57 61
58 76
58 85
58 95
59 67
60 61
60 73
60 74
61 68
61 69
61 75
61 78
61 81
62 84
62 86
62 89
62 97
63 64
63 66
63 68
64 91
65 73
65 95
66 70
66 83
67 70
68 83
68 85
68 95
69 86
69 94
70 71
70 81
71 73
71 77
71 85
72 75
73 75
73 86
74 76
74 78
74 79
74 96
75 80
75 82
75 90
75 96
76 81
76 98
77 80
77 82
77 90
78 83
78 85
79 81
79 83
79 93
79 95
80 87
80 91
81 87
81 92
82 84
82 93
83 97
84 92
85 89
85 93
85 97
85 98
86 88
86 91
86 99
87 97
88 98
90 97
92 94
95 99
97 99
