100 141 2
16 10 5 50 18 12 38 14 33 34 40 17 25 23 37 33 15 24 26 25 36 3 48 24 42 9 4 48 44 42 39 35 14 21 6 41 35 2 13 11 14 40 26 21 40 33 8 31 1 29 8 11 41 10 18 30 42 4 4 21 27 23 36 50 2 27 50 13 34 29 3 12 8 16 4 31 28 50 37 35 44 22 47 38 37 27 29 12 35 9 24 33 49 40 11 44 23 40 45 30
0 1
1 4
2 3
2 5
3 4
4 6
5 6
6 7
6 8
7 10
8 9
9 10
10 11
10 12
10 14
11 16
12 13
13 15
14 16
15 16
16 17
16 19
17 18
17 20
17 21
18 23
19 20
19 21
20 23
20 25
20 27
21 22
21 25
22 23
23 24
24 26
24 28
25 29
25 31
26 29
26 31
27 29
27 31
28 31
28 33
28 34
29 30
30 32
31 36
32 33
32 34
33 35
34 40
34 41
35 36
36 37
36 38
36 39
37 41
38 41
39 40
40 42
41 42
42 43
42 44
43 46
43 48
44 45
45 46
46 47
47 49
47 50
48 50
49 51
50 52
50 54
51 52
51 54
52 53
53 55
54 55
55 56
56 57
56 60
57 58
57 61
58 59
59 62
60 62
61 63
61 64
62 63
63 65
64 65
65 66
66 67
66 68
66 69
67 71
68 70
68 75
69 70
69 71
70 72
71 72
72 73
73 74
73 78
74 76
75 77
75 78
76 77
76 80
77 81
77 82
78 79
79 81
79 82
80 81
81 83
82 84
83 84
84 85
85 86
85 87
86 91
86 93
87 88
87 91
88 89
88 90
89 93
90 92
91 94
92 94
93 94
94 95
95 96
96 97
96 98
97 99
