100 152 5
8 11 20 44 42 11 36 50 18 17 34 5 33 7 16 40 15 18 2 17 31 19 41 42 37 41 41 1 23 15 42 18 26 6 32 46 41 41 49 21 7 47 40 37 13 36 37 49 46 29 35 28 49 39 26 4 27 50 10 2 11 3 40 6 21 44 50 3 21 46 13 13 43 32 46 26 40 50 35 7 7 23 4 47 49 21 45 1 19 31 26 49 44 32 46 21 17 37 44 15
0 5
1 2
2 3
2 4
2 5
3 10
3 12
4 6
4 7
4 8
5 7
5 8
6 11
6 12
7 9
8 9
9 10
9 12
10 11
11 13
11 14
11 19
12 13
12 14
12 15
12 19
13 16
13 17
14 17
15 17
15 18
16 18
17 20
18 21
19 20
20 21
21 22
22 23
23 24
24 25
25 26
26 27
26 28
27 29
27 31
28 34
29 30
29 32
30 33
31 32
31 33
32 38
32 40
33 34
33 35
34 36
35 36
36 37
37 38
37 39
38 42
38 44
38 47
39 40
40 41
41 42
41 44
41 47
42 43
43 45
44 45
45 46
45 48
46 49
46 50
47 48
47 53
48 52
49 52
49 53
50 51
50 53
51 54
52 54
53 58
53 59
54 55
54 56
55 57
56 57
57 58
57 59
58 60
58 64
59 61
60 61
61 62
62 63
63 65
64 66
65 66
66 67
67 68
68 69
69 70
69 73
70 71
71 72
71 75
72 74
73 74
73 75
74 76
74 77
74 78
74 84
75 76
75 79
75 84
76 80
77 79
78 80
78 92
79 80
79 92
80 81
81 82
81 85
82 83
82 86
83 87
84 85
84 87
84 92
85 90
86 88
86 98
87 88
87 98
88 89
89 90
90 91
91 93
91 96
92 94
92 96
93 94
94 95
95 97
95 99
96 97
96 99
