100 198 2
29 23 47 34 29 35 50 12 28 17 21 18 25 2 10 41 2 9 47 43 8 41 42 9 36 21 24 30 29 41 22 42 22 47 19 23 20 7 8 23 37 37 39 25 11 49 2 20 9 22 15 36 15 18 1 13 22 9 19 47 38 47 45 32 30 35 35 41 47 32 46 30 40 50 9 47 16 19 48 45 11 23 42 17 26 47 30 15 13 38 19 44 34 11 37 6 22 3 27 23
0 17
1 3
1 5
1 11
2 4
2 5
3 12
3 13
3 16
4 6
4 7
5 7
6 10
6 12
6 14
7 9
8 19
9 12
9 13
9 14
10 11
11 13
11 16
12 15
12 20
13 17
13 18
13 20
14 16
14 19
14 24
15 17
15 18
16 20
16 26
16 32
17 19
17 21
17 27
18 23
18 24
18 27
19 22
19 23
19 30
20 23
20 25
21 23
21 24
22 25
23 33
23 34
24 26
24 30
24 32
25 29
25 31
26 31
27 28
27 31
28 30
28 34
29 39
29 41
30 33
30 36
31 34
32 34
32 41
33 35
33 39
33 40
33 41
34 35
34 36
34 45
35 38
35 44
36 37
36 40
36 48
37 39
37 44
38 46
38 53
39 42
39 46
39 47
40 50
41 43
41 44
41 45
42 43
42 49
42 56
42 59
43 51
43 57
44 49
44 51
44 52
44 53
45 46
46 49
46 50
47 52
47 53
47 58
48 53
48 55
48 56
48 69
49 55
50 52
50 54
51 60
52 56
52 59
52 60
53 60
54 58
55 60
56 57
56 61
57 70
58 59
58 60
59 68
59 69
59 73
60 61
60 68
61 62
61 63
61 64
62 65
62 66
62 74
63 65
63 70
64 70
65 67
65 77
65 83
66 73
67 76
68 74
69 72
70 71
70 72
71 73
72 74
73 75
73 77
74 75
75 76
75 83
76 78
76 79
76 84
77 79
77 84
77 86
78 80
78 82
78 85
79 85
79 91
80 81
80 86
80 92
81 88
81 90
81 91
82 86
83 84
84 85
84 89
85 90
85 92
86 87
86 89
87 88
87 94
88 93
88 96
89 90
89 91
89 94
90 96
91 93
91 97
92 95
94 96
95 97
95 99
96 97
97 98
