100 141 7
38 25 41 1 44 4 28 13 9 47 30 26 5 47 18 9 11 40 47 20 32 30 40 8 46 15 28 17 40 15 17 18 1 24 46 24 46 34 15 9 36 29 5 19 9 10 23 45 38 20 27 19 19 14 30 22 26 6 50 37 27 43 1 15 37 29 11 49 49 41 3 47 29 40 2 47 40 3 40 21 46 21 25 2 30 24 48 21 40 47 16 17 13 16 46 10 33 28 49 44
0 5
0 14
0 30
0 45
0 67
0 83
1 93
2 44
3 50
3 68
4 50
4 57
4 73
4 74
4 91
5 7
6 33
6 34
6 72
7 8
7 21
7 38
7 57
7 60
8 77
9 34
9 54
9 59
9 74
10 33
10 39
10 41
12 93
13 42
13 59
14 66
14 73
15 19
15 33
16 91
17 41
17 76
17 79
17 81
17 86
17 93
18 98
19 36
19 88
20 24
20 25
20 46
21 26
22 26
22 54
23 93
24 50
24 51
24 58
24 68
24 71
25 71
25 91
25 93
26 72
28 29
28 66
28 74
28 98
29 31
29 35
29 48
29 70
30 77
30 86
31 65
31 83
32 33
32 54
32 75
33 47
33 53
33 91
34 73
35 47
36 40
36 52
36 61
36 71
37 82
37 88
37 97
38 82
39 44
39 76
40 59
40 68
40 81
41 91
42 67
42 82
43 48
44 84
44 87
46 80
47 51
47 52
47 99
48 50
49 97
51 65
51 97
52 57
53 99
54 58
54 91
55 69
55 78
57 62
57 87
58 96
60 72
60 90
61 80
63 94
64 87
66 99
67 75
68 97
69 76
69 99
73 80
73 94
75 76
78 97
80 81
81 99
83 96
84 85
86 94
96 97
