100 169 6
13 2 39 25 5 20 40 43 17 5 2 31 10 6 22 28 50 25 10 2 45 15 29 29 40 27 15 13 40 1 3 47 39 44 12 45 35 40 44 6 43 21 49 47 14 15 31 11 6 45 27 46 7 25 50 20 50 18 19 22 27 49 25 43 12 5 37 48 5 43 16 8 15 18 9 26 35 33 4 31 39 46 18 42 20 13 20 14 3 19 8 41 43 35 13 43 11 16 1 29
0 2
0 4
0 5
1 2
1 4
2 7
2 11
2 12
3 7
3 9
4 7
4 9
5 6
5 11
6 8
7 10
8 12
9 11
10 15
10 19
11 13
11 15
12 13
12 16
12 18
13 14
14 17
14 19
15 16
15 17
15 18
16 20
16 23
17 23
18 24
19 22
19 25
20 21
20 25
21 22
21 26
22 24
23 24
23 25
23 26
24 27
24 28
24 30
24 31
25 30
25 35
26 27
27 29
27 32
27 33
27 34
28 29
28 32
28 33
29 35
30 34
30 40
31 32
31 33
32 35
33 38
34 42
35 36
35 39
36 37
37 38
37 41
38 40
39 40
39 41
40 42
40 44
41 44
41 45
41 61
42 43
43 45
43 61
44 50
45 46
45 47
46 49
47 48
47 51
47 53
48 54
48 55
49 50
50 51
50 52
50 53
51 54
51 58
52 57
53 54
53 55
54 60
55 56
55 57
56 58
57 58
58 59
59 60
60 62
61 62
62 63
62 64
62 65
62 66
63 67
64 69
65 68
66 70
67 70
68 69
68 70
69 71
70 71
71 72
72 73
72 74
72 76
73 75
73 77
74 79
74 85
75 79
75 85
75 86
76 77
76 86
77 78
78 79
78 85
79 80
80 81
80 82
80 83
80 93
81 88
81 89
82 84
82 87
82 88
83 89
84 89
84 91
85 87
85 88
86 91
87 90
87 92
88 91
89 90
90 95
91 92
91 94
92 95
93 95
94 95
95 96
95 97
95 98
98 99
