100 209 9
12 23 46 4 15 23 8 18 39 21 45 42 32 43 36 38 3 27 28 8 12 25 1 49 1 37 38 34 22 50 10 15 3 30 11 14 2 48 50 27 34 35 6 8 21 37 27 42 15 9 11 48 37 22 49 5 48 41 43 32 46 13 21 19 3 18 6 48 18 43 34 16 32 46 11 6 19 16 42 8 48 25 45 13 44 6 24 11 45 4 28 36 25 20 13 32 4 45 40 38
0 2
0 5
0 19
1 3
2 6
2 24
3 4
4 8
4 14
4 18
5 14
6 13
7 11
7 20
7 25
8 9
8 15
9 11
9 51
10 14
11 17
11 27
12 19
12 48
13 15
13 16
13 29
14 21
14 24
14 29
14 37
15 20
15 27
15 28
16 18
16 21
17 19
17 41
18 20
18 25
18 51
19 26
19 34
19 45
20 22
20 33
20 37
21 28
21 60
22 23
22 26
22 31
23 30
23 60
24 33
24 35
24 36
24 45
24 60
25 38
26 56
26 60
26 63
26 80
27 36
28 32
28 36
28 51
29 67
29 76
30 34
31 43
31 49
31 58
31 61
32 34
32 41
33 42
33 46
33 48
34 35
34 49
35 38
35 40
36 38
36 40
36 53
37 43
37 46
38 39
38 42
38 57
39 44
39 46
39 55
40 43
40 50
40 52
41 48
41 52
41 58
42 47
42 62
42 72
42 99
43 55
43 63
43 67
44 47
44 64
45 47
45 52
45 55
45 76
46 52
46 58
46 63
46 66
47 54
48 49
48 54
49 53
49 66
49 67
50 55
50 61
50 64
51 53
51 61
52 56
52 59
52 61
53 56
53 64
54 56
54 66
55 59
55 66
56 73
57 59
57 69
57 84
58 69
58 78
59 65
60 66
60 67
61 62
61 65
62 67
62 69
62 80
63 72
63 73
63 76
63 84
63 85
63 87
64 68
64 72
64 73
64 99
65 68
66 71
66 74
67 71
67 84
68 70
68 71
68 74
69 70
69 71
70 75
71 79
71 81
71 87
72 75
72 95
73 79
73 95
74 82
74 85
74 87
74 93
75 77
75 86
75 89
76 86
77 91
77 93
80 88
80 93
81 83
81 89
81 95
83 98
84 92
84 94
85 86
86 88
86 96
87 89
88 90
88 91
88 92
89 90
90 94
91 97
94 98
