100 136 4
40 42 31 16 41 33 27 36 38 33 4 14 37 18 36 9 41 48 4 24 39 10 29 48 43 39 36 11 8 17 37 47 15 34 19 4 50 44 31 14 6 28 19 28 26 36 11 26 12 39 21 34 35 15 5 26 20 5 1 2 33 27 22 22 37 2 21 6 1 50 31 10 14 41 27 1 11 32 33 33 4 24 42 36 12 7 38 12 12 20 32 33 33 18 2 32 45 41 35 26
0 3
1 2
2 3
3 4
4 5
5 6
5 7
6 8
7 8
8 9
8 11
9 10
10 12
11 12
12 13
13 14
14 15
14 17
15 16
16 18
16 23
17 19
18 19
19 20
20 21
21 22
21 24
22 25
22 27
23 24
24 25
24 27
25 26
26 28
27 29
28 29
29 30
30 31
30 32
31 33
32 34
33 34
34 35
34 37
35 36
36 38
37 38
38 39
39 40
40 41
41 42
41 43
42 46
43 44
44 45
45 46
46 47
46 52
46 53
47 48
47 50
48 49
48 51
49 54
49 55
50 54
50 55
51 55
52 54
52 55
53 54
53 55
54 56
54 57
55 57
56 60
57 58
58 59
58 60
59 61
60 61
61 62
62 63
62 64
63 65
64 65
64 66
65 67
66 70
67 68
68 69
69 70
70 71
71 72
72 73
73 74
74 75
74 76
75 77
75 78
75 81
75 82
76 77
76 78
76 79
77 80
77 85
78 80
78 84
78 85
79 80
79 81
79 82
80 86
81 83
81 84
82 83
82 84
83 85
84 86
85 86
86 87
86 88
87 90
88 89
89 90
90 91
91 92
91 93
92 94
92 96
93 94
93 95
94 97
97 98
98 99
