100 173 7
20 44 24 43 17 12 5 32 4 39 36 22 28 27 31 17 27 45 19 39 19 35 7 2 29 44 22 25 16 34 44 19 35 21 4 25 50 42 2 19 46 47 13 13 1 31 43 27 32 8 26 24 33 14 25 18 20 23 48 16 46 17 18 47 11 49 35 8 33 35 43 12 10 20 5 19 25 29 42 43 34 5 15 27 12 19 14 20 14 34 13 23 47 21 20 33 4 42 6 22
0 2
1 10
1 11
1 17
2 5
3 6
3 11
4 6
4 11
5 6
5 11
6 7
7 8
7 9
8 10
8 12
9 15
9 18
10 14
11 13
11 14
11 15
12 13
12 15
12 17
13 18
14 18
14 19
14 21
15 16
15 19
15 21
15 33
16 26
16 31
17 20
17 21
18 22
18 24
19 25
19 28
20 24
20 26
21 22
22 23
22 25
23 26
23 29
24 27
24 29
24 33
25 27
25 29
26 27
26 28
27 30
27 32
28 32
29 31
30 34
30 42
31 32
32 35
32 36
33 37
33 38
33 44
34 37
34 41
35 37
35 38
35 44
36 37
36 38
37 43
38 39
38 40
39 41
40 41
40 42
41 43
41 46
41 47
42 47
43 45
43 48
43 49
43 50
43 56
44 48
44 50
44 55
44 56
45 55
46 49
46 50
46 56
47 49
47 50
47 55
48 52
49 51
49 53
50 51
50 52
50 53
51 57
52 54
52 59
53 54
54 57
55 57
55 59
56 57
56 59
57 58
58 60
58 61
59 60
59 61
60 63
61 62
62 63
63 64
63 65
63 67
64 66
64 68
65 76
65 81
66 70
66 71
67 69
67 73
67 81
68 69
69 70
69 71
70 75
70 76
71 72
71 76
72 74
72 75
73 75
74 77
75 77
76 80
77 78
78 79
79 80
80 82
81 84
82 83
83 84
84 85
84 86
85 87
86 87
87 88
87 89
88 90
89 91
90 91
90 92
91 94
91 97
92 93
93 95
94 96
95 96
95 99
96 98
