100 181 3
41 11 34 34 36 8 20 19 20 25 29 29 49 9 33 48 42 48 36 31 38 29 6 28 33 3 35 15 31 34 32 6 15 31 10 9 39 31 44 7 34 29 48 40 46 20 50 10 14 8 28 27 26 38 33 16 4 12 47 24 27 20 5 20 32 3 41 12 7 11 50 38 26 26 11 1 1 25 44 37 25 8 17 50 26 29 15 7 5 48 20 33 27 40 21 29 11 22 6 39
0 1
0 2
1 3
1 7
2 3
2 7
3 4
3 5
3 8
4 10
4 12
4 14
4 17
5 11
5 13
5 14
5 16
5 17
6 12
6 14
7 8
7 9
7 11
8 10
8 12
8 17
9 12
9 16
10 13
10 16
11 18
11 19
12 13
13 15
13 18
14 19
15 19
15 21
16 19
16 21
17 21
17 23
18 20
18 21
18 22
19 20
19 22
20 23
21 24
21 28
22 26
22 32
23 24
23 28
24 25
24 26
24 31
25 27
25 29
26 29
26 34
27 30
27 32
28 29
28 31
28 34
29 30
29 36
30 35
30 38
31 35
31 37
31 38
32 33
32 37
32 38
32 40
33 34
33 36
34 39
35 40
35 44
36 41
37 39
38 41
39 41
39 44
40 41
41 42
42 43
43 45
44 46
44 47
45 46
45 47
46 48
47 49
47 50
48 52
49 54
49 57
50 51
51 52
52 53
52 57
53 54
54 55
54 56
55 59
56 58
57 62
57 63
58 59
58 63
59 60
60 61
60 62
61 64
61 67
62 64
62 65
63 64
63 65
64 66
64 68
65 66
65 67
66 69
66 70
67 68
68 70
69 73
70 71
70 72
70 75
71 73
72 74
72 76
73 74
73 76
73 80
74 78
75 81
76 77
76 78
77 79
77 82
78 79
78 82
79 81
80 81
80 82
81 83
81 84
82 83
82 84
83 85
83 88
84 86
84 88
84 90
84 91
85 87
86 96
87 89
87 90
87 91
88 89
88 92
88 93
89 94
90 93
91 92
92 94
93 95
94 96
95 96
96 97
96 98
97 99
98 99
