100 135 10
33 8 49 25 12 43 10 3 14 11 11 30 2 27 9 29 24 3 50 8 38 47 47 4 33 9 33 14 4 5 49 4 47 38 20 15 35 31 5 10 15 24 18 2 36 27 47 49 3 44 49 38 6 11 14 4 26 15 5 16 43 13 27 23 29 10 36 13 46 38 27 46 3 11 40 2 36 27 45 13 6 24 39 17 44 1 7 20 17 2 33 19 43 39 29 23 23 7 40 49
0 1
1 2
1 5
2 3
2 4
3 6
4 9
4 10
5 7
6 7
6 10
7 8
8 9
9 11
10 12
11 12
12 13
13 14
14 15
15 16
15 20
16 17
17 18
18 19
18 21
19 22
20 22
21 23
22 23
23 24
24 25
24 26
25 27
26 28
26 29
27 29
28 30
28 32
29 30
29 32
30 31
31 33
32 35
33 34
34 35
35 36
35 37
36 38
36 39
37 38
38 40
38 41
39 41
40 42
40 44
41 45
42 43
43 45
44 47
44 48
45 46
45 48
46 47
47 49
47 50
47 51
48 50
49 52
50 52
50 53
51 52
51 53
52 54
52 55
53 54
54 59
54 60
54 61
55 56
56 57
57 58
58 59
58 60
58 61
59 62
60 64
61 64
62 63
63 65
64 66
64 67
65 66
65 67
66 68
66 70
67 69
67 70
68 69
69 71
70 72
71 72
72 73
73 74
73 75
74 76
75 76
76 77
76 78
77 79
78 79
79 80
80 81
80 82
81 86
82 83
83 84
84 85
85 86
86 87
86 88
86 89
87 90
87 92
88 90
89 90
89 92
90 91
91 93
92 93
93 94
94 95
95 96
95 97
96 98
98 99
