100 135 2
28 45 44 37 43 35 26 24 21 20 48 16 14 15 2 12 10 43 13 32 21 12 3 14 46 8 35 24 9 35 32 34 30 5 4 12 22 41 21 23 45 48 27 3 1 14 10 15 41 43 46 45 22 7 22 39 5 3 9 47 4 27 28 28 35 6 28 47 27 20 40 45 44 50 36 24 46 29 27 21 49 50 18 42 4 19 38 41 43 22 6 50 34 46 35 38 45 42 21 29
0 1
0 3
1 2
2 4
3 4
4 5
5 6
5 8
6 7
6 9
7 11
8 16
8 17
9 10
10 11
11 12
11 13
12 14
12 15
13 16
14 16
15 16
15 17
16 18
16 21
17 19
18 19
19 20
19 22
20 24
20 25
21 23
22 23
23 24
23 25
24 26
24 27
24 29
25 26
25 29
26 28
27 28
28 30
29 31
30 31
31 32
32 33
33 34
34 35
34 36
34 37
35 38
36 38
37 39
38 39
39 40
39 41
40 42
41 43
42 43
43 44
43 45
44 46
44 47
45 46
45 47
46 49
46 52
47 48
47 49
48 50
48 51
49 50
49 51
50 57
51 53
52 54
53 54
54 55
55 56
55 57
56 58
57 58
58 59
58 60
59 64
60 61
60 62
61 63
61 64
62 65
63 65
64 65
65 66
66 67
67 68
67 69
67 70
68 72
69 71
70 71
71 72
72 73
73 74
74 75
74 78
75 76
75 77
76 80
77 79
78 79
79 80
80 81
81 82
82 83
83 84
84 85
84 86
85 88
86 87
87 88
88 89
88 91
89 90
90 92
91 92
92 93
92 94
93 96
94 95
94 96
95 97
96 97
97 98
98 99
