100 196 6
21 16 47 35 43 5 41 47 2 1 44 28 15 46 44 33 42 30 6 25 2 20 3 26 3 42 15 23 14 47 7 16 23 41 30 9 49 50 10 31 13 14 22 19 35 8 32 47 27 7 15 33 24 24 18 28 1 18 33 9 19 49 21 42 19 19 27 9 26 8 25 1 49 27 49 45 27 17 47 42 49 16 27 4 27 41 48 45 48 38 34 29 49 2 16 25 31 33 1 3
0 3
0 22
1 4
2 8
2 12
3 9
3 11
4 6
4 9
5 7
5 10
6 7
6 8
6 12
7 18
7 19
8 10
8 11
9 10
9 14
10 15
10 16
10 17
11 14
11 15
12 13
12 22
13 15
14 16
14 17
14 19
15 20
15 26
16 20
16 26
17 18
18 23
18 27
19 21
19 26
19 34
20 21
20 23
20 27
21 31
21 36
21 42
22 24
23 24
24 25
25 28
25 34
25 37
26 33
26 43
27 32
27 36
27 37
28 29
28 30
28 31
28 33
29 32
29 38
29 43
30 32
31 35
31 46
32 35
32 41
32 42
33 35
33 46
34 40
35 39
35 40
36 41
36 43
37 38
37 40
38 39
38 46
39 45
40 45
40 49
41 44
41 45
42 49
42 56
43 44
44 46
45 48
45 51
45 52
45 54
46 47
46 51
46 56
47 48
47 49
48 50
48 58
49 50
49 54
49 58
50 60
50 63
51 53
51 55
52 55
52 56
52 59
53 61
53 64
54 57
54 59
55 57
55 58
55 63
56 57
57 60
57 62
57 64
58 61
59 60
59 62
59 64
60 61
60 66
61 65
61 68
62 74
62 81
63 64
64 65
64 66
64 70
65 67
65 73
66 71
67 69
67 74
68 69
68 72
69 77
69 81
69 82
69 83
70 75
70 84
71 72
72 73
72 74
73 75
74 76
74 79
74 84
75 76
75 78
75 79
75 81
76 93
76 96
77 90
77 93
78 80
78 86
79 82
79 83
80 90
80 92
81 85
81 87
82 86
83 93
83 94
84 89
85 88
85 89
86 87
86 88
87 90
87 93
88 92
88 93
89 90
89 93
90 91
90 94
90 99
91 95
91 96
92 95
93 97
93 98
98 99
