100 138 9
22 13 3 27 9 5 9 2 48 17 20 39 17 11 12 16 34 4 16 46 48 45 9 37 31 40 39 39 11 41 17 2 44 44 39 34 4 12 39 39 22 11 48 30 23 5 17 15 1 29 46 16 1 20 9 41 26 13 15 22 45 44 8 27 40 7 8 2 44 37 29 5 2 17 2 36 8 42 44 44 5 43 4 26 28 24 50 47 24 34 13 3 33 49 24 6 4 33 29 34
0 1
0 2
1 3
2 4
3 4
4 5
5 6
6 7
7 8
8 9
9 10
10 11
10 12
11 13
11 14
12 13
13 15
14 15
15 16
15 17
16 18
17 18
18 19
18 20
18 23
19 21
19 22
20 21
20 22
21 24
21 25
22 24
22 25
23 24
23 26
24 27
25 26
25 28
26 29
26 30
27 28
28 29
28 30
29 31
30 33
30 34
31 32
32 33
32 34
33 35
33 36
34 38
35 37
36 37
36 39
36 40
37 38
38 41
38 44
39 41
40 41
40 44
41 42
42 43
43 45
44 45
45 46
45 47
45 48
46 49
46 50
47 50
47 53
48 50
48 53
49 52
50 51
51 54
51 55
52 53
52 54
53 55
53 57
54 56
55 60
56 57
57 58
57 59
58 60
58 61
59 61
60 62
61 62
61 63
62 64
62 65
63 64
64 66
65 68
65 69
66 67
66 69
67 68
67 71
68 70
69 71
70 73
71 72
71 73
72 76
73 74
74 75
75 76
76 77
76 79
77 78
78 80
79 81
80 81
81 82
82 83
83 84
84 85
85 86
86 87
87 88
88 89
89 90
90 91
91 92
92 93
93 94
93 95
94 97
95 96
96 97
97 98
97 99
