100 145 3
19 38 24 10 29 36 2 16 46 7 44 8 15 19 19 32 22 22 47 23 3 30 43 46 28 1 18 9 27 44 25 40 19 10 19 19 1 34 12 29 13 44 36 48 39 43 38 14 2 15 16 45 10 31 39 36 19 2 33 5 30 4 50 35 19 28 24 30 10 9 10 48 9 43 22 42 36 47 38 33 2 26 25 34 17 18 49 27 45 3 46 50 6 21 6 22 46 7 26 24
0 3
0 4
1 2
2 3
3 5
4 6
5 6
5 9
6 7
7 8
8 10
9 10
10 11
10 14
11 12
11 15
12 13
13 16
14 15
15 16
16 17
17 18
17 21
18 19
18 20
19 23
19 25
20 23
21 22
21 25
22 24
23 24
24 26
25 26
26 27
26 28
27 30
27 31
28 29
29 31
29 33
30 33
31 32
32 34
33 34
34 35
35 36
35 37
35 39
36 38
37 38
38 41
38 42
39 40
40 42
40 43
41 43
41 45
42 44
42 45
43 44
43 46
44 47
45 46
45 47
46 49
47 48
47 49
48 50
48 51
48 52
49 50
49 51
49 52
50 53
51 54
52 53
53 54
54 55
55 56
56 57
57 58
57 59
58 60
58 61
59 60
59 61
60 62
60 64
61 63
62 65
62 67
63 64
64 67
64 68
65 66
66 68
67 69
67 70
67 72
67 73
68 70
68 72
68 73
69 74
70 71
71 74
71 76
72 74
73 74
73 75
73 76
74 77
75 77
76 78
77 78
77 79
78 80
78 81
79 80
79 81
80 82
80 83
81 83
82 89
83 84
83 85
84 87
85 86
86 90
86 96
87 88
88 89
89 90
89 96
90 91
91 92
91 93
92 94
93 95
94 95
95 97
96 97
97 98
98 99
