100 139 10
3 41 24 15 42 46 27 1 23 35 37 41 36 13 39 29 7 23 20 29 35 33 37 22 47 8 14 19 32 50 46 12 31 48 46 30 37 26 13 39 15 44 21 25 46 31 27 37 6 8 50 27 21 18 27 50 42 14 23 38 20 41 39 39 33 49 50 37 30 42 33 36 47 39 30 33 18 47 2 1 4 26 23 10 50 48 21 32 7 48 18 17 38 18 35 11 47 34 28 44
0 2
0 3
1 3
2 5
3 4
4 5
4 6
4 7
5 8
6 9
7 8
8 9
9 10
9 12
9 13
10 11
10 14
11 15
12 14
12 17
13 15
14 22
15 16
16 17
17 18
18 19
18 20
19 21
20 26
20 28
21 22
22 23
22 26
23 24
24 25
25 27
26 29
26 32
27 28
27 29
28 32
29 30
30 31
31 33
32 33
33 34
33 35
34 36
35 36
36 37
37 38
38 39
38 41
39 40
40 42
40 43
41 43
42 44
43 44
44 45
44 46
44 48
45 47
46 47
47 49
47 50
47 51
48 49
48 51
49 52
50 52
51 55
52 53
52 54
52 55
53 56
54 57
54 59
54 61
55 56
55 61
56 57
56 59
57 58
57 60
58 62
58 64
59 60
60 62
60 63
61 63
62 66
63 64
63 65
64 67
65 66
66 67
67 68
67 69
68 70
69 70
70 71
70 72
71 73
72 74
73 74
73 75
74 76
74 77
75 76
76 78
76 79
77 78
77 79
78 80
79 80
80 81
80 82
81 83
82 86
83 84
84 85
85 86
86 87
87 88
88 89
89 90
89 91
90 92
91 93
91 94
91 98
92 94
92 98
94 95
95 96
95 99
96 97
98 99
