100 129 2
48 3 15 16 9 27 13 24 42 44 36 36 7 35 23 29 35 45 46 3 33 13 18 7 40 5 7 27 39 3 4 29 3 34 38 13 19 18 46 19 16 19 41 7 5 39 11 19 46 8 17 39 23 40 31 42 6 38 37 3 22 21 8 49 33 25 32 8 1 11 19 41 18 12 41 48 23 15 7 38 27 38 50 11 25 30 14 30 30 25 14 43 41 42 10 36 3 42 13 50
0 1
1 2
1 4
2 3
2 7
3 5
4 5
5 6
5 9
6 8
7 8
7 9
8 10
9 14
9 15
10 11
11 12
12 13
13 14
13 15
14 16
15 16
15 19
16 17
17 18
17 21
18 20
19 21
20 22
21 22
22 23
23 24
24 25
25 26
25 27
26 28
27 28
28 29
28 30
29 31
29 32
30 36
31 33
32 36
33 34
34 35
34 36
35 38
36 37
37 38
37 39
38 40
39 40
39 41
40 42
41 42
42 43
43 44
44 45
45 46
45 47
46 49
47 48
48 49
49 50
50 51
51 52
52 53
52 54
53 55
54 55
55 56
56 57
57 58
57 59
58 60
59 60
60 61
60 62
61 64
62 63
62 64
63 65
63 66
64 65
64 66
65 67
65 68
66 67
66 68
67 69
67 70
67 71
68 70
68 72
69 72
69 73
70 73
71 72
71 73
72 75
73 74
74 75
75 76
76 77
77 78
78 79
79 80
80 81
81 82
82 83
83 84
83 85
84 87
85 86
86 87
87 88
88 89
89 90
90 91
90 92
91 94
92 93
93 95
94 95
95 96
96 97
96 98
97 99
