100 169 6
22 2 7 28 10 34 22 38 39 31 21 19 17 1 20 22 40 43 43 28 34 18 1 23 49 50 29 35 15 42 36 39 15 33 17 47 24 5 21 16 36 13 40 12 14 34 14 7 48 25 21 41 38 1 49 38 47 40 7 28 41 11 31 3 24 30 48 25 43 30 48 42 21 20 3 17 48 29 47 44 17 36 8 7 17 37 37 33 39 38 11 42 40 36 30 8 30 23 42 37
0 1
0 2
1 4
2 3
3 5
3 6
3 7
4 6
4 7
5 9
5 11
6 10
7 8
7 9
8 10
9 12
10 11
10 12
11 13
11 18
12 13
13 14
14 15
14 22
14 24
15 16
15 17
15 20
15 25
16 21
16 27
17 19
17 21
18 21
18 22
18 27
19 26
19 27
20 23
20 27
21 23
22 26
22 31
23 26
24 28
25 26
26 28
27 28
27 31
28 29
28 30
29 32
29 36
30 35
31 36
31 39
32 33
32 34
33 40
33 42
34 37
34 38
35 38
35 39
36 38
37 39
37 42
38 40
38 42
39 40
39 43
40 41
41 44
41 45
42 43
42 45
43 44
43 46
44 47
45 46
45 48
46 51
46 52
46 55
47 48
47 51
48 49
49 50
49 55
50 53
50 56
51 56
52 56
53 54
54 58
55 56
56 57
56 58
56 59
57 60
57 64
57 65
58 60
58 61
58 62
58 66
59 60
59 61
59 62
60 67
60 70
61 63
62 63
63 64
63 65
64 67
64 68
64 69
65 67
65 70
66 74
67 71
67 73
68 75
69 72
69 76
70 72
70 76
71 75
72 74
72 75
73 74
73 75
74 77
74 78
75 77
76 77
76 79
77 80
77 82
78 79
79 80
79 82
80 81
81 83
81 84
82 83
82 85
83 88
84 86
85 88
86 87
86 88
87 91
88 89
88 90
89 91
90 91
91 92
92 93
92 94
93 95
93 97
94 96
94 97
95 96
95 99
97 98
97 99
