100 151 4
25 42 37 12 4 34 7 27 28 42 18 11 17 27 35 44 14 6 12 45 3 8 23 39 17 28 13 46 43 36 50 14 20 39 15 36 31 11 31 7 31 7 36 7 6 19 3 47 1 9 4 5 46 22 35 7 38 35 29 24 18 48 36 12 13 26 18 39 25 10 35 29 36 19 30 27 43 42 42 1 35 1 35 8 16 31 23 37 32 26 37 36 29 33 5 18 45 6 2 48
0 1
1 2
1 3
2 4
2 5
3 4
3 7
4 6
5 6
6 8
7 10
8 9
8 10
9 11
10 11
11 12
12 13
12 14
13 15
14 15
15 16
16 17
17 18
17 19
18 21
18 24
19 20
19 22
20 21
21 23
21 25
22 23
22 25
23 26
23 27
24 25
24 26
25 27
26 28
26 30
26 31
27 28
27 29
27 30
28 32
29 31
30 34
30 35
31 32
32 33
33 34
33 35
34 36
35 36
35 37
36 38
37 38
38 39
38 40
38 41
39 42
39 45
40 42
41 43
41 45
42 43
43 44
44 46
44 47
45 47
46 50
46 54
47 48
47 50
47 54
48 49
48 51
49 53
50 51
50 52
51 55
52 53
53 56
53 58
54 56
55 57
56 57
57 59
58 59
59 60
60 61
61 62
62 63
63 64
63 65
64 66
65 66
66 67
66 68
67 69
68 69
69 70
69 71
69 72
70 73
71 78
72 73
73 74
73 75
73 76
74 79
74 81
75 79
75 81
76 77
77 78
78 79
78 81
79 80
80 83
80 84
81 82
81 84
82 83
83 85
83 87
84 85
85 86
86 88
86 89
86 90
87 88
88 91
88 92
88 93
89 92
89 93
90 91
91 94
91 95
91 98
92 94
92 98
93 94
93 95
93 98
94 96
95 99
96 97
97 99
98 99
