100 185 3
7 19 23 23 36 11 18 44 41 6 12 48 23 39 36 45 42 48 28 23 44 39 13 49 34 24 3 16 9 4 22 46 12 31 24 5 42 9 32 49 9 17 46 46 22 4 13 33 14 19 4 32 1 13 21 6 11 2 41 42 15 8 49 42 10 20 26 28 15 43 6 11 20 23 31 6 13 37 30 41 50 27 1 22 40 46 27 6 30 46 36 20 28 43 43 45 22 38 13 29
0 2
0 3
1 3
2 5
2 7
3 4
4 5
4 6
5 8
5 10
5 13
6 7
6 8
7 9
7 10
8 15
8 18
8 20
9 13
10 11
11 12
11 15
12 14
13 14
14 17
14 18
15 16
15 21
16 23
16 28
17 20
17 24
17 25
18 19
18 22
19 23
19 28
20 28
21 24
21 25
22 25
22 28
23 24
23 25
24 26
24 30
24 32
25 27
25 34
26 29
26 31
27 31
28 29
28 32
29 33
29 34
29 36
30 35
30 36
31 36
32 36
33 37
34 35
34 42
35 39
36 37
36 38
37 39
37 41
38 43
38 44
39 40
39 44
40 43
40 45
40 48
41 42
41 43
42 45
42 48
43 47
43 49
44 46
45 47
45 49
46 47
46 49
47 50
47 51
48 49
48 54
49 52
49 56
50 52
50 56
51 54
52 53
53 55
53 57
54 57
55 59
55 61
55 63
56 59
56 61
56 65
57 58
57 61
58 59
58 62
59 60
60 64
60 66
61 70
62 63
63 64
63 65
64 68
64 75
65 66
66 67
66 71
66 75
67 69
68 70
68 71
69 70
70 73
70 80
71 72
71 74
72 77
72 79
72 80
73 74
74 76
74 77
74 78
74 79
75 78
75 79
76 83
76 84
77 84
77 96
78 84
78 88
78 89
79 81
79 85
80 81
81 82
81 83
81 96
82 84
83 86
83 92
84 87
84 90
84 92
85 87
85 89
85 93
85 96
86 87
86 88
86 90
87 94
87 99
88 94
88 97
89 91
89 92
89 97
90 91
90 93
90 97
91 94
91 99
92 98
93 95
94 98
95 99
97 98
97 99
