100 153 5
1 33 17 16 39 50 29 17 50 49 4 35 46 27 41 4 27 11 21 33 28 26 4 11 38 18 28 30 49 12 14 21 40 27 33 8 33 24 27 22 23 1 33 26 45 47 46 32 14 29 44 23 36 33 12 22 2 14 37 23 12 43 43 13 45 41 48 50 21 34 36 11 5 10 38 3 4 49 30 8 2 23 11 44 10 30 18 26 11 13 13 34 33 18 33 45 18 46 33 49
0 3
0 5
0 8
0 10
1 3
1 5
1 8
2 3
2 8
3 4
4 6
5 6
6 7
7 9
8 11
9 11
10 11
11 12
12 13
12 15
13 14
13 16
14 19
15 16
16 17
17 18
18 19
19 20
20 21
21 22
22 23
23 24
23 25
24 26
25 26
26 27
26 29
27 28
27 30
27 32
28 34
28 38
29 31
30 35
30 38
31 32
31 33
32 34
33 34
33 38
34 35
34 36
34 42
35 37
35 39
36 37
36 40
37 43
38 39
39 41
40 43
41 43
42 45
42 48
43 44
43 48
44 45
45 46
45 56
46 47
47 49
48 52
49 50
50 51
51 52
52 53
52 54
52 55
53 57
53 59
54 57
54 59
55 58
55 59
56 57
56 59
57 58
57 60
58 65
58 68
59 60
60 61
60 62
61 63
62 64
62 65
63 64
63 65
64 68
65 66
65 67
66 70
67 69
67 70
68 69
68 70
69 71
69 73
70 71
71 72
72 75
72 79
73 74
73 75
74 78
74 81
75 76
75 80
76 77
77 81
77 86
78 79
78 84
79 82
79 83
80 83
80 84
81 83
81 84
82 85
82 86
83 85
83 87
84 85
84 87
85 88
86 87
87 88
87 90
88 89
88 91
88 92
89 96
90 91
90 95
91 93
92 93
93 94
94 96
95 97
96 97
97 98
98 99
