100 196 6
10 50 39 50 7 21 48 30 32 43 45 12 12 38 9 29 44 9 42 16 45 32 43 3 25 49 49 49 31 10 47 38 46 43 50 3 40 21 18 32 19 46 4 17 10 18 5 50 49 26 3 14 7 45 27 2 29 19 48 45 18 27 9 32 6 36 47 33 34 4 31 26 15 37 36 39 13 43 43 50 9 1 35 17 44 45 20 41 19 13 32 22 28 37 24 1 21 26 28 16
0 4
1 3
1 4
2 3
2 4
3 7
3 10
4 5
4 6
4 11
5 7
5 16
6 7
6 9
7 8
7 13
7 18
7 19
8 15
9 16
9 17
9 24
10 16
10 17
10 18
11 12
11 18
11 19
12 13
12 16
13 14
14 15
14 24
15 17
15 21
16 25
16 26
16 32
17 20
17 22
18 25
18 27
18 29
19 20
19 22
19 24
20 23
20 26
21 22
21 26
22 25
22 35
22 36
23 28
24 26
25 31
25 34
25 37
26 27
26 29
27 31
27 34
27 35
27 36
27 42
28 29
28 32
29 30
29 33
30 31
30 34
30 35
31 39
31 43
31 44
32 34
32 35
32 36
33 36
33 42
34 38
35 37
35 39
36 43
36 46
37 40
37 44
38 41
39 46
40 43
40 46
41 43
41 44
42 46
43 45
43 49
44 46
45 47
45 55
46 47
46 49
47 48
47 51
48 50
48 52
49 51
49 55
50 54
51 53
51 54
51 57
52 58
52 59
52 60
53 61
54 56
55 58
55 59
56 58
56 59
56 60
57 58
57 63
58 62
58 64
59 61
59 67
60 62
61 62
61 63
62 65
62 68
62 69
62 73
63 65
63 66
64 66
64 69
64 78
65 72
65 78
66 68
67 70
67 73
68 70
68 75
69 71
69 74
70 71
70 72
71 76
72 76
72 79
73 74
73 75
74 79
75 77
75 79
76 77
76 81
77 85
77 87
78 82
78 84
78 86
79 80
80 82
80 83
80 84
80 86
81 83
81 87
81 93
82 87
83 88
83 91
84 85
85 90
85 93
86 88
86 89
87 88
87 90
88 92
88 94
89 90
90 91
90 97
91 95
92 96
93 94
94 96
94 97
96 98
97 98
98 99
