100 178 7
33 28 14 31 41 50 24 14 29 50 21 41 12 9 43 47 28 37 14 22 18 45 42 17 30 36 39 28 21 49 6 35 49 24 41 6 32 4 42 16 50 45 13 35 39 41 48 18 4 4 49 30 6 33 31 18 27 48 12 36 41 32 50 50 32 20 29 42 48 2 27 30 8 35 26 33 15 48 27 45 14 34 37 30 5 16 7 16 8 44 24 44 3 43 37 30 8 14 50 4
0 6
1 2
2 4
3 4
4 6
5 6
6 7
6 9
7 8
7 10
8 11
8 13
9 10
9 11
9 13
10 16
11 12
12 14
12 19
13 15
14 15
15 16
16 17
16 18
17 21
17 23
17 25
17 27
18 20
19 20
19 21
19 27
20 22
20 23
20 24
20 25
21 22
21 24
22 30
22 31
23 30
24 28
24 29
25 26
25 29
26 32
27 29
27 31
28 31
29 32
30 32
31 33
31 34
32 33
32 34
33 35
34 37
35 36
35 38
36 39
36 40
37 38
37 40
38 39
38 43
39 41
39 42
39 51
40 42
40 45
40 46
40 51
41 44
42 47
43 45
43 47
43 51
44 45
44 46
45 49
45 54
45 55
46 49
46 50
46 52
47 48
47 49
48 50
48 52
49 53
49 56
49 57
50 54
50 56
50 57
51 52
51 54
51 56
52 53
52 55
53 59
54 59
54 60
55 57
56 58
56 60
57 58
57 59
58 61
59 61
60 62
61 62
62 63
62 64
62 65
63 66
63 67
63 71
64 66
64 67
64 70
65 69
65 71
66 68
67 72
67 75
68 69
69 72
70 71
71 72
71 75
72 73
73 74
73 77
74 76
74 78
75 78
75 82
76 79
76 81
76 84
77 78
77 82
78 79
78 81
78 84
79 80
79 83
80 85
80 87
81 85
82 87
82 89
83 89
83 93
84 85
84 87
84 89
85 86
85 93
86 90
87 88
88 90
88 98
89 90
90 91
90 92
91 95
92 94
92 95
93 94
93 96
93 98
94 97
94 99
95 96
95 97
96 99
