100 155 6
31 32 10 42 12 24 3 15 42 43 46 10 40 29 47 23 33 48 34 38 47 37 7 48 7 24 22 20 35 21 14 13 17 35 4 42 13 34 5 14 33 31 37 42 28 12 17 40 30 3 45 33 32 14 1 30 22 40 18 21 27 46 35 44 43 39 30 39 23 38 38 40 49 3 13 45 46 25 22 33 23 36 50 39 39 37 29 6 36 44 25 9 21 21 10 28 14 48 38 6
0 2
0 6
1 2
1 6
2 3
3 4
4 5
4 7
5 9
6 7
7 8
8 9
9 10
9 11
10 12
10 17
11 16
12 13
12 15
13 14
14 16
14 18
15 18
15 21
16 19
16 21
17 18
17 21
18 19
19 20
20 22
20 23
21 22
21 24
22 25
22 27
23 24
24 25
24 27
25 26
25 28
26 30
26 32
27 29
28 29
29 30
29 32
30 31
30 34
31 33
31 37
31 38
32 33
32 34
32 38
33 39
34 35
35 36
35 37
36 41
37 39
38 39
39 40
39 41
40 42
41 43
42 43
43 44
43 45
44 47
44 48
44 50
45 46
45 47
45 48
46 50
46 51
47 49
47 52
48 51
49 53
49 54
50 53
50 54
50 55
51 52
52 53
52 54
52 55
53 56
54 56
55 58
56 57
57 58
58 59
59 60
59 61
60 62
61 62
62 63
63 64
63 66
64 65
65 67
65 69
66 67
66 69
67 68
67 70
68 71
68 72
69 70
70 71
70 72
71 75
71 76
72 73
73 74
73 76
74 75
75 77
75 79
76 77
77 78
78 80
78 81
79 80
79 81
80 82
80 83
81 85
81 87
82 84
82 85
83 85
83 87
84 86
84 87
85 86
86 89
87 88
88 89
88 91
89 90
90 92
90 94
91 93
92 93
93 95
93 96
94 95
95 97
96 97
97 98
97 99
