100 137 3
25 5 29 30 40 18 44 43 5 36 28 24 23 45 49 22 32 16 10 13 48 26 18 32 30 4 30 30 49 47 37 30 41 7 39 37 23 24 9 26 36 44 39 48 6 32 3 36 13 2 25 34 26 4 23 33 40 48 30 29 24 11 8 46 48 42 16 28 13 43 1 7 4 27 35 34 13 4 35 12 29 20 35 8 45 12 22 28 22 18 6 14 34 32 29 35 49 5 12 4
0 1
0 2
1 3
2 3
3 4
4 5
5 6
5 7
6 11
6 12
7 8
8 9
8 10
9 11
9 12
9 13
10 11
10 12
10 13
11 14
12 15
13 14
14 15
15 16
15 17
16 18
17 19
17 21
18 20
18 22
19 22
20 21
20 30
21 23
22 23
22 30
23 24
24 25
24 27
25 26
26 28
26 31
27 35
28 29
29 32
29 37
30 31
31 32
31 34
32 33
33 35
34 35
34 37
35 36
36 38
37 39
38 39
39 40
39 41
40 42
40 44
41 42
41 45
42 43
42 46
42 48
43 47
43 49
44 45
44 48
45 46
46 47
46 49
47 51
48 49
49 50
50 51
51 52
52 53
52 54
53 57
54 55
55 56
56 57
57 58
57 59
58 60
59 63
60 61
60 62
61 63
62 63
63 64
64 65
65 66
66 67
67 68
67 69
67 71
68 73
69 70
70 72
71 73
72 73
73 74
74 75
75 76
76 77
76 78
77 79
77 80
77 81
78 83
79 82
80 82
81 82
82 83
82 84
83 85
84 85
85 86
86 87
86 88
87 89
88 89
89 90
89 91
90 92
91 92
91 93
92 94
93 94
94 95
95 96
96 97
97 98
98 99
