100 222 2
28 26 12 20 41 1 7 31 11 6 10 6 16 31 7 25 42 46 39 49 49 14 43 41 31 24 2 33 49 15 4 10 28 48 45 4 47 47 33 2 27 48 36 47 5 16 13 23 47 25 49 5 16 26 33 36 32 26 17 6 42 44 26 41 29 2 10 27 12 17 44 23 4 32 3 38 50 30 4 37 8 4 41 10 25 38 24 33 48 2 46 16 12 1 41 34 17 8 29 3
0 2
0 13
1 3
1 5
1 22
2 3
2 4
2 15
3 9
3 10
3 19
4 5
4 7
4 18
5 8
5 16
5 25
6 13
6 20
7 14
7 19
7 24
8 11
8 12
9 14
9 25
9 30
10 12
11 14
12 17
12 23
13 14
13 24
13 30
14 17
14 27
15 21
15 23
15 30
16 19
17 29
18 26
19 20
19 30
20 23
21 42
21 43
21 45
21 52
22 34
22 37
23 26
24 34
24 42
24 45
24 50
24 52
25 29
26 28
26 29
27 28
28 39
28 52
28 63
29 31
29 32
29 33
29 37
30 42
30 44
30 48
30 59
31 34
31 47
31 58
32 35
32 57
33 48
34 36
34 57
35 46
36 48
36 49
36 59
37 38
37 57
38 39
38 41
38 43
39 40
39 42
39 47
40 45
40 46
40 49
40 64
41 44
41 49
42 49
42 53
42 56
42 64
43 49
43 56
44 54
44 74
45 75
45 78
45 97
46 55
46 58
47 48
47 49
47 50
48 53
48 55
49 51
49 55
49 61
50 59
50 65
50 68
51 54
51 60
52 55
52 72
53 66
53 75
54 62
54 66
54 69
54 70
54 97
55 60
55 62
55 65
55 68
56 67
56 69
56 70
57 61
57 64
57 74
58 65
58 68
58 77
58 84
59 66
59 97
60 69
60 70
60 76
61 66
61 70
61 75
62 77
62 81
62 84
63 73
63 81
63 82
63 84
63 88
64 71
64 73
64 90
65 74
65 83
65 88
66 67
66 72
66 76
66 81
67 71
67 77
68 71
68 81
68 90
69 80
69 82
70 79
70 99
71 78
71 79
72 82
72 84
72 86
73 89
74 93
75 77
75 79
75 83
76 82
76 84
77 88
77 96
78 83
78 92
79 82
79 85
80 81
80 84
81 86
82 89
83 85
83 91
83 99
84 85
86 87
87 89
88 91
88 92
88 99
89 92
89 93
89 94
89 95
89 96
90 95
90 97
91 98
92 98
