100 140 7
10 20 35 14 24 36 37 39 20 26 24 16 2 3 11 34 46 13 19 30 39 22 12 45 15 33 47 37 32 23 3 22 8 3 41 39 6 12 46 20 8 19 16 29 24 48 4 2 48 32 8 46 50 49 3 2 33 28 46 46 49 30 45 18 43 27 30 6 26 32 19 49 43 44 1 10 22 3 44 9 21 50 21 32 34 5 46 17 29 22 16 41 23 24 35 18 13 33 24 41
0 1
1 3
2 4
3 4
3 5
4 6
4 7
5 7
6 10
6 11
7 8
8 9
9 10
9 11
10 12
11 12
11 14
12 13
13 15
13 16
13 17
14 16
14 17
15 20
15 21
16 18
17 20
17 21
18 19
19 20
19 21
20 22
21 22
22 23
23 24
24 25
25 26
25 28
26 27
27 29
27 30
27 33
28 29
29 32
30 31
31 32
32 34
32 37
33 34
33 37
34 35
34 36
35 39
36 38
36 41
37 39
38 40
39 40
39 41
40 42
40 43
41 42
41 43
42 44
42 46
43 45
44 48
44 49
45 46
45 48
46 47
46 49
46 50
47 54
48 51
48 52
49 52
50 52
51 53
52 53
53 54
54 55
55 56
56 57
56 62
57 58
58 59
59 60
60 61
60 63
61 64
62 63
63 65
64 66
65 66
66 67
67 68
68 69
69 70
70 71
71 72
72 73
73 74
74 75
74 76
74 78
75 80
76 77
76 79
77 81
78 79
79 80
80 81
81 82
81 83
82 84
83 84
83 87
84 85
85 86
86 88
87 89
87 90
88 89
88 90
89 93
90 91
90 92
90 93
91 94
91 95
92 94
92 95
93 94
94 96
94 97
95 96
95 99
97 98
98 99
