100 137 4
1 6 15 6 11 29 20 41 2 18 36 9 25 43 20 5 32 24 20 33 3 3 49 24 5 27 1 22 20 18 16 28 6 14 17 45 29 32 42 40 32 19 48 24 9 35 22 2 33 50 40 44 33 48 10 47 24 45 47 28 43 11 46 50 24 12 14 13 27 43 24 23 12 12 12 28 2 31 38 40 22 11 27 44 37 13 30 29 10 27 12 38 4 32 23 30 3 12 4 8
0 2
1 4
1 11
2 3
3 4
3 7
4 5
5 6
6 8
6 10
7 9
7 10
7 11
8 9
9 13
10 12
11 14
12 13
13 14
14 15
14 20
15 16
16 17
17 18
17 21
18 19
19 22
20 21
21 22
22 23
22 25
23 24
23 26
24 27
25 26
25 27
26 28
27 28
28 29
29 30
30 31
30 32
31 33
32 33
33 34
34 35
34 36
35 37
36 40
36 43
37 38
37 43
38 39
39 40
40 41
41 42
42 44
43 45
44 45
45 46
46 47
47 48
48 49
48 50
49 51
49 52
50 51
50 52
51 53
52 53
52 54
53 55
54 55
55 56
55 57
56 61
56 63
57 58
58 59
59 60
59 61
59 63
60 64
60 65
61 62
62 64
62 65
63 65
64 66
65 66
66 67
67 68
67 70
68 69
69 71
69 72
70 73
70 74
71 73
71 74
72 73
72 75
73 77
73 78
74 75
74 76
75 77
75 78
76 77
77 79
78 79
79 80
79 81
80 83
81 82
81 83
82 84
83 85
84 86
85 86
86 87
87 88
87 89
88 91
89 90
89 91
90 92
90 94
91 93
91 94
92 93
93 95
94 96
95 96
95 98
96 97
96 99
