100 55 9
24 6 19 2 44 17 25 23 38 25 8 50 25 21 35 2 32 18 48 27 40 43 49 35 48 4 21 33 27 17 39 25 40 9 30 4 5 33 6 24 33 26 42 43 11 42 10 5 39 30 47 35 40 47 26 49 2 19 34 22 37 24 16 7 19 14 44 8 10 45 29 24 24 27 4 49 41 15 37 25 8 23 10 42 43 45 18 26 19 18 35 33 41 7 17 50 38 39 41 17
2 57
3 24
3 93
4 67
6 41
6 85
7 12
7 97
8 14
8 79
8 84
8 89
8 97
11 29
14 90
16 35
16 98
18 83
21 30
21 74
22 27
23 47
25 32
25 99
26 62
28 91
29 35
29 56
30 56
31 36
36 58
37 42
37 66
38 90
39 45
40 66
41 73
43 66
45 91
46 68
47 61
54 58
56 71
56 82
56 95
57 81
59 75
60 80
60 86
62 75
65 71
79 81
79 93
81 99
85 97
