100 212 6
37 16 25 50 31 14 44 44 38 3 26 32 2 6 10 44 5 17 3 19 18 21 14 48 24 20 36 45 1 12 5 15 23 7 34 29 5 28 11 39 43 31 10 5 1 44 14 47 46 36 22 49 35 26 38 37 47 28 50 38 32 19 3 34 8 26 12 43 12 34 25 24 8 14 50 5 7 14 20 44 15 28 33 32 44 18 35 30 21 4 19 9 32 1 10 27 32 9 27 14
0 1
0 8
0 15
1 5
2 3
2 8
2 15
2 16
3 5
3 12
4 9
4 12
5 9
5 14
6 25
6 26
6 27
7 10
8 10
9 17
9 19
10 11
10 13
10 18
11 23
11 24
12 17
13 20
14 23
14 25
14 26
14 49
15 21
16 17
17 20
18 28
19 23
19 49
20 21
20 22
20 24
20 30
21 25
21 26
21 33
21 42
22 23
22 26
22 39
23 27
23 29
23 32
24 41
24 42
24 43
24 49
25 31
25 36
26 28
27 33
27 40
28 29
28 32
29 34
29 36
29 37
29 44
30 35
30 41
31 32
31 35
31 38
31 39
32 43
32 44
32 45
33 34
33 35
33 38
33 45
34 43
34 51
35 47
35 56
35 57
36 62
36 64
37 38
37 41
37 55
38 50
38 60
38 64
39 40
39 43
39 46
39 47
40 52
40 59
40 62
41 45
42 45
43 52
43 53
43 57
43 60
43 64
44 53
44 62
44 64
45 46
45 47
46 48
47 54
48 50
48 64
49 52
49 56
49 69
50 51
50 52
51 53
51 54
51 57
51 58
52 66
52 72
52 75
53 56
54 61
54 62
54 68
55 57
55 68
56 59
56 68
56 70
56 75
57 62
57 65
57 67
58 72
58 73
59 77
59 85
60 67
61 63
61 72
62 69
62 73
63 65
63 66
63 74
64 66
64 68
64 82
65 75
65 77
65 78
66 78
66 79
67 69
67 85
68 73
69 70
69 71
69 77
70 72
70 76
71 74
72 78
72 79
72 82
73 74
73 87
74 76
74 83
75 96
76 88
76 92
77 83
77 87
77 90
78 84
79 80
79 81
80 84
80 87
81 83
81 87
82 84
83 88
84 86
85 92
85 96
86 89
86 90
87 88
87 92
87 93
88 89
89 94
90 91
90 92
90 93
91 94
94 95
94 96
95 97
95 98
96 97
97 99
