100 245 4
31 24 12 39 3 45 16 4 18 22 31 6 39 26 45 29 3 25 35 12 13 6 25 28 13 1 14 15 23 12 38 49 17 19 6 50 44 12 46 11 39 36 38 42 16 26 46 34 32 48 24 42 42 20 45 8 33 11 2 15 49 24 6 49 11 31 4 17 7 41 46 44 13 21 40 6 10 47 27 2 21 46 42 23 5 7 36 3 7 27 29 28 5 29 50 16 10 46 31 5
0 8
0 18
0 36
0 58
0 76
1 4
1 21
1 45
1 56
1 69
1 87
2 9
2 50
3 20
3 29
3 35
3 62
3 72
4 28
4 36
4 74
5 17
5 35
5 43
5 74
5 85
6 15
6 50
6 57
7 11
7 12
7 43
7 50
7 53
7 77
8 32
8 64
8 66
8 68
9 16
9 47
10 25
10 33
10 64
10 66
10 73
11 19
11 38
11 46
11 47
12 32
12 42
12 74
13 56
13 65
13 66
13 88
14 21
14 31
14 32
14 33
14 36
14 82
15 20
15 21
15 31
15 45
16 17
16 28
16 33
16 35
16 52
16 63
17 30
17 46
17 58
18 34
18 46
18 86
19 35
19 45
19 63
20 39
20 40
20 44
21 34
21 76
21 92
22 25
22 34
22 42
22 55
22 85
23 24
23 32
23 33
23 41
23 42
23 47
24 28
24 43
24 60
24 93
25 46
25 61
25 65
25 68
26 28
26 50
26 61
26 69
26 92
27 38
27 80
28 39
28 72
28 80
28 96
29 61
29 67
29 79
30 32
30 34
30 57
30 93
31 39
31 40
31 61
31 68
32 60
32 65
32 78
32 79
33 58
33 69
33 89
34 49
34 54
34 78
35 39
35 56
35 78
36 39
36 47
36 73
36 80
37 43
37 51
37 62
37 68
37 81
37 93
38 51
38 57
39 64
40 47
40 54
40 99
41 60
41 82
41 94
42 51
42 60
42 94
43 92
44 74
44 80
44 87
45 49
45 68
45 74
47 67
47 70
48 62
48 63
48 98
48 99
49 59
49 66
49 89
50 95
51 52
51 78
52 72
52 73
52 88
52 89
53 61
53 85
53 94
54 96
55 57
55 59
55 79
56 98
57 64
57 87
58 86
58 97
59 75
59 80
60 99
61 75
62 95
63 73
63 81
63 97
64 65
64 91
65 71
65 81
66 95
66 97
67 88
67 91
68 94
68 98
68 99
69 74
69 80
69 84
70 78
70 86
71 99
72 82
72 91
74 81
75 90
76 83
77 87
78 90
79 89
79 97
80 97
81 83
81 94
84 85
84 96
85 95
85 98
86 93
89 95
91 97
91 98
93 96
