100 154 7
2 18 45 22 45 21 43 10 38 41 29 5 35 43 5 34 14 1 29 12 18 37 47 35 10 48 14 37 19 31 30 30 12 23 7 31 37 18 48 31 40 24 23 14 22 42 26 31 13 8 10 41 22 27 31 43 9 5 44 14 23 23 6 25 4 23 38 5 11 34 21 5 21 8 14 2 41 6 32 47 9 12 8 27 45 15 15 19 29 35 28 35 43 19 40 24 6 18 21 49
0 1
1 3
1 7
2 3
3 4
3 6
4 5
5 8
5 10
6 8
6 10
7 8
8 9
8 13
9 11
9 14
10 11
10 14
11 12
12 16
13 16
14 15
14 18
15 16
16 17
16 21
17 19
18 22
18 23
19 20
19 22
19 23
20 24
21 23
22 25
23 24
24 25
25 26
26 27
26 29
27 28
27 30
28 31
28 32
29 30
29 32
30 31
31 33
32 34
33 34
34 35
35 36
35 37
36 39
36 41
37 38
38 39
39 40
39 42
40 46
41 43
42 43
42 44
43 45
44 45
45 46
46 47
46 48
46 51
47 49
48 50
49 50
50 52
51 53
52 53
53 54
53 57
54 55
55 56
55 60
56 58
56 61
57 58
58 59
58 67
59 62
59 64
59 65
60 61
60 62
61 63
62 66
63 64
63 65
63 66
63 67
64 70
64 71
65 68
65 70
66 68
67 70
67 71
68 69
69 71
70 72
71 72
71 73
72 74
72 75
72 76
73 75
73 76
74 77
75 79
75 80
75 82
76 77
77 78
78 79
78 80
78 82
79 81
79 84
79 85
80 81
80 83
80 85
80 86
81 89
82 83
82 84
82 85
83 88
84 86
84 87
85 87
86 89
87 88
88 89
89 90
89 91
90 96
90 97
91 92
91 93
92 94
92 95
93 95
95 96
95 97
96 98
97 98
98 99
