100 180 3
10 45 31 29 16 42 43 20 18 26 18 30 29 26 42 30 11 22 5 39 18 38 37 24 2 5 41 33 35 22 37 27 46 3 10 21 50 7 3 20 19 8 20 42 39 9 22 23 10 4 39 13 40 13 27 41 50 13 28 21 22 46 44 47 39 11 14 19 9 33 11 47 39 11 12 7 25 36 31 42 48 44 18 11 34 40 45 6 4 49 11 4 36 40 23 23 12 15 22 28
0 5
0 7
0 8
1 2
1 7
2 3
2 4
2 5
2 8
3 9
4 6
4 11
5 9
6 12
6 17
7 10
8 9
9 12
10 13
10 17
11 14
11 17
12 13
12 16
13 14
14 15
14 18
15 20
16 19
16 21
17 18
17 23
18 21
18 24
19 20
20 22
20 29
21 27
21 29
22 23
22 25
23 26
24 27
24 28
25 27
25 28
26 27
27 30
28 31
29 30
29 31
30 32
30 34
31 32
31 34
32 33
32 36
33 37
33 38
34 35
35 37
35 38
36 41
36 43
37 39
37 40
38 41
38 44
38 55
39 41
39 43
40 42
40 49
41 45
42 44
42 47
43 45
43 48
43 49
44 45
44 50
45 46
45 51
46 52
46 58
47 48
47 51
47 52
48 54
48 55
49 50
50 51
50 52
51 53
51 54
51 58
52 53
52 54
52 56
53 57
53 60
54 59
54 60
54 66
55 56
55 58
56 57
57 59
57 61
58 61
58 72
59 62
60 62
61 64
62 63
63 67
63 72
64 65
64 67
65 66
65 74
66 70
66 71
67 68
68 69
69 70
69 71
69 74
70 73
71 73
72 78
73 75
74 76
75 76
75 78
76 77
76 81
76 83
76 85
77 80
77 82
77 84
78 79
78 81
79 80
79 82
79 85
80 86
80 87
81 84
82 86
83 86
83 89
83 90
84 88
84 89
84 90
85 86
85 90
86 88
87 88
87 89
87 93
88 91
88 94
89 92
89 94
90 91
90 93
90 94
91 92
92 95
92 97
93 97
94 95
94 97
95 96
96 98
96 99
97 99
