100 165 2
17 26 21 24 6 50 17 20 36 27 23 17 30 7 34 50 11 29 46 49 50 37 12 6 30 33 43 10 41 11 44 2 24 36 4 4 36 45 29 20 48 15 38 40 41 49 50 31 24 44 44 15 45 17 5 4 47 45 47 11 3 36 29 45 27 11 35 9 39 16 47 43 22 11 16 40 18 44 45 38 48 3 36 6 41 32 21 18 23 27 12 46 17 7 28 23 27 20 24 44
0 2
1 2
1 3
2 4
2 5
2 6
3 5
4 9
5 7
6 7
7 8
8 9
8 10
9 11
9 12
10 12
11 13
11 15
12 13
12 14
13 16
13 18
14 15
15 16
15 18
16 17
17 20
18 19
19 20
20 21
21 22
22 23
22 24
22 25
23 26
24 27
24 29
25 26
26 27
26 29
27 28
28 30
28 31
28 32
29 31
29 32
30 33
31 34
32 33
33 34
33 36
34 35
34 38
35 37
35 39
35 40
36 43
37 42
37 43
38 39
38 40
38 41
39 42
39 43
40 43
41 42
41 44
41 47
42 45
42 48
43 44
43 47
44 45
44 48
45 46
46 49
46 50
47 49
47 50
48 49
48 50
49 51
50 51
51 52
51 54
52 53
52 55
53 56
53 59
54 57
54 59
55 57
55 58
55 59
56 58
57 61
58 60
59 62
60 61
60 62
61 63
62 64
63 64
63 69
64 65
64 66
65 70
65 71
66 67
67 68
67 70
68 71
69 72
70 76
70 77
71 72
72 73
72 74
73 75
73 76
74 76
74 77
75 77
75 78
75 82
76 78
76 79
77 83
77 84
77 87
78 80
79 80
79 81
80 83
80 84
80 85
80 87
81 82
82 83
82 84
82 85
82 87
83 86
84 86
85 86
86 88
86 89
87 88
87 89
88 90
89 90
89 92
90 91
90 94
91 93
91 95
91 96
92 93
92 96
93 98
94 96
95 98
96 97
96 98
97 99
