100 151 8
18 44 22 13 13 49 8 45 4 4 44 31 10 35 42 6 38 40 8 13 47 22 31 13 19 22 40 44 39 4 47 36 12 46 15 39 45 32 38 15 3 36 11 21 31 1 39 41 23 45 10 42 1 24 23 7 44 11 23 43 14 6 42 30 6 24 14 16 6 12 10 45 9 41 19 28 6 44 45 28 46 47 34 20 47 50 14 34 42 7 35 5 25 15 10 20 18 13 26 43
0 2
0 6
1 2
1 6
2 3
2 4
3 7
4 5
4 7
5 8
6 7
7 8
8 9
8 11
9 10
9 12
10 13
10 15
11 13
11 16
11 20
12 13
12 15
13 14
13 17
14 18
15 16
15 20
16 18
17 18
17 19
18 21
19 21
20 23
21 22
22 23
23 24
24 25
24 26
25 28
26 27
27 28
28 29
29 30
30 31
30 33
31 32
31 34
31 35
32 39
33 34
33 35
33 36
34 37
34 41
35 39
36 39
37 38
38 40
39 40
39 41
40 42
40 43
41 43
42 44
43 44
43 48
44 45
44 46
45 47
46 47
47 49
47 50
47 51
48 51
49 52
50 52
51 53
52 53
53 54
53 57
54 55
54 58
55 56
56 59
56 60
57 59
57 60
58 63
59 62
60 61
61 62
62 63
63 64
63 65
64 66
64 70
65 67
66 67
67 68
67 69
67 71
68 76
68 78
68 81
69 72
69 76
70 71
71 73
71 74
71 76
72 73
72 74
73 75
74 75
74 78
75 77
75 79
76 79
77 81
78 80
78 83
79 80
79 82
80 84
80 85
81 82
82 83
82 84
83 85
83 88
84 86
84 88
85 86
86 87
87 89
87 94
88 89
89 90
89 91
90 93
91 92
91 97
92 99
93 95
93 96
94 97
95 97
96 98
97 98
98 99
