100 150 10
14 3 34 24 39 15 33 5 25 44 44 41 47 49 27 49 9 13 50 34 7 47 6 37 15 26 19 24 24 32 26 7 15 24 22 41 34 49 27 41 47 36 27 14 39 11 19 4 9 11 28 33 4 49 6 46 26 21 41 5 10 3 29 3 45 31 39 4 18 40 16 41 9 12 42 27 10 32 5 38 16 24 43 17 15 8 29 6 36 37 44 8 24 38 23 40 7 15 21 37
0 1
0 6
1 3
2 3
2 4
3 5
4 5
4 6
5 7
6 10
7 8
8 9
9 10
10 11
11 12
12 13
13 14
14 15
14 16
15 19
15 20
15 21
16 17
17 18
17 19
17 20
17 21
18 22
19 22
20 22
21 22
21 24
22 23
23 25
24 25
25 26
25 28
26 27
27 29
28 32
29 30
29 31
30 32
30 33
31 33
32 34
32 35
33 36
33 37
34 36
34 37
35 38
36 38
36 39
37 39
38 41
39 40
40 41
40 42
41 43
41 45
42 43
43 44
44 46
45 46
46 47
46 48
47 50
47 53
48 49
48 53
49 50
49 52
50 51
50 56
51 54
52 54
52 56
53 64
53 65
53 67
54 55
55 60
56 57
57 58
57 59
58 60
59 61
60 61
61 62
62 63
62 64
63 65
63 67
64 66
65 66
66 68
66 69
66 72
67 69
67 71
67 74
68 70
69 79
69 80
70 74
70 76
71 73
72 73
73 75
73 76
74 75
74 77
75 78
75 80
76 77
77 78
78 79
78 82
79 81
80 81
80 82
81 83
81 85
82 84
82 85
83 84
84 86
85 87
85 89
86 87
86 89
87 88
88 90
88 91
88 93
89 93
89 96
90 92
90 97
91 96
91 98
92 94
92 95
93 94
94 98
95 96
95 99
97 98
98 99
