50 343 16
3 4 4 1 1 5 1 3 2 2 6 2 4 7 4 1 5 3 4 2 2 1 3 1 8 5 4 2 7 3 1 1 14 4 5 6 10 11 1 2 2 14 17 20 1 8 12 6 2 8
0 10
3 10
9 10
1 11
6 11
8 11
3 12
4 12
5 12
6 12
8 12
0 13
2 13
4 13
5 13
8 13
9 13
3 14
4 14
7 14
8 14
9 14
5 15
3 16
0 17
1 17
6 17
7 17
8 17
5 18
0 19
1 19
3 19
4 19
1 20
2 20
3 20
4 21
6 21
9 21
1 22
2 22
7 22
0 23
1 23
8 23
9 23
0 24
1 24
2 24
3 24
5 24
4 25
7 25
10 25
13 25
14 25
15 25
16 25
19 25
21 25
0 26
4 26
9 26
11 26
14 26
16 26
18 26
22 26
1 27
4 27
7 27
8 27
13 27
14 27
16 27
22 27
5 28
7 28
9 28
12 28
14 28
15 28
16 28
18 28
22 28
1 29
2 29
3 29
6 29
8 29
10 29
12 29
14 29
18 29
22 29
0 30
4 30
5 30
7 30
10 30
14 30
15 30
20 30
23 30
0 31
6 31
7 31
9 31
15 31
21 31
0 32
1 32
4 32
5 32
6 32
10 32
11 32
12 32
22 32
3 33
6 33
15 33
19 33
22 33
25 33
28 33
30 33
1 34
8 34
21 34
22 34
23 34
27 34
30 34
2 35
8 35
12 35
13 35
18 35
19 35
21 35
22 35
23 35
24 35
26 35
28 35
0 36
6 36
8 36
9 36
13 36
14 36
15 36
16 36
17 36
21 36
26 36
27 36
29 36
32 36
0 37
5 37
6 37
9 37
11 37
13 37
17 37
19 37
22 37
24 37
25 37
28 37
6 38
8 38
10 38
12 38
13 38
19 38
21 38
25 38
27 38
29 38
6 39
10 39
11 39
16 39
17 39
21 39
22 39
23 39
28 39
29 39
30 39
1 40
3 40
4 40
5 40
6 40
7 40
10 40
11 40
16 40
17 40
18 40
21 40
22 40
23 40
32 40
1 41
2 41
6 41
11 41
12 41
13 41
17 41
18 41
24 41
25 41
27 41
28 41
29 41
30 41
31 41
3 42
4 42
11 42
13 42
16 42
26 42
32 42
0 43
2 43
6 43
7 43
9 43
10 43
14 43
15 43
16 43
17 43
23 43
24 43
25 43
28 43
30 43
31 43
4 44
6 44
7 44
11 44
12 44
14 44
15 44
17 44
20 44
21 44
22 44
26 44
29 44
30 44
0 45
1 45
5 45
14 45
16 45
24 45
26 45
31 45
33 45
36 45
37 45
38 45
39 45
40 45
43 45
44 45
1 46
3 46
7 46
8 46
17 46
21 46
23 46
24 46
26 46
28 46
35 46
42 46
4 47
8 47
9 47
10 47
13 47
16 47
20 47
21 47
22 47
26 47
27 47
28 47
29 47
30 47
33 47
39 47
40 47
41 47
42 47
1 48
6 48
10 48
15 48
17 48
18 48
19 48
21 48
24 48
27 48
30 48
33 48
34 48
35 48
42 48
44 48
2 49
3 49
6 49
7 49
8 49
9 49
11 49
20 49
21 49
23 49
24 49
26 49
29 49
31 49
32 49
35 49
37 49
41 49
42 49
