50 148 2
5 4 7 4 5 5 5 3 3 5 6 8 6 6 6 7 7 5 5 5 6 7 7 6 4 4 7 5 6 5 5 5 5 6 6 7 5 4 5 5 7 6 6 5 7 5 7 6 6 5
2 11
4 11
7 12
1 13
4 13
7 13
2 14
7 14
8 14
9 14
0 15
3 15
4 15
4 16
8 16
1 17
13 18
4 19
16 19
16 20
5 21
11 21
13 21
6 22
8 22
10 22
1 23
5 23
10 23
14 23
16 23
7 25
8 25
9 25
15 25
1 26
6 26
16 26
15 27
4 29
17 29
7 30
16 30
22 30
5 31
20 31
21 31
23 31
1 32
7 32
14 32
15 32
25 32
11 33
26 33
14 34
17 34
11 35
12 35
19 35
27 35
28 35
3 36
6 36
10 36
17 36
24 36
26 36
3 37
20 37
22 37
27 37
2 38
7 38
21 38
22 38
8 39
9 39
10 39
11 39
11 40
27 40
29 40
30 40
31 40
32 40
33 40
34 40
38 40
8 41
16 41
18 41
29 41
34 41
38 41
4 42
5 42
10 42
31 42
32 42
37 42
2 43
16 43
18 43
20 43
21 43
22 43
39 43
0 44
9 44
24 44
25 44
34 44
35 44
11 45
15 45
16 45
20 45
21 45
23 45
27 45
29 45
32 45
38 45
2 46
16 46
17 46
19 46
24 46
38 46
16 47
18 47
28 47
29 47
34 47
35 47
9 48
16 48
18 48
26 48
38 48
0 49
5 49
23 49
27 49
30 49
32 49
33 49
