50 183 2
8 7 8 7 8 10 4 12 6 3 2 7 7 16 19 6 10 18 10 14 2 10 2 1 5 8 10 16 11 8 18 19 8 8 10 20 3 10 8 7 4 2 2 16 4 7 3 6 15 4
0 4
1 4
3 5
4 5
4 8
7 8
0 10
3 13
7 13
8 13
9 13
10 13
2 14
9 14
12 14
10 15
14 15
8 16
13 16
6 17
9 17
10 17
11 18
1 19
4 19
5 19
7 19
10 19
14 19
18 19
4 20
6 20
16 20
19 20
11 21
12 21
16 21
17 21
18 21
19 21
5 22
15 22
19 22
2 23
5 23
20 23
7 24
9 24
16 24
21 24
23 24
0 25
5 25
13 25
1 26
6 26
7 26
19 26
20 26
2 27
20 28
25 28
8 29
12 29
16 29
17 29
21 29
27 29
3 30
15 30
18 30
19 30
25 30
26 30
2 31
5 31
6 31
13 31
18 31
20 31
3 32
5 32
6 32
13 32
16 32
19 32
20 32
21 32
22 32
3 33
7 33
16 33
17 33
26 33
27 33
2 34
14 34
11 35
12 35
21 35
27 35
32 35
2 36
3 36
9 36
18 36
23 36
29 36
32 36
33 36
0 37
16 37
19 37
32 37
36 37
0 38
3 38
17 38
22 38
27 38
31 38
1 39
14 39
16 39
17 39
21 39
23 39
26 39
5 40
22 40
26 40
31 40
0 41
14 41
29 41
26 42
32 42
8 43
23 43
30 43
34 43
37 43
5 44
12 44
16 44
29 44
2 45
8 45
10 45
12 45
21 45
33 45
0 46
7 46
14 46
18 46
1 47
8 47
17 47
24 47
25 47
39 47
46 47
0 48
5 48
6 48
15 48
22 48
23 48
28 48
32 48
33 48
37 48
38 48
40 48
6 49
17 49
22 49
23 49
25 49
29 49
40 49
43 49
