50 104 2
17 2 4 5 9 3 10 2 9 7 2 2 2 1 2 1 8 2 1 15 13 10 13 4 17 2 1 1 4 1 3 5 2 2 18 4 2 3 7 19 3 13 1 6 16 1 6 1 14 3
2 4
4 5
0 8
6 10
4 12
8 13
10 13
7 14
12 14
10 15
12 15
0 16
4 17
14 17
0 18
12 18
10 19
6 20
1 21
7 21
11 22
20 22
21 22
8 23
14 23
19 23
0 24
4 24
10 24
21 24
2 25
10 25
0 26
2 26
16 26
17 26
1 27
7 27
15 27
17 27
13 28
22 29
19 30
28 30
0 31
6 31
23 31
6 32
16 32
15 33
26 33
8 34
9 34
17 34
18 34
25 34
11 35
32 35
12 36
24 36
16 37
18 37
31 38
2 39
11 39
12 39
15 39
36 39
4 40
9 41
17 42
21 42
28 42
30 42
0 43
6 43
10 43
19 43
22 43
2 44
5 44
6 44
7 44
16 44
18 44
38 44
1 45
26 45
39 45
42 45
7 46
31 46
43 46
0 47
11 47
37 47
9 48
14 48
18 48
2 49
3 49
15 49
41 49
42 49
