50 104 2
13 1 3 7 1 2 1 4 48 2 3 3 5 12 1 6 2 5 2 3 5 19 29 2 1 3 8 1 1 3 3 8 7 6 3 1 21 27 20 7 5 7 1 2 5 8 7 10 2 15
2 4
0 6
3 7
5 7
5 8
6 11
9 11
0 12
3 12
10 13
11 14
12 14
4 15
14 15
6 16
7 16
1 17
9 18
14 18
3 19
9 19
11 19
12 19
1 20
12 20
18 20
17 21
4 25
8 25
23 25
11 26
12 26
13 27
14 27
16 27
13 28
24 28
27 28
8 29
19 29
22 29
28 29
2 30
3 30
6 30
15 30
10 31
21 32
25 32
17 33
18 33
2 35
4 35
6 35
14 36
29 36
0 37
12 37
22 37
29 37
33 37
7 38
25 38
26 38
5 39
10 39
34 39
4 40
14 40
20 40
23 40
38 40
8 41
17 41
0 42
12 42
34 42
4 43
13 43
30 43
3 44
12 44
34 44
28 45
38 45
1 46
20 46
28 46
29 46
42 46
11 47
16 47
17 47
18 47
37 47
39 47
40 47
1 48
30 48
3 49
21 49
40 49
42 49
47 49
