50 635 2
5 9 8 6 5 8 14 3 1 10 5 3 1 3 1 5 5 9 10 8 14 7 1 3 2 4 5 12 13 9 12 6 6 16 16 1 5 1 20 19 6 1 3 1 5 2 19 1 5 5
0 1
0 2
0 3
1 3
2 3
1 4
0 5
1 5
2 5
3 5
1 6
3 6
4 6
5 6
5 7
0 8
1 8
2 8
4 8
5 8
0 9
2 9
7 9
1 10
4 10
6 10
8 10
0 11
2 11
5 11
9 11
1 12
3 12
5 12
7 12
8 12
9 12
10 12
2 13
5 13
6 13
9 13
11 13
12 13
0 14
4 14
6 14
9 14
10 14
12 14
13 14
3 15
4 15
7 15
11 15
12 15
13 15
1 16
4 16
7 16
8 16
9 16
15 16
1 17
2 17
4 17
6 17
9 17
11 17
12 17
13 17
1 18
2 18
6 18
7 18
10 18
11 18
12 18
16 18
0 19
2 19
5 19
6 19
9 19
10 19
11 19
13 19
14 19
15 19
16 19
0 20
1 20
3 20
4 20
6 20
13 20
14 20
17 20
18 20
0 21
1 21
2 21
3 21
4 21
8 21
9 21
12 21
14 21
18 21
0 22
1 22
2 22
3 22
4 22
7 22
11 22
14 22
15 22
17 22
18 22
20 22
21 22
0 23
3 23
4 23
6 23
8 23
10 23
14 23
17 23
18 23
19 23
21 23
0 24
1 24
3 24
5 24
9 24
13 24
14 24
15 24
16 24
17 24
20 24
23 24
2 25
3 25
6 25
7 25
8 25
10 25
11 25
12 25
15 25
16 25
17 25
19 25
20 25
21 25
22 25
23 25
24 25
0 26
1 26
2 26
3 26
4 26
7 26
9 26
10 26
12 26
13 26
14 26
16 26
17 26
21 26
22 26
0 27
1 27
2 27
3 27
7 27
8 27
9 27
11 27
12 27
13 27
14 27
15 27
18 27
19 27
20 27
22 27
23 27
26 27
2 28
3 28
7 28
9 28
13 28
14 28
16 28
17 28
18 28
21 28
22 28
26 28
2 29
4 29
8 29
9 29
11 29
13 29
16 29
17 29
21 29
23 29
25 29
27 29
28 29
2 30
3 30
4 30
5 30
9 30
10 30
11 30
12 30
13 30
14 30
15 30
17 30
19 30
23 30
25 30
28 30
29 30
0 31
2 31
3 31
4 31
6 31
9 31
10 31
12 31
15 31
16 31
18 31
20 31
21 31
22 31
27 31
0 32
1 32
3 32
6 32
7 32
8 32
13 32
14 32
15 32
16 32
17 32
19 32
22 32
23 32
25 32
27 32
29 32
30 32
31 32
0 33
1 33
2 33
3 33
6 33
7 33
8 33
9 33
10 33
11 33
12 33
13 33
14 33
15 33
16 33
20 33
21 33
22 33
23 33
24 33
26 33
28 33
29 33
31 33
0 34
1 34
2 34
5 34
6 34
7 34
11 34
12 34
13 34
14 34
15 34
16 34
17 34
24 34
25 34
27 34
28 34
29 34
31 34
32 34
33 34
2 35
5 35
7 35
8 35
9 35
10 35
11 35
12 35
13 35
15 35
18 35
21 35
24 35
25 35
26 35
28 35
31 35
33 35
34 35
0 36
1 36
2 36
3 36
7 36
8 36
10 36
14 36
16 36
17 36
18 36
19 36
25 36
26 36
28 36
33 36
1 37
3 37
4 37
5 37
6 37
7 37
8 37
11 37
14 37
15 37
16 37
18 37
21 37
22 37
23 37
26 37
27 37
28 37
29 37
0 38
6 38
7 38
8 38
11 38
12 38
13 38
17 38
18 38
19 38
20 38
22 38
24 38
25 38
26 38
27 38
28 38
29 38
30 38
31 38
35 38
37 38
0 39
1 39
2 39
7 39
11 39
15 39
18 39
20 39
21 39
23 39
24 39
26 39
27 39
29 39
34 39
35 39
37 39
38 39
0 40
1 40
5 40
6 40
9 40
10 40
12 40
13 40
15 40
16 40
18 40
21 40
24 40
25 40
26 40
28 40
29 40
30 40
32 40
33 40
34 40
36 40
37 40
38 40
39 40
1 41
3 41
8 41
9 41
10 41
14 41
17 41
21 41
22 41
23 41
25 41
28 41
29 41
31 41
33 41
39 41
0 42
3 42
4 42
5 42
6 42
7 42
8 42
9 42
10 42
11 42
14 42
16 42
17 42
18 42
19 42
21 42
24 42
25 42
27 42
28 42
34 42
35 42
36 42
37 42
39 42
1 43
4 43
8 43
10 43
11 43
13 43
14 43
16 43
24 43
25 43
27 43
28 43
30 43
31 43
32 43
34 43
36 43
38 43
39 43
40 43
41 43
3 44
4 44
6 44
8 44
9 44
10 44
13 44
22 44
23 44
24 44
27 44
29 44
31 44
32 44
37 44
39 44
40 44
42 44
0 45
2 45
5 45
6 45
8 45
9 45
10 45
14 45
19 45
20 45
22 45
24 45
26 45
29 45
30 45
32 45
33 45
36 45
37 45
38 45
42 45
44 45
3 46
4 46
5 46
9 46
15 46
16 46
17 46
18 46
20 46
21 46
23 46
24 46
25 46
26 46
27 46
29 46
31 46
32 46
37 46
40 46
41 46
45 46
2 47
3 47
6 47
11 47
13 47
15 47
16 47
17 47
18 47
22 47
24 47
26 47
28 47
31 47
32 47
33 47
34 47
35 47
36 47
43 47
45 47
46 47
0 48
2 48
3 48
5 48
6 48
8 48
9 48
12 48
13 48
14 48
15 48
18 48
19 48
21 48
22 48
23 48
24 48
26 48
27 48
28 48
30 48
34 48
36 48
39 48
44 48
47 48
0 49
1 49
5 49
6 49
8 49
9 49
11 49
17 49
19 49
20 49
22 49
24 49
25 49
28 49
30 49
32 49
34 49
35 49
36 49
37 49
38 49
40 49
42 49
43 49
44 49
46 49
47 49
48 49
