50 211 2
14 10 3 9 27 1 14 42 2 10 25 34 1 4 7 10 45 9 26 4 7 7 6 3 7 16 15 7 3 9 7 24 4 2 2 3 5 4 3 20 12 1 4 4 2 10 5 5 10 20
0 1
0 2
2 3
0 5
0 6
3 6
5 6
6 8
1 9
7 9
8 9
5 11
6 11
4 12
9 12
9 14
0 15
8 15
11 15
12 15
4 16
6 16
7 16
11 16
2 17
8 17
11 17
14 17
0 18
8 18
12 18
7 19
10 19
11 19
17 19
18 19
1 20
10 20
12 20
15 20
18 20
3 21
5 21
9 21
11 21
13 21
1 22
2 22
4 22
16 22
18 22
19 22
21 22
0 23
4 23
5 23
13 23
20 23
5 24
6 24
7 24
8 24
16 24
20 24
21 24
23 24
2 25
3 25
18 25
9 26
13 26
21 26
22 26
24 26
6 27
9 27
26 27
14 28
17 28
18 28
25 28
13 29
15 29
0 30
1 30
3 30
22 30
6 31
7 31
10 31
11 31
13 31
14 31
18 31
2 32
14 32
21 32
23 32
24 32
28 32
3 33
5 33
6 33
7 33
8 33
13 33
16 33
25 33
31 33
28 34
29 34
33 34
12 35
21 35
25 35
31 35
32 35
15 36
19 36
30 36
1 37
3 37
4 37
7 37
16 37
20 37
26 37
33 37
36 37
6 38
7 38
12 38
16 38
20 38
31 38
32 38
4 39
8 39
9 39
13 39
25 39
28 39
30 39
31 39
32 39
38 39
14 40
17 40
26 40
10 41
11 41
13 41
18 41
24 41
34 41
39 41
3 42
4 42
11 42
12 42
13 42
23 42
26 42
30 42
1 43
15 43
33 43
38 43
6 44
8 44
13 44
18 44
19 44
34 44
42 44
1 45
12 45
17 45
22 45
28 45
34 45
36 45
40 45
2 46
14 46
18 46
34 46
38 46
14 47
23 47
27 47
28 47
40 47
42 47
3 48
20 48
29 48
31 48
33 48
34 48
35 48
38 48
47 48
0 49
2 49
9 49
22 49
36 49
39 49
45 49
48 49
