50 212 2
7 11 10 8 5 2 3 10 9 16 14 9 3 5 14 9 15 14 7 1 1 2 4 14 4 8 10 4 5 11 9 13 5 10 7 9 10 3 2 6 4 8 11 8 6 14 19 8 6 1
4 14
9 14
10 14
11 14
2 15
9 15
10 15
3 16
9 16
13 16
1 17
8 17
0 18
1 18
4 18
5 18
10 18
6 19
11 19
0 20
5 20
7 20
8 21
9 21
10 21
12 21
1 22
5 22
8 22
12 22
13 22
0 23
5 23
7 23
9 23
11 23
0 24
6 24
13 24
0 25
8 25
10 25
13 25
0 26
8 26
11 26
13 26
21 26
23 26
24 26
6 27
9 27
13 27
18 27
20 27
23 27
0 28
1 28
6 28
14 28
24 28
6 29
8 29
15 29
16 29
17 29
22 29
1 30
23 30
25 30
0 31
11 31
13 31
18 31
0 32
4 32
9 32
14 32
20 32
0 33
1 33
9 33
14 33
16 33
0 34
22 34
23 34
0 35
5 35
9 35
10 35
16 35
24 35
5 36
7 36
11 36
14 36
22 36
23 36
28 36
31 36
35 36
8 37
10 37
14 37
15 37
16 37
19 37
25 37
33 37
35 37
7 38
8 38
13 38
19 38
21 38
27 38
28 38
0 39
2 39
7 39
17 39
18 39
19 39
27 39
33 39
6 40
11 40
15 40
17 40
18 40
19 40
20 40
21 40
25 40
27 40
28 40
0 41
17 41
32 41
33 41
34 41
8 42
10 42
27 42
28 42
29 42
27 43
35 43
0 44
3 44
9 44
16 44
19 44
1 45
2 45
7 45
14 45
15 45
20 45
26 45
28 45
30 45
31 45
0 46
3 46
10 46
11 46
14 46
17 46
19 46
21 46
22 46
24 46
26 46
34 46
35 46
38 46
41 46
0 47
2 47
4 47
15 47
22 47
28 47
30 47
37 47
38 47
40 47
0 48
8 48
12 48
14 48
19 48
20 48
30 48
31 48
37 48
40 48
41 48
3 49
8 49
15 49
21 49
22 49
24 49
25 49
26 49
27 49
33 49
40 49
43 49
