50 542 2
5 11 15 7 12 15 6 6 4 12 6 15 16 8 13 6 8 12 15 6 6 5 8 5 5 7 15 7 9 8 4 4 10 8 8 6 15 7 13 12 5 11 5 7 14 13 9 5 5 12
0 13
1 13
2 13
3 13
5 13
6 13
8 13
10 13
11 13
1 14
3 14
4 14
5 14
7 14
10 14
11 14
0 15
1 15
2 15
4 15
9 15
11 15
12 15
0 16
1 16
4 16
5 16
6 16
8 16
9 16
10 16
11 16
0 17
5 17
6 17
8 17
10 17
11 17
12 17
0 18
2 18
3 18
4 18
5 18
8 18
10 18
11 18
12 18
1 19
2 19
3 19
5 19
6 19
8 19
9 19
10 19
12 19
1 20
5 20
6 20
7 20
9 20
12 20
2 21
4 21
6 21
7 21
9 21
10 21
11 21
0 22
2 22
3 22
5 22
6 22
10 22
11 22
0 23
2 23
3 23
5 23
7 23
8 23
9 23
11 23
12 23
13 23
14 23
15 23
18 23
19 23
20 23
21 23
22 23
1 24
2 24
3 24
4 24
5 24
8 24
10 24
12 24
13 24
15 24
16 24
17 24
18 24
19 24
21 24
2 25
3 25
5 25
6 25
7 25
9 25
11 25
12 25
19 25
22 25
0 26
1 26
2 26
4 26
9 26
10 26
13 26
15 26
16 26
17 26
19 26
21 26
1 27
3 27
4 27
6 27
7 27
8 27
11 27
13 27
16 27
17 27
18 27
19 27
20 27
21 27
22 27
0 28
1 28
2 28
4 28
6 28
7 28
12 28
13 28
17 28
18 28
20 28
21 28
1 29
2 29
3 29
4 29
5 29
6 29
7 29
11 29
12 29
13 29
14 29
15 29
16 29
18 29
0 30
1 30
4 30
7 30
8 30
10 30
11 30
14 30
15 30
16 30
17 30
20 30
22 30
1 31
2 31
3 31
5 31
8 31
9 31
13 31
15 31
16 31
18 31
20 31
2 32
5 32
8 32
11 32
12 32
14 32
19 32
22 32
0 33
1 33
2 33
8 33
9 33
10 33
12 33
15 33
17 33
18 33
21 33
22 33
23 33
25 33
26 33
27 33
30 33
31 33
32 33
0 34
3 34
5 34
6 34
7 34
8 34
12 34
13 34
15 34
17 34
18 34
19 34
25 34
28 34
29 34
30 34
32 34
0 35
2 35
3 35
5 35
7 35
8 35
11 35
12 35
14 35
15 35
16 35
17 35
18 35
19 35
22 35
25 35
26 35
27 35
29 35
31 35
0 36
2 36
4 36
6 36
9 36
11 36
12 36
19 36
21 36
23 36
25 36
29 36
30 36
31 36
32 36
0 37
1 37
2 37
3 37
4 37
5 37
6 37
9 37
12 37
13 37
19 37
21 37
22 37
25 37
26 37
27 37
28 37
30 37
31 37
0 38
1 38
2 38
8 38
11 38
14 38
16 38
20 38
21 38
23 38
24 38
25 38
26 38
30 38
31 38
32 38
0 39
4 39
7 39
8 39
13 39
14 39
17 39
19 39
23 39
25 39
26 39
27 39
28 39
29 39
32 39
0 40
4 40
5 40
6 40
7 40
11 40
12 40
14 40
15 40
17 40
18 40
22 40
23 40
25 40
26 40
27 40
28 40
30 40
31 40
1 41
2 41
3 41
5 41
6 41
8 41
10 41
12 41
13 41
16 41
17 41
18 41
20 41
21 41
22 41
23 41
28 41
29 41
31 41
34 41
35 41
36 41
37 41
38 41
40 41
1 42
3 42
7 42
9 42
11 42
13 42
20 42
21 42
24 42
25 42
28 42
31 42
32 42
35 42
37 42
40 42
1 43
2 43
3 43
6 43
7 43
11 43
12 43
14 43
19 43
22 43
24 43
25 43
27 43
30 43
31 43
35 43
37 43
38 43
39 43
40 43
1 44
3 44
5 44
9 44
10 44
13 44
14 44
16 44
17 44
18 44
19 44
24 44
25 44
26 44
29 44
30 44
31 44
32 44
33 44
34 44
35 44
36 44
38 44
39 44
40 44
0 45
1 45
2 45
5 45
8 45
10 45
14 45
15 45
17 45
18 45
19 45
21 45
22 45
25 45
26 45
29 45
33 45
35 45
36 45
37 45
38 45
40 45
0 46
3 46
5 46
7 46
8 46
10 46
11 46
12 46
13 46
16 46
17 46
18 46
19 46
20 46
21 46
24 46
25 46
31 46
32 46
33 46
34 46
36 46
37 46
39 46
40 46
1 47
5 47
6 47
8 47
9 47
11 47
12 47
15 47
17 47
18 47
19 47
20 47
24 47
29 47
31 47
32 47
34 47
36 47
37 47
0 48
1 48
3 48
4 48
7 48
9 48
12 48
14 48
15 48
16 48
20 48
23 48
24 48
25 48
26 48
30 48
34 48
35 48
36 48
37 48
39 48
40 48
0 49
1 49
2 49
4 49
7 49
8 49
10 49
11 49
13 49
14 49
15 49
16 49
17 49
18 49
19 49
20 49
22 49
24 49
25 49
30 49
31 49
33 49
34 49
37 49
