50 249 2
6 6 5 5 4 6 5 6 6 5 7 6 5 4 7 6 6 4 5 8 6 6 7 5 6 5 4 7 6 7 7 5 6 6 6 6 7 6 6 6 4 4 4 4 5 5 6 5 4 5
1 3
2 3
0 6
1 6
4 6
5 6
4 7
2 9
0 10
6 10
9 10
0 11
3 11
4 11
6 12
9 12
11 12
0 13
1 13
9 13
4 15
5 15
4 16
6 16
7 16
12 16
1 17
6 17
11 17
4 18
8 18
14 18
15 18
5 19
7 19
14 19
7 20
12 20
17 20
18 20
3 21
5 21
6 21
7 21
4 22
9 22
18 22
19 22
20 22
21 22
1 23
6 23
8 23
9 23
9 24
20 24
21 24
0 25
10 25
13 25
15 25
17 25
13 26
15 26
18 26
20 26
5 27
10 27
17 27
23 27
26 27
0 28
4 28
14 28
16 28
19 28
4 29
10 29
14 29
23 29
4 30
5 30
14 30
16 30
19 30
20 30
23 30
25 30
26 30
27 30
28 30
1 31
4 31
6 31
7 31
9 31
11 31
12 31
14 31
15 31
17 31
26 31
29 31
30 31
0 32
1 32
13 32
14 32
16 32
18 32
25 32
0 33
2 33
4 33
8 33
9 33
10 33
16 33
21 33
28 33
3 34
8 34
12 34
16 34
29 34
30 34
0 35
5 35
9 35
11 35
26 35
1 36
8 36
9 36
13 36
20 36
21 36
26 36
28 36
30 36
2 37
24 37
29 37
32 37
36 37
1 38
3 38
9 38
13 38
15 38
21 38
26 38
27 38
28 38
31 38
33 38
0 39
7 39
8 39
14 39
15 39
20 39
27 39
28 39
32 39
35 39
3 40
4 40
6 40
13 40
15 40
24 40
36 40
37 40
1 41
2 41
5 41
9 41
11 41
14 41
16 41
17 41
24 41
28 41
38 41
1 42
22 42
23 42
24 42
31 42
1 43
2 43
16 43
19 43
22 43
23 43
31 43
34 43
35 43
40 43
41 43
0 44
1 44
7 44
17 44
26 44
40 44
1 45
2 45
24 45
33 45
36 45
3 46
5 46
14 46
20 46
22 46
36 46
37 46
40 46
44 46
13 47
26 47
33 47
38 47
6 48
7 48
8 48
10 48
12 48
14 48
21 48
23 48
26 48
31 48
33 48
47 48
3 49
5 49
11 49
13 49
14 49
18 49
20 49
22 49
26 49
30 49
31 49
38 49
