50 137 2
5 6 6 6 6 4 5 7 7 5 5 6 5 7 5 5 6 5 5 5 6 4 5 6 6 6 6 6 6 4 6 6 6 5 6 5 7 6 7 5 5 5 4 5 6 4 6 5 6 6
9 10
2 11
7 11
10 11
2 12
9 12
10 12
12 13
2 15
7 17
11 17
7 18
10 18
7 19
0 20
13 20
19 20
0 21
5 21
13 21
17 21
20 21
10 22
12 22
14 22
4 24
5 24
8 24
17 24
21 24
5 25
2 26
12 26
22 27
26 27
0 28
2 28
13 28
23 29
24 29
25 29
5 30
16 30
17 30
24 30
11 31
14 31
17 31
18 31
24 31
29 31
2 32
4 32
7 32
13 32
20 32
28 32
31 32
4 33
6 33
10 33
15 33
20 33
18 34
20 34
21 34
28 34
9 35
20 35
23 35
32 35
10 36
28 36
31 36
12 37
16 37
25 37
27 37
12 38
26 38
31 38
34 38
10 39
16 39
25 39
29 39
30 39
6 40
8 40
10 40
20 40
25 40
28 40
16 41
33 41
6 42
13 42
16 42
20 42
24 42
25 42
36 42
37 42
38 42
0 43
1 43
28 43
5 44
10 44
17 44
23 44
29 44
35 44
8 45
17 45
27 45
40 45
6 46
45 46
1 47
3 47
7 47
15 47
0 48
2 48
8 48
18 48
21 48
26 48
31 48
47 48
4 49
5 49
7 49
14 49
35 49
41 49
