50 132 16
10 2 9 1 6 2 7 4 4 7 2 8 4 10 7 9 3 2 6 10 5 3 8 8 4 3 2 8 6 10 7 10 6 4 6 7 2 10 1 2 4 7 1 6 6 9 8 10 9 4
4 7
2 8
5 8
2 9
3 10
4 12
5 12
5 13
1 14
5 15
0 16
5 16
0 17
1 18
0 19
2 19
7 19
8 19
3 20
12 20
15 20
15 21
6 23
12 23
14 23
2 24
14 24
15 24
9 25
6 26
4 27
11 27
2 28
3 28
8 28
11 28
14 28
23 28
24 28
26 28
3 29
5 29
11 29
13 29
15 29
1 30
4 30
14 30
16 30
25 30
1 31
5 31
14 31
23 31
5 32
15 32
3 33
9 33
10 33
17 33
22 33
25 33
2 34
3 34
6 34
7 34
22 34
23 34
1 35
4 35
12 35
20 35
0 36
10 36
14 36
16 36
19 36
25 37
10 38
15 38
20 38
2 39
8 39
9 39
12 39
16 39
22 39
24 39
6 40
23 40
9 41
22 41
33 41
8 42
27 42
38 42
10 43
18 43
39 43
12 44
38 44
0 45
6 45
26 45
27 45
2 46
11 46
15 46
23 46
24 46
37 46
39 46
8 47
17 47
24 47
29 47
35 47
37 47
4 48
5 48
9 48
16 48
20 48
25 48
27 48
33 48
38 48
39 48
12 49
19 49
31 49
34 49
