50 128 2
3 2 27 1 40 2 1 2 7 13 4 4 1 5 1 6 5 3 39 2 3 9 6 2 8 1 6 1 6 7 5 2 1 2 1 1 3 10 1 8 6 8 5 1 4 3 5 22 1 2
5 9
0 10
0 11
6 11
5 12
6 12
2 13
4 13
8 13
7 15
8 15
2 16
4 16
0 17
4 17
2 18
0 19
3 19
5 20
6 20
14 20
7 21
13 21
6 22
10 23
11 23
19 23
19 24
2 25
11 25
12 25
6 27
15 27
16 27
20 28
1 29
4 29
15 29
16 29
0 30
7 30
3 31
12 31
16 31
17 31
5 32
26 32
27 32
1 33
7 33
16 33
7 34
9 34
12 34
17 34
18 34
8 35
10 35
22 35
0 36
5 36
12 36
27 36
0 37
4 37
6 37
13 37
22 37
27 37
8 38
13 38
2 39
4 39
7 39
20 39
21 39
23 39
24 39
31 39
4 40
7 40
31 40
32 40
3 41
6 41
24 41
27 41
38 41
1 42
3 42
12 42
20 42
24 42
26 42
27 42
18 43
22 43
27 43
38 43
1 44
13 44
4 45
6 45
13 45
16 45
31 45
33 45
2 46
7 46
18 46
22 46
32 46
9 47
10 47
12 47
17 47
22 47
25 47
34 47
3 48
7 48
11 48
30 48
2 49
11 49
12 49
15 49
33 49
