50 110 2
6 6 7 7 7 6 5 5 6 6 5 4 6 6 7 6 7 5 7 5 5 6 6 6 6 4 6 7 6 6 4 6 6 6 6 5 5 4 6 5 7 5 5 5 7 6 5 6 5 5
5 17
6 17
12 17
13 17
4 18
14 18
0 19
2 19
4 19
16 20
0 21
1 21
6 21
12 21
14 21
4 22
6 22
10 22
12 22
9 23
2 24
6 24
7 24
13 24
15 24
20 24
21 24
1 25
18 25
2 26
5 26
20 26
2 27
3 27
7 27
16 27
20 28
0 29
9 29
14 29
11 30
14 30
0 31
4 31
11 31
12 31
13 31
16 31
2 33
8 33
6 34
7 34
20 34
25 34
2 35
6 35
11 35
14 35
19 35
23 35
25 35
6 36
25 36
6 37
31 37
17 38
12 39
14 39
17 39
20 39
29 40
9 41
12 41
13 41
18 41
28 41
9 42
28 42
37 42
1 43
6 43
14 43
15 43
22 43
31 43
31 44
6 45
18 45
25 45
33 45
0 46
3 46
4 46
11 46
15 46
20 46
24 46
25 46
30 46
32 46
38 46
7 47
18 47
25 47
28 47
32 47
28 48
6 49
16 49
38 49
