50 79 2
6 6 4 4 7 5 6 5 5 6 5 7 6 4 6 5 6 6 5 7 6 6 6 6 5 6 6 7 5 5 5 5 6 6 4 5 6 4 6 5 7 5 7 5 6 4 4 6 6 7
7 12
1 13
6 15
13 20
17 20
4 21
9 23
10 23
17 23
16 26
17 26
16 27
6 28
6 31
12 31
13 31
15 31
0 32
2 32
3 32
8 32
14 32
13 33
3 34
4 34
5 34
12 34
13 35
15 35
29 35
31 35
14 36
17 36
19 36
26 36
2 37
5 37
6 37
15 37
22 37
1 38
22 38
8 39
17 39
29 39
30 39
29 40
31 40
2 41
18 41
32 41
17 42
25 42
21 43
27 43
22 44
31 44
13 45
5 46
28 46
33 46
19 47
27 47
36 47
43 47
6 48
10 48
13 48
16 48
19 48
21 48
28 48
30 48
39 48
0 49
16 49
28 49
32 49
38 49
