50 455 16
10 1 1 2 1 10 2 3 6 5 6 4 2 5 5 7 7 3 3 5 6 2 9 5 4 10 3 3 1 7 10 10 1 3 8 4 10 5 6 9 1 1 10 1 8 3 6 2 3 1
1 3
0 5
3 5
4 5
0 6
1 7
3 7
4 7
5 7
2 8
3 8
4 8
5 8
6 8
7 8
3 9
5 9
6 9
0 10
1 10
2 10
6 10
7 10
8 10
9 10
3 11
4 11
7 11
7 12
11 12
1 13
2 13
4 13
8 13
9 13
10 13
12 13
0 14
1 14
3 14
4 14
5 14
8 14
3 15
5 15
9 15
3 16
5 16
6 16
7 16
12 16
2 17
4 17
6 17
7 17
9 17
12 17
13 17
15 17
16 17
3 18
5 18
12 18
14 18
6 19
7 19
9 19
12 19
14 19
15 19
17 19
1 20
2 20
5 20
11 20
14 20
15 20
16 20
17 20
2 21
5 21
7 21
8 21
9 21
10 21
12 21
13 21
17 21
20 21
0 22
11 22
15 22
16 22
18 22
20 22
0 23
1 23
2 23
3 23
6 23
7 23
8 23
10 23
15 23
16 23
17 23
18 23
19 23
22 23
1 24
2 24
4 24
7 24
10 24
13 24
16 24
17 24
19 24
23 24
2 25
4 25
7 25
8 25
10 25
16 25
17 25
20 25
21 25
24 25
0 26
1 26
2 26
6 26
7 26
8 26
9 26
11 26
13 26
14 26
17 26
18 26
21 26
23 26
24 26
25 26
0 27
4 27
13 27
14 27
16 27
18 27
21 27
24 27
26 27
1 28
3 28
4 28
5 28
8 28
10 28
13 28
26 28
27 28
0 29
3 29
11 29
14 29
15 29
17 29
21 29
22 29
23 29
25 29
0 30
1 30
6 30
12 30
13 30
16 30
17 30
18 30
19 30
21 30
25 30
29 30
3 31
4 31
5 31
7 31
9 31
15 31
21 31
27 31
1 32
4 32
7 32
14 32
16 32
18 32
23 32
24 32
27 32
28 32
0 33
1 33
2 33
3 33
8 33
10 33
17 33
21 33
23 33
24 33
25 33
28 33
0 34
1 34
2 34
4 34
7 34
9 34
10 34
12 34
14 34
17 34
18 34
21 34
22 34
24 34
26 34
29 34
31 34
32 34
3 35
9 35
11 35
12 35
15 35
17 35
20 35
22 35
24 35
27 35
0 36
2 36
3 36
8 36
9 36
10 36
11 36
12 36
14 36
17 36
18 36
24 36
25 36
26 36
33 36
35 36
0 37
1 37
2 37
3 37
10 37
14 37
16 37
17 37
18 37
20 37
27 37
28 37
35 37
0 38
8 38
9 38
12 38
15 38
16 38
21 38
22 38
25 38
27 38
28 38
31 38
32 38
35 38
37 38
2 39
3 39
6 39
10 39
11 39
12 39
13 39
17 39
18 39
19 39
20 39
22 39
23 39
26 39
29 39
33 39
2 40
7 40
8 40
9 40
12 40
17 40
19 40
20 40
23 40
25 40
30 40
31 40
34 40
35 40
39 40
2 41
6 41
8 41
9 41
10 41
13 41
14 41
18 41
19 41
20 41
21 41
26 41
30 41
34 41
39 41
1 42
3 42
6 42
7 42
10 42
14 42
17 42
25 42
28 42
33 42
35 42
36 42
37 42
41 42
1 43
3 43
5 43
8 43
11 43
12 43
14 43
18 43
22 43
23 43
27 43
33 43
36 43
37 43
42 43
0 44
1 44
5 44
6 44
13 44
15 44
25 44
28 44
30 44
31 44
38 44
39 44
0 45
3 45
5 45
18 45
19 45
23 45
24 45
27 45
28 45
31 45
32 45
34 45
0 46
2 46
3 46
5 46
15 46
18 46
19 46
22 46
23 46
25 46
27 46
28 46
29 46
30 46
31 46
34 46
35 46
36 46
40 46
42 46
44 46
0 47
1 47
8 47
13 47
15 47
16 47
18 47
22 47
23 47
24 47
26 47
29 47
38 47
41 47
43 47
44 47
46 47
0 48
4 48
9 48
10 48
12 48
24 48
27 48
30 48
37 48
39 48
41 48
42 48
47 48
2 49
4 49
10 49
13 49
15 49
19 49
20 49
26 49
29 49
32 49
34 49
35 49
36 49
37 49
38 49
39 49
40 49
46 49
