50 96 2
2 4 5 9 6 13 1 14 3 8 7 3 4 4 3 2 11 12 5 3 1 2 2 3 2 6 3 6 3 5 12 5 2 2 5 9 22 1 2 5 6 22 5 2 11 5 1 4 3 1
3 4
5 7
5 8
6 11
9 11
6 12
8 13
9 13
10 13
12 15
0 16
2 16
9 16
14 16
1 17
13 17
5 18
13 18
18 19
7 20
19 20
0 21
4 21
19 21
11 22
15 22
12 23
20 23
22 24
6 25
15 26
8 27
9 27
20 27
14 28
16 28
3 29
22 29
24 29
0 30
14 30
20 30
22 30
15 31
16 32
16 33
22 33
3 34
15 34
8 35
23 35
8 36
27 36
28 36
2 37
10 37
12 37
14 37
26 38
34 38
35 38
12 39
1 40
12 40
18 40
24 40
34 40
29 41
39 41
1 42
18 42
21 42
8 43
25 43
5 45
11 45
15 45
36 45
41 45
16 46
24 46
8 47
13 47
30 47
31 47
42 47
44 47
14 48
34 48
6 49
12 49
17 49
18 49
23 49
27 49
29 49
