50 638 2
17 18 14 8 1 5 14 2 11 1 1 11 7 6 30 2 55 7 6 4 4 12 2 37 7 4 10 9 4 3 26 22 3 4 10 17 16 4 3 5 4 2 11 3 15 29 12 1 20 6
0 1
1 2
0 3
1 4
3 4
1 5
3 5
4 5
2 6
3 6
4 6
2 7
4 7
5 7
6 7
0 8
1 8
2 8
6 8
7 8
0 9
3 9
7 9
2 10
3 10
5 10
6 10
7 10
9 10
3 11
4 11
7 11
8 11
10 11
1 12
2 12
3 12
4 12
7 12
8 12
9 12
10 12
11 12
1 13
2 13
3 13
4 13
5 13
8 13
9 13
11 13
0 14
6 14
8 14
9 14
11 14
12 14
13 14
1 15
3 15
5 15
6 15
8 15
0 16
4 16
7 16
8 16
10 16
12 16
13 16
15 16
1 17
2 17
8 17
10 17
11 17
13 17
15 17
16 17
0 18
2 18
3 18
4 18
5 18
6 18
7 18
8 18
10 18
11 18
12 18
14 18
15 18
16 18
17 18
3 19
5 19
9 19
13 19
14 19
1 20
2 20
4 20
5 20
6 20
7 20
8 20
10 20
11 20
13 20
14 20
15 20
19 20
1 21
3 21
5 21
6 21
8 21
10 21
13 21
14 21
16 21
19 21
20 21
0 22
1 22
4 22
5 22
7 22
8 22
9 22
10 22
13 22
16 22
18 22
0 23
1 23
2 23
3 23
5 23
9 23
13 23
15 23
16 23
18 23
19 23
20 23
0 24
1 24
5 24
7 24
9 24
10 24
11 24
13 24
15 24
17 24
18 24
20 24
22 24
2 25
4 25
7 25
8 25
11 25
13 25
14 25
15 25
16 25
21 25
23 25
0 26
3 26
5 26
8 26
9 26
10 26
11 26
12 26
13 26
15 26
16 26
17 26
18 26
20 26
23 26
24 26
25 26
0 27
2 27
3 27
4 27
6 27
8 27
13 27
15 27
19 27
20 27
21 27
22 27
23 27
25 27
26 27
4 28
6 28
7 28
8 28
9 28
10 28
11 28
14 28
19 28
20 28
21 28
22 28
23 28
1 29
2 29
3 29
4 29
5 29
6 29
7 29
9 29
12 29
14 29
15 29
16 29
17 29
18 29
21 29
24 29
26 29
27 29
28 29
0 30
2 30
3 30
4 30
6 30
8 30
10 30
11 30
21 30
23 30
24 30
26 30
28 30
1 31
2 31
5 31
6 31
7 31
10 31
14 31
15 31
16 31
17 31
21 31
24 31
25 31
29 31
1 32
2 32
3 32
5 32
7 32
9 32
12 32
13 32
15 32
17 32
21 32
23 32
24 32
27 32
30 32
31 32
1 33
2 33
3 33
7 33
17 33
18 33
21 33
22 33
23 33
27 33
28 33
30 33
31 33
4 34
7 34
9 34
11 34
12 34
13 34
15 34
16 34
19 34
20 34
22 34
27 34
29 34
31 34
0 35
1 35
2 35
3 35
6 35
7 35
9 35
10 35
12 35
14 35
15 35
16 35
17 35
19 35
21 35
23 35
26 35
27 35
29 35
30 35
34 35
0 36
2 36
5 36
6 36
7 36
9 36
11 36
12 36
14 36
16 36
19 36
20 36
21 36
23 36
25 36
26 36
27 36
29 36
32 36
34 36
0 37
1 37
2 37
3 37
5 37
10 37
13 37
14 37
15 37
16 37
18 37
19 37
22 37
23 37
24 37
26 37
28 37
29 37
30 37
31 37
32 37
33 37
34 37
35 37
36 37
0 38
1 38
3 38
4 38
5 38
7 38
11 38
12 38
13 38
14 38
17 38
19 38
20 38
22 38
24 38
27 38
29 38
30 38
31 38
33 38
34 38
35 38
36 38
1 39
2 39
5 39
6 39
7 39
8 39
9 39
10 39
11 39
16 39
17 39
18 39
20 39
26 39
28 39
29 39
33 39
34 39
35 39
36 39
0 40
1 40
3 40
10 40
11 40
13 40
14 40
18 40
19 40
21 40
23 40
24 40
25 40
27 40
28 40
30 40
32 40
33 40
36 40
38 40
2 41
3 41
4 41
6 41
7 41
8 41
9 41
10 41
11 41
14 41
15 41
16 41
17 41
18 41
19 41
20 41
28 41
31 41
33 41
35 41
38 41
39 41
0 42
2 42
3 42
6 42
7 42
8 42
9 42
11 42
12 42
13 42
14 42
17 42
19 42
21 42
23 42
26 42
27 42
32 42
33 42
34 42
35 42
36 42
37 42
38 42
39 42
41 42
0 43
6 43
7 43
10 43
11 43
13 43
14 43
18 43
22 43
24 43
25 43
28 43
29 43
31 43
32 43
33 43
35 43
36 43
37 43
2 44
9 44
11 44
13 44
14 44
15 44
16 44
17 44
18 44
19 44
20 44
23 44
25 44
27 44
30 44
32 44
33 44
34 44
39 44
41 44
2 45
3 45
5 45
6 45
7 45
9 45
10 45
11 45
12 45
14 45
17 45
22 45
24 45
27 45
28 45
29 45
30 45
32 45
34 45
35 45
36 45
37 45
38 45
39 45
40 45
41 45
42 45
43 45
7 46
8 46
9 46
10 46
11 46
12 46
13 46
15 46
17 46
19 46
20 46
23 46
24 46
29 46
34 46
37 46
40 46
41 46
42 46
45 46
6 47
8 47
9 47
12 47
13 47
15 47
17 47
18 47
19 47
20 47
22 47
23 47
27 47
28 47
30 47
31 47
32 47
36 47
38 47
39 47
40 47
41 47
43 47
45 47
46 47
2 48
5 48
7 48
8 48
9 48
10 48
11 48
14 48
15 48
18 48
20 48
21 48
26 48
27 48
31 48
32 48
38 48
39 48
43 48
44 48
45 48
47 48
1 49
2 49
5 49
7 49
8 49
11 49
12 49
13 49
15 49
17 49
18 49
21 49
22 49
24 49
26 49
30 49
32 49
37 49
39 49
40 49
45 49
47 49
48 49
