50 212 16
5 11 10 6 10 5 11 5 4 15 13 8 8 5 11 6 5 14 5 6 15 3 14 6 7 11 4 6 11 5 4 7 12 14 13 13 6 6 5 12 5 10 5 5 5 7 9 6 11 12
3 4
1 5
0 7
1 7
6 7
5 8
3 10
4 10
8 10
10 11
3 12
2 13
9 13
8 14
9 14
5 15
10 15
11 15
14 15
6 16
10 16
11 16
12 17
14 17
7 18
11 18
1 19
8 20
17 20
1 21
4 21
6 21
13 21
16 21
19 21
2 22
19 22
7 23
8 23
11 23
14 23
4 24
10 24
18 24
21 24
0 25
2 25
5 25
6 25
9 25
11 25
14 25
23 25
4 26
12 26
17 26
22 26
10 27
14 27
16 27
18 27
20 27
5 28
9 28
22 28
24 28
13 29
15 29
17 29
18 29
9 30
17 30
22 30
10 31
15 31
18 31
19 31
20 31
26 31
29 31
30 31
1 32
6 32
19 32
20 32
0 33
6 33
8 33
10 33
11 33
17 33
18 33
19 33
21 33
4 34
6 34
17 34
19 34
21 34
4 35
14 35
16 35
19 35
21 35
5 36
20 36
14 37
20 37
21 37
22 37
23 37
25 37
29 37
35 37
36 37
8 38
10 38
15 38
18 38
27 38
28 38
31 38
17 39
24 39
26 39
29 39
35 39
2 40
8 40
19 40
27 40
34 40
36 40
37 40
13 41
14 41
19 41
27 41
29 41
31 41
32 41
36 41
37 41
38 41
11 42
12 42
17 42
23 42
28 42
29 42
33 42
35 42
39 42
8 43
11 43
12 43
13 43
19 43
22 43
28 43
29 43
37 43
42 43
7 44
8 44
14 44
35 44
42 44
43 44
2 45
7 45
8 45
11 45
15 45
17 45
33 45
35 45
36 45
1 46
24 46
32 46
34 46
41 46
42 46
45 46
5 47
8 47
11 47
12 47
29 47
34 47
1 48
17 48
23 48
31 48
37 48
39 48
41 48
45 48
46 48
1 49
4 49
9 49
18 49
19 49
20 49
30 49
34 49
38 49
40 49
46 49
48 49
