50 135 16
2 20 5 8 19 10 13 13 15 16 18 19 19 2 7 5 18 14 19 17 15 17 2 14 19 13 9 6 18 2 7 11 6 9 20 20 11 12 19 7 8 9 2 5 3 15 5 9 11 9
2 6
3 7
5 7
6 10
9 10
2 11
10 11
0 12
2 15
9 15
11 15
12 16
2 17
10 17
13 17
14 17
12 18
0 19
9 19
13 19
2 20
8 20
9 20
16 20
20 21
4 22
11 22
4 23
6 23
18 23
5 25
19 25
21 25
22 25
0 26
3 26
4 26
7 26
17 26
20 26
2 27
7 27
14 27
17 27
7 28
10 28
13 28
17 28
19 28
5 29
11 29
17 29
21 30
29 30
0 31
18 31
30 31
8 32
11 32
13 32
20 32
24 32
29 32
30 32
4 33
7 33
8 33
9 33
28 33
29 33
3 34
9 34
17 34
22 34
8 35
9 35
26 35
21 36
8 37
9 37
12 37
17 37
23 37
32 37
15 38
20 38
35 38
36 38
21 39
30 39
19 40
24 40
29 40
35 40
3 41
20 41
27 41
35 41
0 42
17 42
37 42
16 43
34 43
38 43
41 43
1 44
4 44
5 44
8 44
11 44
12 44
15 44
12 45
30 45
38 45
4 46
7 46
15 46
25 46
29 46
1 47
2 47
4 47
8 47
10 47
9 48
12 48
16 48
22 48
33 48
5 49
6 49
10 49
14 49
25 49
