50 206 16
13 18 12 13 13 7 20 12 19 19 15 6 7 6 5 19 16 1 13 19 9 12 20 17 14 11 3 9 1 3 15 6 5 12 10 11 4 10 19 1 8 9 8 6 19 14 19 12 6 15
0 4
4 5
3 6
5 6
2 7
5 8
3 9
3 10
10 11
5 12
6 12
1 13
6 13
10 13
11 13
0 14
1 14
8 15
13 16
4 17
7 17
8 17
9 17
2 18
7 18
8 18
10 18
15 18
6 19
15 19
9 20
13 20
15 20
16 20
18 20
4 21
5 21
9 21
12 21
15 21
18 21
20 21
14 22
17 22
18 22
19 22
1 23
10 23
18 23
19 23
0 24
10 24
17 24
21 24
0 25
9 25
14 25
6 26
14 26
25 26
0 27
1 27
3 27
5 27
11 27
15 27
22 27
25 27
26 27
1 28
3 28
12 28
16 28
18 28
25 28
26 28
0 29
2 29
6 29
9 29
13 29
14 29
24 29
28 29
5 30
17 30
20 30
11 31
19 31
28 31
0 32
3 32
9 32
11 32
5 33
9 33
24 33
25 33
26 33
3 34
9 34
17 34
25 34
4 35
7 35
9 35
16 35
18 35
19 35
25 35
31 35
32 35
3 36
7 36
23 36
26 36
3 37
4 37
10 37
15 37
17 37
33 37
0 38
31 38
15 39
16 39
17 39
18 39
27 39
34 39
36 39
5 40
8 40
9 40
20 40
21 40
27 40
29 40
1 41
3 41
5 41
9 41
13 41
14 41
21 41
26 41
27 41
31 41
32 41
36 41
0 42
6 42
10 42
11 42
17 42
27 42
31 42
36 42
2 43
4 43
6 43
16 43
25 43
27 43
41 43
10 44
26 44
30 44
33 44
38 44
2 45
9 45
17 45
21 45
28 45
33 45
34 45
38 45
44 45
2 46
25 46
27 46
45 46
8 47
12 47
17 47
19 47
23 47
38 47
42 47
4 48
5 48
10 48
15 48
22 48
24 48
36 48
37 48
43 48
13 49
20 49
29 49
31 49
36 49
39 49
47 49
