100 672 8
7 6 4 7 7 5 6 5 6 4 6 5 5 7 6 6 6 6 6 5 8 5 5 4 5 5 5 6 4 5 6 7 4 6 6 5 5 5 5 5 8 6 7 4 7 5 4 4 6 5 3 4 5 7 4 6 5 6 6 6 5 5 4 4 4 5 5 6 5 6 5 7 5 6 7 6 5 6 5 6 7 6 5 6 5 6 6 6 4 7 7 3 6 6 5 6 5 5 6 4
1 10
3 10
5 10
9 10
2 12
1 13
8 13
5 14
3 15
4 15
8 15
9 15
0 16
3 16
4 16
5 16
6 16
3 17
15 18
17 18
0 19
7 20
16 20
5 21
15 21
0 22
3 22
4 22
5 22
4 23
10 23
14 23
1 24
3 24
11 24
2 25
3 25
4 25
6 25
9 25
1 26
9 26
10 26
11 26
13 26
15 26
21 26
3 27
4 27
12 27
21 27
3 28
11 28
14 28
17 28
21 28
7 29
20 29
23 29
25 29
6 30
12 30
14 30
23 30
4 31
8 31
10 31
16 31
20 31
23 31
24 32
4 33
5 33
6 33
18 33
21 33
6 34
7 34
10 34
16 34
20 34
23 34
0 35
9 35
10 35
18 35
20 35
24 35
8 36
21 36
2 37
16 37
7 38
15 38
22 38
5 39
8 39
14 39
23 39
37 39
1 40
17 40
22 40
27 40
3 41
10 41
12 41
18 41
19 41
27 41
30 41
36 41
37 41
7 42
9 42
26 42
27 42
30 42
37 42
0 43
1 43
6 43
11 43
14 43
15 43
27 43
29 43
30 43
10 44
13 44
16 44
24 44
12 45
15 45
16 45
20 45
22 45
26 45
3 46
4 46
8 46
13 46
16 46
20 46
27 46
5 47
8 47
23 47
24 47
35 47
8 48
15 48
27 48
29 48
32 48
36 48
37 48
5 49
8 49
12 49
15 49
18 49
23 49
26 49
27 49
37 49
43 49
46 49
4 50
9 50
29 50
30 50
37 50
44 50
46 50
48 50
1 51
5 51
6 51
9 51
12 51
14 51
22 51
23 51
27 51
35 51
47 51
14 52
22 52
34 52
45 52
48 52
2 53
17 53
18 53
27 53
32 53
47 53
3 54
4 54
14 54
26 54
31 54
35 54
41 54
43 54
1 55
9 55
11 55
14 55
25 55
40 55
47 55
3 56
5 56
6 56
10 56
18 56
27 56
28 56
36 56
46 56
1 57
2 57
3 57
11 57
36 57
39 57
45 57
8 58
13 58
15 58
16 58
23 58
33 58
41 58
47 58
2 59
4 59
14 59
31 59
47 59
0 60
2 60
6 60
26 60
28 60
48 60
11 61
23 61
28 61
30 61
32 61
46 61
49 61
54 61
56 61
57 61
58 61
0 62
4 62
6 62
23 62
24 62
34 62
3 63
23 63
36 63
37 63
38 63
40 63
43 63
46 63
49 63
5 64
14 64
22 64
25 64
30 64
33 64
40 64
48 64
50 64
52 64
11 65
21 65
22 65
24 65
25 65
27 65
31 65
34 65
0 66
5 66
25 66
26 66
34 66
40 66
53 66
5 67
9 67
23 67
33 67
34 67
36 67
41 67
59 67
3 68
7 68
12 68
16 68
26 68
42 68
58 68
2 69
3 69
4 69
6 69
11 69
19 69
24 69
27 69
32 69
33 69
40 69
41 69
45 69
47 69
58 69
8 70
10 70
11 70
16 70
22 70
38 70
41 70
42 70
43 70
44 70
46 70
47 70
51 70
64 70
3 71
5 71
11 71
13 71
16 71
19 71
38 71
44 71
46 71
48 71
57 71
4 72
22 72
29 72
37 72
43 72
48 72
67 72
5 73
6 73
7 73
18 73
33 73
42 73
9 74
11 74
15 74
22 74
23 74
42 74
54 74
64 74
2 75
6 75
15 75
21 75
50 75
51 75
54 75
55 75
59 75
61 75
68 75
4 76
7 76
16 76
25 76
27 76
32 76
34 76
39 76
41 76
57 76
61 76
69 76
1 77
3 77
5 77
32 77
38 77
43 77
44 77
54 77
57 77
58 77
66 77
4 78
13 78
17 78
26 78
27 78
28 78
31 78
33 78
35 78
41 78
50 78
52 78
63 78
65 78
7 79
11 79
21 79
25 79
32 79
42 79
43 79
44 79
48 79
57 79
61 79
9 80
16 80
26 80
29 80
41 80
61 80
73 80
74 80
75 80
76 80
78 80
1 81
6 81
8 81
14 81
19 81
39 81
40 81
49 81
51 81
53 81
61 81
12 82
33 82
65 82
78 82
79 82
2 83
4 83
6 83
34 83
36 83
37 83
56 83
62 83
66 83
79 83
0 84
7 84
12 84
16 84
18 84
19 84
21 84
22 84
29 84
31 84
36 84
40 84
47 84
61 84
70 84
76 84
0 85
52 85
55 85
58 85
77 85
14 86
20 86
32 86
49 86
54 86
56 86
63 86
71 86
74 86
1 87
30 87
41 87
44 87
70 87
71 87
77 87
12 88
19 88
37 88
42 88
44 88
54 88
55 88
56 88
58 88
62 88
63 88
66 88
75 88
5 89
10 89
13 89
18 89
20 89
30 89
31 89
35 89
38 89
39 89
42 89
45 89
46 89
51 89
52 89
75 89
80 89
8 90
9 90
10 90
16 90
28 90
47 90
56 90
67 90
71 90
77 90
80 90
84 90
8 91
10 91
17 91
23 91
33 91
41 91
64 91
66 91
70 91
72 91
73 91
2 92
8 92
11 92
13 92
14 92
18 92
21 92
29 92
37 92
38 92
42 92
62 92
63 92
69 92
70 92
76 92
79 92
86 92
1 93
3 93
9 93
13 93
19 93
21 93
25 93
27 93
34 93
37 93
40 93
48 93
56 93
59 93
62 93
85 93
86 93
87 93
0 94
15 94
16 94
18 94
19 94
29 94
51 94
54 94
64 94
69 94
4 95
9 95
17 95
18 95
25 95
27 95
30 95
35 95
43 95
46 95
51 95
52 95
53 95
54 95
59 95
63 95
75 95
78 95
83 95
5 96
9 96
11 96
16 96
25 96
34 96
38 96
41 96
47 96
53 96
65 96
72 96
78 96
84 96
88 96
7 97
12 97
15 97
40 97
46 97
58 97
61 97
63 97
68 97
81 97
82 97
83 97
39 98
44 98
47 98
55 98
65 98
71 98
72 98
78 98
4 99
9 99
10 99
25 99
28 99
43 99
45 99
59 99
63 99
80 99
82 99
