100 691 8
6 17 10 6 9 4 2 6 7 18 2 10 1 5 6 4 6 8 1 13 9 4 1 9 6 4 3 5 3 6 16 3 4 10 3 3 11 4 19 2 10 8 2 17 4 4 8 10 1 7 9 17 20 16 8 4 4 4 5 18 8 18 7 19 3 2 3 13 7 13 1 12 14 6 13 8 7 2 5 4 13 5 9 2 9 16 4 17 2 6 5 8 3 1 7 10 8 1 8 9
3 5
5 7
5 8
5 9
7 11
1 12
4 12
3 13
4 13
9 13
11 13
4 15
7 15
1 16
0 17
4 17
10 17
14 17
15 17
10 18
12 18
3 19
8 19
13 19
1 20
6 20
14 20
16 20
19 20
1 21
8 21
15 21
20 21
10 22
16 22
20 22
4 23
11 23
14 23
17 23
0 24
2 24
7 24
10 24
20 24
0 25
1 25
4 25
7 25
12 25
13 25
22 25
16 26
4 27
5 27
18 27
1 28
6 28
12 28
0 29
15 29
20 29
21 29
25 29
26 29
2 30
6 30
17 30
19 30
23 30
27 30
1 31
5 31
9 31
10 31
16 31
17 31
19 31
20 31
23 31
28 31
0 32
25 32
27 32
9 33
10 33
22 33
4 34
14 34
15 34
17 34
21 34
26 34
1 35
4 35
5 35
6 35
28 35
33 35
1 36
7 36
27 36
30 36
32 36
3 37
6 37
8 37
24 37
25 37
26 37
30 37
31 37
35 37
15 38
18 38
20 38
25 38
37 38
5 39
8 39
15 39
24 39
29 39
35 39
0 40
5 40
10 40
25 40
29 40
30 40
32 40
34 40
37 40
10 41
15 41
21 41
23 41
32 41
12 42
30 42
31 42
5 43
6 43
10 43
18 43
32 43
36 43
2 44
10 44
20 44
25 44
26 44
30 44
35 44
37 44
0 45
24 45
30 45
34 45
7 46
21 46
39 46
42 46
45 47
6 48
7 48
12 48
14 48
20 48
32 48
5 49
24 49
32 49
0 50
3 50
14 50
28 50
29 50
42 50
43 50
7 51
13 51
19 51
21 51
32 51
44 51
47 51
0 52
5 52
7 52
10 52
18 52
23 52
24 52
34 52
41 52
42 52
1 53
2 53
10 53
16 53
26 53
27 53
35 53
37 53
39 53
7 54
14 54
28 54
38 54
43 54
44 54
45 54
46 54
47 54
51 54
5 55
7 55
12 55
15 55
17 55
19 55
26 55
28 55
36 55
37 55
38 55
40 55
50 55
0 56
7 56
24 56
32 56
38 56
6 57
8 57
19 57
21 57
26 57
31 57
32 57
34 57
41 57
3 58
5 58
6 58
13 58
17 58
28 58
32 58
46 58
53 58
54 58
8 59
11 59
23 59
38 59
45 59
47 59
51 59
2 60
5 60
6 60
10 60
32 60
59 60
9 61
11 61
30 61
33 61
34 61
41 61
44 61
45 61
55 61
3 62
7 62
13 62
16 62
40 62
43 62
52 62
58 62
3 63
6 63
8 63
14 63
31 63
4 64
7 64
12 64
23 64
40 64
44 64
45 64
51 64
55 64
56 64
6 65
7 65
11 65
13 65
17 65
18 65
19 65
42 65
53 65
56 65
61 65
0 66
15 66
27 66
33 66
35 66
42 66
48 66
58 66
60 66
5 67
19 67
27 67
33 67
38 67
47 67
49 67
53 67
55 67
59 67
2 68
10 68
27 68
31 68
44 68
45 68
59 68
16 69
17 69
18 69
30 69
40 69
41 69
44 69
45 69
48 69
54 69
57 69
3 70
17 70
19 70
40 70
51 70
52 70
54 70
10 71
16 71
21 71
31 71
42 71
44 71
48 71
57 71
66 71
67 71
70 71
4 72
10 72
14 72
18 72
19 72
25 72
34 72
39 72
51 72
57 72
58 72
59 72
61 72
0 73
16 73
31 73
48 73
56 73
61 73
1 74
2 74
4 74
5 74
21 74
24 74
26 74
31 74
40 74
41 74
47 74
51 74
61 74
62 74
2 75
4 75
16 75
20 75
21 75
74 75
9 76
11 76
12 76
14 76
18 76
25 76
31 76
48 76
0 77
8 77
12 77
13 77
16 77
20 77
28 77
35 77
37 77
65 77
66 77
69 77
3 78
6 78
25 78
27 78
29 78
53 78
58 78
62 78
63 78
64 78
68 78
76 78
7 79
8 79
9 79
11 79
24 79
26 79
35 79
39 79
47 79
48 79
54 79
55 79
60 79
61 79
63 79
70 79
71 79
73 79
24 80
30 80
49 80
58 80
59 80
63 80
66 80
74 80
2 81
16 81
31 81
36 81
44 81
46 81
49 81
62 81
69 81
70 81
0 82
30 82
35 82
43 82
70 82
77 82
78 82
2 83
7 83
18 83
19 83
24 83
26 83
35 83
52 83
81 83
4 84
10 84
18 84
20 84
27 84
36 84
46 84
50 84
57 84
65 84
73 84
74 84
75 84
81 84
3 85
6 85
30 85
36 85
38 85
47 85
60 85
61 85
66 85
74 85
81 85
84 85
5 86
9 86
19 86
25 86
36 86
40 86
44 86
52 86
57 86
58 86
63 86
64 86
69 86
3 87
5 87
9 87
21 87
23 87
27 87
29 87
30 87
38 87
40 87
44 87
58 87
63 87
0 88
20 88
28 88
31 88
33 88
35 88
38 88
45 88
9 89
12 89
17 89
19 89
20 89
39 89
50 89
64 89
74 89
78 89
85 89
14 90
22 90
26 90
28 90
34 90
41 90
59 90
60 90
62 90
66 90
7 91
11 91
21 91
23 91
24 91
25 91
38 91
43 91
66 91
69 91
72 91
82 91
84 91
86 91
0 92
9 92
11 92
20 92
27 92
30 92
47 92
50 92
51 92
56 92
72 92
78 92
9 93
25 93
33 93
37 93
43 93
44 93
51 93
69 93
73 93
81 93
83 93
85 93
91 93
16 94
31 94
35 94
44 94
48 94
49 94
52 94
62 94
70 94
74 94
75 94
87 94
89 94
2 95
3 95
21 95
23 95
26 95
46 95
53 95
62 95
63 95
69 95
70 95
80 95
88 95
7 96
11 96
22 96
27 96
31 96
47 96
54 96
66 96
71 96
80 96
83 96
94 96
1 97
3 97
6 97
16 97
24 97
29 97
30 97
34 97
35 97
39 97
45 97
50 97
52 97
94 97
9 98
15 98
28 98
29 98
33 98
35 98
41 98
44 98
53 98
61 98
63 98
69 98
86 98
88 98
91 98
2 99
15 99
18 99
22 99
23 99
25 99
28 99
44 99
46 99
53 99
54 99
58 99
65 99
67 99
68 99
75 99
88 99
