100 980 8
20 12 7 1 4 7 11 4 5 3 7 8 11 8 16 9 2 1 10 8 3 2 26 4 1 2 1 4 5 12 45 2 5 1 1 38 16 17 21 3 7 1 3 4 6 5 26 11 10 7 2 1 3 49 7 4 2 10 13 13 1 5 5 4 8 4 11 14 13 1 5 4 9 2 29 3 7 3 10 5 1 11 9 1 11 28 15 2 4 5 17 2 11 2 14 3 6 3 12 3
2 6
1 7
4 7
1 9
3 9
5 9
7 9
8 9
0 10
3 11
4 11
6 11
7 11
10 11
1 12
2 12
4 12
6 12
7 12
9 12
11 12
3 13
0 14
7 14
10 14
6 15
8 15
6 16
11 16
2 17
5 17
6 17
11 17
12 17
3 18
8 18
10 18
14 18
1 19
3 20
8 20
2 21
7 21
12 21
3 22
13 22
20 22
4 23
3 24
7 24
10 24
17 24
0 25
9 25
17 25
23 25
2 26
3 26
5 26
23 26
24 26
3 27
5 27
2 28
4 28
7 28
8 28
11 28
13 28
16 28
23 28
24 28
4 29
5 29
6 29
9 29
7 30
10 30
14 30
22 30
25 30
27 30
7 31
9 31
13 31
3 32
4 32
7 32
13 32
28 32
29 32
8 33
11 33
12 33
13 33
14 33
23 33
6 34
7 34
21 34
29 34
17 35
19 35
25 35
27 35
28 35
1 36
3 36
4 36
7 36
13 36
20 36
25 36
33 36
2 37
3 37
14 37
17 37
20 37
30 37
31 37
33 37
34 37
12 38
13 38
15 38
27 38
29 38
35 38
7 39
10 39
13 39
15 39
16 39
17 39
18 39
23 39
24 39
26 39
28 39
17 40
23 40
26 40
29 40
32 40
38 40
2 41
6 41
13 41
22 41
25 41
27 41
28 41
35 41
38 41
5 42
6 42
10 42
11 42
12 42
13 42
15 42
16 42
17 42
25 42
26 42
28 42
34 42
39 42
4 43
11 43
17 43
21 43
30 43
31 43
34 43
35 43
15 44
17 44
27 44
30 44
31 44
40 44
41 44
1 45
5 45
14 45
15 45
21 45
22 45
27 45
28 45
32 45
33 45
39 45
41 45
0 46
4 46
14 46
28 46
35 46
39 46
42 46
0 47
2 47
5 47
9 47
10 47
16 47
25 47
30 47
32 47
35 47
39 47
46 47
1 48
17 48
21 48
29 48
34 48
35 48
37 48
38 48
40 48
47 48
3 49
6 49
14 49
17 49
19 49
22 49
24 49
29 49
36 49
40 49
41 49
45 49
2 50
13 50
18 50
28 50
29 50
30 50
0 51
2 51
5 51
15 51
18 51
21 51
22 51
35 51
39 51
41 51
44 51
19 52
34 52
38 52
41 52
47 52
50 52
1 53
4 53
8 53
10 53
21 53
23 53
25 53
45 53
46 53
50 53
7 54
13 54
20 54
21 54
39 54
41 54
45 54
47 54
51 54
0 55
7 55
8 55
12 55
14 55
21 55
26 55
48 55
49 55
51 55
54 55
14 56
15 56
19 56
22 56
24 56
30 56
32 56
34 56
36 56
41 56
43 56
44 56
4 57
8 57
12 57
22 57
28 57
32 57
36 57
53 57
56 57
0 58
3 58
6 58
11 58
13 58
16 58
21 58
31 58
33 58
35 58
37 58
40 58
45 58
48 58
53 58
57 58
2 59
17 59
25 59
48 59
51 59
53 59
54 59
6 60
12 60
20 60
21 60
33 60
39 60
43 60
44 60
45 60
49 60
53 60
55 60
2 61
4 61
11 61
19 61
28 61
29 61
35 61
38 61
49 61
54 61
55 61
0 62
9 62
12 62
14 62
19 62
20 62
22 62
26 62
30 62
46 62
47 62
57 62
4 63
8 63
11 63
21 63
22 63
27 63
30 63
31 63
33 63
35 63
48 63
56 63
57 63
58 63
61 63
62 63
11 64
14 64
21 64
27 64
28 64
30 64
31 64
37 64
40 64
50 64
53 64
4 65
7 65
15 65
23 65
24 65
40 65
45 65
46 65
63 65
0 66
1 66
3 66
6 66
7 66
10 66
21 66
31 66
32 66
38 66
40 66
42 66
43 66
45 66
53 66
56 66
59 66
61 66
0 67
15 67
20 67
21 67
30 67
31 67
42 67
43 67
44 67
50 67
57 67
58 67
59 67
63 67
64 67
1 68
5 68
21 68
23 68
25 68
38 68
43 68
44 68
60 68
61 68
4 69
5 69
11 69
20 69
21 69
23 69
33 69
34 69
51 69
53 69
59 69
3 70
10 70
15 70
19 70
20 70
26 70
29 70
34 70
36 70
42 70
54 70
61 70
62 70
65 70
69 70
1 71
8 71
15 71
25 71
33 71
35 71
36 71
45 71
52 71
56 71
60 71
66 71
4 72
11 72
14 72
20 72
22 72
31 72
35 72
39 72
43 72
56 72
57 72
65 72
3 73
11 73
15 73
26 73
33 73
34 73
36 73
37 73
44 73
53 73
63 73
71 73
72 73
0 74
6 74
12 74
18 74
25 74
35 74
39 74
43 74
47 74
55 74
56 74
61 74
68 74
71 74
73 74
1 75
12 75
14 75
17 75
21 75
23 75
25 75
27 75
41 75
58 75
63 75
65 75
72 75
10 76
15 76
17 76
18 76
27 76
38 76
44 76
52 76
58 76
65 76
70 76
72 76
0 77
2 77
3 77
14 77
15 77
17 77
26 77
28 77
35 77
38 77
46 77
47 77
59 77
60 77
61 77
63 77
64 77
68 77
0 78
4 78
6 78
7 78
10 78
13 78
18 78
27 78
35 78
37 78
41 78
44 78
46 78
47 78
49 78
50 78
51 78
53 78
61 78
64 78
68 78
72 78
73 78
74 78
75 78
76 78
5 79
6 79
13 79
14 79
15 79
17 79
21 79
22 79
31 79
41 79
50 79
53 79
74 79
7 80
11 80
12 80
16 80
20 80
31 80
36 80
43 80
44 80
45 80
46 80
48 80
60 80
66 80
5 81
8 81
14 81
17 81
29 81
32 81
33 81
58 81
68 81
70 81
74 81
5 82
8 82
9 82
12 82
14 82
15 82
17 82
18 82
20 82
22 82
30 82
33 82
43 82
52 82
60 82
64 82
78 82
79 82
8 83
11 83
15 83
16 83
18 83
23 83
25 83
26 83
28 83
31 83
32 83
33 83
42 83
50 83
51 83
53 83
54 83
56 83
63 83
71 83
74 83
75 83
3 84
4 84
19 84
28 84
36 84
41 84
42 84
49 84
50 84
52 84
53 84
54 84
59 84
65 84
70 84
71 84
78 84
80 84
83 84
8 85
11 85
24 85
28 85
32 85
33 85
40 85
41 85
45 85
65 85
67 85
68 85
72 85
1 86
3 86
13 86
16 86
20 86
21 86
22 86
24 86
29 86
36 86
48 86
56 86
60 86
61 86
62 86
65 86
73 86
77 86
80 86
0 87
2 87
10 87
19 87
22 87
23 87
30 87
33 87
36 87
41 87
48 87
61 87
62 87
70 87
71 87
74 87
76 87
78 87
79 87
82 87
3 88
12 88
13 88
17 88
18 88
21 88
22 88
26 88
49 88
50 88
58 88
60 88
63 88
65 88
69 88
71 88
72 88
75 88
0 89
6 89
16 89
19 89
23 89
30 89
32 89
44 89
45 89
54 89
55 89
56 89
67 89
75 89
79 89
81 89
0 90
1 90
4 90
5 90
11 90
26 90
29 90
34 90
35 90
40 90
41 90
43 90
58 90
64 90
72 90
74 90
84 90
86 90
3 91
4 91
5 91
6 91
7 91
12 91
15 91
17 91
18 91
19 91
22 91
30 91
32 91
35 91
37 91
43 91
47 91
49 91
54 91
72 91
89 91
0 92
4 92
11 92
16 92
17 92
18 92
24 92
32 92
41 92
48 92
53 92
59 92
63 92
71 92
78 92
85 92
89 92
91 92
14 93
19 93
21 93
27 93
28 93
37 93
38 93
40 93
48 93
54 93
55 93
61 93
63 93
73 93
74 93
75 93
80 93
1 94
2 94
6 94
9 94
10 94
13 94
18 94
19 94
20 94
25 94
28 94
29 94
30 94
32 94
35 94
36 94
41 94
42 94
51 94
52 94
62 94
66 94
70 94
82 94
89 94
91 94
1 95
4 95
6 95
13 95
17 95
29 95
30 95
36 95
38 95
42 95
52 95
53 95
56 95
58 95
67 95
69 95
71 95
82 95
85 95
86 95
89 95
91 95
92 95
94 95
0 96
1 96
2 96
3 96
14 96
19 96
23 96
32 96
36 96
54 96
64 96
66 96
67 96
69 96
74 96
76 96
77 96
78 96
88 96
89 96
90 96
6 97
7 97
13 97
14 97
22 97
40 97
47 97
54 97
68 97
83 97
85 97
3 98
6 98
9 98
13 98
14 98
17 98
19 98
26 98
27 98
28 98
39 98
42 98
43 98
51 98
53 98
57 98
60 98
65 98
66 98
75 98
79 98
80 98
87 98
90 98
91 98
93 98
5 99
7 99
8 99
12 99
14 99
18 99
24 99
27 99
30 99
31 99
37 99
42 99
43 99
47 99
50 99
53 99
57 99
62 99
68 99
79 99
