100 284 8
10 19 13 10 20 13 13 10 6 14 6 3 1 7 19 18 17 20 2 19 6 10 7 5 5 9 7 10 9 4 1 5 4 7 1 5 11 4 2 16 1 3 4 3 15 9 8 4 2 6 9 3 14 3 5 7 6 4 4 1 20 10 1 5 3 7 8 10 3 5 9 2 1 4 8 9 6 10 13 2 12 8 3 13 16 8 5 8 10 7 9 7 15 4 2 10 7 4 19 10
2 10
6 12
7 12
0 13
0 14
2 19
7 20
1 21
4 23
3 24
10 24
12 24
17 24
11 25
0 26
1 26
3 26
17 26
17 27
5 28
16 29
2 30
25 30
29 30
11 31
13 31
18 31
4 32
17 33
19 33
18 34
27 34
24 35
9 36
13 37
19 37
0 38
26 38
17 39
38 39
15 40
30 40
24 42
15 43
6 44
33 44
2 45
30 45
12 46
21 46
3 47
16 47
28 47
7 48
20 48
2 49
12 49
15 49
17 49
10 50
14 50
38 50
1 51
7 51
35 51
48 51
32 52
38 52
47 52
49 52
28 53
35 53
4 54
12 54
35 54
37 54
45 54
6 55
18 55
25 56
9 57
22 57
23 57
29 57
41 57
8 59
11 59
28 60
4 61
18 61
37 61
49 61
51 61
1 62
24 62
35 62
17 63
22 63
35 63
13 64
20 64
34 64
16 65
17 65
6 66
16 66
31 66
32 66
53 66
10 67
14 67
16 67
22 67
31 67
38 67
2 69
8 69
9 69
36 69
39 69
8 70
10 70
13 70
14 70
20 70
48 70
59 70
1 71
9 71
22 71
24 71
2 72
14 72
27 72
35 72
55 72
3 73
11 73
32 73
59 73
35 74
37 74
40 74
46 74
60 74
61 74
65 74
66 74
72 74
14 75
18 75
20 75
46 75
54 75
56 75
19 76
30 76
46 76
50 76
51 76
53 76
58 76
60 76
72 76
7 77
15 77
27 77
33 77
45 77
52 77
58 77
59 77
64 77
14 78
20 78
25 78
43 78
54 78
64 78
67 78
10 79
11 79
53 79
2 80
21 80
37 80
49 80
54 80
59 80
64 80
69 80
72 80
6 81
62 81
71 81
7 82
43 82
73 82
74 82
31 83
50 83
67 83
77 83
48 84
56 84
66 84
75 84
42 85
45 85
47 85
63 85
77 85
29 86
10 87
31 87
70 87
72 87
27 88
67 88
73 88
26 89
53 89
65 89
6 90
24 90
34 90
37 90
50 90
58 90
84 90
13 92
17 92
47 92
52 92
64 92
77 92
87 92
18 93
35 93
40 93
50 93
63 93
72 93
78 93
84 93
2 94
15 94
16 94
20 94
30 94
51 94
64 94
67 94
9 95
13 95
38 95
65 95
66 95
88 95
9 96
25 96
50 96
74 96
78 96
0 97
3 97
25 97
57 97
59 97
69 97
77 97
6 98
19 98
25 98
58 98
61 98
65 98
73 98
75 98
82 98
2 99
57 99
66 99
75 99
