100 803 8
2 10 7 9 4 8 2 10 5 3 5 4 8 14 9 1 6 8 17 8 15 8 10 13 17 2 3 10 5 8 6 7 6 14 13 5 18 5 9 1 15 12 8 1 2 1 5 2 8 10 3 7 10 8 6 5 7 3 19 5 4 1 5 20 1 6 10 16 9 1 5 10 6 8 10 6 7 9 1 9 3 6 9 3 8 10 3 15 11 7 20 5 6 6 1 6 20 16 10 2
2 12
4 12
2 13
5 13
0 14
3 14
5 14
6 14
7 14
9 14
10 15
8 16
9 16
5 17
9 17
3 18
4 18
4 19
8 19
9 19
0 20
2 20
10 20
2 21
9 21
5 22
2 23
7 23
8 24
8 25
2 26
4 26
5 26
0 27
3 27
14 27
17 27
24 27
25 27
2 28
7 28
14 28
22 28
26 28
6 29
8 29
17 29
21 29
0 30
8 30
9 30
11 30
24 30
4 31
5 31
8 31
10 31
11 31
17 31
0 32
1 32
12 32
16 32
19 32
22 32
26 32
0 33
3 33
6 33
11 33
29 33
22 34
31 34
6 35
13 35
16 35
27 35
14 36
17 36
20 36
21 36
25 36
28 36
29 36
2 37
4 37
10 37
13 37
16 37
25 37
29 37
30 37
32 37
5 38
6 38
7 38
23 38
31 38
32 38
4 39
5 39
10 39
12 39
14 39
16 39
22 39
28 39
1 40
6 40
9 40
17 40
4 41
7 41
22 41
28 41
29 41
30 41
5 42
7 42
11 42
14 42
1 43
6 43
14 43
24 43
26 43
29 43
2 44
10 44
20 44
26 44
28 44
14 45
19 45
20 45
2 46
3 46
28 46
35 46
38 46
9 47
10 47
15 47
17 47
19 47
23 47
24 47
25 47
33 47
39 47
42 47
44 47
4 48
11 48
15 48
19 48
23 48
35 48
37 48
3 49
7 49
8 49
9 49
11 49
26 49
29 49
41 49
9 50
18 50
39 50
0 51
4 51
10 51
24 51
26 51
28 51
44 51
45 51
3 52
7 52
12 52
30 52
32 52
37 52
2 53
7 53
9 53
12 53
13 53
19 53
25 53
27 53
30 53
33 53
36 53
39 53
42 53
1 54
7 54
13 54
14 54
21 54
26 54
31 54
35 54
37 54
43 54
46 54
50 54
51 54
53 54
26 55
33 55
34 55
38 55
39 55
42 55
6 56
10 56
11 56
16 56
19 56
22 56
23 56
24 56
33 56
34 56
37 56
39 56
4 57
5 57
7 57
8 57
14 57
16 57
25 57
41 57
48 57
8 58
9 58
22 58
34 58
41 58
44 58
51 58
53 58
0 59
1 59
8 59
16 59
27 59
29 59
33 59
39 59
40 59
51 59
0 60
5 60
9 60
19 60
24 60
30 60
37 60
45 60
51 60
2 61
3 61
4 61
5 61
19 61
20 61
35 61
38 61
39 61
40 61
52 61
53 61
25 62
27 62
30 62
35 62
41 62
42 62
46 62
50 62
1 63
7 63
9 63
10 63
16 63
23 63
31 63
51 63
53 63
8 64
21 64
23 64
29 64
30 64
42 64
49 64
52 64
60 64
62 64
7 65
21 65
29 65
31 65
36 65
42 65
47 65
63 65
4 66
8 66
14 66
17 66
18 66
24 66
27 66
32 66
33 66
36 66
39 66
45 66
1 67
7 67
9 67
14 67
22 67
43 67
47 67
49 67
51 67
52 67
57 67
61 67
62 67
63 67
0 68
4 68
5 68
9 68
15 68
18 68
22 68
25 68
30 68
33 68
39 68
47 68
54 68
60 68
61 68
6 69
8 69
17 69
21 69
22 69
37 69
40 69
46 69
47 69
49 69
61 69
14 70
16 70
17 70
21 70
22 70
27 70
28 70
30 70
33 70
34 70
36 70
48 70
49 70
54 70
56 70
58 70
35 71
36 71
44 71
50 71
52 71
53 71
0 72
2 72
22 72
23 72
33 72
41 72
47 72
51 72
52 72
63 72
65 72
68 72
0 73
1 73
4 73
6 73
10 73
11 73
29 73
32 73
44 73
45 73
49 73
51 73
62 73
65 73
7 74
10 74
17 74
25 74
31 74
38 74
42 74
48 74
61 74
62 74
1 75
28 75
29 75
31 75
33 75
40 75
45 75
48 75
49 75
62 75
3 76
10 76
11 76
14 76
17 76
30 76
35 76
41 76
44 76
53 76
58 76
62 76
66 76
68 76
0 77
2 77
6 77
13 77
16 77
23 77
25 77
26 77
27 77
36 77
37 77
39 77
42 77
50 77
57 77
59 77
65 77
70 77
8 78
13 78
15 78
22 78
29 78
31 78
34 78
35 78
39 78
40 78
41 78
43 78
46 78
49 78
52 78
55 78
58 78
63 78
65 78
71 78
2 79
7 79
12 79
14 79
17 79
20 79
21 79
23 79
26 79
31 79
34 79
40 79
46 79
49 79
51 79
64 79
68 79
3 80
4 80
9 80
13 80
17 80
30 80
32 80
33 80
34 80
38 80
49 80
50 80
54 80
60 80
68 80
0 81
2 81
9 81
10 81
15 81
16 81
21 81
28 81
37 81
50 81
51 81
52 81
53 81
64 81
66 81
71 81
72 81
73 81
6 82
11 82
22 82
27 82
68 82
9 83
12 83
17 83
23 83
26 83
30 83
32 83
33 83
38 83
45 83
49 83
51 83
54 83
55 83
59 83
63 83
70 83
1 84
7 84
8 84
19 84
26 84
27 84
36 84
39 84
40 84
49 84
54 84
59 84
0 85
3 85
20 85
21 85
31 85
37 85
45 85
48 85
69 85
73 85
74 85
0 86
1 86
9 86
12 86
16 86
17 86
20 86
31 86
38 86
42 86
45 86
53 86
54 86
56 86
58 86
59 86
60 86
66 86
72 86
7 87
14 87
15 87
21 87
24 87
28 87
36 87
50 87
53 87
54 87
60 87
62 87
71 87
10 88
16 88
19 88
26 88
28 88
50 88
58 88
63 88
71 88
2 89
9 89
16 89
19 89
20 89
22 89
27 89
30 89
36 89
53 89
63 89
0 90
13 90
15 90
18 90
21 90
24 90
45 90
48 90
50 90
53 90
57 90
58 90
64 90
65 90
69 90
70 90
74 90
0 91
3 91
7 91
9 91
12 91
13 91
16 91
31 91
32 91
36 91
41 91
42 91
50 91
51 91
54 91
60 91
67 91
72 91
76 91
77 91
89 91
2 92
15 92
21 92
27 92
33 92
40 92
47 92
52 92
58 92
62 92
64 92
73 92
77 92
85 92
1 93
7 93
18 93
25 93
30 93
41 93
45 93
54 93
57 93
59 93
60 93
62 93
63 93
5 94
6 94
7 94
13 94
17 94
20 94
23 94
32 94
33 94
44 94
52 94
53 94
62 94
63 94
77 94
79 94
90 94
0 95
23 95
34 95
36 95
39 95
42 95
44 95
46 95
49 95
55 95
56 95
58 95
59 95
61 95
68 95
87 95
0 96
3 96
8 96
14 96
26 96
29 96
30 96
32 96
33 96
36 96
41 96
43 96
44 96
45 96
56 96
63 96
69 96
71 96
72 96
76 96
80 96
83 96
85 96
87 96
89 96
4 97
9 97
10 97
11 97
14 97
18 97
32 97
37 97
40 97
44 97
45 97
50 97
55 97
57 97
59 97
66 97
67 97
74 97
81 97
88 97
5 98
10 98
23 98
28 98
29 98
33 98
35 98
42 98
48 98
62 98
65 98
77 98
89 98
6 99
12 99
14 99
17 99
23 99
27 99
28 99
31 99
34 99
54 99
55 99
66 99
74 99
82 99
87 99
90 99
