100 552 8
7 6 6 4 15 13 15 10 12 10 6 5 14 10 6 8 13 6 4 8 9 15 6 8 13 14 5 5 15 10 12 11 7 11 7 6 6 7 5 10 1 8 15 9 14 5 6 5 9 18 5 6 7 4 7 4 13 4 3 8 8 11 6 16 5 6 10 5 13 14 7 6 10 8 9 12 4 8 5 5 4 7 11 7 5 5 6 7 9 7 11 10 17 7 6 9 5 12 7 6
3 4
2 6
5 6
7 8
6 10
2 11
7 11
4 12
10 14
12 14
0 15
5 15
6 15
4 16
8 16
0 17
12 18
5 19
11 19
4 20
1 21
11 21
12 21
19 21
4 22
13 22
21 22
5 23
11 23
9 24
11 24
20 24
0 25
8 25
11 25
19 25
22 25
23 25
12 26
14 26
19 26
0 27
16 27
17 27
26 27
0 28
11 28
17 28
20 28
22 28
25 28
1 29
12 29
17 29
24 29
12 30
5 31
9 31
7 32
11 32
19 32
8 33
13 33
18 33
23 33
29 33
30 33
12 34
19 34
20 34
24 34
28 34
9 35
1 36
23 36
26 37
2 38
7 38
9 38
19 38
31 38
37 38
10 39
19 39
30 39
35 39
37 39
38 39
8 40
16 40
25 40
27 40
36 40
3 41
4 41
10 41
10 42
19 42
30 42
5 43
6 43
7 43
11 43
13 43
2 44
12 44
23 44
29 44
34 44
42 44
1 45
5 45
9 45
15 45
16 45
17 45
20 45
21 45
40 45
14 46
15 46
19 46
44 46
0 47
1 47
5 47
9 47
18 47
20 47
28 47
32 47
43 47
44 47
11 48
13 48
17 48
22 48
28 48
45 48
3 49
14 49
34 49
35 49
42 49
8 50
11 50
47 50
48 50
10 51
28 51
29 51
46 51
47 51
5 52
7 52
8 52
9 52
30 52
44 52
20 53
27 53
31 53
46 53
0 54
1 54
29 54
3 55
4 55
14 55
34 55
35 55
36 55
48 55
52 55
7 56
8 56
48 56
49 56
11 57
17 57
23 57
34 57
38 57
42 57
50 57
51 57
13 58
19 58
23 58
36 58
11 59
12 59
38 59
41 59
47 59
56 59
5 60
6 60
8 60
12 60
14 60
22 60
25 60
29 60
35 60
46 60
1 61
2 61
9 61
13 61
29 61
32 61
39 61
48 61
58 61
0 62
11 62
23 62
24 62
39 62
56 62
5 63
9 63
34 63
23 64
27 64
34 64
45 64
55 64
56 64
5 65
7 65
19 65
22 65
28 65
37 65
39 65
44 65
46 65
16 66
21 66
22 66
25 66
37 66
40 66
51 66
52 66
55 66
13 67
27 67
34 67
56 67
62 67
23 68
25 68
42 68
55 68
58 68
3 69
4 69
6 69
8 69
11 69
24 69
37 69
40 69
62 69
63 69
67 69
4 70
19 70
22 70
26 70
31 70
34 70
35 70
36 70
39 70
45 70
49 70
61 70
65 70
68 70
7 71
13 71
17 71
19 71
20 71
23 71
31 71
47 71
48 71
54 71
64 71
69 71
35 72
38 72
26 73
56 73
65 73
68 73
71 73
3 74
8 74
14 74
18 74
21 74
24 74
47 74
53 74
57 74
66 74
12 75
14 75
33 75
42 75
47 75
55 75
59 75
64 75
67 75
9 76
21 76
43 76
53 76
54 76
5 77
12 77
14 77
18 77
23 77
34 77
47 77
49 77
51 77
56 77
60 77
62 77
65 77
72 77
6 78
27 78
30 78
40 78
52 78
56 78
69 78
8 79
9 79
13 79
15 79
20 79
32 79
39 79
42 79
51 79
69 79
76 79
0 80
20 80
21 80
24 80
25 80
26 80
33 80
40 80
51 80
66 80
71 80
76 80
4 81
26 81
34 81
44 81
46 81
48 81
58 81
62 81
66 81
70 81
79 81
0 82
7 82
8 82
14 82
23 82
24 82
27 82
30 82
35 82
45 82
50 82
52 82
53 82
59 82
68 82
75 82
77 82
1 83
12 83
20 83
25 83
41 83
45 83
68 83
72 83
75 83
12 84
18 84
37 84
43 84
70 84
73 84
3 85
6 85
8 85
14 85
15 85
22 85
28 85
70 85
76 85
6 86
42 86
53 86
58 86
68 86
71 86
83 86
0 87
1 87
12 87
13 87
17 87
19 87
24 87
30 87
49 87
56 87
70 87
82 87
84 87
1 88
7 88
17 88
25 88
27 88
41 88
44 88
54 88
66 88
67 88
85 88
86 88
10 89
11 89
27 89
29 89
36 89
38 89
49 89
55 89
56 89
73 89
75 89
78 89
79 89
85 89
88 89
0 90
2 90
8 90
15 90
28 90
31 90
37 90
45 90
60 90
64 90
74 90
2 91
5 91
30 91
34 91
69 91
88 91
5 92
18 92
39 92
41 92
49 92
68 92
74 92
78 92
12 93
14 93
19 93
38 93
45 93
51 93
61 93
65 93
5 94
12 94
18 94
24 94
25 94
27 94
47 94
61 94
68 94
74 94
81 94
92 94
16 95
40 95
44 95
64 95
71 95
89 95
8 96
21 96
28 96
52 96
63 96
69 96
78 96
81 96
85 96
8 97
16 97
22 97
24 97
36 97
46 97
53 97
67 97
86 97
91 97
13 98
29 98
33 98
56 98
59 98
81 98
83 98
87 98
21 99
39 99
41 99
43 99
79 99
