100 708 8
17 9 2 1 7 10 5 36 4 1 5 6 1 1 4 12 1 7 3 5 4 7 4 6 2 3 3 1 8 2 6 20 6 1 2 2 6 28 1 4 16 1 5 8 5 6 3 2 4 27 5 14 9 3 3 1 6 1 12 1 4 2 4 6 5 5 5 4 23 1 11 3 13 3 28 1 4 18 9 1 5 2 2 3 13 1 2 16 4 5 1 7 6 6 7 2 1 2 4 6
1 4
3 8
2 9
3 9
5 9
6 10
3 11
9 11
3 12
5 12
9 12
0 15
9 15
14 15
6 16
7 16
4 18
11 18
16 18
3 19
4 19
11 19
18 19
4 20
6 20
16 20
12 22
15 22
1 23
17 23
22 23
11 24
12 24
15 24
17 24
0 25
4 25
18 25
21 25
0 26
3 26
5 26
6 26
15 26
17 26
19 26
20 26
4 27
6 27
7 27
9 27
20 27
1 28
4 28
8 28
12 28
16 28
18 28
3 29
12 29
13 29
18 29
20 29
26 29
2 30
3 30
5 30
14 30
15 30
28 30
29 30
0 31
3 31
12 31
22 31
8 32
14 32
15 32
17 32
18 32
20 32
23 32
25 32
26 32
32 33
3 34
6 34
16 34
17 34
19 34
22 34
24 34
3 35
22 35
27 35
32 35
12 36
17 36
24 36
33 36
6 37
8 37
13 37
18 37
24 37
1 38
4 38
11 38
13 38
14 38
28 38
31 38
36 38
3 39
5 39
11 39
37 39
5 40
6 40
7 40
15 40
18 40
35 40
2 41
6 41
11 41
17 41
19 41
20 41
32 41
33 41
1 42
16 42
22 42
30 42
39 42
5 43
6 43
7 43
11 43
15 43
19 43
32 43
36 43
3 44
6 44
7 44
9 44
10 44
18 44
27 44
30 44
31 44
33 44
27 45
2 46
7 46
10 46
20 46
22 46
39 46
45 46
1 47
7 47
8 47
13 47
19 47
21 47
28 47
29 47
31 47
41 47
46 47
9 48
15 48
16 48
22 48
28 48
31 48
47 48
2 49
7 49
29 49
34 49
38 49
44 49
46 49
15 50
17 50
19 50
26 50
27 50
35 50
40 50
46 50
14 51
16 51
18 51
19 51
30 51
31 51
39 51
41 51
45 51
48 51
5 52
9 52
20 52
25 52
29 52
31 52
37 52
40 52
2 53
12 53
37 53
38 53
43 53
52 53
6 54
7 54
17 54
26 54
28 54
42 54
48 54
50 54
2 55
11 55
14 55
21 55
31 55
32 55
34 55
37 55
40 55
42 55
51 55
52 55
2 56
11 56
18 56
34 56
37 56
52 56
8 57
9 57
11 57
15 57
40 57
44 57
45 57
47 57
49 57
50 57
2 58
18 58
20 58
42 58
45 58
46 58
50 58
56 58
2 59
4 59
25 59
42 59
56 59
57 59
10 60
12 60
14 60
24 60
33 60
34 60
45 60
53 60
6 61
18 61
26 61
29 61
39 61
42 61
46 61
48 61
53 61
9 62
30 62
37 62
47 62
52 62
56 62
7 63
8 63
14 63
44 63
3 64
12 64
13 64
23 64
33 64
34 64
35 64
43 64
53 64
56 64
5 65
11 65
22 65
30 65
33 65
37 65
43 65
49 65
0 66
7 66
8 66
10 66
11 66
24 66
25 66
28 66
34 66
35 66
56 66
57 66
59 66
12 67
26 67
34 67
36 67
40 67
46 67
48 67
54 67
58 67
4 68
7 68
12 68
33 68
40 68
41 68
54 68
11 69
12 69
13 69
21 69
35 69
46 69
58 69
63 69
14 70
15 70
33 70
41 70
44 70
48 70
50 70
55 70
58 70
61 70
67 70
3 71
10 71
12 71
14 71
21 71
24 71
34 71
39 71
57 71
59 71
70 71
1 72
6 72
7 72
11 72
29 72
33 72
69 72
10 73
14 73
15 73
20 73
30 73
44 73
53 73
65 73
3 74
10 74
24 74
29 74
33 74
36 74
44 74
63 74
66 74
3 75
9 75
23 75
24 75
35 75
36 75
39 75
44 75
54 75
56 75
62 75
68 75
3 76
6 76
13 76
49 76
17 77
20 77
21 77
36 77
38 77
63 77
66 77
6 78
9 78
20 78
33 78
41 78
47 78
52 78
57 78
71 78
73 78
77 78
10 79
32 79
33 79
48 79
58 79
11 80
14 80
17 80
19 80
24 80
35 80
37 80
39 80
46 80
51 80
56 80
59 80
61 80
65 80
70 80
72 80
75 80
13 81
30 81
40 81
42 81
43 81
49 81
64 81
72 81
77 81
79 81
3 82
14 82
29 82
35 82
38 82
41 82
44 82
53 82
57 82
60 82
65 82
66 82
67 82
71 82
73 82
28 83
34 83
56 83
71 83
75 83
1 84
7 84
9 84
21 84
38 84
40 84
44 84
46 84
51 84
63 84
78 84
80 84
0 85
21 85
30 85
35 85
43 85
52 85
53 85
62 85
65 85
67 85
69 85
82 85
2 86
8 86
20 86
22 86
26 86
27 86
31 86
48 86
54 86
59 86
61 86
73 86
77 86
82 86
0 87
17 87
25 87
27 87
34 87
35 87
50 87
59 87
66 87
13 88
16 88
17 88
25 88
34 88
48 88
50 88
51 88
60 88
69 88
70 88
71 88
73 88
0 89
4 89
6 89
8 89
13 89
17 89
19 89
33 89
34 89
39 89
51 89
56 89
57 89
85 89
86 89
12 90
13 90
20 90
23 90
35 90
57 90
0 91
6 91
11 91
20 91
27 91
44 91
67 91
68 91
72 91
82 91
87 91
89 91
10 92
23 92
24 92
26 92
30 92
54 92
55 92
58 92
60 92
61 92
62 92
64 92
70 92
73 92
80 92
83 92
88 92
4 93
5 93
8 93
13 93
15 93
19 93
25 93
52 93
54 93
57 93
65 93
67 93
70 93
72 93
73 93
86 93
89 93
0 94
23 94
26 94
41 94
44 94
46 94
65 94
69 94
70 94
81 94
89 94
2 95
8 95
11 95
12 95
14 95
15 95
18 95
28 95
31 95
37 95
39 95
40 95
55 95
72 95
73 95
3 96
11 96
20 96
22 96
24 96
34 96
36 96
42 96
48 96
54 96
56 96
67 96
70 96
81 96
86 96
92 96
1 97
13 97
21 97
23 97
25 97
35 97
36 97
45 97
50 97
57 97
66 97
69 97
72 97
86 97
5 98
8 98
12 98
20 98
27 98
30 98
31 98
33 98
37 98
43 98
45 98
55 98
61 98
68 98
80 98
86 98
5 99
15 99
16 99
17 99
25 99
29 99
30 99
37 99
38 99
54 99
55 99
61 99
63 99
68 99
69 99
70 99
71 99
72 99
74 99
76 99
77 99
79 99
86 99
88 99
89 99
96 99
