100 324 8
11 12 14 5 5 7 6 4 5 4 6 7 5 6 10 7 14 7 7 9 15 8 6 8 14 6 10 16 10 13 5 12 5 7 9 4 5 14 4 3 12 6 15 13 8 12 6 10 15 8 7 5 14 5 5 4 8 5 5 5 5 10 13 4 11 9 5 5 11 7 11 5 6 6 7 6 5 11 6 7 3 11 11 10 6 9 5 18 8 7 3 4 5 9 8 5 7 7 9 11
3 10
7 10
0 11
5 11
6 12
5 13
9 15
6 16
1 17
0 18
8 19
15 19
16 20
12 21
9 22
17 22
8 23
10 23
4 25
9 27
11 27
18 27
8 28
11 28
11 29
20 29
10 30
11 30
1 31
5 31
17 31
13 32
20 32
10 33
16 33
17 33
18 34
17 35
20 35
26 35
4 36
30 36
11 37
18 37
9 38
26 38
10 39
18 39
10 40
25 40
14 42
16 42
27 42
21 43
34 43
1 44
19 44
21 45
14 46
19 46
34 46
35 46
3 47
6 47
33 47
42 47
11 48
36 48
12 49
15 49
23 49
14 50
23 50
25 50
27 50
30 50
37 50
13 51
44 51
26 52
0 53
6 53
29 53
32 53
36 53
2 54
18 54
30 54
10 55
7 56
25 56
34 56
38 56
50 56
51 56
54 56
25 57
6 58
17 58
32 58
34 58
37 58
38 58
41 58
49 58
5 59
7 59
11 60
41 60
1 61
6 61
10 61
17 61
34 61
16 62
29 62
32 62
53 62
17 63
22 63
39 63
51 63
0 64
12 64
16 64
32 64
37 64
45 64
51 64
4 65
50 65
6 66
8 66
12 66
27 66
47 66
49 66
65 66
4 67
33 67
46 67
47 67
1 68
24 68
25 68
26 68
36 68
49 68
55 68
5 69
10 69
18 69
29 69
40 69
4 70
6 70
36 70
7 71
21 71
41 71
59 71
1 72
17 72
26 72
27 72
32 72
36 72
39 72
64 72
0 73
3 73
16 73
26 73
28 73
45 73
60 73
5 74
9 74
32 74
38 74
44 74
48 74
69 74
6 75
17 75
23 75
28 75
38 75
47 75
52 75
66 75
68 75
4 76
8 76
12 76
18 76
42 76
46 76
52 76
54 76
65 76
7 77
30 77
19 78
46 78
9 79
47 79
13 80
22 80
50 80
65 80
67 80
52 81
60 81
62 81
39 82
45 82
60 82
5 83
43 83
67 83
72 83
74 83
16 84
19 84
49 84
46 85
70 85
71 85
1 86
17 86
34 86
39 86
62 86
66 86
2 87
3 87
14 87
16 87
18 87
35 87
42 87
45 87
61 87
79 87
12 88
19 88
27 88
29 88
52 88
59 88
63 88
73 88
4 89
9 89
16 89
21 89
29 89
35 89
8 90
12 90
24 90
51 90
67 90
69 90
73 90
75 90
0 91
4 91
6 91
38 91
51 91
54 91
63 91
67 91
81 91
5 92
9 92
24 92
30 92
34 92
51 92
74 92
9 93
12 93
22 93
24 93
44 93
46 93
49 93
71 93
3 94
34 94
73 94
19 95
24 95
37 95
43 95
65 95
69 95
80 95
1 96
9 96
12 96
21 96
35 96
48 96
58 96
63 96
11 97
21 97
32 97
47 97
67 97
12 98
62 98
73 98
12 99
18 99
41 99
56 99
58 99
63 99
77 99
