100 575 8
9 5 5 7 5 7 5 6 7 5 10 13 6 12 5 7 7 12 11 5 8 7 6 6 7 8 5 11 7 6 6 5 10 9 16 6 9 10 4 6 4 5 6 7 11 5 8 15 4 15 6 6 6 6 9 5 4 2 6 8 5 8 10 9 6 9 7 9 6 7 7 6 7 14 6 6 9 5 3 13 5 6 7 6 5 5 6 9 5 12 5 10 10 6 9 4 7 4 6 4
2 3
0 4
0 7
1 7
2 8
5 10
0 11
9 12
1 13
2 13
6 13
5 14
6 14
0 15
5 15
5 16
1 17
3 17
6 17
1 19
6 19
2 20
6 20
1 22
2 22
7 22
8 22
1 23
6 24
21 24
13 25
14 25
18 25
19 25
21 25
15 26
5 27
9 27
15 27
16 27
3 28
3 29
21 29
9 30
13 30
23 30
11 31
17 31
3 32
8 32
11 32
13 33
18 33
23 33
0 34
14 34
16 34
1 35
3 35
7 35
13 35
19 35
0 36
2 36
7 36
9 36
10 36
11 36
4 37
7 37
17 37
23 37
7 38
4 39
10 39
15 39
22 39
3 40
8 40
9 40
12 40
0 41
5 41
10 41
19 41
27 41
37 41
38 41
2 42
3 42
18 42
21 42
27 42
31 42
34 42
11 43
22 43
27 43
28 43
19 44
24 44
31 44
2 45
10 45
11 45
32 45
38 45
0 46
5 46
14 46
16 46
27 46
7 47
16 47
27 47
29 47
1 48
6 48
9 48
28 48
35 48
37 48
2 49
12 49
15 49
28 49
36 49
4 50
16 50
20 50
31 50
33 50
37 50
8 51
14 51
20 51
5 52
19 52
23 52
30 52
3 53
10 53
19 53
25 53
26 53
31 53
0 54
5 54
7 54
14 54
40 54
8 55
20 55
31 55
10 56
11 56
12 56
16 56
36 56
42 56
46 56
48 56
1 57
2 57
12 57
13 57
29 57
30 57
47 57
52 57
7 58
16 58
20 58
50 58
4 59
6 59
7 59
10 59
15 59
17 59
24 59
36 59
39 59
45 59
48 59
2 60
9 60
13 60
19 60
25 60
31 60
34 60
1 61
20 61
22 61
25 61
26 61
31 61
34 61
35 61
38 61
39 61
2 62
10 62
35 62
57 62
3 63
22 63
24 63
36 63
43 63
49 63
50 63
53 63
18 64
31 64
32 64
43 64
50 64
52 64
53 64
55 64
2 65
18 65
22 65
31 65
40 65
53 65
54 65
3 66
4 66
9 66
10 66
16 66
18 66
24 66
28 66
32 66
34 66
35 66
38 66
39 66
49 66
0 67
4 67
9 67
19 67
25 67
39 67
1 68
18 68
49 68
51 68
6 69
18 69
21 69
24 69
27 69
37 69
44 69
61 69
0 70
8 70
9 70
13 70
18 70
20 70
21 70
37 70
23 71
32 71
50 71
51 71
58 71
61 71
10 72
18 72
24 72
36 72
50 72
60 72
67 72
70 72
9 73
24 73
50 73
54 73
57 73
66 73
11 74
18 74
22 74
30 74
32 74
36 74
37 74
48 74
55 74
61 74
66 74
70 74
10 75
13 75
19 75
21 75
27 75
32 75
33 75
34 75
35 75
36 75
52 75
55 75
69 75
71 75
12 76
22 76
27 76
29 76
39 76
42 76
43 76
63 76
66 76
67 76
68 76
70 76
2 77
9 77
13 77
17 77
29 77
52 77
54 77
60 77
63 77
64 77
70 77
71 77
7 78
16 78
28 78
34 78
44 78
57 78
70 78
4 79
8 79
11 79
15 79
17 79
27 79
28 79
29 79
34 79
37 79
7 80
9 80
22 80
29 80
31 80
33 80
38 80
40 80
41 80
42 80
43 80
57 80
62 80
70 80
2 81
4 81
5 81
10 81
11 81
15 81
16 81
21 81
26 81
31 81
41 81
47 81
62 81
67 81
6 82
9 82
19 82
37 82
44 82
47 82
51 82
54 82
59 82
2 83
4 83
11 83
27 83
37 83
48 83
63 83
12 84
16 84
19 84
26 84
31 84
46 84
55 84
59 84
65 84
70 84
75 84
82 84
20 85
22 85
25 85
26 85
42 85
49 85
62 85
64 85
71 85
72 85
75 85
80 85
0 86
49 86
52 86
77 86
5 87
15 87
29 87
30 87
39 87
49 87
57 87
63 87
64 87
78 87
0 88
6 88
8 88
16 88
19 88
20 88
23 88
26 88
39 88
54 88
60 88
68 88
73 88
78 88
81 88
83 88
4 89
5 89
47 89
63 89
68 89
13 90
14 90
18 90
26 90
30 90
38 90
42 90
55 90
58 90
70 90
1 91
18 91
19 91
23 91
27 91
50 91
54 91
57 91
60 91
62 91
64 91
76 91
89 91
0 92
13 92
17 92
27 92
28 92
32 92
43 92
44 92
55 92
58 92
67 92
69 92
75 92
82 92
2 93
16 93
30 93
33 93
42 93
44 93
46 93
48 93
53 93
59 93
68 93
81 93
85 93
23 94
53 94
57 94
60 94
61 94
63 94
74 94
75 94
80 94
6 95
9 95
11 95
34 95
50 95
53 95
61 95
64 95
66 95
1 96
9 96
14 96
15 96
23 96
24 96
30 96
33 96
56 96
62 96
70 96
72 96
82 96
86 96
0 97
10 97
16 97
21 97
26 97
33 97
44 97
46 97
49 97
60 97
62 97
2 98
5 98
10 98
14 98
15 98
24 98
59 98
66 98
80 98
12 99
14 99
17 99
24 99
36 99
44 99
45 99
52 99
57 99
60 99
66 99
67 99
73 99
90 99
