100 413 8
15 8 2 3 26 2 10 4 9 12 1 1 33 2 3 9 1 3 8 3 8 9 4 9 4 4 2 2 3 4 2 7 13 8 8 21 7 5 5 5 15 3 8 2 10 11 2 7 24 24 9 10 7 18 2 1 10 10 4 3 3 3 8 4 28 1 29 9 32 12 2 2 14 4 1 6 3 7 4 6 4 9 1 2 16 9 24 2 3 9 7 3 8 7 8 9 3 4 4 7
1 10
4 11
5 11
1 12
6 12
1 14
4 14
1 16
4 17
5 17
7 17
4 18
5 18
6 18
8 19
4 20
5 21
5 22
8 23
1 26
4 27
1 28
13 28
14 28
17 28
10 29
16 29
9 30
12 30
22 30
25 30
9 31
10 31
12 31
20 32
25 32
27 32
3 33
2 34
13 34
1 35
3 35
6 36
18 36
2 37
22 37
8 38
18 38
13 39
0 41
1 41
6 41
20 41
25 41
34 42
1 43
22 43
26 43
6 44
12 44
21 44
6 45
16 45
38 45
8 46
11 46
12 46
14 46
16 46
22 46
39 46
15 47
24 47
15 48
26 48
28 48
43 48
4 49
13 49
21 49
26 49
31 49
34 49
37 49
40 49
27 50
32 50
39 50
7 51
40 51
43 51
4 52
8 52
20 52
28 52
35 52
42 52
13 54
16 54
22 54
28 54
30 54
34 54
37 54
39 54
4 55
11 55
17 55
0 56
2 56
15 56
25 56
26 56
48 56
50 56
51 56
54 56
15 57
42 57
47 57
49 57
51 57
52 57
19 58
28 58
30 58
32 58
49 58
37 59
40 59
44 59
34 60
35 60
38 60
46 60
14 61
23 61
40 61
41 61
43 61
50 61
51 61
2 62
25 62
31 62
41 62
48 62
53 62
54 62
3 63
23 63
38 63
39 63
44 63
12 64
31 64
35 64
44 64
53 64
59 64
10 65
17 65
20 65
26 65
32 65
43 65
52 65
63 65
40 67
54 67
62 67
28 68
44 68
61 68
18 69
21 69
36 69
46 69
48 69
52 69
6 70
9 70
24 70
25 70
27 70
31 70
44 70
55 70
69 70
4 71
9 71
21 71
37 71
69 71
25 72
29 72
32 72
33 72
39 72
41 72
2 73
7 73
19 73
24 73
42 73
43 73
47 73
59 73
60 73
66 73
0 74
7 74
13 74
17 74
22 74
34 74
46 74
60 74
61 74
68 74
69 74
10 75
15 75
20 75
33 75
46 75
48 75
50 75
51 75
59 75
25 76
27 76
29 76
34 76
50 76
18 77
22 77
26 77
38 77
56 77
18 78
23 78
25 78
30 78
52 78
1 79
10 79
31 79
66 79
13 80
15 80
44 80
58 80
70 80
73 80
6 81
31 81
44 81
47 81
67 81
69 81
26 82
32 82
44 82
52 82
59 82
62 82
69 82
4 83
21 83
23 83
39 83
49 83
51 83
69 83
75 83
1 84
9 84
16 84
28 84
34 84
35 84
50 84
61 84
64 84
65 84
76 84
8 85
10 85
11 85
15 85
28 85
37 85
45 85
50 85
66 85
28 86
32 86
33 86
36 86
38 86
40 86
46 86
48 86
58 86
67 86
69 86
0 87
4 87
9 87
19 87
20 87
23 87
26 87
49 87
52 87
53 87
76 87
77 87
12 88
16 88
22 88
29 88
31 88
60 88
63 88
74 88
3 89
8 89
22 89
48 89
69 89
79 89
4 90
31 90
32 90
36 90
61 90
75 90
79 90
4 91
27 91
35 91
36 91
47 91
52 91
62 91
63 91
73 91
75 91
80 91
15 92
43 92
60 92
84 92
85 92
7 93
22 93
27 93
50 93
73 93
77 93
78 93
83 93
84 93
8 94
16 94
18 94
22 94
25 94
34 94
40 94
72 94
8 95
62 95
68 95
77 95
14 96
22 96
41 96
43 96
58 96
70 96
77 96
2 97
3 97
9 97
15 97
24 97
26 97
66 97
80 97
83 97
6 98
15 98
21 98
24 98
26 98
41 98
43 98
50 98
64 98
68 98
82 98
83 98
2 99
5 99
34 99
35 99
38 99
58 99
59 99
66 99
