100 516 16
23 13 1 7 1 5 17 3 8 2 4 3 5 1 5 2 5 30 4 3 3 11 1 11 6 1 1 3 2 2 13 13 18 1 19 6 16 3 1 1 8 5 4 9 21 2 23 7 4 6 4 1 2 2 4 5 1 20 5 1 1 20 12 1 1 1 3 1 16 9 1 14 10 17 6 8 1 4 3 3 2 3 1 16 3 27 7 3 1 14 9 7 2 22 10 8 17 4 22 2
2 3
1 4
0 5
0 6
6 8
3 11
3 12
9 13
11 13
11 14
3 15
0 16
7 16
3 17
4 17
14 17
3 18
12 18
4 19
6 19
11 19
1 20
4 20
3 21
11 21
17 21
19 21
20 21
9 22
11 22
17 22
2 23
6 23
11 23
16 23
8 24
18 24
3 25
12 25
16 25
18 25
24 25
18 26
25 26
2 27
14 27
17 27
19 27
21 27
8 28
14 28
17 28
2 29
4 29
0 30
4 30
10 30
20 30
18 31
14 32
23 32
0 33
7 33
13 33
25 33
9 34
10 34
11 34
17 34
25 34
32 34
2 35
26 35
4 36
11 36
13 36
16 36
17 36
28 36
30 36
34 36
0 37
11 37
18 37
34 37
5 38
15 38
17 39
22 39
27 39
9 40
17 40
29 40
8 41
20 41
36 41
7 42
17 42
22 42
29 42
3 43
10 43
19 43
33 43
39 43
8 44
9 44
16 44
31 44
32 44
33 44
34 44
35 44
37 44
39 44
43 44
20 45
35 45
9 46
25 46
32 46
38 46
40 46
8 47
19 47
1 48
8 48
13 48
14 48
21 48
22 48
25 48
35 48
0 49
2 49
28 49
0 50
12 51
13 51
30 51
38 51
42 51
48 51
6 52
14 52
19 52
22 52
43 52
46 52
6 53
14 53
38 53
48 53
50 53
2 54
5 54
7 54
11 54
19 54
26 54
31 54
36 54
7 55
20 55
33 55
11 56
12 56
34 56
37 56
52 56
2 57
24 57
37 57
49 57
16 58
19 58
43 58
45 58
56 58
6 59
13 59
28 59
40 59
41 59
44 59
50 59
9 60
18 60
21 60
25 60
26 60
29 60
31 60
36 60
37 60
49 60
50 60
13 61
24 61
26 61
29 61
32 61
35 61
48 61
56 61
58 61
11 62
15 62
16 62
22 62
23 62
33 62
45 62
7 63
32 63
55 63
17 64
24 64
26 64
28 64
35 64
41 64
43 64
48 64
63 64
12 65
33 65
44 65
57 65
58 65
60 65
64 65
3 66
12 66
17 66
18 66
19 66
39 66
40 66
41 66
53 66
64 66
6 67
24 67
41 67
48 67
15 68
33 68
35 68
53 68
6 69
16 69
29 69
33 69
36 69
37 69
39 69
48 69
62 69
68 69
23 70
58 70
62 70
64 70
68 70
5 71
10 71
20 71
40 71
46 71
54 71
62 71
5 72
20 72
28 72
34 72
37 72
40 72
54 72
57 72
58 72
65 72
9 73
41 73
51 73
52 73
3 74
19 74
27 74
48 74
57 74
68 74
20 75
24 75
30 75
37 75
47 75
54 75
60 75
62 75
66 75
8 76
10 76
31 76
47 76
65 76
66 76
67 76
3 77
26 77
37 77
38 77
55 77
73 77
1 78
28 78
47 78
54 78
59 78
65 78
1 79
14 79
15 79
40 79
42 79
45 79
75 79
77 79
1 80
6 80
9 80
20 80
28 80
56 80
62 80
76 80
78 80
3 81
5 81
7 81
17 81
34 81
40 81
76 81
7 82
13 82
29 82
53 82
64 82
73 82
80 82
2 83
22 83
68 83
77 83
78 83
10 84
14 84
20 84
30 84
33 84
36 84
64 84
78 84
5 85
11 85
15 85
18 85
32 85
35 85
39 85
59 85
67 85
71 85
77 85
25 86
32 86
50 86
53 86
54 86
66 86
71 86
75 86
79 86
83 86
11 87
21 87
22 87
26 87
31 87
36 87
52 87
64 87
69 87
84 87
18 88
21 88
22 88
24 88
29 88
33 88
56 88
61 88
83 88
84 88
6 89
8 89
12 89
21 89
24 89
38 89
40 89
54 89
79 89
88 89
10 90
11 90
21 90
22 90
24 90
30 90
67 90
68 90
3 91
16 91
32 91
44 91
48 91
56 91
74 91
76 91
11 92
14 92
29 92
37 92
50 92
57 92
59 92
68 92
70 92
84 92
0 93
15 93
49 93
61 93
64 93
70 93
80 93
87 93
88 93
11 94
12 94
14 94
16 94
21 94
22 94
32 94
50 94
55 94
59 94
89 94
8 95
10 95
11 95
24 95
36 95
38 95
45 95
65 95
73 95
74 95
75 95
83 95
1 96
12 96
35 96
36 96
39 96
43 96
46 96
61 96
65 96
76 96
82 96
5 97
6 97
17 97
20 97
23 97
34 97
37 97
47 97
51 97
74 97
80 97
81 97
85 97
0 98
13 98
27 98
43 98
45 98
55 98
73 98
78 98
7 99
31 99
32 99
33 99
39 99
44 99
46 99
57 99
65 99
70 99
98 99
