100 1689 16
5 6 9 6 14 6 8 6 5 10 7 10 2 10 12 4 6 7 6 6 5 10 6 12 12 8 6 11 18 4 7 9 5 4 12 6 5 5 13 5 5 7 6 9 12 13 14 12 6 9 5 6 6 15 7 5 12 3 7 5 4 4 6 13 14 4 7 6 6 6 13 6 16 5 6 13 13 6 9 10 6 6 6 6 7 8 5 10 12 7 7 6 5 9 10 6 11 6 11 3
0 1
0 2
0 3
2 3
2 5
3 5
0 6
5 6
0 7
1 7
2 8
5 8
6 8
2 9
4 9
5 9
6 9
7 9
0 11
1 11
3 11
5 12
7 12
11 12
1 13
3 13
9 13
11 13
0 14
2 14
3 14
4 14
6 14
8 14
0 15
1 15
2 15
3 15
6 15
13 15
14 15
0 16
2 16
3 16
5 16
8 16
10 16
12 16
13 16
0 17
1 17
2 17
5 17
7 17
8 17
9 17
10 17
11 17
15 17
5 18
6 18
7 18
9 18
10 18
11 18
13 18
14 18
15 18
6 19
11 19
12 19
16 19
17 19
18 19
0 20
1 20
6 20
11 20
12 20
13 20
16 20
17 20
18 20
19 20
0 21
1 21
4 21
14 21
17 21
18 21
20 21
1 22
2 22
6 22
7 22
20 22
0 23
3 23
5 23
8 23
9 23
12 23
16 23
18 23
22 23
0 24
2 24
3 24
4 24
5 24
12 24
17 24
19 24
1 25
2 25
3 25
10 25
16 25
19 25
20 25
0 26
1 26
5 26
10 26
11 26
14 26
17 26
19 26
20 26
21 26
22 26
23 26
24 26
25 26
4 27
5 27
6 27
11 27
15 27
17 27
25 27
26 27
3 28
5 28
7 28
9 28
11 28
16 28
20 28
22 28
23 28
24 28
25 28
1 29
5 29
6 29
7 29
8 29
12 29
16 29
19 29
21 29
22 29
24 29
26 29
2 30
6 30
14 30
15 30
24 30
25 30
1 31
5 31
6 31
8 31
11 31
14 31
18 31
19 31
20 31
21 31
23 31
0 32
8 32
9 32
15 32
16 32
18 32
19 32
20 32
23 32
24 32
25 32
3 33
5 33
6 33
8 33
12 33
13 33
21 33
22 33
23 33
26 33
27 33
0 34
2 34
4 34
12 34
13 34
14 34
16 34
20 34
26 34
30 34
6 35
13 35
15 35
17 35
23 35
25 35
26 35
30 35
32 35
33 35
34 35
5 36
9 36
10 36
14 36
22 36
28 36
29 36
33 36
0 37
4 37
8 37
10 37
13 37
15 37
16 37
18 37
24 37
25 37
26 37
27 37
28 37
3 38
6 38
9 38
12 38
17 38
21 38
23 38
27 38
28 38
34 38
3 39
5 39
9 39
10 39
11 39
12 39
17 39
18 39
20 39
21 39
22 39
25 39
26 39
28 39
30 39
32 39
33 39
35 39
36 39
2 40
4 40
13 40
15 40
20 40
23 40
25 40
27 40
28 40
29 40
37 40
39 40
4 41
5 41
7 41
11 41
14 41
15 41
17 41
18 41
22 41
28 41
30 41
31 41
32 41
33 41
36 41
39 41
0 42
7 42
8 42
10 42
12 42
16 42
20 42
23 42
24 42
25 42
30 42
32 42
36 42
38 42
40 42
4 43
5 43
8 43
9 43
10 43
14 43
19 43
22 43
25 43
26 43
29 43
31 43
39 43
40 43
41 43
4 44
9 44
10 44
15 44
17 44
19 44
21 44
22 44
23 44
26 44
28 44
30 44
31 44
42 44
0 45
5 45
8 45
14 45
20 45
23 45
24 45
30 45
38 45
43 45
44 45
0 46
1 46
4 46
5 46
8 46
9 46
14 46
16 46
19 46
22 46
23 46
24 46
33 46
38 46
40 46
43 46
2 47
4 47
6 47
11 47
13 47
16 47
19 47
21 47
22 47
28 47
31 47
36 47
40 47
42 47
1 48
3 48
5 48
6 48
10 48
17 48
18 48
21 48
22 48
25 48
26 48
27 48
28 48
30 48
35 48
36 48
39 48
47 48
1 49
4 49
9 49
10 49
17 49
20 49
21 49
25 49
26 49
30 49
34 49
35 49
44 49
47 49
1 50
7 50
10 50
12 50
14 50
15 50
16 50
19 50
20 50
21 50
22 50
26 50
33 50
41 50
44 50
0 51
4 51
7 51
8 51
9 51
12 51
14 51
15 51
17 51
19 51
22 51
23 51
24 51
25 51
27 51
30 51
34 51
36 51
37 51
43 51
44 51
45 51
48 51
49 51
50 51
0 52
1 52
2 52
5 52
10 52
18 52
19 52
20 52
22 52
23 52
24 52
25 52
30 52
32 52
37 52
46 52
49 52
0 53
6 53
7 53
9 53
12 53
15 53
17 53
19 53
26 53
30 53
33 53
36 53
43 53
44 53
48 53
49 53
1 54
2 54
3 54
6 54
8 54
14 54
15 54
17 54
18 54
22 54
23 54
33 54
41 54
46 54
49 54
53 54
3 55
4 55
6 55
7 55
13 55
18 55
20 55
23 55
24 55
25 55
27 55
30 55
32 55
36 55
39 55
40 55
41 55
44 55
48 55
49 55
50 55
53 55
3 56
11 56
13 56
15 56
19 56
22 56
27 56
31 56
39 56
44 56
45 56
47 56
51 56
52 56
53 56
1 57
2 57
4 57
6 57
8 57
10 57
12 57
17 57
19 57
20 57
24 57
26 57
27 57
29 57
31 57
38 57
41 57
44 57
45 57
46 57
50 57
51 57
53 57
54 57
1 58
2 58
3 58
5 58
6 58
16 58
18 58
19 58
20 58
21 58
22 58
23 58
25 58
27 58
30 58
34 58
35 58
38 58
39 58
41 58
43 58
46 58
48 58
49 58
54 58
1 59
4 59
21 59
22 59
23 59
24 59
32 59
33 59
34 59
36 59
37 59
39 59
41 59
42 59
43 59
44 59
48 59
53 59
55 59
14 60
15 60
19 60
20 60
24 60
26 60
28 60
35 60
45 60
57 60
58 60
59 60
0 61
2 61
14 61
15 61
16 61
20 61
21 61
27 61
30 61
32 61
34 61
35 61
38 61
39 61
43 61
45 61
46 61
49 61
50 61
53 61
55 61
56 61
59 61
60 61
0 62
1 62
4 62
5 62
8 62
11 62
12 62
15 62
16 62
18 62
20 62
22 62
24 62
25 62
31 62
39 62
42 62
44 62
49 62
56 62
58 62
60 62
2 63
4 63
5 63
6 63
7 63
10 63
11 63
12 63
14 63
17 63
20 63
22 63
25 63
28 63
30 63
32 63
39 63
42 63
51 63
54 63
57 63
61 63
7 64
11 64
17 64
21 64
22 64
27 64
29 64
30 64
31 64
32 64
33 64
36 64
37 64
39 64
41 64
42 64
45 64
48 64
49 64
52 64
56 64
61 64
63 64
3 65
5 65
6 65
11 65
16 65
17 65
18 65
20 65
27 65
28 65
29 65
30 65
34 65
36 65
38 65
39 65
44 65
47 65
58 65
60 65
5 66
8 66
11 66
14 66
17 66
20 66
28 66
30 66
32 66
34 66
36 66
41 66
44 66
48 66
49 66
55 66
60 66
61 66
62 66
64 66
1 67
3 67
6 67
9 67
19 67
23 67
24 67
25 67
26 67
30 67
33 67
34 67
38 67
41 67
43 67
44 67
50 67
55 67
57 67
62 67
63 67
65 67
5 68
7 68
9 68
10 68
11 68
12 68
26 68
27 68
29 68
31 68
35 68
37 68
42 68
44 68
46 68
48 68
49 68
50 68
54 68
57 68
62 68
64 68
66 68
4 69
11 69
12 69
18 69
30 69
31 69
32 69
43 69
45 69
46 69
47 69
49 69
56 69
58 69
64 69
4 70
15 70
20 70
23 70
24 70
29 70
31 70
38 70
45 70
50 70
52 70
53 70
55 70
57 70
60 70
63 70
64 70
65 70
67 70
68 70
0 71
2 71
3 71
10 71
15 71
25 71
36 71
42 71
44 71
45 71
46 71
47 71
49 71
52 71
57 71
58 71
59 71
64 71
66 71
70 71
0 72
5 72
10 72
13 72
15 72
22 72
24 72
25 72
28 72
30 72
32 72
34 72
35 72
36 72
37 72
40 72
44 72
47 72
49 72
56 72
59 72
60 72
61 72
64 72
65 72
70 72
1 73
6 73
10 73
12 73
15 73
16 73
23 73
27 73
28 73
30 73
45 73
47 73
53 73
60 73
66 73
67 73
68 73
71 73
3 74
7 74
8 74
9 74
10 74
11 74
12 74
13 74
15 74
18 74
20 74
27 74
29 74
30 74
31 74
32 74
33 74
41 74
43 74
44 74
49 74
52 74
53 74
57 74
62 74
64 74
70 74
71 74
0 75
2 75
3 75
4 75
5 75
7 75
8 75
9 75
10 75
11 75
12 75
20 75
26 75
31 75
34 75
35 75
37 75
40 75
42 75
44 75
47 75
52 75
53 75
58 75
66 75
68 75
70 75
73 75
1 76
8 76
13 76
18 76
19 76
20 76
21 76
24 76
28 76
32 76
34 76
36 76
42 76
44 76
45 76
46 76
51 76
53 76
55 76
56 76
62 76
63 76
66 76
67 76
69 76
71 76
0 77
1 77
4 77
12 77
14 77
17 77
19 77
21 77
26 77
34 77
36 77
37 77
41 77
42 77
43 77
47 77
49 77
52 77
55 77
58 77
59 77
60 77
62 77
68 77
69 77
73 77
1 78
5 78
7 78
11 78
14 78
17 78
19 78
20 78
22 78
28 78
35 78
36 78
37 78
40 78
42 78
46 78
50 78
54 78
60 78
63 78
70 78
71 78
72 78
77 78
4 79
7 79
14 79
15 79
16 79
18 79
19 79
21 79
25 79
26 79
27 79
29 79
30 79
37 79
38 79
46 79
48 79
50 79
55 79
58 79
62 79
63 79
64 79
71 79
73 79
78 79
1 80
2 80
3 80
6 80
7 80
11 80
12 80
13 80
16 80
17 80
21 80
22 80
23 80
28 80
30 80
31 80
36 80
37 80
39 80
40 80
49 80
51 80
52 80
53 80
56 80
63 80
64 80
65 80
67 80
68 80
69 80
70 80
73 80
75 80
76 80
78 80
3 81
6 81
9 81
10 81
18 81
19 81
25 81
26 81
33 81
34 81
36 81
37 81
40 81
43 81
44 81
46 81
49 81
51 81
53 81
54 81
58 81
60 81
61 81
62 81
66 81
68 81
69 81
73 81
74 81
79 81
0 82
8 82
12 82
17 82
19 82
21 82
26 82
27 82
34 82
35 82
39 82
40 82
41 82
43 82
44 82
45 82
52 82
59 82
61 82
68 82
71 82
72 82
73 82
80 82
0 83
10 83
13 83
14 83
15 83
20 83
29 83
30 83
32 83
33 83
34 83
35 83
38 83
42 83
43 83
44 83
46 83
48 83
49 83
51 83
52 83
54 83
58 83
61 83
64 83
67 83
68 83
70 83
71 83
75 83
76 83
81 83
3 84
11 84
12 84
18 84
19 84
25 84
28 84
32 84
35 84
36 84
40 84
43 84
46 84
49 84
53 84
54 84
58 84
59 84
60 84
64 84
66 84
69 84
70 84
73 84
78 84
79 84
1 85
3 85
4 85
5 85
8 85
9 85
10 85
12 85
13 85
15 85
16 85
17 85
20 85
22 85
23 85
24 85
27 85
28 85
29 85
33 85
39 85
40 85
41 85
42 85
43 85
47 85
49 85
52 85
56 85
62 85
64 85
66 85
68 85
77 85
82 85
83 85
5 86
7 86
10 86
15 86
16 86
19 86
21 86
22 86
24 86
25 86
27 86
28 86
33 86
35 86
37 86
41 86
45 86
49 86
50 86
52 86
53 86
56 86
59 86
61 86
64 86
65 86
66 86
80 86
82 86
83 86
85 86
0 87
4 87
8 87
13 87
14 87
25 87
30 87
32 87
34 87
36 87
38 87
39 87
40 87
42 87
45 87
54 87
56 87
61 87
63 87
67 87
68 87
69 87
71 87
72 87
76 87
81 87
82 87
85 87
1 88
2 88
3 88
4 88
8 88
9 88
16 88
19 88
21 88
23 88
25 88
27 88
28 88
29 88
34 88
39 88
41 88
48 88
52 88
58 88
62 88
64 88
68 88
70 88
73 88
78 88
84 88
1 89
2 89
5 89
6 89
7 89
8 89
9 89
11 89
13 89
14 89
25 89
32 89
34 89
35 89
36 89
39 89
44 89
45 89
47 89
49 89
51 89
59 89
60 89
61 89
62 89
64 89
68 89
71 89
72 89
78 89
1 90
2 90
5 90
8 90
10 90
12 90
16 90
18 90
19 90
20 90
21 90
25 90
27 90
28 90
29 90
30 90
35 90
36 90
41 90
46 90
49 90
50 90
54 90
56 90
61 90
62 90
64 90
70 90
72 90
74 90
78 90
79 90
80 90
0 91
1 91
6 91
7 91
8 91
9 91
10 91
11 91
16 91
19 91
22 91
23 91
38 91
42 91
43 91
55 91
56 91
58 91
61 91
71 91
74 91
77 91
78 91
85 91
89 91
3 92
6 92
11 92
13 92
16 92
24 92
26 92
29 92
30 92
32 92
36 92
40 92
43 92
46 92
47 92
52 92
54 92
57 92
58 92
59 92
62 92
65 92
70 92
73 92
74 92
75 92
80 92
81 92
84 92
87 92
88 92
89 92
90 92
91 92
2 93
3 93
6 93
7 93
8 93
16 93
22 93
31 93
34 93
39 93
42 93
45 93
52 93
55 93
57 93
58 93
60 93
63 93
65 93
70 93
73 93
75 93
76 93
78 93
79 93
83 93
88 93
0 94
3 94
8 94
10 94
15 94
18 94
19 94
20 94
21 94
28 94
29 94
34 94
36 94
38 94
39 94
41 94
42 94
51 94
52 94
56 94
58 94
67 94
69 94
70 94
72 94
76 94
78 94
82 94
83 94
85 94
89 94
93 94
0 95
1 95
5 95
6 95
14 95
16 95
17 95
18 95
22 95
24 95
29 95
32 95
33 95
34 95
35 95
37 95
39 95
40 95
41 95
47 95
48 95
50 95
51 95
53 95
57 95
58 95
59 95
62 95
67 95
71 95
77 95
79 95
81 95
88 95
93 95
3 96
6 96
7 96
8 96
9 96
10 96
14 96
26 96
28 96
30 96
32 96
33 96
40 96
43 96
44 96
45 96
47 96
50 96
59 96
62 96
63 96
64 96
67 96
72 96
73 96
77 96
80 96
83 96
84 96
86 96
87 96
88 96
89 96
92 96
95 96
2 97
4 97
5 97
11 97
13 97
14 97
17 97
21 97
23 97
24 97
28 97
30 97
32 97
39 97
42 97
45 97
47 97
49 97
50 97
52 97
53 97
54 97
59 97
60 97
63 97
64 97
66 97
67 97
68 97
69 97
70 97
71 97
72 97
74 97
80 97
82 97
83 97
87 97
90 97
93 97
95 97
96 97
1 98
3 98
6 98
10 98
12 98
13 98
16 98
18 98
19 98
21 98
30 98
32 98
34 98
35 98
39 98
45 98
46 98
48 98
49 98
52 98
53 98
68 98
70 98
72 98
74 98
75 98
83 98
84 98
86 98
89 98
92 98
95 98
1 99
6 99
8 99
13 99
14 99
15 99
22 99
30 99
31 99
34 99
36 99
37 99
38 99
42 99
43 99
44 99
45 99
47 99
49 99
56 99
59 99
61 99
62 99
63 99
64 99
66 99
67 99
68 99
71 99
73 99
75 99
76 99
77 99
82 99
84 99
