100 405 8
6 9 10 9 6 15 7 4 9 4 10 7 7 6 7 9 10 5 12 4 7 13 12 10 4 5 16 4 4 4 14 13 5 4 6 5 4 6 6 5 5 5 11 16 7 6 5 6 6 4 17 7 13 11 10 6 6 11 11 7 6 16 15 3 6 9 12 6 6 5 4 13 13 10 12 10 4 6 6 17 7 5 5 5 7 12 11 11 13 13 6 12 4 16 7 15 6 8 11 3
1 2
2 9
0 10
0 13
5 13
7 13
1 14
13 14
4 16
0 17
10 19
8 20
6 21
10 21
2 22
3 22
20 23
5 24
12 24
15 25
21 25
4 26
5 26
22 26
25 26
1 27
5 27
11 27
14 27
19 27
21 27
26 28
17 29
21 29
7 30
11 31
1 32
4 32
6 32
8 32
23 32
6 33
11 33
25 33
27 33
10 34
26 34
29 34
22 35
25 35
13 36
18 36
27 36
27 37
15 38
23 38
30 38
12 39
14 39
3 40
20 40
21 40
7 41
16 41
28 41
29 41
4 42
16 42
17 42
23 42
33 42
42 43
10 44
19 44
22 44
24 44
6 45
10 45
42 45
6 46
10 46
22 46
27 46
26 47
30 47
4 48
7 48
17 48
28 48
29 48
31 48
7 49
19 49
43 49
45 49
2 50
3 50
7 50
45 50
35 51
36 51
5 52
26 52
29 52
34 52
1 53
8 54
30 54
33 54
50 54
1 55
15 55
16 55
24 55
27 55
31 55
46 55
4 56
9 56
40 56
2 57
25 57
27 57
34 57
5 58
6 58
10 58
35 58
49 58
32 59
33 59
5 60
25 60
26 60
45 61
56 61
0 62
14 62
30 62
40 62
4 63
26 63
41 63
49 63
50 63
4 64
12 64
29 64
30 64
41 64
45 64
47 64
21 65
34 65
40 65
43 65
52 65
35 66
31 67
50 67
52 67
7 68
8 68
11 68
3 69
4 69
11 69
27 69
36 69
38 69
51 69
63 69
65 69
5 70
14 70
20 70
21 70
28 70
63 70
44 71
51 71
2 72
36 72
50 72
66 72
5 73
43 73
56 73
63 73
0 74
41 74
46 74
49 74
53 74
67 74
72 74
19 75
27 75
50 75
60 75
0 76
2 76
14 76
19 76
20 76
24 76
35 76
41 76
61 76
27 77
38 77
42 77
43 77
44 77
45 77
60 77
61 77
64 77
75 77
0 78
1 78
4 78
10 78
15 78
23 78
34 78
43 78
51 78
54 78
64 78
66 78
70 78
6 79
24 79
31 79
76 79
1 80
8 80
35 80
38 80
71 80
9 81
23 81
37 81
61 81
79 81
6 82
19 82
30 82
72 82
73 82
77 82
80 82
7 83
11 83
12 83
28 83
36 83
49 83
56 83
60 83
68 83
69 83
75 83
80 83
5 84
13 84
28 84
49 84
53 84
83 84
0 85
5 85
7 85
8 85
44 85
46 85
53 85
63 85
68 85
71 85
20 86
64 86
74 86
84 86
8 87
17 87
34 87
36 87
38 87
39 87
52 87
69 87
77 87
2 88
20 88
23 88
71 88
72 88
76 88
1 89
5 89
10 89
11 89
14 89
20 89
38 89
44 89
47 89
48 89
71 89
74 89
5 90
6 90
9 90
11 90
13 90
20 90
22 90
29 90
35 90
47 90
57 90
60 90
67 90
75 90
11 91
13 91
17 91
21 91
23 91
24 91
35 91
39 91
42 91
71 91
75 91
78 91
15 92
16 92
18 92
24 92
26 92
35 92
36 92
53 92
56 92
57 92
85 92
88 92
10 93
19 93
34 93
46 93
66 93
67 93
0 94
5 94
12 94
36 94
49 94
67 94
2 95
3 95
20 95
23 95
30 95
33 95
49 95
61 95
66 95
87 95
92 95
7 96
23 96
31 96
66 96
72 96
78 96
82 96
4 97
7 97
9 97
20 97
32 97
46 97
53 97
55 97
64 97
7 98
17 98
20 98
23 98
45 98
58 98
69 98
73 98
78 98
79 98
90 98
33 99
39 99
46 99
52 99
68 99
