100 587 8
9 14 10 1 9 16 5 1 2 16 8 6 2 1 2 8 11 2 5 5 4 5 4 3 8 7 7 2 4 8 4 10 3 12 3 16 11 17 18 18 5 11 1 7 2 4 8 3 2 7 3 2 10 2 9 13 12 2 5 19 20 10 19 16 18 2 2 4 2 10 4 17 1 7 1 9 13 16 2 3 5 1 17 16 1 9 7 6 4 3 5 5 5 6 11 7 10 2 15 13
7 15
5 16
10 16
2 17
3 17
8 17
10 17
12 17
2 18
8 18
3 19
6 19
7 19
3 20
5 20
5 21
11 22
9 23
10 23
1 24
9 24
0 25
8 25
12 25
6 26
20 26
25 26
5 27
11 27
12 27
9 29
21 29
25 29
7 30
12 30
24 30
0 31
13 31
23 31
25 31
0 32
5 32
11 32
14 32
21 32
28 32
2 33
9 33
16 33
18 33
14 34
24 34
26 34
3 35
4 35
8 35
21 35
27 35
4 36
13 36
14 36
16 38
20 38
2 39
8 39
11 39
13 39
20 39
0 40
15 40
20 40
25 40
31 40
39 40
6 41
16 41
26 41
28 41
29 41
39 41
12 42
13 42
29 42
14 43
34 43
35 43
2 44
11 44
22 44
23 44
30 44
36 44
12 45
16 45
19 45
21 45
11 46
14 46
20 46
22 46
23 46
24 46
30 46
36 46
14 47
22 47
23 47
8 48
14 48
35 48
2 49
4 49
5 49
12 49
15 49
18 49
34 49
2 50
12 50
15 50
25 50
29 50
35 50
36 50
37 50
38 50
39 50
1 51
9 51
12 51
18 51
21 51
30 51
31 51
33 51
6 52
23 52
27 52
30 52
0 53
11 53
38 53
39 53
3 54
22 54
24 54
29 54
30 54
35 54
1 55
5 55
13 55
6 56
11 56
15 56
19 56
24 56
25 56
28 56
34 56
39 56
20 57
37 57
24 58
44 58
46 58
48 58
55 58
3 59
12 59
16 59
24 59
26 59
36 59
41 59
42 59
53 59
57 59
3 60
14 60
17 60
20 60
26 60
37 60
39 60
44 60
47 60
55 60
1 61
8 61
11 61
17 61
21 61
26 61
27 61
32 61
38 61
56 61
26 62
27 62
39 62
6 63
9 63
11 63
12 63
13 63
15 63
21 63
22 63
25 63
27 63
29 63
36 63
41 63
53 63
56 63
11 64
16 64
20 64
23 64
26 64
28 64
29 64
30 64
35 64
44 64
56 64
8 65
15 65
29 65
31 65
34 65
42 65
44 65
47 65
53 65
0 66
3 66
27 66
32 66
53 66
54 66
60 66
1 67
15 67
17 67
35 67
64 67
3 68
48 68
53 68
54 68
57 68
65 68
0 69
4 69
11 69
15 69
21 69
28 69
30 69
37 69
50 69
58 69
7 70
10 70
14 70
15 70
19 70
20 70
21 70
22 70
30 70
35 70
37 70
41 70
47 70
58 70
2 71
6 71
8 71
9 71
12 71
22 71
25 71
50 71
54 71
55 71
60 71
25 72
28 72
39 72
45 72
49 72
64 72
5 73
7 73
19 73
24 73
30 73
42 73
46 73
55 73
59 73
60 73
63 73
0 74
4 74
23 74
41 74
54 74
66 74
1 75
16 75
50 75
56 75
59 75
61 75
6 76
8 76
11 76
14 76
23 76
24 76
35 76
39 76
47 76
52 76
59 76
64 76
5 77
28 77
31 77
34 77
42 77
48 77
63 77
68 77
72 77
4 78
12 78
13 78
15 78
16 78
17 78
48 78
63 78
73 78
2 79
15 79
18 79
19 79
31 79
40 79
48 79
57 79
59 79
63 79
2 80
13 80
17 80
35 80
36 80
39 80
44 80
54 80
57 80
65 80
68 80
69 80
2 81
4 81
5 81
23 81
54 81
60 81
62 81
64 81
72 81
9 82
22 82
26 82
29 82
31 82
33 82
51 82
68 82
70 82
6 83
32 83
36 83
43 83
51 83
59 83
61 83
68 83
70 83
0 84
13 84
18 84
21 84
27 84
31 84
39 84
44 84
64 84
70 84
0 85
5 85
15 85
28 85
39 85
51 85
54 85
58 85
65 85
74 85
75 85
76 85
78 85
81 85
83 85
5 86
7 86
14 86
19 86
61 86
78 86
80 86
84 86
26 87
29 87
30 87
54 87
56 87
67 87
76 87
80 87
4 88
6 88
19 88
29 88
37 88
39 88
40 88
42 88
48 88
55 88
66 88
18 89
20 89
24 89
25 89
29 89
34 89
39 89
41 89
42 89
48 89
53 89
61 89
65 89
67 89
79 89
1 90
2 90
13 90
30 90
35 90
36 90
39 90
45 90
46 90
51 90
60 90
65 90
81 90
83 90
3 91
8 91
13 91
20 91
32 91
41 91
54 91
57 91
70 91
72 91
76 91
6 92
33 92
37 92
54 92
64 92
66 92
71 92
83 92
9 93
29 93
32 93
45 93
51 93
61 93
63 93
65 93
70 93
76 93
79 93
88 93
18 94
20 94
22 94
48 94
69 94
75 94
77 94
79 94
81 94
87 94
10 95
11 95
16 95
17 95
20 95
24 95
32 95
47 95
51 95
52 95
54 95
59 95
62 95
74 95
84 95
9 96
30 96
35 96
36 96
38 96
39 96
46 96
52 96
60 96
70 96
71 96
77 96
80 96
85 96
7 97
12 97
14 97
28 97
56 97
65 97
66 97
83 97
85 97
86 97
0 98
5 98
10 98
19 98
25 98
32 98
33 98
37 98
44 98
46 98
63 98
78 98
79 98
80 98
81 98
87 98
0 99
11 99
27 99
39 99
43 99
45 99
46 99
58 99
61 99
64 99
67 99
76 99
78 99
