100 774 8
5 12 13 8 14 5 13 10 3 7 6 6 5 6 6 8 11 7 14 12 6 5 5 14 7 6 5 4 6 15 4 13 11 6 10 6 7 14 6 16 8 5 5 6 4 11 9 7 6 5 14 8 6 11 5 4 4 14 16 5 7 8 9 5 4 13 9 5 6 6 13 12 6 6 13 5 6 5 8 6 11 12 10 15 6 5 13 4 6 6 6 7 6 7 10 6 13 7 4 6
0 9
7 9
1 12
8 12
3 15
7 15
6 16
0 17
7 17
3 18
4 18
7 18
0 19
5 20
8 20
0 21
2 21
0 22
1 22
2 22
4 22
10 22
10 23
12 23
17 23
9 24
12 24
16 24
18 24
20 24
8 25
9 25
21 25
0 26
20 26
9 27
10 27
7 28
11 28
13 28
16 28
19 28
2 29
7 29
9 29
0 30
28 30
2 31
6 31
7 31
9 31
10 31
24 31
26 31
27 31
1 32
7 32
11 32
13 32
21 32
23 32
25 32
28 32
5 33
15 33
20 33
22 33
24 33
3 34
19 34
24 34
3 35
8 35
10 35
14 35
20 35
28 35
0 36
6 36
11 36
19 36
20 36
23 36
25 36
3 37
14 37
15 37
19 37
24 37
16 38
30 38
32 38
37 38
6 39
16 39
19 39
27 39
37 39
3 40
4 40
9 40
10 40
11 40
17 40
22 40
13 41
18 41
23 41
24 41
9 42
20 42
23 42
32 42
33 42
2 43
9 43
11 43
12 43
24 43
25 43
30 43
2 44
4 44
6 44
7 44
8 44
10 44
12 44
14 44
30 44
11 45
15 45
21 45
23 45
36 45
0 46
9 46
13 46
15 46
17 46
18 46
20 46
21 46
22 46
30 46
31 46
33 46
34 46
4 47
14 47
23 47
28 47
33 47
37 47
2 48
9 48
10 48
12 48
14 48
23 48
33 48
35 48
0 49
2 49
3 49
4 49
19 49
20 49
26 49
27 49
37 49
44 49
18 50
19 50
27 50
37 50
43 50
48 50
3 51
10 51
12 51
18 51
28 51
30 51
31 51
35 51
36 51
39 51
40 51
42 51
46 51
2 52
3 52
5 52
7 52
10 52
19 52
20 52
27 52
30 52
35 52
36 52
38 52
47 52
9 53
15 53
17 53
22 53
26 53
29 53
33 53
35 53
1 54
6 54
7 54
16 54
25 54
27 54
30 54
46 54
48 54
16 55
19 55
28 55
32 55
44 55
45 55
5 56
17 56
19 56
20 56
23 56
28 56
29 56
31 56
40 56
42 56
44 56
0 57
3 57
4 57
16 57
23 57
30 57
38 57
44 57
45 57
2 58
4 58
7 58
10 58
17 58
21 58
22 58
30 58
40 58
6 59
11 59
21 59
34 59
39 59
41 59
5 60
13 60
17 60
33 60
39 60
42 60
46 60
53 60
3 61
6 61
8 61
10 61
15 61
23 61
27 61
49 61
52 61
2 62
21 62
23 62
35 62
41 62
43 62
49 62
50 62
57 62
0 63
2 63
5 63
9 63
11 63
13 63
42 63
44 63
54 63
14 64
16 64
24 64
27 64
33 64
42 64
45 64
47 64
53 64
7 65
12 65
13 65
15 65
20 65
24 65
41 65
42 65
47 65
48 65
57 65
4 66
7 66
16 66
17 66
18 66
23 66
26 66
34 66
59 66
30 67
31 67
34 67
53 67
55 67
56 67
57 67
59 67
0 68
2 68
5 68
7 68
16 68
20 68
21 68
44 68
49 68
56 68
62 68
64 68
66 68
67 68
12 69
18 69
29 69
43 69
47 69
48 69
59 69
61 69
10 70
12 70
17 70
23 70
28 70
32 70
35 70
36 70
38 70
39 70
42 70
47 70
55 70
59 70
2 71
5 71
17 71
18 71
20 71
23 71
28 71
29 71
30 71
41 71
48 71
52 71
55 71
3 72
9 72
11 72
19 72
26 72
37 72
45 72
47 72
64 72
65 72
18 73
22 73
23 73
59 73
61 73
62 73
64 73
67 73
11 74
12 74
14 74
16 74
22 74
23 74
29 74
31 74
33 74
36 74
38 74
39 74
43 74
44 74
51 74
52 74
55 74
56 74
62 74
65 74
1 75
23 75
24 75
28 75
29 75
30 75
39 75
41 75
45 75
54 75
55 75
56 75
57 75
59 75
65 75
67 75
4 76
7 76
14 76
16 76
27 76
38 76
41 76
43 76
44 76
9 77
11 77
17 77
19 77
22 77
26 77
42 77
44 77
53 77
63 77
64 77
66 77
11 78
18 78
21 78
29 78
31 78
33 78
35 78
45 78
55 78
5 79
15 79
16 79
17 79
22 79
30 79
35 79
48 79
56 79
61 79
62 79
5 80
8 80
9 80
15 80
33 80
35 80
48 80
52 80
57 80
58 80
69 80
73 80
76 80
3 81
6 81
12 81
13 81
23 81
43 81
46 81
48 81
50 81
55 81
71 81
73 81
74 81
0 82
1 82
9 82
15 82
18 82
22 82
42 82
47 82
52 82
58 82
61 82
62 82
75 82
76 82
0 83
1 83
33 83
42 83
54 83
61 83
70 83
71 83
5 84
13 84
17 84
20 84
21 84
26 84
37 84
38 84
44 84
56 84
62 84
77 84
0 85
6 85
7 85
8 85
11 85
16 85
31 85
34 85
40 85
41 85
46 85
51 85
66 85
69 85
72 85
74 85
0 86
1 86
7 86
12 86
16 86
18 86
30 86
32 86
43 86
50 86
62 86
64 86
70 86
75 86
77 86
5 87
6 87
7 87
23 87
30 87
37 87
43 87
48 87
54 87
63 87
70 87
78 87
4 88
20 88
31 88
37 88
40 88
45 88
49 88
50 88
67 88
69 88
79 88
3 89
6 89
17 89
18 89
26 89
28 89
30 89
32 89
46 89
47 89
51 89
56 89
59 89
65 89
0 90
5 90
6 90
7 90
9 90
19 90
22 90
31 90
43 90
44 90
57 90
59 90
60 90
76 90
78 90
8 91
10 91
15 91
16 91
22 91
32 91
34 91
45 91
46 91
50 91
58 91
66 91
74 91
75 91
76 91
77 91
8 92
10 92
16 92
25 92
29 92
34 92
36 92
43 92
48 92
53 92
57 92
58 92
61 92
66 92
71 92
83 92
88 92
89 92
3 93
8 93
15 93
16 93
21 93
29 93
30 93
34 93
36 93
48 93
51 93
56 93
61 93
65 93
72 93
77 93
79 93
80 93
82 93
85 93
88 93
89 93
3 94
9 94
11 94
21 94
25 94
35 94
46 94
50 94
62 94
66 94
80 94
3 95
8 95
19 95
27 95
28 95
32 95
34 95
38 95
45 95
46 95
51 95
52 95
61 95
62 95
69 95
70 95
3 96
4 96
10 96
22 96
25 96
28 96
29 96
30 96
36 96
40 96
46 96
49 96
54 96
60 96
66 96
72 96
78 96
83 96
84 96
85 96
10 97
12 97
19 97
34 97
35 97
37 97
41 97
51 97
57 97
62 97
65 97
72 97
75 97
76 97
77 97
80 97
1 98
8 98
9 98
11 98
16 98
19 98
21 98
34 98
38 98
42 98
52 98
56 98
58 98
72 98
86 98
89 98
6 99
10 99
15 99
20 99
25 99
28 99
34 99
41 99
49 99
51 99
53 99
54 99
62 99
66 99
71 99
72 99
87 99
89 99
