100 1923 16
1 2 28 1 16 30 4 11 1 1 9 2 5 9 1 3 27 1 1 3 13 1 10 5 6 27 6 6 6 2 15 15 29 2 8 12 8 1 3 12 3 9 1 15 25 7 22 2 7 2 1 5 9 13 21 15 4 11 5 3 2 34 2 3 2 2 5 4 3 22 7 8 1 25 8 3 7 3 2 2 4 6 24 4 1 4 9 7 8 3 4 1 11 11 8 5 12 1 2 1
0 8
1 8
2 8
3 8
0 9
1 9
2 9
5 9
6 9
7 9
0 10
1 10
5 10
2 11
3 11
4 11
5 11
6 11
7 11
0 12
4 12
5 12
8 12
9 12
10 12
2 13
3 13
8 13
11 13
1 14
3 14
5 14
8 14
11 14
0 15
1 15
2 15
4 15
5 15
6 15
9 15
0 16
1 16
2 16
4 16
5 16
6 16
7 16
0 17
4 17
10 17
0 18
1 18
2 18
3 18
4 18
5 18
6 18
7 18
10 18
0 19
2 19
3 19
8 19
9 19
10 19
11 19
1 20
2 20
3 20
7 20
9 20
11 20
2 21
3 21
4 21
5 21
10 21
11 21
2 22
3 22
5 22
7 22
8 22
10 22
0 23
3 23
4 23
5 23
9 23
10 23
11 23
13 23
14 23
15 23
19 23
21 23
22 23
0 24
1 24
2 24
6 24
8 24
9 24
13 24
16 24
19 24
20 24
6 25
7 25
8 25
13 25
20 25
4 26
5 26
7 26
9 26
10 26
13 26
14 26
17 26
18 26
21 26
7 27
9 27
10 27
13 27
14 27
15 27
16 27
21 27
1 28
4 28
6 28
8 28
12 28
13 28
18 28
19 28
20 28
22 28
4 29
7 29
8 29
9 29
10 29
11 29
16 29
18 29
21 29
4 30
7 30
8 30
11 30
13 30
19 30
21 30
22 30
0 31
2 31
6 31
11 31
13 31
14 31
16 31
18 31
19 31
20 31
22 31
2 32
3 32
10 32
13 32
16 32
17 32
19 32
21 32
22 32
1 33
3 33
5 33
6 33
7 33
9 33
10 33
16 33
20 33
22 33
23 33
26 33
29 33
30 33
4 34
6 34
7 34
8 34
11 34
14 34
22 34
24 34
26 34
27 34
30 34
31 34
32 34
0 35
1 35
6 35
7 35
9 35
11 35
12 35
15 35
20 35
21 35
22 35
27 35
28 35
29 35
31 35
32 35
2 36
4 36
7 36
8 36
9 36
10 36
15 36
16 36
18 36
19 36
23 36
27 36
28 36
30 36
32 36
0 37
1 37
2 37
4 37
7 37
8 37
10 37
11 37
13 37
14 37
20 37
21 37
22 37
23 37
26 37
27 37
29 37
30 37
31 37
1 38
2 38
7 38
8 38
11 38
12 38
15 38
19 38
20 38
22 38
23 38
27 38
1 39
3 39
4 39
5 39
7 39
11 39
17 39
18 39
20 39
21 39
23 39
25 39
26 39
30 39
31 39
3 40
8 40
12 40
14 40
21 40
26 40
28 40
30 40
31 40
0 41
1 41
6 41
7 41
9 41
11 41
13 41
15 41
17 41
18 41
23 41
24 41
25 41
27 41
29 41
30 41
31 41
32 41
1 42
2 42
3 42
4 42
6 42
10 42
15 42
20 42
21 42
22 42
23 42
24 42
26 42
27 42
0 43
3 43
5 43
7 43
10 43
12 43
19 43
21 43
22 43
27 43
28 43
29 43
3 44
6 44
8 44
14 44
15 44
17 44
18 44
20 44
21 44
26 44
29 44
0 45
3 45
6 45
8 45
9 45
11 45
12 45
15 45
18 45
23 45
24 45
27 45
28 45
0 46
1 46
2 46
3 46
5 46
6 46
7 46
8 46
10 46
14 46
21 46
24 46
37 46
40 46
41 46
42 46
0 47
2 47
3 47
4 47
7 47
8 47
12 47
14 47
20 47
24 47
25 47
27 47
28 47
32 47
33 47
38 47
39 47
40 47
41 47
44 47
0 48
2 48
3 48
4 48
6 48
7 48
8 48
9 48
16 48
20 48
21 48
22 48
23 48
26 48
27 48
31 48
36 48
39 48
40 48
42 48
44 48
45 48
0 49
4 49
6 49
7 49
8 49
10 49
11 49
14 49
16 49
18 49
19 49
20 49
21 49
23 49
27 49
28 49
29 49
31 49
32 49
33 49
35 49
38 49
40 49
41 49
43 49
44 49
45 49
0 50
4 50
6 50
8 50
10 50
13 50
17 50
19 50
21 50
22 50
24 50
29 50
31 50
32 50
33 50
38 50
41 50
42 50
43 50
0 51
2 51
7 51
8 51
9 51
13 51
14 51
17 51
19 51
21 51
22 51
24 51
28 51
29 51
32 51
36 51
40 51
41 51
45 51
2 52
3 52
4 52
8 52
9 52
11 52
12 52
14 52
16 52
17 52
18 52
19 52
22 52
23 52
25 52
31 52
33 52
34 52
36 52
40 52
41 52
43 52
45 52
2 53
3 53
4 53
7 53
8 53
9 53
10 53
13 53
15 53
18 53
25 53
27 53
28 53
29 53
31 53
32 53
34 53
42 53
44 53
0 54
5 54
6 54
11 54
13 54
17 54
20 54
23 54
25 54
28 54
30 54
32 54
33 54
36 54
38 54
41 54
42 54
43 54
45 54
4 55
9 55
11 55
14 55
18 55
24 55
25 55
26 55
27 55
35 55
41 55
42 55
1 56
4 56
10 56
11 56
12 56
15 56
16 56
19 56
20 56
21 56
23 56
24 56
26 56
31 56
33 56
37 56
39 56
41 56
44 56
0 57
1 57
2 57
3 57
5 57
6 57
11 57
21 57
22 57
23 57
27 57
28 57
29 57
32 57
35 57
43 57
45 57
1 58
3 58
7 58
13 58
18 58
19 58
24 58
26 58
27 58
28 58
29 58
30 58
33 58
38 58
39 58
41 58
1 59
5 59
6 59
9 59
10 59
12 59
13 59
14 59
15 59
16 59
18 59
19 59
20 59
22 59
26 59
30 59
33 59
35 59
37 59
40 59
41 59
43 59
47 59
48 59
51 59
0 60
5 60
13 60
16 60
17 60
18 60
19 60
20 60
21 60
23 60
24 60
28 60
35 60
39 60
41 60
44 60
45 60
46 60
47 60
51 60
52 60
56 60
57 60
58 60
1 61
4 61
5 61
6 61
9 61
12 61
15 61
19 61
20 61
21 61
24 61
30 61
31 61
36 61
37 61
39 61
40 61
44 61
45 61
47 61
48 61
49 61
52 61
53 61
54 61
57 61
1 62
4 62
5 62
8 62
11 62
12 62
13 62
15 62
17 62
19 62
22 62
23 62
24 62
27 62
30 62
34 62
36 62
40 62
41 62
42 62
43 62
44 62
46 62
48 62
51 62
53 62
57 62
58 62
3 63
8 63
10 63
16 63
19 63
20 63
22 63
23 63
26 63
28 63
29 63
30 63
31 63
34 63
36 63
39 63
40 63
41 63
42 63
43 63
45 63
46 63
47 63
49 63
52 63
57 63
1 64
4 64
6 64
8 64
9 64
15 64
17 64
18 64
21 64
22 64
25 64
28 64
30 64
31 64
38 64
41 64
44 64
47 64
50 64
51 64
53 64
55 64
56 64
57 64
58 64
1 65
3 65
10 65
11 65
13 65
16 65
18 65
20 65
25 65
26 65
27 65
28 65
30 65
32 65
34 65
35 65
39 65
41 65
42 65
45 65
46 65
48 65
49 65
53 65
54 65
55 65
1 66
3 66
4 66
6 66
12 66
15 66
16 66
17 66
22 66
26 66
29 66
30 66
32 66
34 66
35 66
38 66
42 66
47 66
49 66
51 66
55 66
57 66
4 67
5 67
6 67
7 67
26 67
28 67
31 67
32 67
34 67
35 67
37 67
38 67
40 67
41 67
43 67
46 67
49 67
53 67
1 68
2 68
6 68
7 68
10 68
13 68
14 68
15 68
17 68
18 68
21 68
23 68
26 68
29 68
32 68
33 68
36 68
37 68
40 68
41 68
45 68
48 68
49 68
57 68
58 68
60 68
61 68
63 68
67 68
0 69
10 69
13 69
15 69
18 69
19 69
21 69
22 69
29 69
31 69
32 69
33 69
37 69
38 69
39 69
44 69
45 69
46 69
47 69
48 69
49 69
55 69
60 69
61 69
66 69
0 70
1 70
2 70
4 70
6 70
7 70
8 70
12 70
14 70
15 70
16 70
19 70
20 70
21 70
22 70
24 70
26 70
32 70
33 70
34 70
37 70
39 70
40 70
41 70
42 70
44 70
45 70
46 70
47 70
51 70
58 70
59 70
60 70
62 70
65 70
0 71
1 71
3 71
6 71
7 71
10 71
14 71
15 71
20 71
23 71
33 71
36 71
37 71
38 71
41 71
42 71
44 71
46 71
47 71
48 71
49 71
51 71
57 71
59 71
60 71
62 71
64 71
65 71
66 71
67 71
4 72
7 72
8 72
12 72
13 72
18 72
20 72
25 72
28 72
31 72
34 72
36 72
39 72
43 72
44 72
47 72
49 72
50 72
54 72
56 72
57 72
59 72
61 72
62 72
65 72
66 72
67 72
0 73
1 73
2 73
9 73
11 73
14 73
17 73
18 73
19 73
23 73
24 73
30 73
31 73
38 73
41 73
43 73
44 73
48 73
49 73
50 73
52 73
53 73
54 73
58 73
59 73
63 73
65 73
5 74
7 74
8 74
10 74
11 74
13 74
14 74
15 74
18 74
23 74
25 74
27 74
28 74
32 74
34 74
36 74
37 74
38 74
40 74
41 74
44 74
45 74
48 74
51 74
52 74
53 74
54 74
61 74
64 74
0 75
1 75
3 75
7 75
8 75
10 75
12 75
15 75
18 75
19 75
21 75
23 75
25 75
27 75
31 75
34 75
35 75
39 75
41 75
42 75
43 75
44 75
45 75
46 75
50 75
51 75
52 75
55 75
58 75
59 75
61 75
62 75
63 75
64 75
65 75
67 75
2 76
4 76
7 76
8 76
10 76
13 76
15 76
16 76
18 76
21 76
26 76
28 76
31 76
33 76
34 76
49 76
51 76
53 76
59 76
61 76
62 76
63 76
64 76
65 76
66 76
67 76
2 77
3 77
5 77
9 77
10 77
12 77
14 77
16 77
20 77
21 77
27 77
29 77
31 77
32 77
37 77
39 77
43 77
44 77
46 77
48 77
49 77
50 77
53 77
54 77
56 77
58 77
59 77
64 77
3 78
7 78
10 78
11 78
17 78
20 78
21 78
27 78
28 78
30 78
31 78
32 78
35 78
36 78
37 78
42 78
44 78
45 78
47 78
48 78
49 78
50 78
52 78
55 78
56 78
57 78
63 78
64 78
65 78
67 78
0 79
4 79
8 79
11 79
12 79
13 79
18 79
19 79
21 79
22 79
23 79
24 79
25 79
32 79
33 79
34 79
35 79
36 79
38 79
40 79
42 79
45 79
46 79
49 79
50 79
54 79
55 79
56 79
58 79
59 79
62 79
63 79
64 79
67 79
70 79
71 79
72 79
73 79
75 79
0 80
4 80
7 80
8 80
16 80
25 80
26 80
29 80
30 80
31 80
34 80
38 80
39 80
40 80
41 80
43 80
44 80
45 80
46 80
47 80
49 80
51 80
52 80
53 80
56 80
58 80
59 80
63 80
64 80
66 80
71 80
73 80
75 80
76 80
77 80
0 81
3 81
4 81
12 81
14 81
18 81
19 81
20 81
25 81
29 81
33 81
35 81
36 81
41 81
42 81
43 81
45 81
51 81
53 81
56 81
58 81
59 81
60 81
61 81
62 81
64 81
66 81
67 81
69 81
72 81
73 81
76 81
77 81
78 81
1 82
4 82
5 82
9 82
11 82
12 82
13 82
14 82
16 82
17 82
18 82
19 82
22 82
23 82
27 82
28 82
30 82
40 82
41 82
45 82
47 82
48 82
50 82
52 82
53 82
55 82
56 82
59 82
61 82
66 82
68 82
71 82
76 82
1 83
5 83
7 83
10 83
11 83
12 83
13 83
17 83
21 83
23 83
27 83
28 83
30 83
34 83
36 83
40 83
42 83
44 83
46 83
49 83
51 83
53 83
54 83
55 83
56 83
59 83
61 83
63 83
64 83
68 83
71 83
76 83
77 83
0 84
4 84
6 84
7 84
9 84
10 84
12 84
15 84
17 84
18 84
20 84
23 84
24 84
26 84
28 84
29 84
31 84
33 84
37 84
38 84
39 84
41 84
46 84
47 84
48 84
51 84
53 84
54 84
57 84
61 84
64 84
66 84
68 84
71 84
74 84
75 84
77 84
0 85
4 85
5 85
7 85
9 85
10 85
16 85
17 85
26 85
27 85
29 85
34 85
35 85
37 85
40 85
41 85
42 85
43 85
44 85
47 85
51 85
52 85
53 85
54 85
57 85
58 85
60 85
64 85
70 85
74 85
77 85
2 86
9 86
10 86
11 86
17 86
18 86
21 86
23 86
24 86
25 86
26 86
28 86
33 86
37 86
38 86
39 86
40 86
41 86
42 86
43 86
49 86
50 86
52 86
56 86
57 86
61 86
66 86
71 86
74 86
76 86
0 87
2 87
10 87
11 87
14 87
18 87
19 87
25 87
26 87
30 87
33 87
34 87
35 87
39 87
42 87
44 87
45 87
51 87
52 87
54 87
58 87
61 87
62 87
65 87
67 87
68 87
69 87
72 87
73 87
74 87
77 87
78 87
0 88
1 88
7 88
10 88
11 88
12 88
14 88
18 88
20 88
24 88
26 88
27 88
29 88
30 88
36 88
37 88
38 88
42 88
44 88
47 88
52 88
53 88
54 88
62 88
65 88
66 88
68 88
70 88
71 88
74 88
75 88
76 88
77 88
78 88
1 89
5 89
6 89
8 89
10 89
11 89
13 89
14 89
15 89
17 89
18 89
23 89
25 89
26 89
31 89
33 89
34 89
38 89
42 89
46 89
51 89
57 89
58 89
61 89
62 89
67 89
68 89
70 89
71 89
72 89
73 89
75 89
77 89
78 89
0 90
1 90
2 90
4 90
5 90
6 90
13 90
16 90
17 90
20 90
22 90
23 90
24 90
25 90
28 90
29 90
31 90
32 90
37 90
47 90
49 90
51 90
52 90
54 90
56 90
59 90
64 90
66 90
68 90
70 90
73 90
74 90
75 90
76 90
78 90
7 91
10 91
14 91
16 91
17 91
18 91
19 91
22 91
23 91
24 91
25 91
26 91
27 91
28 91
34 91
35 91
36 91
38 91
39 91
40 91
41 91
45 91
48 91
50 91
51 91
56 91
62 91
64 91
69 91
70 91
71 91
72 91
76 91
77 91
78 91
80 91
81 91
84 91
86 91
88 91
90 91
0 92
3 92
6 92
8 92
11 92
12 92
13 92
22 92
25 92
26 92
27 92
28 92
29 92
30 92
34 92
38 92
41 92
42 92
43 92
45 92
47 92
48 92
50 92
52 92
53 92
59 92
60 92
65 92
67 92
68 92
69 92
70 92
71 92
74 92
76 92
77 92
79 92
80 92
81 92
82 92
85 92
86 92
89 92
1 93
2 93
3 93
4 93
8 93
9 93
10 93
12 93
13 93
14 93
15 93
16 93
19 93
22 93
24 93
26 93
27 93
28 93
29 93
31 93
39 93
41 93
42 93
43 93
51 93
53 93
56 93
57 93
62 93
63 93
67 93
69 93
70 93
74 93
77 93
79 93
80 93
81 93
82 93
85 93
86 93
90 93
1 94
4 94
7 94
10 94
11 94
12 94
15 94
17 94
19 94
22 94
25 94
32 94
35 94
40 94
41 94
45 94
47 94
48 94
50 94
52 94
54 94
55 94
57 94
58 94
59 94
60 94
61 94
62 94
63 94
67 94
68 94
69 94
71 94
72 94
74 94
76 94
78 94
79 94
82 94
84 94
86 94
87 94
88 94
90 94
1 95
3 95
5 95
6 95
7 95
12 95
14 95
16 95
17 95
19 95
20 95
21 95
25 95
29 95
31 95
32 95
33 95
35 95
36 95
37 95
42 95
46 95
48 95
49 95
50 95
54 95
56 95
57 95
58 95
60 95
61 95
62 95
65 95
70 95
72 95
73 95
74 95
75 95
76 95
80 95
85 95
86 95
1 96
2 96
3 96
6 96
7 96
12 96
14 96
15 96
16 96
19 96
20 96
23 96
24 96
25 96
28 96
33 96
35 96
38 96
40 96
43 96
44 96
45 96
46 96
47 96
48 96
52 96
59 96
60 96
62 96
63 96
65 96
66 96
67 96
68 96
70 96
71 96
73 96
74 96
75 96
76 96
78 96
81 96
83 96
86 96
89 96
90 96
0 97
11 97
12 97
21 97
23 97
26 97
27 97
30 97
31 97
32 97
33 97
34 97
35 97
36 97
38 97
39 97
42 97
45 97
46 97
47 97
48 97
51 97
53 97
54 97
55 97
56 97
58 97
59 97
63 97
65 97
66 97
74 97
76 97
77 97
78 97
81 97
0 98
1 98
2 98
4 98
13 98
17 98
18 98
21 98
22 98
25 98
27 98
28 98
29 98
37 98
38 98
39 98
40 98
41 98
44 98
48 98
50 98
53 98
55 98
56 98
58 98
59 98
60 98
61 98
62 98
63 98
65 98
68 98
70 98
71 98
74 98
76 98
78 98
81 98
84 98
85 98
0 99
2 99
6 99
14 99
15 99
16 99
17 99
20 99
22 99
24 99
26 99
27 99
29 99
32 99
34 99
36 99
37 99
38 99
42 99
43 99
45 99
50 99
57 99
59 99
60 99
65 99
66 99
67 99
68 99
71 99
73 99
78 99
89 99
