100 659 8
7 1 6 3 9 9 4 10 8 9 1 5 6 7 7 10 10 6 5 3 4 4 5 1 1 1 5 3 2 9 1 4 9 3 2 1 2 1 9 1 9 3 6 9 7 3 1 7 7 9 7 1 3 9 7 4 10 10 3 5 7 6 9 7 4 8 3 1 9 4 4 7 9 8 4 8 6 2 4 1 3 8 3 1 7 10 3 7 3 4 3 1 1 2 1 7 3 1 7 5
1 8
4 8
3 10
4 10
5 11
2 12
1 13
7 13
1 15
5 15
7 16
10 16
0 17
2 17
7 17
12 17
13 17
0 18
14 18
14 19
2 20
1 21
6 21
13 21
2 22
3 23
4 23
5 23
6 23
7 23
1 24
7 24
8 24
11 24
13 24
1 25
12 26
15 26
3 27
5 27
0 28
11 28
12 28
15 28
19 28
22 28
26 28
5 29
6 29
16 29
21 29
8 30
12 30
25 30
5 31
8 31
9 31
21 31
10 32
13 32
24 32
26 32
1 33
6 33
12 33
13 33
15 33
16 33
17 33
3 34
4 34
7 34
8 34
20 34
6 35
7 35
10 35
11 35
13 35
14 35
23 35
27 35
29 35
32 35
19 36
0 37
7 37
19 37
25 37
3 38
14 38
15 38
22 38
25 38
31 38
3 39
9 39
11 39
4 40
8 40
9 40
20 40
31 40
3 41
21 41
24 41
14 42
21 42
22 42
28 42
30 42
1 43
7 43
12 43
27 43
11 44
17 44
33 44
2 45
5 45
8 45
12 45
19 45
21 45
22 45
24 45
31 45
0 46
6 46
13 46
20 46
22 46
23 46
24 46
31 46
33 46
6 47
19 47
23 47
26 47
27 47
2 48
4 48
8 48
12 48
22 48
0 49
7 49
13 49
15 49
19 49
27 49
21 50
27 50
29 50
32 50
37 50
39 50
16 51
21 51
22 51
28 51
29 51
31 51
32 51
34 51
42 51
29 52
40 52
5 53
10 53
11 53
12 53
19 53
25 53
37 53
0 54
1 54
15 54
18 54
19 54
33 54
37 54
4 55
14 55
18 55
19 55
23 55
30 55
38 55
39 55
46 55
8 56
20 56
25 56
39 56
21 57
23 57
29 57
40 57
42 57
2 58
16 58
36 58
44 58
2 59
11 59
15 59
27 59
29 59
30 59
40 59
42 59
45 59
46 59
47 59
50 59
1 60
7 60
10 60
13 60
20 60
24 60
26 60
29 60
31 60
36 60
55 60
58 60
4 61
7 61
13 61
19 61
21 61
29 61
35 61
39 61
41 61
43 61
48 61
53 61
1 62
3 62
13 62
16 62
22 62
29 62
31 62
34 62
36 62
37 62
41 62
53 62
55 62
56 62
11 63
25 63
27 63
33 63
43 63
44 63
56 63
58 63
0 64
9 64
16 64
21 64
36 64
42 64
49 64
57 64
4 65
5 65
11 65
15 65
44 65
46 65
10 66
14 66
31 66
37 66
42 66
43 66
44 66
45 66
46 66
48 66
52 66
57 66
4 67
5 67
12 67
20 67
21 67
22 67
27 67
32 67
39 67
52 67
53 67
0 68
2 68
3 68
7 68
22 68
24 68
26 68
32 68
45 68
48 68
55 68
58 68
3 69
5 69
9 69
14 69
15 69
25 69
29 69
35 69
38 69
46 69
53 69
1 70
5 70
9 70
12 70
13 70
30 70
49 70
52 70
56 70
3 71
14 71
21 71
22 71
24 71
33 71
43 71
49 71
7 72
16 72
17 72
41 72
9 73
13 73
23 73
35 73
37 73
47 73
68 73
6 74
26 74
35 74
36 74
37 74
39 74
40 74
42 74
52 74
57 74
67 74
10 75
12 75
15 75
16 75
17 75
27 75
28 75
29 75
31 75
33 75
49 75
59 75
60 75
61 75
67 75
71 75
1 76
4 76
6 76
24 76
42 76
72 76
14 77
21 77
22 77
34 77
38 77
46 77
49 77
56 77
62 77
67 77
5 78
6 78
16 78
20 78
23 78
25 78
33 78
42 78
48 78
56 78
65 78
66 78
1 79
2 79
4 79
12 79
14 79
17 79
26 79
29 79
30 79
37 79
71 79
5 80
7 80
8 80
19 80
22 80
29 80
45 80
46 80
50 80
64 80
72 80
4 81
10 81
18 81
23 81
28 81
34 81
53 81
64 81
66 81
4 82
10 82
17 82
21 82
23 82
30 82
34 82
45 82
52 82
55 82
56 82
58 82
62 82
66 82
69 82
7 83
16 83
20 83
29 83
40 83
46 83
55 83
59 83
61 83
65 83
66 83
6 84
29 84
40 84
46 84
57 84
68 84
0 85
32 85
39 85
41 85
46 85
59 85
60 85
62 85
6 86
9 86
15 86
29 86
32 86
33 86
41 86
51 86
52 86
63 86
66 86
70 86
82 86
2 87
4 87
12 87
15 87
20 87
44 87
47 87
55 87
62 87
12 88
14 88
24 88
30 88
42 88
45 88
52 88
57 88
72 88
74 88
77 88
81 88
84 88
7 89
8 89
14 89
38 89
48 89
55 89
57 89
74 89
77 89
84 89
4 90
14 90
24 90
25 90
47 90
60 90
61 90
62 90
63 90
83 90
0 91
3 91
4 91
9 91
34 91
47 91
49 91
53 91
60 91
69 91
72 91
74 91
75 91
78 91
81 91
8 92
11 92
16 92
17 92
20 92
24 92
26 92
50 92
78 92
80 92
82 92
3 93
4 93
8 93
14 93
37 93
38 93
45 93
48 93
53 93
70 93
81 93
82 93
83 93
2 94
10 94
12 94
20 94
23 94
31 94
33 94
40 94
41 94
42 94
63 94
64 94
66 94
72 94
74 94
80 94
82 94
6 95
7 95
9 95
10 95
33 95
49 95
54 95
60 95
73 95
78 95
83 95
4 96
11 96
17 96
18 96
19 96
22 96
23 96
39 96
46 96
51 96
55 96
56 96
61 96
63 96
69 96
74 96
1 97
12 97
15 97
18 97
22 97
26 97
37 97
44 97
45 97
53 97
72 97
77 97
78 97
80 97
7 98
12 98
21 98
24 98
25 98
32 98
41 98
43 98
54 98
58 98
59 98
69 98
70 98
72 98
74 98
83 98
86 98
88 98
2 99
7 99
13 99
19 99
25 99
30 99
32 99
37 99
54 99
56 99
58 99
63 99
