100 272 8
9 10 10 8 7 9 4 7 1 6 8 6 2 9 5 3 3 6 7 1 7 8 9 7 2 4 8 3 9 8 9 5 4 7 6 3 5 4 7 9 4 1 10 3 6 4 4 3 3 6 5 4 5 6 10 7 6 3 4 3 8 8 9 4 3 8 7 6 5 2 5 6 3 4 5 9 6 4 6 7 5 1 3 3 5 7 4 6 7 6 3 2 7 6 7 1 9 5 8 1
2 9
1 11
3 11
4 12
9 12
0 17
7 19
9 20
7 23
22 25
5 26
5 27
14 27
22 28
4 29
20 29
23 30
9 31
11 31
13 31
14 32
19 32
2 33
6 33
4 34
7 34
4 35
22 35
17 36
27 36
18 37
25 37
4 39
19 39
27 39
6 40
15 40
24 40
4 41
20 41
3 42
22 42
29 43
18 44
30 45
36 45
10 46
21 46
26 46
8 47
27 47
38 47
17 48
28 48
14 49
19 49
7 50
10 50
32 50
5 51
11 51
42 51
4 52
7 52
16 52
19 52
20 52
5 53
22 53
30 53
46 53
52 53
14 54
29 54
42 54
10 55
21 55
31 55
34 55
37 55
14 57
22 57
41 57
49 57
8 58
12 58
15 58
28 58
27 59
0 60
6 60
14 60
29 60
6 61
13 61
15 61
30 61
31 61
19 62
35 62
4 63
16 63
17 63
26 63
30 63
37 63
48 63
25 64
30 64
31 64
34 65
43 65
49 66
2 67
9 67
19 67
24 67
28 67
45 67
56 67
30 68
40 68
42 68
51 68
54 68
55 68
56 68
10 69
42 69
61 69
6 70
58 70
31 71
46 71
55 71
57 71
58 71
22 72
41 72
0 73
31 73
36 73
53 73
13 74
41 74
60 74
43 75
57 75
58 75
7 76
25 76
41 76
51 76
52 76
6 77
11 77
30 77
13 78
24 78
8 79
74 79
7 80
29 80
77 80
0 81
40 81
43 81
7 82
33 82
39 82
46 82
60 82
76 82
0 83
10 83
20 83
34 83
65 83
73 83
75 83
78 83
36 84
38 84
55 84
71 84
75 84
13 85
30 85
44 85
52 85
67 85
73 85
0 86
7 86
16 86
28 86
37 86
45 86
66 86
69 86
78 86
7 87
17 87
30 87
39 87
0 88
1 88
5 88
7 88
8 88
10 88
21 88
61 88
22 89
24 89
34 89
58 89
62 89
39 90
46 90
55 90
56 90
64 90
70 90
0 91
61 91
63 91
1 92
7 92
53 92
63 92
69 92
23 93
53 93
85 93
5 94
53 94
66 94
67 94
13 95
27 95
56 95
63 95
72 95
73 95
79 95
80 95
84 95
85 95
86 95
16 96
19 96
32 96
64 96
91 96
8 97
42 97
47 97
9 98
19 98
24 98
28 98
45 98
49 98
65 98
68 98
80 98
30 99
68 99
74 99
75 99
79 99
