100 804 8
5 13 12 16 8 19 4 2 12 20 3 14 8 8 2 16 20 9 5 14 6 12 17 15 7 1 8 7 3 14 10 13 4 8 8 15 20 2 6 14 11 10 15 2 5 9 2 10 10 20 4 2 16 1 9 4 13 18 11 16 18 4 19 15 18 15 8 13 14 16 12 6 1 15 13 18 11 14 2 18 18 15 3 15 1 3 12 8 10 1 5 6 1 4 19 16 3 2 18 6
1 12
10 12
0 13
5 13
10 13
2 14
3 14
4 14
11 14
11 15
2 16
1 17
7 17
9 17
11 17
3 18
7 18
10 19
11 19
2 20
3 20
1 21
9 21
11 21
1 22
5 23
7 23
8 23
11 23
12 23
22 23
1 24
10 24
14 24
16 24
17 24
21 24
17 25
5 26
15 26
16 26
21 26
22 26
6 27
18 27
20 27
6 28
13 28
0 29
1 29
17 29
21 29
8 30
11 31
23 32
28 32
30 32
1 33
10 33
15 33
25 33
2 34
6 34
9 34
14 34
20 34
22 34
23 34
24 34
27 34
31 34
0 35
11 35
13 35
18 35
19 35
13 36
14 36
22 36
3 37
9 37
20 37
24 37
25 37
29 37
31 37
0 38
6 38
9 38
11 38
13 38
19 38
20 38
26 38
29 38
2 39
7 39
8 39
10 39
11 39
15 39
30 39
31 39
8 40
9 40
11 40
14 40
25 40
1 41
3 41
10 41
14 41
22 41
25 41
26 41
28 41
3 42
4 42
10 42
11 42
13 42
20 42
24 42
26 42
2 43
5 43
23 43
26 43
30 43
31 43
8 44
17 44
26 44
33 44
43 44
4 45
9 45
15 45
17 45
18 45
24 45
31 45
34 45
36 45
3 46
6 46
14 46
16 46
22 46
24 46
31 46
41 46
14 47
15 47
20 47
30 47
32 47
35 47
43 47
7 48
11 48
13 48
20 48
26 48
30 48
42 48
3 49
5 49
6 49
9 49
12 49
23 49
27 49
29 49
31 49
41 49
4 50
18 50
19 50
24 50
26 50
29 50
31 50
33 50
35 50
43 50
4 51
5 51
7 51
9 51
12 51
21 51
34 51
37 51
43 51
3 52
4 52
14 52
21 52
37 52
40 52
2 53
4 53
5 53
10 53
16 53
19 53
20 53
21 53
25 53
31 53
21 54
24 54
36 54
38 54
42 54
0 55
11 55
14 55
15 55
17 55
23 55
44 55
54 55
0 56
1 56
2 56
3 56
5 56
8 56
11 56
24 56
28 56
34 56
49 56
54 56
8 57
35 57
41 57
46 57
49 57
50 57
9 58
16 58
17 58
19 58
21 58
24 58
27 58
35 58
39 58
40 58
45 58
48 58
53 58
15 59
29 59
31 59
35 59
40 59
54 59
0 60
14 60
18 60
27 60
30 60
31 60
41 60
48 60
11 61
13 61
40 61
43 61
6 62
8 62
10 62
21 62
22 62
27 62
29 62
37 62
47 62
49 62
3 63
9 63
13 63
27 63
35 63
38 63
44 63
52 63
53 63
54 63
3 64
19 64
21 64
38 64
44 64
46 64
54 64
13 65
35 65
38 65
40 65
43 65
45 65
53 65
59 65
62 65
63 65
0 66
3 66
5 66
11 66
19 66
21 66
23 66
24 66
28 66
33 66
42 66
43 66
47 66
50 66
59 66
2 67
4 67
5 67
8 67
10 67
15 67
20 67
29 67
44 67
48 67
51 67
52 67
53 67
58 67
60 67
7 68
18 68
19 68
23 68
27 68
34 68
35 68
46 68
48 68
58 68
62 68
2 69
6 69
7 69
8 69
11 69
13 69
18 69
30 69
34 69
36 69
41 69
48 69
57 69
1 70
2 70
7 70
9 70
10 70
18 70
30 70
54 70
55 70
59 70
61 70
62 70
6 71
15 71
17 71
21 71
35 71
38 71
39 71
43 71
50 71
51 71
55 71
56 71
59 71
1 72
17 72
21 72
23 72
25 72
28 72
29 72
30 72
40 72
42 72
47 72
52 72
60 72
63 72
0 73
1 73
3 73
13 73
22 73
37 73
46 73
59 73
61 73
2 74
6 74
12 74
19 74
22 74
25 74
29 74
32 74
38 74
46 74
51 74
58 74
63 74
5 75
7 75
10 75
11 75
23 75
31 75
32 75
37 75
44 75
48 75
49 75
57 75
61 75
66 75
69 75
3 76
4 76
14 76
15 76
18 76
23 76
27 76
32 76
37 76
38 76
40 76
65 76
66 76
68 76
71 76
0 77
4 77
8 77
11 77
21 77
28 77
35 77
46 77
64 77
66 77
0 78
3 78
14 78
16 78
19 78
20 78
22 78
26 78
27 78
32 78
33 78
34 78
36 78
39 78
40 78
44 78
55 78
63 78
70 78
3 79
10 79
13 79
15 79
23 79
24 79
54 79
61 79
69 79
70 79
72 79
74 79
0 80
3 80
19 80
23 80
24 80
28 80
30 80
32 80
33 80
42 80
53 80
64 80
67 80
68 80
70 80
0 81
2 81
3 81
6 81
14 81
19 81
20 81
21 81
22 81
24 81
34 81
38 81
50 81
55 81
58 81
68 81
73 81
1 82
5 82
20 82
24 82
25 82
27 82
34 82
35 82
40 82
47 82
52 82
56 82
57 82
64 82
67 82
0 83
10 83
19 83
29 83
30 83
32 83
39 83
45 83
56 83
62 83
72 83
1 84
2 84
10 84
19 84
24 84
36 84
37 84
42 84
45 84
51 84
58 84
62 84
1 85
10 85
12 85
16 85
20 85
41 85
42 85
45 85
47 85
52 85
67 85
68 85
71 85
72 85
74 85
0 86
1 86
2 86
8 86
13 86
18 86
33 86
36 86
39 86
49 86
66 86
74 86
20 87
21 87
29 87
31 87
40 87
46 87
49 87
51 87
53 87
56 87
58 87
61 87
65 87
68 87
75 87
77 87
81 87
82 87
84 87
2 88
4 88
5 88
12 88
20 88
38 88
40 88
41 88
46 88
51 88
55 88
59 88
67 88
81 88
83 88
85 88
3 89
4 89
5 89
6 89
14 89
24 89
27 89
32 89
35 89
36 89
41 89
42 89
43 89
46 89
52 89
55 89
63 89
70 89
72 89
81 89
17 90
27 90
37 90
44 90
54 90
55 90
58 90
68 90
69 90
70 90
72 90
79 90
85 90
1 91
2 91
3 91
14 91
19 91
22 91
26 91
37 91
41 91
42 91
45 91
48 91
56 91
58 91
68 91
69 91
72 91
73 91
78 91
85 91
86 91
0 92
5 92
8 92
30 92
33 92
47 92
48 92
61 92
64 92
70 92
74 92
5 93
19 93
20 93
31 93
32 93
33 93
34 93
35 93
36 93
41 93
45 93
52 93
59 93
61 93
63 93
64 93
66 93
69 93
71 93
74 93
78 93
85 93
86 93
13 94
15 94
19 94
23 94
25 94
28 94
35 94
41 94
50 94
54 94
55 94
59 94
63 94
73 94
77 94
80 94
82 94
88 94
7 95
8 95
12 95
17 95
19 95
21 95
28 95
30 95
35 95
43 95
47 95
58 95
80 95
85 95
89 95
90 95
0 96
4 96
9 96
24 96
37 96
41 96
69 96
73 96
77 96
78 96
85 96
86 96
6 97
21 97
33 97
36 97
43 97
46 97
55 97
64 97
83 97
85 97
88 97
90 97
13 98
15 98
16 98
18 98
20 98
29 98
33 98
39 98
47 98
55 98
59 98
61 98
62 98
67 98
73 98
84 98
4 99
6 99
10 99
14 99
18 99
26 99
34 99
37 99
42 99
51 99
58 99
75 99
80 99
84 99
