100 495 16
2 9 2 5 1 6 3 9 3 9 4 5 8 4 4 4 3 10 9 9 1 10 5 9 8 7 2 9 9 6 8 1 5 3 10 4 6 5 4 5 6 7 8 4 7 6 6 1 9 9 6 5 9 3 5 7 10 1 3 5 7 7 3 8 7 10 2 2 8 8 3 1 9 1 1 4 5 7 1 2 5 3 1 1 6 7 7 1 3 4 5 9 3 9 1 5 2 7 8 7
0 1
5 6
7 8
8 9
4 11
5 11
2 12
10 12
14 15
4 16
5 16
12 16
0 17
5 17
7 17
11 17
15 17
11 18
13 18
2 19
16 20
6 21
0 22
12 22
15 22
0 24
17 24
19 24
3 25
7 25
8 25
20 25
0 26
11 26
25 26
4 27
14 27
2 28
10 28
13 28
17 28
18 28
19 28
22 28
27 28
3 29
5 29
19 29
15 30
21 30
23 30
13 31
5 32
14 32
20 32
26 32
4 33
6 33
10 33
12 33
20 33
24 33
27 34
29 34
7 35
10 35
28 35
13 36
25 36
31 36
9 37
11 37
12 37
13 37
34 37
0 38
17 38
18 38
3 39
6 39
15 39
23 39
2 40
12 40
26 40
36 40
3 41
10 41
20 41
23 41
27 41
32 41
34 41
5 42
6 42
14 42
23 42
26 42
31 42
3 43
13 43
19 43
21 43
29 43
10 44
13 44
14 44
18 44
22 44
24 44
4 45
9 45
25 45
19 46
22 46
25 46
42 46
2 47
6 47
19 47
25 47
0 48
6 48
18 48
33 48
37 48
15 49
16 49
28 49
30 49
31 49
32 49
44 49
4 50
16 50
22 50
34 50
36 50
38 50
48 50
1 51
22 51
33 51
42 51
43 51
48 51
28 52
31 52
45 52
23 53
42 53
48 53
0 54
6 54
20 54
40 54
42 54
3 55
29 55
37 55
50 55
2 56
12 56
14 56
16 56
19 56
29 56
3 57
7 57
13 57
36 57
24 58
25 58
38 58
53 58
1 59
2 59
3 59
4 59
13 59
18 59
30 59
39 59
42 59
0 60
3 60
30 60
36 60
37 60
58 60
5 61
40 61
44 61
50 61
54 61
2 62
25 62
28 62
34 62
41 62
52 62
53 62
2 63
6 63
14 63
15 63
54 63
58 63
60 63
13 64
14 64
22 64
29 64
33 64
60 64
61 64
6 65
7 65
13 65
14 65
33 65
36 65
44 65
50 65
53 65
13 66
41 66
44 66
52 66
63 66
4 67
21 67
11 68
12 68
13 68
21 68
35 68
36 68
4 69
15 69
27 69
41 69
61 69
64 69
0 70
39 70
46 70
57 70
58 70
3 71
8 71
15 71
36 71
55 71
57 71
11 72
21 72
22 72
24 72
33 72
52 72
57 72
59 72
65 72
70 72
1 73
8 73
19 73
26 73
55 73
59 73
60 73
62 73
0 74
26 74
46 74
47 74
51 74
66 74
3 75
17 75
42 75
44 75
45 75
51 75
3 76
5 76
42 76
68 76
70 76
72 76
7 77
13 77
36 77
38 77
64 77
67 77
4 78
6 78
8 78
9 78
11 78
22 78
24 78
27 78
33 78
41 78
55 78
64 78
67 78
0 79
2 79
4 79
12 79
15 79
19 79
49 79
52 79
55 79
71 79
16 80
18 80
28 80
30 80
38 80
40 80
41 80
43 80
55 80
61 80
69 80
13 81
21 81
22 81
28 81
34 81
56 81
59 81
73 81
78 81
12 82
14 82
49 82
59 82
66 82
71 82
72 82
76 82
79 82
16 83
19 83
27 83
36 83
51 83
55 83
60 83
64 83
72 83
76 83
77 83
80 83
12 84
35 84
48 84
50 84
54 84
65 84
66 84
71 84
72 84
2 85
55 85
65 85
4 86
9 86
15 86
24 86
35 86
38 86
57 86
64 86
24 87
25 87
27 87
33 87
41 87
53 87
80 87
2 88
6 88
12 88
16 88
22 88
23 88
42 88
48 88
49 88
52 88
57 88
58 88
67 88
78 88
81 88
85 88
5 89
7 89
9 89
20 89
25 89
27 89
37 89
52 89
83 89
1 90
19 90
21 90
24 90
30 90
32 90
34 90
48 90
50 90
51 90
57 90
3 91
27 91
51 91
56 91
74 91
14 92
23 92
33 92
39 92
60 92
66 92
1 93
8 93
13 93
14 93
22 93
30 93
31 93
32 93
44 93
46 93
49 93
51 93
30 94
44 94
65 94
76 94
1 95
5 95
11 95
16 95
28 95
34 95
57 95
58 95
68 95
73 95
89 95
1 96
8 96
17 96
22 96
24 96
28 96
35 96
43 96
52 96
64 96
66 96
74 96
86 96
91 96
15 97
18 97
29 97
84 97
85 97
88 97
21 98
43 98
73 98
78 98
8 99
14 99
18 99
23 99
56 99
77 99
83 99
90 99
96 99
