100 988 8
6 15 7 16 19 2 14 4 8 4 14 1 12 19 6 20 10 8 10 5 5 13 14 3 7 6 7 18 13 1 4 13 13 9 4 20 5 12 16 19 17 1 18 11 1 2 5 7 3 5 1 14 10 13 12 16 4 15 16 17 5 17 7 13 2 9 18 9 11 14 17 1 11 18 13 18 9 6 4 10 11 8 2 14 20 1 4 10 19 10 19 19 13 20 17 3 11 7 6 19
0 1
0 3
2 4
3 6
0 7
1 8
2 8
5 8
6 9
8 9
2 10
1 11
3 11
5 11
7 11
1 12
2 13
4 13
12 13
1 14
2 14
4 14
9 14
10 14
10 15
9 16
0 18
3 18
8 18
11 18
12 18
5 19
9 19
12 19
14 19
16 19
18 19
6 20
8 20
10 20
12 20
14 20
16 21
19 21
20 21
1 22
10 22
12 22
0 23
21 23
3 24
4 24
9 24
10 24
16 24
17 24
2 25
8 25
14 25
16 25
19 25
21 25
2 26
4 26
11 26
14 26
21 26
23 26
25 26
3 27
7 27
14 27
19 27
23 27
17 28
22 28
27 28
2 29
15 29
21 29
28 29
5 30
9 30
10 30
14 30
16 30
24 30
25 30
2 31
3 31
5 31
6 31
8 31
9 31
11 31
15 31
22 31
23 31
27 31
30 31
11 32
13 32
14 32
15 32
17 32
23 32
25 32
2 33
8 33
14 33
28 33
32 33
3 34
4 34
6 34
7 34
14 34
15 34
18 34
21 34
23 34
24 34
26 34
0 35
4 35
12 35
13 35
27 35
3 36
6 36
8 36
11 36
12 36
22 36
23 36
27 36
2 37
7 37
15 37
16 37
19 37
0 38
7 38
10 38
16 38
23 38
31 38
36 38
37 38
2 39
4 39
7 39
15 39
24 39
26 39
30 39
1 40
8 40
9 40
31 40
33 40
34 40
15 41
24 41
25 41
40 41
5 42
15 42
16 42
17 42
27 42
28 42
30 42
33 42
41 42
11 43
13 43
15 43
27 43
32 43
40 43
42 43
12 44
15 44
16 44
28 44
29 44
33 44
35 44
42 44
1 45
4 45
31 45
33 45
35 45
37 45
41 45
0 46
9 46
10 46
17 46
23 46
27 46
30 46
31 46
35 46
36 46
42 46
24 47
31 47
32 47
43 47
9 48
14 48
19 48
20 48
26 48
34 48
40 48
47 48
3 49
4 49
10 49
11 49
13 49
14 49
17 49
23 49
30 49
32 49
40 49
43 49
44 49
0 50
20 50
22 50
23 50
26 50
30 50
31 50
32 50
38 50
46 50
48 50
4 51
13 51
14 51
21 51
26 51
33 51
34 51
42 51
43 51
47 51
1 52
9 52
14 52
22 52
33 52
34 52
36 52
40 52
2 53
3 53
7 53
8 53
26 53
28 53
31 53
35 53
42 53
46 53
49 53
1 54
8 54
11 54
12 54
19 54
28 54
31 54
34 54
37 54
49 54
2 55
6 55
8 55
9 55
13 55
16 55
17 55
24 55
25 55
32 55
35 55
38 55
42 55
44 55
47 55
50 55
51 55
53 55
2 56
5 56
6 56
7 56
8 56
18 56
21 56
25 56
35 56
38 56
40 56
41 56
42 56
45 56
46 56
47 56
48 56
51 56
52 56
55 56
7 57
10 57
11 57
13 57
22 57
25 57
29 57
37 57
46 57
47 57
48 57
50 57
1 58
2 58
4 58
7 58
9 58
16 58
17 58
22 58
24 58
28 58
31 58
36 58
44 58
47 58
48 58
53 58
54 58
0 59
1 59
2 59
5 59
6 59
14 59
16 59
24 59
26 59
35 59
46 59
47 59
55 59
58 59
2 60
6 60
9 60
11 60
18 60
19 60
20 60
21 60
23 60
37 60
45 60
46 60
55 60
3 61
6 61
8 61
11 61
16 61
17 61
19 61
27 61
31 61
43 61
44 61
45 61
47 61
53 61
58 61
60 61
6 62
10 62
12 62
13 62
15 62
17 62
18 62
25 62
26 62
29 62
35 62
38 62
39 62
45 62
50 62
60 62
7 63
15 63
18 63
26 63
31 63
46 63
59 63
62 63
0 64
13 64
17 64
18 64
24 64
27 64
33 64
35 64
45 64
46 64
48 64
49 64
54 64
61 64
62 64
0 65
3 65
5 65
8 65
10 65
12 65
13 65
18 65
25 65
26 65
31 65
33 65
36 65
37 65
46 65
63 65
0 66
8 66
12 66
13 66
15 66
23 66
25 66
28 66
45 66
55 66
11 67
26 67
33 67
40 67
47 67
50 67
53 67
56 67
62 67
0 68
1 68
11 68
20 68
28 68
29 68
37 68
38 68
42 68
52 68
55 68
59 68
60 68
61 68
67 68
2 69
7 69
24 69
26 69
28 69
30 69
35 69
36 69
37 69
38 69
52 69
54 69
55 69
58 69
59 69
65 69
67 69
68 69
5 70
8 70
15 70
28 70
32 70
33 70
34 70
38 70
39 70
41 70
42 70
45 70
58 70
60 70
69 70
6 71
7 71
8 71
14 71
18 71
20 71
33 71
39 71
41 71
47 71
53 71
56 71
60 71
62 71
63 71
1 72
17 72
19 72
22 72
28 72
41 72
44 72
50 72
51 72
57 72
0 73
1 73
22 73
24 73
28 73
34 73
43 73
44 73
45 73
46 73
53 73
60 73
65 73
3 74
8 74
9 74
11 74
13 74
14 74
17 74
21 74
24 74
28 74
29 74
30 74
31 74
33 74
34 74
39 74
45 74
47 74
52 74
60 74
63 74
66 74
67 74
69 74
3 75
8 75
13 75
14 75
18 75
20 75
21 75
31 75
34 75
39 75
42 75
43 75
56 75
69 75
2 76
23 76
26 76
30 76
33 76
34 76
50 76
73 76
10 77
14 77
15 77
16 77
18 77
21 77
23 77
26 77
30 77
31 77
35 77
41 77
42 77
45 77
46 77
59 77
60 77
67 77
68 77
71 77
74 77
25 78
29 78
32 78
35 78
40 78
43 78
47 78
50 78
55 78
58 78
60 78
61 78
66 78
71 78
73 78
74 78
75 78
1 79
13 79
24 79
25 79
27 79
31 79
32 79
35 79
38 79
42 79
44 79
49 79
50 79
54 79
56 79
66 79
67 79
77 79
0 80
2 80
11 80
12 80
13 80
29 80
31 80
34 80
39 80
49 80
51 80
55 80
56 80
59 80
66 80
67 80
73 80
13 81
29 81
38 81
51 81
53 81
61 81
63 81
64 81
73 81
77 81
79 81
4 82
10 82
13 82
28 82
31 82
39 82
49 82
52 82
59 82
60 82
61 82
66 82
72 82
73 82
75 82
78 82
80 82
2 83
4 83
9 83
20 83
21 83
30 83
32 83
33 83
35 83
41 83
44 83
48 83
54 83
59 83
66 83
67 83
68 83
71 83
7 84
8 84
17 84
21 84
28 84
29 84
39 84
55 84
57 84
58 84
60 84
61 84
78 84
81 84
82 84
0 85
4 85
9 85
11 85
13 85
14 85
15 85
16 85
18 85
19 85
26 85
30 85
40 85
45 85
47 85
50 85
64 85
70 85
71 85
72 85
73 85
75 85
1 86
8 86
16 86
21 86
22 86
29 86
32 86
38 86
41 86
51 86
59 86
65 86
74 86
75 86
84 86
14 87
19 87
29 87
32 87
44 87
52 87
56 87
72 87
80 87
81 87
82 87
84 87
2 88
16 88
21 88
23 88
24 88
29 88
30 88
33 88
35 88
36 88
38 88
39 88
44 88
45 88
50 88
53 88
57 88
60 88
61 88
62 88
70 88
72 88
78 88
82 88
5 89
6 89
13 89
19 89
31 89
45 89
47 89
49 89
50 89
53 89
58 89
70 89
75 89
77 89
5 90
16 90
17 90
34 90
40 90
44 90
47 90
58 90
64 90
66 90
75 90
0 91
15 91
19 91
22 91
25 91
34 91
38 91
42 91
46 91
47 91
48 91
53 91
75 91
78 91
80 91
85 91
2 92
6 92
8 92
12 92
14 92
15 92
20 92
23 92
27 92
31 92
33 92
43 92
51 92
56 92
60 92
64 92
72 92
73 92
75 92
78 92
79 92
80 92
82 92
83 92
91 92
10 93
20 93
22 93
38 93
43 93
55 93
64 93
65 93
67 93
68 93
82 93
83 93
85 93
92 93
4 94
15 94
16 94
34 94
39 94
48 94
49 94
53 94
59 94
60 94
64 94
65 94
80 94
87 94
88 94
89 94
9 95
15 95
17 95
20 95
34 95
39 95
52 95
55 95
59 95
61 95
62 95
64 95
68 95
78 95
84 95
86 95
91 95
93 95
13 96
15 96
22 96
24 96
27 96
29 96
32 96
47 96
71 96
83 96
85 96
87 96
88 96
5 97
16 97
20 97
33 97
42 97
46 97
48 97
73 97
74 97
75 97
77 97
4 98
5 98
12 98
13 98
15 98
20 98
24 98
29 98
33 98
34 98
39 98
42 98
44 98
50 98
53 98
56 98
57 98
66 98
74 98
86 98
90 98
92 98
4 99
10 99
15 99
20 99
21 99
26 99
29 99
33 99
39 99
49 99
50 99
53 99
57 99
58 99
59 99
62 99
63 99
66 99
77 99
79 99
80 99
88 99
