100 410 8
3 12 14 11 18 6 5 13 14 9 4 16 8 5 19 18 6 1 7 16 4 16 14 2 16 2 7 16 16 17 8 3 10 3 9 17 3 8 8 20 19 11 7 8 20 6 5 7 12 7 19 7 10 1 4 9 16 7 14 7 1 9 12 20 5 11 5 12 2 20 16 12 17 15 2 7 13 11 18 20 3 19 4 3 14 17 8 16 6 10 1 13 3 5 4 16 10 5 19 7
2 3
1 4
5 7
0 10
3 10
2 11
0 12
1 12
8 12
9 12
10 12
0 14
2 14
2 15
3 15
2 16
3 16
13 16
14 16
0 17
5 17
14 17
10 19
2 20
12 20
14 22
21 22
6 23
18 23
2 24
11 25
6 26
7 26
19 26
4 27
12 27
17 27
11 28
17 28
2 29
3 29
13 29
15 29
16 29
18 29
27 29
19 30
22 30
8 31
16 31
3 32
8 32
21 32
22 32
24 32
15 33
18 33
21 34
25 34
28 34
5 35
9 35
28 35
27 36
13 37
12 38
16 38
31 38
22 39
28 39
19 40
32 40
38 40
4 41
20 41
31 41
32 41
4 43
24 43
8 44
18 44
22 44
23 44
39 44
5 45
11 45
25 45
38 45
44 45
7 46
13 46
28 46
31 46
39 46
6 47
18 47
25 47
3 49
12 49
16 49
47 49
1 50
3 50
7 50
13 50
30 50
33 50
38 50
48 50
6 51
13 51
23 51
38 51
0 52
19 52
31 52
43 52
3 53
7 53
14 53
24 53
27 53
48 53
11 54
46 54
48 54
53 54
0 55
15 55
16 55
24 55
49 55
54 55
1 56
26 56
36 56
50 56
4 57
22 57
27 57
48 57
52 57
0 58
4 58
13 58
14 58
21 58
40 58
44 58
0 59
9 59
19 59
25 59
31 59
57 59
18 60
30 60
55 60
18 61
24 61
33 61
42 61
54 61
5 62
12 62
24 62
45 62
1 63
1 64
12 64
35 64
38 64
48 64
3 65
4 65
15 65
19 65
21 65
23 65
25 65
27 65
45 65
58 65
61 65
23 66
33 66
43 66
51 66
16 67
39 67
44 67
52 67
8 68
60 68
8 69
15 69
22 69
28 69
37 69
48 69
2 70
18 70
34 70
42 70
48 70
53 70
41 71
0 72
36 72
52 72
57 72
70 72
8 73
55 73
58 73
62 73
3 74
17 74
23 74
55 74
62 74
33 75
53 75
65 75
11 76
18 76
22 76
23 76
25 76
53 76
2 77
13 77
26 77
34 77
35 77
38 77
69 77
71 77
10 78
14 78
15 78
18 78
21 78
24 78
27 78
33 78
51 78
73 78
5 79
11 79
13 79
16 79
61 79
2 80
5 80
28 80
34 80
43 80
48 80
52 80
58 80
68 80
72 80
1 81
32 81
45 81
50 81
51 81
63 81
77 81
12 82
27 82
31 82
48 82
51 82
60 82
21 83
27 83
32 83
39 83
52 83
55 83
62 83
65 83
69 83
72 83
73 83
78 83
79 83
8 84
20 84
34 84
39 84
48 84
50 84
59 84
80 84
81 84
6 85
11 85
32 85
43 85
52 85
67 85
76 85
79 85
4 86
19 86
37 86
45 86
64 86
71 86
27 87
32 87
79 87
0 88
9 88
35 88
38 88
54 88
58 88
67 88
72 88
77 88
86 88
12 89
33 89
54 89
64 89
78 89
11 90
17 90
22 90
27 90
77 90
78 90
21 91
34 91
36 91
37 91
41 91
60 91
65 91
71 91
79 91
6 92
38 92
74 92
4 93
10 93
11 93
44 93
50 93
61 93
62 93
63 93
64 93
68 93
78 93
82 93
90 93
1 94
7 94
8 94
11 94
16 94
20 94
26 94
45 94
76 94
88 94
93 94
18 95
25 95
31 95
45 95
50 95
61 95
84 95
91 95
4 96
24 96
39 96
41 96
57 96
58 96
65 96
69 96
73 96
77 96
86 96
89 96
91 96
29 97
34 97
39 97
47 97
48 97
75 97
22 98
25 98
39 98
73 98
91 98
1 99
7 99
38 99
46 99
53 99
96 99
