100 1296 8
14 3 4 5 2 9 2 2 12 6 16 15 1 3 4 7 9 2 1 6 19 15 9 9 11 21 14 1 5 7 23 4 41 10 2 26 3 7 16 12 13 1 6 2 27 6 13 2 17 8 41 9 6 8 4 21 28 21 18 1 8 3 3 30 17 9 7 4 3 2 13 1 19 4 5 7 5 5 10 5 10 1 3 8 11 25 23 18 5 2 1 19 20 16 1 21 17 15 11 1
0 1
2 3
0 4
2 6
7 8
0 9
1 9
2 9
7 9
0 10
3 10
4 10
9 10
0 11
1 11
2 11
3 11
8 11
9 11
7 12
4 13
6 13
10 13
1 14
6 14
9 14
10 14
12 14
0 15
7 15
11 15
13 15
9 16
10 16
14 16
0 17
4 17
13 17
1 18
4 18
11 18
0 19
3 19
6 19
8 19
11 19
15 19
3 20
4 20
5 20
9 20
13 20
16 20
19 20
5 21
11 21
12 21
2 22
5 22
20 22
6 23
9 23
12 23
14 23
21 23
22 23
3 24
5 24
7 24
11 24
12 24
21 24
3 25
6 25
9 25
12 25
14 25
16 25
17 25
18 25
19 25
24 25
5 26
8 26
17 26
19 26
22 26
25 26
4 27
5 27
7 27
18 27
19 27
22 27
23 27
1 28
7 28
8 28
15 28
18 28
19 28
21 28
22 28
23 28
24 28
25 28
6 29
7 29
11 29
15 29
28 29
0 30
2 30
4 30
5 30
15 30
18 30
23 30
25 30
26 30
6 31
7 31
8 31
10 31
13 31
23 31
25 31
28 31
3 32
10 32
15 32
20 32
23 32
30 32
31 32
0 33
1 33
4 33
13 33
14 33
28 33
31 33
3 34
10 34
11 34
14 34
18 34
19 34
1 35
5 35
14 35
16 35
21 35
22 35
28 35
30 35
31 35
32 35
33 35
34 35
0 36
5 36
15 36
17 36
18 36
20 36
27 36
32 36
34 36
1 37
3 37
5 37
7 37
9 37
12 37
17 37
21 37
27 37
30 37
35 37
0 38
2 38
5 38
9 38
11 38
12 38
15 38
17 38
21 38
25 38
30 38
31 38
32 38
0 39
3 39
5 39
6 39
9 39
10 39
13 39
14 39
16 39
17 39
21 39
23 39
24 39
28 39
30 39
37 39
2 40
6 40
7 40
9 40
13 40
14 40
16 40
21 40
24 40
30 40
31 40
33 40
34 40
36 40
38 40
0 41
4 41
11 41
16 41
18 41
32 41
36 41
6 42
13 42
19 42
28 42
32 42
34 42
38 42
41 42
7 43
14 43
23 43
26 43
28 43
32 43
34 43
35 43
41 43
0 44
5 44
8 44
11 44
15 44
16 44
19 44
24 44
33 44
37 44
40 44
6 45
8 45
9 45
11 45
12 45
14 45
17 45
20 45
29 45
30 45
40 45
43 45
4 46
7 46
10 46
22 46
24 46
26 46
31 46
32 46
33 46
37 46
38 46
39 46
3 47
5 47
11 47
13 47
15 47
16 47
19 47
22 47
23 47
32 47
35 47
39 47
40 47
41 47
43 47
6 48
10 48
19 48
21 48
31 48
33 48
38 48
40 48
47 48
1 49
3 49
6 49
17 49
38 49
44 49
45 49
0 50
2 50
9 50
11 50
12 50
13 50
21 50
23 50
24 50
25 50
26 50
35 50
45 50
47 50
49 50
2 51
3 51
4 51
5 51
6 51
7 51
11 51
12 51
14 51
15 51
17 51
21 51
23 51
24 51
26 51
28 51
32 51
33 51
34 51
35 51
40 51
42 51
45 51
49 51
0 52
6 52
9 52
15 52
21 52
25 52
27 52
29 52
36 52
41 52
43 52
49 52
6 53
8 53
11 53
14 53
16 53
17 53
20 53
22 53
27 53
35 53
39 53
42 53
43 53
46 53
47 53
51 53
0 54
15 54
16 54
19 54
22 54
23 54
26 54
27 54
28 54
30 54
33 54
34 54
36 54
39 54
40 54
42 54
44 54
48 54
49 54
50 54
4 55
17 55
19 55
20 55
28 55
33 55
37 55
38 55
43 55
46 55
47 55
49 55
54 55
0 56
2 56
7 56
10 56
12 56
14 56
18 56
19 56
21 56
22 56
24 56
26 56
27 56
31 56
35 56
36 56
38 56
42 56
52 56
0 57
1 57
2 57
3 57
4 57
9 57
10 57
18 57
23 57
27 57
36 57
39 57
51 57
54 57
4 58
6 58
8 58
13 58
14 58
15 58
16 58
20 58
22 58
25 58
43 58
50 58
6 59
9 59
11 59
16 59
20 59
22 59
25 59
29 59
30 59
34 59
36 59
49 59
50 59
51 59
53 59
3 60
9 60
13 60
17 60
23 60
24 60
25 60
29 60
30 60
39 60
44 60
52 60
53 60
54 60
55 60
58 60
59 60
4 61
10 61
11 61
12 61
15 61
16 61
20 61
22 61
28 61
33 61
34 61
39 61
40 61
41 61
44 61
48 61
51 61
52 61
59 61
1 62
5 62
10 62
13 62
18 62
25 62
26 62
28 62
32 62
34 62
39 62
41 62
50 62
51 62
0 63
2 63
23 63
26 63
29 63
34 63
35 63
40 63
43 63
50 63
55 63
60 63
61 63
1 64
14 64
20 64
24 64
31 64
33 64
36 64
45 64
46 64
50 64
52 64
53 64
54 64
58 64
59 64
0 65
4 65
7 65
10 65
17 65
28 65
32 65
33 65
34 65
37 65
38 65
39 65
48 65
50 65
51 65
53 65
59 65
60 65
0 66
1 66
3 66
9 66
23 66
27 66
36 66
40 66
41 66
42 66
43 66
44 66
50 66
54 66
58 66
60 66
64 66
15 67
20 67
24 67
27 67
29 67
30 67
31 67
37 67
39 67
44 67
48 67
49 67
50 67
53 67
54 67
58 67
61 67
64 67
65 67
2 68
15 68
19 68
22 68
25 68
26 68
29 68
33 68
43 68
46 68
55 68
58 68
62 68
63 68
66 68
0 69
10 69
15 69
16 69
24 69
27 69
29 69
31 69
34 69
35 69
44 69
47 69
55 69
56 69
59 69
61 69
64 69
66 69
67 69
0 70
2 70
5 70
14 70
18 70
27 70
33 70
37 70
48 70
52 70
56 70
59 70
63 70
65 70
66 70
68 70
1 71
3 71
4 71
6 71
10 71
13 71
14 71
17 71
20 71
25 71
27 71
34 71
36 71
41 71
48 71
49 71
50 71
58 71
61 71
62 71
63 71
64 71
5 72
20 72
21 72
23 72
24 72
27 72
30 72
33 72
39 72
42 72
48 72
50 72
54 72
55 72
63 72
66 72
67 72
69 72
5 73
8 73
9 73
11 73
12 73
14 73
18 73
22 73
29 73
34 73
35 73
37 73
41 73
43 73
46 73
52 73
54 73
60 73
63 73
71 73
72 73
1 74
2 74
6 74
10 74
11 74
15 74
16 74
18 74
22 74
33 74
34 74
38 74
40 74
42 74
43 74
48 74
49 74
50 74
51 74
54 74
56 74
57 74
61 74
64 74
66 74
72 74
2 75
5 75
12 75
21 75
24 75
26 75
33 75
36 75
37 75
41 75
42 75
57 75
58 75
59 75
61 75
62 75
66 75
6 76
8 76
12 76
17 76
18 76
20 76
21 76
32 76
35 76
41 76
45 76
47 76
49 76
57 76
66 76
72 76
73 76
6 77
7 77
16 77
26 77
27 77
28 77
32 77
39 77
41 77
44 77
46 77
52 77
59 77
63 77
64 77
69 77
72 77
76 77
1 78
7 78
14 78
17 78
24 78
34 78
38 78
40 78
41 78
50 78
55 78
58 78
60 78
62 78
64 78
69 78
71 78
72 78
73 78
74 78
1 79
2 79
7 79
11 79
22 79
23 79
35 79
36 79
38 79
40 79
55 79
75 79
76 79
77 79
78 79
0 80
6 80
11 80
16 80
17 80
19 80
24 80
25 80
32 80
33 80
39 80
41 80
42 80
45 80
47 80
50 80
54 80
56 80
57 80
70 80
71 80
72 80
77 80
79 80
10 81
19 81
24 81
27 81
30 81
31 81
34 81
38 81
41 81
43 81
45 81
46 81
51 81
58 81
62 81
66 81
69 81
72 81
74 81
76 81
0 82
1 82
4 82
5 82
8 82
9 82
23 82
31 82
32 82
39 82
40 82
41 82
45 82
53 82
59 82
61 82
69 82
75 82
79 82
81 82
0 83
2 83
6 83
9 83
11 83
15 83
19 83
26 83
27 83
28 83
30 83
32 83
36 83
37 83
39 83
42 83
43 83
45 83
46 83
54 83
58 83
59 83
67 83
71 83
72 83
73 83
75 83
3 84
6 84
14 84
18 84
21 84
27 84
28 84
36 84
46 84
48 84
50 84
54 84
61 84
1 85
7 85
13 85
16 85
18 85
19 85
20 85
21 85
23 85
29 85
30 85
33 85
40 85
42 85
43 85
44 85
47 85
49 85
50 85
52 85
57 85
60 85
63 85
67 85
81 85
82 85
1 86
9 86
11 86
18 86
22 86
25 86
26 86
27 86
29 86
35 86
39 86
41 86
44 86
45 86
48 86
54 86
57 86
62 86
65 86
66 86
70 86
72 86
77 86
78 86
83 86
6 87
7 87
8 87
13 87
16 87
17 87
29 87
32 87
33 87
34 87
42 87
48 87
52 87
61 87
65 87
68 87
72 87
76 87
79 87
86 87
7 88
9 88
14 88
16 88
21 88
22 88
34 88
35 88
37 88
39 88
45 88
47 88
54 88
56 88
57 88
62 88
72 88
73 88
76 88
78 88
84 88
0 89
2 89
4 89
11 89
13 89
14 89
29 89
31 89
34 89
35 89
37 89
40 89
46 89
50 89
59 89
60 89
67 89
75 89
77 89
81 89
83 89
85 89
4 90
9 90
13 90
16 90
17 90
18 90
23 90
28 90
30 90
37 90
44 90
46 90
50 90
56 90
57 90
58 90
61 90
63 90
68 90
72 90
75 90
76 90
82 90
86 90
87 90
88 90
0 91
12 91
17 91
22 91
35 91
46 91
49 91
51 91
53 91
55 91
59 91
61 91
62 91
64 91
72 91
77 91
84 91
86 91
87 91
1 92
4 92
5 92
6 92
7 92
10 92
13 92
14 92
15 92
16 92
19 92
46 92
48 92
52 92
54 92
68 92
72 92
76 92
79 92
85 92
86 92
3 93
8 93
17 93
19 93
20 93
25 93
28 93
30 93
34 93
40 93
46 93
48 93
49 93
56 93
61 93
63 93
64 93
72 93
76 93
78 93
82 93
84 93
1 94
3 94
7 94
17 94
18 94
23 94
25 94
28 94
29 94
32 94
35 94
37 94
38 94
51 94
54 94
57 94
61 94
62 94
65 94
70 94
73 94
77 94
80 94
83 94
84 94
85 94
91 94
1 95
3 95
6 95
7 95
10 95
13 95
25 95
27 95
35 95
46 95
48 95
49 95
54 95
57 95
58 95
66 95
67 95
72 95
77 95
80 95
82 95
85 95
86 95
89 95
90 95
2 96
12 96
18 96
23 96
24 96
26 96
30 96
33 96
34 96
35 96
37 96
39 96
42 96
47 96
48 96
51 96
60 96
63 96
68 96
69 96
73 96
74 96
82 96
86 96
89 96
92 96
94 96
95 96
1 97
2 97
3 97
6 97
13 97
15 97
19 97
27 97
29 97
33 97
37 97
42 97
43 97
44 97
47 97
51 97
52 97
54 97
62 97
64 97
65 97
72 97
76 97
77 97
83 97
88 97
94 97
1 98
4 98
6 98
8 98
16 98
17 98
18 98
30 98
39 98
46 98
53 98
56 98
62 98
64 98
82 98
85 98
89 98
95 98
97 98
5 99
7 99
11 99
12 99
13 99
14 99
15 99
16 99
20 99
25 99
29 99
33 99
34 99
36 99
37 99
38 99
52 99
53 99
55 99
56 99
57 99
58 99
63 99
67 99
69 99
70 99
71 99
77 99
78 99
82 99
88 99
89 99
94 99
98 99
