100 1888 8
10 3 5 10 10 9 5 2 10 6 2 7 2 3 6 9 3 5 9 4 8 8 4 7 10 4 2 3 9 1 1 9 5 7 7 8 2 6 7 8 8 9 10 10 8 10 5 2 2 10 2 9 4 9 5 9 7 9 9 8 8 6 4 7 5 4 9 1 9 7 5 6 6 3 3 3 10 5 1 4 9 2 6 5 4 9 1 1 10 9 10 2 5 10 10 3 3 5 4 2
0 12
2 12
3 12
4 12
3 13
5 13
6 13
7 13
3 14
5 14
6 14
9 14
1 15
2 15
3 15
6 15
7 15
9 15
0 16
6 16
2 17
4 17
5 17
6 17
9 17
10 17
0 18
2 18
3 18
4 18
6 18
9 18
10 18
11 18
2 19
4 19
5 19
7 19
0 20
11 20
3 21
6 21
8 21
9 21
10 21
11 21
2 22
3 22
5 22
0 23
1 23
2 23
3 23
4 23
7 23
10 23
2 24
5 24
6 24
7 24
8 24
11 24
15 24
16 24
18 24
19 24
20 24
2 25
4 25
7 25
9 25
10 25
11 25
12 25
13 25
18 25
19 25
20 25
23 25
10 26
14 26
16 26
17 26
19 26
20 26
21 26
1 27
2 27
3 27
8 27
11 27
14 27
15 27
18 27
20 27
0 28
2 28
3 28
4 28
5 28
7 28
9 28
10 28
11 28
13 28
14 28
16 28
0 29
1 29
3 29
6 29
7 29
12 29
13 29
14 29
15 29
17 29
20 29
22 29
0 30
1 30
4 30
5 30
6 30
7 30
9 30
10 30
12 30
19 30
0 31
6 31
9 31
14 31
16 31
17 31
18 31
19 31
21 31
22 31
4 32
7 32
9 32
11 32
12 32
13 32
15 32
19 32
20 32
21 32
23 32
2 33
3 33
5 33
7 33
9 33
10 33
14 33
17 33
18 33
20 33
21 33
22 33
23 33
2 34
6 34
7 34
8 34
10 34
11 34
14 34
17 34
18 34
19 34
21 34
23 34
24 34
25 34
27 34
32 34
0 35
5 35
6 35
10 35
12 35
14 35
15 35
18 35
20 35
21 35
23 35
25 35
27 35
28 35
30 35
33 35
0 36
1 36
2 36
5 36
6 36
7 36
8 36
10 36
11 36
13 36
16 36
17 36
18 36
25 36
26 36
27 36
1 37
3 37
7 37
9 37
12 37
15 37
17 37
18 37
21 37
22 37
23 37
24 37
26 37
27 37
29 37
30 37
31 37
32 37
33 37
0 38
2 38
3 38
4 38
6 38
11 38
14 38
15 38
17 38
22 38
24 38
28 38
29 38
33 38
2 39
4 39
6 39
8 39
10 39
12 39
16 39
17 39
21 39
24 39
26 39
28 39
31 39
33 39
7 40
11 40
12 40
15 40
16 40
17 40
18 40
19 40
26 40
28 40
30 40
3 41
13 41
16 41
19 41
20 41
22 41
24 41
26 41
27 41
29 41
30 41
38 41
39 41
2 42
13 42
17 42
18 42
19 42
20 42
22 42
23 42
24 42
25 42
26 42
29 42
30 42
34 42
35 42
37 42
39 42
40 42
2 43
4 43
6 43
7 43
9 43
11 43
17 43
18 43
19 43
22 43
32 43
34 43
35 43
36 43
37 43
39 43
40 43
1 44
3 44
4 44
5 44
6 44
9 44
14 44
17 44
19 44
26 44
28 44
32 44
39 44
40 44
0 45
1 45
3 45
4 45
5 45
7 45
8 45
9 45
10 45
11 45
13 45
19 45
21 45
22 45
24 45
26 45
30 45
34 45
35 45
38 45
0 46
1 46
8 46
10 46
11 46
13 46
14 46
15 46
16 46
17 46
18 46
19 46
21 46
22 46
23 46
25 46
27 46
34 46
39 46
0 47
2 47
3 47
6 47
8 47
10 47
11 47
14 47
20 47
21 47
24 47
25 47
28 47
29 47
30 47
38 47
40 47
3 48
5 48
6 48
7 48
8 48
9 48
10 48
14 48
16 48
17 48
23 48
25 48
27 48
28 48
30 48
31 48
33 48
36 48
37 48
38 48
2 49
3 49
5 49
6 49
11 49
12 49
15 49
20 49
22 49
23 49
25 49
26 49
28 49
31 49
33 49
37 49
39 49
43 49
46 49
1 50
2 50
5 50
7 50
9 50
16 50
17 50
19 50
23 50
25 50
27 50
28 50
31 50
36 50
41 50
43 50
0 51
2 51
6 51
8 51
11 51
16 51
18 51
21 51
24 51
26 51
27 51
29 51
30 51
33 51
40 51
41 51
45 51
46 51
1 52
5 52
7 52
11 52
12 52
13 52
16 52
18 52
21 52
22 52
23 52
25 52
28 52
29 52
33 52
34 52
35 52
39 52
42 52
43 52
44 52
45 52
47 52
48 52
0 53
1 53
4 53
6 53
10 53
11 53
12 53
14 53
15 53
17 53
18 53
23 53
24 53
27 53
28 53
30 53
32 53
33 53
34 53
37 53
40 53
45 53
47 53
1 54
3 54
4 54
5 54
7 54
11 54
13 54
14 54
15 54
16 54
17 54
21 54
24 54
25 54
28 54
37 54
38 54
41 54
47 54
1 55
3 55
6 55
7 55
8 55
9 55
10 55
11 55
13 55
18 55
21 55
24 55
26 55
36 55
40 55
41 55
42 55
46 55
0 56
2 56
3 56
4 56
7 56
11 56
12 56
13 56
15 56
16 56
17 56
18 56
20 56
26 56
27 56
37 56
38 56
41 56
45 56
46 56
48 56
0 57
2 57
5 57
7 57
8 57
9 57
10 57
11 57
17 57
18 57
20 57
22 57
26 57
27 57
29 57
31 57
32 57
37 57
41 57
42 57
43 57
44 57
45 57
46 57
48 57
52 57
53 57
56 57
8 58
12 58
13 58
17 58
19 58
22 58
23 58
24 58
27 58
29 58
32 58
33 58
34 58
35 58
37 58
38 58
39 58
40 58
42 58
43 58
47 58
48 58
50 58
53 58
56 58
0 59
1 59
5 59
6 59
7 59
8 59
9 59
10 59
11 59
12 59
13 59
14 59
19 59
22 59
23 59
26 59
29 59
30 59
31 59
32 59
34 59
42 59
43 59
47 59
48 59
51 59
54 59
55 59
0 60
4 60
5 60
6 60
7 60
10 60
17 60
19 60
21 60
24 60
27 60
33 60
35 60
38 60
41 60
43 60
46 60
49 60
54 60
55 60
4 61
5 61
6 61
8 61
9 61
13 61
16 61
18 61
19 61
20 61
22 61
24 61
25 61
29 61
30 61
32 61
34 61
35 61
36 61
39 61
40 61
43 61
47 61
48 61
53 61
55 61
2 62
4 62
7 62
11 62
14 62
15 62
17 62
18 62
20 62
21 62
24 62
25 62
26 62
27 62
28 62
30 62
33 62
37 62
49 62
50 62
51 62
52 62
53 62
56 62
0 63
1 63
3 63
5 63
7 63
8 63
10 63
11 63
13 63
18 63
22 63
23 63
25 63
26 63
27 63
32 63
34 63
35 63
36 63
38 63
39 63
44 63
45 63
48 63
50 63
51 63
54 63
56 63
0 64
1 64
3 64
10 64
12 64
13 64
14 64
17 64
19 64
22 64
29 64
32 64
36 64
37 64
40 64
41 64
42 64
44 64
45 64
47 64
48 64
49 64
50 64
52 64
53 64
55 64
1 65
3 65
4 65
5 65
6 65
7 65
8 65
15 65
17 65
19 65
21 65
22 65
23 65
24 65
26 65
35 65
36 65
38 65
39 65
42 65
43 65
45 65
53 65
54 65
56 65
3 66
5 66
6 66
8 66
9 66
11 66
15 66
19 66
26 66
29 66
32 66
35 66
37 66
40 66
41 66
43 66
45 66
50 66
51 66
52 66
53 66
54 66
60 66
61 66
62 66
64 66
65 66
1 67
2 67
3 67
5 67
16 67
17 67
18 67
20 67
24 67
26 67
28 67
30 67
31 67
33 67
34 67
36 67
38 67
40 67
42 67
45 67
47 67
48 67
49 67
52 67
53 67
55 67
56 67
57 67
58 67
61 67
63 67
64 67
65 67
6 68
9 68
10 68
15 68
16 68
18 68
19 68
21 68
22 68
23 68
25 68
27 68
28 68
29 68
34 68
35 68
36 68
39 68
40 68
41 68
42 68
45 68
49 68
52 68
53 68
57 68
58 68
59 68
63 68
64 68
1 69
2 69
3 69
5 69
6 69
8 69
14 69
16 69
19 69
28 69
34 69
35 69
43 69
44 69
45 69
50 69
51 69
52 69
53 69
55 69
58 69
60 69
64 69
0 70
1 70
4 70
8 70
11 70
12 70
14 70
20 70
21 70
27 70
30 70
31 70
33 70
34 70
40 70
41 70
44 70
55 70
58 70
62 70
65 70
4 71
5 71
6 71
7 71
8 71
11 71
14 71
15 71
16 71
20 71
21 71
27 71
28 71
32 71
33 71
34 71
36 71
42 71
45 71
53 71
56 71
58 71
61 71
62 71
64 71
65 71
4 72
5 72
7 72
9 72
11 72
12 72
14 72
15 72
17 72
18 72
20 72
23 72
25 72
28 72
32 72
38 72
42 72
43 72
46 72
51 72
52 72
56 72
59 72
60 72
61 72
65 72
3 73
7 73
12 73
15 73
19 73
20 73
22 73
23 73
25 73
26 73
29 73
31 73
33 73
36 73
38 73
41 73
42 73
43 73
46 73
48 73
51 73
52 73
55 73
58 73
59 73
60 73
62 73
63 73
64 73
65 73
0 74
2 74
4 74
10 74
11 74
12 74
15 74
16 74
17 74
19 74
21 74
22 74
23 74
25 74
27 74
28 74
29 74
33 74
34 74
35 74
37 74
38 74
42 74
44 74
50 74
52 74
59 74
65 74
0 75
2 75
3 75
6 75
8 75
9 75
10 75
15 75
22 75
23 75
25 75
26 75
29 75
30 75
31 75
37 75
38 75
39 75
41 75
42 75
43 75
45 75
48 75
53 75
55 75
58 75
61 75
64 75
67 75
68 75
72 75
74 75
2 76
4 76
5 76
6 76
9 76
10 76
12 76
17 76
20 76
22 76
24 76
26 76
27 76
30 76
34 76
40 76
42 76
46 76
47 76
49 76
54 76
57 76
58 76
60 76
61 76
62 76
63 76
64 76
69 76
72 76
73 76
74 76
2 77
3 77
4 77
5 77
6 77
7 77
9 77
16 77
19 77
20 77
22 77
28 77
32 77
33 77
34 77
35 77
37 77
43 77
45 77
48 77
49 77
54 77
56 77
59 77
60 77
61 77
66 77
67 77
68 77
69 77
70 77
71 77
74 77
4 78
7 78
8 78
9 78
14 78
15 78
16 78
18 78
19 78
22 78
23 78
24 78
28 78
34 78
35 78
37 78
40 78
44 78
47 78
51 78
54 78
63 78
67 78
70 78
71 78
72 78
0 79
2 79
6 79
10 79
11 79
12 79
13 79
27 79
28 79
29 79
30 79
33 79
36 79
39 79
41 79
43 79
44 79
49 79
51 79
55 79
57 79
61 79
64 79
66 79
72 79
0 80
1 80
2 80
4 80
8 80
9 80
13 80
15 80
18 80
22 80
24 80
25 80
28 80
29 80
30 80
31 80
32 80
34 80
36 80
40 80
41 80
43 80
44 80
47 80
50 80
51 80
53 80
55 80
56 80
57 80
61 80
62 80
67 80
74 80
0 81
1 81
3 81
5 81
11 81
12 81
13 81
14 81
16 81
19 81
21 81
24 81
27 81
28 81
30 81
31 81
35 81
39 81
42 81
46 81
47 81
49 81
53 81
56 81
60 81
62 81
65 81
66 81
68 81
73 81
74 81
1 82
2 82
4 82
6 82
10 82
12 82
15 82
17 82
18 82
26 82
36 82
37 82
39 82
42 82
44 82
46 82
47 82
48 82
49 82
51 82
56 82
58 82
60 82
63 82
64 82
66 82
67 82
68 82
72 82
1 83
3 83
5 83
6 83
18 83
19 83
20 83
23 83
25 83
26 83
32 83
35 83
39 83
41 83
47 83
48 83
50 83
53 83
54 83
55 83
56 83
57 83
59 83
62 83
64 83
65 83
69 83
72 83
73 83
74 83
0 84
1 84
2 84
6 84
7 84
8 84
10 84
11 84
13 84
15 84
16 84
18 84
19 84
33 84
35 84
36 84
38 84
40 84
42 84
44 84
45 84
48 84
51 84
58 84
60 84
62 84
65 84
66 84
73 84
2 85
3 85
6 85
7 85
8 85
9 85
12 85
13 85
14 85
15 85
17 85
19 85
21 85
23 85
24 85
26 85
28 85
31 85
40 85
41 85
42 85
44 85
45 85
49 85
51 85
53 85
54 85
55 85
57 85
59 85
61 85
68 85
69 85
70 85
71 85
72 85
0 86
3 86
6 86
7 86
9 86
10 86
11 86
12 86
13 86
14 86
22 86
23 86
24 86
27 86
28 86
31 86
32 86
33 86
37 86
38 86
40 86
44 86
46 86
50 86
54 86
55 86
56 86
57 86
61 86
62 86
66 86
69 86
72 86
5 87
8 87
11 87
13 87
14 87
19 87
20 87
21 87
23 87
24 87
29 87
30 87
32 87
35 87
38 87
39 87
41 87
44 87
45 87
46 87
47 87
52 87
53 87
54 87
55 87
56 87
59 87
68 87
69 87
71 87
73 87
74 87
77 87
78 87
79 87
83 87
85 87
86 87
0 88
4 88
5 88
8 88
9 88
14 88
17 88
18 88
21 88
22 88
25 88
26 88
27 88
28 88
29 88
34 88
36 88
37 88
39 88
41 88
45 88
46 88
47 88
48 88
51 88
55 88
58 88
60 88
61 88
62 88
63 88
64 88
66 88
69 88
76 88
80 88
84 88
0 89
1 89
2 89
5 89
8 89
10 89
11 89
12 89
13 89
15 89
22 89
24 89
27 89
29 89
30 89
31 89
37 89
39 89
40 89
41 89
42 89
48 89
51 89
52 89
53 89
55 89
57 89
61 89
62 89
67 89
69 89
70 89
71 89
73 89
1 90
5 90
6 90
8 90
14 90
15 90
16 90
21 90
24 90
25 90
26 90
27 90
31 90
35 90
38 90
46 90
47 90
49 90
51 90
54 90
55 90
56 90
57 90
58 90
60 90
61 90
62 90
66 90
67 90
70 90
71 90
72 90
73 90
75 90
83 90
85 90
1 91
3 91
4 91
5 91
6 91
7 91
8 91
9 91
12 91
13 91
14 91
19 91
21 91
22 91
26 91
29 91
33 91
35 91
36 91
37 91
39 91
40 91
42 91
45 91
46 91
47 91
48 91
49 91
50 91
55 91
57 91
58 91
59 91
62 91
65 91
66 91
67 91
68 91
70 91
71 91
77 91
80 91
82 91
84 91
0 92
2 92
4 92
7 92
8 92
12 92
13 92
16 92
17 92
20 92
21 92
23 92
26 92
28 92
30 92
31 92
32 92
33 92
34 92
38 92
39 92
43 92
47 92
48 92
49 92
51 92
52 92
56 92
58 92
59 92
63 92
67 92
70 92
72 92
73 92
74 92
75 92
77 92
79 92
80 92
85 92
86 92
1 93
3 93
10 93
12 93
13 93
16 93
22 93
25 93
26 93
27 93
29 93
30 93
31 93
32 93
37 93
43 93
45 93
46 93
47 93
53 93
55 93
58 93
63 93
64 93
69 93
70 93
71 93
74 93
83 93
86 93
0 94
3 94
6 94
12 94
13 94
18 94
19 94
23 94
25 94
26 94
27 94
28 94
29 94
32 94
34 94
35 94
36 94
37 94
38 94
40 94
44 94
45 94
47 94
48 94
49 94
52 94
59 94
61 94
62 94
64 94
67 94
69 94
72 94
74 94
77 94
79 94
80 94
85 94
86 94
0 95
1 95
2 95
3 95
7 95
8 95
14 95
18 95
22 95
23 95
24 95
27 95
31 95
33 95
34 95
35 95
36 95
39 95
40 95
41 95
42 95
46 95
49 95
51 95
53 95
58 95
62 95
66 95
67 95
70 95
74 95
76 95
78 95
79 95
84 95
1 96
3 96
10 96
12 96
14 96
15 96
16 96
18 96
19 96
22 96
23 96
27 96
29 96
31 96
32 96
33 96
35 96
36 96
42 96
44 96
49 96
50 96
51 96
53 96
57 96
58 96
59 96
61 96
62 96
63 96
66 96
69 96
72 96
73 96
78 96
80 96
84 96
85 96
1 97
6 97
10 97
17 97
19 97
20 97
21 97
22 97
23 97
25 97
26 97
28 97
30 97
34 97
36 97
38 97
41 97
42 97
43 97
44 97
45 97
52 97
58 97
60 97
61 97
62 97
63 97
67 97
68 97
70 97
75 97
77 97
80 97
81 97
82 97
0 98
2 98
4 98
5 98
7 98
10 98
11 98
13 98
16 98
23 98
26 98
27 98
29 98
32 98
33 98
35 98
38 98
39 98
40 98
42 98
45 98
49 98
50 98
52 98
53 98
54 98
58 98
59 98
61 98
65 98
67 98
70 98
72 98
73 98
74 98
76 98
81 98
83 98
85 98
1 99
5 99
9 99
11 99
12 99
13 99
17 99
18 99
20 99
23 99
26 99
29 99
31 99
32 99
35 99
37 99
39 99
40 99
42 99
44 99
48 99
52 99
53 99
58 99
59 99
61 99
67 99
68 99
71 99
76 99
77 99
78 99
