100 1119 8
9 18 6 5 11 9 16 19 13 6 17 7 3 9 1 2 3 18 20 7 12 6 11 1 14 14 20 8 20 9 2 12 11 13 14 16 7 10 13 19 4 14 18 20 17 13 17 13 13 15 6 14 7 15 3 11 20 1 12 13 9 1 9 19 11 18 7 8 19 4 3 5 20 9 20 18 20 8 15 18 8 1 9 11 7 13 18 6 9 9 9 7 2 16 19 15 16 16 1 14
1 12
4 12
5 12
9 12
11 12
0 13
1 13
3 13
5 13
6 13
7 13
11 13
5 14
5 15
6 15
7 15
8 15
1 16
5 16
6 16
9 16
4 17
6 17
7 17
9 17
10 17
1 18
2 18
6 18
10 18
13 18
15 18
10 19
11 19
1 20
8 20
12 20
13 20
11 21
0 22
5 22
8 22
11 22
12 22
0 23
4 23
5 23
11 23
16 23
3 24
0 25
5 25
7 25
9 25
11 25
14 25
2 26
4 26
7 26
9 26
14 26
1 27
4 27
5 27
7 27
8 27
10 27
12 27
16 27
5 28
0 29
2 29
7 29
9 29
10 29
15 29
17 29
21 29
23 29
26 29
8 30
10 30
12 30
26 30
1 31
2 31
3 31
7 31
23 31
26 31
28 31
4 32
5 32
6 32
15 32
16 32
18 32
23 32
26 32
0 33
4 33
9 33
17 33
19 33
23 33
27 33
2 34
5 34
24 34
25 34
27 34
0 35
7 35
15 35
16 35
21 35
9 36
10 36
11 36
14 36
15 36
18 36
2 37
3 37
12 37
13 37
15 37
16 37
19 37
25 37
26 37
15 38
17 38
20 38
27 38
29 38
35 38
37 38
1 39
3 39
4 39
9 39
11 39
14 39
15 39
17 39
20 39
23 39
25 39
27 39
36 39
3 40
15 40
22 40
24 40
26 40
28 40
36 40
2 41
3 41
4 41
7 41
8 41
15 41
16 41
17 41
18 41
23 41
25 41
27 41
31 41
32 41
34 41
0 42
1 42
3 42
4 42
5 42
20 42
21 42
26 42
30 42
34 42
35 42
3 43
12 43
17 43
22 43
24 43
25 43
28 43
34 43
1 44
2 44
3 44
4 44
11 44
14 44
17 44
19 44
21 44
22 44
37 44
11 45
13 45
15 45
16 45
17 45
27 45
31 45
33 45
3 46
7 46
9 46
10 46
11 46
13 46
22 46
23 46
24 46
25 46
28 46
30 46
31 46
35 46
37 46
4 47
13 47
18 47
21 47
24 47
27 47
29 47
31 47
32 47
36 47
1 48
3 48
12 48
20 48
23 48
28 48
29 48
30 48
34 48
8 49
10 49
26 49
30 49
33 49
3 50
14 50
17 50
21 50
24 50
28 50
31 50
2 51
9 51
10 51
15 51
17 51
21 51
30 51
32 51
33 51
36 51
44 51
45 51
2 52
7 52
8 52
18 52
23 52
25 52
39 52
42 52
44 52
47 52
48 52
0 53
6 53
10 53
19 53
27 53
28 53
34 53
48 53
2 54
6 54
8 54
11 54
14 54
16 54
18 54
19 54
20 54
24 54
26 54
28 54
29 54
31 54
36 54
40 54
43 54
44 54
48 54
1 55
2 55
11 55
12 55
17 55
23 55
29 55
35 55
38 55
44 55
46 55
4 56
6 56
8 56
15 56
18 56
23 56
32 56
41 56
43 56
45 56
47 56
1 57
2 57
4 57
13 57
16 57
17 57
19 57
23 57
24 57
30 57
36 57
38 57
43 57
45 57
47 57
6 58
7 58
12 58
15 58
16 58
20 58
21 58
28 58
30 58
33 58
34 58
35 58
39 58
44 58
47 58
1 59
6 59
8 59
16 59
19 59
21 59
26 59
29 59
31 59
33 59
35 59
39 59
44 59
8 60
10 60
15 60
18 60
20 60
21 60
24 60
28 60
32 60
40 60
44 60
2 61
5 61
7 61
9 61
12 61
15 61
17 61
21 61
22 61
23 61
27 61
31 61
36 61
37 61
48 61
0 62
5 62
9 62
10 62
13 62
15 62
26 62
27 62
32 62
34 62
35 62
41 62
43 62
47 62
48 62
0 63
3 63
8 63
11 63
14 63
18 63
24 63
29 63
30 63
36 63
39 63
40 63
42 63
44 63
45 63
1 64
2 64
4 64
5 64
6 64
12 64
16 64
20 64
32 64
34 64
3 65
5 65
8 65
10 65
13 65
14 65
22 65
25 65
27 65
31 65
37 65
39 65
42 65
44 65
47 65
1 66
5 66
9 66
13 66
20 66
35 66
39 66
40 66
46 66
47 66
49 66
2 67
4 67
7 67
8 67
9 67
12 67
17 67
20 67
28 67
31 67
46 67
7 68
15 68
23 68
24 68
26 68
27 68
29 68
35 68
40 68
44 68
59 68
60 68
0 69
2 69
6 69
8 69
18 69
19 69
23 69
32 69
37 69
39 69
43 69
47 69
54 69
61 69
64 69
65 69
67 69
0 70
9 70
13 70
15 70
19 70
20 70
22 70
24 70
28 70
29 70
34 70
39 70
43 70
46 70
47 70
48 70
49 70
50 70
55 70
65 70
16 71
26 71
32 71
47 71
48 71
49 71
51 71
53 71
55 71
57 71
58 71
61 71
62 71
63 71
64 71
13 72
15 72
18 72
24 72
25 72
26 72
40 72
43 72
48 72
49 72
51 72
57 72
58 72
2 73
7 73
12 73
14 73
32 73
38 73
42 73
44 73
52 73
56 73
62 73
63 73
2 74
4 74
5 74
14 74
19 74
20 74
23 74
26 74
28 74
31 74
37 74
51 74
53 74
54 74
58 74
62 74
63 74
0 75
2 75
3 75
4 75
6 75
10 75
11 75
20 75
28 75
33 75
35 75
39 75
41 75
45 75
52 75
59 75
61 75
62 75
63 75
65 75
9 76
17 76
18 76
26 76
30 76
32 76
33 76
34 76
48 76
51 76
53 76
60 76
62 76
65 76
67 76
71 76
74 76
75 76
0 77
2 77
6 77
7 77
9 77
10 77
16 77
22 77
27 77
31 77
39 77
40 77
43 77
45 77
48 77
49 77
50 77
51 77
59 77
62 77
68 77
70 77
71 77
75 77
2 78
4 78
5 78
9 78
11 78
12 78
15 78
22 78
28 78
29 78
30 78
40 78
41 78
42 78
50 78
62 78
66 78
67 78
68 78
70 78
72 78
74 78
5 79
7 79
8 79
10 79
15 79
22 79
26 79
28 79
32 79
39 79
43 79
57 79
65 79
69 79
73 79
4 80
6 80
7 80
11 80
12 80
18 80
21 80
35 80
47 80
48 80
53 80
63 80
66 80
68 80
4 81
8 81
13 81
21 81
28 81
30 81
32 81
35 81
37 81
43 81
44 81
45 81
48 81
56 81
57 81
58 81
63 81
65 81
66 81
71 81
74 81
4 82
6 82
10 82
11 82
17 82
22 82
32 82
42 82
43 82
44 82
45 82
47 82
48 82
52 82
62 82
65 82
71 82
72 82
75 82
5 83
7 83
14 83
17 83
24 83
32 83
33 83
40 83
42 83
46 83
47 83
52 83
60 83
65 83
73 83
2 84
6 84
9 84
13 84
20 84
22 84
36 84
45 84
46 84
47 84
49 84
56 84
57 84
61 84
62 84
66 84
67 84
70 84
71 84
72 84
6 85
12 85
18 85
22 85
23 85
25 85
32 85
33 85
34 85
37 85
44 85
46 85
50 85
51 85
63 85
68 85
69 85
72 85
73 85
0 86
2 86
3 86
4 86
6 86
7 86
8 86
9 86
17 86
22 86
26 86
27 86
30 86
38 86
40 86
41 86
42 86
45 86
46 86
52 86
53 86
56 86
59 86
63 86
64 86
66 86
67 86
72 86
1 87
3 87
4 87
6 87
11 87
15 87
26 87
31 87
32 87
40 87
45 87
48 87
53 87
56 87
57 87
58 87
61 87
64 87
66 87
0 88
3 88
6 88
12 88
15 88
17 88
21 88
25 88
29 88
32 88
35 88
36 88
38 88
42 88
52 88
53 88
54 88
55 88
56 88
62 88
63 88
66 88
67 88
73 88
77 88
78 88
79 88
83 88
86 88
1 89
3 89
8 89
13 89
17 89
18 89
21 89
26 89
34 89
37 89
43 89
48 89
60 89
61 89
64 89
69 89
73 89
75 89
76 89
77 89
78 89
79 89
84 89
15 90
23 90
27 90
45 90
49 90
51 90
53 90
57 90
65 90
77 90
79 90
86 90
87 90
1 91
5 91
6 91
8 91
9 91
13 91
16 91
17 91
30 91
31 91
39 91
40 91
46 91
48 91
50 91
58 91
62 91
63 91
65 91
66 91
72 91
78 91
79 91
80 91
6 92
8 92
10 92
11 92
13 92
25 92
35 92
40 92
49 92
50 92
51 92
52 92
53 92
54 92
56 92
57 92
59 92
60 92
61 92
68 92
75 92
78 92
82 92
83 92
87 92
4 93
6 93
7 93
9 93
17 93
18 93
20 93
33 93
37 93
40 93
46 93
47 93
49 93
51 93
56 93
58 93
60 93
63 93
66 93
69 93
70 93
71 93
74 93
84 93
87 93
0 94
4 94
6 94
7 94
8 94
19 94
21 94
23 94
29 94
32 94
37 94
39 94
44 94
48 94
49 94
55 94
58 94
64 94
65 94
66 94
67 94
72 94
79 94
81 94
85 94
3 95
6 95
19 95
26 95
32 95
33 95
36 95
37 95
40 95
45 95
46 95
47 95
48 95
57 95
65 95
67 95
68 95
74 95
75 95
79 95
81 95
83 95
89 95
4 96
7 96
14 96
15 96
16 96
32 96
36 96
38 96
39 96
41 96
42 96
45 96
46 96
66 96
74 96
76 96
78 96
82 96
83 96
90 96
1 97
6 97
9 97
11 97
13 97
19 97
21 97
22 97
25 97
27 97
29 97
30 97
39 97
43 97
51 97
55 97
61 97
68 97
69 97
74 97
75 97
82 97
83 97
85 97
87 97
90 97
0 98
2 98
6 98
8 98
9 98
11 98
15 98
19 98
20 98
39 98
42 98
47 98
49 98
51 98
54 98
57 98
62 98
66 98
69 98
70 98
71 98
72 98
75 98
84 98
87 98
91 98
93 98
3 99
13 99
18 99
19 99
20 99
23 99
26 99
28 99
29 99
31 99
41 99
42 99
43 99
54 99
56 99
61 99
64 99
68 99
73 99
75 99
80 99
87 99
90 99
93 99
