50 193 8
1 16 18 1 7 8 2 40 13 28 4 1 3 3 34 10 20 6 37 11 9 3 8 24 9 28 21 2 6 8 6 34 1 13 16 4 4 2 9 7 2 7 3 2 6 11 3 7 1 5
6 12
9 12
4 13
7 13
2 16
5 16
0 17
1 17
4 17
5 17
9 17
0 18
2 18
4 18
8 18
9 18
3 19
7 19
8 19
10 19
11 19
4 20
8 20
9 20
7 21
8 21
12 21
15 21
8 22
11 22
16 22
9 23
19 23
4 24
7 24
8 24
13 24
15 24
1 25
4 25
8 25
10 25
1 26
9 26
13 26
16 26
17 26
5 27
10 27
11 27
14 27
20 27
3 28
8 28
12 28
13 28
19 28
3 29
9 29
15 29
21 29
23 29
28 29
9 30
15 30
16 30
19 30
22 30
0 31
7 31
14 31
23 31
25 31
0 32
2 32
6 32
11 32
14 32
15 32
25 32
2 33
9 33
11 33
15 33
17 33
18 33
24 33
0 34
6 34
15 34
20 34
21 34
2 35
6 35
10 35
12 35
17 35
18 35
21 35
27 35
21 36
0 37
14 37
18 37
2 38
18 38
21 38
25 38
26 38
3 39
6 39
9 39
15 39
17 39
23 39
24 39
25 39
30 39
34 39
36 39
0 40
15 40
16 40
21 40
23 40
28 40
32 40
33 40
37 40
3 41
8 41
13 41
16 41
25 41
27 41
28 41
35 41
1 42
11 42
13 42
19 42
21 42
22 42
31 42
37 42
2 43
7 43
11 43
17 43
20 43
30 43
38 43
0 44
1 44
16 44
22 44
23 44
25 44
27 44
29 44
1 45
11 45
13 45
17 45
19 45
20 45
24 45
27 45
28 45
37 45
1 46
4 46
16 46
27 46
30 46
32 46
37 46
5 47
7 47
13 47
18 47
2 48
6 48
7 48
8 48
17 48
22 48
34 48
37 48
9 49
10 49
11 49
35 49
