50 427 8
4 6 5 6 6 5 5 7 7 6 6 6 7 6 5 6 7 6 6 6 4 7 5 4 5 5 5 4 4 6 6 7 6 5 5 5 6 5 7 5 6 5 5 7 4 5 6 6 7 5
1 8
1 9
4 9
5 9
7 9
0 10
3 10
7 10
0 11
2 11
3 11
4 11
7 11
1 12
2 12
4 12
5 12
4 13
0 14
3 14
4 14
0 15
1 15
2 15
6 15
1 16
2 16
3 16
6 16
0 17
4 17
5 17
0 18
1 18
3 18
7 18
11 18
14 18
15 18
17 18
3 19
5 19
9 19
10 19
13 19
14 19
16 19
0 20
1 20
2 20
7 20
8 20
10 20
11 20
12 20
17 20
1 21
2 21
4 21
5 21
6 21
7 21
12 21
16 21
1 22
3 22
4 22
7 22
13 22
17 22
0 23
1 23
3 23
4 23
5 23
9 23
12 23
14 23
17 23
0 24
3 24
5 24
6 24
9 24
10 24
12 24
4 25
6 25
7 25
9 25
12 25
15 25
0 26
4 26
7 26
8 26
9 26
10 26
11 26
12 26
13 26
14 26
15 26
17 26
1 27
3 27
4 27
5 27
7 27
11 27
12 27
13 27
16 27
17 27
0 28
1 28
5 28
6 28
8 28
10 28
11 28
12 28
13 28
1 29
2 29
4 29
6 29
9 29
10 29
16 29
24 29
25 29
26 29
27 29
28 29
1 30
2 30
5 30
6 30
8 30
9 30
11 30
14 30
19 30
20 30
21 30
22 30
23 30
26 30
28 30
1 31
2 31
3 31
5 31
7 31
8 31
9 31
10 31
12 31
14 31
15 31
16 31
17 31
19 31
28 31
0 32
6 32
8 32
9 32
10 32
16 32
17 32
19 32
22 32
24 32
25 32
26 32
0 33
1 33
2 33
5 33
6 33
9 33
13 33
19 33
20 33
21 33
24 33
25 33
28 33
2 34
5 34
6 34
8 34
10 34
16 34
21 34
22 34
25 34
26 34
27 34
5 35
6 35
8 35
15 35
16 35
19 35
20 35
21 35
22 35
23 35
24 35
0 36
1 36
2 36
4 36
8 36
9 36
11 36
12 36
14 36
18 36
20 36
21 36
22 36
24 36
25 36
26 36
28 36
0 37
12 37
14 37
15 37
16 37
23 37
25 37
26 37
28 37
2 38
3 38
4 38
6 38
13 38
15 38
20 38
24 38
27 38
1 39
4 39
6 39
9 39
11 39
12 39
15 39
23 39
26 39
30 39
31 39
32 39
34 39
35 39
2 40
4 40
5 40
7 40
12 40
13 40
16 40
17 40
20 40
22 40
26 40
32 40
35 40
37 40
2 41
3 41
4 41
6 41
7 41
9 41
11 41
13 41
14 41
16 41
19 41
20 41
22 41
24 41
25 41
27 41
28 41
30 41
34 41
1 42
2 42
3 42
7 42
10 42
12 42
13 42
15 42
17 42
22 42
23 42
24 42
25 42
27 42
28 42
29 42
30 42
32 42
33 42
34 42
0 43
1 43
3 43
4 43
7 43
9 43
10 43
11 43
13 43
14 43
19 43
21 43
24 43
25 43
26 43
30 43
33 43
35 43
2 44
4 44
7 44
9 44
12 44
13 44
15 44
16 44
18 44
24 44
26 44
27 44
29 44
30 44
31 44
32 44
34 44
35 44
0 45
2 45
4 45
5 45
6 45
9 45
10 45
14 45
16 45
17 45
19 45
23 45
24 45
25 45
27 45
28 45
31 45
34 45
0 46
1 46
6 46
7 46
13 46
15 46
20 46
22 46
25 46
26 46
27 46
31 46
32 46
33 46
36 46
4 47
7 47
8 47
9 47
11 47
15 47
16 47
17 47
20 47
25 47
26 47
31 47
32 47
36 47
38 47
5 48
6 48
8 48
9 48
11 48
12 48
16 48
18 48
20 48
24 48
27 48
30 48
32 48
36 48
37 48
1 49
2 49
10 49
13 49
17 49
19 49
20 49
21 49
23 49
28 49
31 49
33 49
35 49
36 49
