50 575 8
10 14 7 9 16 13 13 10 12 7 13 10 11 4 12 10 9 8 11 7 12 9 10 10 13 9 10 12 11 7 9 11 7 9 11 11 15 9 8 9 11 8 7 15 6 9 13 12 10 6
0 9
1 9
2 9
3 9
4 9
5 9
6 9
0 10
1 10
3 10
4 10
6 10
7 10
8 10
0 11
1 11
3 11
4 11
6 11
7 11
0 12
0 13
1 13
2 13
3 13
4 13
5 13
6 13
7 13
1 14
3 14
5 14
6 14
3 15
6 15
1 16
5 16
6 16
8 16
1 17
2 17
3 17
4 17
5 17
1 18
5 18
6 18
2 19
3 19
4 19
6 19
7 19
11 19
14 19
16 19
17 19
18 19
0 20
1 20
3 20
4 20
5 20
7 20
8 20
11 20
12 20
13 20
15 20
16 20
17 20
18 20
0 21
1 21
2 21
3 21
5 21
6 21
8 21
10 21
11 21
12 21
13 21
16 21
18 21
0 22
1 22
2 22
3 22
4 22
5 22
6 22
8 22
12 22
13 22
15 22
16 22
17 22
18 22
0 23
1 23
2 23
4 23
5 23
6 23
9 23
10 23
11 23
13 23
14 23
16 23
18 23
1 24
2 24
3 24
4 24
6 24
8 24
10 24
11 24
12 24
13 24
14 24
15 24
1 25
3 25
8 25
12 25
14 25
15 25
17 25
18 25
2 26
3 26
4 26
5 26
8 26
9 26
10 26
11 26
13 26
14 26
15 26
17 26
0 27
1 27
2 27
3 27
4 27
5 27
6 27
7 27
8 27
9 27
13 27
14 27
16 27
17 27
1 28
2 28
5 28
6 28
10 28
13 28
14 28
15 28
16 28
17 28
21 28
22 28
23 28
25 28
1 29
4 29
5 29
6 29
7 29
8 29
9 29
10 29
15 29
16 29
19 29
20 29
21 29
23 29
26 29
0 30
1 30
2 30
6 30
7 30
8 30
10 30
11 30
12 30
14 30
15 30
17 30
18 30
21 30
22 30
24 30
25 30
26 30
0 31
1 31
2 31
4 31
6 31
7 31
8 31
10 31
12 31
14 31
16 31
17 31
19 31
20 31
21 31
22 31
24 31
27 31
0 32
5 32
6 32
10 32
12 32
14 32
15 32
17 32
20 32
21 32
24 32
25 32
27 32
1 33
2 33
3 33
11 33
13 33
14 33
15 33
16 33
17 33
18 33
19 33
20 33
22 33
25 33
26 33
3 34
4 34
8 34
11 34
13 34
18 34
19 34
21 34
22 34
23 34
25 34
26 34
0 35
1 35
2 35
4 35
5 35
7 35
8 35
10 35
12 35
13 35
14 35
16 35
17 35
18 35
20 35
22 35
23 35
24 35
0 36
2 36
3 36
4 36
5 36
10 36
12 36
13 36
17 36
18 36
21 36
23 36
24 36
26 36
3 37
9 37
10 37
11 37
12 37
14 37
15 37
16 37
17 37
18 37
21 37
24 37
27 37
3 38
5 38
6 38
7 38
8 38
9 38
10 38
11 38
12 38
13 38
14 38
16 38
17 38
18 38
20 38
21 38
22 38
23 38
27 38
0 39
1 39
2 39
4 39
5 39
6 39
8 39
11 39
12 39
13 39
14 39
15 39
16 39
18 39
19 39
21 39
23 39
24 39
25 39
26 39
27 39
0 40
2 40
3 40
5 40
8 40
9 40
10 40
12 40
13 40
15 40
16 40
17 40
18 40
19 40
20 40
21 40
23 40
25 40
27 40
28 40
29 40
31 40
32 40
33 40
36 40
37 40
39 40
0 41
1 41
3 41
7 41
11 41
14 41
18 41
19 41
22 41
23 41
24 41
25 41
26 41
32 41
33 41
35 41
36 41
38 41
39 41
4 42
5 42
6 42
7 42
8 42
10 42
13 42
15 42
16 42
17 42
18 42
19 42
21 42
23 42
24 42
25 42
27 42
28 42
29 42
31 42
33 42
34 42
37 42
2 43
3 43
4 43
6 43
7 43
9 43
11 43
13 43
16 43
21 43
22 43
23 43
24 43
25 43
28 43
30 43
32 43
34 43
35 43
36 43
37 43
0 44
1 44
2 44
4 44
6 44
7 44
8 44
9 44
10 44
11 44
12 44
13 44
14 44
17 44
18 44
21 44
22 44
23 44
26 44
27 44
28 44
29 44
31 44
33 44
37 44
38 44
0 45
2 45
3 45
4 45
5 45
6 45
7 45
8 45
10 45
12 45
14 45
15 45
16 45
18 45
19 45
21 45
22 45
23 45
24 45
27 45
28 45
31 45
32 45
35 45
36 45
38 45
0 46
4 46
5 46
7 46
8 46
9 46
15 46
16 46
17 46
20 46
21 46
24 46
25 46
26 46
27 46
28 46
29 46
30 46
31 46
35 46
38 46
39 46
2 47
3 47
4 47
7 47
8 47
11 47
12 47
13 47
14 47
22 47
25 47
27 47
30 47
31 47
32 47
33 47
35 47
36 47
37 47
38 47
39 47
2 48
3 48
6 48
7 48
9 48
10 48
13 48
16 48
17 48
18 48
19 48
20 48
29 48
30 48
31 48
32 48
35 48
39 48
2 49
3 49
5 49
6 49
8 49
9 49
10 49
11 49
12 49
15 49
16 49
18 49
19 49
21 49
22 49
23 49
24 49
26 49
27 49
29 49
32 49
33 49
35 49
37 49
39 49
