50 127 8
7 10 18 20 8 10 10 5 1 7 18 10 1 16 9 2 2 10 14 2 5 14 13 8 16 6 8 19 4 4 10 16 5 1 17 10 10 1 4 10 6 8 5 3 5 14 9 20 4 5
0 1
0 6
2 6
5 8
5 9
7 11
10 11
2 12
3 12
5 13
8 13
1 14
10 18
11 18
8 19
11 20
12 20
1 22
10 22
11 22
12 23
8 24
20 24
21 24
13 25
16 25
20 25
21 25
22 25
11 27
13 27
14 27
17 28
7 29
21 29
0 30
3 30
8 30
13 30
21 30
25 30
26 30
29 30
4 31
10 31
16 31
7 32
11 32
15 32
23 32
26 32
29 32
3 33
9 33
14 33
24 33
0 34
16 34
20 34
22 34
4 35
19 35
1 36
10 36
13 36
26 36
32 36
35 36
22 37
1 38
16 38
18 38
31 38
0 39
11 39
22 39
36 39
4 40
20 40
23 40
26 40
27 40
33 40
34 40
39 40
2 41
10 41
18 41
20 41
21 41
24 41
25 41
35 41
5 42
6 42
8 42
13 42
22 42
27 42
36 42
1 43
2 43
42 43
9 44
36 44
7 45
8 45
26 45
32 45
10 46
15 46
18 46
22 46
27 46
36 46
40 46
44 46
4 47
17 47
29 48
36 48
46 48
11 49
13 49
21 49
26 49
42 49
