50 182 16
14 16 12 5 10 1 4 8 3 15 5 2 1 1 10 4 1 11 4 8 1 17 6 17 10 4 18 1 19 20 7 4 13 1 5 1 10 15 6 5 4 20 9 19 2 4 19 9 9 1
1 8
3 10
4 10
6 11
1 12
7 12
7 13
6 14
1 15
2 15
1 16
3 17
3 18
6 18
7 18
10 18
12 18
0 19
12 19
16 19
6 20
10 20
0 21
4 21
10 21
12 21
15 21
14 22
5 23
6 23
9 23
14 23
3 24
5 24
7 24
16 24
5 25
7 25
14 25
2 26
5 26
7 26
11 26
2 27
3 27
17 27
3 29
11 29
14 29
4 30
5 30
10 30
11 30
17 30
19 30
22 30
23 30
24 30
26 30
28 30
4 31
5 31
18 31
4 32
6 32
8 32
10 32
12 32
13 32
24 32
29 32
22 33
23 33
28 33
2 34
3 34
13 34
17 34
18 34
21 34
26 34
12 35
15 35
18 35
22 35
24 35
28 35
5 36
7 36
14 36
18 36
25 36
2 37
6 37
7 37
13 37
16 37
22 37
29 37
8 38
15 38
23 38
25 38
26 38
4 39
5 39
12 39
14 39
17 39
18 39
28 39
4 40
15 40
17 40
19 40
20 40
32 40
7 41
12 41
13 41
14 41
27 41
31 41
33 41
36 41
0 42
2 42
3 42
11 42
31 42
33 42
36 42
0 43
3 43
8 43
13 43
21 43
23 43
27 43
35 43
38 43
12 44
14 44
18 44
24 44
26 44
27 44
30 44
32 44
33 44
34 44
1 45
7 45
9 45
14 45
19 45
22 45
24 45
29 45
31 45
38 45
15 46
18 46
21 46
23 46
9 47
17 47
22 47
24 47
36 47
4 48
9 48
11 48
13 48
14 48
29 48
33 48
0 49
6 49
23 49
25 49
26 49
