50 155 8
6 7 9 9 11 6 13 5 7 5 6 5 12 12 5 10 5 12 15 6 21 6 12 5 6 11 12 14 5 5 9 6 5 6 6 6 5 14 6 12 7 6 7 16 12 6 5 7 6 3
0 1
1 4
0 5
0 8
2 10
2 11
3 11
7 11
10 12
11 13
0 14
1 14
11 14
3 15
6 15
2 16
10 16
8 17
7 18
5 19
18 19
15 20
9 21
10 21
19 21
0 22
3 22
18 22
7 23
9 23
14 23
3 24
18 24
19 24
21 24
0 25
3 25
4 25
16 25
18 25
0 26
5 26
8 26
11 26
17 26
22 26
16 27
6 28
12 28
17 28
24 28
2 29
12 29
25 29
4 30
8 30
8 31
13 31
16 31
17 31
2 32
17 32
25 32
5 33
10 33
14 33
16 33
23 34
8 35
29 35
33 35
13 36
17 36
34 36
5 37
11 37
25 37
0 38
16 38
19 38
25 38
26 38
31 38
0 39
4 39
5 39
7 39
12 39
18 39
34 39
35 39
0 40
2 40
10 40
11 40
13 40
20 40
24 40
25 40
27 40
35 40
5 41
31 41
1 42
16 42
17 42
20 42
29 42
39 42
2 43
6 43
13 43
18 43
26 44
29 44
36 44
1 45
3 45
4 45
5 45
14 45
19 45
23 45
15 46
22 46
27 46
31 46
33 46
35 46
40 46
41 46
43 46
44 46
0 47
2 47
7 47
12 47
25 47
26 47
29 47
33 47
37 47
38 47
7 48
8 48
18 48
31 48
43 48
14 49
18 49
19 49
20 49
22 49
23 49
31 49
