50 133 8
6 25 11 40 4 2 4 1 4 4 39 8 5 13 2 13 1 6 9 28 1 2 10 7 4 36 4 2 9 1 19 3 23 11 1 2 3 6 15 1 22 30 3 18 4 6 2 1 2 4
0 10
5 10
7 10
7 11
9 11
4 12
7 14
7 15
9 15
2 16
5 16
4 17
2 18
0 19
1 19
2 19
13 19
14 19
11 20
2 22
7 22
11 22
13 22
1 23
9 23
13 23
18 23
9 24
3 25
14 25
17 26
4 27
7 27
8 27
10 27
10 28
16 28
6 29
8 29
15 29
17 29
8 30
12 30
16 30
20 31
24 31
26 31
28 31
0 32
1 32
15 32
17 32
19 32
4 33
6 33
14 33
18 33
24 33
25 33
30 33
4 34
14 34
19 34
23 34
15 35
16 35
20 35
21 35
24 35
3 36
9 36
20 36
23 36
3 37
8 37
1 38
4 38
8 38
26 38
27 38
13 39
15 39
17 39
29 39
0 40
7 40
12 40
16 40
19 40
23 40
27 40
32 40
33 40
34 40
2 41
9 41
27 41
31 41
32 41
8 42
17 42
0 43
6 43
16 43
17 43
20 43
26 43
28 43
29 43
34 43
7 44
15 44
23 44
26 44
2 45
11 45
18 45
32 45
35 45
19 46
22 47
23 47
27 47
29 47
31 47
9 48
19 48
28 48
4 49
11 49
29 49
33 49
34 49
