50 105 8
6 5 2 15 13 8 10 10 3 16 6 6 6 10 14 5 6 5 6 5 6 12 9 7 8 10 9 6 5 13 10 9 13 15 10 6 8 6 6 3 10 11 6 10 4 12 4 6 5 5
0 1
1 2
0 3
2 3
5 6
5 7
7 12
0 15
1 15
4 15
15 16
0 18
7 18
3 19
14 19
13 20
16 20
6 21
10 21
4 23
10 23
1 25
6 25
11 25
6 26
3 27
10 28
16 28
25 28
3 29
7 29
8 29
12 29
19 29
23 29
4 30
13 30
17 30
18 30
23 30
21 31
4 32
8 32
9 32
19 32
27 32
1 33
20 33
29 33
0 34
9 34
5 35
18 35
29 35
11 36
29 36
30 36
4 37
12 37
17 37
18 37
21 37
23 37
25 37
27 37
28 37
29 37
33 37
1 38
36 38
0 39
2 39
4 39
17 39
37 39
4 40
5 40
10 40
11 40
12 41
28 41
8 42
9 42
10 42
24 42
33 42
15 43
26 43
3 44
16 44
18 45
21 45
16 46
31 46
43 46
4 47
20 47
32 47
36 47
42 47
8 48
21 48
35 48
17 49
42 49
