50 742 8
5 13 5 5 5 6 11 16 6 4 16 7 15 4 6 6 10 6 10 9 4 4 5 6 6 14 4 7 15 11 16 5 6 8 5 11 10 7 12 9 3 6 4 10 10 6 7 9 6 5
0 1
0 2
1 2
0 3
1 3
0 4
2 4
3 4
0 5
1 5
2 5
3 5
4 5
0 6
2 6
4 6
0 7
2 7
3 7
4 7
2 8
4 8
2 9
3 9
4 9
5 9
6 9
7 9
0 10
2 10
3 10
5 10
6 10
8 10
9 10
1 11
2 11
4 11
6 11
8 11
9 11
10 11
0 12
1 12
2 12
4 12
5 12
6 12
7 12
8 12
9 12
11 12
1 13
2 13
3 13
5 13
6 13
8 13
10 13
11 13
12 13
4 14
7 14
8 14
10 14
11 14
12 14
13 14
1 15
2 15
3 15
4 15
8 15
9 15
10 15
11 15
12 15
13 15
0 16
1 16
3 16
4 16
5 16
6 16
9 16
10 16
12 16
13 16
14 16
1 17
2 17
3 17
4 17
6 17
8 17
10 17
11 17
14 17
16 17
0 18
1 18
4 18
5 18
6 18
7 18
8 18
10 18
14 18
15 18
16 18
0 19
5 19
7 19
8 19
10 19
11 19
12 19
14 19
0 20
1 20
2 20
4 20
5 20
6 20
7 20
8 20
9 20
12 20
13 20
14 20
15 20
17 20
19 20
1 21
2 21
3 21
5 21
7 21
13 21
14 21
15 21
16 21
19 21
20 21
0 22
1 22
2 22
5 22
7 22
8 22
10 22
11 22
12 22
13 22
14 22
15 22
16 22
17 22
19 22
20 22
1 23
3 23
4 23
5 23
8 23
10 23
12 23
14 23
16 23
19 23
20 23
21 23
0 24
2 24
3 24
5 24
6 24
7 24
8 24
14 24
15 24
16 24
17 24
19 24
22 24
0 25
2 25
4 25
6 25
7 25
8 25
9 25
10 25
12 25
13 25
14 25
15 25
16 25
17 25
18 25
21 25
22 25
24 25
0 26
3 26
4 26
5 26
6 26
7 26
8 26
15 26
16 26
17 26
18 26
20 26
21 26
23 26
24 26
0 27
2 27
4 27
5 27
7 27
10 27
11 27
12 27
15 27
16 27
19 27
20 27
21 27
22 27
23 27
24 27
26 27
3 28
4 28
6 28
8 28
11 28
12 28
13 28
16 28
17 28
18 28
19 28
20 28
21 28
23 28
24 28
27 28
2 29
3 29
4 29
5 29
7 29
11 29
13 29
14 29
15 29
16 29
18 29
19 29
20 29
24 29
25 29
26 29
28 29
0 30
5 30
6 30
9 30
10 30
11 30
13 30
15 30
16 30
17 30
18 30
19 30
20 30
22 30
24 30
25 30
26 30
27 30
28 30
0 31
2 31
3 31
4 31
6 31
7 31
8 31
10 31
15 31
16 31
19 31
20 31
22 31
23 31
24 31
25 31
26 31
27 31
28 31
29 31
30 31
0 32
1 32
2 32
3 32
5 32
6 32
8 32
9 32
10 32
12 32
13 32
15 32
17 32
18 32
19 32
22 32
23 32
24 32
25 32
26 32
27 32
28 32
29 32
31 32
0 33
1 33
3 33
4 33
5 33
6 33
7 33
8 33
10 33
11 33
13 33
14 33
15 33
18 33
19 33
24 33
25 33
27 33
28 33
29 33
0 34
1 34
2 34
3 34
4 34
5 34
6 34
10 34
13 34
14 34
15 34
16 34
17 34
18 34
19 34
20 34
21 34
22 34
23 34
24 34
25 34
26 34
27 34
28 34
29 34
30 34
31 34
0 35
1 35
4 35
6 35
9 35
11 35
12 35
13 35
14 35
16 35
17 35
18 35
19 35
20 35
21 35
23 35
24 35
27 35
29 35
32 35
33 35
34 35
0 36
1 36
2 36
3 36
6 36
7 36
10 36
12 36
14 36
15 36
16 36
17 36
20 36
21 36
23 36
25 36
26 36
27 36
30 36
31 36
33 36
34 36
0 37
1 37
2 37
5 37
6 37
7 37
9 37
10 37
11 37
13 37
14 37
21 37
23 37
24 37
25 37
26 37
27 37
28 37
29 37
31 37
32 37
33 37
34 37
35 37
36 37
1 38
2 38
3 38
7 38
8 38
9 38
10 38
11 38
12 38
14 38
15 38
19 38
20 38
22 38
24 38
27 38
28 38
30 38
31 38
32 38
35 38
36 38
37 38
0 39
2 39
4 39
5 39
6 39
7 39
8 39
9 39
11 39
12 39
16 39
17 39
19 39
20 39
23 39
26 39
27 39
33 39
36 39
37 39
4 40
8 40
9 40
10 40
12 40
15 40
16 40
17 40
19 40
21 40
23 40
24 40
28 40
29 40
30 40
34 40
36 40
37 40
38 40
0 41
1 41
4 41
8 41
9 41
10 41
11 41
12 41
13 41
15 41
17 41
19 41
20 41
22 41
32 41
33 41
34 41
35 41
36 41
37 41
39 41
40 41
2 42
3 42
4 42
5 42
6 42
8 42
9 42
11 42
12 42
15 42
16 42
18 42
19 42
20 42
21 42
22 42
24 42
25 42
28 42
29 42
30 42
31 42
33 42
34 42
35 42
36 42
37 42
38 42
39 42
41 42
1 43
6 43
7 43
10 43
12 43
14 43
16 43
18 43
20 43
23 43
25 43
26 43
27 43
30 43
33 43
34 43
35 43
36 43
37 43
39 43
40 43
42 43
1 44
2 44
4 44
9 44
10 44
11 44
15 44
16 44
17 44
19 44
21 44
24 44
25 44
26 44
29 44
30 44
33 44
34 44
39 44
40 44
41 44
42 44
43 44
0 45
1 45
3 45
4 45
7 45
8 45
10 45
11 45
12 45
13 45
14 45
17 45
18 45
19 45
21 45
22 45
23 45
24 45
26 45
28 45
29 45
30 45
33 45
34 45
35 45
36 45
37 45
39 45
40 45
41 45
43 45
0 46
1 46
6 46
8 46
9 46
10 46
12 46
13 46
14 46
15 46
16 46
19 46
21 46
25 46
26 46
27 46
29 46
30 46
32 46
33 46
34 46
35 46
40 46
41 46
42 46
0 47
4 47
5 47
7 47
8 47
11 47
15 47
16 47
17 47
18 47
19 47
22 47
24 47
25 47
30 47
33 47
35 47
36 47
37 47
38 47
39 47
41 47
43 47
46 47
0 48
2 48
3 48
4 48
5 48
6 48
7 48
8 48
10 48
12 48
13 48
16 48
17 48
19 48
21 48
22 48
23 48
25 48
26 48
29 48
30 48
33 48
34 48
36 48
37 48
40 48
41 48
45 48
46 48
47 48
0 49
2 49
4 49
8 49
9 49
13 49
15 49
16 49
18 49
19 49
23 49
26 49
29 49
30 49
31 49
34 49
36 49
37 49
38 49
40 49
41 49
43 49
44 49
47 49
48 49
