50 625 8
10 1 19 10 3 3 10 4 17 12 1 1 9 10 7 10 2 9 20 10 17 11 8 3 1 8 7 12 15 6 2 7 9 5 5 6 2 3 6 2 7 13 5 6 17 16 3 16 18 14
0 8
1 8
4 8
5 8
6 8
1 9
2 9
3 9
5 9
6 9
0 10
1 10
3 10
4 10
5 10
6 10
7 10
0 11
1 11
2 11
3 11
5 11
1 12
3 12
4 12
5 12
7 12
0 13
1 13
3 13
4 13
6 13
0 14
1 14
2 14
3 14
5 14
6 14
2 15
3 15
4 15
5 15
6 15
0 16
1 16
2 16
3 16
6 16
7 16
0 17
3 17
6 17
7 17
8 17
9 17
10 17
11 17
12 17
14 17
16 17
0 18
1 18
2 18
3 18
4 18
6 18
7 18
8 18
9 18
10 18
11 18
15 18
16 18
1 19
3 19
6 19
7 19
8 19
9 19
10 19
12 19
13 19
14 19
0 20
1 20
2 20
3 20
5 20
6 20
8 20
9 20
10 20
11 20
12 20
13 20
15 20
16 20
0 21
1 21
3 21
5 21
6 21
7 21
8 21
9 21
10 21
11 21
12 21
13 21
14 21
15 21
16 21
1 22
2 22
4 22
5 22
6 22
7 22
8 22
9 22
10 22
13 22
14 22
0 23
2 23
3 23
4 23
5 23
9 23
10 23
11 23
13 23
15 23
16 23
0 24
2 24
3 24
4 24
5 24
7 24
11 24
14 24
15 24
0 25
4 25
5 25
7 25
11 25
12 25
14 25
1 26
3 26
4 26
5 26
6 26
8 26
9 26
11 26
16 26
0 27
2 27
3 27
4 27
5 27
8 27
9 27
11 27
12 27
13 27
15 27
0 28
2 28
3 28
4 28
5 28
7 28
8 28
10 28
11 28
13 28
14 28
15 28
16 28
0 29
1 29
2 29
3 29
4 29
8 29
9 29
11 29
13 29
14 29
15 29
0 30
4 30
6 30
8 30
9 30
10 30
11 30
12 30
0 31
2 31
3 31
4 31
5 31
6 31
7 31
8 31
9 31
10 31
11 31
12 31
13 31
15 31
16 31
1 32
3 32
4 32
6 32
9 32
11 32
12 32
13 32
14 32
16 32
0 33
1 33
3 33
4 33
5 33
6 33
7 33
9 33
10 33
12 33
13 33
14 33
15 33
16 33
17 33
19 33
20 33
23 33
26 33
27 33
28 33
31 33
2 34
3 34
4 34
6 34
7 34
8 34
10 34
12 34
14 34
16 34
18 34
19 34
20 34
23 34
24 34
28 34
29 34
30 34
32 34
0 35
1 35
2 35
3 35
5 35
7 35
8 35
9 35
10 35
11 35
12 35
16 35
17 35
19 35
20 35
22 35
23 35
25 35
27 35
28 35
29 35
30 35
0 36
1 36
5 36
6 36
8 36
11 36
12 36
13 36
14 36
15 36
17 36
18 36
20 36
21 36
22 36
25 36
26 36
28 36
29 36
32 36
1 37
5 37
8 37
9 37
10 37
13 37
14 37
15 37
19 37
22 37
23 37
24 37
26 37
29 37
30 37
31 37
32 37
0 38
1 38
3 38
5 38
7 38
9 38
11 38
13 38
15 38
17 38
18 38
19 38
21 38
22 38
23 38
24 38
26 38
27 38
28 38
29 38
30 38
32 38
2 39
4 39
5 39
9 39
11 39
12 39
13 39
16 39
18 39
19 39
20 39
21 39
22 39
24 39
29 39
30 39
31 39
32 39
0 40
3 40
5 40
6 40
7 40
8 40
10 40
11 40
12 40
13 40
16 40
18 40
19 40
20 40
21 40
27 40
28 40
29 40
30 40
31 40
32 40
0 41
4 41
5 41
6 41
8 41
10 41
12 41
13 41
14 41
15 41
17 41
18 41
19 41
20 41
21 41
22 41
24 41
25 41
26 41
27 41
28 41
29 41
31 41
32 41
35 41
36 41
37 41
38 41
2 42
3 42
5 42
7 42
9 42
10 42
11 42
12 42
13 42
15 42
16 42
17 42
18 42
20 42
21 42
22 42
23 42
24 42
25 42
27 42
28 42
30 42
31 42
33 42
34 42
35 42
37 42
40 42
0 43
3 43
4 43
5 43
6 43
8 43
9 43
10 43
12 43
13 43
14 43
15 43
16 43
18 43
19 43
20 43
23 43
27 43
28 43
31 43
32 43
34 43
35 43
36 43
37 43
2 44
3 44
4 44
6 44
7 44
9 44
12 44
13 44
15 44
16 44
18 44
19 44
21 44
22 44
23 44
24 44
26 44
27 44
28 44
30 44
33 44
36 44
37 44
38 44
39 44
40 44
0 45
4 45
7 45
8 45
10 45
12 45
13 45
14 45
15 45
17 45
20 45
21 45
22 45
23 45
24 45
25 45
26 45
29 45
31 45
32 45
33 45
34 45
35 45
37 45
39 45
40 45
1 46
2 46
5 46
7 46
8 46
10 46
13 46
14 46
15 46
16 46
20 46
21 46
24 46
25 46
27 46
28 46
29 46
30 46
31 46
32 46
34 46
35 46
36 46
38 46
40 46
1 47
2 47
4 47
5 47
7 47
8 47
9 47
10 47
11 47
13 47
14 47
17 47
18 47
20 47
22 47
23 47
24 47
27 47
31 47
32 47
34 47
35 47
36 47
37 47
38 47
39 47
40 47
1 48
2 48
3 48
5 48
7 48
8 48
10 48
11 48
13 48
14 48
15 48
16 48
17 48
18 48
19 48
21 48
22 48
24 48
25 48
26 48
27 48
30 48
31 48
32 48
33 48
34 48
35 48
38 48
40 48
0 49
3 49
5 49
6 49
10 49
11 49
13 49
15 49
17 49
19 49
20 49
22 49
24 49
25 49
26 49
28 49
29 49
30 49
31 49
32 49
33 49
36 49
39 49
