50 382 8
5 11 15 6 12 5 7 17 5 6 5 7 6 6 7 8 10 5 5 6 6 14 6 5 4 5 10 8 10 5 6 4 5 12 5 6 6 3 6 6 15 9 6 2 13 11 6 10 14 12
2 4
1 5
0 6
1 6
3 6
5 6
5 7
0 8
5 8
1 9
3 9
7 9
3 10
6 10
1 11
3 11
4 11
5 11
7 11
8 11
0 12
3 12
5 12
10 12
1 13
2 13
4 13
5 13
3 14
5 14
7 14
10 14
12 14
0 15
1 15
3 15
4 15
6 15
7 15
13 15
2 16
6 16
7 16
8 16
10 16
13 16
14 16
15 16
2 17
4 17
8 17
11 17
13 17
1 18
4 18
13 18
14 18
15 18
0 19
1 19
2 19
4 19
8 19
9 19
10 19
12 19
13 19
0 20
6 20
8 20
12 20
15 20
16 20
18 20
6 21
7 21
10 21
20 21
1 22
5 22
7 22
11 22
12 22
13 22
15 22
17 22
0 23
1 23
2 23
8 23
12 23
15 23
20 23
1 24
3 24
5 24
9 24
11 24
14 24
19 24
22 24
0 25
2 25
4 25
8 25
10 25
15 25
19 25
20 25
22 25
23 25
1 26
2 26
4 26
12 26
14 26
15 26
24 26
3 27
4 27
12 27
14 27
16 27
19 27
21 27
22 27
23 27
6 28
10 28
15 28
18 28
24 28
27 28
5 29
8 29
12 29
13 29
19 29
23 29
6 30
7 30
9 30
12 30
16 30
19 30
20 30
22 30
23 30
24 30
25 30
3 31
6 31
8 31
18 31
21 31
22 31
23 31
27 31
30 31
7 32
12 32
13 32
14 32
15 32
20 32
23 32
24 32
29 32
0 33
2 33
10 33
14 33
17 33
20 33
28 33
3 34
4 34
8 34
9 34
12 34
15 34
16 34
19 34
26 34
32 34
0 35
4 35
5 35
11 35
17 35
24 35
25 35
31 35
34 35
0 36
1 36
5 36
6 36
8 36
9 36
11 36
12 36
13 36
15 36
16 36
22 36
23 36
24 36
26 36
33 36
4 37
7 37
11 37
17 37
18 37
22 37
25 37
35 37
9 38
11 38
20 38
21 38
23 38
24 38
25 38
27 38
28 38
29 38
31 38
32 38
6 39
7 39
8 39
14 39
16 39
27 39
29 39
36 39
37 39
5 40
6 40
7 40
8 40
17 40
20 40
22 40
25 40
26 40
29 40
30 40
31 40
33 40
38 40
1 41
2 41
5 41
11 41
21 41
22 41
25 41
35 41
37 41
39 41
0 42
5 42
6 42
9 42
11 42
12 42
15 42
19 42
24 42
25 42
27 42
30 42
31 42
32 42
36 42
38 42
39 42
41 42
1 43
4 43
5 43
6 43
8 43
12 43
15 43
16 43
17 43
19 43
27 43
31 43
32 43
39 43
1 44
3 44
4 44
5 44
14 44
25 44
30 44
31 44
34 44
36 44
40 44
41 44
42 44
3 45
4 45
5 45
10 45
16 45
17 45
19 45
23 45
24 45
28 45
38 45
44 45
0 46
1 46
2 46
9 46
11 46
13 46
14 46
15 46
21 46
24 46
27 46
29 46
33 46
37 46
39 46
41 46
42 46
1 47
3 47
6 47
9 47
13 47
14 47
15 47
16 47
19 47
20 47
24 47
34 47
35 47
37 47
39 47
41 47
43 47
45 47
1 48
8 48
9 48
19 48
26 48
32 48
35 48
36 48
38 48
1 49
3 49
7 49
12 49
13 49
15 49
18 49
19 49
22 49
23 49
24 49
25 49
27 49
28 49
36 49
38 49
42 49
47 49
