50 427 8
8 5 7 13 14 10 6 5 11 5 12 6 10 8 4 13 5 6 12 9 5 13 8 16 5 6 14 8 6 9 13 9 12 5 3 5 4 6 4 6 6 13 13 14 8 6 4 6 7 6
0 10
5 10
7 10
8 10
0 11
1 11
2 11
4 11
6 11
9 11
3 12
4 12
9 12
2 13
3 13
5 13
7 13
8 13
2 14
4 14
5 14
7 14
8 14
9 14
2 15
3 15
6 15
2 16
3 16
6 16
9 16
0 17
1 17
2 17
3 17
5 17
6 17
7 17
4 18
5 18
6 18
9 18
2 19
3 19
4 19
5 19
7 19
9 19
0 20
1 20
4 20
8 20
9 20
10 20
11 20
13 20
14 20
16 20
1 21
2 21
3 21
4 21
8 21
11 21
12 21
14 21
15 21
19 21
2 22
3 22
6 22
7 22
9 22
10 22
12 22
13 22
14 22
15 22
16 22
0 23
1 23
5 23
11 23
15 23
17 23
18 23
0 24
4 24
6 24
7 24
10 24
13 24
14 24
15 24
17 24
18 24
19 24
0 25
1 25
2 25
3 25
6 25
8 25
13 25
14 25
15 25
16 25
17 25
19 25
0 26
2 26
3 26
5 26
6 26
7 26
8 26
9 26
10 26
13 26
14 26
15 26
17 26
0 27
7 27
10 27
13 27
16 27
0 28
9 28
10 28
11 28
12 28
14 28
17 28
19 28
2 29
5 29
6 29
7 29
10 29
12 29
13 29
14 29
15 29
17 29
19 29
2 30
3 30
4 30
8 30
10 30
12 30
14 30
15 30
16 30
17 30
18 30
19 30
0 31
7 31
8 31
10 31
12 31
13 31
14 31
17 31
0 32
2 32
6 32
8 32
10 32
12 32
15 32
16 32
18 32
20 32
24 32
25 32
28 32
6 33
7 33
9 33
10 33
11 33
12 33
13 33
14 33
20 33
21 33
1 34
2 34
3 34
4 34
5 34
6 34
8 34
12 34
13 34
16 34
19 34
20 34
21 34
24 34
27 34
31 34
0 35
10 35
16 35
26 35
29 35
0 36
2 36
4 36
5 36
10 36
11 36
14 36
15 36
20 36
22 36
25 36
28 36
29 36
0 37
2 37
3 37
5 37
9 37
16 37
19 37
21 37
23 37
25 37
26 37
27 37
28 37
29 37
0 38
1 38
2 38
10 38
13 38
16 38
18 38
19 38
21 38
22 38
26 38
27 38
28 38
29 38
0 39
5 39
8 39
10 39
11 39
13 39
15 39
16 39
18 39
21 39
23 39
24 39
27 39
29 39
30 39
31 39
2 40
6 40
7 40
9 40
12 40
23 40
24 40
31 40
1 41
3 41
6 41
7 41
14 41
15 41
16 41
19 41
20 41
21 41
28 41
29 41
31 41
7 42
13 42
15 42
18 42
20 42
21 42
26 42
27 42
31 42
4 43
6 43
7 43
14 43
15 43
17 43
19 43
20 43
22 43
23 43
24 43
26 43
33 43
34 43
35 43
36 43
39 43
41 43
0 44
1 44
2 44
4 44
5 44
6 44
10 44
16 44
17 44
18 44
29 44
30 44
31 44
32 44
35 44
36 44
39 44
2 45
5 45
6 45
7 45
8 45
10 45
13 45
17 45
22 45
24 45
26 45
27 45
29 45
30 45
31 45
33 45
35 45
37 45
38 45
39 45
42 45
3 46
5 46
7 46
8 46
12 46
13 46
21 46
22 46
25 46
26 46
31 46
36 46
37 46
38 46
42 46
2 47
3 47
6 47
9 47
12 47
15 47
18 47
19 47
20 47
22 47
23 47
30 47
31 47
32 47
36 47
38 47
42 47
1 48
3 48
7 48
9 48
10 48
12 48
13 48
17 48
18 48
20 48
22 48
26 48
27 48
29 48
31 48
35 48
38 48
39 48
41 48
0 49
1 49
2 49
4 49
5 49
7 49
8 49
10 49
11 49
12 49
14 49
15 49
16 49
20 49
22 49
26 49
29 49
30 49
31 49
32 49
35 49
38 49
41 49
