50 240 8
5 4 14 11 7 5 5 4 5 6 5 9 13 13 12 4 7 11 7 6 5 5 13 7 5 7 11 15 6 11 7 5 5 10 7 6 5 10 6 6 4 14 8 7 5 6 14 7 5 14
5 12
8 12
9 12
5 13
4 14
11 14
3 15
1 16
2 17
6 17
8 17
1 18
5 18
10 18
1 19
4 19
11 19
5 20
6 20
11 20
1 21
4 21
5 21
11 21
18 21
3 22
9 22
12 22
16 22
20 22
4 23
6 23
10 23
15 23
1 24
2 24
14 24
19 24
8 25
13 25
16 25
19 25
9 26
13 26
14 26
20 26
3 27
17 27
20 27
4 28
5 28
10 28
11 28
18 28
19 28
3 29
10 29
11 29
18 29
23 29
4 30
7 30
12 30
13 30
14 30
21 30
25 30
28 30
2 31
26 31
28 31
0 32
7 32
9 32
20 32
27 32
1 33
6 33
8 33
13 33
15 33
20 33
21 33
2 34
10 34
14 34
18 34
23 34
28 34
0 35
3 35
6 35
7 35
8 35
10 35
19 35
20 35
21 35
26 35
3 36
8 36
13 36
14 36
17 36
21 36
23 36
25 36
26 36
1 37
2 37
3 37
11 37
16 37
22 37
25 37
2 38
12 38
16 38
21 38
22 38
23 38
0 39
1 39
2 39
14 39
18 39
21 39
22 39
25 39
5 40
7 40
8 40
12 40
14 40
19 40
20 40
22 40
26 40
28 40
29 40
32 40
33 40
34 40
36 40
38 40
2 41
7 41
8 41
12 41
17 41
29 41
31 41
0 42
3 42
6 42
8 42
10 42
22 42
23 42
24 42
28 42
30 42
31 42
35 42
37 42
3 43
7 43
10 43
11 43
12 43
16 43
23 43
27 43
29 43
30 43
5 44
7 44
9 44
12 44
16 44
20 44
26 44
28 44
32 44
33 44
35 44
36 44
2 45
9 45
11 45
18 45
22 45
23 45
28 45
29 45
32 45
33 45
38 45
0 46
14 46
16 46
17 46
25 46
26 46
27 46
28 46
30 46
33 46
35 46
38 46
2 47
3 47
4 47
8 47
9 47
12 47
13 47
14 47
18 47
19 47
23 47
33 47
35 47
37 47
38 47
0 48
18 48
22 48
25 48
31 48
35 48
36 48
38 48
0 49
1 49
2 49
10 49
14 49
21 49
38 49
