50 164 16
1 3 6 1 2 3 2 5 2 9 8 1 6 6 9 1 8 2 9 6 5 4 7 2 4 6 2 4 1 3 4 10 10 5 3 9 4 5 6 4 7 3 3 1 4 6 10 8 5 7
1 6
0 8
5 8
0 9
3 9
8 9
9 10
3 11
3 12
6 13
9 13
11 13
9 14
11 14
13 14
6 17
9 17
8 18
17 18
5 19
18 19
7 20
5 21
6 21
10 21
14 21
19 21
20 21
19 22
20 22
21 22
0 23
2 23
10 23
11 23
19 23
2 24
6 24
8 24
21 24
9 25
18 25
9 26
15 26
16 26
24 26
7 27
10 27
12 27
1 28
5 28
24 28
26 28
3 29
6 29
8 29
12 30
13 30
23 30
28 30
0 31
4 31
9 31
12 31
13 31
18 31
19 31
23 31
26 31
2 32
7 32
9 32
4 33
6 33
22 33
23 33
31 33
32 33
4 34
6 34
15 34
22 34
25 34
28 34
33 34
4 35
12 35
20 35
21 35
23 35
24 35
25 35
4 36
5 37
7 37
19 37
24 37
0 38
3 38
5 38
18 38
19 38
21 38
28 38
31 38
36 38
4 39
6 39
16 39
21 39
26 39
29 39
30 39
31 39
38 39
9 40
10 40
18 40
27 40
39 40
2 41
10 41
24 41
25 41
4 42
8 42
25 42
28 42
30 42
34 42
35 42
40 42
12 43
13 43
25 43
26 43
28 43
2 44
12 44
22 44
25 44
9 45
11 45
23 45
29 45
39 45
5 46
12 46
29 46
1 47
20 47
31 47
33 47
34 47
36 47
21 48
34 48
39 48
0 49
12 49
14 49
19 49
26 49
38 49
