50 255 8
14 13 12 13 11 12 14 10 16 14 15 7 6 10 12 15 11 8 8 11 10 9 16 11 8 9 10 8 8 16 13 15 12 5 17 4 13 10 11 9 12 11 4 12 12 13 10 14 9 12
1 3
4 5
5 6
4 9
5 9
5 10
6 11
4 12
10 13
4 14
1 15
4 15
7 15
0 16
5 16
8 16
9 16
12 16
13 16
0 17
2 17
5 17
7 17
12 17
2 18
3 18
8 18
10 18
11 18
4 19
5 19
10 19
12 19
17 19
0 20
3 20
9 20
13 20
14 20
18 20
19 20
4 21
5 21
7 21
8 21
4 22
8 22
14 22
18 22
19 22
20 22
21 22
0 23
3 23
4 23
16 23
17 23
21 23
3 24
4 24
6 24
9 24
15 24
17 24
21 24
0 25
7 25
13 25
17 25
20 25
1 26
5 26
9 26
14 26
16 26
18 26
19 26
24 26
1 27
4 27
9 27
19 27
21 27
22 27
26 27
0 28
8 28
10 28
21 28
24 28
27 28
9 29
21 29
25 29
26 29
28 29
2 30
10 30
11 30
17 30
24 30
11 31
12 31
13 31
16 31
17 31
18 31
21 31
24 31
27 31
0 32
3 32
4 32
10 32
15 32
22 32
27 32
30 32
1 33
14 33
21 33
26 33
28 33
1 34
3 34
5 34
8 34
28 34
33 34
7 35
12 35
13 35
21 35
25 35
29 35
34 35
9 36
32 36
0 37
1 37
5 37
6 37
13 37
15 37
25 37
29 37
31 37
36 37
6 38
7 38
9 38
10 38
21 38
30 38
31 38
33 38
34 38
4 39
5 39
7 39
9 39
10 39
12 39
15 39
23 39
24 39
25 39
30 39
38 39
2 40
3 40
4 40
13 40
17 40
20 40
24 40
36 40
37 40
4 41
16 41
17 41
18 41
23 41
31 41
32 41
35 41
39 41
3 42
4 42
6 42
7 42
22 42
28 42
30 42
32 42
36 42
37 42
0 43
2 43
6 43
15 43
23 43
29 43
32 43
33 43
35 43
38 43
42 43
9 44
10 44
16 44
21 44
30 44
32 44
33 44
42 44
2 45
14 45
15 45
18 45
23 45
24 45
28 45
38 45
0 46
5 46
6 46
9 46
20 46
25 46
32 46
34 46
35 46
36 46
0 47
1 47
14 47
26 47
32 47
42 47
44 47
13 48
24 48
26 48
29 48
34 48
47 48
3 49
7 49
15 49
23 49
24 49
25 49
32 49
35 49
