50 186 16
12 10 9 9 15 11 15 14 14 10 7 6 9 11 10 8 8 11 13 14 9 10 15 7 14 11 12 15 14 7 10 8 6 7 9 10 10 13 5 7 14 13 11 8 14 14 11 10 14 9
0 2
2 4
1 5
2 5
1 6
2 8
3 8
4 8
4 9
9 11
10 11
1 12
2 12
8 14
13 14
1 15
3 15
4 15
5 15
9 16
13 16
14 16
5 17
8 17
11 17
14 17
2 18
6 18
9 18
11 18
13 18
0 19
9 19
13 19
2 20
3 20
4 20
10 20
18 20
0 21
4 21
5 21
20 21
10 22
12 22
16 22
3 23
17 23
22 23
21 24
3 25
13 25
18 25
8 26
5 27
7 27
15 27
16 27
18 27
21 27
26 27
3 28
5 28
6 28
7 28
9 28
24 28
20 29
21 29
27 29
4 30
8 30
18 30
19 30
22 30
1 31
11 31
14 31
26 31
8 32
13 32
26 32
31 32
5 33
20 33
2 34
11 34
12 34
14 34
17 34
20 34
22 34
31 34
11 35
15 35
22 35
25 35
26 35
33 35
0 36
1 36
2 36
5 36
8 36
10 36
17 36
23 36
32 36
3 37
17 37
18 37
19 37
23 37
27 37
30 37
33 37
35 37
30 38
31 38
33 38
11 39
16 39
19 39
26 39
3 40
8 40
10 40
11 40
16 40
23 40
30 40
38 40
19 41
25 41
28 41
1 42
15 42
20 42
34 42
35 42
11 43
12 43
13 43
22 43
31 43
8 44
12 44
26 44
31 44
32 44
39 44
3 45
26 45
34 45
2 46
20 46
37 46
39 46
40 46
3 47
22 47
25 47
27 47
33 47
37 47
41 47
1 48
2 48
19 48
26 48
29 48
31 48
44 48
47 48
1 49
8 49
9 49
12 49
17 49
22 49
26 49
27 49
32 49
34 49
43 49
45 49
