50 103 8
8 18 10 3 5 4 11 16 18 1 10 18 11 10 5 8 19 2 2 12 3 2 14 18 12 19 17 17 18 17 5 4 8 2 7 1 14 13 13 19 11 3 17 8 5 20 9 3 2 16
0 8
1 8
1 12
4 12
0 13
3 16
6 19
0 21
5 21
8 21
12 21
20 22
1 23
4 23
7 23
10 23
17 25
16 26
4 27
12 27
13 27
16 27
17 27
20 27
1 28
2 28
12 28
18 28
2 29
17 29
20 29
4 30
5 30
0 31
6 31
20 31
23 31
2 32
6 32
20 32
24 32
1 33
2 33
3 33
12 33
17 33
9 34
13 34
21 34
1 35
12 35
0 36
13 36
16 36
0 37
8 37
29 37
3 38
6 38
9 39
11 39
21 39
24 39
0 40
6 40
26 40
27 40
15 41
19 41
24 41
25 41
30 41
39 41
40 41
26 42
32 42
37 42
12 43
32 43
11 44
12 44
22 44
29 44
0 45
10 45
14 45
14 46
15 46
23 46
9 47
12 47
13 47
22 47
25 47
2 48
14 48
20 48
21 48
31 48
5 49
12 49
14 49
34 49
