50 136 8
1 4 4 2 2 8 6 1 2 11 4 13 6 7 3 8 1 22 1 1 11 7 18 3 1 1 1 1 2 2 3 4 3 8 4 3 4 2 17 3 9 6 1 3 2 10 4 1 1 1
0 11
2 11
9 11
0 12
8 12
1 14
3 14
6 14
4 15
2 16
0 17
6 17
1 18
3 18
6 18
7 18
9 19
1 20
7 20
9 20
5 21
20 22
12 23
19 23
20 23
6 24
10 24
12 24
10 25
11 25
9 26
21 26
6 27
13 27
15 27
16 27
10 28
13 28
21 28
5 29
13 29
0 30
6 30
9 30
19 30
20 30
0 31
12 31
15 31
16 31
20 31
0 32
11 32
26 32
1 33
5 33
11 33
16 33
19 33
25 33
27 33
6 34
11 34
18 34
3 35
20 35
23 35
24 35
7 36
15 36
18 36
23 36
13 37
22 37
26 37
28 37
0 38
11 38
16 38
25 38
31 38
15 39
22 39
8 40
11 40
16 40
12 41
14 41
20 41
21 41
23 41
26 41
2 42
8 42
12 42
17 42
23 42
28 42
41 42
17 43
23 43
40 43
7 44
12 44
27 44
39 44
12 45
20 45
29 45
31 45
2 46
10 46
12 46
23 46
4 47
5 47
11 47
15 47
20 47
24 47
25 47
31 47
34 47
41 47
5 48
6 48
7 48
10 48
35 48
36 48
1 49
3 49
5 49
13 49
14 49
20 49
