50 179 8
14 10 12 14 11 9 7 9 11 15 13 12 7 12 12 6 12 8 13 8 7 10 9 8 8 10 8 9 8 15 13 6 4 13 13 5 12 10 12 12 12 8 14 15 11 8 13 11 7 9
3 15
7 15
9 15
2 16
8 16
2 17
12 17
14 17
7 18
10 18
12 18
0 19
1 19
3 19
4 19
2 20
6 20
10 20
1 21
5 21
6 21
8 21
9 21
5 22
10 22
16 22
0 23
2 23
10 23
13 23
20 23
21 23
3 24
14 24
15 24
19 25
0 26
5 26
9 26
21 26
3 27
17 27
0 28
4 28
13 28
3 29
6 29
15 29
19 29
1 30
2 30
11 30
14 30
16 30
19 30
3 31
5 31
16 31
21 31
2 32
9 32
13 32
18 32
27 32
28 32
1 33
3 33
9 33
19 33
21 33
22 33
23 33
28 33
1 34
6 34
10 34
17 34
18 34
22 34
29 34
30 34
5 35
11 35
16 35
23 35
25 35
29 35
31 35
1 36
6 36
14 36
15 36
16 36
19 36
20 36
27 36
4 37
5 37
6 37
16 37
16 38
23 38
28 38
29 38
9 39
15 39
18 39
20 39
22 39
26 39
30 39
1 40
2 40
9 40
19 40
28 40
12 41
20 41
23 41
26 41
33 41
36 41
37 41
14 42
18 42
28 42
37 42
38 42
40 42
3 43
8 43
11 43
14 43
17 43
19 43
24 43
31 43
35 43
37 43
0 44
25 44
27 44
39 44
40 44
5 45
9 45
12 45
21 45
37 45
4 46
6 46
23 46
40 46
3 47
6 47
7 47
12 47
13 47
16 47
23 47
1 48
2 48
4 48
10 48
15 48
32 48
34 48
37 48
38 48
39 48
2 49
5 49
11 49
12 49
28 49
32 49
36 49
39 49
40 49
