50 649 16
4 3 13 3 4 15 1 6 5 4 3 3 1 9 2 5 2 11 12 1 4 5 8 13 2 1 8 6 1 5 7 7 6 5 1 1 2 4 1 4 2 7 18 7 7 5 3 1 18 10
0 1
0 2
0 4
2 4
3 4
0 5
1 5
2 5
3 5
0 6
1 6
2 6
3 6
4 6
0 7
1 7
3 7
5 7
1 8
3 8
4 8
5 8
7 8
0 9
1 9
3 9
5 9
6 9
8 9
0 10
1 10
2 10
5 10
7 10
8 10
0 11
1 11
4 11
7 11
8 11
9 11
3 12
5 12
6 12
7 12
9 12
10 12
0 13
1 13
2 13
3 13
4 13
5 13
7 13
8 13
9 13
11 13
12 13
0 14
4 14
6 14
7 14
8 14
9 14
10 14
11 14
13 14
0 15
3 15
5 15
6 15
7 15
8 15
12 15
13 15
14 15
2 16
3 16
6 16
7 16
8 16
9 16
12 16
13 16
0 17
1 17
2 17
6 17
7 17
8 17
9 17
10 17
12 17
13 17
14 17
16 17
1 18
2 18
3 18
5 18
6 18
7 18
9 18
13 18
14 18
0 19
2 19
3 19
4 19
6 19
7 19
9 19
10 19
11 19
12 19
13 19
16 19
17 19
3 20
6 20
9 20
11 20
15 20
16 20
17 20
2 21
4 21
5 21
8 21
11 21
14 21
15 21
17 21
18 21
19 21
20 21
0 22
2 22
3 22
5 22
6 22
7 22
8 22
12 22
14 22
17 22
18 22
21 22
2 23
5 23
6 23
7 23
8 23
9 23
10 23
11 23
13 23
14 23
15 23
16 23
17 23
18 23
19 23
21 23
22 23
0 24
2 24
3 24
4 24
6 24
8 24
9 24
13 24
15 24
20 24
0 25
3 25
4 25
7 25
9 25
11 25
13 25
14 25
15 25
16 25
19 25
20 25
22 25
0 26
1 26
4 26
5 26
6 26
7 26
10 26
13 26
17 26
18 26
20 26
22 26
23 26
24 26
0 27
1 27
2 27
3 27
4 27
5 27
10 27
11 27
13 27
14 27
17 27
18 27
19 27
22 27
23 27
26 27
1 28
2 28
3 28
6 28
7 28
8 28
9 28
11 28
13 28
17 28
20 28
26 28
27 28
0 29
1 29
4 29
5 29
10 29
15 29
18 29
23 29
24 29
25 29
28 29
0 30
3 30
5 30
6 30
7 30
9 30
12 30
14 30
15 30
17 30
18 30
19 30
20 30
21 30
22 30
23 30
25 30
27 30
0 31
1 31
2 31
4 31
5 31
7 31
10 31
17 31
23 31
25 31
26 31
27 31
28 31
30 31
0 32
5 32
6 32
8 32
10 32
11 32
12 32
14 32
17 32
18 32
19 32
21 32
23 32
25 32
26 32
27 32
29 32
30 32
0 33
4 33
6 33
7 33
8 33
12 33
14 33
17 33
18 33
19 33
21 33
24 33
26 33
27 33
28 33
29 33
30 33
31 33
0 34
1 34
5 34
6 34
7 34
10 34
11 34
13 34
14 34
16 34
17 34
23 34
25 34
28 34
29 34
30 34
33 34
1 35
3 35
5 35
7 35
10 35
11 35
12 35
13 35
15 35
17 35
18 35
20 35
21 35
24 35
28 35
1 36
5 36
8 36
9 36
10 36
15 36
16 36
17 36
20 36
22 36
25 36
27 36
28 36
29 36
33 36
1 37
3 37
5 37
6 37
7 37
8 37
9 37
10 37
13 37
14 37
17 37
20 37
21 37
23 37
24 37
27 37
29 37
33 37
35 37
36 37
0 38
5 38
6 38
7 38
8 38
11 38
12 38
13 38
15 38
16 38
18 38
19 38
20 38
22 38
25 38
26 38
29 38
30 38
31 38
32 38
33 38
35 38
1 39
2 39
4 39
5 39
6 39
7 39
9 39
12 39
13 39
15 39
17 39
18 39
19 39
23 39
24 39
25 39
27 39
30 39
36 39
38 39
0 40
1 40
2 40
3 40
8 40
9 40
11 40
12 40
13 40
14 40
15 40
16 40
17 40
18 40
20 40
22 40
23 40
24 40
25 40
26 40
27 40
28 40
29 40
30 40
36 40
39 40
1 41
3 41
4 41
5 41
6 41
8 41
9 41
11 41
12 41
14 41
15 41
18 41
19 41
22 41
25 41
26 41
28 41
31 41
32 41
33 41
34 41
36 41
37 41
39 41
2 42
5 42
7 42
8 42
10 42
11 42
12 42
13 42
14 42
16 42
17 42
21 42
22 42
23 42
29 42
30 42
32 42
33 42
34 42
37 42
40 42
41 42
1 43
3 43
5 43
6 43
7 43
8 43
10 43
11 43
14 43
15 43
19 43
20 43
21 43
27 43
28 43
30 43
33 43
34 43
35 43
36 43
38 43
40 43
41 43
0 44
1 44
2 44
4 44
5 44
6 44
7 44
8 44
10 44
11 44
12 44
13 44
21 44
23 44
25 44
26 44
27 44
28 44
29 44
32 44
33 44
35 44
38 44
39 44
41 44
2 45
4 45
6 45
7 45
8 45
10 45
11 45
17 45
18 45
19 45
21 45
22 45
23 45
24 45
28 45
29 45
30 45
32 45
33 45
34 45
39 45
40 45
43 45
44 45
0 46
3 46
6 46
8 46
11 46
12 46
13 46
16 46
17 46
18 46
21 46
24 46
25 46
27 46
29 46
30 46
31 46
33 46
34 46
35 46
38 46
42 46
43 46
0 47
1 47
4 47
7 47
8 47
9 47
10 47
16 47
17 47
18 47
19 47
22 47
23 47
28 47
29 47
30 47
33 47
40 47
43 47
44 47
45 47
3 48
6 48
13 48
17 48
20 48
22 48
23 48
25 48
29 48
34 48
35 48
36 48
37 48
38 48
39 48
42 48
43 48
44 48
45 48
47 48
5 49
7 49
9 49
12 49
13 49
14 49
19 49
20 49
21 49
23 49
25 49
26 49
27 49
28 49
29 49
34 49
35 49
37 49
39 49
40 49
43 49
44 49
