50 370 8
13 23 9 4 2 20 4 18 8 12 14 2 11 16 1 7 18 48 17 26 2 35 29 12 26 11 7 8 7 15 8 5 50 1 6 3 2 2 19 24 41 15 7 1 4 6 1 15 9 1
0 1
0 3
1 3
2 3
0 4
1 4
1 5
3 5
1 6
0 7
1 7
5 7
5 8
1 9
5 9
1 10
6 10
0 11
2 11
5 11
0 12
4 12
10 12
2 13
8 13
11 13
0 14
2 14
11 14
13 14
1 15
7 15
13 15
14 15
8 16
12 16
14 16
15 16
2 17
11 17
13 17
15 17
16 17
5 18
9 18
15 18
7 19
11 19
14 19
0 20
6 20
9 20
12 20
19 20
0 21
1 21
2 21
5 21
6 21
7 21
11 21
12 21
14 21
17 21
0 22
1 22
4 22
6 22
7 22
8 22
9 22
10 22
16 22
3 23
4 23
7 23
8 23
9 23
10 23
13 23
2 24
3 24
4 24
6 24
17 24
22 24
5 25
6 25
19 25
21 25
22 25
24 25
5 26
6 26
17 26
18 26
19 26
3 27
6 27
7 27
10 27
11 27
19 27
20 27
24 27
26 27
1 28
5 28
8 28
10 28
12 28
16 28
21 28
24 28
26 28
4 29
12 29
17 29
18 29
20 29
21 29
25 29
27 29
3 30
8 30
9 30
10 30
12 30
18 30
23 30
28 30
0 31
1 31
2 31
4 31
10 31
13 31
16 31
18 31
24 31
25 31
26 31
27 31
29 31
5 32
8 32
10 32
11 32
20 32
22 32
23 32
26 32
0 33
4 33
6 33
9 33
11 33
16 33
18 33
28 33
32 33
2 34
3 34
7 34
8 34
11 34
14 34
15 34
18 34
22 34
23 34
28 34
33 34
1 35
3 35
6 35
9 35
10 35
11 35
13 35
22 35
24 35
1 36
6 36
10 36
11 36
12 36
13 36
15 36
19 36
20 36
22 36
24 36
27 36
33 36
3 37
5 37
8 37
9 37
13 37
19 37
21 37
24 37
34 37
36 37
3 38
5 38
7 38
8 38
9 38
11 38
18 38
21 38
22 38
23 38
30 38
31 38
33 38
35 38
0 39
5 39
7 39
12 39
13 39
14 39
18 39
25 39
27 39
30 39
31 39
34 39
35 39
3 40
6 40
9 40
11 40
12 40
14 40
15 40
21 40
31 40
38 40
39 40
5 41
6 41
9 41
13 41
15 41
16 41
20 41
21 41
25 41
28 41
29 41
33 41
35 41
5 42
10 42
11 42
13 42
17 42
22 42
23 42
25 42
38 42
1 43
2 43
12 43
14 43
16 43
17 43
25 43
28 43
33 43
37 43
38 43
41 43
0 44
2 44
9 44
10 44
12 44
14 44
15 44
18 44
25 44
28 44
30 44
31 44
32 44
34 44
36 44
43 44
0 45
1 45
7 45
9 45
15 45
16 45
18 45
21 45
24 45
27 45
28 45
29 45
32 45
36 45
37 45
39 45
41 45
42 45
43 45
8 46
15 46
22 46
28 46
29 46
30 46
36 46
44 46
2 47
4 47
8 47
11 47
14 47
17 47
20 47
23 47
24 47
26 47
30 47
32 47
33 47
34 47
40 47
41 47
42 47
43 47
44 47
45 47
46 47
4 48
5 48
9 48
10 48
15 48
20 48
21 48
24 48
25 48
33 48
39 48
41 48
43 48
44 48
47 48
0 49
14 49
15 49
16 49
18 49
19 49
26 49
28 49
29 49
36 49
39 49
44 49
46 49
48 49
