50 321 8
16 14 9 12 12 9 9 6 9 9 7 12 10 10 13 11 8 11 7 13 10 9 7 11 13 12 11 10 5 11 15 13 9 15 17 7 10 11 15 7 10 13 13 11 15 9 13 14 11 12
1 2
0 4
2 4
1 5
2 5
3 5
3 6
2 7
3 7
4 7
5 7
1 9
2 9
5 10
9 10
1 11
2 11
6 11
9 11
6 12
8 12
9 12
10 12
11 12
5 13
6 13
9 13
11 14
1 15
5 15
11 15
2 16
7 16
9 16
11 16
0 17
5 17
6 17
7 17
10 17
13 17
0 18
6 18
8 18
14 18
17 18
8 19
11 19
18 19
2 20
6 20
9 20
11 20
12 20
0 21
5 21
13 21
18 21
0 22
7 22
12 22
0 23
5 23
6 23
9 23
11 23
12 23
16 23
21 23
1 24
3 24
7 24
19 24
1 25
5 25
10 25
11 25
12 25
14 25
15 25
23 25
24 25
4 26
9 26
18 26
20 26
22 26
25 26
2 27
3 27
7 27
9 27
10 27
16 27
21 27
22 27
23 27
24 27
3 28
16 28
17 28
21 28
2 29
3 29
6 29
11 29
14 29
0 30
2 30
4 30
5 30
9 30
11 30
14 30
15 30
20 30
0 31
1 31
2 31
8 31
10 31
13 31
14 31
23 31
24 31
28 31
30 31
7 32
9 32
13 32
14 32
18 32
19 32
24 32
26 32
2 33
9 33
11 33
15 33
18 33
27 33
28 33
31 33
0 34
3 34
5 34
6 34
8 34
10 34
16 34
17 34
18 34
24 34
31 34
0 35
1 35
3 35
4 35
16 35
19 35
20 35
21 35
27 35
33 35
13 36
15 36
18 36
22 36
30 36
32 36
35 36
6 37
10 37
13 37
18 37
20 37
23 37
25 37
27 37
28 37
31 37
34 37
36 37
5 38
20 38
21 38
22 38
29 38
30 38
31 38
33 38
35 38
10 39
15 39
17 39
24 39
29 39
33 39
3 40
5 40
8 40
13 40
14 40
17 40
27 40
31 40
32 40
33 40
35 40
38 40
8 41
15 41
16 41
19 41
21 41
30 41
33 41
38 41
39 41
3 42
4 42
11 42
12 42
15 42
19 42
22 42
23 42
25 42
27 42
28 42
2 43
7 43
8 43
15 43
16 43
19 43
22 43
27 43
31 43
34 43
35 43
40 43
41 43
2 44
11 44
17 44
25 44
36 44
37 44
38 44
39 44
42 44
5 45
8 45
12 45
23 45
24 45
29 45
30 45
33 45
38 45
39 45
40 45
0 46
1 46
3 46
4 46
7 46
12 46
14 46
15 46
19 46
25 46
27 46
32 46
37 46
38 46
39 46
40 46
1 47
2 47
6 47
10 47
22 47
23 47
24 47
25 47
28 47
36 47
37 47
38 47
40 47
42 47
45 47
1 48
2 48
8 48
12 48
19 48
23 48
24 48
27 48
30 48
34 48
41 48
42 48
43 48
44 48
45 48
0 49
2 49
5 49
10 49
20 49
21 49
22 49
24 49
31 49
39 49
46 49
47 49
