50 691 8
9 1 2 9 6 4 3 8 7 9 7 5 2 3 3 8 1 8 4 6 5 4 8 8 9 1 2 7 7 8 9 5 4 10 9 5 1 8 7 2 6 2 6 4 5 1 8 10 3 5
3 7
5 7
0 8
1 8
2 8
3 8
5 8
6 8
0 9
1 9
2 9
4 9
5 9
6 9
1 10
2 10
3 10
4 10
5 10
0 11
1 11
2 11
3 11
4 11
5 11
0 12
1 12
2 12
3 12
4 12
8 12
9 12
11 12
0 13
1 13
4 13
5 13
6 13
7 13
8 13
9 13
10 13
11 13
0 14
1 14
2 14
3 14
4 14
5 14
7 14
8 14
11 14
1 15
2 15
3 15
4 15
5 15
6 15
7 15
8 15
9 15
10 15
11 15
0 16
2 16
4 16
6 16
9 16
10 16
11 16
2 17
3 17
4 17
5 17
6 17
7 17
9 17
10 17
0 18
2 18
4 18
6 18
7 18
8 18
9 18
0 19
1 19
3 19
4 19
6 19
7 19
8 19
9 19
10 19
3 20
4 20
5 20
6 20
7 20
8 20
9 20
11 20
0 21
1 21
2 21
3 21
4 21
5 21
6 21
7 21
8 21
10 21
11 21
0 22
1 22
2 22
5 22
6 22
7 22
8 22
9 22
0 23
2 23
3 23
4 23
6 23
8 23
9 23
10 23
11 23
0 24
2 24
3 24
4 24
5 24
6 24
7 24
8 24
9 24
1 25
2 25
3 25
4 25
5 25
7 25
8 25
9 25
10 25
0 26
1 26
2 26
4 26
6 26
7 26
8 26
10 26
11 26
0 27
2 27
3 27
4 27
5 27
8 27
9 27
11 27
0 28
2 28
3 28
4 28
5 28
6 28
8 28
9 28
10 28
11 28
1 29
2 29
3 29
4 29
5 29
6 29
7 29
8 29
9 29
11 29
0 30
1 30
2 30
3 30
4 30
5 30
6 30
7 30
8 30
9 30
11 30
1 31
3 31
4 31
5 31
11 31
0 32
2 32
3 32
4 32
5 32
6 32
7 32
8 32
9 32
10 32
11 32
0 33
3 33
4 33
5 33
6 33
7 33
8 33
9 33
10 33
11 33
12 33
13 33
14 33
17 33
19 33
20 33
21 33
22 33
24 33
26 33
27 33
28 33
29 33
31 33
32 33
0 34
1 34
2 34
3 34
4 34
5 34
6 34
7 34
10 34
11 34
12 34
14 34
15 34
16 34
17 34
19 34
21 34
24 34
25 34
26 34
27 34
28 34
29 34
31 34
32 34
0 35
1 35
5 35
7 35
8 35
9 35
10 35
11 35
12 35
15 35
16 35
17 35
18 35
19 35
20 35
21 35
22 35
24 35
26 35
27 35
28 35
29 35
0 36
1 36
2 36
3 36
4 36
5 36
6 36
7 36
8 36
9 36
10 36
11 36
13 36
16 36
17 36
18 36
20 36
21 36
22 36
23 36
24 36
25 36
26 36
27 36
28 36
29 36
30 36
31 36
32 36
0 37
1 37
2 37
3 37
4 37
5 37
7 37
8 37
9 37
10 37
12 37
13 37
14 37
15 37
16 37
17 37
18 37
19 37
22 37
23 37
25 37
26 37
28 37
29 37
30 37
31 37
0 38
1 38
2 38
4 38
5 38
6 38
7 38
9 38
10 38
12 38
14 38
15 38
16 38
17 38
18 38
19 38
20 38
21 38
22 38
23 38
24 38
26 38
28 38
30 38
31 38
32 38
0 39
1 39
2 39
3 39
4 39
5 39
6 39
8 39
9 39
11 39
12 39
13 39
15 39
16 39
17 39
18 39
19 39
21 39
23 39
25 39
26 39
27 39
29 39
31 39
32 39
0 40
1 40
2 40
4 40
5 40
8 40
9 40
10 40
11 40
14 40
15 40
17 40
18 40
19 40
20 40
21 40
22 40
23 40
24 40
25 40
27 40
28 40
29 40
30 40
31 40
32 40
0 41
1 41
2 41
6 41
7 41
8 41
9 41
10 41
11 41
13 41
14 41
15 41
16 41
18 41
19 41
22 41
23 41
24 41
27 41
29 41
30 41
31 41
32 41
0 42
1 42
2 42
3 42
4 42
5 42
7 42
8 42
9 42
10 42
11 42
13 42
14 42
16 42
17 42
18 42
20 42
21 42
22 42
24 42
25 42
26 42
27 42
28 42
29 42
30 42
31 42
33 42
34 42
35 42
36 42
37 42
38 42
39 42
40 42
41 42
0 43
1 43
2 43
3 43
4 43
5 43
6 43
7 43
8 43
10 43
11 43
12 43
13 43
14 43
15 43
16 43
18 43
19 43
20 43
22 43
23 43
24 43
25 43
26 43
27 43
28 43
29 43
30 43
31 43
32 43
33 43
36 43
38 43
41 43
2 44
3 44
5 44
7 44
8 44
11 44
12 44
13 44
16 44
18 44
19 44
20 44
21 44
22 44
23 44
24 44
25 44
27 44
30 44
34 44
36 44
37 44
38 44
39 44
41 44
2 45
3 45
4 45
6 45
8 45
9 45
12 45
13 45
15 45
16 45
18 45
19 45
20 45
21 45
22 45
23 45
27 45
28 45
29 45
30 45
31 45
32 45
33 45
36 45
37 45
38 45
40 45
41 45
1 46
2 46
4 46
5 46
8 46
9 46
10 46
12 46
13 46
14 46
15 46
16 46
17 46
18 46
19 46
20 46
23 46
24 46
26 46
27 46
29 46
30 46
31 46
32 46
34 46
35 46
37 46
38 46
39 46
40 46
41 46
0 47
1 47
2 47
3 47
4 47
5 47
6 47
7 47
8 47
9 47
10 47
11 47
12 47
13 47
14 47
18 47
19 47
20 47
21 47
22 47
26 47
27 47
28 47
30 47
31 47
32 47
33 47
34 47
35 47
36 47
37 47
38 47
39 47
40 47
41 47
1 48
4 48
5 48
6 48
7 48
8 48
9 48
10 48
11 48
14 48
15 48
16 48
17 48
18 48
19 48
20 48
21 48
22 48
23 48
24 48
27 48
28 48
29 48
30 48
32 48
35 48
36 48
37 48
40 48
41 48
1 49
2 49
3 49
4 49
5 49
6 49
8 49
9 49
10 49
13 49
14 49
17 49
18 49
20 49
21 49
22 49
23 49
24 49
26 49
27 49
28 49
30 49
31 49
32 49
33 49
34 49
35 49
36 49
37 49
38 49
39 49
40 49
41 49
