50 218 16
7 14 20 4 3 18 11 12 7 13 7 4 3 9 16 19 19 5 12 11 6 18 18 3 12 8 20 16 17 4 16 4 9 19 17 10 5 12 13 9 19 20 10 8 12 14 2 10 16 4
5 9
8 9
1 10
2 11
4 11
1 12
2 12
6 12
8 12
4 13
0 14
3 14
5 14
2 15
3 16
8 16
6 17
4 18
5 18
6 18
4 19
6 19
8 19
2 20
5 20
4 21
1 22
7 22
12 22
19 22
2 23
5 23
6 23
10 23
13 23
14 23
16 23
17 23
0 24
6 24
7 24
19 24
6 25
8 25
9 25
19 25
2 26
3 26
6 26
14 26
19 26
0 27
5 27
8 27
11 27
14 27
17 27
20 27
0 28
2 28
7 28
3 29
7 29
12 29
13 29
21 29
1 30
2 30
4 30
5 30
1 31
2 31
4 31
14 31
19 31
21 31
25 31
27 31
0 32
4 32
6 32
7 32
24 32
1 33
5 33
8 33
20 33
0 34
3 34
6 34
7 34
13 34
21 34
24 34
27 34
29 34
0 35
6 35
10 35
18 35
21 35
22 35
16 36
17 36
19 36
20 36
23 36
30 36
2 37
9 37
10 37
16 37
19 37
20 37
21 37
24 37
28 37
2 38
3 38
13 38
14 38
21 38
22 38
0 39
3 39
7 39
11 39
12 39
13 39
14 39
22 39
23 39
26 39
28 39
29 39
35 39
37 39
1 40
6 40
15 40
26 40
29 40
32 40
34 40
35 40
37 40
38 40
0 41
5 41
16 41
18 41
20 41
25 41
27 41
29 41
34 41
38 41
1 42
15 42
16 42
27 42
29 42
30 42
33 42
8 43
9 43
13 43
19 43
21 43
23 43
25 43
27 43
28 43
30 43
36 43
2 44
9 44
13 44
17 44
24 44
32 44
35 44
1 45
9 45
12 45
14 45
38 45
9 46
11 46
26 46
34 46
0 47
1 47
8 47
10 47
11 47
15 47
22 47
27 47
33 47
36 47
1 48
5 48
10 48
12 48
14 48
16 48
17 48
23 48
26 48
27 48
5 49
11 49
20 49
23 49
24 49
31 49
32 49
