100 366 16
9 1 7 8 3 1 9 8 9 8 4 9 4 5 8 5 8 5 10 7 6 9 8 1 2 7 7 9 4 2 6 5 8 7 4 6 7 9 2 2 7 6 2 8 4 10 6 2 10 9 4 10 2 2 1 3 1 2 7 4 1 4 3 3 5 5 2 4 3 1 7 3 8 6 5 9 5 10 7 3 1 7 2 3 5 7 10 7 2 1 10 8 3 4 6 4 3 7 2 8
4 6
1 9
3 11
13 14
3 15
5 15
3 16
7 16
0 19
3 19
10 19
6 20
10 20
6 21
11 22
12 22
15 22
17 22
11 23
8 24
16 24
17 24
6 25
0 26
15 26
4 27
26 28
10 29
4 30
12 30
7 31
16 31
17 32
20 32
30 33
8 34
9 34
6 35
9 35
4 36
16 36
4 37
28 38
31 38
36 38
0 39
1 39
3 39
19 39
22 39
1 40
24 40
15 41
19 41
23 41
33 42
34 42
37 42
38 42
40 42
0 43
33 43
36 43
41 43
10 44
13 44
25 44
6 45
7 45
31 45
41 45
3 46
14 46
31 48
35 48
38 48
4 49
11 49
13 49
30 49
31 49
43 50
17 51
18 51
26 51
27 51
16 52
39 52
26 53
28 53
45 53
6 54
28 54
41 54
45 54
48 54
8 55
52 55
2 56
9 56
12 56
19 56
22 56
25 56
7 57
17 57
20 57
2 58
4 58
16 58
53 58
56 58
57 58
12 59
22 59
25 59
29 59
32 59
44 59
1 60
44 60
47 60
52 60
34 61
46 61
57 61
8 62
13 62
21 62
22 62
51 62
52 62
58 62
7 63
24 63
29 63
30 63
45 63
2 64
11 64
18 64
28 64
59 64
61 64
19 65
23 65
40 65
42 65
59 65
14 66
31 66
64 66
0 67
6 67
28 67
29 67
37 67
48 67
49 67
6 68
22 68
65 68
13 69
25 69
41 69
9 70
40 70
41 70
42 70
63 70
41 71
48 71
6 72
16 72
25 72
55 72
67 72
2 73
53 73
69 73
72 73
14 74
19 74
21 74
34 74
45 74
47 74
55 74
56 74
58 74
61 74
62 74
6 75
12 75
31 75
34 75
38 75
48 75
26 76
31 76
38 76
48 76
56 76
6 77
24 77
26 77
32 77
35 77
36 77
48 77
67 77
74 77
31 78
41 78
42 78
50 78
63 78
73 78
74 78
75 78
25 79
53 79
63 79
66 79
5 80
56 80
72 80
25 81
38 81
46 81
58 81
64 81
73 81
15 82
24 82
81 82
32 83
40 83
52 83
59 83
60 83
76 83
79 83
11 84
51 84
52 84
59 84
15 85
22 85
60 85
65 85
66 85
76 85
80 85
84 85
12 86
13 86
14 86
28 86
37 86
61 86
70 86
78 86
10 87
34 87
36 87
53 87
63 87
82 87
7 88
21 88
44 88
48 88
68 88
21 89
22 89
41 89
47 89
67 89
72 89
16 90
26 90
28 90
32 90
33 90
57 90
62 90
72 90
82 90
10 91
13 91
17 91
46 91
54 91
55 91
58 91
65 91
15 92
26 92
28 92
40 92
50 92
64 92
81 92
85 92
91 92
11 93
14 93
21 93
27 93
45 93
50 93
59 93
74 93
0 94
14 94
38 94
48 94
54 94
60 94
69 94
89 94
16 95
21 95
28 95
61 95
63 95
67 95
88 95
0 96
3 96
6 96
9 96
16 96
24 96
47 96
65 96
76 96
31 97
46 97
48 97
49 97
52 97
59 97
65 97
67 97
69 97
75 97
25 98
27 98
34 98
47 98
48 98
50 98
66 98
95 98
0 99
11 99
12 99
22 99
24 99
28 99
32 99
54 99
63 99
90 99
