100 935 16
5 6 6 7 9 6 7 5 8 12 6 13 6 7 7 4 7 10 6 6 5 7 6 5 5 6 12 6 7 8 12 5 12 5 14 5 9 6 16 7 8 6 5 4 5 6 4 12 12 6 6 6 13 6 9 8 6 12 5 5 14 13 7 6 5 6 6 5 6 3 10 7 4 10 5 5 8 4 10 10 6 7 8 4 5 10 13 12 10 10 5 7 9 6 16 10 12 4 5 5
2 10
7 10
0 11
4 11
9 11
0 12
6 12
3 13
5 13
7 13
9 14
4 15
3 16
6 16
7 16
8 16
3 17
5 17
9 17
0 18
11 18
13 18
14 18
0 19
4 19
6 19
7 19
10 19
14 19
16 19
5 20
6 20
12 20
14 20
2 21
6 21
8 21
14 21
15 21
3 22
7 22
1 23
10 23
13 23
14 23
16 23
1 24
4 24
8 24
16 24
1 25
4 25
3 26
4 26
9 26
11 26
13 26
16 26
17 26
2 27
12 27
14 27
16 27
3 28
6 28
7 28
8 28
16 28
5 29
6 29
11 29
13 29
20 29
21 29
23 29
26 29
28 29
0 30
8 30
18 30
19 30
20 30
26 30
1 31
4 31
10 31
13 31
18 31
19 31
27 31
28 31
2 32
3 32
8 32
12 32
14 32
19 32
21 32
24 32
5 33
9 33
10 33
15 33
17 33
28 33
3 34
4 34
7 34
13 34
4 35
14 35
26 35
1 36
8 36
15 36
28 36
5 37
7 37
17 37
18 37
19 37
12 38
19 38
20 38
21 38
22 38
26 38
1 39
6 39
19 39
12 40
14 40
15 40
20 40
1 41
2 41
19 41
20 41
21 41
23 41
28 41
35 41
36 41
38 41
39 41
1 42
2 42
4 42
7 42
11 42
12 42
13 42
29 42
33 42
38 42
39 42
1 43
2 43
8 43
11 43
12 43
23 43
32 43
4 44
5 44
7 44
8 44
9 44
18 44
39 44
1 45
7 45
9 45
18 45
20 45
26 45
37 45
12 46
18 46
28 46
31 46
36 46
6 47
7 47
19 47
20 47
24 47
26 47
40 47
2 48
3 48
7 48
12 48
13 48
14 48
20 48
23 48
29 48
30 48
32 48
35 48
37 48
39 48
1 49
13 49
28 49
0 50
1 50
12 50
13 50
17 50
25 50
37 50
46 50
1 51
5 51
7 51
9 51
22 51
27 51
39 51
40 51
44 51
48 51
2 52
4 52
7 52
20 52
37 52
41 52
0 53
4 53
7 53
13 53
17 53
23 53
27 53
28 53
39 53
41 53
47 53
48 53
5 54
8 54
10 54
14 54
15 54
18 54
20 54
22 54
30 54
33 54
45 54
46 54
48 54
49 54
0 55
2 55
25 55
29 55
31 55
32 55
37 55
44 55
4 56
6 56
7 56
8 56
14 56
15 56
17 56
34 56
35 56
36 56
41 56
43 56
44 56
45 56
47 56
2 57
16 57
17 57
23 57
34 57
39 57
46 57
1 58
2 58
10 58
13 58
17 58
24 58
28 58
32 58
41 58
47 58
1 59
4 59
7 59
13 59
18 59
19 59
32 59
47 59
54 59
57 59
3 60
6 60
10 60
21 60
40 60
47 60
56 60
4 61
5 61
12 61
30 61
37 61
43 61
44 61
47 61
53 61
0 62
30 62
36 62
37 62
47 62
51 62
55 62
4 63
5 63
10 63
14 63
17 63
20 63
22 63
23 63
24 63
30 63
38 63
44 63
0 64
3 64
10 64
12 64
19 64
24 64
44 64
47 64
51 64
53 64
12 65
13 65
14 65
16 65
21 65
24 65
28 65
31 65
34 65
37 65
46 65
0 66
7 66
8 66
10 66
11 66
13 66
19 66
24 66
26 66
30 66
31 66
37 66
52 66
56 66
6 67
10 67
11 67
26 67
31 67
41 67
42 67
43 67
44 67
47 67
53 67
54 67
2 68
3 68
4 68
5 68
10 68
13 68
16 68
17 68
34 68
36 68
41 68
43 68
44 68
48 68
49 68
56 68
8 69
12 69
16 69
18 69
19 69
21 69
22 69
23 69
25 69
26 69
27 69
30 69
39 69
50 69
53 69
11 70
12 70
13 70
18 70
22 70
24 70
32 70
42 70
55 70
57 70
6 71
18 71
31 71
32 71
33 71
40 71
48 71
53 71
56 71
61 71
62 71
64 71
65 71
68 71
69 71
2 72
9 72
20 72
22 72
35 72
38 72
54 72
60 72
63 72
67 72
70 72
2 73
5 73
8 73
10 73
13 73
16 73
24 73
32 73
33 73
36 73
41 73
44 73
62 73
1 74
12 74
14 74
41 74
42 74
47 74
48 74
51 74
56 74
57 74
58 74
61 74
62 74
69 74
13 75
16 75
21 75
23 75
30 75
43 75
44 75
49 75
52 75
63 75
64 75
4 76
8 76
10 76
11 76
13 76
23 76
24 76
25 76
26 76
28 76
29 76
32 76
40 76
43 76
48 76
62 76
9 77
14 77
17 77
19 77
25 77
29 77
37 77
42 77
45 77
46 77
50 77
53 77
58 77
62 77
64 77
67 77
68 77
6 78
20 78
30 78
32 78
36 78
39 78
45 78
46 78
48 78
49 78
52 78
63 78
66 78
68 78
70 78
0 79
2 79
5 79
7 79
8 79
14 79
17 79
19 79
21 79
31 79
39 79
41 79
56 79
59 79
61 79
64 79
68 79
5 80
8 80
14 80
18 80
23 80
24 80
44 80
50 80
53 80
56 80
59 80
63 80
65 80
69 80
1 81
2 81
3 81
6 81
18 81
23 81
32 81
34 81
38 81
43 81
57 81
59 81
64 81
70 81
5 82
19 82
21 82
26 82
30 82
31 82
46 82
49 82
55 82
59 82
65 82
7 83
8 83
10 83
15 83
18 83
22 83
28 83
30 83
33 83
34 83
38 83
42 83
44 83
48 83
49 83
50 83
53 83
68 83
1 84
8 84
11 84
16 84
22 84
26 84
32 84
38 84
39 84
41 84
51 84
59 84
61 84
66 84
69 84
4 85
5 85
7 85
11 85
13 85
15 85
20 85
22 85
23 85
25 85
27 85
35 85
36 85
39 85
44 85
47 85
51 85
62 85
63 85
64 85
74 85
0 86
1 86
4 86
8 86
21 86
29 86
36 86
39 86
41 86
43 86
44 86
52 86
55 86
56 86
59 86
62 86
65 86
67 86
69 86
71 86
75 86
76 86
83 86
6 87
7 87
8 87
13 87
17 87
22 87
26 87
28 87
31 87
34 87
37 87
38 87
39 87
40 87
44 87
53 87
71 87
76 87
6 88
12 88
13 88
14 88
21 88
25 88
35 88
36 88
39 88
40 88
41 88
44 88
46 88
50 88
54 88
65 88
81 88
83 88
3 89
11 89
13 89
22 89
26 89
29 89
32 89
33 89
37 89
40 89
47 89
49 89
56 89
62 89
64 89
66 89
70 89
76 89
78 89
84 89
4 90
5 90
20 90
22 90
24 90
28 90
29 90
30 90
36 90
40 90
45 90
46 90
56 90
58 90
73 90
77 90
80 90
2 91
12 91
13 91
15 91
16 91
21 91
28 91
35 91
39 91
42 91
44 91
45 91
50 91
55 91
61 91
67 91
80 91
0 92
6 92
10 92
19 92
23 92
31 92
35 92
36 92
40 92
43 92
44 92
45 92
46 92
48 92
58 92
65 92
76 92
78 92
83 92
84 92
90 92
1 93
3 93
10 93
12 93
15 93
22 93
23 93
38 93
40 93
44 93
48 93
51 93
61 93
68 93
72 93
74 93
81 93
82 93
83 93
0 94
2 94
3 94
5 94
9 94
15 94
18 94
27 94
39 94
43 94
46 94
52 94
53 94
54 94
57 94
64 94
67 94
80 94
84 94
85 94
90 94
0 95
8 95
10 95
15 95
18 95
20 95
21 95
37 95
42 95
49 95
56 95
59 95
63 95
64 95
65 95
71 95
76 95
81 95
88 95
2 96
6 96
19 96
20 96
21 96
22 96
35 96
44 96
49 96
62 96
71 96
72 96
75 96
80 96
81 96
90 96
0 97
2 97
5 97
7 97
10 97
20 97
22 97
28 97
29 97
30 97
32 97
35 97
38 97
42 97
44 97
46 97
51 97
55 97
61 97
65 97
67 97
70 97
73 97
78 97
87 97
90 97
3 98
4 98
12 98
16 98
17 98
20 98
23 98
24 98
25 98
27 98
31 98
33 98
38 98
45 98
50 98
56 98
57 98
71 98
72 98
74 98
76 98
78 98
82 98
88 98
3 99
8 99
9 99
12 99
14 99
15 99
27 99
30 99
33 99
41 99
44 99
46 99
49 99
51 99
62 99
65 99
68 99
72 99
76 99
77 99
79 99
81 99
86 99
87 99
89 99
