100 1393 16
6 2 10 15 2 17 15 4 1 12 4 4 9 1 1 10 10 4 17 3 2 7 3 18 5 1 5 5 14 5 6 4 2 1 1 14 3 18 2 10 12 15 16 6 8 6 3 14 11 19 3 4 12 4 6 1 3 3 3 1 4 8 14 6 9 11 2 16 16 5 7 15 16 16 9 5 9 3 16 5 8 10 4 11 11 14 11 12 6 3 9 17 4 3 19 2 3 8 3 19
0 12
1 12
3 12
8 12
9 12
10 12
11 12
4 13
9 13
0 14
3 14
4 14
5 14
6 14
8 14
7 15
0 16
5 16
8 16
1 17
4 17
5 17
7 17
8 17
10 17
1 18
2 18
6 18
0 19
1 19
3 19
4 19
5 19
7 19
9 19
10 19
1 20
3 20
8 20
9 21
2 22
11 22
2 23
11 23
0 24
3 24
4 24
8 24
10 24
19 24
20 24
21 24
3 25
4 25
10 25
12 25
19 25
20 25
2 26
3 26
4 26
7 26
10 26
11 26
14 26
18 26
22 26
0 27
2 27
8 27
10 27
17 27
22 27
23 27
3 28
5 28
6 28
7 28
11 28
15 28
16 28
17 28
20 28
22 28
0 29
2 29
4 29
6 29
8 29
11 29
12 29
23 29
5 30
8 30
13 30
15 30
19 30
0 31
1 31
13 31
14 31
15 31
16 31
0 32
2 32
6 32
7 32
8 32
11 32
17 32
18 32
19 32
2 33
4 33
5 33
7 33
9 33
11 33
21 33
22 33
23 33
2 34
3 34
6 34
10 34
12 34
14 34
21 34
23 34
10 35
17 35
19 35
20 35
25 35
31 35
33 35
6 36
9 36
10 36
11 36
12 36
15 36
17 36
27 36
28 36
30 36
32 36
4 37
6 37
7 37
8 37
10 37
15 37
18 37
27 37
28 37
29 37
31 37
32 37
34 37
2 38
4 38
6 38
8 38
12 38
15 38
17 38
26 38
30 38
31 38
8 39
9 39
14 39
15 39
18 39
19 39
20 39
23 39
25 39
26 39
27 39
28 39
33 39
1 40
2 40
5 40
25 40
30 40
33 40
34 40
1 41
2 41
7 41
8 41
13 41
16 41
19 41
23 41
27 41
28 41
30 41
0 42
1 42
4 42
8 42
9 42
15 42
18 42
22 42
23 42
24 42
27 42
29 42
30 42
33 42
0 43
1 43
2 43
5 43
10 43
11 43
12 43
13 43
18 43
19 43
21 43
28 43
29 43
34 43
7 44
11 44
12 44
19 44
23 44
24 44
26 44
29 44
34 44
35 44
37 44
40 44
2 45
3 45
4 45
8 45
11 45
14 45
20 45
21 45
25 45
28 45
31 45
33 45
35 45
36 45
39 45
41 45
42 45
1 46
2 46
4 46
14 46
16 46
24 46
26 46
28 46
30 46
32 46
40 46
41 46
0 47
5 47
14 47
16 47
23 47
30 47
33 47
35 47
38 47
40 47
43 47
2 48
6 48
7 48
8 48
10 48
12 48
13 48
14 48
24 48
26 48
29 48
31 48
32 48
36 48
40 48
43 48
0 49
1 49
2 49
3 49
5 49
8 49
10 49
12 49
18 49
19 49
22 49
24 49
25 49
26 49
28 49
29 49
30 49
31 49
33 49
34 49
37 49
38 49
41 49
0 50
1 50
3 50
8 50
9 50
11 50
12 50
14 50
15 50
18 50
25 50
26 50
29 50
32 50
34 50
36 50
37 50
1 51
6 51
10 51
15 51
26 51
30 51
31 51
38 51
45 51
46 51
48 51
50 51
8 52
18 52
20 52
21 52
23 52
24 52
25 52
27 52
34 52
39 52
44 52
45 52
46 52
49 52
6 53
8 53
9 53
11 53
17 53
22 53
28 53
31 53
32 53
36 53
42 53
47 53
48 53
1 54
2 54
3 54
6 54
14 54
15 54
20 54
22 54
25 54
28 54
30 54
36 54
37 54
43 54
47 54
49 54
2 55
3 55
5 55
7 55
10 55
11 55
18 55
19 55
20 55
21 55
22 55
23 55
25 55
30 55
31 55
32 55
33 55
44 55
45 55
46 55
48 55
49 55
50 55
2 56
5 56
7 56
9 56
10 56
11 56
13 56
17 56
19 56
28 56
31 56
32 56
39 56
41 56
44 56
45 56
7 57
10 57
13 57
15 57
20 57
23 57
25 57
27 57
28 57
31 57
44 57
46 57
4 58
8 58
14 58
18 58
19 58
22 58
25 58
26 58
27 58
41 58
45 58
1 59
4 59
10 59
14 59
16 59
18 59
21 59
25 59
29 59
31 59
32 59
33 59
36 59
40 59
43 59
44 59
50 59
1 60
3 60
4 60
12 60
19 60
22 60
25 60
28 60
30 60
32 60
35 60
37 60
40 60
43 60
44 60
45 60
47 60
0 61
4 61
7 61
8 61
10 61
13 61
14 61
17 61
18 61
26 61
28 61
31 61
33 61
34 61
35 61
37 61
44 61
45 61
46 61
49 61
51 61
53 61
56 61
60 61
6 62
7 62
8 62
10 62
11 62
17 62
18 62
23 62
28 62
29 62
30 62
38 62
39 62
43 62
44 62
47 62
51 62
56 62
58 62
0 63
7 63
13 63
17 63
19 63
23 63
25 63
31 63
34 63
35 63
36 63
38 63
45 63
47 63
48 63
50 63
53 63
57 63
0 64
1 64
2 64
6 64
11 64
12 64
15 64
17 64
23 64
25 64
27 64
28 64
35 64
37 64
38 64
39 64
42 64
46 64
53 64
54 64
56 64
57 64
59 64
0 65
7 65
8 65
15 65
19 65
21 65
22 65
23 65
29 65
31 65
34 65
35 65
39 65
40 65
41 65
48 65
49 65
50 65
51 65
53 65
59 65
60 65
4 66
7 66
10 66
12 66
22 66
27 66
30 66
33 66
41 66
42 66
51 66
52 66
53 66
54 66
56 66
58 66
60 66
2 67
7 67
8 67
9 67
11 67
16 67
19 67
22 67
35 67
38 67
43 67
46 67
59 67
1 68
5 68
7 68
18 68
19 68
20 68
22 68
23 68
24 68
26 68
28 68
35 68
36 68
38 68
44 68
50 68
52 68
56 68
1 69
2 69
6 69
7 69
11 69
20 69
21 69
22 69
23 69
25 69
26 69
28 69
31 69
32 69
34 69
37 69
38 69
39 69
40 69
41 69
46 69
52 69
53 69
60 69
1 70
4 70
5 70
19 70
28 70
30 70
31 70
33 70
34 70
37 70
38 70
39 70
40 70
41 70
46 70
51 70
52 70
59 70
60 70
5 71
6 71
8 71
10 71
12 71
14 71
16 71
19 71
21 71
22 71
23 71
27 71
32 71
38 71
42 71
44 71
45 71
47 71
50 71
51 71
54 71
59 71
1 72
4 72
5 72
10 72
13 72
14 72
16 72
17 72
19 72
25 72
26 72
30 72
38 72
39 72
41 72
46 72
48 72
51 72
56 72
62 72
64 72
67 72
68 72
4 73
18 73
24 73
27 73
28 73
35 73
38 73
40 73
47 73
48 73
50 73
61 73
62 73
67 73
68 73
69 73
70 73
0 74
1 74
2 74
5 74
6 74
10 74
13 74
18 74
19 74
21 74
24 74
32 74
33 74
35 74
40 74
41 74
42 74
43 74
45 74
58 74
60 74
61 74
62 74
63 74
65 74
67 74
71 74
3 75
6 75
7 75
8 75
16 75
18 75
22 75
26 75
27 75
31 75
32 75
33 75
42 75
43 75
46 75
49 75
54 75
55 75
56 75
61 75
67 75
70 75
1 76
4 76
5 76
7 76
12 76
13 76
14 76
15 76
18 76
24 76
26 76
35 76
51 76
53 76
54 76
55 76
60 76
62 76
64 76
65 76
1 77
12 77
14 77
17 77
20 77
22 77
25 77
26 77
29 77
30 77
31 77
32 77
40 77
42 77
44 77
55 77
60 77
66 77
67 77
68 77
0 78
2 78
4 78
9 78
10 78
11 78
12 78
13 78
16 78
18 78
28 78
36 78
39 78
44 78
48 78
49 78
52 78
54 78
57 78
58 78
63 78
65 78
66 78
70 78
15 79
17 79
18 79
23 79
26 79
27 79
28 79
29 79
32 79
34 79
38 79
42 79
43 79
47 79
51 79
52 79
54 79
60 79
63 79
65 79
69 79
1 80
3 80
4 80
7 80
8 80
9 80
10 80
13 80
17 80
22 80
27 80
28 80
29 80
33 80
38 80
41 80
45 80
48 80
49 80
54 80
57 80
58 80
59 80
62 80
67 80
70 80
1 81
2 81
6 81
15 81
21 81
24 81
27 81
28 81
31 81
34 81
35 81
37 81
39 81
44 81
48 81
49 81
51 81
53 81
58 81
59 81
62 81
66 81
69 81
0 82
1 82
15 82
21 82
27 82
32 82
37 82
38 82
44 82
45 82
46 82
49 82
56 82
57 82
61 82
64 82
66 82
67 82
68 82
7 83
11 83
13 83
14 83
15 83
16 83
22 83
23 83
26 83
28 83
30 83
31 83
32 83
33 83
36 83
40 83
41 83
42 83
43 83
45 83
46 83
51 83
66 83
68 83
71 83
2 84
11 84
15 84
17 84
24 84
26 84
37 84
41 84
42 84
43 84
44 84
53 84
63 84
67 84
68 84
70 84
72 84
75 84
76 84
78 84
80 84
83 84
2 85
5 85
7 85
12 85
14 85
16 85
20 85
23 85
26 85
32 85
34 85
38 85
41 85
59 85
65 85
68 85
70 85
71 85
72 85
75 85
76 85
78 85
1 86
7 86
9 86
12 86
18 86
29 86
30 86
32 86
34 86
39 86
45 86
57 86
60 86
61 86
69 86
70 86
71 86
75 86
76 86
77 86
78 86
81 86
0 87
2 87
6 87
7 87
9 87
11 87
14 87
17 87
18 87
22 87
27 87
29 87
34 87
42 87
45 87
46 87
48 87
51 87
53 87
54 87
55 87
56 87
59 87
66 87
73 87
75 87
80 87
0 88
2 88
3 88
4 88
9 88
10 88
11 88
12 88
15 88
19 88
22 88
23 88
27 88
29 88
31 88
32 88
33 88
36 88
37 88
38 88
42 88
44 88
47 88
51 88
54 88
57 88
65 88
66 88
73 88
81 88
83 88
0 89
1 89
3 89
4 89
6 89
10 89
12 89
18 89
19 89
22 89
23 89
26 89
27 89
28 89
29 89
38 89
39 89
43 89
51 89
55 89
56 89
57 89
58 89
59 89
61 89
67 89
73 89
76 89
79 89
83 89
3 90
7 90
8 90
10 90
13 90
15 90
18 90
20 90
21 90
25 90
26 90
29 90
31 90
36 90
42 90
45 90
47 90
48 90
67 90
71 90
72 90
74 90
79 90
7 91
10 91
12 91
22 91
23 91
24 91
25 91
27 91
28 91
34 91
39 91
41 91
42 91
44 91
51 91
52 91
55 91
57 91
59 91
63 91
64 91
68 91
69 91
71 91
75 91
0 92
2 92
9 92
10 92
20 92
25 92
27 92
29 92
37 92
41 92
46 92
47 92
51 92
54 92
58 92
60 92
61 92
64 92
68 92
73 92
75 92
1 93
2 93
9 93
11 93
12 93
13 93
14 93
15 93
16 93
17 93
19 93
21 93
30 93
31 93
32 93
33 93
36 93
38 93
39 93
40 93
42 93
43 93
47 93
48 93
50 93
52 93
57 93
63 93
66 93
67 93
71 93
79 93
82 93
88 93
90 93
91 93
11 94
25 94
27 94
28 94
29 94
31 94
32 94
47 94
48 94
55 94
56 94
57 94
59 94
61 94
64 94
73 94
89 94
1 95
5 95
9 95
10 95
14 95
15 95
22 95
26 95
29 95
32 95
36 95
43 95
54 95
55 95
60 95
64 95
65 95
66 95
67 95
69 95
76 95
79 95
83 95
87 95
89 95
90 95
92 95
2 96
4 96
15 96
16 96
20 96
22 96
24 96
30 96
32 96
40 96
41 96
42 96
43 96
49 96
55 96
61 96
62 96
69 96
71 96
72 96
73 96
75 96
77 96
83 96
89 96
90 96
91 96
92 96
0 97
1 97
3 97
7 97
17 97
23 97
26 97
33 97
35 97
37 97
39 97
42 97
44 97
46 97
50 97
52 97
53 97
60 97
65 97
68 97
69 97
70 97
79 97
80 97
83 97
86 97
90 97
92 97
0 98
10 98
14 98
15 98
18 98
19 98
20 98
31 98
34 98
39 98
40 98
42 98
44 98
47 98
48 98
52 98
60 98
61 98
62 98
66 98
73 98
75 98
76 98
83 98
86 98
87 98
88 98
1 99
4 99
6 99
7 99
9 99
10 99
11 99
22 99
27 99
32 99
33 99
34 99
40 99
41 99
45 99
46 99
48 99
49 99
52 99
55 99
61 99
63 99
69 99
71 99
73 99
75 99
76 99
78 99
79 99
80 99
83 99
84 99
87 99
