100 255 16
5 6 5 4 6 6 5 5 5 5 4 5 6 5 5 5 5 5 6 5 3 5 5 5 6 8 7 4 4 7 7 6 6 3 4 6 5 4 6 5 4 6 4 7 5 7 4 4 5 7 4 6 6 6 6 7 6 4 4 4 6 7 8 5 6 8 5 5 5 6 4 5 4 5 4 5 6 6 6 5 4 8 4 5 5 7 6 6 6 5 5 3 5 7 5 5 5 5 7 6
1 5
5 6
1 7
6 11
9 11
4 14
5 14
7 14
2 16
14 18
7 21
8 21
20 21
0 23
11 23
12 23
17 23
0 24
0 25
0 26
21 27
2 28
4 28
14 28
15 28
7 31
20 31
28 31
14 32
25 32
11 33
20 33
25 33
23 34
13 35
27 35
34 35
33 37
4 38
11 38
26 38
13 39
26 39
29 39
30 39
18 40
6 41
37 41
40 41
11 42
15 42
17 42
41 42
14 43
18 43
31 43
34 44
35 44
36 44
28 45
29 46
44 46
9 47
14 47
22 47
33 47
16 48
20 48
24 48
28 48
38 48
40 48
25 49
42 49
29 50
4 51
17 51
20 51
1 52
4 52
8 52
32 52
1 53
6 53
9 53
11 53
11 54
27 54
39 54
40 54
54 55
5 56
49 56
55 56
43 57
6 58
13 58
30 58
45 58
0 60
25 60
30 60
53 61
42 62
46 62
52 62
55 62
58 62
34 63
41 63
49 63
57 63
51 64
33 65
48 65
24 66
31 66
10 67
18 67
59 67
66 67
12 68
17 68
38 68
2 69
59 69
62 69
66 69
43 70
60 70
64 70
68 70
28 71
47 71
51 71
4 72
11 72
37 72
44 72
18 73
0 74
8 74
39 74
43 74
62 74
71 74
66 75
24 76
28 76
43 76
51 76
55 76
59 76
35 77
36 77
50 77
71 77
76 77
10 78
20 78
32 78
61 78
71 78
77 78
16 79
68 79
69 79
27 80
28 80
34 80
36 80
44 80
9 81
17 81
71 81
14 82
20 82
33 82
34 82
52 82
66 82
28 83
75 83
4 84
54 84
81 84
83 84
2 85
7 85
15 85
23 85
27 85
2 86
7 86
12 86
13 86
60 86
11 87
16 87
57 87
63 87
66 87
1 88
17 88
36 88
51 88
63 88
66 88
26 89
28 89
49 89
78 89
81 89
11 90
39 90
23 91
43 91
71 91
84 91
7 92
12 92
79 92
19 93
20 93
52 93
59 93
83 93
3 94
16 94
36 94
65 94
78 94
5 95
26 95
61 95
65 95
80 95
82 95
2 96
24 96
42 96
9 97
54 97
56 97
59 97
64 97
73 97
75 97
87 97
14 98
77 98
89 98
10 99
50 99
67 99
