100 671 16
9 7 11 8 11 6 9 10 7 15 11 13 12 10 8 8 16 6 9 15 9 10 11 10 8 12 13 12 12 14 9 16 12 11 8 7 10 3 10 8 12 12 7 12 8 3 10 13 10 11 8 10 12 9 19 4 11 11 11 10 10 11 10 13 6 9 9 8 6 14 10 10 10 8 10 11 5 11 7 12 8 13 12 7 5 8 11 11 10 6 17 15 8 6 11 9 7 3 8 7
0 5
1 5
6 8
9 10
6 11
7 11
0 12
8 12
9 12
7 13
10 13
5 14
7 14
8 14
3 15
4 15
7 15
0 17
4 17
10 17
16 17
15 18
12 19
16 19
0 20
1 20
14 20
17 20
2 21
7 21
8 21
20 21
11 22
14 22
21 22
7 23
11 23
12 23
15 23
17 23
1 24
9 24
17 24
23 24
3 25
7 25
5 26
15 26
24 26
3 27
6 27
15 27
16 27
20 27
5 28
12 28
21 28
4 29
6 29
8 29
10 29
19 29
23 29
28 29
0 30
1 30
6 30
21 30
22 30
24 30
9 31
27 31
4 32
13 32
19 32
23 32
2 33
6 33
16 33
27 33
29 33
30 33
3 34
16 34
29 34
13 35
17 35
3 36
18 36
26 36
27 36
30 36
7 37
19 37
22 37
24 37
28 37
0 38
2 38
8 38
11 38
23 38
37 38
16 39
23 39
31 39
9 40
10 40
30 40
34 40
37 41
1 42
3 42
19 42
25 42
35 42
40 42
24 43
27 43
32 43
1 44
6 44
8 44
9 44
13 44
18 44
19 44
3 45
15 45
29 45
31 45
38 45
40 45
12 46
15 46
16 46
24 46
31 46
35 46
40 46
45 46
5 47
18 47
27 47
44 47
2 48
9 48
22 48
28 48
43 48
9 49
14 49
18 49
25 49
41 49
1 50
3 50
10 50
23 50
37 50
38 50
47 50
13 51
16 51
37 51
42 51
43 51
45 51
49 51
39 52
40 52
48 52
6 53
40 53
45 53
17 54
18 54
33 54
34 54
36 54
43 54
47 54
3 55
15 55
35 55
36 55
38 55
42 55
43 55
44 55
50 55
2 56
9 56
16 56
25 56
30 56
31 56
36 56
42 56
54 56
13 57
16 57
33 57
38 57
41 57
42 57
46 57
48 57
53 57
55 57
1 58
4 58
9 58
10 58
15 58
20 58
30 58
44 58
0 59
4 59
5 59
7 59
10 59
16 59
26 59
35 59
53 59
1 60
6 60
8 60
18 60
23 60
24 60
33 60
54 60
0 61
4 61
14 61
24 61
30 61
35 61
40 61
42 61
45 61
48 61
52 61
5 62
25 62
26 62
32 62
46 62
60 62
20 63
28 63
33 63
36 63
41 63
44 63
45 63
54 63
55 63
56 63
57 63
8 64
9 64
12 64
14 64
19 64
20 64
25 64
28 64
45 64
53 64
58 64
59 64
11 65
19 65
27 65
30 65
40 65
49 65
50 65
1 66
7 66
8 66
9 66
10 66
12 66
15 66
17 66
22 66
29 66
34 66
38 66
40 66
42 66
63 66
0 67
35 67
39 67
47 67
55 67
5 68
7 68
17 68
23 68
25 68
41 68
63 68
64 68
3 69
10 69
11 69
13 69
22 69
41 69
59 69
4 70
6 70
12 70
13 70
16 70
20 70
27 70
28 70
37 70
43 70
54 70
63 70
66 70
1 71
11 71
12 71
16 71
22 71
37 71
39 71
52 71
59 71
68 71
7 72
12 72
34 72
37 72
47 72
48 72
58 72
67 72
68 72
69 72
23 73
26 73
28 73
33 73
39 73
40 73
43 73
49 73
55 73
6 74
11 74
13 74
16 74
18 74
21 74
22 74
24 74
26 74
28 74
35 74
41 74
42 74
48 74
70 74
2 75
5 75
6 75
9 75
13 75
17 75
26 75
30 75
33 75
47 75
49 75
67 75
0 76
4 76
5 76
12 76
33 76
34 76
35 76
38 76
46 76
53 76
61 76
62 76
75 76
18 77
26 77
32 77
37 77
38 77
44 77
61 77
74 77
75 77
76 77
11 78
18 78
21 78
25 78
35 78
37 78
66 78
67 78
68 78
76 78
1 79
17 79
28 79
37 79
48 79
53 79
54 79
55 79
58 79
63 79
67 79
2 80
6 80
8 80
17 80
25 80
29 80
35 80
45 80
47 80
48 80
62 80
66 80
72 80
1 81
9 81
17 81
33 81
36 81
37 81
38 81
50 81
55 81
3 82
21 82
25 82
34 82
36 82
41 82
50 82
55 82
74 82
5 83
9 83
14 83
26 83
27 83
30 83
38 83
39 83
44 83
47 83
54 83
62 83
70 83
74 83
75 83
77 83
80 83
12 84
13 84
45 84
54 84
55 84
58 84
81 84
13 85
46 85
49 85
54 85
74 85
81 85
83 85
84 85
3 86
8 86
13 86
21 86
24 86
27 86
31 86
52 86
64 86
1 87
17 87
21 87
22 87
27 87
37 87
61 87
65 87
69 87
72 87
2 88
11 88
18 88
27 88
33 88
35 88
39 88
67 88
79 88
81 88
82 88
86 88
8 89
11 89
18 89
26 89
42 89
50 89
87 89
2 90
8 90
22 90
23 90
31 90
37 90
47 90
67 90
68 90
0 91
14 91
15 91
21 91
30 91
33 91
38 91
42 91
49 91
54 91
56 91
79 91
87 91
89 91
9 92
20 92
35 92
41 92
52 92
64 92
65 92
78 92
81 92
15 93
17 93
23 93
25 93
30 93
41 93
43 93
45 93
50 93
51 93
55 93
56 93
58 93
64 93
72 93
74 93
78 93
6 94
16 94
25 94
28 94
35 94
40 94
41 94
47 94
51 94
60 94
62 94
63 94
67 94
79 94
80 94
83 94
89 94
0 95
1 95
9 95
16 95
19 95
29 95
35 95
36 95
37 95
49 95
57 95
58 95
66 95
90 95
12 96
13 96
14 96
17 96
19 96
24 96
27 96
28 96
33 96
42 96
44 96
55 96
57 96
61 96
65 96
72 96
77 96
80 96
83 96
5 97
10 97
14 97
25 97
31 97
32 97
48 97
51 97
70 97
89 97
6 98
9 98
11 98
15 98
25 98
33 98
36 98
44 98
53 98
55 98
68 98
71 98
72 98
87 98
88 98
96 98
1 99
2 99
12 99
13 99
23 99
31 99
34 99
43 99
55 99
60 99
62 99
81 99
88 99
94 99
98 99
