100 677 16
7 12 15 1 6 9 14 9 15 7 9 5 4 1 20 8 3 19 18 2 9 6 1 1 18 15 12 7 19 3 18 4 8 12 12 7 13 6 14 3 16 17 18 6 13 20 15 16 16 7 12 6 8 8 12 7 18 11 2 4 9 6 20 11 6 5 2 18 11 14 3 5 15 12 4 8 11 6 5 4 20 19 2 7 9 10 3 16 3 4 15 7 8 7 15 10 9 16 8 12
0 12
10 12
0 14
5 14
0 15
2 15
7 15
9 15
10 15
2 16
5 16
6 16
11 18
1 19
4 19
2 20
6 20
7 20
1 21
9 21
10 21
3 22
5 22
9 22
11 22
0 23
1 23
6 23
14 23
1 24
6 24
10 24
12 24
4 25
7 25
10 26
11 26
15 26
16 26
17 26
1 27
6 27
9 27
3 28
8 28
10 28
13 28
0 29
1 29
9 29
12 29
14 29
16 29
5 30
8 30
18 30
23 30
6 31
7 31
12 31
14 31
18 31
23 31
29 31
2 32
5 32
8 32
18 32
27 32
29 32
1 33
2 33
6 33
19 33
1 34
3 34
6 34
10 34
14 34
20 34
8 35
14 35
16 35
17 35
19 35
5 36
13 36
18 36
28 36
30 36
32 36
0 37
8 37
11 37
20 37
24 37
30 37
0 38
6 38
7 38
9 38
30 38
23 39
27 39
35 39
3 40
8 40
18 40
19 40
25 40
4 41
7 41
11 41
13 41
17 41
21 41
29 41
34 41
35 41
0 42
8 42
19 42
0 43
2 43
10 43
16 43
27 43
1 44
9 44
12 44
32 44
33 44
34 44
16 45
22 45
26 45
32 45
13 46
27 46
31 46
35 46
11 47
27 47
5 48
11 48
23 48
31 48
34 48
3 49
6 49
18 49
23 49
26 49
2 50
12 50
15 50
18 50
23 50
30 50
32 50
34 50
39 50
41 50
43 50
44 50
9 51
43 51
47 51
6 52
10 52
13 52
22 52
32 52
0 53
12 53
35 53
9 54
14 54
22 54
23 54
31 54
33 54
34 54
39 54
42 54
8 55
12 55
17 55
22 55
24 55
27 55
28 55
41 55
45 55
11 56
15 56
17 56
30 56
32 56
33 56
35 56
36 56
40 56
49 56
0 57
4 57
14 57
15 57
16 57
28 57
33 57
38 57
44 57
46 57
48 57
4 58
6 58
20 58
23 58
48 58
49 58
28 59
33 59
34 59
40 59
43 59
1 60
6 60
14 60
26 60
27 60
29 60
31 60
32 60
35 60
37 60
43 60
49 60
4 61
16 61
20 61
25 61
34 61
36 61
40 61
42 61
1 62
7 62
9 62
14 62
24 62
25 62
32 62
33 62
43 62
3 63
7 63
8 63
15 63
30 63
46 63
51 63
52 63
56 63
10 64
11 64
24 64
30 64
33 64
43 64
44 64
45 64
52 64
58 64
61 64
2 65
5 65
14 65
15 65
18 65
22 65
23 65
44 65
56 65
62 65
1 66
19 66
44 66
49 66
0 67
2 67
7 67
12 67
13 67
14 67
15 67
22 67
23 67
44 67
46 67
49 67
54 67
61 67
5 68
9 68
10 68
13 68
14 68
22 68
25 68
48 68
50 68
55 68
58 68
19 69
21 69
26 69
29 69
44 69
45 69
47 69
52 69
55 69
4 70
8 70
13 70
30 70
36 70
38 70
41 70
57 70
61 70
4 71
23 71
24 71
27 71
30 71
38 71
40 71
41 71
45 71
47 71
51 71
53 71
55 71
59 71
6 72
7 72
11 72
20 72
23 72
24 72
26 72
37 72
40 72
41 72
53 72
54 72
2 73
4 73
33 73
37 73
38 73
47 73
48 73
53 73
3 74
16 74
18 74
19 74
27 74
29 74
33 74
35 74
40 74
9 75
13 75
17 75
22 75
30 75
40 75
46 75
50 75
51 75
59 75
65 75
68 75
74 75
4 76
11 76
20 76
37 76
39 76
40 76
41 76
54 76
63 76
67 76
70 76
0 77
1 77
30 77
40 77
42 77
66 77
5 78
6 78
8 78
17 78
21 78
43 78
45 78
48 78
60 78
63 78
67 78
3 79
4 79
6 79
7 79
27 79
31 79
33 79
51 79
61 79
72 79
74 79
26 80
35 80
43 80
45 80
52 80
60 80
71 80
72 80
1 81
8 81
9 81
11 81
12 81
39 81
47 81
52 81
54 81
60 81
65 81
67 81
68 81
71 81
73 81
74 81
1 82
8 82
10 82
33 82
44 82
45 82
62 82
0 83
2 83
6 83
12 83
19 83
20 83
41 83
44 83
45 83
57 83
70 83
71 83
80 83
15 84
22 84
42 84
49 84
53 84
79 84
81 84
9 85
10 85
16 85
32 85
39 85
40 85
42 85
50 85
53 85
56 85
58 85
63 85
66 85
70 85
81 85
6 86
14 86
26 86
34 86
41 86
44 86
45 86
48 86
57 86
71 86
79 86
9 87
13 87
17 87
22 87
28 87
31 87
37 87
41 87
49 87
51 87
68 87
71 87
74 87
23 88
32 88
34 88
49 88
51 88
59 88
61 88
75 88
79 88
80 88
0 89
3 89
4 89
14 89
16 89
26 89
38 89
43 89
50 89
53 89
55 89
56 89
58 89
64 89
75 89
9 90
14 90
20 90
21 90
35 90
55 90
58 90
59 90
68 90
69 90
81 90
0 91
8 91
10 91
18 91
20 91
21 91
35 91
59 91
64 91
68 91
86 91
2 92
6 92
36 92
40 92
42 92
44 92
45 92
50 92
55 92
56 92
57 92
61 92
66 92
77 92
81 92
87 92
90 92
3 93
11 93
21 93
24 93
40 93
43 93
47 93
49 93
50 93
57 93
61 93
63 93
64 93
77 93
80 93
86 93
89 93
90 93
7 94
25 94
32 94
34 94
38 94
58 94
75 94
76 94
77 94
81 94
82 94
16 95
22 95
25 95
40 95
45 95
53 95
57 95
71 95
73 95
1 96
10 96
15 96
17 96
23 96
36 96
39 96
40 96
49 96
56 96
57 96
64 96
68 96
73 96
80 96
81 96
5 97
6 97
12 97
17 97
22 97
29 97
39 97
46 97
49 97
63 97
66 97
79 97
83 97
85 97
89 97
6 98
13 98
27 98
28 98
35 98
54 98
56 98
57 98
71 98
81 98
83 98
86 98
87 98
0 99
15 99
16 99
17 99
18 99
22 99
48 99
53 99
58 99
64 99
68 99
73 99
74 99
85 99
