100 480 16
9 10 19 6 4 20 3 16 18 14 16 16 20 13 17 1 7 9 10 10 13 20 6 6 9 8 15 8 16 13 6 15 12 16 16 19 6 9 2 12 2 5 2 10 2 10 8 2 2 14 1 9 20 16 14 10 4 4 12 12 20 8 20 8 14 15 16 4 7 12 13 4 9 8 15 18 11 18 7 10 2 2 1 19 16 17 14 5 17 6 5 8 15 11 11 4 16 9 19 18
3 10
1 11
4 11
8 11
6 12
4 13
5 13
7 14
1 16
7 16
3 17
9 17
1 18
4 19
3 21
4 21
8 21
2 22
4 22
5 22
16 23
18 24
9 25
20 25
0 26
1 26
9 26
10 26
17 26
18 27
6 28
9 28
13 28
20 28
22 28
0 29
7 29
16 29
18 29
0 31
9 31
15 31
2 32
4 32
8 32
12 32
17 32
4 33
9 33
24 33
2 34
16 34
10 35
13 35
16 35
21 35
23 35
10 36
16 36
22 36
24 36
32 36
34 36
7 37
26 37
32 37
34 37
12 38
13 38
26 38
3 39
7 39
24 39
26 39
12 41
24 41
29 41
30 41
31 41
32 42
35 42
7 43
17 43
30 44
12 45
20 45
24 45
29 45
14 46
18 46
29 46
30 46
33 46
7 47
25 47
27 47
31 47
2 48
8 48
11 48
24 48
1 49
8 49
11 49
22 49
29 49
35 49
18 50
28 50
29 50
35 50
33 51
45 51
46 51
5 52
13 52
31 52
35 52
39 52
43 52
46 52
47 52
19 53
21 53
25 53
26 53
0 54
7 54
19 54
21 54
29 54
30 54
38 54
49 54
0 55
6 55
9 55
12 55
13 55
36 55
44 55
47 55
48 55
27 56
32 56
41 56
49 56
0 57
2 57
5 57
8 57
14 57
33 57
36 57
38 57
40 57
3 58
16 58
22 58
36 58
48 58
54 58
7 59
11 59
20 59
28 59
41 59
0 60
11 60
30 60
31 60
35 60
40 60
51 60
1 61
18 61
23 61
25 61
37 61
38 61
40 61
49 61
54 61
3 62
15 62
37 62
44 62
15 63
16 63
26 63
27 63
44 63
48 63
49 63
54 63
32 64
43 64
47 64
7 65
27 65
35 65
36 65
38 65
40 65
46 65
48 65
62 65
2 66
5 66
37 66
44 66
3 67
16 67
39 67
55 67
62 67
10 68
30 68
40 68
41 68
47 68
10 69
16 69
20 69
25 69
28 69
40 69
44 69
55 69
60 69
1 70
10 70
13 70
17 70
35 70
42 70
51 70
8 71
16 71
22 71
27 71
32 71
39 71
43 71
48 71
54 71
56 71
58 71
13 72
17 72
24 72
34 72
36 72
39 72
44 72
46 72
53 72
62 72
1 73
3 73
7 73
54 73
55 73
38 74
49 74
53 74
55 74
59 74
35 75
48 75
63 75
0 76
15 76
18 76
29 76
37 76
53 76
57 76
19 77
37 77
38 77
39 77
44 77
48 77
8 78
17 78
21 78
24 78
42 78
52 78
57 78
7 79
15 79
22 79
23 79
26 79
37 79
40 79
44 79
1 80
9 80
28 80
66 80
41 81
57 81
16 82
19 82
24 82
25 82
54 82
55 82
69 82
78 82
1 83
7 83
9 83
28 83
39 83
45 83
55 83
60 83
72 83
75 83
6 84
18 84
21 84
34 84
39 84
42 84
45 84
57 84
60 84
64 84
6 85
16 85
21 85
26 85
31 85
33 85
53 85
66 85
0 86
9 86
25 86
28 86
52 86
57 86
67 86
73 86
0 87
7 87
13 87
19 87
41 87
45 87
46 87
53 87
55 87
62 87
71 87
73 87
4 88
21 88
38 88
65 88
10 89
24 89
34 89
49 89
54 89
70 89
79 89
0 90
2 90
9 90
10 90
22 90
25 90
49 90
55 90
61 90
66 90
67 90
1 91
7 91
10 91
16 91
23 91
28 91
29 91
48 91
53 91
60 91
80 91
84 91
85 91
3 92
14 92
18 92
36 92
38 92
40 92
43 92
49 92
74 92
75 92
10 93
11 93
16 93
33 93
34 93
53 93
76 93
82 93
2 94
4 94
8 94
17 94
33 94
34 94
46 94
50 94
56 94
68 94
83 94
6 95
9 95
11 95
16 95
19 95
32 95
33 95
55 95
57 95
58 95
61 95
77 95
81 95
84 95
85 95
18 96
24 96
49 96
57 96
64 96
70 96
77 96
85 96
89 96
26 97
27 97
29 97
31 97
43 97
46 97
48 97
54 97
59 97
61 97
77 97
80 97
4 98
7 98
24 98
60 98
80 98
82 98
3 99
10 99
11 99
12 99
14 99
15 99
20 99
32 99
44 99
50 99
53 99
57 99
78 99
