100 772 16
5 4 4 6 4 4 4 5 5 6 4 5 7 7 5 5 5 5 7 7 4 7 7 7 5 4 8 5 8 6 6 5 5 6 5 6 6 5 6 6 6 6 7 8 4 7 6 4 6 5 5 7 6 6 5 6 7 5 4 5 5 7 5 5 7 4 5 6 7 6 6 6 8 5 8 5 5 6 6 8 6 5 5 6 5 6 4 6 6 4 6 7 7 4 6 5 8 4 6 4
2 12
6 12
4 14
11 14
6 15
9 15
4 16
6 18
0 19
6 19
0 21
1 21
2 21
3 21
4 21
10 21
12 21
14 21
15 21
0 22
1 22
2 22
3 22
17 22
19 22
9 23
11 23
13 23
16 23
17 23
2 24
8 24
9 24
16 24
20 24
3 25
7 25
1 26
15 26
18 26
20 26
8 27
2 28
8 28
19 28
1 29
10 29
11 29
13 29
15 29
16 29
0 30
2 30
18 30
2 31
9 31
13 31
16 31
17 31
5 32
12 32
15 32
17 32
20 32
30 32
10 33
15 33
25 33
27 33
8 34
18 34
21 34
31 34
10 35
13 35
16 35
21 35
24 35
11 36
17 36
20 36
24 36
8 37
12 37
24 37
8 38
20 38
21 38
4 39
8 39
21 39
26 39
27 39
29 39
14 40
17 40
23 40
26 40
31 40
5 41
6 41
13 41
24 41
30 41
3 42
5 42
14 42
16 42
18 42
27 42
30 42
9 43
15 43
25 43
27 43
30 43
38 43
2 44
7 44
10 44
13 44
21 44
26 44
28 44
31 44
34 44
36 44
0 45
1 45
26 45
32 45
34 45
36 45
41 45
42 45
13 46
16 46
17 46
26 46
30 46
31 46
37 46
0 47
5 47
9 47
18 47
19 47
28 47
32 47
40 47
13 48
16 48
26 48
10 49
21 49
25 49
27 49
31 49
36 49
37 49
0 50
1 50
16 50
32 50
33 50
39 50
40 50
16 51
25 51
31 51
39 51
2 52
5 52
10 52
11 52
13 52
15 52
17 52
31 52
35 52
38 52
44 52
45 52
10 53
15 53
22 53
28 53
2 54
4 54
14 54
17 54
23 54
36 54
39 54
48 54
51 54
3 55
15 55
16 55
18 55
29 55
31 55
38 55
40 55
42 55
44 55
50 55
0 56
4 56
14 56
16 56
19 56
21 56
24 56
32 56
36 56
41 56
44 56
46 56
2 57
9 57
11 57
19 57
23 57
25 57
29 57
50 57
4 58
9 58
13 58
27 58
33 58
37 58
9 59
19 59
27 59
31 59
39 59
40 59
41 59
48 59
49 59
54 59
12 60
15 60
17 60
20 60
22 60
24 60
26 60
27 60
33 60
35 60
49 60
54 60
4 61
14 61
19 61
23 61
26 61
41 61
42 61
43 61
51 61
52 61
4 62
5 62
7 62
16 62
17 62
19 62
20 62
27 62
35 62
46 62
1 63
18 63
19 63
21 63
22 63
28 63
31 63
42 63
48 63
55 63
56 63
57 63
5 64
9 64
15 64
16 64
23 64
24 64
25 64
30 64
32 64
33 64
44 64
51 64
7 65
18 65
22 65
23 65
31 65
35 65
8 66
9 66
14 66
18 66
20 66
23 66
25 66
34 66
35 66
49 66
57 66
59 66
61 66
7 67
10 67
15 67
19 67
20 67
21 67
31 67
33 67
43 67
49 67
50 67
62 67
8 68
11 68
15 68
36 68
40 68
42 68
44 68
48 68
50 68
53 68
64 68
65 68
10 69
12 69
16 69
26 69
34 69
47 69
48 69
53 69
63 69
2 70
6 70
20 70
24 70
25 70
27 70
31 70
48 70
55 70
56 70
60 70
64 70
1 71
2 71
7 71
8 71
13 71
16 71
19 71
21 71
27 71
35 71
41 71
44 71
46 71
56 71
60 71
62 71
64 71
10 72
16 72
20 72
26 72
29 72
40 72
51 72
58 72
61 72
64 72
0 73
4 73
7 73
9 73
12 73
24 73
27 73
30 73
31 73
36 73
37 73
40 73
50 73
51 73
58 73
61 73
62 73
4 74
8 74
12 74
18 74
24 74
25 74
27 74
29 74
32 74
34 74
37 74
45 74
51 74
59 74
61 74
64 74
1 75
7 75
10 75
18 75
33 75
42 75
47 75
48 75
50 75
53 75
57 75
58 75
61 75
6 76
26 76
28 76
46 76
49 76
56 76
65 76
2 77
8 77
10 77
20 77
37 77
44 77
56 77
16 78
22 78
23 78
24 78
32 78
34 78
36 78
49 78
50 78
63 78
0 79
10 79
13 79
16 79
17 79
19 79
25 79
26 79
28 79
29 79
32 79
39 79
40 79
46 79
49 79
51 79
55 79
56 79
58 79
61 79
5 80
11 80
12 80
21 80
22 80
28 80
31 80
40 80
44 80
45 80
51 80
0 81
1 81
7 81
12 81
17 81
19 81
34 81
51 81
53 81
54 81
58 81
64 81
66 81
72 81
78 81
2 82
11 82
14 82
29 82
31 82
35 82
55 82
60 82
67 82
69 82
71 82
5 83
6 83
7 83
9 83
16 83
21 83
23 83
32 83
35 83
42 83
45 83
58 83
60 83
61 83
73 83
76 83
1 84
9 84
13 84
17 84
18 84
22 84
26 84
34 84
36 84
40 84
52 84
56 84
67 84
71 84
73 84
1 85
14 85
36 85
37 85
38 85
40 85
45 85
47 85
50 85
77 85
4 86
8 86
15 86
18 86
32 86
34 86
37 86
39 86
48 86
50 86
52 86
53 86
54 86
60 86
61 86
62 86
68 86
73 86
75 86
76 86
79 86
5 87
7 87
11 87
17 87
21 87
22 87
25 87
29 87
40 87
50 87
51 87
52 87
57 87
60 87
76 87
79 87
4 88
15 88
17 88
21 88
27 88
28 88
32 88
37 88
46 88
57 88
61 88
66 88
68 88
1 89
3 89
6 89
8 89
18 89
23 89
42 89
47 89
50 89
56 89
61 89
77 89
78 89
1 90
4 90
13 90
14 90
25 90
27 90
31 90
41 90
43 90
44 90
47 90
51 90
56 90
63 90
69 90
0 91
3 91
9 91
16 91
24 91
28 91
30 91
42 91
49 91
53 91
55 91
56 91
68 91
75 91
81 91
82 91
85 91
87 91
88 91
1 92
23 92
31 92
37 92
38 92
41 92
43 92
56 92
58 92
63 92
81 92
5 93
12 93
13 93
22 93
24 93
34 93
38 93
48 93
59 93
60 93
65 93
67 93
68 93
81 93
83 93
90 93
0 94
6 94
10 94
14 94
22 94
33 94
34 94
45 94
47 94
57 94
58 94
60 94
67 94
68 94
72 94
88 94
10 95
15 95
16 95
19 95
21 95
28 95
29 95
53 95
60 95
66 95
74 95
86 95
88 95
8 96
10 96
15 96
16 96
18 96
20 96
22 96
24 96
31 96
33 96
48 96
53 96
58 96
5 97
9 97
21 97
28 97
46 97
65 97
70 97
71 97
73 97
78 97
84 97
90 97
4 98
9 98
10 98
27 98
28 98
40 98
42 98
45 98
46 98
47 98
62 98
63 98
76 98
78 98
80 98
83 98
89 98
1 99
10 99
21 99
24 99
38 99
39 99
43 99
53 99
56 99
57 99
60 99
61 99
62 99
66 99
69 99
74 99
75 99
78 99
79 99
