100 150 2
1 999 1 2 11 7 8 4 1 10 10 14 6 8 12 1 1 8 10 1 6 1 6 10 9 14 12 8 2 10 6 10 13 11 4 1 11 5 9 11 14 6 4 14 11 11 10 2 9 13 4 7 11 7 4 4 6 3 7 13 13 1 13 8 8 5 14 7 4 2 14 2 8 6 4 13 8 7 14 1 11 11 12 2 1 10 13 9 11 11 14 13 4 5 5 8 9 12 6 247
11 43
20 93
41 83
9 98
50 96
19 36
30 75
41 59
53 94
23 53
2 18
27 72
12 74
8 18
2 51
9 15
63 89
9 49
82 90
53 75
32 90
19 91
28 94
18 74
87 99
39 58
38 97
21 67
35 82
18 88
26 81
12 82
24 62
17 24
35 97
19 75
19 24
4 86
14 19
21 26
47 49
17 71
28 44
75 89
18 30
86 96
9 69
42 71
20 73
8 13
45 69
47 56
9 92
10 48
2 69
47 80
36 75
39 66
19 92
15 76
16 46
19 51
26 43
9 19
40 43
0 31
35 37
14 99
33 95
56 67
5 16
20 75
54 73
29 68
30 69
5 15
3 39
4 72
55 88
18 35
3 40
14 43
38 41
24 50
66 73
18 97
60 64
37 56
10 98
81 91
20 49
5 26
49 74
0 4
20 80
21 30
4 64
28 67
37 78
50 83
81 98
3 95
16 29
12 99
6 67
12 42
50 99
29 39
21 78
0 74
37 77
20 70
51 75
67 86
82 94
6 15
66 86
5 21
7 37
66 80
88 95
40 57
65 83
11 48
10 24
25 96
64 87
29 63
38 95
20 62
0 47
11 98
23 89
15 39
27 79
38 69
17 67
28 68
42 61
5 61
16 58
6 22
60 72
22 59
21 99
10 89
41 86
97 99
56 95
20 24
