100 150 4
1 999 1 24 133 81 94 39 9 619 1 5 27 17 19 8 2 24 24 33 14 19 30 2 2 19 24 1 14 3 15 25 21 33 30 19 4 23 15 25 32 27 10 2 26 12 23 27 343 1 4 21 13 15 6 2 19 19 26 11 15 23 1 2 15 19 1 11 2 12 19 16 26 23 15 3 18 12 19 25 21 8 2 20 9 18 21 27 10 7 27 20 21 18 2 18 24 8 12 293
40 42
33 47
37 47
61 27
16 37
58 22
19 64
26 97
78 99
7 85
65 77
50 87
62 33
7 97
35 45
51 28
13 81
15 83
33 99
58 26
51 32
58 7
25 90
56 9
58 79
2 45
55 78
57 40
29 80
53 69
29 99
2 76
12 86
75 48
65 40
3 90
32 48
0 34
38 99
57 31
23 38
70 33
69 27
79 38
20 45
54 8
50 7
57 8
70 29
88 91
54 61
75 47
43 92
5 99
76 79
67 30
13 71
26 90
90 91
36 43
25 93
73 85
45 98
54 79
2 5
29 91
20 69
81 93
26 98
20 46
26 9
69 6
67 94
27 99
32 89
14 62
67 37
12 5
27 84
2 61
53 79
51 61
4 31
82 95
72 35
2 9
67 33
78 80
24 70
65 79
28 35
68 38
63 29
63 94
26 87
17 88
34 40
72 81
16 71
4 63
73 76
18 19
30 98
54 60
53 48
11 81
81 44
56 94
51 59
80 44
0 65
59 37
12 60
35 94
41 48
69 95
54 74
8 43
92 47
34 45
10 38
16 96
65 24
20 92
72 33
8 35
3 79
15 63
49 69
55 5
52 75
25 82
66 33
59 76
60 37
63 41
34 98
90 94
2 87
49 5
54 16
23 99
22 23
38 90
2 21
36 96
4 5
17 23
21 30
67 77
