100 150 9
1 999 1 47 265 687 1 11 62 38 44 18 4 56 56 77 32 43 69 3 5 44 437 1 17 96 59 68 28 6 87 87 119 432 1 15 81 50 58 24 6 73 73 101 42 56 420 1 31 177 107 125 559 1 999 1 12 66 40 47 20 5 60 60 82 34 46 73 4 5 445 1 7 37 23 26 11 3 33 33 45 19 25 40 2 3 26 33 1 19 4 21 33 29 45 41 26 5 32 377
74 60
62 68
63 70
38 94
18 95
72 45
88 19
75 91
9 97
37 29
6 38
49 83
47 59
6 22
38 22
78 67
47 54
12 17
8 46
27 52
58 87
57 80
37 92
49 69
8 19
7 60
49 5
29 51
12 83
58 63
53 7
3 84
75 70
23 56
77 13
7 92
77 70
7 61
93 33
29 98
53 54
91 67
6 37
29 95
12 84
12 20
16 52
78 22
85 90
49 20
23 57
75 32
94 33
23 69
73 41
27 98
37 97
56 18
47 5
8 9
9 16
34 50
36 93
78 16
75 19
26 62
43 46
56 78
49 63
58 79
76 99
87 43
24 15
60 50
2 88
60 96
7 17
56 87
74 80
3 17
56 21
42 43
34 31
74 5
2 75
36 91
13 29
2 22
56 30
48 39
23 90
73 99
63 68
2 66
29 16
9 30
84 21
14 31
83 42
78 97
7 65
3 18
80 5
24 39
76 88
64 18
38 86
75 31
47 93
24 14
3 51
77 33
73 70
39 52
0 54
87 18
82 88
12 15
74 14
69 98
62 18
59 93
58 41
36 44
35 21
6 20
73 74
47 16
31 99
35 97
14 95
73 31
61 91
79 95
35 63
78 18
30 94
74 67
73 13
50 44
35 66
80 29
86 21
6 58
79 81
7 50
82 52
88 22
3 50
2 17
