100 150 6
1 999 1 31 177 107 125 559 1 7 41 25 29 12 3 36 37 50 21 28 45 2 3 29 36 1 21 4 23 37 32 50 45 382 1 12 66 40 47 20 5 60 60 82 34 46 73 4 5 445 1 10 56 34 39 16 4 50 50 69 28 38 61 3 4 39 49 1 448 1 6 35 21 24 10 3 31 31 43 18 24 38 2 3 24 31 1 18 4 19 31 27 42 39 24 5 30 19 32 364
18 49
45 97
2 19
75 16
51 80
10 20
51 97
5 7
4 48
76 28
50 52
56 63
69 3
19 6
8 84
79 21
12 59
11 14
40 24
8 93
81 97
69 75
0 99
51 26
44 46
38 99
4 22
72 42
12 28
56 92
89 96
10 33
37 94
16 80
3 77
71 46
64 68
43 47
73 57
58 83
62 33
54 31
16 61
2 24
16 29
19 60
73 79
58 93
70 85
9 88
21 97
22 93
70 18
15 45
11 19
41 25
2 20
13 22
72 84
36 19
73 89
2 80
47 98
57 46
90 66
10 22
13 88
25 64
34 36
14 57
12 22
86 91
77 29
27 29
38 79
78 65
84 25
10 68
40 17
2 59
63 46
85 33
19 87
10 28
12 33
15 58
81 7
21 25
8 22
58 29
40 86
76 82
78 66
40 23
75 31
73 14
71 58
87 7
5 65
63 48
0 88
0 95
38 23
81 49
24 91
4 97
38 63
18 48
77 89
8 98
3 39
25 29
74 48
34 93
41 61
8 66
26 30
74 98
81 48
46 33
11 90
73 92
85 44
42 49
56 66
37 64
2 98
57 47
77 44
9 6
51 37
10 16
81 26
40 27
34 23
53 28
76 87
74 19
77 49
64 93
12 47
45 30
36 99
9 40
29 49
53 96
83 7
81 96
54 40
22 24
