100 150 8
1 999 1 37 212 129 621 1 10 53 33 38 16 4 48 48 66 27 37 59 3 4 38 47 1 27 440 1 15 81 50 58 24 6 73 73 101 42 56 420 1 14 76 46 54 22 5 68 68 94 39 52 84 377 1 27 152 92 107 44 577 1 62 937 1 5 29 18 21 9 2 26 26 36 15 20 32 2 3 21 26 1 15 3 16 27 23 36 33 21 4 25 16 27 35 29 10 2 28 357
80 38
61 50
43 44
67 73
79 49
82 90
2 89
94 97
97 53
42 58
73 36
68 24
65 17
28 12
13 32
87 52
41 21
14 53
56 47
81 21
83 84
11 25
77 35
9 12
44 98
12 52
66 23
37 53
15 87
30 49
30 75
12 89
41 30
31 87
43 38
15 98
71 5
62 46
73 45
67 71
72 26
87 60
61 46
11 21
40 80
54 22
11 86
64 25
70 91
78 17
40 77
0 20
84 94
13 57
77 49
68 13
37 98
24 53
66 51
66 95
18 94
47 86
67 75
10 48
43 90
55 78
61 81
82 92
4 16
7 88
45 20
61 20
42 81
94 95
89 23
55 81
15 48
14 5
32 39
80 95
11 26
70 88
48 26
27 78
11 76
12 77
76 38
41 45
14 15
61 71
79 86
82 17
29 58
73 60
4 59
62 87
64 37
7 37
3 73
18 19
43 83
75 77
71 35
70 23
64 62
11 15
62 71
29 25
30 51
9 78
31 97
75 89
44 50
31 49
68 44
15 26
8 46
12 59
38 99
73 47
33 98
55 49
61 75
58 95
77 16
61 3
56 51
67 95
69 85
44 82
16 39
9 99
23 25
78 37
12 50
32 50
45 93
35 95
62 90
9 86
27 6
68 79
41 50
27 73
89 39
73 82
76 25
29 98
15 89
31 46
