100 150 5
1 999 1 27 152 92 107 44 577 1 6 35 21 24 10 3 31 31 43 18 24 38 2 3 24 31 1 18 4 19 31 27 42 39 24 5 30 19 32 364 1 10 56 34 39 16 4 50 50 69 28 38 61 3 4 39 49 1 448 1 5 26 16 19 8 2 24 24 32 14 18 29 2 2 19 23 1 14 3 15 24 21 32 29 18 4 23 15 24 31 26 9 2 26 12 22 26 34 13 312
65 6
20 85
9 17
10 46
43 96
14 87
2 85
89 34
60 7
43 76
10 78
59 69
32 96
19 77
40 86
41 79
13 68
41 96
79 37
28 37
81 83
7 88
72 89
22 35
18 77
48 51
34 97
65 76
71 39
26 85
41 98
69 88
66 18
72 74
80 56
61 39
17 8
6 34
74 7
47 56
62 38
63 49
43 44
51 87
74 82
3 91
42 81
35 39
60 47
70 90
43 58
21 26
65 58
68 54
18 94
46 51
22 87
82 30
3 66
45 75
5 56
23 58
14 96
18 99
69 79
44 37
71 88
55 93
42 57
69 55
69 32
50 94
27 34
76 58
75 39
44 29
76 28
11 95
60 56
65 51
86 88
75 78
54 96
73 57
51 86
64 91
40 80
86 90
65 35
67 26
64 55
21 80
80 28
9 79
48 57
41 57
26 83
85 86
49 35
19 87
21 28
16 19
19 86
21 37
73 51
73 33
49 36
78 79
31 38
22 92
43 85
89 90
45 22
12 51
47 29
64 31
45 31
13 67
18 58
61 92
80 57
17 56
17 97
12 65
47 91
3 78
45 99
38 99
12 66
9 93
74 57
11 5
0 34
55 90
78 25
52 97
45 70
47 98
66 79
71 51
33 39
85 36
46 52
16 8
85 87
70 7
74 33
23 7
13 70
66 37
