100 150 3
1 999 1 19 106 65 75 31 7 96 96 504 1 2 12 7 8 4 1 11 11 15 6 8 13 1 1 8 11 1 6 2 7 11 9 14 13 8 2 10 7 11 14 12 4 1 12 5 10 12 15 6 4 15 11 12 10 2 10 14 5 7 12 8 4 5 6 3 8 14 14 1 14 8 8 5 15 8 4 2 15 2 8 6 5 14 8 7 15 1 12 12 13 2 1 11 14 10 12 291
33 55
80 83
0 46
26 72
38 84
57 61
62 76
73 83
83 92
15 6
63 95
44 69
66 11
24 31
46 62
37 56
59 71
21 83
16 97
68 71
22 82
0 84
0 67
4 76
51 52
27 48
12 6
51 86
37 68
53 62
41 8
10 97
60 64
47 52
42 89
31 65
25 61
55 76
57 94
31 78
22 50
5 84
66 69
3 29
42 51
4 68
22 9
20 30
2 47
52 71
97 98
5 94
26 66
24 9
59 61
87 96
35 42
56 63
52 93
0 70
25 66
17 35
19 63
73 74
21 77
52 94
55 89
29 54
65 96
90 91
47 80
14 37
21 45
14 50
2 7
30 37
40 79
42 47
26 50
20 23
22 59
21 25
32 9
44 61
5 75
63 71
59 83
5 58
10 84
2 66
22 25
80 84
16 26
29 98
84 85
12 41
58 62
5 87
40 50
68 73
33 41
14 78
19 90
59 97
24 76
10 81
46 82
25 65
95 96
40 55
31 41
25 64
3 60
29 56
56 69
23 33
15 43
24 64
84 88
28 30
47 93
58 96
21 11
29 41
32 68
20 66
32 44
66 76
67 69
28 48
54 83
28 11
41 88
54 67
22 83
15 17
5 61
39 7
0 78
51 97
26 10
47 58
35 55
23 81
52 59
39 92
25 98
53 57
25 96
46 69
