50 130 5
5 14 9 1 16 7 18 3 10 18 1 8 1 9 9 16 15 6 4 5 7 4 2 6 9 2 10 4 3 4 7 6 15 17 6 16 5 6 3 17 2 7 11 6 8 9 19 2 4 9
2 5
4 5
4 6
5 8
5 9
8 9
8 10
9 10
10 11
4 12
5 12
7 12
10 13
8 14
10 14
12 14
0 15
6 15
5 16
8 16
15 16
7 17
8 17
13 17
0 18
2 18
14 18
0 19
2 19
10 19
17 19
4 20
9 20
13 20
6 21
9 21
16 21
0 22
10 22
15 22
18 22
5 23
6 23
13 23
3 24
6 24
7 24
11 24
12 24
21 24
1 25
13 25
16 25
17 25
6 26
13 26
15 26
21 26
3 27
15 27
3 28
9 28
21 28
1 30
5 30
9 30
14 30
22 30
6 31
14 32
16 32
28 32
5 33
20 33
24 33
26 33
27 33
10 34
19 34
20 34
8 35
10 35
16 35
17 35
30 35
7 36
10 36
3 37
7 37
16 37
22 37
27 37
15 38
19 38
31 38
4 39
28 39
8 40
17 40
22 40
24 40
32 40
2 41
11 41
24 41
38 41
7 42
24 42
29 42
3 43
12 43
23 44
31 44
33 44
34 44
37 44
43 44
11 45
31 45
7 46
24 46
34 46
15 47
28 47
20 48
40 48
44 48
0 49
16 49
48 49
