50 95 5
11 4 6 19 7 3 13 1 3 11 10 7 8 1 9 5 8 8 7 7 8 3 6 5 14 11 13 7 5 15 9 1 13 11 5 20 2 16 10 2 5 5 6 17 8 5 3 9 8 7
1 8
3 10
2 11
6 14
0 15
5 15
7 15
6 16
3 17
7 18
9 18
11 18
13 19
15 19
2 20
5 20
13 20
9 21
11 21
4 22
6 22
6 23
12 23
7 24
14 25
14 26
1 27
8 27
12 28
16 28
2 30
11 30
13 30
18 30
24 30
3 31
7 31
15 31
18 31
24 31
12 32
23 32
0 33
5 33
12 33
4 34
8 35
11 35
17 35
19 35
0 36
27 36
29 36
2 37
12 37
14 37
24 37
13 38
18 38
16 39
5 40
6 40
38 40
4 41
7 41
11 41
16 41
22 41
24 41
27 41
31 41
7 42
24 42
32 42
5 43
25 43
19 44
36 44
38 44
15 45
7 46
10 46
15 47
21 47
38 47
2 48
3 48
7 48
24 48
31 48
32 48
34 48
36 48
3 49
18 49
