50 138 5
6 6 6 8 5 11 6 4 10 6 10 11 12 4 6 7 12 13 7 12 10 5 7 5 12 10 15 5 7 9 6 4 3 6 5 7 4 13 4 12 7 6 10 6 12 5 9 9 7 5
1 2
2 5
3 9
5 11
6 11
5 13
12 14
13 14
0 15
11 16
14 16
7 17
11 17
15 17
9 18
11 18
4 19
11 19
14 19
11 20
13 20
16 20
4 21
6 21
14 21
2 22
5 22
8 22
12 22
10 23
12 23
13 23
14 23
19 23
8 24
9 24
11 24
12 24
21 24
22 25
0 26
17 26
0 27
2 28
3 28
15 28
20 28
22 28
3 29
8 29
16 29
20 29
28 29
1 30
21 30
1 31
6 31
7 31
21 31
29 31
0 32
4 32
11 32
9 33
19 33
22 34
25 34
33 34
5 35
6 35
30 35
31 35
9 36
26 36
33 36
0 37
4 37
13 37
14 37
25 37
28 37
30 37
31 37
2 38
12 38
22 38
24 38
31 38
32 38
33 38
12 39
28 39
31 40
0 41
20 41
35 41
36 41
39 41
5 42
17 42
4 43
34 43
19 44
28 44
1 45
10 45
16 45
19 45
26 45
31 45
32 45
40 45
41 45
10 46
11 46
25 46
35 46
39 46
43 46
0 47
5 47
13 47
24 47
30 47
37 47
11 48
18 48
22 48
24 48
25 48
27 48
32 48
0 49
13 49
22 49
25 49
41 49
48 49
