50 77 5
8 11 3 11 31 7 19 5 8 10 2 2 30 12 11 5 20 9 5 9 8 25 4 6 34 8 13 1 2 14 7 5 3 3 2 3 8 2 2 7 9 5 1 3 2 3 1 5 8 2
2 10
8 10
3 11
9 15
6 16
2 17
14 18
15 19
13 20
17 20
8 21
14 21
8 22
15 23
8 24
13 24
3 25
7 27
6 28
7 28
27 28
9 29
13 29
16 29
24 29
2 30
4 30
11 30
15 30
19 30
7 31
9 31
18 31
12 32
25 32
3 34
19 34
26 34
27 34
12 35
14 35
15 35
16 35
18 35
19 35
21 35
7 36
14 36
27 36
30 36
4 37
10 37
16 37
30 37
18 38
19 38
23 38
26 39
5 40
7 40
8 40
9 40
13 40
20 40
5 41
1 42
12 43
26 43
4 44
9 45
28 45
3 46
12 47
25 47
13 48
9 49
31 49
