50 74 5
11 15 10 12 5 6 10 10 4 7 7 8 6 6 9 5 10 8 6 12 12 7 8 10 5 7 6 6 9 10 6 7 14 6 15 12 13 9 5 12 5 6 7 6 10 7 10 4 13 12
3 7
5 7
4 10
5 11
3 13
4 13
0 15
3 16
3 17
0 18
3 18
0 19
1 20
0 22
3 22
7 22
6 23
1 24
17 25
3 26
16 26
4 27
4 29
11 29
20 29
2 30
20 33
14 34
17 34
28 35
16 36
19 36
20 36
23 37
19 38
31 38
32 38
34 38
0 39
19 39
33 39
0 40
12 40
22 40
27 40
21 41
7 42
31 42
11 43
20 43
24 44
32 44
1 45
11 45
15 45
20 45
25 45
12 46
21 46
2 47
8 47
30 47
3 48
9 48
19 48
21 48
10 49
19 49
26 49
29 49
30 49
34 49
40 49
43 49
