50 176 5
5 1 3 5 11 16 1 11 15 6 12 16 4 13 5 7 2 1 40 6 7 3 3 1 6 1 11 3 4 8 15 2 3 14 15 2 3 3 5 5 1 9 15 4 3 4 6 15 23 15
3 8
4 8
0 9
2 9
4 9
0 10
1 10
6 10
4 11
7 11
0 12
7 12
1 13
4 13
7 13
5 14
6 14
7 14
0 16
5 16
3 17
7 17
2 18
5 18
0 19
5 19
3 20
9 20
13 20
14 20
6 21
0 22
3 22
6 22
1 23
6 23
0 24
7 24
8 24
12 24
12 25
8 26
10 26
17 26
3 27
5 27
15 27
2 28
12 29
12 30
24 30
1 31
6 31
8 31
10 31
15 31
16 31
19 31
21 31
27 31
3 32
7 32
9 32
11 32
12 32
18 32
21 32
26 32
27 32
0 33
7 33
14 33
19 33
28 33
2 34
13 34
20 34
24 34
26 34
27 34
29 34
0 35
2 35
3 35
4 35
5 35
11 35
20 35
26 35
27 35
3 36
14 36
24 36
28 36
2 37
13 37
14 37
19 37
29 37
9 38
11 38
15 38
16 38
3 39
14 39
15 39
24 39
28 39
2 40
10 40
21 40
22 40
25 40
33 40
35 40
4 41
9 41
10 41
14 41
15 41
22 41
27 41
30 41
31 41
32 41
38 41
1 42
10 42
12 42
19 42
29 42
32 42
33 42
34 42
7 43
8 43
9 43
10 43
13 43
22 43
31 43
0 44
2 44
18 44
22 44
31 44
32 44
33 44
37 44
1 45
6 45
15 45
23 45
26 45
28 45
2 46
14 46
26 46
27 46
33 46
38 46
5 47
37 47
8 48
9 48
11 48
12 48
15 48
21 48
35 48
36 48
8 49
14 49
19 49
20 49
26 49
