50 146 5
11 12 1 4 1 9 4 10 35 4 9 6 4 12 10 47 17 2 4 20 4 16 2 30 28 2 9 7 6 1 2 5 1 25 23 11 14 1 19 6 5 10 2 1 12 2 12 1 4 8
0 2
2 4
3 4
4 5
2 6
4 6
4 7
6 8
4 9
3 10
7 11
8 11
10 13
0 14
5 14
6 14
2 15
7 15
5 16
11 16
9 18
11 18
12 18
14 18
2 19
15 19
17 19
3 20
17 20
5 21
8 21
12 21
9 22
8 23
11 23
2 24
3 24
21 24
6 25
7 25
12 25
18 25
1 26
2 26
5 26
8 26
14 26
3 27
4 27
8 27
11 27
20 27
24 27
26 27
11 28
27 28
6 29
22 29
26 29
9 30
12 30
12 31
17 31
24 32
30 32
0 33
3 33
14 33
22 33
26 33
1 34
5 34
10 34
18 34
24 34
27 34
29 34
32 34
14 35
28 35
34 35
25 36
29 36
30 36
12 37
13 37
18 37
21 37
22 37
28 37
35 37
11 38
21 38
30 38
31 38
0 39
1 39
12 39
22 39
32 39
0 40
22 40
23 40
26 40
29 40
30 40
20 41
23 41
27 41
32 41
33 41
7 42
15 42
23 42
25 42
4 43
15 43
34 43
36 43
7 44
9 44
14 44
18 45
19 45
26 45
41 45
10 46
23 46
24 46
43 46
3 47
23 47
31 47
1 48
28 48
30 48
39 48
47 48
1 49
2 49
4 49
16 49
30 49
39 49
47 49
48 49
