50 223 5
6 18 13 16 2 9 5 27 12 9 24 5 12 6 17 13 7 2 1 1 33 5 13 5 19 16 4 6 15 2 4 3 11 8 7 6 7 14 1 8 18 23 14 10 18 1 5 7 12 18
0 3
2 3
2 4
0 7
7 8
8 9
0 10
2 10
3 10
4 10
8 10
0 11
5 11
6 12
9 12
11 12
3 13
5 13
1 14
3 14
6 14
7 14
10 14
11 14
13 14
2 15
14 15
7 16
11 16
2 17
7 17
6 18
10 18
0 19
13 19
6 20
12 20
13 20
14 20
19 20
3 21
5 21
10 21
16 21
17 21
3 22
12 22
13 22
14 22
15 22
21 22
4 24
10 24
17 24
19 24
21 24
11 25
15 25
21 25
22 25
10 26
24 26
25 26
14 27
17 27
22 27
25 27
26 27
3 28
13 28
14 28
22 28
6 29
7 29
15 29
17 29
28 29
2 30
7 30
17 30
24 30
26 30
7 31
11 31
23 31
25 31
2 32
3 32
4 32
10 32
24 32
26 32
1 33
2 33
6 33
13 33
21 33
23 33
28 33
3 34
4 34
6 34
8 34
9 34
28 34
29 34
30 34
1 35
17 35
26 35
27 35
5 36
9 36
12 36
30 36
34 36
5 37
17 37
19 37
27 37
1 38
2 38
4 38
5 38
18 38
29 38
31 38
34 38
1 39
2 39
8 39
10 39
19 39
21 39
32 39
35 39
36 39
7 40
10 40
18 40
20 40
23 40
25 40
39 40
0 41
1 41
15 41
16 41
24 41
37 41
5 42
6 42
23 42
24 42
25 42
29 42
32 42
36 42
40 42
41 42
0 43
2 43
7 43
11 43
21 43
30 43
1 44
10 44
25 44
27 44
31 44
42 44
1 45
3 45
18 45
20 45
21 45
23 45
28 45
36 45
42 45
4 46
13 46
14 46
23 46
25 46
27 46
30 46
39 46
42 46
1 47
2 47
5 47
6 47
9 47
12 47
14 47
23 47
24 47
25 47
41 47
42 47
45 47
46 47
14 48
22 48
26 48
28 48
33 48
34 48
44 48
46 48
47 48
6 49
7 49
12 49
18 49
22 49
32 49
39 49
42 49
44 49
47 49
