50 164 5
5 23 8 8 4 1 21 9 9 3 9 17 21 17 25 1 4 11 5 11 16 11 7 2 4 2 2 6 27 11 25 13 6 5 4 19 17 9 11 1 8 8 8 6 6 8 12 3 5 7
2 5
3 5
5 7
0 8
1 8
2 8
3 8
3 9
4 11
9 11
3 12
5 12
9 12
10 12
11 12
1 13
2 13
8 13
9 13
7 15
14 15
4 16
11 17
13 17
16 17
13 18
15 18
4 19
7 19
14 19
1 20
9 20
5 21
17 22
22 23
0 24
2 24
8 24
13 24
21 24
0 25
4 25
7 25
12 25
24 25
15 26
1 27
4 27
20 27
26 27
0 28
5 28
10 28
16 28
20 28
27 28
13 29
16 29
26 29
8 30
25 30
26 30
2 31
3 31
8 31
10 31
11 31
14 31
16 31
23 31
0 32
7 32
13 32
27 32
30 32
12 33
22 33
23 33
29 33
2 34
4 34
6 34
9 34
10 34
14 34
17 34
27 34
29 34
31 34
1 35
7 35
18 35
30 35
31 35
0 36
2 36
30 36
34 36
5 37
11 37
16 37
23 37
35 37
0 38
23 38
31 38
37 38
12 39
15 39
18 39
24 39
32 39
35 39
11 40
30 40
31 40
3 41
13 41
16 41
21 41
0 42
2 42
3 42
14 42
18 42
23 42
34 42
1 43
30 43
36 43
38 43
1 44
9 44
24 44
37 44
4 45
10 45
19 45
41 45
42 45
1 46
11 46
26 46
28 46
32 46
33 46
34 46
43 46
30 47
1 48
11 48
31 48
32 48
36 48
47 48
8 49
13 49
16 49
18 49
20 49
25 49
27 49
34 49
42 49
