50 168 5
11 9 10 6 9 9 11 4 14 2 10 14 12 13 8 8 13 15 9 9 14 9 8 10 5 12 8 9 16 9 9 14 13 11 10 14 9 9 10 11 12 13 12 11 7 3 15 9 10 13
3 5
5 7
1 8
1 9
6 11
10 11
2 12
6 12
8 12
0 13
2 14
1 15
1 17
5 17
10 17
13 17
16 17
3 18
11 19
16 19
18 19
6 20
5 21
15 21
19 21
20 21
1 22
2 22
3 22
10 22
15 22
20 22
9 23
13 23
19 23
0 24
6 24
14 24
20 24
21 24
11 25
13 25
7 26
11 26
19 26
25 26
0 27
6 27
9 27
23 27
26 27
0 28
18 28
20 28
24 28
25 28
2 29
13 29
15 29
22 29
23 29
2 30
10 30
18 30
2 31
4 31
9 31
11 31
13 31
14 32
23 32
2 33
10 33
16 33
19 33
25 33
31 33
20 34
24 34
25 34
30 34
33 34
4 35
13 35
16 35
23 35
31 35
10 36
18 36
33 36
2 37
4 37
8 37
9 37
21 37
25 37
28 37
34 37
2 38
10 38
17 38
18 38
25 38
31 38
37 38
0 39
16 39
21 39
23 39
2 40
3 40
8 40
14 40
19 40
31 40
33 40
3 41
5 41
11 41
31 41
36 41
2 42
27 42
37 42
40 42
18 43
19 43
34 43
8 44
11 44
13 44
18 44
30 44
40 44
10 45
11 45
18 45
21 45
33 45
43 45
44 45
0 46
5 46
11 46
16 46
20 46
26 46
5 47
17 47
40 47
45 47
2 48
4 48
6 48
9 48
18 48
24 48
26 48
30 48
32 48
47 48
6 49
15 49
30 49
35 49
36 49
42 49
48 49
