50 110 5
8 4 4 4 9 6 3 3 10 6 2 1 10 1 10 10 7 7 7 8 1 2 1 10 8 3 7 8 2 6 5 4 9 8 10 9 3 4 8 8 6 6 6 9 3 3 8 1 10 4
2 13
9 13
10 13
8 14
12 14
0 15
0 17
9 17
2 18
3 18
12 19
12 20
8 21
4 22
3 23
5 24
0 25
11 25
17 25
2 26
12 27
16 27
21 27
1 28
2 28
12 28
16 28
2 29
9 29
16 29
0 30
12 30
0 31
9 31
17 31
7 32
15 32
22 32
24 32
28 32
3 33
5 33
18 33
21 33
23 33
0 34
4 34
18 34
24 34
0 35
20 35
29 35
17 36
30 36
3 37
15 37
18 37
27 37
1 38
11 38
18 38
21 38
25 38
26 38
6 39
0 40
1 40
12 40
17 40
20 40
24 40
27 40
15 41
21 41
14 42
18 42
29 42
2 43
13 43
18 43
19 43
24 43
34 43
37 43
5 44
7 44
13 44
19 44
23 44
0 45
21 45
33 45
40 45
10 46
17 46
31 46
33 46
2 47
5 47
9 47
10 47
15 47
40 47
27 48
36 48
10 49
17 49
19 49
36 49
37 49
