50 140 5
9 20 6 3 17 7 1 18 14 5 2 5 15 1 9 13 9 1 8 3 2 4 11 6 12 4 16 8 8 4 19 4 17 4 2 7 18 3 3 3 17 14 1 17 2 13 12 20 14 1
2 7
5 7
4 8
6 8
7 11
2 12
1 13
0 15
9 15
14 15
0 16
3 16
7 16
15 16
13 17
14 17
15 17
2 18
4 18
7 18
5 19
6 19
8 19
9 19
5 21
18 21
3 22
5 22
9 22
12 22
10 23
18 23
5 24
8 24
11 24
15 24
21 24
3 25
6 25
6 26
1 27
10 27
15 27
26 27
1 28
15 28
26 28
3 29
6 29
27 29
14 30
18 30
24 31
27 31
8 32
9 32
28 32
12 33
14 33
18 33
0 34
18 34
20 34
23 34
24 34
26 34
33 35
4 36
10 36
12 36
15 36
17 36
18 36
27 36
35 36
6 37
11 37
24 37
26 37
27 37
18 38
23 38
31 38
0 39
22 39
29 39
9 40
18 40
19 40
30 40
14 41
17 41
31 41
37 41
40 41
3 42
14 42
17 42
35 42
3 43
13 43
22 43
29 43
31 43
39 43
0 44
5 44
13 44
32 44
38 44
41 44
1 45
39 45
14 46
31 46
36 46
40 46
45 46
9 47
12 47
26 47
33 47
46 47
0 48
1 48
13 48
18 48
27 48
46 48
7 49
9 49
13 49
14 49
20 49
23 49
27 49
30 49
32 49
46 49
48 49
