50 258 5
7 16 15 3 14 1 1 14 3 17 19 11 7 19 20 4 9 4 17 2 5 20 16 11 12 14 19 7 7 10 11 4 18 1 12 16 10 3 3 14 5 11 14 18 9 7 6 6 9 10
1 3
1 5
4 5
1 8
4 9
8 9
8 11
10 11
1 12
5 12
8 12
3 13
9 13
10 13
4 14
6 14
9 14
10 14
11 14
3 15
14 15
3 16
6 16
13 16
0 17
2 17
2 18
11 18
3 19
5 19
7 19
0 20
1 20
3 20
5 20
6 20
1 21
5 21
6 21
11 21
14 21
20 21
0 22
1 22
5 22
6 22
9 22
11 22
12 22
15 22
17 22
7 23
8 23
9 23
10 23
16 23
17 23
18 23
19 23
21 23
11 24
19 24
7 25
17 25
23 25
24 25
0 26
3 26
8 26
17 26
22 26
6 27
13 27
1 28
7 28
9 28
11 28
15 28
19 28
2 29
3 29
10 29
12 29
14 29
23 29
0 30
5 30
8 30
17 30
21 30
12 31
16 31
23 31
24 31
2 32
10 32
12 32
16 32
20 32
30 32
0 33
5 33
11 33
14 33
20 33
23 33
28 33
32 33
1 34
2 34
5 34
6 34
8 34
11 34
12 34
21 34
25 34
32 34
13 35
14 35
16 35
18 35
24 35
25 35
26 35
27 35
30 35
32 35
1 36
13 36
14 36
21 36
31 36
33 36
2 37
10 37
16 37
18 37
21 37
22 37
26 37
27 37
3 38
6 38
19 38
21 38
22 38
23 38
31 38
33 38
35 38
37 38
0 39
1 39
2 39
4 39
14 39
17 39
25 39
29 39
31 39
33 39
38 39
0 40
5 40
7 40
9 40
11 40
12 40
15 40
17 40
18 40
28 40
31 40
0 41
10 41
31 41
34 41
37 41
39 41
40 41
0 42
4 42
8 42
13 42
14 42
17 42
20 42
30 42
35 42
37 42
40 42
1 43
2 43
6 43
17 43
26 43
31 43
42 43
0 44
3 44
10 44
18 44
24 44
28 44
29 44
33 44
35 44
36 44
41 44
2 45
3 45
4 45
5 45
6 45
10 45
16 45
18 45
20 45
26 45
28 45
38 45
11 46
13 46
15 46
17 46
22 46
29 46
33 46
34 46
38 46
3 47
5 47
11 47
13 47
14 47
20 47
25 47
38 47
39 47
43 47
44 47
46 47
3 48
20 48
32 48
36 48
43 48
45 48
46 48
0 49
19 49
20 49
22 49
31 49
36 49
42 49
48 49
