50 384 5
3 3 7 1 5 3 4 2 4 1 1 11 2 1 2 14 1 3 2 7 2 13 4 6 8 3 5 6 2 1 2 1 4 3 9 3 5 3 6 1 15 3 8 4 2 1 7 9 6 4
0 2
1 2
1 3
1 4
3 5
1 7
5 7
6 7
7 8
3 9
7 9
8 9
3 10
7 10
8 10
10 11
1 12
3 12
5 12
7 12
0 13
8 13
11 13
3 14
5 14
7 14
8 14
10 14
0 15
10 15
12 15
2 16
3 16
4 16
5 16
9 16
10 16
12 16
13 16
2 17
4 17
13 17
16 17
0 18
2 18
4 18
5 18
7 18
15 18
17 18
2 19
8 19
9 19
10 19
16 19
0 20
4 20
8 20
14 20
17 20
3 21
4 21
5 21
7 21
9 21
12 21
15 21
16 21
17 21
18 21
20 21
0 22
2 22
3 22
4 22
13 22
14 22
15 22
20 22
1 23
4 23
11 23
18 23
20 23
3 24
14 24
16 24
20 24
23 24
3 25
7 25
15 25
17 25
23 25
24 25
0 26
2 26
3 26
4 26
14 26
17 26
18 26
20 26
21 26
22 26
23 26
24 26
3 27
5 27
14 27
15 27
19 27
24 27
25 27
26 27
5 28
7 28
11 28
12 28
19 28
4 29
5 29
6 29
7 29
10 29
16 29
18 29
23 29
26 29
2 30
11 30
13 30
14 30
15 30
16 30
19 30
20 30
21 30
22 30
27 30
5 31
6 31
9 31
14 31
20 31
23 31
25 31
28 31
1 32
2 32
3 32
4 32
6 32
9 32
12 32
13 32
15 32
16 32
17 32
25 32
26 32
30 32
8 33
14 33
17 33
19 33
21 33
25 33
26 33
28 33
32 33
3 34
11 34
18 34
19 34
21 34
26 34
27 34
29 34
30 34
0 35
3 35
5 35
10 35
11 35
15 35
22 35
23 35
24 35
26 35
29 35
3 36
7 36
13 36
21 36
22 36
23 36
24 36
27 36
28 36
3 37
5 37
6 37
7 37
11 37
14 37
22 37
23 37
26 37
30 37
0 38
2 38
4 38
5 38
6 38
9 38
10 38
11 38
14 38
17 38
21 38
22 38
23 38
26 38
27 38
31 38
35 38
36 38
0 39
8 39
14 39
16 39
20 39
22 39
31 39
3 40
6 40
10 40
22 40
26 40
27 40
30 40
31 40
33 40
39 40
2 41
6 41
11 41
13 41
15 41
21 41
23 41
31 41
32 41
34 41
35 41
36 41
38 41
0 42
6 42
7 42
12 42
16 42
17 42
19 42
21 42
23 42
25 42
26 42
27 42
31 42
32 42
36 42
37 42
38 42
0 43
5 43
6 43
12 43
13 43
14 43
15 43
17 43
19 43
20 43
24 43
26 43
29 43
30 43
32 43
40 43
4 44
5 44
6 44
7 44
10 44
14 44
16 44
19 44
20 44
24 44
25 44
26 44
31 44
33 44
35 44
36 44
40 44
43 44
0 45
8 45
9 45
13 45
14 45
16 45
21 45
24 45
28 45
29 45
30 45
31 45
34 45
38 45
44 45
2 46
5 46
7 46
10 46
15 46
17 46
22 46
23 46
28 46
29 46
36 46
41 46
42 46
44 46
6 47
7 47
8 47
11 47
12 47
14 47
23 47
24 47
26 47
30 47
33 47
34 47
36 47
39 47
41 47
43 47
45 47
0 48
2 48
4 48
5 48
6 48
11 48
17 48
23 48
24 48
28 48
35 48
39 48
40 48
41 48
45 48
47 48
1 49
4 49
11 49
12 49
18 49
22 49
23 49
30 49
36 49
38 49
39 49
46 49
47 49
